save_name,location,int_decode,intervention_combo,year,type,value
NbyGQVwzFc_loc12_loop6,12,ITN 0%/IRS 0%/Larvicide 0%,0;0.4;0.4_0;0;0_0;0;0_-100;2;5475_-100;2;5475_-100;2;5475,9,Incidence,7.28026205079976e-09
NbyGQVwzFc_loc12_loop6,12,ITN 0%/IRS 0%/Larvicide 0%,0;0.4;0.4_0;0;0_0;0;0_-100;2;5475_-100;2;5475_-100;2;5475,9.0027397260274,Incidence,7.26973491955818e-09
NbyGQVwzFc_loc12_loop6,12,ITN 0%/IRS 0%/Larvicide 0%,0;0.4;0.4_0;0;0_0;0;0_-100;2;5475_-100;2;5475_-100;2;5475,9.0054794520548,Incidence,7.25922613043391e-09
NbyGQVwzFc_loc12_loop6,12,ITN 0%/IRS 0%/Larvicide 0%,0;0.4;0.4_0;0;0_0;0;0_-100;2;5475_-100;2;5475_-100;2;5475,9.00821917808219,Incidence,7.24873564710925e-09
NbyGQVwzFc_loc12_loop6,12,ITN 0%/IRS 0%/Larvicide 0%,0;0.4;0.4_0;0;0_0;0;0_-100;2;5475_-100;2;5475_-100;2;5475,9.01095890410959,Incidence,7.23826343334422e-09
NbyGQVwzFc_loc12_loop6,12,ITN 0%/IRS 0%/Larvicide 0%,0;0.4;0.4_0;0;0_0;0;0_-100;2;5475_-100;2;5475_-100;2;5475,9.01369863013699,Incidence,7.22780945297639e-09
NbyGQVwzFc_loc12_loop6,12,ITN 0%/IRS 0%/Larvicide 0%,0;0.4;0.4_0;0;0_0;0;0_-100;2;5475_-100;2;5475_-100;2;5475,9.01643835616438,Incidence,7.21737366992084e-09
NbyGQVwzFc_loc12_loop6,12,ITN 0%/IRS 0%/Larvicide 0%,0;0.4;0.4_0;0;0_0;0;0_-100;2;5475_-100;2;5475_-100;2;5475,9.01917808219178,Incidence,7.20695604816978e-09
NbyGQVwzFc_loc12_loop6,12,ITN 0%/IRS 0%/Larvicide 0%,0;0.4;0.4_0;0;0_0;0;0_-100;2;5475_-100;2;5475_-100;2;5475,9.02191780821918,Incidence,7.19655655179264e-09
NbyGQVwzFc_loc12_loop6,12,ITN 0%/IRS 0%/Larvicide 0%,0;0.4;0.4_0;0;0_0;0;0_-100;2;5475_-100;2;5475_-100;2;5475,9.02465753424658,Incidence,7.18617514493569e-09
NbyGQVwzFc_loc12_loop6,12,ITN 0%/IRS 0%/Larvicide 0%,0;0.4;0.4_0;0;0_0;0;0_-100;2;5475_-100;2;5475_-100;2;5475,9.02739726027397,Incidence,7.17581179182205e-09
NbyGQVwzFc_loc12_loop6,12,ITN 0%/IRS 0%/Larvicide 0%,0;0.4;0.4_0;0;0_0;0;0_-100;2;5475_-100;2;5475_-100;2;5475,9.03013698630137,Incidence,7.16546645675138e-09
NbyGQVwzFc_loc12_loop6,12,ITN 0%/IRS 0%/Larvicide 0%,0;0.4;0.4_0;0;0_0;0;0_-100;2;5475_-100;2;5475_-100;2;5475,9.03287671232877,Incidence,7.15513910409986e-09
NbyGQVwzFc_loc12_loop6,12,ITN 0%/IRS 0%/Larvicide 0%,0;0.4;0.4_0;0;0_0;0;0_-100;2;5475_-100;2;5475_-100;2;5475,9.03561643835616,Incidence,7.1448296983199e-09
NbyGQVwzFc_loc12_loop6,12,ITN 0%/IRS 0%/Larvicide 0%,0;0.4;0.4_0;0;0_0;0;0_-100;2;5475_-100;2;5475_-100;2;5475,9.03835616438356,Incidence,6.14769811311444e-09
NbyGQVwzFc_loc12_loop6,12,ITN 0%/IRS 0%/Larvicide 0%,0;0.4;0.4_0;0;0_0;0;0_-100;2;5475_-100;2;5475_-100;2;5475,9.04109589041096,Incidence,6.12141939511701e-09
NbyGQVwzFc_loc12_loop6,12,ITN 0%/IRS 0%/Larvicide 0%,0;0.4;0.4_0;0;0_0;0;0_-100;2;5475_-100;2;5475_-100;2;5475,9.04383561643836,Incidence,6.09678927111524e-09
NbyGQVwzFc_loc12_loop6,12,ITN 0%/IRS 0%/Larvicide 0%,0;0.4;0.4_0;0;0_0;0;0_-100;2;5475_-100;2;5475_-100;2;5475,9.04657534246575,Incidence,6.07369658641495e-09
NbyGQVwzFc_loc12_loop6,12,ITN 0%/IRS 0%/Larvicide 0%,0;0.4;0.4_0;0;0_0;0;0_-100;2;5475_-100;2;5475_-100;2;5475,9.04931506849315,Incidence,6.05200446740758e-09
NbyGQVwzFc_loc12_loop6,12,ITN 0%/IRS 0%/Larvicide 0%,0;0.4;0.4_0;0;0_0;0;0_-100;2;5475_-100;2;5475_-100;2;5475,9.05205479452055,Incidence,6.03158831328945e-09
NbyGQVwzFc_loc12_loop6,12,ITN 0%/IRS 0%/Larvicide 0%,0;0.4;0.4_0;0;0_0;0;0_-100;2;5475_-100;2;5475_-100;2;5475,9.05479452054795,Incidence,6.01233470346208e-09
NbyGQVwzFc_loc12_loop6,12,ITN 0%/IRS 0%/Larvicide 0%,0;0.4;0.4_0;0;0_0;0;0_-100;2;5475_-100;2;5475_-100;2;5475,9.05753424657534,Incidence,5.99414039078813e-09
NbyGQVwzFc_loc12_loop6,12,ITN 0%/IRS 0%/Larvicide 0%,0;0.4;0.4_0;0;0_0;0;0_-100;2;5475_-100;2;5475_-100;2;5475,9.06027397260274,Incidence,5.97850052175067e-09
NbyGQVwzFc_loc12_loop6,12,ITN 0%/IRS 0%/Larvicide 0%,0;0.4;0.4_0;0;0_0;0;0_-100;2;5475_-100;2;5475_-100;2;5475,9.06301369863014,Incidence,5.94885848446967e-09
NbyGQVwzFc_loc12_loop6,12,ITN 0%/IRS 0%/Larvicide 0%,0;0.4;0.4_0;0;0_0;0;0_-100;2;5475_-100;2;5475_-100;2;5475,9.06575342465753,Incidence,5.91934053312302e-09
NbyGQVwzFc_loc12_loop6,12,ITN 0%/IRS 0%/Larvicide 0%,0;0.4;0.4_0;0;0_0;0;0_-100;2;5475_-100;2;5475_-100;2;5475,9.06849315068493,Incidence,5.89052801269402e-09
NbyGQVwzFc_loc12_loop6,12,ITN 0%/IRS 0%/Larvicide 0%,0;0.4;0.4_0;0;0_0;0;0_-100;2;5475_-100;2;5475_-100;2;5475,9.07123287671233,Incidence,5.86247621262243e-09
NbyGQVwzFc_loc12_loop6,12,ITN 0%/IRS 0%/Larvicide 0%,0;0.4;0.4_0;0;0_0;0;0_-100;2;5475_-100;2;5475_-100;2;5475,9.07397260273973,Incidence,5.83522448287e-09
NbyGQVwzFc_loc12_loop6,12,ITN 0%/IRS 0%/Larvicide 0%,0;0.4;0.4_0;0;0_0;0;0_-100;2;5475_-100;2;5475_-100;2;5475,9.07671232876712,Incidence,5.80879904898661e-09
NbyGQVwzFc_loc12_loop6,12,ITN 0%/IRS 0%/Larvicide 0%,0;0.4;0.4_0;0;0_0;0;0_-100;2;5475_-100;2;5475_-100;2;5475,9.07945205479452,Incidence,5.78321519619736e-09
NbyGQVwzFc_loc12_loop6,12,ITN 0%/IRS 0%/Larvicide 0%,0;0.4;0.4_0;0;0_0;0;0_-100;2;5475_-100;2;5475_-100;2;5475,9.08219178082192,Incidence,5.75847909533906e-09
NbyGQVwzFc_loc12_loop6,12,ITN 0%/IRS 0%/Larvicide 0%,0;0.4;0.4_0;0;0_0;0;0_-100;2;5475_-100;2;5475_-100;2;5475,9.08493150684932,Incidence,5.73458931129198e-09
NbyGQVwzFc_loc12_loop6,12,ITN 0%/IRS 0%/Larvicide 0%,0;0.4;0.4_0;0;0_0;0;0_-100;2;5475_-100;2;5475_-100;2;5475,9.08767123287671,Incidence,5.71153809361783e-09
NbyGQVwzFc_loc12_loop6,12,ITN 0%/IRS 0%/Larvicide 0%,0;0.4;0.4_0;0;0_0;0;0_-100;2;5475_-100;2;5475_-100;2;5475,9.09041095890411,Incidence,5.68931252588562e-09
NbyGQVwzFc_loc12_loop6,12,ITN 0%/IRS 0%/Larvicide 0%,0;0.4;0.4_0;0;0_0;0;0_-100;2;5475_-100;2;5475_-100;2;5475,9.09315068493151,Incidence,5.66789550339869e-09
NbyGQVwzFc_loc12_loop6,12,ITN 0%/IRS 0%/Larvicide 0%,0;0.4;0.4_0;0;0_0;0;0_-100;2;5475_-100;2;5475_-100;2;5475,9.0958904109589,Incidence,5.63194560023839e-09
NbyGQVwzFc_loc12_loop6,12,ITN 0%/IRS 0%/Larvicide 0%,0;0.4;0.4_0;0;0_0;0;0_-100;2;5475_-100;2;5475_-100;2;5475,9.0986301369863,Incidence,5.5782298120686e-09
NbyGQVwzFc_loc12_loop6,12,ITN 0%/IRS 0%/Larvicide 0%,0;0.4;0.4_0;0;0_0;0;0_-100;2;5475_-100;2;5475_-100;2;5475,9.1013698630137,Incidence,5.52837394777807e-09
NbyGQVwzFc_loc12_loop6,12,ITN 0%/IRS 0%/Larvicide 0%,0;0.4;0.4_0;0;0_0;0;0_-100;2;5475_-100;2;5475_-100;2;5475,9.1041095890411,Incidence,5.48206896198852e-09
NbyGQVwzFc_loc12_loop6,12,ITN 0%/IRS 0%/Larvicide 0%,0;0.4;0.4_0;0;0_0;0;0_-100;2;5475_-100;2;5475_-100;2;5475,9.10684931506849,Incidence,5.43903037226657e-09
NbyGQVwzFc_loc12_loop6,12,ITN 0%/IRS 0%/Larvicide 0%,0;0.4;0.4_0;0;0_0;0;0_-100;2;5475_-100;2;5475_-100;2;5475,9.10958904109589,Incidence,5.3989963321433e-09
NbyGQVwzFc_loc12_loop6,12,ITN 0%/IRS 0%/Larvicide 0%,0;0.4;0.4_0;0;0_0;0;0_-100;2;5475_-100;2;5475_-100;2;5475,9.11232876712329,Incidence,5.36172584847687e-09
NbyGQVwzFc_loc12_loop6,12,ITN 0%/IRS 0%/Larvicide 0%,0;0.4;0.4_0;0;0_0;0;0_-100;2;5475_-100;2;5475_-100;2;5475,9.11506849315069,Incidence,5.32699713994134e-09
NbyGQVwzFc_loc12_loop6,12,ITN 0%/IRS 0%/Larvicide 0%,0;0.4;0.4_0;0;0_0;0;0_-100;2;5475_-100;2;5475_-100;2;5475,9.11780821917808,Incidence,5.29460612319506e-09
NbyGQVwzFc_loc12_loop6,12,ITN 0%/IRS 0%/Larvicide 0%,0;0.4;0.4_0;0;0_0;0;0_-100;2;5475_-100;2;5475_-100;2;5475,9.12054794520548,Incidence,5.26436501437587e-09
NbyGQVwzFc_loc12_loop6,12,ITN 0%/IRS 0%/Larvicide 0%,0;0.4;0.4_0;0;0_0;0;0_-100;2;5475_-100;2;5475_-100;2;5475,9.12328767123288,Incidence,5.23610104217211e-09
NbyGQVwzFc_loc12_loop6,12,ITN 0%/IRS 0%/Larvicide 0%,0;0.4;0.4_0;0;0_0;0;0_-100;2;5475_-100;2;5475_-100;2;5475,9.12602739726027,Incidence,5.20965525996766e-09
NbyGQVwzFc_loc12_loop6,12,ITN 0%/IRS 0%/Larvicide 0%,0;0.4;0.4_0;0;0_0;0;0_-100;2;5475_-100;2;5475_-100;2;5475,9.12876712328767,Incidence,5.1848698045166e-09
NbyGQVwzFc_loc12_loop6,12,ITN 0%/IRS 0%/Larvicide 0%,0;0.4;0.4_0;0;0_0;0;0_-100;2;5475_-100;2;5475_-100;2;5475,9.13150684931507,Incidence,5.16156363123973e-09
NbyGQVwzFc_loc12_loop6,12,ITN 0%/IRS 0%/Larvicide 0%,0;0.4;0.4_0;0;0_0;0;0_-100;2;5475_-100;2;5475_-100;2;5475,9.13424657534247,Incidence,5.13961125697796e-09
NbyGQVwzFc_loc12_loop6,12,ITN 0%/IRS 0%/Larvicide 0%,0;0.4;0.4_0;0;0_0;0;0_-100;2;5475_-100;2;5475_-100;2;5475,9.13698630136986,Incidence,5.11890199774024e-09
NbyGQVwzFc_loc12_loop6,12,ITN 0%/IRS 0%/Larvicide 0%,0;0.4;0.4_0;0;0_0;0;0_-100;2;5475_-100;2;5475_-100;2;5475,9.13972602739726,Incidence,5.09933426024072e-09
NbyGQVwzFc_loc12_loop6,12,ITN 0%/IRS 0%/Larvicide 0%,0;0.4;0.4_0;0;0_0;0;0_-100;2;5475_-100;2;5475_-100;2;5475,9.14246575342466,Incidence,5.08081479971107e-09
NbyGQVwzFc_loc12_loop6,12,ITN 0%/IRS 0%/Larvicide 0%,0;0.4;0.4_0;0;0_0;0;0_-100;2;5475_-100;2;5475_-100;2;5475,9.14520547945206,Incidence,5.06325803780135e-09
NbyGQVwzFc_loc12_loop6,12,ITN 0%/IRS 0%/Larvicide 0%,0;0.4;0.4_0;0;0_0;0;0_-100;2;5475_-100;2;5475_-100;2;5475,9.14794520547945,Incidence,5.04658543594837e-09
NbyGQVwzFc_loc12_loop6,12,ITN 0%/IRS 0%/Larvicide 0%,0;0.4;0.4_0;0;0_0;0;0_-100;2;5475_-100;2;5475_-100;2;5475,9.15068493150685,Incidence,5.03072490643671e-09
NbyGQVwzFc_loc12_loop6,12,ITN 0%/IRS 0%/Larvicide 0%,0;0.4;0.4_0;0;0_0;0;0_-100;2;5475_-100;2;5475_-100;2;5475,9.15342465753425,Incidence,5.01560872460244e-09
NbyGQVwzFc_loc12_loop6,12,ITN 0%/IRS 0%/Larvicide 0%,0;0.4;0.4_0;0;0_0;0;0_-100;2;5475_-100;2;5475_-100;2;5475,9.15616438356164,Incidence,5.00117248599666e-09
NbyGQVwzFc_loc12_loop6,12,ITN 0%/IRS 0%/Larvicide 0%,0;0.4;0.4_0;0;0_0;0;0_-100;2;5475_-100;2;5475_-100;2;5475,9.15890410958904,Incidence,4.98735710619903e-09
NbyGQVwzFc_loc12_loop6,12,ITN 0%/IRS 0%/Larvicide 0%,0;0.4;0.4_0;0;0_0;0;0_-100;2;5475_-100;2;5475_-100;2;5475,9.16164383561644,Incidence,4.97410854595882e-09
NbyGQVwzFc_loc12_loop6,12,ITN 0%/IRS 0%/Larvicide 0%,0;0.4;0.4_0;0;0_0;0;0_-100;2;5475_-100;2;5475_-100;2;5475,9.16438356164384,Incidence,4.9613774017959e-09
NbyGQVwzFc_loc12_loop6,12,ITN 0%/IRS 0%/Larvicide 0%,0;0.4;0.4_0;0;0_0;0;0_-100;2;5475_-100;2;5475_-100;2;5475,9.16712328767123,Incidence,4.94911852727846e-09
NbyGQVwzFc_loc12_loop6,12,ITN 0%/IRS 0%/Larvicide 0%,0;0.4;0.4_0;0;0_0;0;0_-100;2;5475_-100;2;5475_-100;2;5475,9.16986301369863,Incidence,4.93729068315232e-09
NbyGQVwzFc_loc12_loop6,12,ITN 0%/IRS 0%/Larvicide 0%,0;0.4;0.4_0;0;0_0;0;0_-100;2;5475_-100;2;5475_-100;2;5475,9.17260273972603,Incidence,4.92585621436812e-09
NbyGQVwzFc_loc12_loop6,12,ITN 0%/IRS 0%/Larvicide 0%,0;0.4;0.4_0;0;0_0;0;0_-100;2;5475_-100;2;5475_-100;2;5475,9.17534246575342,Incidence,4.9147807514939e-09
NbyGQVwzFc_loc12_loop6,12,ITN 0%/IRS 0%/Larvicide 0%,0;0.4;0.4_0;0;0_0;0;0_-100;2;5475_-100;2;5475_-100;2;5475,9.17808219178082,Incidence,4.90403293732604e-09
NbyGQVwzFc_loc12_loop6,12,ITN 0%/IRS 0%/Larvicide 0%,0;0.4;0.4_0;0;0_0;0;0_-100;2;5475_-100;2;5475_-100;2;5475,9.18082191780822,Incidence,4.89358417399645e-09
NbyGQVwzFc_loc12_loop6,12,ITN 0%/IRS 0%/Larvicide 0%,0;0.4;0.4_0;0;0_0;0;0_-100;2;5475_-100;2;5475_-100;2;5475,9.18356164383562,Incidence,4.8834083920799e-09
NbyGQVwzFc_loc12_loop6,12,ITN 0%/IRS 0%/Larvicide 0%,0;0.4;0.4_0;0;0_0;0;0_-100;2;5475_-100;2;5475_-100;2;5475,9.18630136986301,Incidence,4.87348041921976e-09
NbyGQVwzFc_loc12_loop6,12,ITN 0%/IRS 0%/Larvicide 0%,0;0.4;0.4_0;0;0_0;0;0_-100;2;5475_-100;2;5475_-100;2;5475,9.18904109589041,Incidence,4.86377059963237e-09
NbyGQVwzFc_loc12_loop6,12,ITN 0%/IRS 0%/Larvicide 0%,0;0.4;0.4_0;0;0_0;0;0_-100;2;5475_-100;2;5475_-100;2;5475,9.19178082191781,Incidence,4.8542510200417e-09
NbyGQVwzFc_loc12_loop6,12,ITN 0%/IRS 0%/Larvicide 0%,0;0.4;0.4_0;0;0_0;0;0_-100;2;5475_-100;2;5475_-100;2;5475,9.19452054794521,Incidence,4.8448974828066e-09
NbyGQVwzFc_loc12_loop6,12,ITN 0%/IRS 0%/Larvicide 0%,0;0.4;0.4_0;0;0_0;0;0_-100;2;5475_-100;2;5475_-100;2;5475,9.1972602739726,Incidence,4.83568900410514e-09
NbyGQVwzFc_loc12_loop6,12,ITN 0%/IRS 0%/Larvicide 0%,0;0.4;0.4_0;0;0_0;0;0_-100;2;5475_-100;2;5475_-100;2;5475,9.2,Incidence,4.82660738492e-09
NbyGQVwzFc_loc12_loop6,12,ITN 0%/IRS 0%/Larvicide 0%,0;0.4;0.4_0;0;0_0;0;0_-100;2;5475_-100;2;5475_-100;2;5475,9.2027397260274,Incidence,4.81763684211136e-09
NbyGQVwzFc_loc12_loop6,12,ITN 0%/IRS 0%/Larvicide 0%,0;0.4;0.4_0;0;0_0;0;0_-100;2;5475_-100;2;5475_-100;2;5475,9.20547945205479,Incidence,4.80876369057784e-09
NbyGQVwzFc_loc12_loop6,12,ITN 0%/IRS 0%/Larvicide 0%,0;0.4;0.4_0;0;0_0;0;0_-100;2;5475_-100;2;5475_-100;2;5475,9.20821917808219,Incidence,4.79997606894425e-09
NbyGQVwzFc_loc12_loop6,12,ITN 0%/IRS 0%/Larvicide 0%,0;0.4;0.4_0;0;0_0;0;0_-100;2;5475_-100;2;5475_-100;2;5475,9.21095890410959,Incidence,4.79126370240766e-09
NbyGQVwzFc_loc12_loop6,12,ITN 0%/IRS 0%/Larvicide 0%,0;0.4;0.4_0;0;0_0;0;0_-100;2;5475_-100;2;5475_-100;2;5475,9.21369863013699,Incidence,4.782617697374e-09
NbyGQVwzFc_loc12_loop6,12,ITN 0%/IRS 0%/Larvicide 0%,0;0.4;0.4_0;0;0_0;0;0_-100;2;5475_-100;2;5475_-100;2;5475,9.21643835616438,Incidence,4.7740303633516e-09
NbyGQVwzFc_loc12_loop6,12,ITN 0%/IRS 0%/Larvicide 0%,0;0.4;0.4_0;0;0_0;0;0_-100;2;5475_-100;2;5475_-100;2;5475,9.21917808219178,Incidence,4.76549505705884e-09
NbyGQVwzFc_loc12_loop6,12,ITN 0%/IRS 0%/Larvicide 0%,0;0.4;0.4_0;0;0_0;0;0_-100;2;5475_-100;2;5475_-100;2;5475,9.22191780821918,Incidence,4.75700603845039e-09
NbyGQVwzFc_loc12_loop6,12,ITN 0%/IRS 0%/Larvicide 0%,0;0.4;0.4_0;0;0_0;0;0_-100;2;5475_-100;2;5475_-100;2;5475,9.22465753424657,Incidence,4.74855834816156e-09
NbyGQVwzFc_loc12_loop6,12,ITN 0%/IRS 0%/Larvicide 0%,0;0.4;0.4_0;0;0_0;0;0_-100;2;5475_-100;2;5475_-100;2;5475,9.22739726027397,Incidence,4.74014770789183e-09
NbyGQVwzFc_loc12_loop6,12,ITN 0%/IRS 0%/Larvicide 0%,0;0.4;0.4_0;0;0_0;0;0_-100;2;5475_-100;2;5475_-100;2;5475,9.23013698630137,Incidence,4.73177043325033e-09
NbyGQVwzFc_loc12_loop6,12,ITN 0%/IRS 0%/Larvicide 0%,0;0.4;0.4_0;0;0_0;0;0_-100;2;5475_-100;2;5475_-100;2;5475,9.23287671232877,Incidence,4.72342335926501e-09
NbyGQVwzFc_loc12_loop6,12,ITN 0%/IRS 0%/Larvicide 0%,0;0.4;0.4_0;0;0_0;0;0_-100;2;5475_-100;2;5475_-100;2;5475,9.23561643835616,Incidence,4.71510377421572e-09
NbyGQVwzFc_loc12_loop6,12,ITN 0%/IRS 0%/Larvicide 0%,0;0.4;0.4_0;0;0_0;0;0_-100;2;5475_-100;2;5475_-100;2;5475,9.23835616438356,Incidence,4.70680936134813e-09
NbyGQVwzFc_loc12_loop6,12,ITN 0%/IRS 0%/Larvicide 0%,0;0.4;0.4_0;0;0_0;0;0_-100;2;5475_-100;2;5475_-100;2;5475,9.24109589041096,Incidence,4.69853814816305e-09
NbyGQVwzFc_loc12_loop6,12,ITN 0%/IRS 0%/Larvicide 0%,0;0.4;0.4_0;0;0_0;0;0_-100;2;5475_-100;2;5475_-100;2;5475,9.24383561643836,Incidence,4.6902884617885e-09
NbyGQVwzFc_loc12_loop6,12,ITN 0%/IRS 0%/Larvicide 0%,0;0.4;0.4_0;0;0_0;0;0_-100;2;5475_-100;2;5475_-100;2;5475,9.24657534246575,Incidence,4.68205888921904e-09
NbyGQVwzFc_loc12_loop6,12,ITN 0%/IRS 0%/Larvicide 0%,0;0.4;0.4_0;0;0_0;0;0_-100;2;5475_-100;2;5475_-100;2;5475,9.24931506849315,Incidence,4.67384824224002e-09
NbyGQVwzFc_loc12_loop6,12,ITN 0%/IRS 0%/Larvicide 0%,0;0.4;0.4_0;0;0_0;0;0_-100;2;5475_-100;2;5475_-100;2;5475,9.25205479452055,Incidence,4.66565552679438e-09
NbyGQVwzFc_loc12_loop6,12,ITN 0%/IRS 0%/Larvicide 0%,0;0.4;0.4_0;0;0_0;0;0_-100;2;5475_-100;2;5475_-100;2;5475,9.25479452054794,Incidence,4.6574799162492e-09
NbyGQVwzFc_loc12_loop6,12,ITN 0%/IRS 0%/Larvicide 0%,0;0.4;0.4_0;0;0_0;0;0_-100;2;5475_-100;2;5475_-100;2;5475,9.25753424657534,Incidence,4.6493207280732e-09
NbyGQVwzFc_loc12_loop6,12,ITN 0%/IRS 0%/Larvicide 0%,0;0.4;0.4_0;0;0_0;0;0_-100;2;5475_-100;2;5475_-100;2;5475,9.26027397260274,Incidence,4.64117740349844e-09
NbyGQVwzFc_loc12_loop6,12,ITN 0%/IRS 0%/Larvicide 0%,0;0.4;0.4_0;0;0_0;0;0_-100;2;5475_-100;2;5475_-100;2;5475,9.26301369863014,Incidence,4.63304948979443e-09
NbyGQVwzFc_loc12_loop6,12,ITN 0%/IRS 0%/Larvicide 0%,0;0.4;0.4_0;0;0_0;0;0_-100;2;5475_-100;2;5475_-100;2;5475,9.26575342465753,Incidence,4.62493662482963e-09
NbyGQVwzFc_loc12_loop6,12,ITN 0%/IRS 0%/Larvicide 0%,0;0.4;0.4_0;0;0_0;0;0_-100;2;5475_-100;2;5475_-100;2;5475,9.26849315068493,Incidence,4.61683852363649e-09
NbyGQVwzFc_loc12_loop6,12,ITN 0%/IRS 0%/Larvicide 0%,0;0.4;0.4_0;0;0_0;0;0_-100;2;5475_-100;2;5475_-100;2;5475,9.27123287671233,Incidence,4.60875496673122e-09
NbyGQVwzFc_loc12_loop6,12,ITN 0%/IRS 0%/Larvicide 0%,0;0.4;0.4_0;0;0_0;0;0_-100;2;5475_-100;2;5475_-100;2;5475,9.27397260273973,Incidence,4.60068578997065e-09
NbyGQVwzFc_loc12_loop6,12,ITN 0%/IRS 0%/Larvicide 0%,0;0.4;0.4_0;0;0_0;0;0_-100;2;5475_-100;2;5475_-100;2;5475,9.27671232876712,Incidence,4.59263087559929e-09
NbyGQVwzFc_loc12_loop6,12,ITN 0%/IRS 0%/Larvicide 0%,0;0.4;0.4_0;0;0_0;0;0_-100;2;5475_-100;2;5475_-100;2;5475,9.27945205479452,Incidence,4.58459014324499e-09
NbyGQVwzFc_loc12_loop6,12,ITN 0%/IRS 0%/Larvicide 0%,0;0.4;0.4_0;0;0_0;0;0_-100;2;5475_-100;2;5475_-100;2;5475,9.28219178082192,Incidence,4.57656354105906e-09
NbyGQVwzFc_loc12_loop6,12,ITN 0%/IRS 0%/Larvicide 0%,0;0.4;0.4_0;0;0_0;0;0_-100;2;5475_-100;2;5475_-100;2;5475,9.28493150684931,Incidence,4.56855103803173e-09
NbyGQVwzFc_loc12_loop6,12,ITN 0%/IRS 0%/Larvicide 0%,0;0.4;0.4_0;0;0_0;0;0_-100;2;5475_-100;2;5475_-100;2;5475,9.28767123287671,Incidence,4.56055261847328e-09
NbyGQVwzFc_loc12_loop6,12,ITN 0%/IRS 0%/Larvicide 0%,0;0.4;0.4_0;0;0_0;0;0_-100;2;5475_-100;2;5475_-100;2;5475,9.29041095890411,Incidence,4.55256827824221e-09
NbyGQVwzFc_loc12_loop6,12,ITN 0%/IRS 0%/Larvicide 0%,0;0.4;0.4_0;0;0_0;0;0_-100;2;5475_-100;2;5475_-100;2;5475,9.29315068493151,Incidence,4.54459802053264e-09
NbyGQVwzFc_loc12_loop6,12,ITN 0%/IRS 0%/Larvicide 0%,0;0.4;0.4_0;0;0_0;0;0_-100;2;5475_-100;2;5475_-100;2;5475,9.2958904109589,Incidence,4.53664185310154e-09
NbyGQVwzFc_loc12_loop6,12,ITN 0%/IRS 0%/Larvicide 0%,0;0.4;0.4_0;0;0_0;0;0_-100;2;5475_-100;2;5475_-100;2;5475,9.2986301369863,Incidence,4.528699786146e-09
NbyGQVwzFc_loc12_loop6,12,ITN 0%/IRS 0%/Larvicide 0%,0;0.4;0.4_0;0;0_0;0;0_-100;2;5475_-100;2;5475_-100;2;5475,9.3013698630137,Incidence,4.52077183069649e-09
NbyGQVwzFc_loc12_loop6,12,ITN 0%/IRS 0%/Larvicide 0%,0;0.4;0.4_0;0;0_0;0;0_-100;2;5475_-100;2;5475_-100;2;5475,9.3041095890411,Incidence,4.51285799742278e-09
NbyGQVwzFc_loc12_loop6,12,ITN 0%/IRS 0%/Larvicide 0%,0;0.4;0.4_0;0;0_0;0;0_-100;2;5475_-100;2;5475_-100;2;5475,9.30684931506849,Incidence,4.50495829576913e-09
NbyGQVwzFc_loc12_loop6,12,ITN 0%/IRS 0%/Larvicide 0%,0;0.4;0.4_0;0;0_0;0;0_-100;2;5475_-100;2;5475_-100;2;5475,9.30958904109589,Incidence,4.49707273335015e-09
NbyGQVwzFc_loc12_loop6,12,ITN 0%/IRS 0%/Larvicide 0%,0;0.4;0.4_0;0;0_0;0;0_-100;2;5475_-100;2;5475_-100;2;5475,9.31232876712329,Incidence,4.48920131555073e-09
NbyGQVwzFc_loc12_loop6,12,ITN 0%/IRS 0%/Larvicide 0%,0;0.4;0.4_0;0;0_0;0;0_-100;2;5475_-100;2;5475_-100;2;5475,9.31506849315068,Incidence,4.48134404528328e-09
NbyGQVwzFc_loc12_loop6,12,ITN 0%/IRS 0%/Larvicide 0%,0;0.4;0.4_0;0;0_0;0;0_-100;2;5475_-100;2;5475_-100;2;5475,9.31780821917808,Incidence,4.47350092286579e-09
NbyGQVwzFc_loc12_loop6,12,ITN 0%/IRS 0%/Larvicide 0%,0;0.4;0.4_0;0;0_0;0;0_-100;2;5475_-100;2;5475_-100;2;5475,9.32054794520548,Incidence,4.4656719459933e-09
NbyGQVwzFc_loc12_loop6,12,ITN 0%/IRS 0%/Larvicide 0%,0;0.4;0.4_0;0;0_0;0;0_-100;2;5475_-100;2;5475_-100;2;5475,9.32328767123288,Incidence,4.45785710977967e-09
NbyGQVwzFc_loc12_loop6,12,ITN 0%/IRS 0%/Larvicide 0%,0;0.4;0.4_0;0;0_0;0;0_-100;2;5475_-100;2;5475_-100;2;5475,9.32602739726027,Incidence,4.45005640685166e-09
NbyGQVwzFc_loc12_loop6,12,ITN 0%/IRS 0%/Larvicide 0%,0;0.4;0.4_0;0;0_0;0;0_-100;2;5475_-100;2;5475_-100;2;5475,9.32876712328767,Incidence,4.44226982748098e-09
NbyGQVwzFc_loc12_loop6,12,ITN 0%/IRS 0%/Larvicide 0%,0;0.4;0.4_0;0;0_0;0;0_-100;2;5475_-100;2;5475_-100;2;5475,9.33150684931507,Incidence,4.43449735974203e-09
NbyGQVwzFc_loc12_loop6,12,ITN 0%/IRS 0%/Larvicide 0%,0;0.4;0.4_0;0;0_0;0;0_-100;2;5475_-100;2;5475_-100;2;5475,9.33424657534247,Incidence,4.42673898968672e-09
NbyGQVwzFc_loc12_loop6,12,ITN 0%/IRS 0%/Larvicide 0%,0;0.4;0.4_0;0;0_0;0;0_-100;2;5475_-100;2;5475_-100;2;5475,9.33698630136986,Incidence,4.41899470152842e-09
NbyGQVwzFc_loc12_loop6,12,ITN 0%/IRS 0%/Larvicide 0%,0;0.4;0.4_0;0;0_0;0;0_-100;2;5475_-100;2;5475_-100;2;5475,9.33972602739726,Incidence,4.41126447780964e-09
NbyGQVwzFc_loc12_loop6,12,ITN 0%/IRS 0%/Larvicide 0%,0;0.4;0.4_0;0;0_0;0;0_-100;2;5475_-100;2;5475_-100;2;5475,9.34246575342466,Incidence,4.40354829904683e-09
NbyGQVwzFc_loc12_loop6,12,ITN 0%/IRS 0%/Larvicide 0%,0;0.4;0.4_0;0;0_0;0;0_-100;2;5475_-100;2;5475_-100;2;5475,9.34520547945205,Incidence,4.39584614490929e-09
NbyGQVwzFc_loc12_loop6,12,ITN 0%/IRS 0%/Larvicide 0%,0;0.4;0.4_0;0;0_0;0;0_-100;2;5475_-100;2;5475_-100;2;5475,9.34794520547945,Incidence,4.38815799427439e-09
NbyGQVwzFc_loc12_loop6,12,ITN 0%/IRS 0%/Larvicide 0%,0;0.4;0.4_0;0;0_0;0;0_-100;2;5475_-100;2;5475_-100;2;5475,9.35068493150685,Incidence,4.38048382507831e-09
NbyGQVwzFc_loc12_loop6,12,ITN 0%/IRS 0%/Larvicide 0%,0;0.4;0.4_0;0;0_0;0;0_-100;2;5475_-100;2;5475_-100;2;5475,9.35342465753425,Incidence,4.37282361447094e-09
NbyGQVwzFc_loc12_loop6,12,ITN 0%/IRS 0%/Larvicide 0%,0;0.4;0.4_0;0;0_0;0;0_-100;2;5475_-100;2;5475_-100;2;5475,9.35616438356164,Incidence,4.3651773389594e-09
NbyGQVwzFc_loc12_loop6,12,ITN 0%/IRS 0%/Larvicide 0%,0;0.4;0.4_0;0;0_0;0;0_-100;2;5475_-100;2;5475_-100;2;5475,9.35890410958904,Incidence,4.35754497454056e-09
NbyGQVwzFc_loc12_loop6,12,ITN 0%/IRS 0%/Larvicide 0%,0;0.4;0.4_0;0;0_0;0;0_-100;2;5475_-100;2;5475_-100;2;5475,9.36164383561644,Incidence,4.34992649682187e-09
NbyGQVwzFc_loc12_loop6,12,ITN 0%/IRS 0%/Larvicide 0%,0;0.4;0.4_0;0;0_0;0;0_-100;2;5475_-100;2;5475_-100;2;5475,9.36438356164384,Incidence,4.34232188113112e-09
NbyGQVwzFc_loc12_loop6,12,ITN 0%/IRS 0%/Larvicide 0%,0;0.4;0.4_0;0;0_0;0;0_-100;2;5475_-100;2;5475_-100;2;5475,9.36712328767123,Incidence,4.33473110261499e-09
NbyGQVwzFc_loc12_loop6,12,ITN 0%/IRS 0%/Larvicide 0%,0;0.4;0.4_0;0;0_0;0;0_-100;2;5475_-100;2;5475_-100;2;5475,9.36986301369863,Incidence,4.32715413632697e-09
NbyGQVwzFc_loc12_loop6,12,ITN 0%/IRS 0%/Larvicide 0%,0;0.4;0.4_0;0;0_0;0;0_-100;2;5475_-100;2;5475_-100;2;5475,9.37260273972603,Incidence,4.3195909573043e-09
NbyGQVwzFc_loc12_loop6,12,ITN 0%/IRS 0%/Larvicide 0%,0;0.4;0.4_0;0;0_0;0;0_-100;2;5475_-100;2;5475_-100;2;5475,9.37534246575343,Incidence,4.31204154063441e-09
NbyGQVwzFc_loc12_loop6,12,ITN 0%/IRS 0%/Larvicide 0%,0;0.4;0.4_0;0;0_0;0;0_-100;2;5475_-100;2;5475_-100;2;5475,9.37808219178082,Incidence,4.30450586151074e-09
NbyGQVwzFc_loc12_loop6,12,ITN 0%/IRS 0%/Larvicide 0%,0;0.4;0.4_0;0;0_0;0;0_-100;2;5475_-100;2;5475_-100;2;5475,9.38082191780822,Incidence,4.29698389527913e-09
NbyGQVwzFc_loc12_loop6,12,ITN 0%/IRS 0%/Larvicide 0%,0;0.4;0.4_0;0;0_0;0;0_-100;2;5475_-100;2;5475_-100;2;5475,9.38356164383562,Incidence,4.2894756174751e-09
NbyGQVwzFc_loc12_loop6,12,ITN 0%/IRS 0%/Larvicide 0%,0;0.4;0.4_0;0;0_0;0;0_-100;2;5475_-100;2;5475_-100;2;5475,9.38630136986301,Incidence,4.28198100385322e-09
NbyGQVwzFc_loc12_loop6,12,ITN 0%/IRS 0%/Larvicide 0%,0;0.4;0.4_0;0;0_0;0;0_-100;2;5475_-100;2;5475_-100;2;5475,9.38904109589041,Incidence,4.27450003040904e-09
NbyGQVwzFc_loc12_loop6,12,ITN 0%/IRS 0%/Larvicide 0%,0;0.4;0.4_0;0;0_0;0;0_-100;2;5475_-100;2;5475_-100;2;5475,9.39178082191781,Incidence,4.2670326733949e-09
NbyGQVwzFc_loc12_loop6,12,ITN 0%/IRS 0%/Larvicide 0%,0;0.4;0.4_0;0;0_0;0;0_-100;2;5475_-100;2;5475_-100;2;5475,9.39452054794521,Incidence,4.25957890933002e-09
NbyGQVwzFc_loc12_loop6,12,ITN 0%/IRS 0%/Larvicide 0%,0;0.4;0.4_0;0;0_0;0;0_-100;2;5475_-100;2;5475_-100;2;5475,9.3972602739726,Incidence,4.25213871500003e-09
NbyGQVwzFc_loc12_loop6,12,ITN 0%/IRS 0%/Larvicide 0%,0;0.4;0.4_0;0;0_0;0;0_-100;2;5475_-100;2;5475_-100;2;5475,9.4,Incidence,4.24471206699099e-09
NbyGQVwzFc_loc12_loop6,12,ITN 0%/IRS 0%/Larvicide 0%,0;0.4;0.4_0;0;0_0;0;0_-100;2;5475_-100;2;5475_-100;2;5475,9.4027397260274,Incidence,4.23729894246317e-09
NbyGQVwzFc_loc12_loop6,12,ITN 0%/IRS 0%/Larvicide 0%,0;0.4;0.4_0;0;0_0;0;0_-100;2;5475_-100;2;5475_-100;2;5475,9.4054794520548,Incidence,4.22989931920336e-09
NbyGQVwzFc_loc12_loop6,12,ITN 0%/IRS 0%/Larvicide 0%,0;0.4;0.4_0;0;0_0;0;0_-100;2;5475_-100;2;5475_-100;2;5475,9.40821917808219,Incidence,4.22251317526038e-09
NbyGQVwzFc_loc12_loop6,12,ITN 0%/IRS 0%/Larvicide 0%,0;0.4;0.4_0;0;0_0;0;0_-100;2;5475_-100;2;5475_-100;2;5475,9.41095890410959,Incidence,4.21514048893595e-09
NbyGQVwzFc_loc12_loop6,12,ITN 0%/IRS 0%/Larvicide 0%,0;0.4;0.4_0;0;0_0;0;0_-100;2;5475_-100;2;5475_-100;2;5475,9.41369863013699,Incidence,4.20778123877414e-09
NbyGQVwzFc_loc12_loop6,12,ITN 0%/IRS 0%/Larvicide 0%,0;0.4;0.4_0;0;0_0;0;0_-100;2;5475_-100;2;5475_-100;2;5475,9.41643835616438,Incidence,4.20043540354967e-09
NbyGQVwzFc_loc12_loop6,12,ITN 0%/IRS 0%/Larvicide 0%,0;0.4;0.4_0;0;0_0;0;0_-100;2;5475_-100;2;5475_-100;2;5475,9.41917808219178,Incidence,4.19310296225558e-09
NbyGQVwzFc_loc12_loop6,12,ITN 0%/IRS 0%/Larvicide 0%,0;0.4;0.4_0;0;0_0;0;0_-100;2;5475_-100;2;5475_-100;2;5475,9.42191780821918,Incidence,4.18578389409025e-09
NbyGQVwzFc_loc12_loop6,12,ITN 0%/IRS 0%/Larvicide 0%,0;0.4;0.4_0;0;0_0;0;0_-100;2;5475_-100;2;5475_-100;2;5475,9.42465753424658,Incidence,4.17847817844423e-09
NbyGQVwzFc_loc12_loop6,12,ITN 0%/IRS 0%/Larvicide 0%,0;0.4;0.4_0;0;0_0;0;0_-100;2;5475_-100;2;5475_-100;2;5475,9.42739726027397,Incidence,4.17118579488699e-09
NbyGQVwzFc_loc12_loop6,12,ITN 0%/IRS 0%/Larvicide 0%,0;0.4;0.4_0;0;0_0;0;0_-100;2;5475_-100;2;5475_-100;2;5475,9.43013698630137,Incidence,4.16390672315374e-09
NbyGQVwzFc_loc12_loop6,12,ITN 0%/IRS 0%/Larvicide 0%,0;0.4;0.4_0;0;0_0;0;0_-100;2;5475_-100;2;5475_-100;2;5475,9.43287671232877,Incidence,4.15664094313241e-09
NbyGQVwzFc_loc12_loop6,12,ITN 0%/IRS 0%/Larvicide 0%,0;0.4;0.4_0;0;0_0;0;0_-100;2;5475_-100;2;5475_-100;2;5475,9.43561643835617,Incidence,4.14938843485096e-09
NbyGQVwzFc_loc12_loop6,12,ITN 0%/IRS 0%/Larvicide 0%,0;0.4;0.4_0;0;0_0;0;0_-100;2;5475_-100;2;5475_-100;2;5475,9.43835616438356,Incidence,4.14214917846515e-09
NbyGQVwzFc_loc12_loop6,12,ITN 0%/IRS 0%/Larvicide 0%,0;0.4;0.4_0;0;0_0;0;0_-100;2;5475_-100;2;5475_-100;2;5475,9.44109589041096,Incidence,4.13492315424663e-09
NbyGQVwzFc_loc12_loop6,12,ITN 0%/IRS 0%/Larvicide 0%,0;0.4;0.4_0;0;0_0;0;0_-100;2;5475_-100;2;5475_-100;2;5475,9.44383561643836,Incidence,4.12771034257173e-09
NbyGQVwzFc_loc12_loop6,12,ITN 0%/IRS 0%/Larvicide 0%,0;0.4;0.4_0;0;0_0;0;0_-100;2;5475_-100;2;5475_-100;2;5475,9.44657534246575,Incidence,4.12051072391061e-09
NbyGQVwzFc_loc12_loop6,12,ITN 0%/IRS 0%/Larvicide 0%,0;0.4;0.4_0;0;0_0;0;0_-100;2;5475_-100;2;5475_-100;2;5475,9.44931506849315,Incidence,4.11332427881711e-09
NbyGQVwzFc_loc12_loop6,12,ITN 0%/IRS 0%/Larvicide 0%,0;0.4;0.4_0;0;0_0;0;0_-100;2;5475_-100;2;5475_-100;2;5475,9.45205479452055,Incidence,4.10615098791912e-09
NbyGQVwzFc_loc12_loop6,12,ITN 0%/IRS 0%/Larvicide 0%,0;0.4;0.4_0;0;0_0;0;0_-100;2;5475_-100;2;5475_-100;2;5475,9.45479452054795,Incidence,4.0989908319096e-09
NbyGQVwzFc_loc12_loop6,12,ITN 0%/IRS 0%/Larvicide 0%,0;0.4;0.4_0;0;0_0;0;0_-100;2;5475_-100;2;5475_-100;2;5475,9.45753424657534,Incidence,4.09184379140546e-09
NbyGQVwzFc_loc12_loop6,12,ITN 0%/IRS 0%/Larvicide 0%,0;0.4;0.4_0;0;0_0;0;0_-100;2;5475_-100;2;5475_-100;2;5475,9.46027397260274,Incidence,4.08470984673296e-09
NbyGQVwzFc_loc12_loop6,12,ITN 0%/IRS 0%/Larvicide 0%,0;0.4;0.4_0;0;0_0;0;0_-100;2;5475_-100;2;5475_-100;2;5475,9.46301369863014,Incidence,4.07758897885505e-09
NbyGQVwzFc_loc12_loop6,12,ITN 0%/IRS 0%/Larvicide 0%,0;0.4;0.4_0;0;0_0;0;0_-100;2;5475_-100;2;5475_-100;2;5475,9.46575342465753,Incidence,4.07048116883717e-09
NbyGQVwzFc_loc12_loop6,12,ITN 0%/IRS 0%/Larvicide 0%,0;0.4;0.4_0;0;0_0;0;0_-100;2;5475_-100;2;5475_-100;2;5475,9.46849315068493,Incidence,4.06338639777529e-09
NbyGQVwzFc_loc12_loop6,12,ITN 0%/IRS 0%/Larvicide 0%,0;0.4;0.4_0;0;0_0;0;0_-100;2;5475_-100;2;5475_-100;2;5475,9.47123287671233,Incidence,4.05630464679022e-09
NbyGQVwzFc_loc12_loop6,12,ITN 0%/IRS 0%/Larvicide 0%,0;0.4;0.4_0;0;0_0;0;0_-100;2;5475_-100;2;5475_-100;2;5475,9.47397260273973,Incidence,4.04923589702231e-09
NbyGQVwzFc_loc12_loop6,12,ITN 0%/IRS 0%/Larvicide 0%,0;0.4;0.4_0;0;0_0;0;0_-100;2;5475_-100;2;5475_-100;2;5475,9.47671232876712,Incidence,4.04218012962668e-09
NbyGQVwzFc_loc12_loop6,12,ITN 0%/IRS 0%/Larvicide 0%,0;0.4;0.4_0;0;0_0;0;0_-100;2;5475_-100;2;5475_-100;2;5475,9.47945205479452,Incidence,4.03513732576885e-09
NbyGQVwzFc_loc12_loop6,12,ITN 0%/IRS 0%/Larvicide 0%,0;0.4;0.4_0;0;0_0;0;0_-100;2;5475_-100;2;5475_-100;2;5475,9.48219178082192,Incidence,4.02810746662077e-09
NbyGQVwzFc_loc12_loop6,12,ITN 0%/IRS 0%/Larvicide 0%,0;0.4;0.4_0;0;0_0;0;0_-100;2;5475_-100;2;5475_-100;2;5475,9.48493150684932,Incidence,4.02109053335726e-09
NbyGQVwzFc_loc12_loop6,12,ITN 0%/IRS 0%/Larvicide 0%,0;0.4;0.4_0;0;0_0;0;0_-100;2;5475_-100;2;5475_-100;2;5475,9.48767123287671,Incidence,4.01408650715282e-09
NbyGQVwzFc_loc12_loop6,12,ITN 0%/IRS 0%/Larvicide 0%,0;0.4;0.4_0;0;0_0;0;0_-100;2;5475_-100;2;5475_-100;2;5475,9.49041095890411,Incidence,4.00709536917872e-09
NbyGQVwzFc_loc12_loop6,12,ITN 0%/IRS 0%/Larvicide 0%,0;0.4;0.4_0;0;0_0;0;0_-100;2;5475_-100;2;5475_-100;2;5475,9.49315068493151,Incidence,4.00011710060045e-09
NbyGQVwzFc_loc12_loop6,12,ITN 0%/IRS 0%/Larvicide 0%,0;0.4;0.4_0;0;0_0;0;0_-100;2;5475_-100;2;5475_-100;2;5475,9.4958904109589,Incidence,3.9931516825754e-09
NbyGQVwzFc_loc12_loop6,12,ITN 0%/IRS 0%/Larvicide 0%,0;0.4;0.4_0;0;0_0;0;0_-100;2;5475_-100;2;5475_-100;2;5475,9.4986301369863,Incidence,3.98619909625087e-09
NbyGQVwzFc_loc12_loop6,12,ITN 0%/IRS 0%/Larvicide 0%,0;0.4;0.4_0;0;0_0;0;0_-100;2;5475_-100;2;5475_-100;2;5475,9.5013698630137,Incidence,3.97925932276223e-09
NbyGQVwzFc_loc12_loop6,12,ITN 0%/IRS 0%/Larvicide 0%,0;0.4;0.4_0;0;0_0;0;0_-100;2;5475_-100;2;5475_-100;2;5475,9.5041095890411,Incidence,3.97233234323142e-09
NbyGQVwzFc_loc12_loop6,12,ITN 0%/IRS 0%/Larvicide 0%,0;0.4;0.4_0;0;0_0;0;0_-100;2;5475_-100;2;5475_-100;2;5475,9.50684931506849,Incidence,3.96541813876548e-09
NbyGQVwzFc_loc12_loop6,12,ITN 0%/IRS 0%/Larvicide 0%,0;0.4;0.4_0;0;0_0;0;0_-100;2;5475_-100;2;5475_-100;2;5475,9.50958904109589,Incidence,3.95851669045547e-09
NbyGQVwzFc_loc12_loop6,12,ITN 0%/IRS 0%/Larvicide 0%,0;0.4;0.4_0;0;0_0;0;0_-100;2;5475_-100;2;5475_-100;2;5475,9.51232876712329,Incidence,3.95162797937535e-09
NbyGQVwzFc_loc12_loop6,12,ITN 0%/IRS 0%/Larvicide 0%,0;0.4;0.4_0;0;0_0;0;0_-100;2;5475_-100;2;5475_-100;2;5475,9.51506849315068,Incidence,3.94475198658116e-09
NbyGQVwzFc_loc12_loop6,12,ITN 0%/IRS 0%/Larvicide 0%,0;0.4;0.4_0;0;0_0;0;0_-100;2;5475_-100;2;5475_-100;2;5475,9.51780821917808,Incidence,3.93788869298086e-09
NbyGQVwzFc_loc12_loop6,12,ITN 0%/IRS 0%/Larvicide 0%,0;0.4;0.4_0;0;0_0;0;0_-100;2;5475_-100;2;5475_-100;2;5475,9.52054794520548,Incidence,3.93103807918662e-09
NbyGQVwzFc_loc12_loop6,12,ITN 0%/IRS 0%/Larvicide 0%,0;0.4;0.4_0;0;0_0;0;0_-100;2;5475_-100;2;5475_-100;2;5475,9.52328767123288,Incidence,3.92420012633666e-09
NbyGQVwzFc_loc12_loop6,12,ITN 0%/IRS 0%/Larvicide 0%,0;0.4;0.4_0;0;0_0;0;0_-100;2;5475_-100;2;5475_-100;2;5475,9.52602739726027,Incidence,3.91737481560226e-09
NbyGQVwzFc_loc12_loop6,12,ITN 0%/IRS 0%/Larvicide 0%,0;0.4;0.4_0;0;0_0;0;0_-100;2;5475_-100;2;5475_-100;2;5475,9.52876712328767,Incidence,3.91056212813554e-09
NbyGQVwzFc_loc12_loop6,12,ITN 0%/IRS 0%/Larvicide 0%,0;0.4;0.4_0;0;0_0;0;0_-100;2;5475_-100;2;5475_-100;2;5475,9.53150684931507,Incidence,3.90376204506923e-09
NbyGQVwzFc_loc12_loop6,12,ITN 0%/IRS 0%/Larvicide 0%,0;0.4;0.4_0;0;0_0;0;0_-100;2;5475_-100;2;5475_-100;2;5475,9.53424657534247,Incidence,3.8969745475164e-09
NbyGQVwzFc_loc12_loop6,12,ITN 0%/IRS 0%/Larvicide 0%,0;0.4;0.4_0;0;0_0;0;0_-100;2;5475_-100;2;5475_-100;2;5475,9.53698630136986,Incidence,3.8901996165703e-09
NbyGQVwzFc_loc12_loop6,12,ITN 0%/IRS 0%/Larvicide 0%,0;0.4;0.4_0;0;0_0;0;0_-100;2;5475_-100;2;5475_-100;2;5475,9.53972602739726,Incidence,3.88343723330432e-09
NbyGQVwzFc_loc12_loop6,12,ITN 0%/IRS 0%/Larvicide 0%,0;0.4;0.4_0;0;0_0;0;0_-100;2;5475_-100;2;5475_-100;2;5475,9.54246575342466,Incidence,3.87668737877187e-09
NbyGQVwzFc_loc12_loop6,12,ITN 0%/IRS 0%/Larvicide 0%,0;0.4;0.4_0;0;0_0;0;0_-100;2;5475_-100;2;5475_-100;2;5475,9.54520547945205,Incidence,3.86995003400642e-09
NbyGQVwzFc_loc12_loop6,12,ITN 0%/IRS 0%/Larvicide 0%,0;0.4;0.4_0;0;0_0;0;0_-100;2;5475_-100;2;5475_-100;2;5475,9.54794520547945,Incidence,3.86322518002155e-09
NbyGQVwzFc_loc12_loop6,12,ITN 0%/IRS 0%/Larvicide 0%,0;0.4;0.4_0;0;0_0;0;0_-100;2;5475_-100;2;5475_-100;2;5475,9.55068493150685,Incidence,3.85651279781098e-09
NbyGQVwzFc_loc12_loop6,12,ITN 0%/IRS 0%/Larvicide 0%,0;0.4;0.4_0;0;0_0;0;0_-100;2;5475_-100;2;5475_-100;2;5475,9.55342465753425,Incidence,3.84981286834874e-09
NbyGQVwzFc_loc12_loop6,12,ITN 0%/IRS 0%/Larvicide 0%,0;0.4;0.4_0;0;0_0;0;0_-100;2;5475_-100;2;5475_-100;2;5475,9.55616438356164,Incidence,3.84312537258926e-09
NbyGQVwzFc_loc12_loop6,12,ITN 0%/IRS 0%/Larvicide 0%,0;0.4;0.4_0;0;0_0;0;0_-100;2;5475_-100;2;5475_-100;2;5475,9.55890410958904,Incidence,3.83645029146759e-09
NbyGQVwzFc_loc12_loop6,12,ITN 0%/IRS 0%/Larvicide 0%,0;0.4;0.4_0;0;0_0;0;0_-100;2;5475_-100;2;5475_-100;2;5475,9.56164383561644,Incidence,3.82978760589949e-09
NbyGQVwzFc_loc12_loop6,12,ITN 0%/IRS 0%/Larvicide 0%,0;0.4;0.4_0;0;0_0;0;0_-100;2;5475_-100;2;5475_-100;2;5475,9.56438356164383,Incidence,3.82313729678175e-09
NbyGQVwzFc_loc12_loop6,12,ITN 0%/IRS 0%/Larvicide 0%,0;0.4;0.4_0;0;0_0;0;0_-100;2;5475_-100;2;5475_-100;2;5475,9.56712328767123,Incidence,3.81649934499234e-09
NbyGQVwzFc_loc12_loop6,12,ITN 0%/IRS 0%/Larvicide 0%,0;0.4;0.4_0;0;0_0;0;0_-100;2;5475_-100;2;5475_-100;2;5475,9.56986301369863,Incidence,3.80987373139068e-09
NbyGQVwzFc_loc12_loop6,12,ITN 0%/IRS 0%/Larvicide 0%,0;0.4;0.4_0;0;0_0;0;0_-100;2;5475_-100;2;5475_-100;2;5475,9.57260273972603,Incidence,3.80326043681786e-09
NbyGQVwzFc_loc12_loop6,12,ITN 0%/IRS 0%/Larvicide 0%,0;0.4;0.4_0;0;0_0;0;0_-100;2;5475_-100;2;5475_-100;2;5475,9.57534246575342,Incidence,3.79665944209697e-09
NbyGQVwzFc_loc12_loop6,12,ITN 0%/IRS 0%/Larvicide 0%,0;0.4;0.4_0;0;0_0;0;0_-100;2;5475_-100;2;5475_-100;2;5475,9.57808219178082,Incidence,3.7900707280239e-09
NbyGQVwzFc_loc12_loop6,12,ITN 0%/IRS 0%/Larvicide 0%,0;0.4;0.4_0;0;0_0;0;0_-100;2;5475_-100;2;5475_-100;2;5475,9.58082191780822,Incidence,3.78349427502889e-09
NbyGQVwzFc_loc12_loop6,12,ITN 0%/IRS 0%/Larvicide 0%,0;0.4;0.4_0;0;0_0;0;0_-100;2;5475_-100;2;5475_-100;2;5475,9.58356164383562,Incidence,3.7769300638392e-09
NbyGQVwzFc_loc12_loop6,12,ITN 0%/IRS 0%/Larvicide 0%,0;0.4;0.4_0;0;0_0;0;0_-100;2;5475_-100;2;5475_-100;2;5475,9.58630136986301,Incidence,3.77037807540063e-09
NbyGQVwzFc_loc12_loop6,12,ITN 0%/IRS 0%/Larvicide 0%,0;0.4;0.4_0;0;0_0;0;0_-100;2;5475_-100;2;5475_-100;2;5475,9.58904109589041,Incidence,3.76383829064328e-09
NbyGQVwzFc_loc12_loop6,12,ITN 0%/IRS 0%/Larvicide 0%,0;0.4;0.4_0;0;0_0;0;0_-100;2;5475_-100;2;5475_-100;2;5475,9.59178082191781,Incidence,3.75731069048185e-09
NbyGQVwzFc_loc12_loop6,12,ITN 0%/IRS 0%/Larvicide 0%,0;0.4;0.4_0;0;0_0;0;0_-100;2;5475_-100;2;5475_-100;2;5475,9.5945205479452,Incidence,3.75079525581588e-09
NbyGQVwzFc_loc12_loop6,12,ITN 0%/IRS 0%/Larvicide 0%,0;0.4;0.4_0;0;0_0;0;0_-100;2;5475_-100;2;5475_-100;2;5475,9.5972602739726,Incidence,3.74429196753005e-09
NbyGQVwzFc_loc12_loop6,12,ITN 0%/IRS 0%/Larvicide 0%,0;0.4;0.4_0;0;0_0;0;0_-100;2;5475_-100;2;5475_-100;2;5475,9.6,Incidence,3.73780080649441e-09
NbyGQVwzFc_loc12_loop6,12,ITN 0%/IRS 0%/Larvicide 0%,0;0.4;0.4_0;0;0_0;0;0_-100;2;5475_-100;2;5475_-100;2;5475,9.6027397260274,Incidence,3.73132175356474e-09
NbyGQVwzFc_loc12_loop6,12,ITN 0%/IRS 0%/Larvicide 0%,0;0.4;0.4_0;0;0_0;0;0_-100;2;5475_-100;2;5475_-100;2;5475,9.60547945205479,Incidence,3.72485478958276e-09
NbyGQVwzFc_loc12_loop6,12,ITN 0%/IRS 0%/Larvicide 0%,0;0.4;0.4_0;0;0_0;0;0_-100;2;5475_-100;2;5475_-100;2;5475,9.60821917808219,Incidence,3.71839989537646e-09
NbyGQVwzFc_loc12_loop6,12,ITN 0%/IRS 0%/Larvicide 0%,0;0.4;0.4_0;0;0_0;0;0_-100;2;5475_-100;2;5475_-100;2;5475,9.61095890410959,Incidence,3.71195705176039e-09
NbyGQVwzFc_loc12_loop6,12,ITN 0%/IRS 0%/Larvicide 0%,0;0.4;0.4_0;0;0_0;0;0_-100;2;5475_-100;2;5475_-100;2;5475,9.61369863013699,Incidence,3.70552623953593e-09
NbyGQVwzFc_loc12_loop6,12,ITN 0%/IRS 0%/Larvicide 0%,0;0.4;0.4_0;0;0_0;0;0_-100;2;5475_-100;2;5475_-100;2;5475,9.61643835616438,Incidence,3.69910743949159e-09
NbyGQVwzFc_loc12_loop6,12,ITN 0%/IRS 0%/Larvicide 0%,0;0.4;0.4_0;0;0_0;0;0_-100;2;5475_-100;2;5475_-100;2;5475,9.61917808219178,Incidence,3.69270063240338e-09
NbyGQVwzFc_loc12_loop6,12,ITN 0%/IRS 0%/Larvicide 0%,0;0.4;0.4_0;0;0_0;0;0_-100;2;5475_-100;2;5475_-100;2;5475,9.62191780821918,Incidence,3.68630579903498e-09
NbyGQVwzFc_loc12_loop6,12,ITN 0%/IRS 0%/Larvicide 0%,0;0.4;0.4_0;0;0_0;0;0_-100;2;5475_-100;2;5475_-100;2;5475,9.62465753424657,Incidence,3.67992292013815e-09
NbyGQVwzFc_loc12_loop6,12,ITN 0%/IRS 0%/Larvicide 0%,0;0.4;0.4_0;0;0_0;0;0_-100;2;5475_-100;2;5475_-100;2;5475,9.62739726027397,Incidence,3.67355197645299e-09
NbyGQVwzFc_loc12_loop6,12,ITN 0%/IRS 0%/Larvicide 0%,0;0.4;0.4_0;0;0_0;0;0_-100;2;5475_-100;2;5475_-100;2;5475,9.63013698630137,Incidence,3.66719294870823e-09
NbyGQVwzFc_loc12_loop6,12,ITN 0%/IRS 0%/Larvicide 0%,0;0.4;0.4_0;0;0_0;0;0_-100;2;5475_-100;2;5475_-100;2;5475,9.63287671232877,Incidence,3.66084581762159e-09
NbyGQVwzFc_loc12_loop6,12,ITN 0%/IRS 0%/Larvicide 0%,0;0.4;0.4_0;0;0_0;0;0_-100;2;5475_-100;2;5475_-100;2;5475,9.63561643835616,Incidence,3.65451056390002e-09
NbyGQVwzFc_loc12_loop6,12,ITN 0%/IRS 0%/Larvicide 0%,0;0.4;0.4_0;0;0_0;0;0_-100;2;5475_-100;2;5475_-100;2;5475,9.63835616438356,Incidence,3.64818716824004e-09
NbyGQVwzFc_loc12_loop6,12,ITN 0%/IRS 0%/Larvicide 0%,0;0.4;0.4_0;0;0_0;0;0_-100;2;5475_-100;2;5475_-100;2;5475,9.64109589041096,Incidence,3.64187561131413e-09
NbyGQVwzFc_loc12_loop6,12,ITN 0%/IRS 0%/Larvicide 0%,0;0.4;0.4_0;0;0_0;0;0_-100;2;5475_-100;2;5475_-100;2;5475,9.64383561643836,Incidence,3.6355758734725e-09
NbyGQVwzFc_loc12_loop6,12,ITN 0%/IRS 0%/Larvicide 0%,0;0.4;0.4_0;0;0_0;0;0_-100;2;5475_-100;2;5475_-100;2;5475,9.64657534246575,Incidence,3.6292879353851e-09
NbyGQVwzFc_loc12_loop6,12,ITN 0%/IRS 0%/Larvicide 0%,0;0.4;0.4_0;0;0_0;0;0_-100;2;5475_-100;2;5475_-100;2;5475,9.64931506849315,Incidence,3.62301177789875e-09
NbyGQVwzFc_loc12_loop6,12,ITN 0%/IRS 0%/Larvicide 0%,0;0.4;0.4_0;0;0_0;0;0_-100;2;5475_-100;2;5475_-100;2;5475,9.65205479452055,Incidence,3.61674738185187e-09
NbyGQVwzFc_loc12_loop6,12,ITN 0%/IRS 0%/Larvicide 0%,0;0.4;0.4_0;0;0_0;0;0_-100;2;5475_-100;2;5475_-100;2;5475,9.65479452054795,Incidence,3.61049472807469e-09
NbyGQVwzFc_loc12_loop6,12,ITN 0%/IRS 0%/Larvicide 0%,0;0.4;0.4_0;0;0_0;0;0_-100;2;5475_-100;2;5475_-100;2;5475,9.65753424657534,Incidence,3.60425379738959e-09
NbyGQVwzFc_loc12_loop6,12,ITN 0%/IRS 0%/Larvicide 0%,0;0.4;0.4_0;0;0_0;0;0_-100;2;5475_-100;2;5475_-100;2;5475,9.66027397260274,Incidence,3.59802457061129e-09
NbyGQVwzFc_loc12_loop6,12,ITN 0%/IRS 0%/Larvicide 0%,0;0.4;0.4_0;0;0_0;0;0_-100;2;5475_-100;2;5475_-100;2;5475,9.66301369863014,Incidence,3.59180702854718e-09
NbyGQVwzFc_loc12_loop6,12,ITN 0%/IRS 0%/Larvicide 0%,0;0.4;0.4_0;0;0_0;0;0_-100;2;5475_-100;2;5475_-100;2;5475,9.66575342465753,Incidence,3.5856011519976e-09
NbyGQVwzFc_loc12_loop6,12,ITN 0%/IRS 0%/Larvicide 0%,0;0.4;0.4_0;0;0_0;0;0_-100;2;5475_-100;2;5475_-100;2;5475,9.66849315068493,Incidence,3.57940692175604e-09
NbyGQVwzFc_loc12_loop6,12,ITN 0%/IRS 0%/Larvicide 0%,0;0.4;0.4_0;0;0_0;0;0_-100;2;5475_-100;2;5475_-100;2;5475,9.67123287671233,Incidence,3.5732243186095e-09
NbyGQVwzFc_loc12_loop6,12,ITN 0%/IRS 0%/Larvicide 0%,0;0.4;0.4_0;0;0_0;0;0_-100;2;5475_-100;2;5475_-100;2;5475,9.67397260273973,Incidence,3.5670533233387e-09
NbyGQVwzFc_loc12_loop6,12,ITN 0%/IRS 0%/Larvicide 0%,0;0.4;0.4_0;0;0_0;0;0_-100;2;5475_-100;2;5475_-100;2;5475,9.67671232876712,Incidence,3.56089391671838e-09
NbyGQVwzFc_loc12_loop6,12,ITN 0%/IRS 0%/Larvicide 0%,0;0.4;0.4_0;0;0_0;0;0_-100;2;5475_-100;2;5475_-100;2;5475,9.67945205479452,Incidence,3.55474607951757e-09
NbyGQVwzFc_loc12_loop6,12,ITN 0%/IRS 0%/Larvicide 0%,0;0.4;0.4_0;0;0_0;0;0_-100;2;5475_-100;2;5475_-100;2;5475,9.68219178082192,Incidence,3.54860979249987e-09
NbyGQVwzFc_loc12_loop6,12,ITN 0%/IRS 0%/Larvicide 0%,0;0.4;0.4_0;0;0_0;0;0_-100;2;5475_-100;2;5475_-100;2;5475,9.68493150684932,Incidence,3.5424850364237e-09
NbyGQVwzFc_loc12_loop6,12,ITN 0%/IRS 0%/Larvicide 0%,0;0.4;0.4_0;0;0_0;0;0_-100;2;5475_-100;2;5475_-100;2;5475,9.68767123287671,Incidence,3.53637179204261e-09
NbyGQVwzFc_loc12_loop6,12,ITN 0%/IRS 0%/Larvicide 0%,0;0.4;0.4_0;0;0_0;0;0_-100;2;5475_-100;2;5475_-100;2;5475,9.69041095890411,Incidence,3.53027004010552e-09
NbyGQVwzFc_loc12_loop6,12,ITN 0%/IRS 0%/Larvicide 0%,0;0.4;0.4_0;0;0_0;0;0_-100;2;5475_-100;2;5475_-100;2;5475,9.69315068493151,Incidence,3.52417976135703e-09
NbyGQVwzFc_loc12_loop6,12,ITN 0%/IRS 0%/Larvicide 0%,0;0.4;0.4_0;0;0_0;0;0_-100;2;5475_-100;2;5475_-100;2;5475,9.6958904109589,Incidence,3.51810093653763e-09
NbyGQVwzFc_loc12_loop6,12,ITN 0%/IRS 0%/Larvicide 0%,0;0.4;0.4_0;0;0_0;0;0_-100;2;5475_-100;2;5475_-100;2;5475,9.6986301369863,Incidence,3.51203354638407e-09
NbyGQVwzFc_loc12_loop6,12,ITN 0%/IRS 0%/Larvicide 0%,0;0.4;0.4_0;0;0_0;0;0_-100;2;5475_-100;2;5475_-100;2;5475,9.7013698630137,Incidence,3.50597757162954e-09
NbyGQVwzFc_loc12_loop6,12,ITN 0%/IRS 0%/Larvicide 0%,0;0.4;0.4_0;0;0_0;0;0_-100;2;5475_-100;2;5475_-100;2;5475,9.7041095890411,Incidence,3.49993299300401e-09
NbyGQVwzFc_loc12_loop6,12,ITN 0%/IRS 0%/Larvicide 0%,0;0.4;0.4_0;0;0_0;0;0_-100;2;5475_-100;2;5475_-100;2;5475,9.70684931506849,Incidence,3.49389979110565e-09
NbyGQVwzFc_loc12_loop6,12,ITN 0%/IRS 0%/Larvicide 0%,0;0.4;0.4_0;0;0_0;0;0_-100;2;5475_-100;2;5475_-100;2;5475,9.70958904109589,Incidence,3.48787794643517e-09
NbyGQVwzFc_loc12_loop6,12,ITN 0%/IRS 0%/Larvicide 0%,0;0.4;0.4_0;0;0_0;0;0_-100;2;5475_-100;2;5475_-100;2;5475,9.71232876712329,Incidence,3.48186743988147e-09
NbyGQVwzFc_loc12_loop6,12,ITN 0%/IRS 0%/Larvicide 0%,0;0.4;0.4_0;0;0_0;0;0_-100;2;5475_-100;2;5475_-100;2;5475,9.71506849315069,Incidence,3.47586825234803e-09
NbyGQVwzFc_loc12_loop6,12,ITN 0%/IRS 0%/Larvicide 0%,0;0.4;0.4_0;0;0_0;0;0_-100;2;5475_-100;2;5475_-100;2;5475,9.71780821917808,Incidence,3.46988036473648e-09
NbyGQVwzFc_loc12_loop6,12,ITN 0%/IRS 0%/Larvicide 0%,0;0.4;0.4_0;0;0_0;0;0_-100;2;5475_-100;2;5475_-100;2;5475,9.72054794520548,Incidence,3.46390375794697e-09
NbyGQVwzFc_loc12_loop6,12,ITN 0%/IRS 0%/Larvicide 0%,0;0.4;0.4_0;0;0_0;0;0_-100;2;5475_-100;2;5475_-100;2;5475,9.72328767123288,Incidence,3.45793841287828e-09
NbyGQVwzFc_loc12_loop6,12,ITN 0%/IRS 0%/Larvicide 0%,0;0.4;0.4_0;0;0_0;0;0_-100;2;5475_-100;2;5475_-100;2;5475,9.72602739726027,Incidence,3.45198431042816e-09
NbyGQVwzFc_loc12_loop6,12,ITN 0%/IRS 0%/Larvicide 0%,0;0.4;0.4_0;0;0_0;0;0_-100;2;5475_-100;2;5475_-100;2;5475,9.72876712328767,Incidence,3.4460414314935e-09
NbyGQVwzFc_loc12_loop6,12,ITN 0%/IRS 0%/Larvicide 0%,0;0.4;0.4_0;0;0_0;0;0_-100;2;5475_-100;2;5475_-100;2;5475,9.73150684931507,Incidence,3.44010975697062e-09
NbyGQVwzFc_loc12_loop6,12,ITN 0%/IRS 0%/Larvicide 0%,0;0.4;0.4_0;0;0_0;0;0_-100;2;5475_-100;2;5475_-100;2;5475,9.73424657534247,Incidence,3.43418926775547e-09
NbyGQVwzFc_loc12_loop6,12,ITN 0%/IRS 0%/Larvicide 0%,0;0.4;0.4_0;0;0_0;0;0_-100;2;5475_-100;2;5475_-100;2;5475,9.73698630136986,Incidence,3.42827994474389e-09
NbyGQVwzFc_loc12_loop6,12,ITN 0%/IRS 0%/Larvicide 0%,0;0.4;0.4_0;0;0_0;0;0_-100;2;5475_-100;2;5475_-100;2;5475,9.73972602739726,Incidence,3.42238176883186e-09
NbyGQVwzFc_loc12_loop6,12,ITN 0%/IRS 0%/Larvicide 0%,0;0.4;0.4_0;0;0_0;0;0_-100;2;5475_-100;2;5475_-100;2;5475,9.74246575342466,Incidence,3.41649472091569e-09
NbyGQVwzFc_loc12_loop6,12,ITN 0%/IRS 0%/Larvicide 0%,0;0.4;0.4_0;0;0_0;0;0_-100;2;5475_-100;2;5475_-100;2;5475,9.74520547945206,Incidence,3.41061878189234e-09
NbyGQVwzFc_loc12_loop6,12,ITN 0%/IRS 0%/Larvicide 0%,0;0.4;0.4_0;0;0_0;0;0_-100;2;5475_-100;2;5475_-100;2;5475,9.74794520547945,Incidence,3.40475393265957e-09
NbyGQVwzFc_loc12_loop6,12,ITN 0%/IRS 0%/Larvicide 0%,0;0.4;0.4_0;0;0_0;0;0_-100;2;5475_-100;2;5475_-100;2;5475,9.75068493150685,Incidence,3.39890015411623e-09
NbyGQVwzFc_loc12_loop6,12,ITN 0%/IRS 0%/Larvicide 0%,0;0.4;0.4_0;0;0_0;0;0_-100;2;5475_-100;2;5475_-100;2;5475,9.75342465753425,Incidence,3.3930574271625e-09
NbyGQVwzFc_loc12_loop6,12,ITN 0%/IRS 0%/Larvicide 0%,0;0.4;0.4_0;0;0_0;0;0_-100;2;5475_-100;2;5475_-100;2;5475,9.75616438356164,Incidence,3.3872257327001e-09
NbyGQVwzFc_loc12_loop6,12,ITN 0%/IRS 0%/Larvicide 0%,0;0.4;0.4_0;0;0_0;0;0_-100;2;5475_-100;2;5475_-100;2;5475,9.75890410958904,Incidence,3.38140505163256e-09
NbyGQVwzFc_loc12_loop6,12,ITN 0%/IRS 0%/Larvicide 0%,0;0.4;0.4_0;0;0_0;0;0_-100;2;5475_-100;2;5475_-100;2;5475,9.76164383561644,Incidence,3.37559536486541e-09
NbyGQVwzFc_loc12_loop6,12,ITN 0%/IRS 0%/Larvicide 0%,0;0.4;0.4_0;0;0_0;0;0_-100;2;5475_-100;2;5475_-100;2;5475,9.76438356164384,Incidence,3.36979665330646e-09
NbyGQVwzFc_loc12_loop6,12,ITN 0%/IRS 0%/Larvicide 0%,0;0.4;0.4_0;0;0_0;0;0_-100;2;5475_-100;2;5475_-100;2;5475,9.76712328767123,Incidence,3.36400889786605e-09
NbyGQVwzFc_loc12_loop6,12,ITN 0%/IRS 0%/Larvicide 0%,0;0.4;0.4_0;0;0_0;0;0_-100;2;5475_-100;2;5475_-100;2;5475,9.76986301369863,Incidence,3.3582320794572e-09
NbyGQVwzFc_loc12_loop6,12,ITN 0%/IRS 0%/Larvicide 0%,0;0.4;0.4_0;0;0_0;0;0_-100;2;5475_-100;2;5475_-100;2;5475,9.77260273972603,Incidence,3.35246617889159e-09
NbyGQVwzFc_loc12_loop6,12,ITN 0%/IRS 0%/Larvicide 0%,0;0.4;0.4_0;0;0_0;0;0_-100;2;5475_-100;2;5475_-100;2;5475,9.77534246575343,Incidence,3.34671117688936e-09
NbyGQVwzFc_loc12_loop6,12,ITN 0%/IRS 0%/Larvicide 0%,0;0.4;0.4_0;0;0_0;0;0_-100;2;5475_-100;2;5475_-100;2;5475,9.77808219178082,Incidence,3.34096705453119e-09
NbyGQVwzFc_loc12_loop6,12,ITN 0%/IRS 0%/Larvicide 0%,0;0.4;0.4_0;0;0_0;0;0_-100;2;5475_-100;2;5475_-100;2;5475,9.78082191780822,Incidence,3.33523379292e-09
NbyGQVwzFc_loc12_loop6,12,ITN 0%/IRS 0%/Larvicide 0%,0;0.4;0.4_0;0;0_0;0;0_-100;2;5475_-100;2;5475_-100;2;5475,9.78356164383562,Incidence,3.32951137316243e-09
NbyGQVwzFc_loc12_loop6,12,ITN 0%/IRS 0%/Larvicide 0%,0;0.4;0.4_0;0;0_0;0;0_-100;2;5475_-100;2;5475_-100;2;5475,9.78630136986301,Incidence,3.32379977636906e-09
NbyGQVwzFc_loc12_loop6,12,ITN 0%/IRS 0%/Larvicide 0%,0;0.4;0.4_0;0;0_0;0;0_-100;2;5475_-100;2;5475_-100;2;5475,9.78904109589041,Incidence,3.3180989836546e-09
NbyGQVwzFc_loc12_loop6,12,ITN 0%/IRS 0%/Larvicide 0%,0;0.4;0.4_0;0;0_0;0;0_-100;2;5475_-100;2;5475_-100;2;5475,9.79178082191781,Incidence,3.31240897613811e-09
NbyGQVwzFc_loc12_loop6,12,ITN 0%/IRS 0%/Larvicide 0%,0;0.4;0.4_0;0;0_0;0;0_-100;2;5475_-100;2;5475_-100;2;5475,9.79452054794521,Incidence,3.30672973494319e-09
NbyGQVwzFc_loc12_loop6,12,ITN 0%/IRS 0%/Larvicide 0%,0;0.4;0.4_0;0;0_0;0;0_-100;2;5475_-100;2;5475_-100;2;5475,9.7972602739726,Incidence,3.3010612411982e-09
NbyGQVwzFc_loc12_loop6,12,ITN 0%/IRS 0%/Larvicide 0%,0;0.4;0.4_0;0;0_0;0;0_-100;2;5475_-100;2;5475_-100;2;5475,9.8,Incidence,3.29540347603647e-09
NbyGQVwzFc_loc12_loop6,12,ITN 0%/IRS 0%/Larvicide 0%,0;0.4;0.4_0;0;0_0;0;0_-100;2;5475_-100;2;5475_-100;2;5475,9.8027397260274,Incidence,3.28975642059649e-09
NbyGQVwzFc_loc12_loop6,12,ITN 0%/IRS 0%/Larvicide 0%,0;0.4;0.4_0;0;0_0;0;0_-100;2;5475_-100;2;5475_-100;2;5475,9.80547945205479,Incidence,3.28412005602213e-09
NbyGQVwzFc_loc12_loop6,12,ITN 0%/IRS 0%/Larvicide 0%,0;0.4;0.4_0;0;0_0;0;0_-100;2;5475_-100;2;5475_-100;2;5475,9.80821917808219,Incidence,3.27849436346283e-09
NbyGQVwzFc_loc12_loop6,12,ITN 0%/IRS 0%/Larvicide 0%,0;0.4;0.4_0;0;0_0;0;0_-100;2;5475_-100;2;5475_-100;2;5475,9.81095890410959,Incidence,3.27287932407381e-09
NbyGQVwzFc_loc12_loop6,12,ITN 0%/IRS 0%/Larvicide 0%,0;0.4;0.4_0;0;0_0;0;0_-100;2;5475_-100;2;5475_-100;2;5475,9.81369863013699,Incidence,3.26727491901628e-09
NbyGQVwzFc_loc12_loop6,12,ITN 0%/IRS 0%/Larvicide 0%,0;0.4;0.4_0;0;0_0;0;0_-100;2;5475_-100;2;5475_-100;2;5475,9.81643835616438,Incidence,3.26168112945764e-09
NbyGQVwzFc_loc12_loop6,12,ITN 0%/IRS 0%/Larvicide 0%,0;0.4;0.4_0;0;0_0;0;0_-100;2;5475_-100;2;5475_-100;2;5475,9.81917808219178,Incidence,3.25609793657168e-09
NbyGQVwzFc_loc12_loop6,12,ITN 0%/IRS 0%/Larvicide 0%,0;0.4;0.4_0;0;0_0;0;0_-100;2;5475_-100;2;5475_-100;2;5475,9.82191780821918,Incidence,3.25052532153879e-09
NbyGQVwzFc_loc12_loop6,12,ITN 0%/IRS 0%/Larvicide 0%,0;0.4;0.4_0;0;0_0;0;0_-100;2;5475_-100;2;5475_-100;2;5475,9.82465753424658,Incidence,3.24496326554614e-09
NbyGQVwzFc_loc12_loop6,12,ITN 0%/IRS 0%/Larvicide 0%,0;0.4;0.4_0;0;0_0;0;0_-100;2;5475_-100;2;5475_-100;2;5475,9.82739726027397,Incidence,3.23941174978794e-09
NbyGQVwzFc_loc12_loop6,12,ITN 0%/IRS 0%/Larvicide 0%,0;0.4;0.4_0;0;0_0;0;0_-100;2;5475_-100;2;5475_-100;2;5475,9.83013698630137,Incidence,3.23387075546556e-09
NbyGQVwzFc_loc12_loop6,12,ITN 0%/IRS 0%/Larvicide 0%,0;0.4;0.4_0;0;0_0;0;0_-100;2;5475_-100;2;5475_-100;2;5475,9.83287671232877,Incidence,3.2283402637878e-09
NbyGQVwzFc_loc12_loop6,12,ITN 0%/IRS 0%/Larvicide 0%,0;0.4;0.4_0;0;0_0;0;0_-100;2;5475_-100;2;5475_-100;2;5475,9.83561643835616,Incidence,3.22282025597103e-09
NbyGQVwzFc_loc12_loop6,12,ITN 0%/IRS 0%/Larvicide 0%,0;0.4;0.4_0;0;0_0;0;0_-100;2;5475_-100;2;5475_-100;2;5475,9.83835616438356,Incidence,3.21731071323757e-09
NbyGQVwzFc_loc12_loop6,12,ITN 0%/IRS 0%/Larvicide 0%,0;0.4;0.4_0;0;0_0;0;0_-100;2;5475_-100;2;5475_-100;2;5475,9.84109589041096,Incidence,3.21181161662372e-09
NbyGQVwzFc_loc12_loop6,12,ITN 0%/IRS 0%/Larvicide 0%,0;0.4;0.4_0;0;0_0;0;0_-100;2;5475_-100;2;5475_-100;2;5475,9.84383561643836,Incidence,3.20632294735696e-09
NbyGQVwzFc_loc12_loop6,12,ITN 0%/IRS 0%/Larvicide 0%,0;0.4;0.4_0;0;0_0;0;0_-100;2;5475_-100;2;5475_-100;2;5475,9.84657534246575,Incidence,3.20084468685436e-09
NbyGQVwzFc_loc12_loop6,12,ITN 0%/IRS 0%/Larvicide 0%,0;0.4;0.4_0;0;0_0;0;0_-100;2;5475_-100;2;5475_-100;2;5475,9.84931506849315,Incidence,3.19537681654116e-09
NbyGQVwzFc_loc12_loop6,12,ITN 0%/IRS 0%/Larvicide 0%,0;0.4;0.4_0;0;0_0;0;0_-100;2;5475_-100;2;5475_-100;2;5475,9.85205479452055,Incidence,3.18991931785103e-09
NbyGQVwzFc_loc12_loop6,12,ITN 0%/IRS 0%/Larvicide 0%,0;0.4;0.4_0;0;0_0;0;0_-100;2;5475_-100;2;5475_-100;2;5475,9.85479452054794,Incidence,3.18447217222617e-09
NbyGQVwzFc_loc12_loop6,12,ITN 0%/IRS 0%/Larvicide 0%,0;0.4;0.4_0;0;0_0;0;0_-100;2;5475_-100;2;5475_-100;2;5475,9.85753424657534,Incidence,3.17903536111751e-09
NbyGQVwzFc_loc12_loop6,12,ITN 0%/IRS 0%/Larvicide 0%,0;0.4;0.4_0;0;0_0;0;0_-100;2;5475_-100;2;5475_-100;2;5475,9.86027397260274,Incidence,3.17360886598492e-09
NbyGQVwzFc_loc12_loop6,12,ITN 0%/IRS 0%/Larvicide 0%,0;0.4;0.4_0;0;0_0;0;0_-100;2;5475_-100;2;5475_-100;2;5475,9.86301369863014,Incidence,3.16819266829735e-09
NbyGQVwzFc_loc12_loop6,12,ITN 0%/IRS 0%/Larvicide 0%,0;0.4;0.4_0;0;0_0;0;0_-100;2;5475_-100;2;5475_-100;2;5475,9.86575342465753,Incidence,3.16278674953299e-09
NbyGQVwzFc_loc12_loop6,12,ITN 0%/IRS 0%/Larvicide 0%,0;0.4;0.4_0;0;0_0;0;0_-100;2;5475_-100;2;5475_-100;2;5475,9.86849315068493,Incidence,3.15739109117947e-09
NbyGQVwzFc_loc12_loop6,12,ITN 0%/IRS 0%/Larvicide 0%,0;0.4;0.4_0;0;0_0;0;0_-100;2;5475_-100;2;5475_-100;2;5475,9.87123287671233,Incidence,3.15200567473405e-09
NbyGQVwzFc_loc12_loop6,12,ITN 0%/IRS 0%/Larvicide 0%,0;0.4;0.4_0;0;0_0;0;0_-100;2;5475_-100;2;5475_-100;2;5475,9.87397260273973,Incidence,3.14663048170375e-09
NbyGQVwzFc_loc12_loop6,12,ITN 0%/IRS 0%/Larvicide 0%,0;0.4;0.4_0;0;0_0;0;0_-100;2;5475_-100;2;5475_-100;2;5475,9.87671232876712,Incidence,3.14126549360557e-09
NbyGQVwzFc_loc12_loop6,12,ITN 0%/IRS 0%/Larvicide 0%,0;0.4;0.4_0;0;0_0;0;0_-100;2;5475_-100;2;5475_-100;2;5475,9.87945205479452,Incidence,3.13591069196662e-09
NbyGQVwzFc_loc12_loop6,12,ITN 0%/IRS 0%/Larvicide 0%,0;0.4;0.4_0;0;0_0;0;0_-100;2;5475_-100;2;5475_-100;2;5475,9.88219178082192,Incidence,3.13056605832431e-09
NbyGQVwzFc_loc12_loop6,12,ITN 0%/IRS 0%/Larvicide 0%,0;0.4;0.4_0;0;0_0;0;0_-100;2;5475_-100;2;5475_-100;2;5475,9.88493150684931,Incidence,3.12523157422656e-09
NbyGQVwzFc_loc12_loop6,12,ITN 0%/IRS 0%/Larvicide 0%,0;0.4;0.4_0;0;0_0;0;0_-100;2;5475_-100;2;5475_-100;2;5475,9.88767123287671,Incidence,3.11990722123188e-09
NbyGQVwzFc_loc12_loop6,12,ITN 0%/IRS 0%/Larvicide 0%,0;0.4;0.4_0;0;0_0;0;0_-100;2;5475_-100;2;5475_-100;2;5475,9.89041095890411,Incidence,3.11459298090963e-09
NbyGQVwzFc_loc12_loop6,12,ITN 0%/IRS 0%/Larvicide 0%,0;0.4;0.4_0;0;0_0;0;0_-100;2;5475_-100;2;5475_-100;2;5475,9.89315068493151,Incidence,3.10928883484015e-09
NbyGQVwzFc_loc12_loop6,12,ITN 0%/IRS 0%/Larvicide 0%,0;0.4;0.4_0;0;0_0;0;0_-100;2;5475_-100;2;5475_-100;2;5475,9.8958904109589,Incidence,3.10399476461494e-09
NbyGQVwzFc_loc12_loop6,12,ITN 0%/IRS 0%/Larvicide 0%,0;0.4;0.4_0;0;0_0;0;0_-100;2;5475_-100;2;5475_-100;2;5475,9.8986301369863,Incidence,3.09871075183683e-09
NbyGQVwzFc_loc12_loop6,12,ITN 0%/IRS 0%/Larvicide 0%,0;0.4;0.4_0;0;0_0;0;0_-100;2;5475_-100;2;5475_-100;2;5475,9.9013698630137,Incidence,3.09343677812012e-09
NbyGQVwzFc_loc12_loop6,12,ITN 0%/IRS 0%/Larvicide 0%,0;0.4;0.4_0;0;0_0;0;0_-100;2;5475_-100;2;5475_-100;2;5475,9.9041095890411,Incidence,3.08817282509081e-09
NbyGQVwzFc_loc12_loop6,12,ITN 0%/IRS 0%/Larvicide 0%,0;0.4;0.4_0;0;0_0;0;0_-100;2;5475_-100;2;5475_-100;2;5475,9.90684931506849,Incidence,3.0829188743867e-09
NbyGQVwzFc_loc12_loop6,12,ITN 0%/IRS 0%/Larvicide 0%,0;0.4;0.4_0;0;0_0;0;0_-100;2;5475_-100;2;5475_-100;2;5475,9.90958904109589,Incidence,3.07767490754619e-09
NbyGQVwzFc_loc12_loop6,12,ITN 0%/IRS 0%/Larvicide 0%,0;0.4;0.4_0;0;0_0;0;0_-100;2;5475_-100;2;5475_-100;2;5475,9.91232876712329,Incidence,3.0724409061359e-09
NbyGQVwzFc_loc12_loop6,12,ITN 0%/IRS 0%/Larvicide 0%,0;0.4;0.4_0;0;0_0;0;0_-100;2;5475_-100;2;5475_-100;2;5475,9.91506849315068,Incidence,3.06721685198555e-09
NbyGQVwzFc_loc12_loop6,12,ITN 0%/IRS 0%/Larvicide 0%,0;0.4;0.4_0;0;0_0;0;0_-100;2;5475_-100;2;5475_-100;2;5475,9.91780821917808,Incidence,3.06200272694028e-09
NbyGQVwzFc_loc12_loop6,12,ITN 0%/IRS 0%/Larvicide 0%,0;0.4;0.4_0;0;0_0;0;0_-100;2;5475_-100;2;5475_-100;2;5475,9.92054794520548,Incidence,3.05679851285732e-09
NbyGQVwzFc_loc12_loop6,12,ITN 0%/IRS 0%/Larvicide 0%,0;0.4;0.4_0;0;0_0;0;0_-100;2;5475_-100;2;5475_-100;2;5475,9.92328767123288,Incidence,3.05160419160617e-09
NbyGQVwzFc_loc12_loop6,12,ITN 0%/IRS 0%/Larvicide 0%,0;0.4;0.4_0;0;0_0;0;0_-100;2;5475_-100;2;5475_-100;2;5475,9.92602739726027,Incidence,3.04641974506867e-09
NbyGQVwzFc_loc12_loop6,12,ITN 0%/IRS 0%/Larvicide 0%,0;0.4;0.4_0;0;0_0;0;0_-100;2;5475_-100;2;5475_-100;2;5475,9.92876712328767,Incidence,3.04124515513923e-09
NbyGQVwzFc_loc12_loop6,12,ITN 0%/IRS 0%/Larvicide 0%,0;0.4;0.4_0;0;0_0;0;0_-100;2;5475_-100;2;5475_-100;2;5475,9.93150684931507,Incidence,3.03608040372491e-09
NbyGQVwzFc_loc12_loop6,12,ITN 0%/IRS 0%/Larvicide 0%,0;0.4;0.4_0;0;0_0;0;0_-100;2;5475_-100;2;5475_-100;2;5475,9.93424657534247,Incidence,3.03092547274563e-09
NbyGQVwzFc_loc12_loop6,12,ITN 0%/IRS 0%/Larvicide 0%,0;0.4;0.4_0;0;0_0;0;0_-100;2;5475_-100;2;5475_-100;2;5475,9.93698630136986,Incidence,3.02578034413427e-09
NbyGQVwzFc_loc12_loop6,12,ITN 0%/IRS 0%/Larvicide 0%,0;0.4;0.4_0;0;0_0;0;0_-100;2;5475_-100;2;5475_-100;2;5475,9.93972602739726,Incidence,3.02064499983684e-09
NbyGQVwzFc_loc12_loop6,12,ITN 0%/IRS 0%/Larvicide 0%,0;0.4;0.4_0;0;0_0;0;0_-100;2;5475_-100;2;5475_-100;2;5475,9.94246575342466,Incidence,3.0155194218126e-09
NbyGQVwzFc_loc12_loop6,12,ITN 0%/IRS 0%/Larvicide 0%,0;0.4;0.4_0;0;0_0;0;0_-100;2;5475_-100;2;5475_-100;2;5475,9.94520547945205,Incidence,3.01040359203422e-09
NbyGQVwzFc_loc12_loop6,12,ITN 0%/IRS 0%/Larvicide 0%,0;0.4;0.4_0;0;0_0;0;0_-100;2;5475_-100;2;5475_-100;2;5475,9.94794520547945,Incidence,3.00529749248795e-09
NbyGQVwzFc_loc12_loop6,12,ITN 0%/IRS 0%/Larvicide 0%,0;0.4;0.4_0;0;0_0;0;0_-100;2;5475_-100;2;5475_-100;2;5475,9.95068493150685,Incidence,3.00020110517371e-09
NbyGQVwzFc_loc12_loop6,12,ITN 0%/IRS 0%/Larvicide 0%,0;0.4;0.4_0;0;0_0;0;0_-100;2;5475_-100;2;5475_-100;2;5475,9.95342465753425,Incidence,2.99511441210529e-09
NbyGQVwzFc_loc12_loop6,12,ITN 0%/IRS 0%/Larvicide 0%,0;0.4;0.4_0;0;0_0;0;0_-100;2;5475_-100;2;5475_-100;2;5475,9.95616438356164,Incidence,2.99003739531044e-09
NbyGQVwzFc_loc12_loop6,12,ITN 0%/IRS 0%/Larvicide 0%,0;0.4;0.4_0;0;0_0;0;0_-100;2;5475_-100;2;5475_-100;2;5475,9.95890410958904,Incidence,2.98497003683106e-09
NbyGQVwzFc_loc12_loop6,12,ITN 0%/IRS 0%/Larvicide 0%,0;0.4;0.4_0;0;0_0;0;0_-100;2;5475_-100;2;5475_-100;2;5475,9.96164383561644,Incidence,2.97991231872331e-09
NbyGQVwzFc_loc12_loop6,12,ITN 0%/IRS 0%/Larvicide 0%,0;0.4;0.4_0;0;0_0;0;0_-100;2;5475_-100;2;5475_-100;2;5475,9.96438356164384,Incidence,2.97486422305776e-09
NbyGQVwzFc_loc12_loop6,12,ITN 0%/IRS 0%/Larvicide 0%,0;0.4;0.4_0;0;0_0;0;0_-100;2;5475_-100;2;5475_-100;2;5475,9.96712328767123,Incidence,2.96982573191954e-09
NbyGQVwzFc_loc12_loop6,12,ITN 0%/IRS 0%/Larvicide 0%,0;0.4;0.4_0;0;0_0;0;0_-100;2;5475_-100;2;5475_-100;2;5475,9.96986301369863,Incidence,2.96479682740846e-09
NbyGQVwzFc_loc12_loop6,12,ITN 0%/IRS 0%/Larvicide 0%,0;0.4;0.4_0;0;0_0;0;0_-100;2;5475_-100;2;5475_-100;2;5475,9.97260273972603,Incidence,2.95977749163918e-09
NbyGQVwzFc_loc12_loop6,12,ITN 0%/IRS 0%/Larvicide 0%,0;0.4;0.4_0;0;0_0;0;0_-100;2;5475_-100;2;5475_-100;2;5475,9.97534246575342,Incidence,2.95476770674131e-09
NbyGQVwzFc_loc12_loop6,12,ITN 0%/IRS 0%/Larvicide 0%,0;0.4;0.4_0;0;0_0;0;0_-100;2;5475_-100;2;5475_-100;2;5475,9.97808219178082,Incidence,2.9497674548596e-09
NbyGQVwzFc_loc12_loop6,12,ITN 0%/IRS 0%/Larvicide 0%,0;0.4;0.4_0;0;0_0;0;0_-100;2;5475_-100;2;5475_-100;2;5475,9.98082191780822,Incidence,2.94477671803598e-09
NbyGQVwzFc_loc12_loop6,12,ITN 0%/IRS 0%/Larvicide 0%,0;0.4;0.4_0;0;0_0;0;0_-100;2;5475_-100;2;5475_-100;2;5475,9.98356164383562,Incidence,2.93979547840502e-09
NbyGQVwzFc_loc12_loop6,12,ITN 0%/IRS 0%/Larvicide 0%,0;0.4;0.4_0;0;0_0;0;0_-100;2;5475_-100;2;5475_-100;2;5475,9.98630136986301,Incidence,2.93482371830597e-09
NbyGQVwzFc_loc12_loop6,12,ITN 0%/IRS 0%/Larvicide 0%,0;0.4;0.4_0;0;0_0;0;0_-100;2;5475_-100;2;5475_-100;2;5475,9.98904109589041,Incidence,2.92986142009328e-09
NbyGQVwzFc_loc12_loop6,12,ITN 0%/IRS 0%/Larvicide 0%,0;0.4;0.4_0;0;0_0;0;0_-100;2;5475_-100;2;5475_-100;2;5475,9.99178082191781,Incidence,2.92490856613652e-09
NbyGQVwzFc_loc12_loop6,12,ITN 0%/IRS 0%/Larvicide 0%,0;0.4;0.4_0;0;0_0;0;0_-100;2;5475_-100;2;5475_-100;2;5475,9.99452054794521,Incidence,2.91996513882046e-09
NbyGQVwzFc_loc12_loop6,12,ITN 0%/IRS 0%/Larvicide 0%,0;0.4;0.4_0;0;0_0;0;0_-100;2;5475_-100;2;5475_-100;2;5475,9.9972602739726,Incidence,2.91503112054525e-09
NbyGQVwzFc_loc12_loop6,12,ITN 0%/IRS 0%/Larvicide 0%,0;0.4;0.4_0;0;0_0;0;0_-100;2;5475_-100;2;5475_-100;2;5475,10,Incidence,2.91010649372649e-09
NbyGQVwzFc_loc12_loop6,12,ITN 0%/IRS 0%/Larvicide 0%,0;0.4;0.4_0;0;0_0;0;0_-100;2;5475_-100;2;5475_-100;2;5475,10.0027397260274,Incidence,2.90519124079538e-09
NbyGQVwzFc_loc12_loop6,12,ITN 0%/IRS 0%/Larvicide 0%,0;0.4;0.4_0;0;0_0;0;0_-100;2;5475_-100;2;5475_-100;2;5475,10.0054794520548,Incidence,2.90028534419883e-09
NbyGQVwzFc_loc12_loop6,12,ITN 0%/IRS 0%/Larvicide 0%,0;0.4;0.4_0;0;0_0;0;0_-100;2;5475_-100;2;5475_-100;2;5475,10.0082191780822,Incidence,2.89538878639962e-09
NbyGQVwzFc_loc12_loop6,12,ITN 0%/IRS 0%/Larvicide 0%,0;0.4;0.4_0;0;0_0;0;0_-100;2;5475_-100;2;5475_-100;2;5475,10.0109589041096,Incidence,2.89050154987644e-09
NbyGQVwzFc_loc12_loop6,12,ITN 0%/IRS 0%/Larvicide 0%,0;0.4;0.4_0;0;0_0;0;0_-100;2;5475_-100;2;5475_-100;2;5475,10.013698630137,Incidence,2.88562361712407e-09
NbyGQVwzFc_loc12_loop6,12,ITN 0%/IRS 0%/Larvicide 0%,0;0.4;0.4_0;0;0_0;0;0_-100;2;5475_-100;2;5475_-100;2;5475,10.0164383561644,Incidence,2.88075497065351e-09
NbyGQVwzFc_loc12_loop6,12,ITN 0%/IRS 0%/Larvicide 0%,0;0.4;0.4_0;0;0_0;0;0_-100;2;5475_-100;2;5475_-100;2;5475,10.0191780821918,Incidence,2.87589559299204e-09
NbyGQVwzFc_loc12_loop6,12,ITN 0%/IRS 0%/Larvicide 0%,0;0.4;0.4_0;0;0_0;0;0_-100;2;5475_-100;2;5475_-100;2;5475,10.0219178082192,Incidence,2.87104546668339e-09
NbyGQVwzFc_loc12_loop6,12,ITN 0%/IRS 0%/Larvicide 0%,0;0.4;0.4_0;0;0_0;0;0_-100;2;5475_-100;2;5475_-100;2;5475,10.0246575342466,Incidence,2.86620457428786e-09
NbyGQVwzFc_loc12_loop6,12,ITN 0%/IRS 0%/Larvicide 0%,0;0.4;0.4_0;0;0_0;0;0_-100;2;5475_-100;2;5475_-100;2;5475,10.027397260274,Incidence,2.86137289838238e-09
NbyGQVwzFc_loc12_loop6,12,ITN 0%/IRS 0%/Larvicide 0%,0;0.4;0.4_0;0;0_0;0;0_-100;2;5475_-100;2;5475_-100;2;5475,10.0301369863014,Incidence,2.85655042156069e-09
NbyGQVwzFc_loc12_loop6,12,ITN 0%/IRS 0%/Larvicide 0%,0;0.4;0.4_0;0;0_0;0;0_-100;2;5475_-100;2;5475_-100;2;5475,10.0328767123288,Incidence,2.85173712643342e-09
NbyGQVwzFc_loc12_loop6,12,ITN 0%/IRS 0%/Larvicide 0%,0;0.4;0.4_0;0;0_0;0;0_-100;2;5475_-100;2;5475_-100;2;5475,10.0356164383562,Incidence,2.84693299562823e-09
NbyGQVwzFc_loc12_loop6,12,ITN 0%/IRS 0%/Larvicide 0%,0;0.4;0.4_0;0;0_0;0;0_-100;2;5475_-100;2;5475_-100;2;5475,10.0383561643836,Incidence,2.84213801178988e-09
NbyGQVwzFc_loc12_loop6,12,ITN 0%/IRS 0%/Larvicide 0%,0;0.4;0.4_0;0;0_0;0;0_-100;2;5475_-100;2;5475_-100;2;5475,10.041095890411,Incidence,2.83735215758043e-09
NbyGQVwzFc_loc12_loop6,12,ITN 0%/IRS 0%/Larvicide 0%,0;0.4;0.4_0;0;0_0;0;0_-100;2;5475_-100;2;5475_-100;2;5475,10.0438356164384,Incidence,2.83257541567925e-09
NbyGQVwzFc_loc12_loop6,12,ITN 0%/IRS 0%/Larvicide 0%,0;0.4;0.4_0;0;0_0;0;0_-100;2;5475_-100;2;5475_-100;2;5475,10.0465753424658,Incidence,2.82780776878321e-09
NbyGQVwzFc_loc12_loop6,12,ITN 0%/IRS 0%/Larvicide 0%,0;0.4;0.4_0;0;0_0;0;0_-100;2;5475_-100;2;5475_-100;2;5475,10.0493150684932,Incidence,2.82304919960675e-09
NbyGQVwzFc_loc12_loop6,12,ITN 0%/IRS 0%/Larvicide 0%,0;0.4;0.4_0;0;0_0;0;0_-100;2;5475_-100;2;5475_-100;2;5475,10.0520547945205,Incidence,2.8182996908656e-09
NbyGQVwzFc_loc12_loop6,12,ITN 0%/IRS 0%/Larvicide 0%,0;0.4;0.4_0;0;0_0;0;0_-100;2;5475_-100;2;5475_-100;2;5475,10.0547945205479,Incidence,2.8135592251734e-09
NbyGQVwzFc_loc12_loop6,12,ITN 0%/IRS 0%/Larvicide 0%,0;0.4;0.4_0;0;0_0;0;0_-100;2;5475_-100;2;5475_-100;2;5475,10.0575342465753,Incidence,2.80882778537773e-09
NbyGQVwzFc_loc12_loop6,12,ITN 0%/IRS 0%/Larvicide 0%,0;0.4;0.4_0;0;0_0;0;0_-100;2;5475_-100;2;5475_-100;2;5475,10.0602739726027,Incidence,2.804105354402e-09
NbyGQVwzFc_loc12_loop6,12,ITN 0%/IRS 0%/Larvicide 0%,0;0.4;0.4_0;0;0_0;0;0_-100;2;5475_-100;2;5475_-100;2;5475,10.0630136986301,Incidence,2.799391915187e-09
NbyGQVwzFc_loc12_loop6,12,ITN 0%/IRS 0%/Larvicide 0%,0;0.4;0.4_0;0;0_0;0;0_-100;2;5475_-100;2;5475_-100;2;5475,10.0657534246575,Incidence,2.79468745069101e-09
NbyGQVwzFc_loc12_loop6,12,ITN 0%/IRS 0%/Larvicide 0%,0;0.4;0.4_0;0;0_0;0;0_-100;2;5475_-100;2;5475_-100;2;5475,10.0684931506849,Incidence,2.78999194388986e-09
NbyGQVwzFc_loc12_loop6,12,ITN 0%/IRS 0%/Larvicide 0%,0;0.4;0.4_0;0;0_0;0;0_-100;2;5475_-100;2;5475_-100;2;5475,10.0712328767123,Incidence,2.78530537777709e-09
NbyGQVwzFc_loc12_loop6,12,ITN 0%/IRS 0%/Larvicide 0%,0;0.4;0.4_0;0;0_0;0;0_-100;2;5475_-100;2;5475_-100;2;5475,10.0739726027397,Incidence,2.780627735364e-09
NbyGQVwzFc_loc12_loop6,12,ITN 0%/IRS 0%/Larvicide 0%,0;0.4;0.4_0;0;0_0;0;0_-100;2;5475_-100;2;5475_-100;2;5475,10.0767123287671,Incidence,2.77595899967977e-09
NbyGQVwzFc_loc12_loop6,12,ITN 0%/IRS 0%/Larvicide 0%,0;0.4;0.4_0;0;0_0;0;0_-100;2;5475_-100;2;5475_-100;2;5475,10.0794520547945,Incidence,2.77129915377157e-09
NbyGQVwzFc_loc12_loop6,12,ITN 0%/IRS 0%/Larvicide 0%,0;0.4;0.4_0;0;0_0;0;0_-100;2;5475_-100;2;5475_-100;2;5475,10.0821917808219,Incidence,2.76664818070463e-09
NbyGQVwzFc_loc12_loop6,12,ITN 0%/IRS 0%/Larvicide 0%,0;0.4;0.4_0;0;0_0;0;0_-100;2;5475_-100;2;5475_-100;2;5475,10.0849315068493,Incidence,2.76200606356237e-09
NbyGQVwzFc_loc12_loop6,12,ITN 0%/IRS 0%/Larvicide 0%,0;0.4;0.4_0;0;0_0;0;0_-100;2;5475_-100;2;5475_-100;2;5475,10.0876712328767,Incidence,2.75737278544645e-09
NbyGQVwzFc_loc12_loop6,12,ITN 0%/IRS 0%/Larvicide 0%,0;0.4;0.4_0;0;0_0;0;0_-100;2;5475_-100;2;5475_-100;2;5475,10.0904109589041,Incidence,2.75274832947692e-09
NbyGQVwzFc_loc12_loop6,12,ITN 0%/IRS 0%/Larvicide 0%,0;0.4;0.4_0;0;0_0;0;0_-100;2;5475_-100;2;5475_-100;2;5475,10.0931506849315,Incidence,2.74813267879229e-09
NbyGQVwzFc_loc12_loop6,12,ITN 0%/IRS 0%/Larvicide 0%,0;0.4;0.4_0;0;0_0;0;0_-100;2;5475_-100;2;5475_-100;2;5475,10.0958904109589,Incidence,2.7435258165496e-09
NbyGQVwzFc_loc12_loop6,12,ITN 0%/IRS 0%/Larvicide 0%,0;0.4;0.4_0;0;0_0;0;0_-100;2;5475_-100;2;5475_-100;2;5475,10.0986301369863,Incidence,2.73892772592457e-09
NbyGQVwzFc_loc12_loop6,12,ITN 0%/IRS 0%/Larvicide 0%,0;0.4;0.4_0;0;0_0;0;0_-100;2;5475_-100;2;5475_-100;2;5475,10.1013698630137,Incidence,2.73433839011165e-09
NbyGQVwzFc_loc12_loop6,12,ITN 0%/IRS 0%/Larvicide 0%,0;0.4;0.4_0;0;0_0;0;0_-100;2;5475_-100;2;5475_-100;2;5475,10.1041095890411,Incidence,2.72975779232413e-09
NbyGQVwzFc_loc12_loop6,12,ITN 0%/IRS 0%/Larvicide 0%,0;0.4;0.4_0;0;0_0;0;0_-100;2;5475_-100;2;5475_-100;2;5475,10.1068493150685,Incidence,2.72518591579424e-09
NbyGQVwzFc_loc12_loop6,12,ITN 0%/IRS 0%/Larvicide 0%,0;0.4;0.4_0;0;0_0;0;0_-100;2;5475_-100;2;5475_-100;2;5475,10.1095890410959,Incidence,2.72062274377322e-09
NbyGQVwzFc_loc12_loop6,12,ITN 0%/IRS 0%/Larvicide 0%,0;0.4;0.4_0;0;0_0;0;0_-100;2;5475_-100;2;5475_-100;2;5475,10.1123287671233,Incidence,2.71606825953145e-09
NbyGQVwzFc_loc12_loop6,12,ITN 0%/IRS 0%/Larvicide 0%,0;0.4;0.4_0;0;0_0;0;0_-100;2;5475_-100;2;5475_-100;2;5475,10.1150684931507,Incidence,2.71152244635849e-09
NbyGQVwzFc_loc12_loop6,12,ITN 0%/IRS 0%/Larvicide 0%,0;0.4;0.4_0;0;0_0;0;0_-100;2;5475_-100;2;5475_-100;2;5475,10.1178082191781,Incidence,2.70698528756321e-09
NbyGQVwzFc_loc12_loop6,12,ITN 0%/IRS 0%/Larvicide 0%,0;0.4;0.4_0;0;0_0;0;0_-100;2;5475_-100;2;5475_-100;2;5475,10.1205479452055,Incidence,2.70245676647389e-09
NbyGQVwzFc_loc12_loop6,12,ITN 0%/IRS 0%/Larvicide 0%,0;0.4;0.4_0;0;0_0;0;0_-100;2;5475_-100;2;5475_-100;2;5475,10.1232876712329,Incidence,2.69793686643826e-09
NbyGQVwzFc_loc12_loop6,12,ITN 0%/IRS 0%/Larvicide 0%,0;0.4;0.4_0;0;0_0;0;0_-100;2;5475_-100;2;5475_-100;2;5475,10.1260273972603,Incidence,2.69342557082356e-09
NbyGQVwzFc_loc12_loop6,12,ITN 0%/IRS 0%/Larvicide 0%,0;0.4;0.4_0;0;0_0;0;0_-100;2;5475_-100;2;5475_-100;2;5475,10.1287671232877,Incidence,2.68892286292166e-09
NbyGQVwzFc_loc12_loop6,12,ITN 0%/IRS 0%/Larvicide 0%,0;0.4;0.4_0;0;0_0;0;0_-100;2;5475_-100;2;5475_-100;2;5475,10.1315068493151,Incidence,2.68442872613983e-09
NbyGQVwzFc_loc12_loop6,12,ITN 0%/IRS 0%/Larvicide 0%,0;0.4;0.4_0;0;0_0;0;0_-100;2;5475_-100;2;5475_-100;2;5475,10.1342465753425,Incidence,2.67994314403129e-09
NbyGQVwzFc_loc12_loop6,12,ITN 0%/IRS 0%/Larvicide 0%,0;0.4;0.4_0;0;0_0;0;0_-100;2;5475_-100;2;5475_-100;2;5475,10.1369863013699,Incidence,2.67546610016837e-09
NbyGQVwzFc_loc12_loop6,12,ITN 0%/IRS 0%/Larvicide 0%,0;0.4;0.4_0;0;0_0;0;0_-100;2;5475_-100;2;5475_-100;2;5475,10.1397260273973,Incidence,2.6709975781426e-09
NbyGQVwzFc_loc12_loop6,12,ITN 0%/IRS 0%/Larvicide 0%,0;0.4;0.4_0;0;0_0;0;0_-100;2;5475_-100;2;5475_-100;2;5475,10.1424657534247,Incidence,2.6665375615648e-09
NbyGQVwzFc_loc12_loop6,12,ITN 0%/IRS 0%/Larvicide 0%,0;0.4;0.4_0;0;0_0;0;0_-100;2;5475_-100;2;5475_-100;2;5475,10.1452054794521,Incidence,2.6620860340651e-09
NbyGQVwzFc_loc12_loop6,12,ITN 0%/IRS 0%/Larvicide 0%,0;0.4;0.4_0;0;0_0;0;0_-100;2;5475_-100;2;5475_-100;2;5475,10.1479452054795,Incidence,2.65764297929311e-09
NbyGQVwzFc_loc12_loop6,12,ITN 0%/IRS 0%/Larvicide 0%,0;0.4;0.4_0;0;0_0;0;0_-100;2;5475_-100;2;5475_-100;2;5475,10.1506849315068,Incidence,2.65320838091792e-09
NbyGQVwzFc_loc12_loop6,12,ITN 0%/IRS 0%/Larvicide 0%,0;0.4;0.4_0;0;0_0;0;0_-100;2;5475_-100;2;5475_-100;2;5475,10.1534246575342,Incidence,2.64878222262823e-09
NbyGQVwzFc_loc12_loop6,12,ITN 0%/IRS 0%/Larvicide 0%,0;0.4;0.4_0;0;0_0;0;0_-100;2;5475_-100;2;5475_-100;2;5475,10.1561643835616,Incidence,2.6443644881324e-09
NbyGQVwzFc_loc12_loop6,12,ITN 0%/IRS 0%/Larvicide 0%,0;0.4;0.4_0;0;0_0;0;0_-100;2;5475_-100;2;5475_-100;2;5475,10.158904109589,Incidence,2.63995516115852e-09
NbyGQVwzFc_loc12_loop6,12,ITN 0%/IRS 0%/Larvicide 0%,0;0.4;0.4_0;0;0_0;0;0_-100;2;5475_-100;2;5475_-100;2;5475,10.1616438356164,Incidence,2.63555422545453e-09
NbyGQVwzFc_loc12_loop6,12,ITN 0%/IRS 0%/Larvicide 0%,0;0.4;0.4_0;0;0_0;0;0_-100;2;5475_-100;2;5475_-100;2;5475,10.1643835616438,Incidence,2.63116166478825e-09
NbyGQVwzFc_loc12_loop6,12,ITN 0%/IRS 0%/Larvicide 0%,0;0.4;0.4_0;0;0_0;0;0_-100;2;5475_-100;2;5475_-100;2;5475,10.1671232876712,Incidence,2.62677746294748e-09
NbyGQVwzFc_loc12_loop6,12,ITN 0%/IRS 0%/Larvicide 0%,0;0.4;0.4_0;0;0_0;0;0_-100;2;5475_-100;2;5475_-100;2;5475,10.1698630136986,Incidence,2.62240160374006e-09
NbyGQVwzFc_loc12_loop6,12,ITN 0%/IRS 0%/Larvicide 0%,0;0.4;0.4_0;0;0_0;0;0_-100;2;5475_-100;2;5475_-100;2;5475,10.172602739726,Incidence,2.61803407099397e-09
NbyGQVwzFc_loc12_loop6,12,ITN 0%/IRS 0%/Larvicide 0%,0;0.4;0.4_0;0;0_0;0;0_-100;2;5475_-100;2;5475_-100;2;5475,10.1753424657534,Incidence,2.61367484855738e-09
NbyGQVwzFc_loc12_loop6,12,ITN 0%/IRS 0%/Larvicide 0%,0;0.4;0.4_0;0;0_0;0;0_-100;2;5475_-100;2;5475_-100;2;5475,10.1780821917808,Incidence,2.60932392029872e-09
NbyGQVwzFc_loc12_loop6,12,ITN 0%/IRS 0%/Larvicide 0%,0;0.4;0.4_0;0;0_0;0;0_-100;2;5475_-100;2;5475_-100;2;5475,10.1808219178082,Incidence,2.60498127010678e-09
NbyGQVwzFc_loc12_loop6,12,ITN 0%/IRS 0%/Larvicide 0%,0;0.4;0.4_0;0;0_0;0;0_-100;2;5475_-100;2;5475_-100;2;5475,10.1835616438356,Incidence,2.60064688189077e-09
NbyGQVwzFc_loc12_loop6,12,ITN 0%/IRS 0%/Larvicide 0%,0;0.4;0.4_0;0;0_0;0;0_-100;2;5475_-100;2;5475_-100;2;5475,10.186301369863,Incidence,2.59632073958037e-09
NbyGQVwzFc_loc12_loop6,12,ITN 0%/IRS 0%/Larvicide 0%,0;0.4;0.4_0;0;0_0;0;0_-100;2;5475_-100;2;5475_-100;2;5475,10.1890410958904,Incidence,2.59200282712585e-09
NbyGQVwzFc_loc12_loop6,12,ITN 0%/IRS 0%/Larvicide 0%,0;0.4;0.4_0;0;0_0;0;0_-100;2;5475_-100;2;5475_-100;2;5475,10.1917808219178,Incidence,2.58769312849808e-09
NbyGQVwzFc_loc12_loop6,12,ITN 0%/IRS 0%/Larvicide 0%,0;0.4;0.4_0;0;0_0;0;0_-100;2;5475_-100;2;5475_-100;2;5475,10.1945205479452,Incidence,2.58339162768866e-09
NbyGQVwzFc_loc12_loop6,12,ITN 0%/IRS 0%/Larvicide 0%,0;0.4;0.4_0;0;0_0;0;0_-100;2;5475_-100;2;5475_-100;2;5475,10.1972602739726,Incidence,2.57909830870995e-09
NbyGQVwzFc_loc12_loop6,12,ITN 0%/IRS 0%/Larvicide 0%,0;0.4;0.4_0;0;0_0;0;0_-100;2;5475_-100;2;5475_-100;2;5475,10.2,Incidence,2.57481315559516e-09
NbyGQVwzFc_loc12_loop6,12,ITN 0%/IRS 0%/Larvicide 0%,0;0.4;0.4_0;0;0_0;0;0_-100;2;5475_-100;2;5475_-100;2;5475,10.2027397260274,Incidence,2.5705361523984e-09
NbyGQVwzFc_loc12_loop6,12,ITN 0%/IRS 0%/Larvicide 0%,0;0.4;0.4_0;0;0_0;0;0_-100;2;5475_-100;2;5475_-100;2;5475,10.2054794520548,Incidence,2.56626728313278e-09
NbyGQVwzFc_loc12_loop6,12,ITN 0%/IRS 0%/Larvicide 0%,0;0.4;0.4_0;0;0_0;0;0_-100;2;5475_-100;2;5475_-100;2;5475,10.2082191780822,Incidence,2.56200653186901e-09
NbyGQVwzFc_loc12_loop6,12,ITN 0%/IRS 0%/Larvicide 0%,0;0.4;0.4_0;0;0_0;0;0_-100;2;5475_-100;2;5475_-100;2;5475,10.2109589041096,Incidence,2.55775388283875e-09
NbyGQVwzFc_loc12_loop6,12,ITN 0%/IRS 0%/Larvicide 0%,0;0.4;0.4_0;0;0_0;0;0_-100;2;5475_-100;2;5475_-100;2;5475,10.213698630137,Incidence,2.55350932029523e-09
NbyGQVwzFc_loc12_loop6,12,ITN 0%/IRS 0%/Larvicide 0%,0;0.4;0.4_0;0;0_0;0;0_-100;2;5475_-100;2;5475_-100;2;5475,10.2164383561644,Incidence,2.5492728285121e-09
NbyGQVwzFc_loc12_loop6,12,ITN 0%/IRS 0%/Larvicide 0%,0;0.4;0.4_0;0;0_0;0;0_-100;2;5475_-100;2;5475_-100;2;5475,10.2191780821918,Incidence,2.54504439178352e-09
NbyGQVwzFc_loc12_loop6,12,ITN 0%/IRS 0%/Larvicide 0%,0;0.4;0.4_0;0;0_0;0;0_-100;2;5475_-100;2;5475_-100;2;5475,10.2219178082192,Incidence,2.54082399442417e-09
NbyGQVwzFc_loc12_loop6,12,ITN 0%/IRS 0%/Larvicide 0%,0;0.4;0.4_0;0;0_0;0;0_-100;2;5475_-100;2;5475_-100;2;5475,10.2246575342466,Incidence,2.53661162076935e-09
NbyGQVwzFc_loc12_loop6,12,ITN 0%/IRS 0%/Larvicide 0%,0;0.4;0.4_0;0;0_0;0;0_-100;2;5475_-100;2;5475_-100;2;5475,10.227397260274,Incidence,2.53240725517501e-09
NbyGQVwzFc_loc12_loop6,12,ITN 0%/IRS 0%/Larvicide 0%,0;0.4;0.4_0;0;0_0;0;0_-100;2;5475_-100;2;5475_-100;2;5475,10.2301369863014,Incidence,2.52821088201783e-09
NbyGQVwzFc_loc12_loop6,12,ITN 0%/IRS 0%/Larvicide 0%,0;0.4;0.4_0;0;0_0;0;0_-100;2;5475_-100;2;5475_-100;2;5475,10.2328767123288,Incidence,2.52402248569531e-09
NbyGQVwzFc_loc12_loop6,12,ITN 0%/IRS 0%/Larvicide 0%,0;0.4;0.4_0;0;0_0;0;0_-100;2;5475_-100;2;5475_-100;2;5475,10.2356164383562,Incidence,2.51984205062573e-09
NbyGQVwzFc_loc12_loop6,12,ITN 0%/IRS 0%/Larvicide 0%,0;0.4;0.4_0;0;0_0;0;0_-100;2;5475_-100;2;5475_-100;2;5475,10.2383561643836,Incidence,2.51566956124834e-09
NbyGQVwzFc_loc12_loop6,12,ITN 0%/IRS 0%/Larvicide 0%,0;0.4;0.4_0;0;0_0;0;0_-100;2;5475_-100;2;5475_-100;2;5475,10.241095890411,Incidence,2.51150500202332e-09
NbyGQVwzFc_loc12_loop6,12,ITN 0%/IRS 0%/Larvicide 0%,0;0.4;0.4_0;0;0_0;0;0_-100;2;5475_-100;2;5475_-100;2;5475,10.2438356164384,Incidence,2.50734835743187e-09
NbyGQVwzFc_loc12_loop6,12,ITN 0%/IRS 0%/Larvicide 0%,0;0.4;0.4_0;0;0_0;0;0_-100;2;5475_-100;2;5475_-100;2;5475,10.2465753424658,Incidence,2.50319961197628e-09
NbyGQVwzFc_loc12_loop6,12,ITN 0%/IRS 0%/Larvicide 0%,0;0.4;0.4_0;0;0_0;0;0_-100;2;5475_-100;2;5475_-100;2;5475,10.2493150684932,Incidence,2.49905875017997e-09
NbyGQVwzFc_loc12_loop6,12,ITN 0%/IRS 0%/Larvicide 0%,0;0.4;0.4_0;0;0_0;0;0_-100;2;5475_-100;2;5475_-100;2;5475,10.2520547945205,Incidence,2.49492575658755e-09
NbyGQVwzFc_loc12_loop6,12,ITN 0%/IRS 0%/Larvicide 0%,0;0.4;0.4_0;0;0_0;0;0_-100;2;5475_-100;2;5475_-100;2;5475,10.2547945205479,Incidence,2.4908006157649e-09
NbyGQVwzFc_loc12_loop6,12,ITN 0%/IRS 0%/Larvicide 0%,0;0.4;0.4_0;0;0_0;0;0_-100;2;5475_-100;2;5475_-100;2;5475,10.2575342465753,Incidence,2.48668331229918e-09
NbyGQVwzFc_loc12_loop6,12,ITN 0%/IRS 0%/Larvicide 0%,0;0.4;0.4_0;0;0_0;0;0_-100;2;5475_-100;2;5475_-100;2;5475,10.2602739726027,Incidence,2.4825738307989e-09
NbyGQVwzFc_loc12_loop6,12,ITN 0%/IRS 0%/Larvicide 0%,0;0.4;0.4_0;0;0_0;0;0_-100;2;5475_-100;2;5475_-100;2;5475,10.2630136986301,Incidence,2.47847215589402e-09
NbyGQVwzFc_loc12_loop6,12,ITN 0%/IRS 0%/Larvicide 0%,0;0.4;0.4_0;0;0_0;0;0_-100;2;5475_-100;2;5475_-100;2;5475,10.2657534246575,Incidence,2.47437827223594e-09
NbyGQVwzFc_loc12_loop6,12,ITN 0%/IRS 0%/Larvicide 0%,0;0.4;0.4_0;0;0_0;0;0_-100;2;5475_-100;2;5475_-100;2;5475,10.2684931506849,Incidence,2.47029216449759e-09
NbyGQVwzFc_loc12_loop6,12,ITN 0%/IRS 0%/Larvicide 0%,0;0.4;0.4_0;0;0_0;0;0_-100;2;5475_-100;2;5475_-100;2;5475,10.2712328767123,Incidence,2.46621381737348e-09
NbyGQVwzFc_loc12_loop6,12,ITN 0%/IRS 0%/Larvicide 0%,0;0.4;0.4_0;0;0_0;0;0_-100;2;5475_-100;2;5475_-100;2;5475,10.2739726027397,Incidence,2.46214321557973e-09
NbyGQVwzFc_loc12_loop6,12,ITN 0%/IRS 0%/Larvicide 0%,0;0.4;0.4_0;0;0_0;0;0_-100;2;5475_-100;2;5475_-100;2;5475,10.2767123287671,Incidence,2.45808034385417e-09
NbyGQVwzFc_loc12_loop6,12,ITN 0%/IRS 0%/Larvicide 0%,0;0.4;0.4_0;0;0_0;0;0_-100;2;5475_-100;2;5475_-100;2;5475,10.2794520547945,Incidence,2.45402518695632e-09
NbyGQVwzFc_loc12_loop6,12,ITN 0%/IRS 0%/Larvicide 0%,0;0.4;0.4_0;0;0_0;0;0_-100;2;5475_-100;2;5475_-100;2;5475,10.2821917808219,Incidence,2.44997772966751e-09
NbyGQVwzFc_loc12_loop6,12,ITN 0%/IRS 0%/Larvicide 0%,0;0.4;0.4_0;0;0_0;0;0_-100;2;5475_-100;2;5475_-100;2;5475,10.2849315068493,Incidence,2.44593795673827e-09
NbyGQVwzFc_loc12_loop6,12,ITN 0%/IRS 0%/Larvicide 0%,0;0.4;0.4_0;0;0_0;0;0_-100;2;5475_-100;2;5475_-100;2;5475,10.2876712328767,Incidence,2.44190585297966e-09
NbyGQVwzFc_loc12_loop6,12,ITN 0%/IRS 0%/Larvicide 0%,0;0.4;0.4_0;0;0_0;0;0_-100;2;5475_-100;2;5475_-100;2;5475,10.2904109589041,Incidence,2.43788140334236e-09
NbyGQVwzFc_loc12_loop6,12,ITN 0%/IRS 0%/Larvicide 0%,0;0.4;0.4_0;0;0_0;0;0_-100;2;5475_-100;2;5475_-100;2;5475,10.2931506849315,Incidence,2.43386459279903e-09
NbyGQVwzFc_loc12_loop6,12,ITN 0%/IRS 0%/Larvicide 0%,0;0.4;0.4_0;0;0_0;0;0_-100;2;5475_-100;2;5475_-100;2;5475,10.2958904109589,Incidence,2.42985540634357e-09
NbyGQVwzFc_loc12_loop6,12,ITN 0%/IRS 0%/Larvicide 0%,0;0.4;0.4_0;0;0_0;0;0_-100;2;5475_-100;2;5475_-100;2;5475,10.2986301369863,Incidence,2.42585382899111e-09
NbyGQVwzFc_loc12_loop6,12,ITN 0%/IRS 0%/Larvicide 0%,0;0.4;0.4_0;0;0_0;0;0_-100;2;5475_-100;2;5475_-100;2;5475,10.3013698630137,Incidence,2.42185984577811e-09
NbyGQVwzFc_loc12_loop6,12,ITN 0%/IRS 0%/Larvicide 0%,0;0.4;0.4_0;0;0_0;0;0_-100;2;5475_-100;2;5475_-100;2;5475,10.3041095890411,Incidence,2.41787344176236e-09
NbyGQVwzFc_loc12_loop6,12,ITN 0%/IRS 0%/Larvicide 0%,0;0.4;0.4_0;0;0_0;0;0_-100;2;5475_-100;2;5475_-100;2;5475,10.3068493150685,Incidence,2.41389460202303e-09
NbyGQVwzFc_loc12_loop6,12,ITN 0%/IRS 0%/Larvicide 0%,0;0.4;0.4_0;0;0_0;0;0_-100;2;5475_-100;2;5475_-100;2;5475,10.3095890410959,Incidence,2.40992331166075e-09
NbyGQVwzFc_loc12_loop6,12,ITN 0%/IRS 0%/Larvicide 0%,0;0.4;0.4_0;0;0_0;0;0_-100;2;5475_-100;2;5475_-100;2;5475,10.3123287671233,Incidence,2.40595955579762e-09
NbyGQVwzFc_loc12_loop6,12,ITN 0%/IRS 0%/Larvicide 0%,0;0.4;0.4_0;0;0_0;0;0_-100;2;5475_-100;2;5475_-100;2;5475,10.3150684931507,Incidence,2.40200331957725e-09
NbyGQVwzFc_loc12_loop6,12,ITN 0%/IRS 0%/Larvicide 0%,0;0.4;0.4_0;0;0_0;0;0_-100;2;5475_-100;2;5475_-100;2;5475,10.3178082191781,Incidence,2.39805458816483e-09
NbyGQVwzFc_loc12_loop6,12,ITN 0%/IRS 0%/Larvicide 0%,0;0.4;0.4_0;0;0_0;0;0_-100;2;5475_-100;2;5475_-100;2;5475,10.3205479452055,Incidence,2.39411334674719e-09
NbyGQVwzFc_loc12_loop6,12,ITN 0%/IRS 0%/Larvicide 0%,0;0.4;0.4_0;0;0_0;0;0_-100;2;5475_-100;2;5475_-100;2;5475,10.3232876712329,Incidence,2.39017958053275e-09
NbyGQVwzFc_loc12_loop6,12,ITN 0%/IRS 0%/Larvicide 0%,0;0.4;0.4_0;0;0_0;0;0_-100;2;5475_-100;2;5475_-100;2;5475,10.3260273972603,Incidence,2.38625327475168e-09
NbyGQVwzFc_loc12_loop6,12,ITN 0%/IRS 0%/Larvicide 0%,0;0.4;0.4_0;0;0_0;0;0_-100;2;5475_-100;2;5475_-100;2;5475,10.3287671232877,Incidence,2.38233441465586e-09
NbyGQVwzFc_loc12_loop6,12,ITN 0%/IRS 0%/Larvicide 0%,0;0.4;0.4_0;0;0_0;0;0_-100;2;5475_-100;2;5475_-100;2;5475,10.3315068493151,Incidence,2.37842298551896e-09
NbyGQVwzFc_loc12_loop6,12,ITN 0%/IRS 0%/Larvicide 0%,0;0.4;0.4_0;0;0_0;0;0_-100;2;5475_-100;2;5475_-100;2;5475,10.3342465753425,Incidence,2.37451897263645e-09
NbyGQVwzFc_loc12_loop6,12,ITN 0%/IRS 0%/Larvicide 0%,0;0.4;0.4_0;0;0_0;0;0_-100;2;5475_-100;2;5475_-100;2;5475,10.3369863013699,Incidence,2.37062236132569e-09
NbyGQVwzFc_loc12_loop6,12,ITN 0%/IRS 0%/Larvicide 0%,0;0.4;0.4_0;0;0_0;0;0_-100;2;5475_-100;2;5475_-100;2;5475,10.3397260273973,Incidence,2.3667331369259e-09
NbyGQVwzFc_loc12_loop6,12,ITN 0%/IRS 0%/Larvicide 0%,0;0.4;0.4_0;0;0_0;0;0_-100;2;5475_-100;2;5475_-100;2;5475,10.3424657534247,Incidence,2.36285128479826e-09
NbyGQVwzFc_loc12_loop6,12,ITN 0%/IRS 0%/Larvicide 0%,0;0.4;0.4_0;0;0_0;0;0_-100;2;5475_-100;2;5475_-100;2;5475,10.3452054794521,Incidence,2.35897679032593e-09
NbyGQVwzFc_loc12_loop6,12,ITN 0%/IRS 0%/Larvicide 0%,0;0.4;0.4_0;0;0_0;0;0_-100;2;5475_-100;2;5475_-100;2;5475,10.3479452054795,Incidence,2.35510963891408e-09
NbyGQVwzFc_loc12_loop6,12,ITN 0%/IRS 0%/Larvicide 0%,0;0.4;0.4_0;0;0_0;0;0_-100;2;5475_-100;2;5475_-100;2;5475,10.3506849315069,Incidence,2.35124981598994e-09
NbyGQVwzFc_loc12_loop6,12,ITN 0%/IRS 0%/Larvicide 0%,0;0.4;0.4_0;0;0_0;0;0_-100;2;5475_-100;2;5475_-100;2;5475,10.3534246575342,Incidence,2.3473973070028e-09
NbyGQVwzFc_loc12_loop6,12,ITN 0%/IRS 0%/Larvicide 0%,0;0.4;0.4_0;0;0_0;0;0_-100;2;5475_-100;2;5475_-100;2;5475,10.3561643835616,Incidence,2.34355209742411e-09
NbyGQVwzFc_loc12_loop6,12,ITN 0%/IRS 0%/Larvicide 0%,0;0.4;0.4_0;0;0_0;0;0_-100;2;5475_-100;2;5475_-100;2;5475,10.358904109589,Incidence,2.33971417274747e-09
NbyGQVwzFc_loc12_loop6,12,ITN 0%/IRS 0%/Larvicide 0%,0;0.4;0.4_0;0;0_0;0;0_-100;2;5475_-100;2;5475_-100;2;5475,10.3616438356164,Incidence,2.33588351848869e-09
NbyGQVwzFc_loc12_loop6,12,ITN 0%/IRS 0%/Larvicide 0%,0;0.4;0.4_0;0;0_0;0;0_-100;2;5475_-100;2;5475_-100;2;5475,10.3643835616438,Incidence,2.3320601201858e-09
NbyGQVwzFc_loc12_loop6,12,ITN 0%/IRS 0%/Larvicide 0%,0;0.4;0.4_0;0;0_0;0;0_-100;2;5475_-100;2;5475_-100;2;5475,10.3671232876712,Incidence,2.32824396334771e-09
NbyGQVwzFc_loc12_loop6,12,ITN 0%/IRS 0%/Larvicide 0%,0;0.4;0.4_0;0;0_0;0;0_-100;2;5475_-100;2;5475_-100;2;5475,10.3698630136986,Incidence,2.32443503356694e-09
NbyGQVwzFc_loc12_loop6,12,ITN 0%/IRS 0%/Larvicide 0%,0;0.4;0.4_0;0;0_0;0;0_-100;2;5475_-100;2;5475_-100;2;5475,10.372602739726,Incidence,2.32063331654209e-09
NbyGQVwzFc_loc12_loop6,12,ITN 0%/IRS 0%/Larvicide 0%,0;0.4;0.4_0;0;0_0;0;0_-100;2;5475_-100;2;5475_-100;2;5475,10.3753424657534,Incidence,2.31683879799333e-09
NbyGQVwzFc_loc12_loop6,12,ITN 0%/IRS 0%/Larvicide 0%,0;0.4;0.4_0;0;0_0;0;0_-100;2;5475_-100;2;5475_-100;2;5475,10.3780821917808,Incidence,2.31305146366244e-09
NbyGQVwzFc_loc12_loop6,12,ITN 0%/IRS 0%/Larvicide 0%,0;0.4;0.4_0;0;0_0;0;0_-100;2;5475_-100;2;5475_-100;2;5475,10.3808219178082,Incidence,2.30927129931287e-09
NbyGQVwzFc_loc12_loop6,12,ITN 0%/IRS 0%/Larvicide 0%,0;0.4;0.4_0;0;0_0;0;0_-100;2;5475_-100;2;5475_-100;2;5475,10.3835616438356,Incidence,2.30549829072971e-09
NbyGQVwzFc_loc12_loop6,12,ITN 0%/IRS 0%/Larvicide 0%,0;0.4;0.4_0;0;0_0;0;0_-100;2;5475_-100;2;5475_-100;2;5475,10.386301369863,Incidence,2.30173242371978e-09
NbyGQVwzFc_loc12_loop6,12,ITN 0%/IRS 0%/Larvicide 0%,0;0.4;0.4_0;0;0_0;0;0_-100;2;5475_-100;2;5475_-100;2;5475,10.3890410958904,Incidence,2.29797368411162e-09
NbyGQVwzFc_loc12_loop6,12,ITN 0%/IRS 0%/Larvicide 0%,0;0.4;0.4_0;0;0_0;0;0_-100;2;5475_-100;2;5475_-100;2;5475,10.3917808219178,Incidence,2.29422205775556e-09
NbyGQVwzFc_loc12_loop6,12,ITN 0%/IRS 0%/Larvicide 0%,0;0.4;0.4_0;0;0_0;0;0_-100;2;5475_-100;2;5475_-100;2;5475,10.3945205479452,Incidence,2.29047753052372e-09
NbyGQVwzFc_loc12_loop6,12,ITN 0%/IRS 0%/Larvicide 0%,0;0.4;0.4_0;0;0_0;0;0_-100;2;5475_-100;2;5475_-100;2;5475,10.3972602739726,Incidence,2.28674008831004e-09
NbyGQVwzFc_loc12_loop6,12,ITN 0%/IRS 0%/Larvicide 0%,0;0.4;0.4_0;0;0_0;0;0_-100;2;5475_-100;2;5475_-100;2;5475,10.4,Incidence,2.28300971703034e-09
NbyGQVwzFc_loc12_loop6,12,ITN 0%/IRS 0%/Larvicide 0%,0;0.4;0.4_0;0;0_0;0;0_-100;2;5475_-100;2;5475_-100;2;5475,10.4027397260274,Incidence,2.27928640262233e-09
NbyGQVwzFc_loc12_loop6,12,ITN 0%/IRS 0%/Larvicide 0%,0;0.4;0.4_0;0;0_0;0;0_-100;2;5475_-100;2;5475_-100;2;5475,10.4054794520548,Incidence,2.27557013104561e-09
NbyGQVwzFc_loc12_loop6,12,ITN 0%/IRS 0%/Larvicide 0%,0;0.4;0.4_0;0;0_0;0;0_-100;2;5475_-100;2;5475_-100;2;5475,10.4082191780822,Incidence,2.27186088828176e-09
NbyGQVwzFc_loc12_loop6,12,ITN 0%/IRS 0%/Larvicide 0%,0;0.4;0.4_0;0;0_0;0;0_-100;2;5475_-100;2;5475_-100;2;5475,10.4109589041096,Incidence,2.2681586603343e-09
NbyGQVwzFc_loc12_loop6,12,ITN 0%/IRS 0%/Larvicide 0%,0;0.4;0.4_0;0;0_0;0;0_-100;2;5475_-100;2;5475_-100;2;5475,10.413698630137,Incidence,2.2644634332288e-09
NbyGQVwzFc_loc12_loop6,12,ITN 0%/IRS 0%/Larvicide 0%,0;0.4;0.4_0;0;0_0;0;0_-100;2;5475_-100;2;5475_-100;2;5475,10.4164383561644,Incidence,2.26077519301282e-09
NbyGQVwzFc_loc12_loop6,12,ITN 0%/IRS 0%/Larvicide 0%,0;0.4;0.4_0;0;0_0;0;0_-100;2;5475_-100;2;5475_-100;2;5475,10.4191780821918,Incidence,2.257093925756e-09
NbyGQVwzFc_loc12_loop6,12,ITN 0%/IRS 0%/Larvicide 0%,0;0.4;0.4_0;0;0_0;0;0_-100;2;5475_-100;2;5475_-100;2;5475,10.4219178082192,Incidence,2.25341961755004e-09
NbyGQVwzFc_loc12_loop6,12,ITN 0%/IRS 0%/Larvicide 0%,0;0.4;0.4_0;0;0_0;0;0_-100;2;5475_-100;2;5475_-100;2;5475,10.4246575342466,Incidence,2.24975225450879e-09
NbyGQVwzFc_loc12_loop6,12,ITN 0%/IRS 0%/Larvicide 0%,0;0.4;0.4_0;0;0_0;0;0_-100;2;5475_-100;2;5475_-100;2;5475,10.427397260274,Incidence,2.24609182276819e-09
NbyGQVwzFc_loc12_loop6,12,ITN 0%/IRS 0%/Larvicide 0%,0;0.4;0.4_0;0;0_0;0;0_-100;2;5475_-100;2;5475_-100;2;5475,10.4301369863014,Incidence,2.24243830848638e-09
NbyGQVwzFc_loc12_loop6,12,ITN 0%/IRS 0%/Larvicide 0%,0;0.4;0.4_0;0;0_0;0;0_-100;2;5475_-100;2;5475_-100;2;5475,10.4328767123288,Incidence,2.23879169784365e-09
NbyGQVwzFc_loc12_loop6,12,ITN 0%/IRS 0%/Larvicide 0%,0;0.4;0.4_0;0;0_0;0;0_-100;2;5475_-100;2;5475_-100;2;5475,10.4356164383562,Incidence,2.23515197704255e-09
NbyGQVwzFc_loc12_loop6,12,ITN 0%/IRS 0%/Larvicide 0%,0;0.4;0.4_0;0;0_0;0;0_-100;2;5475_-100;2;5475_-100;2;5475,10.4383561643836,Incidence,2.2315191323078e-09
NbyGQVwzFc_loc12_loop6,12,ITN 0%/IRS 0%/Larvicide 0%,0;0.4;0.4_0;0;0_0;0;0_-100;2;5475_-100;2;5475_-100;2;5475,10.441095890411,Incidence,2.22789314988643e-09
NbyGQVwzFc_loc12_loop6,12,ITN 0%/IRS 0%/Larvicide 0%,0;0.4;0.4_0;0;0_0;0;0_-100;2;5475_-100;2;5475_-100;2;5475,10.4438356164384,Incidence,2.22427401604774e-09
NbyGQVwzFc_loc12_loop6,12,ITN 0%/IRS 0%/Larvicide 0%,0;0.4;0.4_0;0;0_0;0;0_-100;2;5475_-100;2;5475_-100;2;5475,10.4465753424658,Incidence,2.22066171708332e-09
NbyGQVwzFc_loc12_loop6,12,ITN 0%/IRS 0%/Larvicide 0%,0;0.4;0.4_0;0;0_0;0;0_-100;2;5475_-100;2;5475_-100;2;5475,10.4493150684932,Incidence,2.2170562393065e-09
NbyGQVwzFc_loc12_loop6,12,ITN 0%/IRS 0%/Larvicide 0%,0;0.4;0.4_0;0;0_0;0;0_-100;2;5475_-100;2;5475_-100;2;5475,10.4520547945205,Incidence,2.21345756900609e-09
NbyGQVwzFc_loc12_loop6,12,ITN 0%/IRS 0%/Larvicide 0%,0;0.4;0.4_0;0;0_0;0;0_-100;2;5475_-100;2;5475_-100;2;5475,10.4547945205479,Incidence,2.20986569256972e-09
NbyGQVwzFc_loc12_loop6,12,ITN 0%/IRS 0%/Larvicide 0%,0;0.4;0.4_0;0;0_0;0;0_-100;2;5475_-100;2;5475_-100;2;5475,10.4575342465753,Incidence,2.20628059646153e-09
NbyGQVwzFc_loc12_loop6,12,ITN 0%/IRS 0%/Larvicide 0%,0;0.4;0.4_0;0;0_0;0;0_-100;2;5475_-100;2;5475_-100;2;5475,10.4602739726027,Incidence,2.20270226716731e-09
NbyGQVwzFc_loc12_loop6,12,ITN 0%/IRS 0%/Larvicide 0%,0;0.4;0.4_0;0;0_0;0;0_-100;2;5475_-100;2;5475_-100;2;5475,10.4630136986301,Incidence,2.19913069119455e-09
NbyGQVwzFc_loc12_loop6,12,ITN 0%/IRS 0%/Larvicide 0%,0;0.4;0.4_0;0;0_0;0;0_-100;2;5475_-100;2;5475_-100;2;5475,10.4657534246575,Incidence,2.19556585507241e-09
NbyGQVwzFc_loc12_loop6,12,ITN 0%/IRS 0%/Larvicide 0%,0;0.4;0.4_0;0;0_0;0;0_-100;2;5475_-100;2;5475_-100;2;5475,10.4684931506849,Incidence,2.19200774535179e-09
NbyGQVwzFc_loc12_loop6,12,ITN 0%/IRS 0%/Larvicide 0%,0;0.4;0.4_0;0;0_0;0;0_-100;2;5475_-100;2;5475_-100;2;5475,10.4712328767123,Incidence,2.18845634860531e-09
NbyGQVwzFc_loc12_loop6,12,ITN 0%/IRS 0%/Larvicide 0%,0;0.4;0.4_0;0;0_0;0;0_-100;2;5475_-100;2;5475_-100;2;5475,10.4739726027397,Incidence,2.18491165142736e-09
NbyGQVwzFc_loc12_loop6,12,ITN 0%/IRS 0%/Larvicide 0%,0;0.4;0.4_0;0;0_0;0;0_-100;2;5475_-100;2;5475_-100;2;5475,10.4767123287671,Incidence,2.18137364043408e-09
NbyGQVwzFc_loc12_loop6,12,ITN 0%/IRS 0%/Larvicide 0%,0;0.4;0.4_0;0;0_0;0;0_-100;2;5475_-100;2;5475_-100;2;5475,10.4794520547945,Incidence,2.17784230226342e-09
NbyGQVwzFc_loc12_loop6,12,ITN 0%/IRS 0%/Larvicide 0%,0;0.4;0.4_0;0;0_0;0;0_-100;2;5475_-100;2;5475_-100;2;5475,10.4821917808219,Incidence,2.17431762357517e-09
NbyGQVwzFc_loc12_loop6,12,ITN 0%/IRS 0%/Larvicide 0%,0;0.4;0.4_0;0;0_0;0;0_-100;2;5475_-100;2;5475_-100;2;5475,10.4849315068493,Incidence,2.1707995910509e-09
NbyGQVwzFc_loc12_loop6,12,ITN 0%/IRS 0%/Larvicide 0%,0;0.4;0.4_0;0;0_0;0;0_-100;2;5475_-100;2;5475_-100;2;5475,10.4876712328767,Incidence,2.16728819139407e-09
NbyGQVwzFc_loc12_loop6,12,ITN 0%/IRS 0%/Larvicide 0%,0;0.4;0.4_0;0;0_0;0;0_-100;2;5475_-100;2;5475_-100;2;5475,10.4904109589041,Incidence,2.16378341132999e-09
NbyGQVwzFc_loc12_loop6,12,ITN 0%/IRS 0%/Larvicide 0%,0;0.4;0.4_0;0;0_0;0;0_-100;2;5475_-100;2;5475_-100;2;5475,10.4931506849315,Incidence,2.16028523760585e-09
NbyGQVwzFc_loc12_loop6,12,ITN 0%/IRS 0%/Larvicide 0%,0;0.4;0.4_0;0;0_0;0;0_-100;2;5475_-100;2;5475_-100;2;5475,10.4958904109589,Incidence,2.15679365699074e-09
NbyGQVwzFc_loc12_loop6,12,ITN 0%/IRS 0%/Larvicide 0%,0;0.4;0.4_0;0;0_0;0;0_-100;2;5475_-100;2;5475_-100;2;5475,10.4986301369863,Incidence,2.15330865627569e-09
NbyGQVwzFc_loc12_loop6,12,ITN 0%/IRS 0%/Larvicide 0%,0;0.4;0.4_0;0;0_0;0;0_-100;2;5475_-100;2;5475_-100;2;5475,10.5013698630137,Incidence,2.14983022227363e-09
NbyGQVwzFc_loc12_loop6,12,ITN 0%/IRS 0%/Larvicide 0%,0;0.4;0.4_0;0;0_0;0;0_-100;2;5475_-100;2;5475_-100;2;5475,10.5041095890411,Incidence,2.14635834181947e-09
NbyGQVwzFc_loc12_loop6,12,ITN 0%/IRS 0%/Larvicide 0%,0;0.4;0.4_0;0;0_0;0;0_-100;2;5475_-100;2;5475_-100;2;5475,10.5068493150685,Incidence,2.14289300177005e-09
NbyGQVwzFc_loc12_loop6,12,ITN 0%/IRS 0%/Larvicide 0%,0;0.4;0.4_0;0;0_0;0;0_-100;2;5475_-100;2;5475_-100;2;5475,10.5095890410959,Incidence,2.13943418900423e-09
NbyGQVwzFc_loc12_loop6,12,ITN 0%/IRS 0%/Larvicide 0%,0;0.4;0.4_0;0;0_0;0;0_-100;2;5475_-100;2;5475_-100;2;5475,10.5123287671233,Incidence,2.13598189042283e-09
NbyGQVwzFc_loc12_loop6,12,ITN 0%/IRS 0%/Larvicide 0%,0;0.4;0.4_0;0;0_0;0;0_-100;2;5475_-100;2;5475_-100;2;5475,10.5150684931507,Incidence,2.13253609294868e-09
NbyGQVwzFc_loc12_loop6,12,ITN 0%/IRS 0%/Larvicide 0%,0;0.4;0.4_0;0;0_0;0;0_-100;2;5475_-100;2;5475_-100;2;5475,10.5178082191781,Incidence,2.12909678352666e-09
NbyGQVwzFc_loc12_loop6,12,ITN 0%/IRS 0%/Larvicide 0%,0;0.4;0.4_0;0;0_0;0;0_-100;2;5475_-100;2;5475_-100;2;5475,10.5205479452055,Incidence,2.12566394912366e-09
NbyGQVwzFc_loc12_loop6,12,ITN 0%/IRS 0%/Larvicide 0%,0;0.4;0.4_0;0;0_0;0;0_-100;2;5475_-100;2;5475_-100;2;5475,10.5232876712329,Incidence,2.12223757672861e-09
NbyGQVwzFc_loc12_loop6,12,ITN 0%/IRS 0%/Larvicide 0%,0;0.4;0.4_0;0;0_0;0;0_-100;2;5475_-100;2;5475_-100;2;5475,10.5260273972603,Incidence,2.11881765335253e-09
NbyGQVwzFc_loc12_loop6,12,ITN 0%/IRS 0%/Larvicide 0%,0;0.4;0.4_0;0;0_0;0;0_-100;2;5475_-100;2;5475_-100;2;5475,10.5287671232877,Incidence,2.1154041660285e-09
NbyGQVwzFc_loc12_loop6,12,ITN 0%/IRS 0%/Larvicide 0%,0;0.4;0.4_0;0;0_0;0;0_-100;2;5475_-100;2;5475_-100;2;5475,10.5315068493151,Incidence,2.11199710181168e-09
NbyGQVwzFc_loc12_loop6,12,ITN 0%/IRS 0%/Larvicide 0%,0;0.4;0.4_0;0;0_0;0;0_-100;2;5475_-100;2;5475_-100;2;5475,10.5342465753425,Incidence,2.10859644777933e-09
NbyGQVwzFc_loc12_loop6,12,ITN 0%/IRS 0%/Larvicide 0%,0;0.4;0.4_0;0;0_0;0;0_-100;2;5475_-100;2;5475_-100;2;5475,10.5369863013699,Incidence,2.10520219102986e-09
NbyGQVwzFc_loc12_loop6,12,ITN 0%/IRS 0%/Larvicide 0%,0;0.4;0.4_0;0;0_0;0;0_-100;2;5475_-100;2;5475_-100;2;5475,10.5397260273973,Incidence,2.10181431864641e-09
NbyGQVwzFc_loc12_loop6,12,ITN 0%/IRS 0%/Larvicide 0%,0;0.4;0.4_0;0;0_0;0;0_-100;2;5475_-100;2;5475_-100;2;5475,10.5424657534247,Incidence,2.09843281780583e-09
NbyGQVwzFc_loc12_loop6,12,ITN 0%/IRS 0%/Larvicide 0%,0;0.4;0.4_0;0;0_0;0;0_-100;2;5475_-100;2;5475_-100;2;5475,10.5452054794521,Incidence,2.09505767574698e-09
NbyGQVwzFc_loc12_loop6,12,ITN 0%/IRS 0%/Larvicide 0%,0;0.4;0.4_0;0;0_0;0;0_-100;2;5475_-100;2;5475_-100;2;5475,10.5479452054795,Incidence,2.09168887973019e-09
NbyGQVwzFc_loc12_loop6,12,ITN 0%/IRS 0%/Larvicide 0%,0;0.4;0.4_0;0;0_0;0;0_-100;2;5475_-100;2;5475_-100;2;5475,10.5506849315068,Incidence,2.08832641703722e-09
NbyGQVwzFc_loc12_loop6,12,ITN 0%/IRS 0%/Larvicide 0%,0;0.4;0.4_0;0;0_0;0;0_-100;2;5475_-100;2;5475_-100;2;5475,10.5534246575342,Incidence,2.0849702749713e-09
NbyGQVwzFc_loc12_loop6,12,ITN 0%/IRS 0%/Larvicide 0%,0;0.4;0.4_0;0;0_0;0;0_-100;2;5475_-100;2;5475_-100;2;5475,10.5561643835616,Incidence,2.08162044085713e-09
NbyGQVwzFc_loc12_loop6,12,ITN 0%/IRS 0%/Larvicide 0%,0;0.4;0.4_0;0;0_0;0;0_-100;2;5475_-100;2;5475_-100;2;5475,10.558904109589,Incidence,2.07827690204089e-09
NbyGQVwzFc_loc12_loop6,12,ITN 0%/IRS 0%/Larvicide 0%,0;0.4;0.4_0;0;0_0;0;0_-100;2;5475_-100;2;5475_-100;2;5475,10.5616438356164,Incidence,2.07493964589026e-09
NbyGQVwzFc_loc12_loop6,12,ITN 0%/IRS 0%/Larvicide 0%,0;0.4;0.4_0;0;0_0;0;0_-100;2;5475_-100;2;5475_-100;2;5475,10.5643835616438,Incidence,2.07160865979443e-09
NbyGQVwzFc_loc12_loop6,12,ITN 0%/IRS 0%/Larvicide 0%,0;0.4;0.4_0;0;0_0;0;0_-100;2;5475_-100;2;5475_-100;2;5475,10.5671232876712,Incidence,2.06828393116409e-09
NbyGQVwzFc_loc12_loop6,12,ITN 0%/IRS 0%/Larvicide 0%,0;0.4;0.4_0;0;0_0;0;0_-100;2;5475_-100;2;5475_-100;2;5475,10.5698630136986,Incidence,2.06496544743145e-09
NbyGQVwzFc_loc12_loop6,12,ITN 0%/IRS 0%/Larvicide 0%,0;0.4;0.4_0;0;0_0;0;0_-100;2;5475_-100;2;5475_-100;2;5475,10.572602739726,Incidence,2.06165319605025e-09
NbyGQVwzFc_loc12_loop6,12,ITN 0%/IRS 0%/Larvicide 0%,0;0.4;0.4_0;0;0_0;0;0_-100;2;5475_-100;2;5475_-100;2;5475,10.5753424657534,Incidence,2.05834716449577e-09
NbyGQVwzFc_loc12_loop6,12,ITN 0%/IRS 0%/Larvicide 0%,0;0.4;0.4_0;0;0_0;0;0_-100;2;5475_-100;2;5475_-100;2;5475,10.5780821917808,Incidence,2.05504734026484e-09
NbyGQVwzFc_loc12_loop6,12,ITN 0%/IRS 0%/Larvicide 0%,0;0.4;0.4_0;0;0_0;0;0_-100;2;5475_-100;2;5475_-100;2;5475,10.5808219178082,Incidence,2.05175371087583e-09
NbyGQVwzFc_loc12_loop6,12,ITN 0%/IRS 0%/Larvicide 0%,0;0.4;0.4_0;0;0_0;0;0_-100;2;5475_-100;2;5475_-100;2;5475,10.5835616438356,Incidence,2.04846626386868e-09
NbyGQVwzFc_loc12_loop6,12,ITN 0%/IRS 0%/Larvicide 0%,0;0.4;0.4_0;0;0_0;0;0_-100;2;5475_-100;2;5475_-100;2;5475,10.586301369863,Incidence,2.04518498680489e-09
NbyGQVwzFc_loc12_loop6,12,ITN 0%/IRS 0%/Larvicide 0%,0;0.4;0.4_0;0;0_0;0;0_-100;2;5475_-100;2;5475_-100;2;5475,10.5890410958904,Incidence,2.04190986726753e-09
NbyGQVwzFc_loc12_loop6,12,ITN 0%/IRS 0%/Larvicide 0%,0;0.4;0.4_0;0;0_0;0;0_-100;2;5475_-100;2;5475_-100;2;5475,10.5917808219178,Incidence,2.03864089286127e-09
NbyGQVwzFc_loc12_loop6,12,ITN 0%/IRS 0%/Larvicide 0%,0;0.4;0.4_0;0;0_0;0;0_-100;2;5475_-100;2;5475_-100;2;5475,10.5945205479452,Incidence,2.03537805121235e-09
NbyGQVwzFc_loc12_loop6,12,ITN 0%/IRS 0%/Larvicide 0%,0;0.4;0.4_0;0;0_0;0;0_-100;2;5475_-100;2;5475_-100;2;5475,10.5972602739726,Incidence,2.03212132996859e-09
NbyGQVwzFc_loc12_loop6,12,ITN 0%/IRS 0%/Larvicide 0%,0;0.4;0.4_0;0;0_0;0;0_-100;2;5475_-100;2;5475_-100;2;5475,10.6,Incidence,2.02887071679942e-09
NbyGQVwzFc_loc12_loop6,12,ITN 0%/IRS 0%/Larvicide 0%,0;0.4;0.4_0;0;0_0;0;0_-100;2;5475_-100;2;5475_-100;2;5475,10.6027397260274,Incidence,2.02562619939587e-09
NbyGQVwzFc_loc12_loop6,12,ITN 0%/IRS 0%/Larvicide 0%,0;0.4;0.4_0;0;0_0;0;0_-100;2;5475_-100;2;5475_-100;2;5475,10.6054794520548,Incidence,2.02238776547058e-09
NbyGQVwzFc_loc12_loop6,12,ITN 0%/IRS 0%/Larvicide 0%,0;0.4;0.4_0;0;0_0;0;0_-100;2;5475_-100;2;5475_-100;2;5475,10.6082191780822,Incidence,2.01915540275779e-09
NbyGQVwzFc_loc12_loop6,12,ITN 0%/IRS 0%/Larvicide 0%,0;0.4;0.4_0;0;0_0;0;0_-100;2;5475_-100;2;5475_-100;2;5475,10.6109589041096,Incidence,2.01592909901336e-09
NbyGQVwzFc_loc12_loop6,12,ITN 0%/IRS 0%/Larvicide 0%,0;0.4;0.4_0;0;0_0;0;0_-100;2;5475_-100;2;5475_-100;2;5475,10.613698630137,Incidence,2.01270884201476e-09
NbyGQVwzFc_loc12_loop6,12,ITN 0%/IRS 0%/Larvicide 0%,0;0.4;0.4_0;0;0_0;0;0_-100;2;5475_-100;2;5475_-100;2;5475,10.6164383561644,Incidence,2.0094946195611e-09
NbyGQVwzFc_loc12_loop6,12,ITN 0%/IRS 0%/Larvicide 0%,0;0.4;0.4_0;0;0_0;0;0_-100;2;5475_-100;2;5475_-100;2;5475,10.6191780821918,Incidence,2.00628641947311e-09
NbyGQVwzFc_loc12_loop6,12,ITN 0%/IRS 0%/Larvicide 0%,0;0.4;0.4_0;0;0_0;0;0_-100;2;5475_-100;2;5475_-100;2;5475,10.6219178082192,Incidence,2.00308422959312e-09
NbyGQVwzFc_loc12_loop6,12,ITN 0%/IRS 0%/Larvicide 0%,0;0.4;0.4_0;0;0_0;0;0_-100;2;5475_-100;2;5475_-100;2;5475,10.6246575342466,Incidence,1.99988803778512e-09
NbyGQVwzFc_loc12_loop6,12,ITN 0%/IRS 0%/Larvicide 0%,0;0.4;0.4_0;0;0_0;0;0_-100;2;5475_-100;2;5475_-100;2;5475,10.627397260274,Incidence,1.99669783193469e-09
NbyGQVwzFc_loc12_loop6,12,ITN 0%/IRS 0%/Larvicide 0%,0;0.4;0.4_0;0;0_0;0;0_-100;2;5475_-100;2;5475_-100;2;5475,10.6301369863014,Incidence,1.99351359992218e-09
NbyGQVwzFc_loc12_loop6,12,ITN 0%/IRS 0%/Larvicide 0%,0;0.4;0.4_0;0;0_0;0;0_-100;2;5475_-100;2;5475_-100;2;5475,10.6328767123288,Incidence,1.99033532969738e-09
NbyGQVwzFc_loc12_loop6,12,ITN 0%/IRS 0%/Larvicide 0%,0;0.4;0.4_0;0;0_0;0;0_-100;2;5475_-100;2;5475_-100;2;5475,10.6356164383562,Incidence,1.98716300927459e-09
NbyGQVwzFc_loc12_loop6,12,ITN 0%/IRS 0%/Larvicide 0%,0;0.4;0.4_0;0;0_0;0;0_-100;2;5475_-100;2;5475_-100;2;5475,10.6383561643836,Incidence,1.98399662668909e-09
NbyGQVwzFc_loc12_loop6,12,ITN 0%/IRS 0%/Larvicide 0%,0;0.4;0.4_0;0;0_0;0;0_-100;2;5475_-100;2;5475_-100;2;5475,10.641095890411,Incidence,1.98083616999717e-09
NbyGQVwzFc_loc12_loop6,12,ITN 0%/IRS 0%/Larvicide 0%,0;0.4;0.4_0;0;0_0;0;0_-100;2;5475_-100;2;5475_-100;2;5475,10.6438356164384,Incidence,1.97768162727608e-09
NbyGQVwzFc_loc12_loop6,12,ITN 0%/IRS 0%/Larvicide 0%,0;0.4;0.4_0;0;0_0;0;0_-100;2;5475_-100;2;5475_-100;2;5475,10.6465753424658,Incidence,1.97453298662409e-09
NbyGQVwzFc_loc12_loop6,12,ITN 0%/IRS 0%/Larvicide 0%,0;0.4;0.4_0;0;0_0;0;0_-100;2;5475_-100;2;5475_-100;2;5475,10.6493150684932,Incidence,1.97139023616045e-09
NbyGQVwzFc_loc12_loop6,12,ITN 0%/IRS 0%/Larvicide 0%,0;0.4;0.4_0;0;0_0;0;0_-100;2;5475_-100;2;5475_-100;2;5475,10.6520547945205,Incidence,1.9682533640254e-09
NbyGQVwzFc_loc12_loop6,12,ITN 0%/IRS 0%/Larvicide 0%,0;0.4;0.4_0;0;0_0;0;0_-100;2;5475_-100;2;5475_-100;2;5475,10.6547945205479,Incidence,1.96512235838019e-09
NbyGQVwzFc_loc12_loop6,12,ITN 0%/IRS 0%/Larvicide 0%,0;0.4;0.4_0;0;0_0;0;0_-100;2;5475_-100;2;5475_-100;2;5475,10.6575342465753,Incidence,1.96199720740706e-09
NbyGQVwzFc_loc12_loop6,12,ITN 0%/IRS 0%/Larvicide 0%,0;0.4;0.4_0;0;0_0;0;0_-100;2;5475_-100;2;5475_-100;2;5475,10.6602739726027,Incidence,1.95887789930924e-09
NbyGQVwzFc_loc12_loop6,12,ITN 0%/IRS 0%/Larvicide 0%,0;0.4;0.4_0;0;0_0;0;0_-100;2;5475_-100;2;5475_-100;2;5475,10.6630136986301,Incidence,1.95576442231097e-09
NbyGQVwzFc_loc12_loop6,12,ITN 0%/IRS 0%/Larvicide 0%,0;0.4;0.4_0;0;0_0;0;0_-100;2;5475_-100;2;5475_-100;2;5475,10.6657534246575,Incidence,1.9526567646575e-09
NbyGQVwzFc_loc12_loop6,12,ITN 0%/IRS 0%/Larvicide 0%,0;0.4;0.4_0;0;0_0;0;0_-100;2;5475_-100;2;5475_-100;2;5475,10.6684931506849,Incidence,1.94955491461505e-09
NbyGQVwzFc_loc12_loop6,12,ITN 0%/IRS 0%/Larvicide 0%,0;0.4;0.4_0;0;0_0;0;0_-100;2;5475_-100;2;5475_-100;2;5475,10.6712328767123,Incidence,1.94645886047085e-09
NbyGQVwzFc_loc12_loop6,12,ITN 0%/IRS 0%/Larvicide 0%,0;0.4;0.4_0;0;0_0;0;0_-100;2;5475_-100;2;5475_-100;2;5475,10.6739726027397,Incidence,1.94336859053315e-09
NbyGQVwzFc_loc12_loop6,12,ITN 0%/IRS 0%/Larvicide 0%,0;0.4;0.4_0;0;0_0;0;0_-100;2;5475_-100;2;5475_-100;2;5475,10.6767123287671,Incidence,1.94028409313116e-09
NbyGQVwzFc_loc12_loop6,12,ITN 0%/IRS 0%/Larvicide 0%,0;0.4;0.4_0;0;0_0;0;0_-100;2;5475_-100;2;5475_-100;2;5475,10.6794520547945,Incidence,1.93720535661511e-09
NbyGQVwzFc_loc12_loop6,12,ITN 0%/IRS 0%/Larvicide 0%,0;0.4;0.4_0;0;0_0;0;0_-100;2;5475_-100;2;5475_-100;2;5475,10.6821917808219,Incidence,1.93413236935622e-09
NbyGQVwzFc_loc12_loop6,12,ITN 0%/IRS 0%/Larvicide 0%,0;0.4;0.4_0;0;0_0;0;0_-100;2;5475_-100;2;5475_-100;2;5475,10.6849315068493,Incidence,1.93106511974669e-09
NbyGQVwzFc_loc12_loop6,12,ITN 0%/IRS 0%/Larvicide 0%,0;0.4;0.4_0;0;0_0;0;0_-100;2;5475_-100;2;5475_-100;2;5475,10.6876712328767,Incidence,1.92800359619973e-09
NbyGQVwzFc_loc12_loop6,12,ITN 0%/IRS 0%/Larvicide 0%,0;0.4;0.4_0;0;0_0;0;0_-100;2;5475_-100;2;5475_-100;2;5475,10.6904109589041,Incidence,1.92494778714952e-09
NbyGQVwzFc_loc12_loop6,12,ITN 0%/IRS 0%/Larvicide 0%,0;0.4;0.4_0;0;0_0;0;0_-100;2;5475_-100;2;5475_-100;2;5475,10.6931506849315,Incidence,1.92189768105124e-09
NbyGQVwzFc_loc12_loop6,12,ITN 0%/IRS 0%/Larvicide 0%,0;0.4;0.4_0;0;0_0;0;0_-100;2;5475_-100;2;5475_-100;2;5475,10.6958904109589,Incidence,1.91885326638104e-09
NbyGQVwzFc_loc12_loop6,12,ITN 0%/IRS 0%/Larvicide 0%,0;0.4;0.4_0;0;0_0;0;0_-100;2;5475_-100;2;5475_-100;2;5475,10.6986301369863,Incidence,1.91581453163606e-09
NbyGQVwzFc_loc12_loop6,12,ITN 0%/IRS 0%/Larvicide 0%,0;0.4;0.4_0;0;0_0;0;0_-100;2;5475_-100;2;5475_-100;2;5475,10.7013698630137,Incidence,1.9127814653344e-09
NbyGQVwzFc_loc12_loop6,12,ITN 0%/IRS 0%/Larvicide 0%,0;0.4;0.4_0;0;0_0;0;0_-100;2;5475_-100;2;5475_-100;2;5475,10.7041095890411,Incidence,1.90975405601516e-09
NbyGQVwzFc_loc12_loop6,12,ITN 0%/IRS 0%/Larvicide 0%,0;0.4;0.4_0;0;0_0;0;0_-100;2;5475_-100;2;5475_-100;2;5475,10.7068493150685,Incidence,1.90673229223839e-09
NbyGQVwzFc_loc12_loop6,12,ITN 0%/IRS 0%/Larvicide 0%,0;0.4;0.4_0;0;0_0;0;0_-100;2;5475_-100;2;5475_-100;2;5475,10.7095890410959,Incidence,1.9037161625851e-09
NbyGQVwzFc_loc12_loop6,12,ITN 0%/IRS 0%/Larvicide 0%,0;0.4;0.4_0;0;0_0;0;0_-100;2;5475_-100;2;5475_-100;2;5475,10.7123287671233,Incidence,1.90070565565727e-09
NbyGQVwzFc_loc12_loop6,12,ITN 0%/IRS 0%/Larvicide 0%,0;0.4;0.4_0;0;0_0;0;0_-100;2;5475_-100;2;5475_-100;2;5475,10.7150684931507,Incidence,1.89770076007784e-09
NbyGQVwzFc_loc12_loop6,12,ITN 0%/IRS 0%/Larvicide 0%,0;0.4;0.4_0;0;0_0;0;0_-100;2;5475_-100;2;5475_-100;2;5475,10.7178082191781,Incidence,1.89470146449069e-09
NbyGQVwzFc_loc12_loop6,12,ITN 0%/IRS 0%/Larvicide 0%,0;0.4;0.4_0;0;0_0;0;0_-100;2;5475_-100;2;5475_-100;2;5475,10.7205479452055,Incidence,1.89170775756064e-09
NbyGQVwzFc_loc12_loop6,12,ITN 0%/IRS 0%/Larvicide 0%,0;0.4;0.4_0;0;0_0;0;0_-100;2;5475_-100;2;5475_-100;2;5475,10.7232876712329,Incidence,1.88871962796374e-09
NbyGQVwzFc_loc12_loop6,12,ITN 0%/IRS 0%/Larvicide 0%,0;0.4;0.4_0;0;0_0;0;0_-100;2;5475_-100;2;5475_-100;2;5475,10.7260273972603,Incidence,1.88573706439983e-09
NbyGQVwzFc_loc12_loop6,12,ITN 0%/IRS 0%/Larvicide 0%,0;0.4;0.4_0;0;0_0;0;0_-100;2;5475_-100;2;5475_-100;2;5475,10.7287671232877,Incidence,1.88276005564813e-09
NbyGQVwzFc_loc12_loop6,12,ITN 0%/IRS 0%/Larvicide 0%,0;0.4;0.4_0;0;0_0;0;0_-100;2;5475_-100;2;5475_-100;2;5475,10.7315068493151,Incidence,1.87978859051181e-09
NbyGQVwzFc_loc12_loop6,12,ITN 0%/IRS 0%/Larvicide 0%,0;0.4;0.4_0;0;0_0;0;0_-100;2;5475_-100;2;5475_-100;2;5475,10.7342465753425,Incidence,1.87682265781439e-09
NbyGQVwzFc_loc12_loop6,12,ITN 0%/IRS 0%/Larvicide 0%,0;0.4;0.4_0;0;0_0;0;0_-100;2;5475_-100;2;5475_-100;2;5475,10.7369863013699,Incidence,1.8738622463997e-09
NbyGQVwzFc_loc12_loop6,12,ITN 0%/IRS 0%/Larvicide 0%,0;0.4;0.4_0;0;0_0;0;0_-100;2;5475_-100;2;5475_-100;2;5475,10.7397260273973,Incidence,1.8709073451319e-09
NbyGQVwzFc_loc12_loop6,12,ITN 0%/IRS 0%/Larvicide 0%,0;0.4;0.4_0;0;0_0;0;0_-100;2;5475_-100;2;5475_-100;2;5475,10.7424657534247,Incidence,1.86795794289544e-09
NbyGQVwzFc_loc12_loop6,12,ITN 0%/IRS 0%/Larvicide 0%,0;0.4;0.4_0;0;0_0;0;0_-100;2;5475_-100;2;5475_-100;2;5475,10.7452054794521,Incidence,1.8650140285951e-09
NbyGQVwzFc_loc12_loop6,12,ITN 0%/IRS 0%/Larvicide 0%,0;0.4;0.4_0;0;0_0;0;0_-100;2;5475_-100;2;5475_-100;2;5475,10.7479452054795,Incidence,1.86207559115594e-09
NbyGQVwzFc_loc12_loop6,12,ITN 0%/IRS 0%/Larvicide 0%,0;0.4;0.4_0;0;0_0;0;0_-100;2;5475_-100;2;5475_-100;2;5475,10.7506849315069,Incidence,1.85914261952333e-09
NbyGQVwzFc_loc12_loop6,12,ITN 0%/IRS 0%/Larvicide 0%,0;0.4;0.4_0;0;0_0;0;0_-100;2;5475_-100;2;5475_-100;2;5475,10.7534246575342,Incidence,1.85621510266293e-09
NbyGQVwzFc_loc12_loop6,12,ITN 0%/IRS 0%/Larvicide 0%,0;0.4;0.4_0;0;0_0;0;0_-100;2;5475_-100;2;5475_-100;2;5475,10.7561643835616,Incidence,1.85329302956066e-09
NbyGQVwzFc_loc12_loop6,12,ITN 0%/IRS 0%/Larvicide 0%,0;0.4;0.4_0;0;0_0;0;0_-100;2;5475_-100;2;5475_-100;2;5475,10.758904109589,Incidence,1.85037638922276e-09
NbyGQVwzFc_loc12_loop6,12,ITN 0%/IRS 0%/Larvicide 0%,0;0.4;0.4_0;0;0_0;0;0_-100;2;5475_-100;2;5475_-100;2;5475,10.7616438356164,Incidence,1.8474651706757e-09
NbyGQVwzFc_loc12_loop6,12,ITN 0%/IRS 0%/Larvicide 0%,0;0.4;0.4_0;0;0_0;0;0_-100;2;5475_-100;2;5475_-100;2;5475,10.7643835616438,Incidence,1.84455936296623e-09
NbyGQVwzFc_loc12_loop6,12,ITN 0%/IRS 0%/Larvicide 0%,0;0.4;0.4_0;0;0_0;0;0_-100;2;5475_-100;2;5475_-100;2;5475,10.7671232876712,Incidence,1.84165895516137e-09
NbyGQVwzFc_loc12_loop6,12,ITN 0%/IRS 0%/Larvicide 0%,0;0.4;0.4_0;0;0_0;0;0_-100;2;5475_-100;2;5475_-100;2;5475,10.7698630136986,Incidence,1.83876393634837e-09
NbyGQVwzFc_loc12_loop6,12,ITN 0%/IRS 0%/Larvicide 0%,0;0.4;0.4_0;0;0_0;0;0_-100;2;5475_-100;2;5475_-100;2;5475,10.772602739726,Incidence,1.83587429563473e-09
NbyGQVwzFc_loc12_loop6,12,ITN 0%/IRS 0%/Larvicide 0%,0;0.4;0.4_0;0;0_0;0;0_-100;2;5475_-100;2;5475_-100;2;5475,10.7753424657534,Incidence,1.83299002214819e-09
NbyGQVwzFc_loc12_loop6,12,ITN 0%/IRS 0%/Larvicide 0%,0;0.4;0.4_0;0;0_0;0;0_-100;2;5475_-100;2;5475_-100;2;5475,10.7780821917808,Incidence,1.8301111050367e-09
NbyGQVwzFc_loc12_loop6,12,ITN 0%/IRS 0%/Larvicide 0%,0;0.4;0.4_0;0;0_0;0;0_-100;2;5475_-100;2;5475_-100;2;5475,10.7808219178082,Incidence,1.82723753346845e-09
NbyGQVwzFc_loc12_loop6,12,ITN 0%/IRS 0%/Larvicide 0%,0;0.4;0.4_0;0;0_0;0;0_-100;2;5475_-100;2;5475_-100;2;5475,10.7835616438356,Incidence,1.82436929663184e-09
NbyGQVwzFc_loc12_loop6,12,ITN 0%/IRS 0%/Larvicide 0%,0;0.4;0.4_0;0;0_0;0;0_-100;2;5475_-100;2;5475_-100;2;5475,10.786301369863,Incidence,1.82150638373545e-09
NbyGQVwzFc_loc12_loop6,12,ITN 0%/IRS 0%/Larvicide 0%,0;0.4;0.4_0;0;0_0;0;0_-100;2;5475_-100;2;5475_-100;2;5475,10.7890410958904,Incidence,1.81864878400807e-09
NbyGQVwzFc_loc12_loop6,12,ITN 0%/IRS 0%/Larvicide 0%,0;0.4;0.4_0;0;0_0;0;0_-100;2;5475_-100;2;5475_-100;2;5475,10.7917808219178,Incidence,1.81579648669868e-09
NbyGQVwzFc_loc12_loop6,12,ITN 0%/IRS 0%/Larvicide 0%,0;0.4;0.4_0;0;0_0;0;0_-100;2;5475_-100;2;5475_-100;2;5475,10.7945205479452,Incidence,1.81294948107641e-09
NbyGQVwzFc_loc12_loop6,12,ITN 0%/IRS 0%/Larvicide 0%,0;0.4;0.4_0;0;0_0;0;0_-100;2;5475_-100;2;5475_-100;2;5475,10.7972602739726,Incidence,1.81010775643059e-09
NbyGQVwzFc_loc12_loop6,12,ITN 0%/IRS 0%/Larvicide 0%,0;0.4;0.4_0;0;0_0;0;0_-100;2;5475_-100;2;5475_-100;2;5475,10.8,Incidence,1.80727130207067e-09
NbyGQVwzFc_loc12_loop6,12,ITN 0%/IRS 0%/Larvicide 0%,0;0.4;0.4_0;0;0_0;0;0_-100;2;5475_-100;2;5475_-100;2;5475,10.8027397260274,Incidence,1.80444010732627e-09
NbyGQVwzFc_loc12_loop6,12,ITN 0%/IRS 0%/Larvicide 0%,0;0.4;0.4_0;0;0_0;0;0_-100;2;5475_-100;2;5475_-100;2;5475,10.8054794520548,Incidence,1.80161416154714e-09
NbyGQVwzFc_loc12_loop6,12,ITN 0%/IRS 0%/Larvicide 0%,0;0.4;0.4_0;0;0_0;0;0_-100;2;5475_-100;2;5475_-100;2;5475,10.8082191780822,Incidence,1.79879345410316e-09
NbyGQVwzFc_loc12_loop6,12,ITN 0%/IRS 0%/Larvicide 0%,0;0.4;0.4_0;0;0_0;0;0_-100;2;5475_-100;2;5475_-100;2;5475,10.8109589041096,Incidence,1.79597797438432e-09
NbyGQVwzFc_loc12_loop6,12,ITN 0%/IRS 0%/Larvicide 0%,0;0.4;0.4_0;0;0_0;0;0_-100;2;5475_-100;2;5475_-100;2;5475,10.813698630137,Incidence,1.79316771180072e-09
NbyGQVwzFc_loc12_loop6,12,ITN 0%/IRS 0%/Larvicide 0%,0;0.4;0.4_0;0;0_0;0;0_-100;2;5475_-100;2;5475_-100;2;5475,10.8164383561644,Incidence,1.79036265578253e-09
NbyGQVwzFc_loc12_loop6,12,ITN 0%/IRS 0%/Larvicide 0%,0;0.4;0.4_0;0;0_0;0;0_-100;2;5475_-100;2;5475_-100;2;5475,10.8191780821918,Incidence,1.78756279578004e-09
NbyGQVwzFc_loc12_loop6,12,ITN 0%/IRS 0%/Larvicide 0%,0;0.4;0.4_0;0;0_0;0;0_-100;2;5475_-100;2;5475_-100;2;5475,10.8219178082192,Incidence,1.78476812125171e-09
NbyGQVwzFc_loc12_loop6,12,ITN 0%/IRS 0%/Larvicide 0%,0;0.4;0.4_0;0;0_0;0;0_-100;2;5475_-100;2;5475_-100;2;5475,10.8246575342466,Incidence,1.78197862169931e-09
NbyGQVwzFc_loc12_loop6,12,ITN 0%/IRS 0%/Larvicide 0%,0;0.4;0.4_0;0;0_0;0;0_-100;2;5475_-100;2;5475_-100;2;5475,10.827397260274,Incidence,1.77919428668003e-09
NbyGQVwzFc_loc12_loop6,12,ITN 0%/IRS 0%/Larvicide 0%,0;0.4;0.4_0;0;0_0;0;0_-100;2;5475_-100;2;5475_-100;2;5475,10.8301369863014,Incidence,1.77641510577081e-09
NbyGQVwzFc_loc12_loop6,12,ITN 0%/IRS 0%/Larvicide 0%,0;0.4;0.4_0;0;0_0;0;0_-100;2;5475_-100;2;5475_-100;2;5475,10.8328767123288,Incidence,1.77364106856806e-09
NbyGQVwzFc_loc12_loop6,12,ITN 0%/IRS 0%/Larvicide 0%,0;0.4;0.4_0;0;0_0;0;0_-100;2;5475_-100;2;5475_-100;2;5475,10.8356164383562,Incidence,1.77087216468769e-09
NbyGQVwzFc_loc12_loop6,12,ITN 0%/IRS 0%/Larvicide 0%,0;0.4;0.4_0;0;0_0;0;0_-100;2;5475_-100;2;5475_-100;2;5475,10.8383561643836,Incidence,1.76810838376508e-09
NbyGQVwzFc_loc12_loop6,12,ITN 0%/IRS 0%/Larvicide 0%,0;0.4;0.4_0;0;0_0;0;0_-100;2;5475_-100;2;5475_-100;2;5475,10.841095890411,Incidence,1.76534971545509e-09
NbyGQVwzFc_loc12_loop6,12,ITN 0%/IRS 0%/Larvicide 0%,0;0.4;0.4_0;0;0_0;0;0_-100;2;5475_-100;2;5475_-100;2;5475,10.8438356164384,Incidence,1.76259614943203e-09
NbyGQVwzFc_loc12_loop6,12,ITN 0%/IRS 0%/Larvicide 0%,0;0.4;0.4_0;0;0_0;0;0_-100;2;5475_-100;2;5475_-100;2;5475,10.8465753424658,Incidence,1.75984767538965e-09
NbyGQVwzFc_loc12_loop6,12,ITN 0%/IRS 0%/Larvicide 0%,0;0.4;0.4_0;0;0_0;0;0_-100;2;5475_-100;2;5475_-100;2;5475,10.8493150684932,Incidence,1.75710428304115e-09
NbyGQVwzFc_loc12_loop6,12,ITN 0%/IRS 0%/Larvicide 0%,0;0.4;0.4_0;0;0_0;0;0_-100;2;5475_-100;2;5475_-100;2;5475,10.8520547945205,Incidence,1.75436596211913e-09
NbyGQVwzFc_loc12_loop6,12,ITN 0%/IRS 0%/Larvicide 0%,0;0.4;0.4_0;0;0_0;0;0_-100;2;5475_-100;2;5475_-100;2;5475,10.8547945205479,Incidence,1.75163270237563e-09
NbyGQVwzFc_loc12_loop6,12,ITN 0%/IRS 0%/Larvicide 0%,0;0.4;0.4_0;0;0_0;0;0_-100;2;5475_-100;2;5475_-100;2;5475,10.8575342465753,Incidence,1.74890449358208e-09
NbyGQVwzFc_loc12_loop6,12,ITN 0%/IRS 0%/Larvicide 0%,0;0.4;0.4_0;0;0_0;0;0_-100;2;5475_-100;2;5475_-100;2;5475,10.8602739726027,Incidence,1.74618132552929e-09
NbyGQVwzFc_loc12_loop6,12,ITN 0%/IRS 0%/Larvicide 0%,0;0.4;0.4_0;0;0_0;0;0_-100;2;5475_-100;2;5475_-100;2;5475,10.8630136986301,Incidence,1.74346318802747e-09
NbyGQVwzFc_loc12_loop6,12,ITN 0%/IRS 0%/Larvicide 0%,0;0.4;0.4_0;0;0_0;0;0_-100;2;5475_-100;2;5475_-100;2;5475,10.8657534246575,Incidence,1.74075007090616e-09
NbyGQVwzFc_loc12_loop6,12,ITN 0%/IRS 0%/Larvicide 0%,0;0.4;0.4_0;0;0_0;0;0_-100;2;5475_-100;2;5475_-100;2;5475,10.8684931506849,Incidence,1.73804196401429e-09
NbyGQVwzFc_loc12_loop6,12,ITN 0%/IRS 0%/Larvicide 0%,0;0.4;0.4_0;0;0_0;0;0_-100;2;5475_-100;2;5475_-100;2;5475,10.8712328767123,Incidence,1.73533885722011e-09
NbyGQVwzFc_loc12_loop6,12,ITN 0%/IRS 0%/Larvicide 0%,0;0.4;0.4_0;0;0_0;0;0_-100;2;5475_-100;2;5475_-100;2;5475,10.8739726027397,Incidence,1.73264074041121e-09
NbyGQVwzFc_loc12_loop6,12,ITN 0%/IRS 0%/Larvicide 0%,0;0.4;0.4_0;0;0_0;0;0_-100;2;5475_-100;2;5475_-100;2;5475,10.8767123287671,Incidence,1.72994760349448e-09
NbyGQVwzFc_loc12_loop6,12,ITN 0%/IRS 0%/Larvicide 0%,0;0.4;0.4_0;0;0_0;0;0_-100;2;5475_-100;2;5475_-100;2;5475,10.8794520547945,Incidence,1.72725943639612e-09
NbyGQVwzFc_loc12_loop6,12,ITN 0%/IRS 0%/Larvicide 0%,0;0.4;0.4_0;0;0_0;0;0_-100;2;5475_-100;2;5475_-100;2;5475,10.8821917808219,Incidence,1.72457622906163e-09
NbyGQVwzFc_loc12_loop6,12,ITN 0%/IRS 0%/Larvicide 0%,0;0.4;0.4_0;0;0_0;0;0_-100;2;5475_-100;2;5475_-100;2;5475,10.8849315068493,Incidence,1.72189797145577e-09
NbyGQVwzFc_loc12_loop6,12,ITN 0%/IRS 0%/Larvicide 0%,0;0.4;0.4_0;0;0_0;0;0_-100;2;5475_-100;2;5475_-100;2;5475,10.8876712328767,Incidence,1.71922465356258e-09
NbyGQVwzFc_loc12_loop6,12,ITN 0%/IRS 0%/Larvicide 0%,0;0.4;0.4_0;0;0_0;0;0_-100;2;5475_-100;2;5475_-100;2;5475,10.8904109589041,Incidence,1.71655626538532e-09
NbyGQVwzFc_loc12_loop6,12,ITN 0%/IRS 0%/Larvicide 0%,0;0.4;0.4_0;0;0_0;0;0_-100;2;5475_-100;2;5475_-100;2;5475,10.8931506849315,Incidence,1.71389279694651e-09
NbyGQVwzFc_loc12_loop6,12,ITN 0%/IRS 0%/Larvicide 0%,0;0.4;0.4_0;0;0_0;0;0_-100;2;5475_-100;2;5475_-100;2;5475,10.8958904109589,Incidence,1.71123423828789e-09
NbyGQVwzFc_loc12_loop6,12,ITN 0%/IRS 0%/Larvicide 0%,0;0.4;0.4_0;0;0_0;0;0_-100;2;5475_-100;2;5475_-100;2;5475,10.8986301369863,Incidence,1.70858057947039e-09
NbyGQVwzFc_loc12_loop6,12,ITN 0%/IRS 0%/Larvicide 0%,0;0.4;0.4_0;0;0_0;0;0_-100;2;5475_-100;2;5475_-100;2;5475,10.9013698630137,Incidence,1.70593181057414e-09
NbyGQVwzFc_loc12_loop6,12,ITN 0%/IRS 0%/Larvicide 0%,0;0.4;0.4_0;0;0_0;0;0_-100;2;5475_-100;2;5475_-100;2;5475,10.9041095890411,Incidence,1.70328792169846e-09
NbyGQVwzFc_loc12_loop6,12,ITN 0%/IRS 0%/Larvicide 0%,0;0.4;0.4_0;0;0_0;0;0_-100;2;5475_-100;2;5475_-100;2;5475,10.9068493150685,Incidence,1.70064890296182e-09
NbyGQVwzFc_loc12_loop6,12,ITN 0%/IRS 0%/Larvicide 0%,0;0.4;0.4_0;0;0_0;0;0_-100;2;5475_-100;2;5475_-100;2;5475,10.9095890410959,Incidence,1.69801474450184e-09
NbyGQVwzFc_loc12_loop6,12,ITN 0%/IRS 0%/Larvicide 0%,0;0.4;0.4_0;0;0_0;0;0_-100;2;5475_-100;2;5475_-100;2;5475,10.9123287671233,Incidence,1.69538543647526e-09
NbyGQVwzFc_loc12_loop6,12,ITN 0%/IRS 0%/Larvicide 0%,0;0.4;0.4_0;0;0_0;0;0_-100;2;5475_-100;2;5475_-100;2;5475,10.9150684931507,Incidence,1.69276096905796e-09
NbyGQVwzFc_loc12_loop6,12,ITN 0%/IRS 0%/Larvicide 0%,0;0.4;0.4_0;0;0_0;0;0_-100;2;5475_-100;2;5475_-100;2;5475,10.9178082191781,Incidence,1.69014133244492e-09
NbyGQVwzFc_loc12_loop6,12,ITN 0%/IRS 0%/Larvicide 0%,0;0.4;0.4_0;0;0_0;0;0_-100;2;5475_-100;2;5475_-100;2;5475,10.9205479452055,Incidence,1.68752651685018e-09
NbyGQVwzFc_loc12_loop6,12,ITN 0%/IRS 0%/Larvicide 0%,0;0.4;0.4_0;0;0_0;0;0_-100;2;5475_-100;2;5475_-100;2;5475,10.9232876712329,Incidence,1.68491651250231e-09
NbyGQVwzFc_loc12_loop6,12,ITN 0%/IRS 0%/Larvicide 0%,0;0.4;0.4_0;0;0_0;0;0_-100;2;5475_-100;2;5475_-100;2;5475,10.9260273972603,Incidence,1.68231130965345e-09
NbyGQVwzFc_loc12_loop6,12,ITN 0%/IRS 0%/Larvicide 0%,0;0.4;0.4_0;0;0_0;0;0_-100;2;5475_-100;2;5475_-100;2;5475,10.9287671232877,Incidence,1.67971089861182e-09
NbyGQVwzFc_loc12_loop6,12,ITN 0%/IRS 0%/Larvicide 0%,0;0.4;0.4_0;0;0_0;0;0_-100;2;5475_-100;2;5475_-100;2;5475,10.9315068493151,Incidence,1.67711526970689e-09
NbyGQVwzFc_loc12_loop6,12,ITN 0%/IRS 0%/Larvicide 0%,0;0.4;0.4_0;0;0_0;0;0_-100;2;5475_-100;2;5475_-100;2;5475,10.9342465753425,Incidence,1.67452441328666e-09
NbyGQVwzFc_loc12_loop6,12,ITN 0%/IRS 0%/Larvicide 0%,0;0.4;0.4_0;0;0_0;0;0_-100;2;5475_-100;2;5475_-100;2;5475,10.9369863013699,Incidence,1.67193831971767e-09
NbyGQVwzFc_loc12_loop6,12,ITN 0%/IRS 0%/Larvicide 0%,0;0.4;0.4_0;0;0_0;0;0_-100;2;5475_-100;2;5475_-100;2;5475,10.9397260273973,Incidence,1.66935697938497e-09
NbyGQVwzFc_loc12_loop6,12,ITN 0%/IRS 0%/Larvicide 0%,0;0.4;0.4_0;0;0_0;0;0_-100;2;5475_-100;2;5475_-100;2;5475,10.9424657534247,Incidence,1.66678038269211e-09
NbyGQVwzFc_loc12_loop6,12,ITN 0%/IRS 0%/Larvicide 0%,0;0.4;0.4_0;0;0_0;0;0_-100;2;5475_-100;2;5475_-100;2;5475,10.9452054794521,Incidence,1.66420852006112e-09
NbyGQVwzFc_loc12_loop6,12,ITN 0%/IRS 0%/Larvicide 0%,0;0.4;0.4_0;0;0_0;0;0_-100;2;5475_-100;2;5475_-100;2;5475,10.9479452054795,Incidence,1.66164138193253e-09
NbyGQVwzFc_loc12_loop6,12,ITN 0%/IRS 0%/Larvicide 0%,0;0.4;0.4_0;0;0_0;0;0_-100;2;5475_-100;2;5475_-100;2;5475,10.9506849315068,Incidence,1.65907895876529e-09
NbyGQVwzFc_loc12_loop6,12,ITN 0%/IRS 0%/Larvicide 0%,0;0.4;0.4_0;0;0_0;0;0_-100;2;5475_-100;2;5475_-100;2;5475,10.9534246575342,Incidence,1.6565212410368e-09
NbyGQVwzFc_loc12_loop6,12,ITN 0%/IRS 0%/Larvicide 0%,0;0.4;0.4_0;0;0_0;0;0_-100;2;5475_-100;2;5475_-100;2;5475,10.9561643835616,Incidence,1.65396821924291e-09
NbyGQVwzFc_loc12_loop6,12,ITN 0%/IRS 0%/Larvicide 0%,0;0.4;0.4_0;0;0_0;0;0_-100;2;5475_-100;2;5475_-100;2;5475,10.958904109589,Incidence,1.65141988389784e-09
NbyGQVwzFc_loc12_loop6,12,ITN 0%/IRS 0%/Larvicide 0%,0;0.4;0.4_0;0;0_0;0;0_-100;2;5475_-100;2;5475_-100;2;5475,10.9616438356164,Incidence,1.64887622553425e-09
NbyGQVwzFc_loc12_loop6,12,ITN 0%/IRS 0%/Larvicide 0%,0;0.4;0.4_0;0;0_0;0;0_-100;2;5475_-100;2;5475_-100;2;5475,10.9643835616438,Incidence,1.64633723470314e-09
NbyGQVwzFc_loc12_loop6,12,ITN 0%/IRS 0%/Larvicide 0%,0;0.4;0.4_0;0;0_0;0;0_-100;2;5475_-100;2;5475_-100;2;5475,10.9671232876712,Incidence,1.64380290197391e-09
NbyGQVwzFc_loc12_loop6,12,ITN 0%/IRS 0%/Larvicide 0%,0;0.4;0.4_0;0;0_0;0;0_-100;2;5475_-100;2;5475_-100;2;5475,10.9698630136986,Incidence,1.64127321793426e-09
NbyGQVwzFc_loc12_loop6,12,ITN 0%/IRS 0%/Larvicide 0%,0;0.4;0.4_0;0;0_0;0;0_-100;2;5475_-100;2;5475_-100;2;5475,10.972602739726,Incidence,1.63874817319027e-09
NbyGQVwzFc_loc12_loop6,12,ITN 0%/IRS 0%/Larvicide 0%,0;0.4;0.4_0;0;0_0;0;0_-100;2;5475_-100;2;5475_-100;2;5475,10.9753424657534,Incidence,1.63622775836631e-09
NbyGQVwzFc_loc12_loop6,12,ITN 0%/IRS 0%/Larvicide 0%,0;0.4;0.4_0;0;0_0;0;0_-100;2;5475_-100;2;5475_-100;2;5475,10.9780821917808,Incidence,1.63371196410506e-09
NbyGQVwzFc_loc12_loop6,12,ITN 0%/IRS 0%/Larvicide 0%,0;0.4;0.4_0;0;0_0;0;0_-100;2;5475_-100;2;5475_-100;2;5475,10.9808219178082,Incidence,1.63120078106745e-09
NbyGQVwzFc_loc12_loop6,12,ITN 0%/IRS 0%/Larvicide 0%,0;0.4;0.4_0;0;0_0;0;0_-100;2;5475_-100;2;5475_-100;2;5475,10.9835616438356,Incidence,1.62869419993273e-09
NbyGQVwzFc_loc12_loop6,12,ITN 0%/IRS 0%/Larvicide 0%,0;0.4;0.4_0;0;0_0;0;0_-100;2;5475_-100;2;5475_-100;2;5475,10.986301369863,Incidence,1.62619221139835e-09
NbyGQVwzFc_loc12_loop6,12,ITN 0%/IRS 0%/Larvicide 0%,0;0.4;0.4_0;0;0_0;0;0_-100;2;5475_-100;2;5475_-100;2;5475,10.9890410958904,Incidence,1.62369480618002e-09
NbyGQVwzFc_loc12_loop6,12,ITN 0%/IRS 0%/Larvicide 0%,0;0.4;0.4_0;0;0_0;0;0_-100;2;5475_-100;2;5475_-100;2;5475,10.9917808219178,Incidence,1.62120197501164e-09
NbyGQVwzFc_loc12_loop6,12,ITN 0%/IRS 0%/Larvicide 0%,0;0.4;0.4_0;0;0_0;0;0_-100;2;5475_-100;2;5475_-100;2;5475,10.9945205479452,Incidence,1.61871370864534e-09
NbyGQVwzFc_loc12_loop6,12,ITN 0%/IRS 0%/Larvicide 0%,0;0.4;0.4_0;0;0_0;0;0_-100;2;5475_-100;2;5475_-100;2;5475,10.9972602739726,Incidence,1.6162299978514e-09
NbyGQVwzFc_loc12_loop6,12,ITN 0%/IRS 0%/Larvicide 0%,0;0.4;0.4_0;0;0_0;0;0_-100;2;5475_-100;2;5475_-100;2;5475,11,Incidence,1.61375083341828e-09
NbyGQVwzFc_loc12_loop6,12,ITN 0%/IRS 0%/Larvicide 0%,0;0.4;0.4_0;0;0_0;0;0_-100;2;5475_-100;2;5475_-100;2;5475,11.0027397260274,Incidence,1.61127620615257e-09
NbyGQVwzFc_loc12_loop6,12,ITN 0%/IRS 0%/Larvicide 0%,0;0.4;0.4_0;0;0_0;0;0_-100;2;5475_-100;2;5475_-100;2;5475,11.0054794520548,Incidence,1.608806106879e-09
NbyGQVwzFc_loc12_loop6,12,ITN 0%/IRS 0%/Larvicide 0%,0;0.4;0.4_0;0;0_0;0;0_-100;2;5475_-100;2;5475_-100;2;5475,11.0082191780822,Incidence,1.6063405264404e-09
NbyGQVwzFc_loc12_loop6,12,ITN 0%/IRS 0%/Larvicide 0%,0;0.4;0.4_0;0;0_0;0;0_-100;2;5475_-100;2;5475_-100;2;5475,11.0109589041096,Incidence,1.60387945569769e-09
NbyGQVwzFc_loc12_loop6,12,ITN 0%/IRS 0%/Larvicide 0%,0;0.4;0.4_0;0;0_0;0;0_-100;2;5475_-100;2;5475_-100;2;5475,11.013698630137,Incidence,1.60142288552988e-09
NbyGQVwzFc_loc12_loop6,12,ITN 0%/IRS 0%/Larvicide 0%,0;0.4;0.4_0;0;0_0;0;0_-100;2;5475_-100;2;5475_-100;2;5475,11.0164383561644,Incidence,1.598970806834e-09
NbyGQVwzFc_loc12_loop6,12,ITN 0%/IRS 0%/Larvicide 0%,0;0.4;0.4_0;0;0_0;0;0_-100;2;5475_-100;2;5475_-100;2;5475,11.0191780821918,Incidence,1.59652321052515e-09
NbyGQVwzFc_loc12_loop6,12,ITN 0%/IRS 0%/Larvicide 0%,0;0.4;0.4_0;0;0_0;0;0_-100;2;5475_-100;2;5475_-100;2;5475,11.0219178082192,Incidence,1.59408008753643e-09
NbyGQVwzFc_loc12_loop6,12,ITN 0%/IRS 0%/Larvicide 0%,0;0.4;0.4_0;0;0_0;0;0_-100;2;5475_-100;2;5475_-100;2;5475,11.0246575342466,Incidence,1.59164142881894e-09
NbyGQVwzFc_loc12_loop6,12,ITN 0%/IRS 0%/Larvicide 0%,0;0.4;0.4_0;0;0_0;0;0_-100;2;5475_-100;2;5475_-100;2;5475,11.027397260274,Incidence,1.58920722534176e-09
NbyGQVwzFc_loc12_loop6,12,ITN 0%/IRS 0%/Larvicide 0%,0;0.4;0.4_0;0;0_0;0;0_-100;2;5475_-100;2;5475_-100;2;5475,11.0301369863014,Incidence,1.58677746808868e-09
NbyGQVwzFc_loc12_loop6,12,ITN 0%/IRS 0%/Larvicide 0%,0;0.4;0.4_0;0;0_0;0;0_-100;2;5475_-100;2;5475_-100;2;5475,11.0328767123288,Incidence,1.58435214806853e-09
NbyGQVwzFc_loc12_loop6,12,ITN 0%/IRS 0%/Larvicide 0%,0;0.4;0.4_0;0;0_0;0;0_-100;2;5475_-100;2;5475_-100;2;5475,11.0356164383562,Incidence,1.58193125633555e-09
NbyGQVwzFc_loc12_loop6,12,ITN 0%/IRS 0%/Larvicide 0%,0;0.4;0.4_0;0;0_0;0;0_-100;2;5475_-100;2;5475_-100;2;5475,11.0383561643836,Incidence,1.57951478396308e-09
NbyGQVwzFc_loc12_loop6,12,ITN 0%/IRS 0%/Larvicide 0%,0;0.4;0.4_0;0;0_0;0;0_-100;2;5475_-100;2;5475_-100;2;5475,11.041095890411,Incidence,1.57710272204198e-09
NbyGQVwzFc_loc12_loop6,12,ITN 0%/IRS 0%/Larvicide 0%,0;0.4;0.4_0;0;0_0;0;0_-100;2;5475_-100;2;5475_-100;2;5475,11.0438356164384,Incidence,1.57469506168056e-09
NbyGQVwzFc_loc12_loop6,12,ITN 0%/IRS 0%/Larvicide 0%,0;0.4;0.4_0;0;0_0;0;0_-100;2;5475_-100;2;5475_-100;2;5475,11.0465753424658,Incidence,1.57229179400456e-09
NbyGQVwzFc_loc12_loop6,12,ITN 0%/IRS 0%/Larvicide 0%,0;0.4;0.4_0;0;0_0;0;0_-100;2;5475_-100;2;5475_-100;2;5475,11.0493150684932,Incidence,1.56989291015718e-09
NbyGQVwzFc_loc12_loop6,12,ITN 0%/IRS 0%/Larvicide 0%,0;0.4;0.4_0;0;0_0;0;0_-100;2;5475_-100;2;5475_-100;2;5475,11.0520547945205,Incidence,1.56749840129896e-09
NbyGQVwzFc_loc12_loop6,12,ITN 0%/IRS 0%/Larvicide 0%,0;0.4;0.4_0;0;0_0;0;0_-100;2;5475_-100;2;5475_-100;2;5475,11.0547945205479,Incidence,1.56510825860788e-09
NbyGQVwzFc_loc12_loop6,12,ITN 0%/IRS 0%/Larvicide 0%,0;0.4;0.4_0;0;0_0;0;0_-100;2;5475_-100;2;5475_-100;2;5475,11.0575342465753,Incidence,1.56272247327928e-09
NbyGQVwzFc_loc12_loop6,12,ITN 0%/IRS 0%/Larvicide 0%,0;0.4;0.4_0;0;0_0;0;0_-100;2;5475_-100;2;5475_-100;2;5475,11.0602739726027,Incidence,1.56034103652587e-09
NbyGQVwzFc_loc12_loop6,12,ITN 0%/IRS 0%/Larvicide 0%,0;0.4;0.4_0;0;0_0;0;0_-100;2;5475_-100;2;5475_-100;2;5475,11.0630136986301,Incidence,1.55796393957768e-09
NbyGQVwzFc_loc12_loop6,12,ITN 0%/IRS 0%/Larvicide 0%,0;0.4;0.4_0;0;0_0;0;0_-100;2;5475_-100;2;5475_-100;2;5475,11.0657534246575,Incidence,1.55559117368212e-09
NbyGQVwzFc_loc12_loop6,12,ITN 0%/IRS 0%/Larvicide 0%,0;0.4;0.4_0;0;0_0;0;0_-100;2;5475_-100;2;5475_-100;2;5475,11.0684931506849,Incidence,1.55322273010384e-09
NbyGQVwzFc_loc12_loop6,12,ITN 0%/IRS 0%/Larvicide 0%,0;0.4;0.4_0;0;0_0;0;0_-100;2;5475_-100;2;5475_-100;2;5475,11.0712328767123,Incidence,1.55085860012483e-09
NbyGQVwzFc_loc12_loop6,12,ITN 0%/IRS 0%/Larvicide 0%,0;0.4;0.4_0;0;0_0;0;0_-100;2;5475_-100;2;5475_-100;2;5475,11.0739726027397,Incidence,1.54849877504433e-09
NbyGQVwzFc_loc12_loop6,12,ITN 0%/IRS 0%/Larvicide 0%,0;0.4;0.4_0;0;0_0;0;0_-100;2;5475_-100;2;5475_-100;2;5475,11.0767123287671,Incidence,1.54614324617884e-09
NbyGQVwzFc_loc12_loop6,12,ITN 0%/IRS 0%/Larvicide 0%,0;0.4;0.4_0;0;0_0;0;0_-100;2;5475_-100;2;5475_-100;2;5475,11.0794520547945,Incidence,1.54379200486207e-09
NbyGQVwzFc_loc12_loop6,12,ITN 0%/IRS 0%/Larvicide 0%,0;0.4;0.4_0;0;0_0;0;0_-100;2;5475_-100;2;5475_-100;2;5475,11.0821917808219,Incidence,1.54144504244496e-09
NbyGQVwzFc_loc12_loop6,12,ITN 0%/IRS 0%/Larvicide 0%,0;0.4;0.4_0;0;0_0;0;0_-100;2;5475_-100;2;5475_-100;2;5475,11.0849315068493,Incidence,1.53910235029564e-09
NbyGQVwzFc_loc12_loop6,12,ITN 0%/IRS 0%/Larvicide 0%,0;0.4;0.4_0;0;0_0;0;0_-100;2;5475_-100;2;5475_-100;2;5475,11.0876712328767,Incidence,1.53676391979941e-09
NbyGQVwzFc_loc12_loop6,12,ITN 0%/IRS 0%/Larvicide 0%,0;0.4;0.4_0;0;0_0;0;0_-100;2;5475_-100;2;5475_-100;2;5475,11.0904109589041,Incidence,1.53442974235874e-09
NbyGQVwzFc_loc12_loop6,12,ITN 0%/IRS 0%/Larvicide 0%,0;0.4;0.4_0;0;0_0;0;0_-100;2;5475_-100;2;5475_-100;2;5475,11.0931506849315,Incidence,1.53209980939321e-09
NbyGQVwzFc_loc12_loop6,12,ITN 0%/IRS 0%/Larvicide 0%,0;0.4;0.4_0;0;0_0;0;0_-100;2;5475_-100;2;5475_-100;2;5475,11.0958904109589,Incidence,1.52977411233954e-09
NbyGQVwzFc_loc12_loop6,12,ITN 0%/IRS 0%/Larvicide 0%,0;0.4;0.4_0;0;0_0;0;0_-100;2;5475_-100;2;5475_-100;2;5475,11.0986301369863,Incidence,1.52745264265153e-09
NbyGQVwzFc_loc12_loop6,12,ITN 0%/IRS 0%/Larvicide 0%,0;0.4;0.4_0;0;0_0;0;0_-100;2;5475_-100;2;5475_-100;2;5475,11.1013698630137,Incidence,1.52513539180006e-09
NbyGQVwzFc_loc12_loop6,12,ITN 0%/IRS 0%/Larvicide 0%,0;0.4;0.4_0;0;0_0;0;0_-100;2;5475_-100;2;5475_-100;2;5475,11.1041095890411,Incidence,1.52282235127307e-09
NbyGQVwzFc_loc12_loop6,12,ITN 0%/IRS 0%/Larvicide 0%,0;0.4;0.4_0;0;0_0;0;0_-100;2;5475_-100;2;5475_-100;2;5475,11.1068493150685,Incidence,1.52051351257554e-09
NbyGQVwzFc_loc12_loop6,12,ITN 0%/IRS 0%/Larvicide 0%,0;0.4;0.4_0;0;0_0;0;0_-100;2;5475_-100;2;5475_-100;2;5475,11.1095890410959,Incidence,1.51820886722947e-09
NbyGQVwzFc_loc12_loop6,12,ITN 0%/IRS 0%/Larvicide 0%,0;0.4;0.4_0;0;0_0;0;0_-100;2;5475_-100;2;5475_-100;2;5475,11.1123287671233,Incidence,1.51590840677384e-09
NbyGQVwzFc_loc12_loop6,12,ITN 0%/IRS 0%/Larvicide 0%,0;0.4;0.4_0;0;0_0;0;0_-100;2;5475_-100;2;5475_-100;2;5475,11.1150684931507,Incidence,1.51361212276463e-09
NbyGQVwzFc_loc12_loop6,12,ITN 0%/IRS 0%/Larvicide 0%,0;0.4;0.4_0;0;0_0;0;0_-100;2;5475_-100;2;5475_-100;2;5475,11.1178082191781,Incidence,1.51132000677477e-09
NbyGQVwzFc_loc12_loop6,12,ITN 0%/IRS 0%/Larvicide 0%,0;0.4;0.4_0;0;0_0;0;0_-100;2;5475_-100;2;5475_-100;2;5475,11.1205479452055,Incidence,1.50903205039412e-09
NbyGQVwzFc_loc12_loop6,12,ITN 0%/IRS 0%/Larvicide 0%,0;0.4;0.4_0;0;0_0;0;0_-100;2;5475_-100;2;5475_-100;2;5475,11.1232876712329,Incidence,1.50674824522946e-09
NbyGQVwzFc_loc12_loop6,12,ITN 0%/IRS 0%/Larvicide 0%,0;0.4;0.4_0;0;0_0;0;0_-100;2;5475_-100;2;5475_-100;2;5475,11.1260273972603,Incidence,1.50446858290448e-09
NbyGQVwzFc_loc12_loop6,12,ITN 0%/IRS 0%/Larvicide 0%,0;0.4;0.4_0;0;0_0;0;0_-100;2;5475_-100;2;5475_-100;2;5475,11.1287671232877,Incidence,1.50219305505972e-09
NbyGQVwzFc_loc12_loop6,12,ITN 0%/IRS 0%/Larvicide 0%,0;0.4;0.4_0;0;0_0;0;0_-100;2;5475_-100;2;5475_-100;2;5475,11.1315068493151,Incidence,1.49992165335262e-09
NbyGQVwzFc_loc12_loop6,12,ITN 0%/IRS 0%/Larvicide 0%,0;0.4;0.4_0;0;0_0;0;0_-100;2;5475_-100;2;5475_-100;2;5475,11.1342465753425,Incidence,1.4976543694574e-09
NbyGQVwzFc_loc12_loop6,12,ITN 0%/IRS 0%/Larvicide 0%,0;0.4;0.4_0;0;0_0;0;0_-100;2;5475_-100;2;5475_-100;2;5475,11.1369863013699,Incidence,1.49539119506514e-09
NbyGQVwzFc_loc12_loop6,12,ITN 0%/IRS 0%/Larvicide 0%,0;0.4;0.4_0;0;0_0;0;0_-100;2;5475_-100;2;5475_-100;2;5475,11.1397260273973,Incidence,1.49313212188369e-09
NbyGQVwzFc_loc12_loop6,12,ITN 0%/IRS 0%/Larvicide 0%,0;0.4;0.4_0;0;0_0;0;0_-100;2;5475_-100;2;5475_-100;2;5475,11.1424657534247,Incidence,1.49087714163532e-09
NbyGQVwzFc_loc12_loop6,12,ITN 0%/IRS 0%/Larvicide 0%,0;0.4;0.4_0;0;0_0;0;0_-100;2;5475_-100;2;5475_-100;2;5475,11.1452054794521,Incidence,1.4886262460709e-09
NbyGQVwzFc_loc12_loop6,12,ITN 0%/IRS 0%/Larvicide 0%,0;0.4;0.4_0;0;0_0;0;0_-100;2;5475_-100;2;5475_-100;2;5475,11.1479452054795,Incidence,1.48637942697508e-09
NbyGQVwzFc_loc12_loop6,12,ITN 0%/IRS 0%/Larvicide 0%,0;0.4;0.4_0;0;0_0;0;0_-100;2;5475_-100;2;5475_-100;2;5475,11.1506849315068,Incidence,1.48413667614921e-09
NbyGQVwzFc_loc12_loop6,12,ITN 0%/IRS 0%/Larvicide 0%,0;0.4;0.4_0;0;0_0;0;0_-100;2;5475_-100;2;5475_-100;2;5475,11.1534246575342,Incidence,1.481897985411e-09
NbyGQVwzFc_loc12_loop6,12,ITN 0%/IRS 0%/Larvicide 0%,0;0.4;0.4_0;0;0_0;0;0_-100;2;5475_-100;2;5475_-100;2;5475,11.1561643835616,Incidence,1.47966334659446e-09
NbyGQVwzFc_loc12_loop6,12,ITN 0%/IRS 0%/Larvicide 0%,0;0.4;0.4_0;0;0_0;0;0_-100;2;5475_-100;2;5475_-100;2;5475,11.158904109589,Incidence,1.47743275154994e-09
NbyGQVwzFc_loc12_loop6,12,ITN 0%/IRS 0%/Larvicide 0%,0;0.4;0.4_0;0;0_0;0;0_-100;2;5475_-100;2;5475_-100;2;5475,11.1616438356164,Incidence,1.47520619214405e-09
NbyGQVwzFc_loc12_loop6,12,ITN 0%/IRS 0%/Larvicide 0%,0;0.4;0.4_0;0;0_0;0;0_-100;2;5475_-100;2;5475_-100;2;5475,11.1643835616438,Incidence,1.47298366025964e-09
NbyGQVwzFc_loc12_loop6,12,ITN 0%/IRS 0%/Larvicide 0%,0;0.4;0.4_0;0;0_0;0;0_-100;2;5475_-100;2;5475_-100;2;5475,11.1671232876712,Incidence,1.47076514779586e-09
NbyGQVwzFc_loc12_loop6,12,ITN 0%/IRS 0%/Larvicide 0%,0;0.4;0.4_0;0;0_0;0;0_-100;2;5475_-100;2;5475_-100;2;5475,11.1698630136986,Incidence,1.46855064666803e-09
NbyGQVwzFc_loc12_loop6,12,ITN 0%/IRS 0%/Larvicide 0%,0;0.4;0.4_0;0;0_0;0;0_-100;2;5475_-100;2;5475_-100;2;5475,11.172602739726,Incidence,1.46634014880772e-09
NbyGQVwzFc_loc12_loop6,12,ITN 0%/IRS 0%/Larvicide 0%,0;0.4;0.4_0;0;0_0;0;0_-100;2;5475_-100;2;5475_-100;2;5475,11.1753424657534,Incidence,1.46413364616265e-09
NbyGQVwzFc_loc12_loop6,12,ITN 0%/IRS 0%/Larvicide 0%,0;0.4;0.4_0;0;0_0;0;0_-100;2;5475_-100;2;5475_-100;2;5475,11.1780821917808,Incidence,1.46193113069671e-09
NbyGQVwzFc_loc12_loop6,12,ITN 0%/IRS 0%/Larvicide 0%,0;0.4;0.4_0;0;0_0;0;0_-100;2;5475_-100;2;5475_-100;2;5475,11.1808219178082,Incidence,1.45973259438996e-09
NbyGQVwzFc_loc12_loop6,12,ITN 0%/IRS 0%/Larvicide 0%,0;0.4;0.4_0;0;0_0;0;0_-100;2;5475_-100;2;5475_-100;2;5475,11.1835616438356,Incidence,1.45753802923856e-09
NbyGQVwzFc_loc12_loop6,12,ITN 0%/IRS 0%/Larvicide 0%,0;0.4;0.4_0;0;0_0;0;0_-100;2;5475_-100;2;5475_-100;2;5475,11.186301369863,Incidence,1.45534742725478e-09
NbyGQVwzFc_loc12_loop6,12,ITN 0%/IRS 0%/Larvicide 0%,0;0.4;0.4_0;0;0_0;0;0_-100;2;5475_-100;2;5475_-100;2;5475,11.1890410958904,Incidence,1.45316078046698e-09
NbyGQVwzFc_loc12_loop6,12,ITN 0%/IRS 0%/Larvicide 0%,0;0.4;0.4_0;0;0_0;0;0_-100;2;5475_-100;2;5475_-100;2;5475,11.1917808219178,Incidence,1.45097808091958e-09
NbyGQVwzFc_loc12_loop6,12,ITN 0%/IRS 0%/Larvicide 0%,0;0.4;0.4_0;0;0_0;0;0_-100;2;5475_-100;2;5475_-100;2;5475,11.1945205479452,Incidence,1.44879932067302e-09
NbyGQVwzFc_loc12_loop6,12,ITN 0%/IRS 0%/Larvicide 0%,0;0.4;0.4_0;0;0_0;0;0_-100;2;5475_-100;2;5475_-100;2;5475,11.1972602739726,Incidence,1.44662449180382e-09
NbyGQVwzFc_loc12_loop6,12,ITN 0%/IRS 0%/Larvicide 0%,0;0.4;0.4_0;0;0_0;0;0_-100;2;5475_-100;2;5475_-100;2;5475,11.2,Incidence,1.44445358640444e-09
NbyGQVwzFc_loc12_loop6,12,ITN 0%/IRS 0%/Larvicide 0%,0;0.4;0.4_0;0;0_0;0;0_-100;2;5475_-100;2;5475_-100;2;5475,11.2027397260274,Incidence,1.44228659658336e-09
NbyGQVwzFc_loc12_loop6,12,ITN 0%/IRS 0%/Larvicide 0%,0;0.4;0.4_0;0;0_0;0;0_-100;2;5475_-100;2;5475_-100;2;5475,11.2054794520548,Incidence,1.44012351446501e-09
NbyGQVwzFc_loc12_loop6,12,ITN 0%/IRS 0%/Larvicide 0%,0;0.4;0.4_0;0;0_0;0;0_-100;2;5475_-100;2;5475_-100;2;5475,11.2082191780822,Incidence,1.43796433218976e-09
NbyGQVwzFc_loc12_loop6,12,ITN 0%/IRS 0%/Larvicide 0%,0;0.4;0.4_0;0;0_0;0;0_-100;2;5475_-100;2;5475_-100;2;5475,11.2109589041096,Incidence,1.4358090419139e-09
NbyGQVwzFc_loc12_loop6,12,ITN 0%/IRS 0%/Larvicide 0%,0;0.4;0.4_0;0;0_0;0;0_-100;2;5475_-100;2;5475_-100;2;5475,11.213698630137,Incidence,1.43365763580962e-09
NbyGQVwzFc_loc12_loop6,12,ITN 0%/IRS 0%/Larvicide 0%,0;0.4;0.4_0;0;0_0;0;0_-100;2;5475_-100;2;5475_-100;2;5475,11.2164383561644,Incidence,1.43151010606499e-09
NbyGQVwzFc_loc12_loop6,12,ITN 0%/IRS 0%/Larvicide 0%,0;0.4;0.4_0;0;0_0;0;0_-100;2;5475_-100;2;5475_-100;2;5475,11.2191780821918,Incidence,1.42936644488392e-09
NbyGQVwzFc_loc12_loop6,12,ITN 0%/IRS 0%/Larvicide 0%,0;0.4;0.4_0;0;0_0;0;0_-100;2;5475_-100;2;5475_-100;2;5475,11.2219178082192,Incidence,1.42722664448618e-09
NbyGQVwzFc_loc12_loop6,12,ITN 0%/IRS 0%/Larvicide 0%,0;0.4;0.4_0;0;0_0;0;0_-100;2;5475_-100;2;5475_-100;2;5475,11.2246575342466,Incidence,1.42509069710734e-09
NbyGQVwzFc_loc12_loop6,12,ITN 0%/IRS 0%/Larvicide 0%,0;0.4;0.4_0;0;0_0;0;0_-100;2;5475_-100;2;5475_-100;2;5475,11.227397260274,Incidence,1.42295859499877e-09
NbyGQVwzFc_loc12_loop6,12,ITN 0%/IRS 0%/Larvicide 0%,0;0.4;0.4_0;0;0_0;0;0_-100;2;5475_-100;2;5475_-100;2;5475,11.2301369863014,Incidence,1.42083033042761e-09
NbyGQVwzFc_loc12_loop6,12,ITN 0%/IRS 0%/Larvicide 0%,0;0.4;0.4_0;0;0_0;0;0_-100;2;5475_-100;2;5475_-100;2;5475,11.2328767123288,Incidence,1.41870589567673e-09
NbyGQVwzFc_loc12_loop6,12,ITN 0%/IRS 0%/Larvicide 0%,0;0.4;0.4_0;0;0_0;0;0_-100;2;5475_-100;2;5475_-100;2;5475,11.2356164383562,Incidence,1.41658528304478e-09
NbyGQVwzFc_loc12_loop6,12,ITN 0%/IRS 0%/Larvicide 0%,0;0.4;0.4_0;0;0_0;0;0_-100;2;5475_-100;2;5475_-100;2;5475,11.2383561643836,Incidence,1.41446848484607e-09
NbyGQVwzFc_loc12_loop6,12,ITN 0%/IRS 0%/Larvicide 0%,0;0.4;0.4_0;0;0_0;0;0_-100;2;5475_-100;2;5475_-100;2;5475,11.241095890411,Incidence,1.41235549341061e-09
NbyGQVwzFc_loc12_loop6,12,ITN 0%/IRS 0%/Larvicide 0%,0;0.4;0.4_0;0;0_0;0;0_-100;2;5475_-100;2;5475_-100;2;5475,11.2438356164384,Incidence,1.41024630108408e-09
NbyGQVwzFc_loc12_loop6,12,ITN 0%/IRS 0%/Larvicide 0%,0;0.4;0.4_0;0;0_0;0;0_-100;2;5475_-100;2;5475_-100;2;5475,11.2465753424658,Incidence,1.4081409002278e-09
NbyGQVwzFc_loc12_loop6,12,ITN 0%/IRS 0%/Larvicide 0%,0;0.4;0.4_0;0;0_0;0;0_-100;2;5475_-100;2;5475_-100;2;5475,11.2493150684932,Incidence,1.40603928321872e-09
NbyGQVwzFc_loc12_loop6,12,ITN 0%/IRS 0%/Larvicide 0%,0;0.4;0.4_0;0;0_0;0;0_-100;2;5475_-100;2;5475_-100;2;5475,11.2520547945205,Incidence,1.40394144244938e-09
NbyGQVwzFc_loc12_loop6,12,ITN 0%/IRS 0%/Larvicide 0%,0;0.4;0.4_0;0;0_0;0;0_-100;2;5475_-100;2;5475_-100;2;5475,11.2547945205479,Incidence,1.40184737032789e-09
NbyGQVwzFc_loc12_loop6,12,ITN 0%/IRS 0%/Larvicide 0%,0;0.4;0.4_0;0;0_0;0;0_-100;2;5475_-100;2;5475_-100;2;5475,11.2575342465753,Incidence,1.39975705927794e-09
NbyGQVwzFc_loc12_loop6,12,ITN 0%/IRS 0%/Larvicide 0%,0;0.4;0.4_0;0;0_0;0;0_-100;2;5475_-100;2;5475_-100;2;5475,11.2602739726027,Incidence,1.39767050173794e-09
NbyGQVwzFc_loc12_loop6,12,ITN 0%/IRS 0%/Larvicide 0%,0;0.4;0.4_0;0;0_0;0;0_-100;2;5475_-100;2;5475_-100;2;5475,11.2630136986301,Incidence,1.39558769017295e-09
NbyGQVwzFc_loc12_loop6,12,ITN 0%/IRS 0%/Larvicide 0%,0;0.4;0.4_0;0;0_0;0;0_-100;2;5475_-100;2;5475_-100;2;5475,11.2657534246575,Incidence,1.39350861707452e-09
NbyGQVwzFc_loc12_loop6,12,ITN 0%/IRS 0%/Larvicide 0%,0;0.4;0.4_0;0;0_0;0;0_-100;2;5475_-100;2;5475_-100;2;5475,11.2684931506849,Incidence,1.39143327494954e-09
NbyGQVwzFc_loc12_loop6,12,ITN 0%/IRS 0%/Larvicide 0%,0;0.4;0.4_0;0;0_0;0;0_-100;2;5475_-100;2;5475_-100;2;5475,11.2712328767123,Incidence,1.38936165632005e-09
NbyGQVwzFc_loc12_loop6,12,ITN 0%/IRS 0%/Larvicide 0%,0;0.4;0.4_0;0;0_0;0;0_-100;2;5475_-100;2;5475_-100;2;5475,11.2739726027397,Incidence,1.38729375372322e-09
NbyGQVwzFc_loc12_loop6,12,ITN 0%/IRS 0%/Larvicide 0%,0;0.4;0.4_0;0;0_0;0;0_-100;2;5475_-100;2;5475_-100;2;5475,11.2767123287671,Incidence,1.38522955971134e-09
NbyGQVwzFc_loc12_loop6,12,ITN 0%/IRS 0%/Larvicide 0%,0;0.4;0.4_0;0;0_0;0;0_-100;2;5475_-100;2;5475_-100;2;5475,11.2794520547945,Incidence,1.38316906685178e-09
NbyGQVwzFc_loc12_loop6,12,ITN 0%/IRS 0%/Larvicide 0%,0;0.4;0.4_0;0;0_0;0;0_-100;2;5475_-100;2;5475_-100;2;5475,11.2821917808219,Incidence,1.38111226772697e-09
NbyGQVwzFc_loc12_loop6,12,ITN 0%/IRS 0%/Larvicide 0%,0;0.4;0.4_0;0;0_0;0;0_-100;2;5475_-100;2;5475_-100;2;5475,11.2849315068493,Incidence,1.37905915493442e-09
NbyGQVwzFc_loc12_loop6,12,ITN 0%/IRS 0%/Larvicide 0%,0;0.4;0.4_0;0;0_0;0;0_-100;2;5475_-100;2;5475_-100;2;5475,11.2876712328767,Incidence,1.37700972108663e-09
NbyGQVwzFc_loc12_loop6,12,ITN 0%/IRS 0%/Larvicide 0%,0;0.4;0.4_0;0;0_0;0;0_-100;2;5475_-100;2;5475_-100;2;5475,11.2904109589041,Incidence,1.37496395881114e-09
NbyGQVwzFc_loc12_loop6,12,ITN 0%/IRS 0%/Larvicide 0%,0;0.4;0.4_0;0;0_0;0;0_-100;2;5475_-100;2;5475_-100;2;5475,11.2931506849315,Incidence,1.37292186075044e-09
NbyGQVwzFc_loc12_loop6,12,ITN 0%/IRS 0%/Larvicide 0%,0;0.4;0.4_0;0;0_0;0;0_-100;2;5475_-100;2;5475_-100;2;5475,11.2958904109589,Incidence,1.37088341956202e-09
NbyGQVwzFc_loc12_loop6,12,ITN 0%/IRS 0%/Larvicide 0%,0;0.4;0.4_0;0;0_0;0;0_-100;2;5475_-100;2;5475_-100;2;5475,11.2986301369863,Incidence,1.36884862791827e-09
NbyGQVwzFc_loc12_loop6,12,ITN 0%/IRS 0%/Larvicide 0%,0;0.4;0.4_0;0;0_0;0;0_-100;2;5475_-100;2;5475_-100;2;5475,11.3013698630137,Incidence,1.36681747850657e-09
NbyGQVwzFc_loc12_loop6,12,ITN 0%/IRS 0%/Larvicide 0%,0;0.4;0.4_0;0;0_0;0;0_-100;2;5475_-100;2;5475_-100;2;5475,11.3041095890411,Incidence,1.36478996402913e-09
NbyGQVwzFc_loc12_loop6,12,ITN 0%/IRS 0%/Larvicide 0%,0;0.4;0.4_0;0;0_0;0;0_-100;2;5475_-100;2;5475_-100;2;5475,11.3068493150685,Incidence,1.36276607720309e-09
NbyGQVwzFc_loc12_loop6,12,ITN 0%/IRS 0%/Larvicide 0%,0;0.4;0.4_0;0;0_0;0;0_-100;2;5475_-100;2;5475_-100;2;5475,11.3095890410959,Incidence,1.36074581076042e-09
NbyGQVwzFc_loc12_loop6,12,ITN 0%/IRS 0%/Larvicide 0%,0;0.4;0.4_0;0;0_0;0;0_-100;2;5475_-100;2;5475_-100;2;5475,11.3123287671233,Incidence,1.35872915744794e-09
NbyGQVwzFc_loc12_loop6,12,ITN 0%/IRS 0%/Larvicide 0%,0;0.4;0.4_0;0;0_0;0;0_-100;2;5475_-100;2;5475_-100;2;5475,11.3150684931507,Incidence,1.3567161100273e-09
NbyGQVwzFc_loc12_loop6,12,ITN 0%/IRS 0%/Larvicide 0%,0;0.4;0.4_0;0;0_0;0;0_-100;2;5475_-100;2;5475_-100;2;5475,11.3178082191781,Incidence,1.35470666127493e-09
NbyGQVwzFc_loc12_loop6,12,ITN 0%/IRS 0%/Larvicide 0%,0;0.4;0.4_0;0;0_0;0;0_-100;2;5475_-100;2;5475_-100;2;5475,11.3205479452055,Incidence,1.35270080398203e-09
NbyGQVwzFc_loc12_loop6,12,ITN 0%/IRS 0%/Larvicide 0%,0;0.4;0.4_0;0;0_0;0;0_-100;2;5475_-100;2;5475_-100;2;5475,11.3232876712329,Incidence,1.35069853095455e-09
NbyGQVwzFc_loc12_loop6,12,ITN 0%/IRS 0%/Larvicide 0%,0;0.4;0.4_0;0;0_0;0;0_-100;2;5475_-100;2;5475_-100;2;5475,11.3260273972603,Incidence,1.3486998350132e-09
NbyGQVwzFc_loc12_loop6,12,ITN 0%/IRS 0%/Larvicide 0%,0;0.4;0.4_0;0;0_0;0;0_-100;2;5475_-100;2;5475_-100;2;5475,11.3287671232877,Incidence,1.34670470899338e-09
NbyGQVwzFc_loc12_loop6,12,ITN 0%/IRS 0%/Larvicide 0%,0;0.4;0.4_0;0;0_0;0;0_-100;2;5475_-100;2;5475_-100;2;5475,11.3315068493151,Incidence,1.34471314574517e-09
NbyGQVwzFc_loc12_loop6,12,ITN 0%/IRS 0%/Larvicide 0%,0;0.4;0.4_0;0;0_0;0;0_-100;2;5475_-100;2;5475_-100;2;5475,11.3342465753425,Incidence,1.34272513813333e-09
NbyGQVwzFc_loc12_loop6,12,ITN 0%/IRS 0%/Larvicide 0%,0;0.4;0.4_0;0;0_0;0;0_-100;2;5475_-100;2;5475_-100;2;5475,11.3369863013699,Incidence,1.34074067903726e-09
NbyGQVwzFc_loc12_loop6,12,ITN 0%/IRS 0%/Larvicide 0%,0;0.4;0.4_0;0;0_0;0;0_-100;2;5475_-100;2;5475_-100;2;5475,11.3397260273973,Incidence,1.33875976135099e-09
NbyGQVwzFc_loc12_loop6,12,ITN 0%/IRS 0%/Larvicide 0%,0;0.4;0.4_0;0;0_0;0;0_-100;2;5475_-100;2;5475_-100;2;5475,11.3424657534247,Incidence,1.33678237798313e-09
NbyGQVwzFc_loc12_loop6,12,ITN 0%/IRS 0%/Larvicide 0%,0;0.4;0.4_0;0;0_0;0;0_-100;2;5475_-100;2;5475_-100;2;5475,11.3452054794521,Incidence,1.33480852185691e-09
NbyGQVwzFc_loc12_loop6,12,ITN 0%/IRS 0%/Larvicide 0%,0;0.4;0.4_0;0;0_0;0;0_-100;2;5475_-100;2;5475_-100;2;5475,11.3479452054795,Incidence,1.33283818591007e-09
NbyGQVwzFc_loc12_loop6,12,ITN 0%/IRS 0%/Larvicide 0%,0;0.4;0.4_0;0;0_0;0;0_-100;2;5475_-100;2;5475_-100;2;5475,11.3506849315069,Incidence,1.33087136309492e-09
NbyGQVwzFc_loc12_loop6,12,ITN 0%/IRS 0%/Larvicide 0%,0;0.4;0.4_0;0;0_0;0;0_-100;2;5475_-100;2;5475_-100;2;5475,11.3534246575342,Incidence,1.32890804637828e-09
NbyGQVwzFc_loc12_loop6,12,ITN 0%/IRS 0%/Larvicide 0%,0;0.4;0.4_0;0;0_0;0;0_-100;2;5475_-100;2;5475_-100;2;5475,11.3561643835616,Incidence,1.32694822874144e-09
NbyGQVwzFc_loc12_loop6,12,ITN 0%/IRS 0%/Larvicide 0%,0;0.4;0.4_0;0;0_0;0;0_-100;2;5475_-100;2;5475_-100;2;5475,11.358904109589,Incidence,1.32499190318019e-09
NbyGQVwzFc_loc12_loop6,12,ITN 0%/IRS 0%/Larvicide 0%,0;0.4;0.4_0;0;0_0;0;0_-100;2;5475_-100;2;5475_-100;2;5475,11.3616438356164,Incidence,1.32303906270474e-09
NbyGQVwzFc_loc12_loop6,12,ITN 0%/IRS 0%/Larvicide 0%,0;0.4;0.4_0;0;0_0;0;0_-100;2;5475_-100;2;5475_-100;2;5475,11.3643835616438,Incidence,1.32108970033975e-09
NbyGQVwzFc_loc12_loop6,12,ITN 0%/IRS 0%/Larvicide 0%,0;0.4;0.4_0;0;0_0;0;0_-100;2;5475_-100;2;5475_-100;2;5475,11.3671232876712,Incidence,1.31914380912427e-09
NbyGQVwzFc_loc12_loop6,12,ITN 0%/IRS 0%/Larvicide 0%,0;0.4;0.4_0;0;0_0;0;0_-100;2;5475_-100;2;5475_-100;2;5475,11.3698630136986,Incidence,1.31720138211173e-09
NbyGQVwzFc_loc12_loop6,12,ITN 0%/IRS 0%/Larvicide 0%,0;0.4;0.4_0;0;0_0;0;0_-100;2;5475_-100;2;5475_-100;2;5475,11.372602739726,Incidence,1.31526241236992e-09
NbyGQVwzFc_loc12_loop6,12,ITN 0%/IRS 0%/Larvicide 0%,0;0.4;0.4_0;0;0_0;0;0_-100;2;5475_-100;2;5475_-100;2;5475,11.3753424657534,Incidence,1.31332689298099e-09
NbyGQVwzFc_loc12_loop6,12,ITN 0%/IRS 0%/Larvicide 0%,0;0.4;0.4_0;0;0_0;0;0_-100;2;5475_-100;2;5475_-100;2;5475,11.3780821917808,Incidence,1.31139481704136e-09
NbyGQVwzFc_loc12_loop6,12,ITN 0%/IRS 0%/Larvicide 0%,0;0.4;0.4_0;0;0_0;0;0_-100;2;5475_-100;2;5475_-100;2;5475,11.3808219178082,Incidence,1.30946617766178e-09
NbyGQVwzFc_loc12_loop6,12,ITN 0%/IRS 0%/Larvicide 0%,0;0.4;0.4_0;0;0_0;0;0_-100;2;5475_-100;2;5475_-100;2;5475,11.3835616438356,Incidence,1.30754096796719e-09
NbyGQVwzFc_loc12_loop6,12,ITN 0%/IRS 0%/Larvicide 0%,0;0.4;0.4_0;0;0_0;0;0_-100;2;5475_-100;2;5475_-100;2;5475,11.386301369863,Incidence,1.30561918110199e-09
NbyGQVwzFc_loc12_loop6,12,ITN 0%/IRS 0%/Larvicide 0%,0;0.4;0.4_0;0;0_0;0;0_-100;2;5475_-100;2;5475_-100;2;5475,11.3890410958904,Incidence,1.30370081023548e-09
NbyGQVwzFc_loc12_loop6,12,ITN 0%/IRS 0%/Larvicide 0%,0;0.4;0.4_0;0;0_0;0;0_-100;2;5475_-100;2;5475_-100;2;5475,11.3917808219178,Incidence,1.30178584855202e-09
NbyGQVwzFc_loc12_loop6,12,ITN 0%/IRS 0%/Larvicide 0%,0;0.4;0.4_0;0;0_0;0;0_-100;2;5475_-100;2;5475_-100;2;5475,11.3945205479452,Incidence,1.29987428924989e-09
NbyGQVwzFc_loc12_loop6,12,ITN 0%/IRS 0%/Larvicide 0%,0;0.4;0.4_0;0;0_0;0;0_-100;2;5475_-100;2;5475_-100;2;5475,11.3972602739726,Incidence,1.29796612554131e-09
NbyGQVwzFc_loc12_loop6,12,ITN 0%/IRS 0%/Larvicide 0%,0;0.4;0.4_0;0;0_0;0;0_-100;2;5475_-100;2;5475_-100;2;5475,11.4,Incidence,1.29606135065237e-09
NbyGQVwzFc_loc12_loop6,12,ITN 0%/IRS 0%/Larvicide 0%,0;0.4;0.4_0;0;0_0;0;0_-100;2;5475_-100;2;5475_-100;2;5475,11.4027397260274,Incidence,1.29415995782306e-09
NbyGQVwzFc_loc12_loop6,12,ITN 0%/IRS 0%/Larvicide 0%,0;0.4;0.4_0;0;0_0;0;0_-100;2;5475_-100;2;5475_-100;2;5475,11.4054794520548,Incidence,1.2922619403072e-09
NbyGQVwzFc_loc12_loop6,12,ITN 0%/IRS 0%/Larvicide 0%,0;0.4;0.4_0;0;0_0;0;0_-100;2;5475_-100;2;5475_-100;2;5475,11.4082191780822,Incidence,1.29036729137245e-09
NbyGQVwzFc_loc12_loop6,12,ITN 0%/IRS 0%/Larvicide 0%,0;0.4;0.4_0;0;0_0;0;0_-100;2;5475_-100;2;5475_-100;2;5475,11.4109589041096,Incidence,1.28847600430029e-09
NbyGQVwzFc_loc12_loop6,12,ITN 0%/IRS 0%/Larvicide 0%,0;0.4;0.4_0;0;0_0;0;0_-100;2;5475_-100;2;5475_-100;2;5475,11.413698630137,Incidence,1.28658807238596e-09
NbyGQVwzFc_loc12_loop6,12,ITN 0%/IRS 0%/Larvicide 0%,0;0.4;0.4_0;0;0_0;0;0_-100;2;5475_-100;2;5475_-100;2;5475,11.4164383561644,Incidence,1.28470348893851e-09
NbyGQVwzFc_loc12_loop6,12,ITN 0%/IRS 0%/Larvicide 0%,0;0.4;0.4_0;0;0_0;0;0_-100;2;5475_-100;2;5475_-100;2;5475,11.4191780821918,Incidence,1.28282224728071e-09
NbyGQVwzFc_loc12_loop6,12,ITN 0%/IRS 0%/Larvicide 0%,0;0.4;0.4_0;0;0_0;0;0_-100;2;5475_-100;2;5475_-100;2;5475,11.4219178082192,Incidence,1.28094434074906e-09
NbyGQVwzFc_loc12_loop6,12,ITN 0%/IRS 0%/Larvicide 0%,0;0.4;0.4_0;0;0_0;0;0_-100;2;5475_-100;2;5475_-100;2;5475,11.4246575342466,Incidence,1.27906976269378e-09
NbyGQVwzFc_loc12_loop6,12,ITN 0%/IRS 0%/Larvicide 0%,0;0.4;0.4_0;0;0_0;0;0_-100;2;5475_-100;2;5475_-100;2;5475,11.427397260274,Incidence,1.27719850647874e-09
NbyGQVwzFc_loc12_loop6,12,ITN 0%/IRS 0%/Larvicide 0%,0;0.4;0.4_0;0;0_0;0;0_-100;2;5475_-100;2;5475_-100;2;5475,11.4301369863014,Incidence,1.27533056548151e-09
NbyGQVwzFc_loc12_loop6,12,ITN 0%/IRS 0%/Larvicide 0%,0;0.4;0.4_0;0;0_0;0;0_-100;2;5475_-100;2;5475_-100;2;5475,11.4328767123288,Incidence,1.27346593309327e-09
NbyGQVwzFc_loc12_loop6,12,ITN 0%/IRS 0%/Larvicide 0%,0;0.4;0.4_0;0;0_0;0;0_-100;2;5475_-100;2;5475_-100;2;5475,11.4356164383562,Incidence,1.27160460271884e-09
NbyGQVwzFc_loc12_loop6,12,ITN 0%/IRS 0%/Larvicide 0%,0;0.4;0.4_0;0;0_0;0;0_-100;2;5475_-100;2;5475_-100;2;5475,11.4383561643836,Incidence,1.26974656777663e-09
NbyGQVwzFc_loc12_loop6,12,ITN 0%/IRS 0%/Larvicide 0%,0;0.4;0.4_0;0;0_0;0;0_-100;2;5475_-100;2;5475_-100;2;5475,11.441095890411,Incidence,1.26789182169862e-09
NbyGQVwzFc_loc12_loop6,12,ITN 0%/IRS 0%/Larvicide 0%,0;0.4;0.4_0;0;0_0;0;0_-100;2;5475_-100;2;5475_-100;2;5475,11.4438356164384,Incidence,1.26604035793037e-09
NbyGQVwzFc_loc12_loop6,12,ITN 0%/IRS 0%/Larvicide 0%,0;0.4;0.4_0;0;0_0;0;0_-100;2;5475_-100;2;5475_-100;2;5475,11.4465753424658,Incidence,1.26419216993093e-09
NbyGQVwzFc_loc12_loop6,12,ITN 0%/IRS 0%/Larvicide 0%,0;0.4;0.4_0;0;0_0;0;0_-100;2;5475_-100;2;5475_-100;2;5475,11.4493150684932,Incidence,1.2623472511729e-09
NbyGQVwzFc_loc12_loop6,12,ITN 0%/IRS 0%/Larvicide 0%,0;0.4;0.4_0;0;0_0;0;0_-100;2;5475_-100;2;5475_-100;2;5475,11.4520547945205,Incidence,1.26050559514235e-09
NbyGQVwzFc_loc12_loop6,12,ITN 0%/IRS 0%/Larvicide 0%,0;0.4;0.4_0;0;0_0;0;0_-100;2;5475_-100;2;5475_-100;2;5475,11.4547945205479,Incidence,1.25866719533883e-09
NbyGQVwzFc_loc12_loop6,12,ITN 0%/IRS 0%/Larvicide 0%,0;0.4;0.4_0;0;0_0;0;0_-100;2;5475_-100;2;5475_-100;2;5475,11.4575342465753,Incidence,1.25683204527533e-09
NbyGQVwzFc_loc12_loop6,12,ITN 0%/IRS 0%/Larvicide 0%,0;0.4;0.4_0;0;0_0;0;0_-100;2;5475_-100;2;5475_-100;2;5475,11.4602739726027,Incidence,1.25500013847826e-09
NbyGQVwzFc_loc12_loop6,12,ITN 0%/IRS 0%/Larvicide 0%,0;0.4;0.4_0;0;0_0;0;0_-100;2;5475_-100;2;5475_-100;2;5475,11.4630136986301,Incidence,1.25317146848745e-09
NbyGQVwzFc_loc12_loop6,12,ITN 0%/IRS 0%/Larvicide 0%,0;0.4;0.4_0;0;0_0;0;0_-100;2;5475_-100;2;5475_-100;2;5475,11.4657534246575,Incidence,1.25134602885608e-09
NbyGQVwzFc_loc12_loop6,12,ITN 0%/IRS 0%/Larvicide 0%,0;0.4;0.4_0;0;0_0;0;0_-100;2;5475_-100;2;5475_-100;2;5475,11.4684931506849,Incidence,1.24952381315073e-09
NbyGQVwzFc_loc12_loop6,12,ITN 0%/IRS 0%/Larvicide 0%,0;0.4;0.4_0;0;0_0;0;0_-100;2;5475_-100;2;5475_-100;2;5475,11.4712328767123,Incidence,1.2477048149513e-09
NbyGQVwzFc_loc12_loop6,12,ITN 0%/IRS 0%/Larvicide 0%,0;0.4;0.4_0;0;0_0;0;0_-100;2;5475_-100;2;5475_-100;2;5475,11.4739726027397,Incidence,1.24588902785098e-09
NbyGQVwzFc_loc12_loop6,12,ITN 0%/IRS 0%/Larvicide 0%,0;0.4;0.4_0;0;0_0;0;0_-100;2;5475_-100;2;5475_-100;2;5475,11.4767123287671,Incidence,1.2440764454563e-09
NbyGQVwzFc_loc12_loop6,12,ITN 0%/IRS 0%/Larvicide 0%,0;0.4;0.4_0;0;0_0;0;0_-100;2;5475_-100;2;5475_-100;2;5475,11.4794520547945,Incidence,1.24226706138704e-09
NbyGQVwzFc_loc12_loop6,12,ITN 0%/IRS 0%/Larvicide 0%,0;0.4;0.4_0;0;0_0;0;0_-100;2;5475_-100;2;5475_-100;2;5475,11.4821917808219,Incidence,1.24046086927622e-09
NbyGQVwzFc_loc12_loop6,12,ITN 0%/IRS 0%/Larvicide 0%,0;0.4;0.4_0;0;0_0;0;0_-100;2;5475_-100;2;5475_-100;2;5475,11.4849315068493,Incidence,1.23865786277009e-09
NbyGQVwzFc_loc12_loop6,12,ITN 0%/IRS 0%/Larvicide 0%,0;0.4;0.4_0;0;0_0;0;0_-100;2;5475_-100;2;5475_-100;2;5475,11.4876712328767,Incidence,1.23685803552814e-09
NbyGQVwzFc_loc12_loop6,12,ITN 0%/IRS 0%/Larvicide 0%,0;0.4;0.4_0;0;0_0;0;0_-100;2;5475_-100;2;5475_-100;2;5475,11.4904109589041,Incidence,1.235061381223e-09
NbyGQVwzFc_loc12_loop6,12,ITN 0%/IRS 0%/Larvicide 0%,0;0.4;0.4_0;0;0_0;0;0_-100;2;5475_-100;2;5475_-100;2;5475,11.4931506849315,Incidence,1.23326789354049e-09
NbyGQVwzFc_loc12_loop6,12,ITN 0%/IRS 0%/Larvicide 0%,0;0.4;0.4_0;0;0_0;0;0_-100;2;5475_-100;2;5475_-100;2;5475,11.4958904109589,Incidence,1.23147756617956e-09
NbyGQVwzFc_loc12_loop6,12,ITN 0%/IRS 0%/Larvicide 0%,0;0.4;0.4_0;0;0_0;0;0_-100;2;5475_-100;2;5475_-100;2;5475,11.4986301369863,Incidence,1.22969039285228e-09
NbyGQVwzFc_loc12_loop6,12,ITN 0%/IRS 0%/Larvicide 0%,0;0.4;0.4_0;0;0_0;0;0_-100;2;5475_-100;2;5475_-100;2;5475,11.5013698630137,Incidence,1.22790636728381e-09
NbyGQVwzFc_loc12_loop6,12,ITN 0%/IRS 0%/Larvicide 0%,0;0.4;0.4_0;0;0_0;0;0_-100;2;5475_-100;2;5475_-100;2;5475,11.5041095890411,Incidence,1.22612548321239e-09
NbyGQVwzFc_loc12_loop6,12,ITN 0%/IRS 0%/Larvicide 0%,0;0.4;0.4_0;0;0_0;0;0_-100;2;5475_-100;2;5475_-100;2;5475,11.5068493150685,Incidence,1.22434773438932e-09
NbyGQVwzFc_loc12_loop6,12,ITN 0%/IRS 0%/Larvicide 0%,0;0.4;0.4_0;0;0_0;0;0_-100;2;5475_-100;2;5475_-100;2;5475,11.5095890410959,Incidence,1.22257311457891e-09
NbyGQVwzFc_loc12_loop6,12,ITN 0%/IRS 0%/Larvicide 0%,0;0.4;0.4_0;0;0_0;0;0_-100;2;5475_-100;2;5475_-100;2;5475,11.5123287671233,Incidence,1.2208016175585e-09
NbyGQVwzFc_loc12_loop6,12,ITN 0%/IRS 0%/Larvicide 0%,0;0.4;0.4_0;0;0_0;0;0_-100;2;5475_-100;2;5475_-100;2;5475,11.5150684931507,Incidence,1.21903323711845e-09
NbyGQVwzFc_loc12_loop6,12,ITN 0%/IRS 0%/Larvicide 0%,0;0.4;0.4_0;0;0_0;0;0_-100;2;5475_-100;2;5475_-100;2;5475,11.5178082191781,Incidence,1.21726796706669e-09
NbyGQVwzFc_loc12_loop6,12,ITN 0%/IRS 0%/Larvicide 0%,0;0.4;0.4_0;0;0_0;0;0_-100;2;5475_-100;2;5475_-100;2;5475,11.5205479452055,Incidence,1.21550580123167e-09
NbyGQVwzFc_loc12_loop6,12,ITN 0%/IRS 0%/Larvicide 0%,0;0.4;0.4_0;0;0_0;0;0_-100;2;5475_-100;2;5475_-100;2;5475,11.5232876712329,Incidence,1.21374673345525e-09
NbyGQVwzFc_loc12_loop6,12,ITN 0%/IRS 0%/Larvicide 0%,0;0.4;0.4_0;0;0_0;0;0_-100;2;5475_-100;2;5475_-100;2;5475,11.5260273972603,Incidence,1.21199075759199e-09
NbyGQVwzFc_loc12_loop6,12,ITN 0%/IRS 0%/Larvicide 0%,0;0.4;0.4_0;0;0_0;0;0_-100;2;5475_-100;2;5475_-100;2;5475,11.5287671232877,Incidence,1.21023786750915e-09
NbyGQVwzFc_loc12_loop6,12,ITN 0%/IRS 0%/Larvicide 0%,0;0.4;0.4_0;0;0_0;0;0_-100;2;5475_-100;2;5475_-100;2;5475,11.5315068493151,Incidence,1.20848805708663e-09
NbyGQVwzFc_loc12_loop6,12,ITN 0%/IRS 0%/Larvicide 0%,0;0.4;0.4_0;0;0_0;0;0_-100;2;5475_-100;2;5475_-100;2;5475,11.5342465753425,Incidence,1.20674132021698e-09
NbyGQVwzFc_loc12_loop6,12,ITN 0%/IRS 0%/Larvicide 0%,0;0.4;0.4_0;0;0_0;0;0_-100;2;5475_-100;2;5475_-100;2;5475,11.5369863013699,Incidence,1.20499765080538e-09
NbyGQVwzFc_loc12_loop6,12,ITN 0%/IRS 0%/Larvicide 0%,0;0.4;0.4_0;0;0_0;0;0_-100;2;5475_-100;2;5475_-100;2;5475,11.5397260273973,Incidence,1.20325704276957e-09
NbyGQVwzFc_loc12_loop6,12,ITN 0%/IRS 0%/Larvicide 0%,0;0.4;0.4_0;0;0_0;0;0_-100;2;5475_-100;2;5475_-100;2;5475,11.5424657534247,Incidence,1.20151949003991e-09
NbyGQVwzFc_loc12_loop6,12,ITN 0%/IRS 0%/Larvicide 0%,0;0.4;0.4_0;0;0_0;0;0_-100;2;5475_-100;2;5475_-100;2;5475,11.5452054794521,Incidence,1.19978498655929e-09
NbyGQVwzFc_loc12_loop6,12,ITN 0%/IRS 0%/Larvicide 0%,0;0.4;0.4_0;0;0_0;0;0_-100;2;5475_-100;2;5475_-100;2;5475,11.5479452054795,Incidence,1.19805352628315e-09
NbyGQVwzFc_loc12_loop6,12,ITN 0%/IRS 0%/Larvicide 0%,0;0.4;0.4_0;0;0_0;0;0_-100;2;5475_-100;2;5475_-100;2;5475,11.5506849315069,Incidence,1.19632510317942e-09
NbyGQVwzFc_loc12_loop6,12,ITN 0%/IRS 0%/Larvicide 0%,0;0.4;0.4_0;0;0_0;0;0_-100;2;5475_-100;2;5475_-100;2;5475,11.5534246575342,Incidence,1.19459971122855e-09
NbyGQVwzFc_loc12_loop6,12,ITN 0%/IRS 0%/Larvicide 0%,0;0.4;0.4_0;0;0_0;0;0_-100;2;5475_-100;2;5475_-100;2;5475,11.5561643835616,Incidence,1.19287734442345e-09
NbyGQVwzFc_loc12_loop6,12,ITN 0%/IRS 0%/Larvicide 0%,0;0.4;0.4_0;0;0_0;0;0_-100;2;5475_-100;2;5475_-100;2;5475,11.558904109589,Incidence,1.19115799676948e-09
NbyGQVwzFc_loc12_loop6,12,ITN 0%/IRS 0%/Larvicide 0%,0;0.4;0.4_0;0;0_0;0;0_-100;2;5475_-100;2;5475_-100;2;5475,11.5616438356164,Incidence,1.18944166228443e-09
NbyGQVwzFc_loc12_loop6,12,ITN 0%/IRS 0%/Larvicide 0%,0;0.4;0.4_0;0;0_0;0;0_-100;2;5475_-100;2;5475_-100;2;5475,11.5643835616438,Incidence,1.1877283349985e-09
NbyGQVwzFc_loc12_loop6,12,ITN 0%/IRS 0%/Larvicide 0%,0;0.4;0.4_0;0;0_0;0;0_-100;2;5475_-100;2;5475_-100;2;5475,11.5671232876712,Incidence,1.18601800895427e-09
NbyGQVwzFc_loc12_loop6,12,ITN 0%/IRS 0%/Larvicide 0%,0;0.4;0.4_0;0;0_0;0;0_-100;2;5475_-100;2;5475_-100;2;5475,11.5698630136986,Incidence,1.18431067820671e-09
NbyGQVwzFc_loc12_loop6,12,ITN 0%/IRS 0%/Larvicide 0%,0;0.4;0.4_0;0;0_0;0;0_-100;2;5475_-100;2;5475_-100;2;5475,11.572602739726,Incidence,1.18260633682311e-09
NbyGQVwzFc_loc12_loop6,12,ITN 0%/IRS 0%/Larvicide 0%,0;0.4;0.4_0;0;0_0;0;0_-100;2;5475_-100;2;5475_-100;2;5475,11.5753424657534,Incidence,1.18090497888309e-09
NbyGQVwzFc_loc12_loop6,12,ITN 0%/IRS 0%/Larvicide 0%,0;0.4;0.4_0;0;0_0;0;0_-100;2;5475_-100;2;5475_-100;2;5475,11.5780821917808,Incidence,1.17920659847858e-09
NbyGQVwzFc_loc12_loop6,12,ITN 0%/IRS 0%/Larvicide 0%,0;0.4;0.4_0;0;0_0;0;0_-100;2;5475_-100;2;5475_-100;2;5475,11.5808219178082,Incidence,1.17751118971379e-09
NbyGQVwzFc_loc12_loop6,12,ITN 0%/IRS 0%/Larvicide 0%,0;0.4;0.4_0;0;0_0;0;0_-100;2;5475_-100;2;5475_-100;2;5475,11.5835616438356,Incidence,1.17581874670519e-09
NbyGQVwzFc_loc12_loop6,12,ITN 0%/IRS 0%/Larvicide 0%,0;0.4;0.4_0;0;0_0;0;0_-100;2;5475_-100;2;5475_-100;2;5475,11.586301369863,Incidence,1.17412926358149e-09
NbyGQVwzFc_loc12_loop6,12,ITN 0%/IRS 0%/Larvicide 0%,0;0.4;0.4_0;0;0_0;0;0_-100;2;5475_-100;2;5475_-100;2;5475,11.5890410958904,Incidence,1.17244273448361e-09
NbyGQVwzFc_loc12_loop6,12,ITN 0%/IRS 0%/Larvicide 0%,0;0.4;0.4_0;0;0_0;0;0_-100;2;5475_-100;2;5475_-100;2;5475,11.5917808219178,Incidence,1.17075915356468e-09
NbyGQVwzFc_loc12_loop6,12,ITN 0%/IRS 0%/Larvicide 0%,0;0.4;0.4_0;0;0_0;0;0_-100;2;5475_-100;2;5475_-100;2;5475,11.5945205479452,Incidence,1.16907851498999e-09
NbyGQVwzFc_loc12_loop6,12,ITN 0%/IRS 0%/Larvicide 0%,0;0.4;0.4_0;0;0_0;0;0_-100;2;5475_-100;2;5475_-100;2;5475,11.5972602739726,Incidence,1.16740081293701e-09
NbyGQVwzFc_loc12_loop6,12,ITN 0%/IRS 0%/Larvicide 0%,0;0.4;0.4_0;0;0_0;0;0_-100;2;5475_-100;2;5475_-100;2;5475,11.6,Incidence,1.16572604159533e-09
NbyGQVwzFc_loc12_loop6,12,ITN 0%/IRS 0%/Larvicide 0%,0;0.4;0.4_0;0;0_0;0;0_-100;2;5475_-100;2;5475_-100;2;5475,11.6027397260274,Incidence,1.16405419516663e-09
NbyGQVwzFc_loc12_loop6,12,ITN 0%/IRS 0%/Larvicide 0%,0;0.4;0.4_0;0;0_0;0;0_-100;2;5475_-100;2;5475_-100;2;5475,11.6054794520548,Incidence,1.16238526786472e-09
NbyGQVwzFc_loc12_loop6,12,ITN 0%/IRS 0%/Larvicide 0%,0;0.4;0.4_0;0;0_0;0;0_-100;2;5475_-100;2;5475_-100;2;5475,11.6082191780822,Incidence,1.16071925391544e-09
NbyGQVwzFc_loc12_loop6,12,ITN 0%/IRS 0%/Larvicide 0%,0;0.4;0.4_0;0;0_0;0;0_-100;2;5475_-100;2;5475_-100;2;5475,11.6109589041096,Incidence,1.15905614755672e-09
NbyGQVwzFc_loc12_loop6,12,ITN 0%/IRS 0%/Larvicide 0%,0;0.4;0.4_0;0;0_0;0;0_-100;2;5475_-100;2;5475_-100;2;5475,11.613698630137,Incidence,1.15739594303849e-09
NbyGQVwzFc_loc12_loop6,12,ITN 0%/IRS 0%/Larvicide 0%,0;0.4;0.4_0;0;0_0;0;0_-100;2;5475_-100;2;5475_-100;2;5475,11.6164383561644,Incidence,1.15573863462268e-09
NbyGQVwzFc_loc12_loop6,12,ITN 0%/IRS 0%/Larvicide 0%,0;0.4;0.4_0;0;0_0;0;0_-100;2;5475_-100;2;5475_-100;2;5475,11.6191780821918,Incidence,1.15408421658322e-09
NbyGQVwzFc_loc12_loop6,12,ITN 0%/IRS 0%/Larvicide 0%,0;0.4;0.4_0;0;0_0;0;0_-100;2;5475_-100;2;5475_-100;2;5475,11.6219178082192,Incidence,1.152432683206e-09
NbyGQVwzFc_loc12_loop6,12,ITN 0%/IRS 0%/Larvicide 0%,0;0.4;0.4_0;0;0_0;0;0_-100;2;5475_-100;2;5475_-100;2;5475,11.6246575342466,Incidence,1.15078402878885e-09
NbyGQVwzFc_loc12_loop6,12,ITN 0%/IRS 0%/Larvicide 0%,0;0.4;0.4_0;0;0_0;0;0_-100;2;5475_-100;2;5475_-100;2;5475,11.627397260274,Incidence,1.14913824764152e-09
NbyGQVwzFc_loc12_loop6,12,ITN 0%/IRS 0%/Larvicide 0%,0;0.4;0.4_0;0;0_0;0;0_-100;2;5475_-100;2;5475_-100;2;5475,11.6301369863014,Incidence,1.14749533408565e-09
NbyGQVwzFc_loc12_loop6,12,ITN 0%/IRS 0%/Larvicide 0%,0;0.4;0.4_0;0;0_0;0;0_-100;2;5475_-100;2;5475_-100;2;5475,11.6328767123288,Incidence,1.14585528245477e-09
NbyGQVwzFc_loc12_loop6,12,ITN 0%/IRS 0%/Larvicide 0%,0;0.4;0.4_0;0;0_0;0;0_-100;2;5475_-100;2;5475_-100;2;5475,11.6356164383562,Incidence,1.14421808709426e-09
NbyGQVwzFc_loc12_loop6,12,ITN 0%/IRS 0%/Larvicide 0%,0;0.4;0.4_0;0;0_0;0;0_-100;2;5475_-100;2;5475_-100;2;5475,11.6383561643836,Incidence,1.14258374236134e-09
NbyGQVwzFc_loc12_loop6,12,ITN 0%/IRS 0%/Larvicide 0%,0;0.4;0.4_0;0;0_0;0;0_-100;2;5475_-100;2;5475_-100;2;5475,11.641095890411,Incidence,1.14095224262503e-09
NbyGQVwzFc_loc12_loop6,12,ITN 0%/IRS 0%/Larvicide 0%,0;0.4;0.4_0;0;0_0;0;0_-100;2;5475_-100;2;5475_-100;2;5475,11.6438356164384,Incidence,1.13932358226615e-09
NbyGQVwzFc_loc12_loop6,12,ITN 0%/IRS 0%/Larvicide 0%,0;0.4;0.4_0;0;0_0;0;0_-100;2;5475_-100;2;5475_-100;2;5475,11.6465753424658,Incidence,1.13769775567729e-09
NbyGQVwzFc_loc12_loop6,12,ITN 0%/IRS 0%/Larvicide 0%,0;0.4;0.4_0;0;0_0;0;0_-100;2;5475_-100;2;5475_-100;2;5475,11.6493150684932,Incidence,1.1360747572628e-09
NbyGQVwzFc_loc12_loop6,12,ITN 0%/IRS 0%/Larvicide 0%,0;0.4;0.4_0;0;0_0;0;0_-100;2;5475_-100;2;5475_-100;2;5475,11.6520547945205,Incidence,1.13445458143873e-09
NbyGQVwzFc_loc12_loop6,12,ITN 0%/IRS 0%/Larvicide 0%,0;0.4;0.4_0;0;0_0;0;0_-100;2;5475_-100;2;5475_-100;2;5475,11.6547945205479,Incidence,1.13283722263287e-09
NbyGQVwzFc_loc12_loop6,12,ITN 0%/IRS 0%/Larvicide 0%,0;0.4;0.4_0;0;0_0;0;0_-100;2;5475_-100;2;5475_-100;2;5475,11.6575342465753,Incidence,1.1312226752869e-09
NbyGQVwzFc_loc12_loop6,12,ITN 0%/IRS 0%/Larvicide 0%,0;0.4;0.4_0;0;0_0;0;0_-100;2;5475_-100;2;5475_-100;2;5475,11.6602739726027,Incidence,1.12961093386135e-09
NbyGQVwzFc_loc12_loop6,12,ITN 0%/IRS 0%/Larvicide 0%,0;0.4;0.4_0;0;0_0;0;0_-100;2;5475_-100;2;5475_-100;2;5475,11.6630136986301,Incidence,1.12800199282847e-09
NbyGQVwzFc_loc12_loop6,12,ITN 0%/IRS 0%/Larvicide 0%,0;0.4;0.4_0;0;0_0;0;0_-100;2;5475_-100;2;5475_-100;2;5475,11.6657534246575,Incidence,1.12639584667195e-09
NbyGQVwzFc_loc12_loop6,12,ITN 0%/IRS 0%/Larvicide 0%,0;0.4;0.4_0;0;0_0;0;0_-100;2;5475_-100;2;5475_-100;2;5475,11.6684931506849,Incidence,1.12479248988695e-09
NbyGQVwzFc_loc12_loop6,12,ITN 0%/IRS 0%/Larvicide 0%,0;0.4;0.4_0;0;0_0;0;0_-100;2;5475_-100;2;5475_-100;2;5475,11.6712328767123,Incidence,1.12319191698005e-09
NbyGQVwzFc_loc12_loop6,12,ITN 0%/IRS 0%/Larvicide 0%,0;0.4;0.4_0;0;0_0;0;0_-100;2;5475_-100;2;5475_-100;2;5475,11.6739726027397,Incidence,1.12159412246921e-09
NbyGQVwzFc_loc12_loop6,12,ITN 0%/IRS 0%/Larvicide 0%,0;0.4;0.4_0;0;0_0;0;0_-100;2;5475_-100;2;5475_-100;2;5475,11.6767123287671,Incidence,1.11999910088383e-09
NbyGQVwzFc_loc12_loop6,12,ITN 0%/IRS 0%/Larvicide 0%,0;0.4;0.4_0;0;0_0;0;0_-100;2;5475_-100;2;5475_-100;2;5475,11.6794520547945,Incidence,1.11840684676464e-09
NbyGQVwzFc_loc12_loop6,12,ITN 0%/IRS 0%/Larvicide 0%,0;0.4;0.4_0;0;0_0;0;0_-100;2;5475_-100;2;5475_-100;2;5475,11.6821917808219,Incidence,1.11681735466373e-09
NbyGQVwzFc_loc12_loop6,12,ITN 0%/IRS 0%/Larvicide 0%,0;0.4;0.4_0;0;0_0;0;0_-100;2;5475_-100;2;5475_-100;2;5475,11.6849315068493,Incidence,1.11523061914452e-09
NbyGQVwzFc_loc12_loop6,12,ITN 0%/IRS 0%/Larvicide 0%,0;0.4;0.4_0;0;0_0;0;0_-100;2;5475_-100;2;5475_-100;2;5475,11.6876712328767,Incidence,1.11364663478174e-09
NbyGQVwzFc_loc12_loop6,12,ITN 0%/IRS 0%/Larvicide 0%,0;0.4;0.4_0;0;0_0;0;0_-100;2;5475_-100;2;5475_-100;2;5475,11.6904109589041,Incidence,1.1120653961614e-09
NbyGQVwzFc_loc12_loop6,12,ITN 0%/IRS 0%/Larvicide 0%,0;0.4;0.4_0;0;0_0;0;0_-100;2;5475_-100;2;5475_-100;2;5475,11.6931506849315,Incidence,1.11048689788078e-09
NbyGQVwzFc_loc12_loop6,12,ITN 0%/IRS 0%/Larvicide 0%,0;0.4;0.4_0;0;0_0;0;0_-100;2;5475_-100;2;5475_-100;2;5475,11.6958904109589,Incidence,1.10891113454841e-09
NbyGQVwzFc_loc12_loop6,12,ITN 0%/IRS 0%/Larvicide 0%,0;0.4;0.4_0;0;0_0;0;0_-100;2;5475_-100;2;5475_-100;2;5475,11.6986301369863,Incidence,1.10733810078405e-09
NbyGQVwzFc_loc12_loop6,12,ITN 0%/IRS 0%/Larvicide 0%,0;0.4;0.4_0;0;0_0;0;0_-100;2;5475_-100;2;5475_-100;2;5475,11.7013698630137,Incidence,1.10576779121865e-09
NbyGQVwzFc_loc12_loop6,12,ITN 0%/IRS 0%/Larvicide 0%,0;0.4;0.4_0;0;0_0;0;0_-100;2;5475_-100;2;5475_-100;2;5475,11.7041095890411,Incidence,1.10420020049438e-09
NbyGQVwzFc_loc12_loop6,12,ITN 0%/IRS 0%/Larvicide 0%,0;0.4;0.4_0;0;0_0;0;0_-100;2;5475_-100;2;5475_-100;2;5475,11.7068493150685,Incidence,1.10263532326453e-09
NbyGQVwzFc_loc12_loop6,12,ITN 0%/IRS 0%/Larvicide 0%,0;0.4;0.4_0;0;0_0;0;0_-100;2;5475_-100;2;5475_-100;2;5475,11.7095890410959,Incidence,1.10107315419357e-09
NbyGQVwzFc_loc12_loop6,12,ITN 0%/IRS 0%/Larvicide 0%,0;0.4;0.4_0;0;0_0;0;0_-100;2;5475_-100;2;5475_-100;2;5475,11.7123287671233,Incidence,1.09951368795709e-09
NbyGQVwzFc_loc12_loop6,12,ITN 0%/IRS 0%/Larvicide 0%,0;0.4;0.4_0;0;0_0;0;0_-100;2;5475_-100;2;5475_-100;2;5475,11.7150684931507,Incidence,1.09795691924177e-09
NbyGQVwzFc_loc12_loop6,12,ITN 0%/IRS 0%/Larvicide 0%,0;0.4;0.4_0;0;0_0;0;0_-100;2;5475_-100;2;5475_-100;2;5475,11.7178082191781,Incidence,1.0964028427454e-09
NbyGQVwzFc_loc12_loop6,12,ITN 0%/IRS 0%/Larvicide 0%,0;0.4;0.4_0;0;0_0;0;0_-100;2;5475_-100;2;5475_-100;2;5475,11.7205479452055,Incidence,1.09485145317681e-09
NbyGQVwzFc_loc12_loop6,12,ITN 0%/IRS 0%/Larvicide 0%,0;0.4;0.4_0;0;0_0;0;0_-100;2;5475_-100;2;5475_-100;2;5475,11.7232876712329,Incidence,1.09330274525589e-09
NbyGQVwzFc_loc12_loop6,12,ITN 0%/IRS 0%/Larvicide 0%,0;0.4;0.4_0;0;0_0;0;0_-100;2;5475_-100;2;5475_-100;2;5475,11.7260273972603,Incidence,1.09175671371355e-09
NbyGQVwzFc_loc12_loop6,12,ITN 0%/IRS 0%/Larvicide 0%,0;0.4;0.4_0;0;0_0;0;0_-100;2;5475_-100;2;5475_-100;2;5475,11.7287671232877,Incidence,1.09021335329169e-09
NbyGQVwzFc_loc12_loop6,12,ITN 0%/IRS 0%/Larvicide 0%,0;0.4;0.4_0;0;0_0;0;0_-100;2;5475_-100;2;5475_-100;2;5475,11.7315068493151,Incidence,1.08867265874322e-09
NbyGQVwzFc_loc12_loop6,12,ITN 0%/IRS 0%/Larvicide 0%,0;0.4;0.4_0;0;0_0;0;0_-100;2;5475_-100;2;5475_-100;2;5475,11.7342465753425,Incidence,1.087134624832e-09
NbyGQVwzFc_loc12_loop6,12,ITN 0%/IRS 0%/Larvicide 0%,0;0.4;0.4_0;0;0_0;0;0_-100;2;5475_-100;2;5475_-100;2;5475,11.7369863013699,Incidence,1.08559924633282e-09
NbyGQVwzFc_loc12_loop6,12,ITN 0%/IRS 0%/Larvicide 0%,0;0.4;0.4_0;0;0_0;0;0_-100;2;5475_-100;2;5475_-100;2;5475,11.7397260273973,Incidence,1.08406651803142e-09
NbyGQVwzFc_loc12_loop6,12,ITN 0%/IRS 0%/Larvicide 0%,0;0.4;0.4_0;0;0_0;0;0_-100;2;5475_-100;2;5475_-100;2;5475,11.7424657534247,Incidence,1.08253643472442e-09
NbyGQVwzFc_loc12_loop6,12,ITN 0%/IRS 0%/Larvicide 0%,0;0.4;0.4_0;0;0_0;0;0_-100;2;5475_-100;2;5475_-100;2;5475,11.7452054794521,Incidence,1.08100899121932e-09
NbyGQVwzFc_loc12_loop6,12,ITN 0%/IRS 0%/Larvicide 0%,0;0.4;0.4_0;0;0_0;0;0_-100;2;5475_-100;2;5475_-100;2;5475,11.7479452054795,Incidence,1.07948418233451e-09
NbyGQVwzFc_loc12_loop6,12,ITN 0%/IRS 0%/Larvicide 0%,0;0.4;0.4_0;0;0_0;0;0_-100;2;5475_-100;2;5475_-100;2;5475,11.7506849315069,Incidence,1.07796200289919e-09
NbyGQVwzFc_loc12_loop6,12,ITN 0%/IRS 0%/Larvicide 0%,0;0.4;0.4_0;0;0_0;0;0_-100;2;5475_-100;2;5475_-100;2;5475,11.7534246575342,Incidence,1.0764424477534e-09
NbyGQVwzFc_loc12_loop6,12,ITN 0%/IRS 0%/Larvicide 0%,0;0.4;0.4_0;0;0_0;0;0_-100;2;5475_-100;2;5475_-100;2;5475,11.7561643835616,Incidence,1.07492551174797e-09
NbyGQVwzFc_loc12_loop6,12,ITN 0%/IRS 0%/Larvicide 0%,0;0.4;0.4_0;0;0_0;0;0_-100;2;5475_-100;2;5475_-100;2;5475,11.758904109589,Incidence,1.07341118974451e-09
NbyGQVwzFc_loc12_loop6,12,ITN 0%/IRS 0%/Larvicide 0%,0;0.4;0.4_0;0;0_0;0;0_-100;2;5475_-100;2;5475_-100;2;5475,11.7616438356164,Incidence,1.07189947661541e-09
NbyGQVwzFc_loc12_loop6,12,ITN 0%/IRS 0%/Larvicide 0%,0;0.4;0.4_0;0;0_0;0;0_-100;2;5475_-100;2;5475_-100;2;5475,11.7643835616438,Incidence,1.07039036724378e-09
NbyGQVwzFc_loc12_loop6,12,ITN 0%/IRS 0%/Larvicide 0%,0;0.4;0.4_0;0;0_0;0;0_-100;2;5475_-100;2;5475_-100;2;5475,11.7671232876712,Incidence,1.06888385652345e-09
NbyGQVwzFc_loc12_loop6,12,ITN 0%/IRS 0%/Larvicide 0%,0;0.4;0.4_0;0;0_0;0;0_-100;2;5475_-100;2;5475_-100;2;5475,11.7698630136986,Incidence,1.06737993935896e-09
NbyGQVwzFc_loc12_loop6,12,ITN 0%/IRS 0%/Larvicide 0%,0;0.4;0.4_0;0;0_0;0;0_-100;2;5475_-100;2;5475_-100;2;5475,11.772602739726,Incidence,1.06587861066552e-09
NbyGQVwzFc_loc12_loop6,12,ITN 0%/IRS 0%/Larvicide 0%,0;0.4;0.4_0;0;0_0;0;0_-100;2;5475_-100;2;5475_-100;2;5475,11.7753424657534,Incidence,1.06437986536901e-09
NbyGQVwzFc_loc12_loop6,12,ITN 0%/IRS 0%/Larvicide 0%,0;0.4;0.4_0;0;0_0;0;0_-100;2;5475_-100;2;5475_-100;2;5475,11.7780821917808,Incidence,1.06288369840594e-09
NbyGQVwzFc_loc12_loop6,12,ITN 0%/IRS 0%/Larvicide 0%,0;0.4;0.4_0;0;0_0;0;0_-100;2;5475_-100;2;5475_-100;2;5475,11.7808219178082,Incidence,1.06139010472344e-09
NbyGQVwzFc_loc12_loop6,12,ITN 0%/IRS 0%/Larvicide 0%,0;0.4;0.4_0;0;0_0;0;0_-100;2;5475_-100;2;5475_-100;2;5475,11.7835616438356,Incidence,1.05989907927923e-09
NbyGQVwzFc_loc12_loop6,12,ITN 0%/IRS 0%/Larvicide 0%,0;0.4;0.4_0;0;0_0;0;0_-100;2;5475_-100;2;5475_-100;2;5475,11.786301369863,Incidence,1.05841061704163e-09
NbyGQVwzFc_loc12_loop6,12,ITN 0%/IRS 0%/Larvicide 0%,0;0.4;0.4_0;0;0_0;0;0_-100;2;5475_-100;2;5475_-100;2;5475,11.7890410958904,Incidence,1.05692471298951e-09
NbyGQVwzFc_loc12_loop6,12,ITN 0%/IRS 0%/Larvicide 0%,0;0.4;0.4_0;0;0_0;0;0_-100;2;5475_-100;2;5475_-100;2;5475,11.7917808219178,Incidence,1.05544136211225e-09
NbyGQVwzFc_loc12_loop6,12,ITN 0%/IRS 0%/Larvicide 0%,0;0.4;0.4_0;0;0_0;0;0_-100;2;5475_-100;2;5475_-100;2;5475,11.7945205479452,Incidence,1.05396055940978e-09
NbyGQVwzFc_loc12_loop6,12,ITN 0%/IRS 0%/Larvicide 0%,0;0.4;0.4_0;0;0_0;0;0_-100;2;5475_-100;2;5475_-100;2;5475,11.7972602739726,Incidence,1.05248229989253e-09
NbyGQVwzFc_loc12_loop6,12,ITN 0%/IRS 0%/Larvicide 0%,0;0.4;0.4_0;0;0_0;0;0_-100;2;5475_-100;2;5475_-100;2;5475,11.8,Incidence,1.05100657858138e-09
NbyGQVwzFc_loc12_loop6,12,ITN 0%/IRS 0%/Larvicide 0%,0;0.4;0.4_0;0;0_0;0;0_-100;2;5475_-100;2;5475_-100;2;5475,11.8027397260274,Incidence,1.04953339050768e-09
NbyGQVwzFc_loc12_loop6,12,ITN 0%/IRS 0%/Larvicide 0%,0;0.4;0.4_0;0;0_0;0;0_-100;2;5475_-100;2;5475_-100;2;5475,11.8054794520548,Incidence,1.04806273071322e-09
NbyGQVwzFc_loc12_loop6,12,ITN 0%/IRS 0%/Larvicide 0%,0;0.4;0.4_0;0;0_0;0;0_-100;2;5475_-100;2;5475_-100;2;5475,11.8082191780822,Incidence,1.04659459425148e-09
NbyGQVwzFc_loc12_loop6,12,ITN 0%/IRS 0%/Larvicide 0%,0;0.4;0.4_0;0;0_0;0;0_-100;2;5475_-100;2;5475_-100;2;5475,11.8109589041096,Incidence,1.04512897619296e-09
NbyGQVwzFc_loc12_loop6,12,ITN 0%/IRS 0%/Larvicide 0%,0;0.4;0.4_0;0;0_0;0;0_-100;2;5475_-100;2;5475_-100;2;5475,11.813698630137,Incidence,1.04366587161773e-09
NbyGQVwzFc_loc12_loop6,12,ITN 0%/IRS 0%/Larvicide 0%,0;0.4;0.4_0;0;0_0;0;0_-100;2;5475_-100;2;5475_-100;2;5475,11.8164383561644,Incidence,1.0422052756158e-09
NbyGQVwzFc_loc12_loop6,12,ITN 0%/IRS 0%/Larvicide 0%,0;0.4;0.4_0;0;0_0;0;0_-100;2;5475_-100;2;5475_-100;2;5475,11.8191780821918,Incidence,1.04074718328737e-09
NbyGQVwzFc_loc12_loop6,12,ITN 0%/IRS 0%/Larvicide 0%,0;0.4;0.4_0;0;0_0;0;0_-100;2;5475_-100;2;5475_-100;2;5475,11.8219178082192,Incidence,1.03929158974286e-09
NbyGQVwzFc_loc12_loop6,12,ITN 0%/IRS 0%/Larvicide 0%,0;0.4;0.4_0;0;0_0;0;0_-100;2;5475_-100;2;5475_-100;2;5475,11.8246575342466,Incidence,1.03783849010289e-09
NbyGQVwzFc_loc12_loop6,12,ITN 0%/IRS 0%/Larvicide 0%,0;0.4;0.4_0;0;0_0;0;0_-100;2;5475_-100;2;5475_-100;2;5475,11.827397260274,Incidence,1.03638787949823e-09
NbyGQVwzFc_loc12_loop6,12,ITN 0%/IRS 0%/Larvicide 0%,0;0.4;0.4_0;0;0_0;0;0_-100;2;5475_-100;2;5475_-100;2;5475,11.8301369863014,Incidence,1.0349397530698e-09
NbyGQVwzFc_loc12_loop6,12,ITN 0%/IRS 0%/Larvicide 0%,0;0.4;0.4_0;0;0_0;0;0_-100;2;5475_-100;2;5475_-100;2;5475,11.8328767123288,Incidence,1.03349410596866e-09
NbyGQVwzFc_loc12_loop6,12,ITN 0%/IRS 0%/Larvicide 0%,0;0.4;0.4_0;0;0_0;0;0_-100;2;5475_-100;2;5475_-100;2;5475,11.8356164383562,Incidence,1.03205093335596e-09
NbyGQVwzFc_loc12_loop6,12,ITN 0%/IRS 0%/Larvicide 0%,0;0.4;0.4_0;0;0_0;0;0_-100;2;5475_-100;2;5475_-100;2;5475,11.8383561643836,Incidence,1.03061023040297e-09
NbyGQVwzFc_loc12_loop6,12,ITN 0%/IRS 0%/Larvicide 0%,0;0.4;0.4_0;0;0_0;0;0_-100;2;5475_-100;2;5475_-100;2;5475,11.841095890411,Incidence,1.029171992291e-09
NbyGQVwzFc_loc12_loop6,12,ITN 0%/IRS 0%/Larvicide 0%,0;0.4;0.4_0;0;0_0;0;0_-100;2;5475_-100;2;5475_-100;2;5475,11.8438356164384,Incidence,1.02773621421143e-09
NbyGQVwzFc_loc12_loop6,12,ITN 0%/IRS 0%/Larvicide 0%,0;0.4;0.4_0;0;0_0;0;0_-100;2;5475_-100;2;5475_-100;2;5475,11.8465753424658,Incidence,1.02630289136567e-09
NbyGQVwzFc_loc12_loop6,12,ITN 0%/IRS 0%/Larvicide 0%,0;0.4;0.4_0;0;0_0;0;0_-100;2;5475_-100;2;5475_-100;2;5475,11.8493150684932,Incidence,1.02487201896515e-09
NbyGQVwzFc_loc12_loop6,12,ITN 0%/IRS 0%/Larvicide 0%,0;0.4;0.4_0;0;0_0;0;0_-100;2;5475_-100;2;5475_-100;2;5475,11.8520547945205,Incidence,1.02344359223128e-09
NbyGQVwzFc_loc12_loop6,12,ITN 0%/IRS 0%/Larvicide 0%,0;0.4;0.4_0;0;0_0;0;0_-100;2;5475_-100;2;5475_-100;2;5475,11.8547945205479,Incidence,1.02201760639547e-09
NbyGQVwzFc_loc12_loop6,12,ITN 0%/IRS 0%/Larvicide 0%,0;0.4;0.4_0;0;0_0;0;0_-100;2;5475_-100;2;5475_-100;2;5475,11.8575342465753,Incidence,1.02059405669905e-09
NbyGQVwzFc_loc12_loop6,12,ITN 0%/IRS 0%/Larvicide 0%,0;0.4;0.4_0;0;0_0;0;0_-100;2;5475_-100;2;5475_-100;2;5475,11.8602739726027,Incidence,1.01917293839333e-09
NbyGQVwzFc_loc12_loop6,12,ITN 0%/IRS 0%/Larvicide 0%,0;0.4;0.4_0;0;0_0;0;0_-100;2;5475_-100;2;5475_-100;2;5475,11.8630136986301,Incidence,1.01775424673952e-09
NbyGQVwzFc_loc12_loop6,12,ITN 0%/IRS 0%/Larvicide 0%,0;0.4;0.4_0;0;0_0;0;0_-100;2;5475_-100;2;5475_-100;2;5475,11.8657534246575,Incidence,1.01633797700872e-09
NbyGQVwzFc_loc12_loop6,12,ITN 0%/IRS 0%/Larvicide 0%,0;0.4;0.4_0;0;0_0;0;0_-100;2;5475_-100;2;5475_-100;2;5475,11.8684931506849,Incidence,1.01492412448193e-09
NbyGQVwzFc_loc12_loop6,12,ITN 0%/IRS 0%/Larvicide 0%,0;0.4;0.4_0;0;0_0;0;0_-100;2;5475_-100;2;5475_-100;2;5475,11.8712328767123,Incidence,1.01351268445e-09
NbyGQVwzFc_loc12_loop6,12,ITN 0%/IRS 0%/Larvicide 0%,0;0.4;0.4_0;0;0_0;0;0_-100;2;5475_-100;2;5475_-100;2;5475,11.8739726027397,Incidence,1.01210365221362e-09
NbyGQVwzFc_loc12_loop6,12,ITN 0%/IRS 0%/Larvicide 0%,0;0.4;0.4_0;0;0_0;0;0_-100;2;5475_-100;2;5475_-100;2;5475,11.8767123287671,Incidence,1.01069702308332e-09
NbyGQVwzFc_loc12_loop6,12,ITN 0%/IRS 0%/Larvicide 0%,0;0.4;0.4_0;0;0_0;0;0_-100;2;5475_-100;2;5475_-100;2;5475,11.8794520547945,Incidence,1.00929279237941e-09
NbyGQVwzFc_loc12_loop6,12,ITN 0%/IRS 0%/Larvicide 0%,0;0.4;0.4_0;0;0_0;0;0_-100;2;5475_-100;2;5475_-100;2;5475,11.8821917808219,Incidence,1.00789095543203e-09
NbyGQVwzFc_loc12_loop6,12,ITN 0%/IRS 0%/Larvicide 0%,0;0.4;0.4_0;0;0_0;0;0_-100;2;5475_-100;2;5475_-100;2;5475,11.8849315068493,Incidence,1.00649150758103e-09
NbyGQVwzFc_loc12_loop6,12,ITN 0%/IRS 0%/Larvicide 0%,0;0.4;0.4_0;0;0_0;0;0_-100;2;5475_-100;2;5475_-100;2;5475,11.8876712328767,Incidence,1.00509444417604e-09
NbyGQVwzFc_loc12_loop6,12,ITN 0%/IRS 0%/Larvicide 0%,0;0.4;0.4_0;0;0_0;0;0_-100;2;5475_-100;2;5475_-100;2;5475,11.8904109589041,Incidence,1.00369976057643e-09
NbyGQVwzFc_loc12_loop6,12,ITN 0%/IRS 0%/Larvicide 0%,0;0.4;0.4_0;0;0_0;0;0_-100;2;5475_-100;2;5475_-100;2;5475,11.8931506849315,Incidence,1.00230745215126e-09
NbyGQVwzFc_loc12_loop6,12,ITN 0%/IRS 0%/Larvicide 0%,0;0.4;0.4_0;0;0_0;0;0_-100;2;5475_-100;2;5475_-100;2;5475,11.8958904109589,Incidence,1.00091751427928e-09
NbyGQVwzFc_loc12_loop6,12,ITN 0%/IRS 0%/Larvicide 0%,0;0.4;0.4_0;0;0_0;0;0_-100;2;5475_-100;2;5475_-100;2;5475,11.8986301369863,Incidence,9.99529942348924e-10
NbyGQVwzFc_loc12_loop6,12,ITN 0%/IRS 0%/Larvicide 0%,0;0.4;0.4_0;0;0_0;0;0_-100;2;5475_-100;2;5475_-100;2;5475,11.9013698630137,Incidence,9.98144731758277e-10
NbyGQVwzFc_loc12_loop6,12,ITN 0%/IRS 0%/Larvicide 0%,0;0.4;0.4_0;0;0_0;0;0_-100;2;5475_-100;2;5475_-100;2;5475,11.9041095890411,Incidence,9.96761877915053e-10
NbyGQVwzFc_loc12_loop6,12,ITN 0%/IRS 0%/Larvicide 0%,0;0.4;0.4_0;0;0_0;0;0_-100;2;5475_-100;2;5475_-100;2;5475,11.9068493150685,Incidence,9.95381376236589e-10
NbyGQVwzFc_loc12_loop6,12,ITN 0%/IRS 0%/Larvicide 0%,0;0.4;0.4_0;0;0_0;0;0_-100;2;5475_-100;2;5475_-100;2;5475,11.9095890410959,Incidence,9.9400322214981e-10
NbyGQVwzFc_loc12_loop6,12,ITN 0%/IRS 0%/Larvicide 0%,0;0.4;0.4_0;0;0_0;0;0_-100;2;5475_-100;2;5475_-100;2;5475,11.9123287671233,Incidence,9.92627411091228e-10
NbyGQVwzFc_loc12_loop6,12,ITN 0%/IRS 0%/Larvicide 0%,0;0.4;0.4_0;0;0_0;0;0_-100;2;5475_-100;2;5475_-100;2;5475,11.9150684931507,Incidence,9.9125393850691e-10
NbyGQVwzFc_loc12_loop6,12,ITN 0%/IRS 0%/Larvicide 0%,0;0.4;0.4_0;0;0_0;0;0_-100;2;5475_-100;2;5475_-100;2;5475,11.9178082191781,Incidence,9.8988279985246e-10
NbyGQVwzFc_loc12_loop6,12,ITN 0%/IRS 0%/Larvicide 0%,0;0.4;0.4_0;0;0_0;0;0_-100;2;5475_-100;2;5475_-100;2;5475,11.9205479452055,Incidence,9.8851399059301e-10
NbyGQVwzFc_loc12_loop6,12,ITN 0%/IRS 0%/Larvicide 0%,0;0.4;0.4_0;0;0_0;0;0_-100;2;5475_-100;2;5475_-100;2;5475,11.9232876712329,Incidence,9.87147506203192e-10
NbyGQVwzFc_loc12_loop6,12,ITN 0%/IRS 0%/Larvicide 0%,0;0.4;0.4_0;0;0_0;0;0_-100;2;5475_-100;2;5475_-100;2;5475,11.9260273972603,Incidence,9.85783342167121e-10
NbyGQVwzFc_loc12_loop6,12,ITN 0%/IRS 0%/Larvicide 0%,0;0.4;0.4_0;0;0_0;0;0_-100;2;5475_-100;2;5475_-100;2;5475,11.9287671232877,Incidence,9.84421493978377e-10
NbyGQVwzFc_loc12_loop6,12,ITN 0%/IRS 0%/Larvicide 0%,0;0.4;0.4_0;0;0_0;0;0_-100;2;5475_-100;2;5475_-100;2;5475,11.9315068493151,Incidence,9.83061957139987e-10
NbyGQVwzFc_loc12_loop6,12,ITN 0%/IRS 0%/Larvicide 0%,0;0.4;0.4_0;0;0_0;0;0_-100;2;5475_-100;2;5475_-100;2;5475,11.9342465753425,Incidence,9.81704727164406e-10
NbyGQVwzFc_loc12_loop6,12,ITN 0%/IRS 0%/Larvicide 0%,0;0.4;0.4_0;0;0_0;0;0_-100;2;5475_-100;2;5475_-100;2;5475,11.9369863013699,Incidence,9.80349799573496e-10
NbyGQVwzFc_loc12_loop6,12,ITN 0%/IRS 0%/Larvicide 0%,0;0.4;0.4_0;0;0_0;0;0_-100;2;5475_-100;2;5475_-100;2;5475,11.9397260273973,Incidence,9.78997169898512e-10
NbyGQVwzFc_loc12_loop6,12,ITN 0%/IRS 0%/Larvicide 0%,0;0.4;0.4_0;0;0_0;0;0_-100;2;5475_-100;2;5475_-100;2;5475,11.9424657534247,Incidence,9.7764683368008e-10
NbyGQVwzFc_loc12_loop6,12,ITN 0%/IRS 0%/Larvicide 0%,0;0.4;0.4_0;0;0_0;0;0_-100;2;5475_-100;2;5475_-100;2;5475,11.9452054794521,Incidence,9.76298786468176e-10
NbyGQVwzFc_loc12_loop6,12,ITN 0%/IRS 0%/Larvicide 0%,0;0.4;0.4_0;0;0_0;0;0_-100;2;5475_-100;2;5475_-100;2;5475,11.9479452054795,Incidence,9.74953023822111e-10
NbyGQVwzFc_loc12_loop6,12,ITN 0%/IRS 0%/Larvicide 0%,0;0.4;0.4_0;0;0_0;0;0_-100;2;5475_-100;2;5475_-100;2;5475,11.9506849315069,Incidence,9.73609541310514e-10
NbyGQVwzFc_loc12_loop6,12,ITN 0%/IRS 0%/Larvicide 0%,0;0.4;0.4_0;0;0_0;0;0_-100;2;5475_-100;2;5475_-100;2;5475,11.9534246575342,Incidence,9.72268334511307e-10
NbyGQVwzFc_loc12_loop6,12,ITN 0%/IRS 0%/Larvicide 0%,0;0.4;0.4_0;0;0_0;0;0_-100;2;5475_-100;2;5475_-100;2;5475,11.9561643835616,Incidence,9.70929399011696e-10
NbyGQVwzFc_loc12_loop6,12,ITN 0%/IRS 0%/Larvicide 0%,0;0.4;0.4_0;0;0_0;0;0_-100;2;5475_-100;2;5475_-100;2;5475,11.958904109589,Incidence,9.69592730408137e-10
NbyGQVwzFc_loc12_loop6,12,ITN 0%/IRS 0%/Larvicide 0%,0;0.4;0.4_0;0;0_0;0;0_-100;2;5475_-100;2;5475_-100;2;5475,11.9616438356164,Incidence,9.68258324306336e-10
NbyGQVwzFc_loc12_loop6,12,ITN 0%/IRS 0%/Larvicide 0%,0;0.4;0.4_0;0;0_0;0;0_-100;2;5475_-100;2;5475_-100;2;5475,11.9643835616438,Incidence,9.66926176321214e-10
NbyGQVwzFc_loc12_loop6,12,ITN 0%/IRS 0%/Larvicide 0%,0;0.4;0.4_0;0;0_0;0;0_-100;2;5475_-100;2;5475_-100;2;5475,11.9671232876712,Incidence,9.65596282076906e-10
NbyGQVwzFc_loc12_loop6,12,ITN 0%/IRS 0%/Larvicide 0%,0;0.4;0.4_0;0;0_0;0;0_-100;2;5475_-100;2;5475_-100;2;5475,11.9698630136986,Incidence,9.64268637206717e-10
NbyGQVwzFc_loc12_loop6,12,ITN 0%/IRS 0%/Larvicide 0%,0;0.4;0.4_0;0;0_0;0;0_-100;2;5475_-100;2;5475_-100;2;5475,11.972602739726,Incidence,9.62943237355221e-10
NbyGQVwzFc_loc12_loop6,12,ITN 0%/IRS 0%/Larvicide 0%,0;0.4;0.4_0;0;0_0;0;0_-100;2;5475_-100;2;5475_-100;2;5475,11.9753424657534,Incidence,9.61620078181439e-10
NbyGQVwzFc_loc12_loop6,12,ITN 0%/IRS 0%/Larvicide 0%,0;0.4;0.4_0;0;0_0;0;0_-100;2;5475_-100;2;5475_-100;2;5475,11.9780821917808,Incidence,9.60299155350904e-10
NbyGQVwzFc_loc12_loop6,12,ITN 0%/IRS 0%/Larvicide 0%,0;0.4;0.4_0;0;0_0;0;0_-100;2;5475_-100;2;5475_-100;2;5475,11.9808219178082,Incidence,9.58980464538007e-10
NbyGQVwzFc_loc12_loop6,12,ITN 0%/IRS 0%/Larvicide 0%,0;0.4;0.4_0;0;0_0;0;0_-100;2;5475_-100;2;5475_-100;2;5475,11.9835616438356,Incidence,9.57664001426164e-10
NbyGQVwzFc_loc12_loop6,12,ITN 0%/IRS 0%/Larvicide 0%,0;0.4;0.4_0;0;0_0;0;0_-100;2;5475_-100;2;5475_-100;2;5475,11.986301369863,Incidence,9.56349761707769e-10
NbyGQVwzFc_loc12_loop6,12,ITN 0%/IRS 0%/Larvicide 0%,0;0.4;0.4_0;0;0_0;0;0_-100;2;5475_-100;2;5475_-100;2;5475,11.9890410958904,Incidence,9.55037741084211e-10
NbyGQVwzFc_loc12_loop6,12,ITN 0%/IRS 0%/Larvicide 0%,0;0.4;0.4_0;0;0_0;0;0_-100;2;5475_-100;2;5475_-100;2;5475,11.9917808219178,Incidence,9.53727935265834e-10
NbyGQVwzFc_loc12_loop6,12,ITN 0%/IRS 0%/Larvicide 0%,0;0.4;0.4_0;0;0_0;0;0_-100;2;5475_-100;2;5475_-100;2;5475,11.9945205479452,Incidence,9.52420339971918e-10
NbyGQVwzFc_loc12_loop6,12,ITN 0%/IRS 0%/Larvicide 0%,0;0.4;0.4_0;0;0_0;0;0_-100;2;5475_-100;2;5475_-100;2;5475,11.9972602739726,Incidence,9.51114950930678e-10
NbyGQVwzFc_loc12_loop6,12,ITN 0%/IRS 0%/Larvicide 0%,0;0.4;0.4_0;0;0_0;0;0_-100;2;5475_-100;2;5475_-100;2;5475,12,Incidence,9.49811763879231e-10
NbyGQVwzFc_loc12_loop6,12,ITN 0%/IRS 0%/Larvicide 0%,0;0.4;0.4_0;0;0_0;0;0_-100;2;5475_-100;2;5475_-100;2;5475,12.0027397260274,Incidence,9.48510774563585e-10
NbyGQVwzFc_loc12_loop6,12,ITN 0%/IRS 0%/Larvicide 0%,0;0.4;0.4_0;0;0_0;0;0_-100;2;5475_-100;2;5475_-100;2;5475,12.0054794520548,Incidence,9.47211978738622e-10
NbyGQVwzFc_loc12_loop6,12,ITN 0%/IRS 0%/Larvicide 0%,0;0.4;0.4_0;0;0_0;0;0_-100;2;5475_-100;2;5475_-100;2;5475,12.0082191780822,Incidence,9.45915372168075e-10
NbyGQVwzFc_loc12_loop6,12,ITN 0%/IRS 0%/Larvicide 0%,0;0.4;0.4_0;0;0_0;0;0_-100;2;5475_-100;2;5475_-100;2;5475,12.0109589041096,Incidence,9.44620950624518e-10
NbyGQVwzFc_loc12_loop6,12,ITN 0%/IRS 0%/Larvicide 0%,0;0.4;0.4_0;0;0_0;0;0_-100;2;5475_-100;2;5475_-100;2;5475,12.013698630137,Incidence,9.43328709889344e-10
NbyGQVwzFc_loc12_loop6,12,ITN 0%/IRS 0%/Larvicide 0%,0;0.4;0.4_0;0;0_0;0;0_-100;2;5475_-100;2;5475_-100;2;5475,12.0164383561644,Incidence,9.42038645752747e-10
NbyGQVwzFc_loc12_loop6,12,ITN 0%/IRS 0%/Larvicide 0%,0;0.4;0.4_0;0;0_0;0;0_-100;2;5475_-100;2;5475_-100;2;5475,12.0191780821918,Incidence,9.40750754013707e-10
NbyGQVwzFc_loc12_loop6,12,ITN 0%/IRS 0%/Larvicide 0%,0;0.4;0.4_0;0;0_0;0;0_-100;2;5475_-100;2;5475_-100;2;5475,12.0219178082192,Incidence,9.39465030479967e-10
NbyGQVwzFc_loc12_loop6,12,ITN 0%/IRS 0%/Larvicide 0%,0;0.4;0.4_0;0;0_0;0;0_-100;2;5475_-100;2;5475_-100;2;5475,12.0246575342466,Incidence,9.3818147096803e-10
NbyGQVwzFc_loc12_loop6,12,ITN 0%/IRS 0%/Larvicide 0%,0;0.4;0.4_0;0;0_0;0;0_-100;2;5475_-100;2;5475_-100;2;5475,12.027397260274,Incidence,9.36900071303118e-10
NbyGQVwzFc_loc12_loop6,12,ITN 0%/IRS 0%/Larvicide 0%,0;0.4;0.4_0;0;0_0;0;0_-100;2;5475_-100;2;5475_-100;2;5475,12.0301369863014,Incidence,9.35620827319176e-10
NbyGQVwzFc_loc12_loop6,12,ITN 0%/IRS 0%/Larvicide 0%,0;0.4;0.4_0;0;0_0;0;0_-100;2;5475_-100;2;5475_-100;2;5475,12.0328767123288,Incidence,9.48923518844349e-10
NbyGQVwzFc_loc12_loop6,12,ITN 0%/IRS 0%/Larvicide 0%,0;0.4;0.4_0;0;0_0;0;0_-100;2;5475_-100;2;5475_-100;2;5475,12.0356164383562,Incidence,9.47452543415828e-10
NbyGQVwzFc_loc12_loop6,12,ITN 0%/IRS 0%/Larvicide 0%,0;0.4;0.4_0;0;0_0;0;0_-100;2;5475_-100;2;5475_-100;2;5475,12.0383561643836,Incidence,7.99803186197951e-10
NbyGQVwzFc_loc12_loop6,12,ITN 0%/IRS 0%/Larvicide 0%,0;0.4;0.4_0;0;0_0;0;0_-100;2;5475_-100;2;5475_-100;2;5475,12.041095890411,Incidence,7.95389012049393e-10
NbyGQVwzFc_loc12_loop6,12,ITN 0%/IRS 0%/Larvicide 0%,0;0.4;0.4_0;0;0_0;0;0_-100;2;5475_-100;2;5475_-100;2;5475,12.0438356164384,Incidence,7.91283838654326e-10
NbyGQVwzFc_loc12_loop6,12,ITN 0%/IRS 0%/Larvicide 0%,0;0.4;0.4_0;0;0_0;0;0_-100;2;5475_-100;2;5475_-100;2;5475,12.0465753424658,Incidence,7.8747468557668e-10
NbyGQVwzFc_loc12_loop6,12,ITN 0%/IRS 0%/Larvicide 0%,0;0.4;0.4_0;0;0_0;0;0_-100;2;5475_-100;2;5475_-100;2;5475,12.0493150684932,Incidence,7.83934705490199e-10
NbyGQVwzFc_loc12_loop6,12,ITN 0%/IRS 0%/Larvicide 0%,0;0.4;0.4_0;0;0_0;0;0_-100;2;5475_-100;2;5475_-100;2;5475,12.0520547945205,Incidence,7.80639496083218e-10
NbyGQVwzFc_loc12_loop6,12,ITN 0%/IRS 0%/Larvicide 0%,0;0.4;0.4_0;0;0_0;0;0_-100;2;5475_-100;2;5475_-100;2;5475,12.0547945205479,Incidence,7.77568051062676e-10
NbyGQVwzFc_loc12_loop6,12,ITN 0%/IRS 0%/Larvicide 0%,0;0.4;0.4_0;0;0_0;0;0_-100;2;5475_-100;2;5475_-100;2;5475,12.0575342465753,Incidence,7.74589858043941e-10
NbyGQVwzFc_loc12_loop6,12,ITN 0%/IRS 0%/Larvicide 0%,0;0.4;0.4_0;0;0_0;0;0_-100;2;5475_-100;2;5475_-100;2;5475,12.0602739726027,Incidence,7.71828478982086e-10
NbyGQVwzFc_loc12_loop6,12,ITN 0%/IRS 0%/Larvicide 0%,0;0.4;0.4_0;0;0_0;0;0_-100;2;5475_-100;2;5475_-100;2;5475,12.0630136986301,Incidence,7.66926729145443e-10
NbyGQVwzFc_loc12_loop6,12,ITN 0%/IRS 0%/Larvicide 0%,0;0.4;0.4_0;0;0_0;0;0_-100;2;5475_-100;2;5475_-100;2;5475,12.0657534246575,Incidence,7.61901112941149e-10
NbyGQVwzFc_loc12_loop6,12,ITN 0%/IRS 0%/Larvicide 0%,0;0.4;0.4_0;0;0_0;0;0_-100;2;5475_-100;2;5475_-100;2;5475,12.0684931506849,Incidence,7.570162140321e-10
NbyGQVwzFc_loc12_loop6,12,ITN 0%/IRS 0%/Larvicide 0%,0;0.4;0.4_0;0;0_0;0;0_-100;2;5475_-100;2;5475_-100;2;5475,12.0712328767123,Incidence,7.522817290982e-10
NbyGQVwzFc_loc12_loop6,12,ITN 0%/IRS 0%/Larvicide 0%,0;0.4;0.4_0;0;0_0;0;0_-100;2;5475_-100;2;5475_-100;2;5475,12.0739726027397,Incidence,7.47704346498056e-10
NbyGQVwzFc_loc12_loop6,12,ITN 0%/IRS 0%/Larvicide 0%,0;0.4;0.4_0;0;0_0;0;0_-100;2;5475_-100;2;5475_-100;2;5475,12.0767123287671,Incidence,7.4328829371717e-10
NbyGQVwzFc_loc12_loop6,12,ITN 0%/IRS 0%/Larvicide 0%,0;0.4;0.4_0;0;0_0;0;0_-100;2;5475_-100;2;5475_-100;2;5475,12.0794520547945,Incidence,7.3903576554762e-10
NbyGQVwzFc_loc12_loop6,12,ITN 0%/IRS 0%/Larvicide 0%,0;0.4;0.4_0;0;0_0;0;0_-100;2;5475_-100;2;5475_-100;2;5475,12.0821917808219,Incidence,7.3494726370183e-10
NbyGQVwzFc_loc12_loop6,12,ITN 0%/IRS 0%/Larvicide 0%,0;0.4;0.4_0;0;0_0;0;0_-100;2;5475_-100;2;5475_-100;2;5475,12.0849315068493,Incidence,7.31021886492039e-10
NbyGQVwzFc_loc12_loop6,12,ITN 0%/IRS 0%/Larvicide 0%,0;0.4;0.4_0;0;0_0;0;0_-100;2;5475_-100;2;5475_-100;2;5475,12.0876712328767,Incidence,7.27257582359478e-10
NbyGQVwzFc_loc12_loop6,12,ITN 0%/IRS 0%/Larvicide 0%,0;0.4;0.4_0;0;0_0;0;0_-100;2;5475_-100;2;5475_-100;2;5475,12.0904109589041,Incidence,7.23816497604465e-10
NbyGQVwzFc_loc12_loop6,12,ITN 0%/IRS 0%/Larvicide 0%,0;0.4;0.4_0;0;0_0;0;0_-100;2;5475_-100;2;5475_-100;2;5475,12.0931506849315,Incidence,7.20871646634065e-10
NbyGQVwzFc_loc12_loop6,12,ITN 0%/IRS 0%/Larvicide 0%,0;0.4;0.4_0;0;0_0;0;0_-100;2;5475_-100;2;5475_-100;2;5475,12.0958904109589,Incidence,7.1501833259194e-10
NbyGQVwzFc_loc12_loop6,12,ITN 0%/IRS 0%/Larvicide 0%,0;0.4;0.4_0;0;0_0;0;0_-100;2;5475_-100;2;5475_-100;2;5475,12.0986301369863,Incidence,7.07466549028669e-10
NbyGQVwzFc_loc12_loop6,12,ITN 0%/IRS 0%/Larvicide 0%,0;0.4;0.4_0;0;0_0;0;0_-100;2;5475_-100;2;5475_-100;2;5475,12.1013698630137,Incidence,7.00467846707929e-10
NbyGQVwzFc_loc12_loop6,12,ITN 0%/IRS 0%/Larvicide 0%,0;0.4;0.4_0;0;0_0;0;0_-100;2;5475_-100;2;5475_-100;2;5475,12.1041095890411,Incidence,6.93978754083002e-10
NbyGQVwzFc_loc12_loop6,12,ITN 0%/IRS 0%/Larvicide 0%,0;0.4;0.4_0;0;0_0;0;0_-100;2;5475_-100;2;5475_-100;2;5475,12.1068493150685,Incidence,6.87959158711295e-10
NbyGQVwzFc_loc12_loop6,12,ITN 0%/IRS 0%/Larvicide 0%,0;0.4;0.4_0;0;0_0;0;0_-100;2;5475_-100;2;5475_-100;2;5475,12.1095890410959,Incidence,6.82372055618891e-10
NbyGQVwzFc_loc12_loop6,12,ITN 0%/IRS 0%/Larvicide 0%,0;0.4;0.4_0;0;0_0;0;0_-100;2;5475_-100;2;5475_-100;2;5475,12.1123287671233,Incidence,6.77183310698675e-10
NbyGQVwzFc_loc12_loop6,12,ITN 0%/IRS 0%/Larvicide 0%,0;0.4;0.4_0;0;0_0;0;0_-100;2;5475_-100;2;5475_-100;2;5475,12.1150684931507,Incidence,6.72361442791225e-10
NbyGQVwzFc_loc12_loop6,12,ITN 0%/IRS 0%/Larvicide 0%,0;0.4;0.4_0;0;0_0;0;0_-100;2;5475_-100;2;5475_-100;2;5475,12.1178082191781,Incidence,6.67877425849085e-10
NbyGQVwzFc_loc12_loop6,12,ITN 0%/IRS 0%/Larvicide 0%,0;0.4;0.4_0;0;0_0;0;0_-100;2;5475_-100;2;5475_-100;2;5475,12.1205479452055,Incidence,6.63704496237113e-10
NbyGQVwzFc_loc12_loop6,12,ITN 0%/IRS 0%/Larvicide 0%,0;0.4;0.4_0;0;0_0;0;0_-100;2;5475_-100;2;5475_-100;2;5475,12.1232876712329,Incidence,6.59818128671432e-10
NbyGQVwzFc_loc12_loop6,12,ITN 0%/IRS 0%/Larvicide 0%,0;0.4;0.4_0;0;0_0;0;0_-100;2;5475_-100;2;5475_-100;2;5475,12.1260273972603,Incidence,6.56196223555326e-10
NbyGQVwzFc_loc12_loop6,12,ITN 0%/IRS 0%/Larvicide 0%,0;0.4;0.4_0;0;0_0;0;0_-100;2;5475_-100;2;5475_-100;2;5475,12.1287671232877,Incidence,6.52816617227399e-10
NbyGQVwzFc_loc12_loop6,12,ITN 0%/IRS 0%/Larvicide 0%,0;0.4;0.4_0;0;0_0;0;0_-100;2;5475_-100;2;5475_-100;2;5475,12.1315068493151,Incidence,6.4965319501486e-10
NbyGQVwzFc_loc12_loop6,12,ITN 0%/IRS 0%/Larvicide 0%,0;0.4;0.4_0;0;0_0;0;0_-100;2;5475_-100;2;5475_-100;2;5475,12.1342465753425,Incidence,6.46687191869898e-10
NbyGQVwzFc_loc12_loop6,12,ITN 0%/IRS 0%/Larvicide 0%,0;0.4;0.4_0;0;0_0;0;0_-100;2;5475_-100;2;5475_-100;2;5475,12.1369863013699,Incidence,6.43902397894367e-10
NbyGQVwzFc_loc12_loop6,12,ITN 0%/IRS 0%/Larvicide 0%,0;0.4;0.4_0;0;0_0;0;0_-100;2;5475_-100;2;5475_-100;2;5475,12.1397260273973,Incidence,6.41283946546409e-10
NbyGQVwzFc_loc12_loop6,12,ITN 0%/IRS 0%/Larvicide 0%,0;0.4;0.4_0;0;0_0;0;0_-100;2;5475_-100;2;5475_-100;2;5475,12.1424657534247,Incidence,6.38818198486622e-10
NbyGQVwzFc_loc12_loop6,12,ITN 0%/IRS 0%/Larvicide 0%,0;0.4;0.4_0;0;0_0;0;0_-100;2;5475_-100;2;5475_-100;2;5475,12.1452054794521,Incidence,6.3649264045198e-10
NbyGQVwzFc_loc12_loop6,12,ITN 0%/IRS 0%/Larvicide 0%,0;0.4;0.4_0;0;0_0;0;0_-100;2;5475_-100;2;5475_-100;2;5475,12.1479452054795,Incidence,6.34295780006725e-10
NbyGQVwzFc_loc12_loop6,12,ITN 0%/IRS 0%/Larvicide 0%,0;0.4;0.4_0;0;0_0;0;0_-100;2;5475_-100;2;5475_-100;2;5475,12.1506849315068,Incidence,6.3221705042395e-10
NbyGQVwzFc_loc12_loop6,12,ITN 0%/IRS 0%/Larvicide 0%,0;0.4;0.4_0;0;0_0;0;0_-100;2;5475_-100;2;5475_-100;2;5475,12.1534246575342,Incidence,6.30246456719584e-10
NbyGQVwzFc_loc12_loop6,12,ITN 0%/IRS 0%/Larvicide 0%,0;0.4;0.4_0;0;0_0;0;0_-100;2;5475_-100;2;5475_-100;2;5475,12.1561643835616,Incidence,6.2837444890707e-10
NbyGQVwzFc_loc12_loop6,12,ITN 0%/IRS 0%/Larvicide 0%,0;0.4;0.4_0;0;0_0;0;0_-100;2;5475_-100;2;5475_-100;2;5475,12.158904109589,Incidence,6.2659226942685e-10
NbyGQVwzFc_loc12_loop6,12,ITN 0%/IRS 0%/Larvicide 0%,0;0.4;0.4_0;0;0_0;0;0_-100;2;5475_-100;2;5475_-100;2;5475,12.1616438356164,Incidence,6.24891917897012e-10
NbyGQVwzFc_loc12_loop6,12,ITN 0%/IRS 0%/Larvicide 0%,0;0.4;0.4_0;0;0_0;0;0_-100;2;5475_-100;2;5475_-100;2;5475,12.1643835616438,Incidence,6.2326608591963e-10
NbyGQVwzFc_loc12_loop6,12,ITN 0%/IRS 0%/Larvicide 0%,0;0.4;0.4_0;0;0_0;0;0_-100;2;5475_-100;2;5475_-100;2;5475,12.1671232876712,Incidence,6.21708100931152e-10
NbyGQVwzFc_loc12_loop6,12,ITN 0%/IRS 0%/Larvicide 0%,0;0.4;0.4_0;0;0_0;0;0_-100;2;5475_-100;2;5475_-100;2;5475,12.1698630136986,Incidence,6.20211876282008e-10
NbyGQVwzFc_loc12_loop6,12,ITN 0%/IRS 0%/Larvicide 0%,0;0.4;0.4_0;0;0_0;0;0_-100;2;5475_-100;2;5475_-100;2;5475,12.172602739726,Incidence,6.18771861590315e-10
NbyGQVwzFc_loc12_loop6,12,ITN 0%/IRS 0%/Larvicide 0%,0;0.4;0.4_0;0;0_0;0;0_-100;2;5475_-100;2;5475_-100;2;5475,12.1753424657534,Incidence,6.17382997707269e-10
NbyGQVwzFc_loc12_loop6,12,ITN 0%/IRS 0%/Larvicide 0%,0;0.4;0.4_0;0;0_0;0;0_-100;2;5475_-100;2;5475_-100;2;5475,12.1780821917808,Incidence,6.16040676175962e-10
NbyGQVwzFc_loc12_loop6,12,ITN 0%/IRS 0%/Larvicide 0%,0;0.4;0.4_0;0;0_0;0;0_-100;2;5475_-100;2;5475_-100;2;5475,12.1808219178082,Incidence,6.14740711266928e-10
NbyGQVwzFc_loc12_loop6,12,ITN 0%/IRS 0%/Larvicide 0%,0;0.4;0.4_0;0;0_0;0;0_-100;2;5475_-100;2;5475_-100;2;5475,12.1835616438356,Incidence,6.13479395488259e-10
NbyGQVwzFc_loc12_loop6,12,ITN 0%/IRS 0%/Larvicide 0%,0;0.4;0.4_0;0;0_0;0;0_-100;2;5475_-100;2;5475_-100;2;5475,12.186301369863,Incidence,6.12253057284047e-10
NbyGQVwzFc_loc12_loop6,12,ITN 0%/IRS 0%/Larvicide 0%,0;0.4;0.4_0;0;0_0;0;0_-100;2;5475_-100;2;5475_-100;2;5475,12.1890410958904,Incidence,6.11057412027502e-10
NbyGQVwzFc_loc12_loop6,12,ITN 0%/IRS 0%/Larvicide 0%,0;0.4;0.4_0;0;0_0;0;0_-100;2;5475_-100;2;5475_-100;2;5475,12.1917808219178,Incidence,6.09888539608323e-10
NbyGQVwzFc_loc12_loop6,12,ITN 0%/IRS 0%/Larvicide 0%,0;0.4;0.4_0;0;0_0;0;0_-100;2;5475_-100;2;5475_-100;2;5475,12.1945205479452,Incidence,6.087430351676e-10
NbyGQVwzFc_loc12_loop6,12,ITN 0%/IRS 0%/Larvicide 0%,0;0.4;0.4_0;0;0_0;0;0_-100;2;5475_-100;2;5475_-100;2;5475,12.1972602739726,Incidence,6.07617936949039e-10
NbyGQVwzFc_loc12_loop6,12,ITN 0%/IRS 0%/Larvicide 0%,0;0.4;0.4_0;0;0_0;0;0_-100;2;5475_-100;2;5475_-100;2;5475,12.2,Incidence,6.06510668067235e-10
NbyGQVwzFc_loc12_loop6,12,ITN 0%/IRS 0%/Larvicide 0%,0;0.4;0.4_0;0;0_0;0;0_-100;2;5475_-100;2;5475_-100;2;5475,12.2027397260274,Incidence,6.0541898999847e-10
NbyGQVwzFc_loc12_loop6,12,ITN 0%/IRS 0%/Larvicide 0%,0;0.4;0.4_0;0;0_0;0;0_-100;2;5475_-100;2;5475_-100;2;5475,12.2054794520548,Incidence,6.04340957599317e-10
NbyGQVwzFc_loc12_loop6,12,ITN 0%/IRS 0%/Larvicide 0%,0;0.4;0.4_0;0;0_0;0;0_-100;2;5475_-100;2;5475_-100;2;5475,12.2082191780822,Incidence,6.03274880776456e-10
NbyGQVwzFc_loc12_loop6,12,ITN 0%/IRS 0%/Larvicide 0%,0;0.4;0.4_0;0;0_0;0;0_-100;2;5475_-100;2;5475_-100;2;5475,12.2109589041096,Incidence,6.02219295732334e-10
NbyGQVwzFc_loc12_loop6,12,ITN 0%/IRS 0%/Larvicide 0%,0;0.4;0.4_0;0;0_0;0;0_-100;2;5475_-100;2;5475_-100;2;5475,12.213698630137,Incidence,6.01172930585217e-10
NbyGQVwzFc_loc12_loop6,12,ITN 0%/IRS 0%/Larvicide 0%,0;0.4;0.4_0;0;0_0;0;0_-100;2;5475_-100;2;5475_-100;2;5475,12.2164383561644,Incidence,6.0013468090467e-10
NbyGQVwzFc_loc12_loop6,12,ITN 0%/IRS 0%/Larvicide 0%,0;0.4;0.4_0;0;0_0;0;0_-100;2;5475_-100;2;5475_-100;2;5475,12.2191780821918,Incidence,5.99103593573498e-10
NbyGQVwzFc_loc12_loop6,12,ITN 0%/IRS 0%/Larvicide 0%,0;0.4;0.4_0;0;0_0;0;0_-100;2;5475_-100;2;5475_-100;2;5475,12.2219178082192,Incidence,5.98078843867768e-10
NbyGQVwzFc_loc12_loop6,12,ITN 0%/IRS 0%/Larvicide 0%,0;0.4;0.4_0;0;0_0;0;0_-100;2;5475_-100;2;5475_-100;2;5475,12.2246575342466,Incidence,5.97059718234079e-10
NbyGQVwzFc_loc12_loop6,12,ITN 0%/IRS 0%/Larvicide 0%,0;0.4;0.4_0;0;0_0;0;0_-100;2;5475_-100;2;5475_-100;2;5475,12.227397260274,Incidence,5.96045601255107e-10
NbyGQVwzFc_loc12_loop6,12,ITN 0%/IRS 0%/Larvicide 0%,0;0.4;0.4_0;0;0_0;0;0_-100;2;5475_-100;2;5475_-100;2;5475,12.2301369863014,Incidence,5.95035961708822e-10
NbyGQVwzFc_loc12_loop6,12,ITN 0%/IRS 0%/Larvicide 0%,0;0.4;0.4_0;0;0_0;0;0_-100;2;5475_-100;2;5475_-100;2;5475,12.2328767123288,Incidence,5.94030344045696e-10
NbyGQVwzFc_loc12_loop6,12,ITN 0%/IRS 0%/Larvicide 0%,0;0.4;0.4_0;0;0_0;0;0_-100;2;5475_-100;2;5475_-100;2;5475,12.2356164383562,Incidence,5.93028360177406e-10
NbyGQVwzFc_loc12_loop6,12,ITN 0%/IRS 0%/Larvicide 0%,0;0.4;0.4_0;0;0_0;0;0_-100;2;5475_-100;2;5475_-100;2;5475,12.2383561643836,Incidence,5.92029674845021e-10
NbyGQVwzFc_loc12_loop6,12,ITN 0%/IRS 0%/Larvicide 0%,0;0.4;0.4_0;0;0_0;0;0_-100;2;5475_-100;2;5475_-100;2;5475,12.241095890411,Incidence,5.91034000362691e-10
NbyGQVwzFc_loc12_loop6,12,ITN 0%/IRS 0%/Larvicide 0%,0;0.4;0.4_0;0;0_0;0;0_-100;2;5475_-100;2;5475_-100;2;5475,12.2438356164384,Incidence,5.90041096949422e-10
NbyGQVwzFc_loc12_loop6,12,ITN 0%/IRS 0%/Larvicide 0%,0;0.4;0.4_0;0;0_0;0;0_-100;2;5475_-100;2;5475_-100;2;5475,12.2465753424658,Incidence,5.89050759865854e-10
NbyGQVwzFc_loc12_loop6,12,ITN 0%/IRS 0%/Larvicide 0%,0;0.4;0.4_0;0;0_0;0;0_-100;2;5475_-100;2;5475_-100;2;5475,12.2493150684932,Incidence,5.88062815794571e-10
NbyGQVwzFc_loc12_loop6,12,ITN 0%/IRS 0%/Larvicide 0%,0;0.4;0.4_0;0;0_0;0;0_-100;2;5475_-100;2;5475_-100;2;5475,12.2520547945205,Incidence,5.8707712096856e-10
NbyGQVwzFc_loc12_loop6,12,ITN 0%/IRS 0%/Larvicide 0%,0;0.4;0.4_0;0;0_0;0;0_-100;2;5475_-100;2;5475_-100;2;5475,12.2547945205479,Incidence,5.86093555266432e-10
NbyGQVwzFc_loc12_loop6,12,ITN 0%/IRS 0%/Larvicide 0%,0;0.4;0.4_0;0;0_0;0;0_-100;2;5475_-100;2;5475_-100;2;5475,12.2575342465753,Incidence,5.85112018896303e-10
NbyGQVwzFc_loc12_loop6,12,ITN 0%/IRS 0%/Larvicide 0%,0;0.4;0.4_0;0;0_0;0;0_-100;2;5475_-100;2;5475_-100;2;5475,12.2602739726027,Incidence,5.8413243034185e-10
NbyGQVwzFc_loc12_loop6,12,ITN 0%/IRS 0%/Larvicide 0%,0;0.4;0.4_0;0;0_0;0;0_-100;2;5475_-100;2;5475_-100;2;5475,12.2630136986301,Incidence,5.83154723310227e-10
NbyGQVwzFc_loc12_loop6,12,ITN 0%/IRS 0%/Larvicide 0%,0;0.4;0.4_0;0;0_0;0;0_-100;2;5475_-100;2;5475_-100;2;5475,12.2657534246575,Incidence,5.82178844417011e-10
NbyGQVwzFc_loc12_loop6,12,ITN 0%/IRS 0%/Larvicide 0%,0;0.4;0.4_0;0;0_0;0;0_-100;2;5475_-100;2;5475_-100;2;5475,12.2684931506849,Incidence,5.81204751510371e-10
NbyGQVwzFc_loc12_loop6,12,ITN 0%/IRS 0%/Larvicide 0%,0;0.4;0.4_0;0;0_0;0;0_-100;2;5475_-100;2;5475_-100;2;5475,12.2712328767123,Incidence,5.80232411894233e-10
NbyGQVwzFc_loc12_loop6,12,ITN 0%/IRS 0%/Larvicide 0%,0;0.4;0.4_0;0;0_0;0;0_-100;2;5475_-100;2;5475_-100;2;5475,12.2739726027397,Incidence,5.79261800846304e-10
NbyGQVwzFc_loc12_loop6,12,ITN 0%/IRS 0%/Larvicide 0%,0;0.4;0.4_0;0;0_0;0;0_-100;2;5475_-100;2;5475_-100;2;5475,12.2767123287671,Incidence,5.78292900419467e-10
NbyGQVwzFc_loc12_loop6,12,ITN 0%/IRS 0%/Larvicide 0%,0;0.4;0.4_0;0;0_0;0;0_-100;2;5475_-100;2;5475_-100;2;5475,12.2794520547945,Incidence,5.77325698130486e-10
NbyGQVwzFc_loc12_loop6,12,ITN 0%/IRS 0%/Larvicide 0%,0;0.4;0.4_0;0;0_0;0;0_-100;2;5475_-100;2;5475_-100;2;5475,12.2821917808219,Incidence,5.76360185701796e-10
NbyGQVwzFc_loc12_loop6,12,ITN 0%/IRS 0%/Larvicide 0%,0;0.4;0.4_0;0;0_0;0;0_-100;2;5475_-100;2;5475_-100;2;5475,12.2849315068493,Incidence,5.75396358060948e-10
NbyGQVwzFc_loc12_loop6,12,ITN 0%/IRS 0%/Larvicide 0%,0;0.4;0.4_0;0;0_0;0;0_-100;2;5475_-100;2;5475_-100;2;5475,12.2876712328767,Incidence,5.74434212528641e-10
NbyGQVwzFc_loc12_loop6,12,ITN 0%/IRS 0%/Larvicide 0%,0;0.4;0.4_0;0;0_0;0;0_-100;2;5475_-100;2;5475_-100;2;5475,12.2904109589041,Incidence,5.73473748170028e-10
NbyGQVwzFc_loc12_loop6,12,ITN 0%/IRS 0%/Larvicide 0%,0;0.4;0.4_0;0;0_0;0;0_-100;2;5475_-100;2;5475_-100;2;5475,12.2931506849315,Incidence,5.72514965289035e-10
NbyGQVwzFc_loc12_loop6,12,ITN 0%/IRS 0%/Larvicide 0%,0;0.4;0.4_0;0;0_0;0;0_-100;2;5475_-100;2;5475_-100;2;5475,12.2958904109589,Incidence,5.71557865029952e-10
NbyGQVwzFc_loc12_loop6,12,ITN 0%/IRS 0%/Larvicide 0%,0;0.4;0.4_0;0;0_0;0;0_-100;2;5475_-100;2;5475_-100;2;5475,12.2986301369863,Incidence,5.70602449066642e-10
NbyGQVwzFc_loc12_loop6,12,ITN 0%/IRS 0%/Larvicide 0%,0;0.4;0.4_0;0;0_0;0;0_-100;2;5475_-100;2;5475_-100;2;5475,12.3013698630137,Incidence,5.69648719365784e-10
NbyGQVwzFc_loc12_loop6,12,ITN 0%/IRS 0%/Larvicide 0%,0;0.4;0.4_0;0;0_0;0;0_-100;2;5475_-100;2;5475_-100;2;5475,12.3041095890411,Incidence,5.68696679120924e-10
NbyGQVwzFc_loc12_loop6,12,ITN 0%/IRS 0%/Larvicide 0%,0;0.4;0.4_0;0;0_0;0;0_-100;2;5475_-100;2;5475_-100;2;5475,12.3068493150685,Incidence,5.67746326764005e-10
NbyGQVwzFc_loc12_loop6,12,ITN 0%/IRS 0%/Larvicide 0%,0;0.4;0.4_0;0;0_0;0;0_-100;2;5475_-100;2;5475_-100;2;5475,12.3095890410959,Incidence,5.66797667042236e-10
NbyGQVwzFc_loc12_loop6,12,ITN 0%/IRS 0%/Larvicide 0%,0;0.4;0.4_0;0;0_0;0;0_-100;2;5475_-100;2;5475_-100;2;5475,12.3123287671233,Incidence,5.65850701325505e-10
NbyGQVwzFc_loc12_loop6,12,ITN 0%/IRS 0%/Larvicide 0%,0;0.4;0.4_0;0;0_0;0;0_-100;2;5475_-100;2;5475_-100;2;5475,12.3150684931507,Incidence,5.64905432523821e-10
NbyGQVwzFc_loc12_loop6,12,ITN 0%/IRS 0%/Larvicide 0%,0;0.4;0.4_0;0;0_0;0;0_-100;2;5475_-100;2;5475_-100;2;5475,12.3178082191781,Incidence,5.63961861132344e-10
NbyGQVwzFc_loc12_loop6,12,ITN 0%/IRS 0%/Larvicide 0%,0;0.4;0.4_0;0;0_0;0;0_-100;2;5475_-100;2;5475_-100;2;5475,12.3205479452055,Incidence,5.63019987464026e-10
NbyGQVwzFc_loc12_loop6,12,ITN 0%/IRS 0%/Larvicide 0%,0;0.4;0.4_0;0;0_0;0;0_-100;2;5475_-100;2;5475_-100;2;5475,12.3232876712329,Incidence,5.62079811990122e-10
NbyGQVwzFc_loc12_loop6,12,ITN 0%/IRS 0%/Larvicide 0%,0;0.4;0.4_0;0;0_0;0;0_-100;2;5475_-100;2;5475_-100;2;5475,12.3260273972603,Incidence,5.61141333331596e-10
NbyGQVwzFc_loc12_loop6,12,ITN 0%/IRS 0%/Larvicide 0%,0;0.4;0.4_0;0;0_0;0;0_-100;2;5475_-100;2;5475_-100;2;5475,12.3287671232877,Incidence,5.60204553231228e-10
NbyGQVwzFc_loc12_loop6,12,ITN 0%/IRS 0%/Larvicide 0%,0;0.4;0.4_0;0;0_0;0;0_-100;2;5475_-100;2;5475_-100;2;5475,12.3315068493151,Incidence,5.59269476352722e-10
NbyGQVwzFc_loc12_loop6,12,ITN 0%/IRS 0%/Larvicide 0%,0;0.4;0.4_0;0;0_0;0;0_-100;2;5475_-100;2;5475_-100;2;5475,12.3342465753425,Incidence,5.58336095177372e-10
NbyGQVwzFc_loc12_loop6,12,ITN 0%/IRS 0%/Larvicide 0%,0;0.4;0.4_0;0;0_0;0;0_-100;2;5475_-100;2;5475_-100;2;5475,12.3369863013699,Incidence,5.57404410098982e-10
NbyGQVwzFc_loc12_loop6,12,ITN 0%/IRS 0%/Larvicide 0%,0;0.4;0.4_0;0;0_0;0;0_-100;2;5475_-100;2;5475_-100;2;5475,12.3397260273973,Incidence,5.56474429004061e-10
NbyGQVwzFc_loc12_loop6,12,ITN 0%/IRS 0%/Larvicide 0%,0;0.4;0.4_0;0;0_0;0;0_-100;2;5475_-100;2;5475_-100;2;5475,12.3424657534247,Incidence,5.55546136688432e-10
NbyGQVwzFc_loc12_loop6,12,ITN 0%/IRS 0%/Larvicide 0%,0;0.4;0.4_0;0;0_0;0;0_-100;2;5475_-100;2;5475_-100;2;5475,12.3452054794521,Incidence,5.54619528068021e-10
NbyGQVwzFc_loc12_loop6,12,ITN 0%/IRS 0%/Larvicide 0%,0;0.4;0.4_0;0;0_0;0;0_-100;2;5475_-100;2;5475_-100;2;5475,12.3479452054795,Incidence,5.53694607786323e-10
NbyGQVwzFc_loc12_loop6,12,ITN 0%/IRS 0%/Larvicide 0%,0;0.4;0.4_0;0;0_0;0;0_-100;2;5475_-100;2;5475_-100;2;5475,12.3506849315069,Incidence,5.52771375847181e-10
NbyGQVwzFc_loc12_loop6,12,ITN 0%/IRS 0%/Larvicide 0%,0;0.4;0.4_0;0;0_0;0;0_-100;2;5475_-100;2;5475_-100;2;5475,12.3534246575342,Incidence,5.51849836710798e-10
NbyGQVwzFc_loc12_loop6,12,ITN 0%/IRS 0%/Larvicide 0%,0;0.4;0.4_0;0;0_0;0;0_-100;2;5475_-100;2;5475_-100;2;5475,12.3561643835616,Incidence,5.50929984293742e-10
NbyGQVwzFc_loc12_loop6,12,ITN 0%/IRS 0%/Larvicide 0%,0;0.4;0.4_0;0;0_0;0;0_-100;2;5475_-100;2;5475_-100;2;5475,12.358904109589,Incidence,5.50011819711026e-10
NbyGQVwzFc_loc12_loop6,12,ITN 0%/IRS 0%/Larvicide 0%,0;0.4;0.4_0;0;0_0;0;0_-100;2;5475_-100;2;5475_-100;2;5475,12.3616438356164,Incidence,5.49095334342947e-10
NbyGQVwzFc_loc12_loop6,12,ITN 0%/IRS 0%/Larvicide 0%,0;0.4;0.4_0;0;0_0;0;0_-100;2;5475_-100;2;5475_-100;2;5475,12.3643835616438,Incidence,5.48180553295827e-10
NbyGQVwzFc_loc12_loop6,12,ITN 0%/IRS 0%/Larvicide 0%,0;0.4;0.4_0;0;0_0;0;0_-100;2;5475_-100;2;5475_-100;2;5475,12.3671232876712,Incidence,5.47267446801778e-10
NbyGQVwzFc_loc12_loop6,12,ITN 0%/IRS 0%/Larvicide 0%,0;0.4;0.4_0;0;0_0;0;0_-100;2;5475_-100;2;5475_-100;2;5475,12.3698630136986,Incidence,5.4635602284681e-10
NbyGQVwzFc_loc12_loop6,12,ITN 0%/IRS 0%/Larvicide 0%,0;0.4;0.4_0;0;0_0;0;0_-100;2;5475_-100;2;5475_-100;2;5475,12.372602739726,Incidence,5.45446279275729e-10
NbyGQVwzFc_loc12_loop6,12,ITN 0%/IRS 0%/Larvicide 0%,0;0.4;0.4_0;0;0_0;0;0_-100;2;5475_-100;2;5475_-100;2;5475,12.3753424657534,Incidence,5.44538209516643e-10
NbyGQVwzFc_loc12_loop6,12,ITN 0%/IRS 0%/Larvicide 0%,0;0.4;0.4_0;0;0_0;0;0_-100;2;5475_-100;2;5475_-100;2;5475,12.3780821917808,Incidence,5.43631809548221e-10
NbyGQVwzFc_loc12_loop6,12,ITN 0%/IRS 0%/Larvicide 0%,0;0.4;0.4_0;0;0_0;0;0_-100;2;5475_-100;2;5475_-100;2;5475,12.3808219178082,Incidence,5.42727083685034e-10
NbyGQVwzFc_loc12_loop6,12,ITN 0%/IRS 0%/Larvicide 0%,0;0.4;0.4_0;0;0_0;0;0_-100;2;5475_-100;2;5475_-100;2;5475,12.3835616438356,Incidence,5.41824029697924e-10
NbyGQVwzFc_loc12_loop6,12,ITN 0%/IRS 0%/Larvicide 0%,0;0.4;0.4_0;0;0_0;0;0_-100;2;5475_-100;2;5475_-100;2;5475,12.386301369863,Incidence,5.40922642957589e-10
NbyGQVwzFc_loc12_loop6,12,ITN 0%/IRS 0%/Larvicide 0%,0;0.4;0.4_0;0;0_0;0;0_-100;2;5475_-100;2;5475_-100;2;5475,12.3890410958904,Incidence,5.40022924542466e-10
NbyGQVwzFc_loc12_loop6,12,ITN 0%/IRS 0%/Larvicide 0%,0;0.4;0.4_0;0;0_0;0;0_-100;2;5475_-100;2;5475_-100;2;5475,12.3917808219178,Incidence,5.39124874234859e-10
NbyGQVwzFc_loc12_loop6,12,ITN 0%/IRS 0%/Larvicide 0%,0;0.4;0.4_0;0;0_0;0;0_-100;2;5475_-100;2;5475_-100;2;5475,12.3945205479452,Incidence,5.38228492624685e-10
NbyGQVwzFc_loc12_loop6,12,ITN 0%/IRS 0%/Larvicide 0%,0;0.4;0.4_0;0;0_0;0;0_-100;2;5475_-100;2;5475_-100;2;5475,12.3972602739726,Incidence,5.37333780339491e-10
NbyGQVwzFc_loc12_loop6,12,ITN 0%/IRS 0%/Larvicide 0%,0;0.4;0.4_0;0;0_0;0;0_-100;2;5475_-100;2;5475_-100;2;5475,12.4,Incidence,5.36440737850874e-10
NbyGQVwzFc_loc12_loop6,12,ITN 0%/IRS 0%/Larvicide 0%,0;0.4;0.4_0;0;0_0;0;0_-100;2;5475_-100;2;5475_-100;2;5475,12.4027397260274,Incidence,5.35549370955876e-10
NbyGQVwzFc_loc12_loop6,12,ITN 0%/IRS 0%/Larvicide 0%,0;0.4;0.4_0;0;0_0;0;0_-100;2;5475_-100;2;5475_-100;2;5475,12.4054794520548,Incidence,5.3465967815381e-10
NbyGQVwzFc_loc12_loop6,12,ITN 0%/IRS 0%/Larvicide 0%,0;0.4;0.4_0;0;0_0;0;0_-100;2;5475_-100;2;5475_-100;2;5475,12.4082191780822,Incidence,5.33771653574431e-10
NbyGQVwzFc_loc12_loop6,12,ITN 0%/IRS 0%/Larvicide 0%,0;0.4;0.4_0;0;0_0;0;0_-100;2;5475_-100;2;5475_-100;2;5475,12.4109589041096,Incidence,5.32885303996641e-10
NbyGQVwzFc_loc12_loop6,12,ITN 0%/IRS 0%/Larvicide 0%,0;0.4;0.4_0;0;0_0;0;0_-100;2;5475_-100;2;5475_-100;2;5475,12.413698630137,Incidence,5.32000627380455e-10
NbyGQVwzFc_loc12_loop6,12,ITN 0%/IRS 0%/Larvicide 0%,0;0.4;0.4_0;0;0_0;0;0_-100;2;5475_-100;2;5475_-100;2;5475,12.4164383561644,Incidence,5.31117617631328e-10
NbyGQVwzFc_loc12_loop6,12,ITN 0%/IRS 0%/Larvicide 0%,0;0.4;0.4_0;0;0_0;0;0_-100;2;5475_-100;2;5475_-100;2;5475,12.4191780821918,Incidence,5.30236282489332e-10
NbyGQVwzFc_loc12_loop6,12,ITN 0%/IRS 0%/Larvicide 0%,0;0.4;0.4_0;0;0_0;0;0_-100;2;5475_-100;2;5475_-100;2;5475,12.4219178082192,Incidence,5.29356620061812e-10
NbyGQVwzFc_loc12_loop6,12,ITN 0%/IRS 0%/Larvicide 0%,0;0.4;0.4_0;0;0_0;0;0_-100;2;5475_-100;2;5475_-100;2;5475,12.4246575342466,Incidence,5.28478624358388e-10
NbyGQVwzFc_loc12_loop6,12,ITN 0%/IRS 0%/Larvicide 0%,0;0.4;0.4_0;0;0_0;0;0_-100;2;5475_-100;2;5475_-100;2;5475,12.427397260274,Incidence,5.27602303691543e-10
NbyGQVwzFc_loc12_loop6,12,ITN 0%/IRS 0%/Larvicide 0%,0;0.4;0.4_0;0;0_0;0;0_-100;2;5475_-100;2;5475_-100;2;5475,12.4301369863014,Incidence,5.26727662868587e-10
NbyGQVwzFc_loc12_loop6,12,ITN 0%/IRS 0%/Larvicide 0%,0;0.4;0.4_0;0;0_0;0;0_-100;2;5475_-100;2;5475_-100;2;5475,12.4328767123288,Incidence,5.25854693511833e-10
NbyGQVwzFc_loc12_loop6,12,ITN 0%/IRS 0%/Larvicide 0%,0;0.4;0.4_0;0;0_0;0;0_-100;2;5475_-100;2;5475_-100;2;5475,12.4356164383562,Incidence,5.2498339046964e-10
NbyGQVwzFc_loc12_loop6,12,ITN 0%/IRS 0%/Larvicide 0%,0;0.4;0.4_0;0;0_0;0;0_-100;2;5475_-100;2;5475_-100;2;5475,12.4383561643836,Incidence,5.24113762073182e-10
NbyGQVwzFc_loc12_loop6,12,ITN 0%/IRS 0%/Larvicide 0%,0;0.4;0.4_0;0;0_0;0;0_-100;2;5475_-100;2;5475_-100;2;5475,12.441095890411,Incidence,5.23245813795425e-10
NbyGQVwzFc_loc12_loop6,12,ITN 0%/IRS 0%/Larvicide 0%,0;0.4;0.4_0;0;0_0;0;0_-100;2;5475_-100;2;5475_-100;2;5475,12.4438356164384,Incidence,5.22379537519499e-10
NbyGQVwzFc_loc12_loop6,12,ITN 0%/IRS 0%/Larvicide 0%,0;0.4;0.4_0;0;0_0;0;0_-100;2;5475_-100;2;5475_-100;2;5475,12.4465753424658,Incidence,5.21514935100121e-10
NbyGQVwzFc_loc12_loop6,12,ITN 0%/IRS 0%/Larvicide 0%,0;0.4;0.4_0;0;0_0;0;0_-100;2;5475_-100;2;5475_-100;2;5475,12.4493150684932,Incidence,5.20652013252288e-10
NbyGQVwzFc_loc12_loop6,12,ITN 0%/IRS 0%/Larvicide 0%,0;0.4;0.4_0;0;0_0;0;0_-100;2;5475_-100;2;5475_-100;2;5475,12.4520547945205,Incidence,5.19790762760704e-10
NbyGQVwzFc_loc12_loop6,12,ITN 0%/IRS 0%/Larvicide 0%,0;0.4;0.4_0;0;0_0;0;0_-100;2;5475_-100;2;5475_-100;2;5475,12.4547945205479,Incidence,5.18931186018218e-10
NbyGQVwzFc_loc12_loop6,12,ITN 0%/IRS 0%/Larvicide 0%,0;0.4;0.4_0;0;0_0;0;0_-100;2;5475_-100;2;5475_-100;2;5475,12.4575342465753,Incidence,5.18073291050252e-10
NbyGQVwzFc_loc12_loop6,12,ITN 0%/IRS 0%/Larvicide 0%,0;0.4;0.4_0;0;0_0;0;0_-100;2;5475_-100;2;5475_-100;2;5475,12.4602739726027,Incidence,5.17217068530205e-10
NbyGQVwzFc_loc12_loop6,12,ITN 0%/IRS 0%/Larvicide 0%,0;0.4;0.4_0;0;0_0;0;0_-100;2;5475_-100;2;5475_-100;2;5475,12.4630136986301,Incidence,5.16362521243536e-10
NbyGQVwzFc_loc12_loop6,12,ITN 0%/IRS 0%/Larvicide 0%,0;0.4;0.4_0;0;0_0;0;0_-100;2;5475_-100;2;5475_-100;2;5475,12.4657534246575,Incidence,5.15509658052672e-10
NbyGQVwzFc_loc12_loop6,12,ITN 0%/IRS 0%/Larvicide 0%,0;0.4;0.4_0;0;0_0;0;0_-100;2;5475_-100;2;5475_-100;2;5475,12.4684931506849,Incidence,5.14658469430138e-10
NbyGQVwzFc_loc12_loop6,12,ITN 0%/IRS 0%/Larvicide 0%,0;0.4;0.4_0;0;0_0;0;0_-100;2;5475_-100;2;5475_-100;2;5475,12.4712328767123,Incidence,5.13808958744171e-10
NbyGQVwzFc_loc12_loop6,12,ITN 0%/IRS 0%/Larvicide 0%,0;0.4;0.4_0;0;0_0;0;0_-100;2;5475_-100;2;5475_-100;2;5475,12.4739726027397,Incidence,5.12961135432738e-10
NbyGQVwzFc_loc12_loop6,12,ITN 0%/IRS 0%/Larvicide 0%,0;0.4;0.4_0;0;0_0;0;0_-100;2;5475_-100;2;5475_-100;2;5475,12.4767123287671,Incidence,5.12114998187913e-10
NbyGQVwzFc_loc12_loop6,12,ITN 0%/IRS 0%/Larvicide 0%,0;0.4;0.4_0;0;0_0;0;0_-100;2;5475_-100;2;5475_-100;2;5475,12.4794520547945,Incidence,5.11270547800485e-10
NbyGQVwzFc_loc12_loop6,12,ITN 0%/IRS 0%/Larvicide 0%,0;0.4;0.4_0;0;0_0;0;0_-100;2;5475_-100;2;5475_-100;2;5475,12.4821917808219,Incidence,5.10427784226879e-10
NbyGQVwzFc_loc12_loop6,12,ITN 0%/IRS 0%/Larvicide 0%,0;0.4;0.4_0;0;0_0;0;0_-100;2;5475_-100;2;5475_-100;2;5475,12.4849315068493,Incidence,5.09586707060612e-10
NbyGQVwzFc_loc12_loop6,12,ITN 0%/IRS 0%/Larvicide 0%,0;0.4;0.4_0;0;0_0;0;0_-100;2;5475_-100;2;5475_-100;2;5475,12.4876712328767,Incidence,5.08747316803317e-10
NbyGQVwzFc_loc12_loop6,12,ITN 0%/IRS 0%/Larvicide 0%,0;0.4;0.4_0;0;0_0;0;0_-100;2;5475_-100;2;5475_-100;2;5475,12.4904109589041,Incidence,5.07909614019832e-10
NbyGQVwzFc_loc12_loop6,12,ITN 0%/IRS 0%/Larvicide 0%,0;0.4;0.4_0;0;0_0;0;0_-100;2;5475_-100;2;5475_-100;2;5475,12.4931506849315,Incidence,5.07073599362673e-10
NbyGQVwzFc_loc12_loop6,12,ITN 0%/IRS 0%/Larvicide 0%,0;0.4;0.4_0;0;0_0;0;0_-100;2;5475_-100;2;5475_-100;2;5475,12.4958904109589,Incidence,5.06239273829768e-10
NbyGQVwzFc_loc12_loop6,12,ITN 0%/IRS 0%/Larvicide 0%,0;0.4;0.4_0;0;0_0;0;0_-100;2;5475_-100;2;5475_-100;2;5475,12.4986301369863,Incidence,5.05406637852646e-10
NbyGQVwzFc_loc12_loop6,12,ITN 0%/IRS 0%/Larvicide 0%,0;0.4;0.4_0;0;0_0;0;0_-100;2;5475_-100;2;5475_-100;2;5475,12.5013698630137,Incidence,5.04575693606337e-10
NbyGQVwzFc_loc12_loop6,12,ITN 0%/IRS 0%/Larvicide 0%,0;0.4;0.4_0;0;0_0;0;0_-100;2;5475_-100;2;5475_-100;2;5475,12.5041095890411,Incidence,5.03746442075531e-10
NbyGQVwzFc_loc12_loop6,12,ITN 0%/IRS 0%/Larvicide 0%,0;0.4;0.4_0;0;0_0;0;0_-100;2;5475_-100;2;5475_-100;2;5475,12.5068493150685,Incidence,5.02918885712913e-10
NbyGQVwzFc_loc12_loop6,12,ITN 0%/IRS 0%/Larvicide 0%,0;0.4;0.4_0;0;0_0;0;0_-100;2;5475_-100;2;5475_-100;2;5475,12.5095890410959,Incidence,5.02093025222965e-10
NbyGQVwzFc_loc12_loop6,12,ITN 0%/IRS 0%/Larvicide 0%,0;0.4;0.4_0;0;0_0;0;0_-100;2;5475_-100;2;5475_-100;2;5475,12.5123287671233,Incidence,5.01268862601762e-10
NbyGQVwzFc_loc12_loop6,12,ITN 0%/IRS 0%/Larvicide 0%,0;0.4;0.4_0;0;0_0;0;0_-100;2;5475_-100;2;5475_-100;2;5475,12.5150684931507,Incidence,5.00446400837778e-10
NbyGQVwzFc_loc12_loop6,12,ITN 0%/IRS 0%/Larvicide 0%,0;0.4;0.4_0;0;0_0;0;0_-100;2;5475_-100;2;5475_-100;2;5475,12.5178082191781,Incidence,4.99625634500033e-10
NbyGQVwzFc_loc12_loop6,12,ITN 0%/IRS 0%/Larvicide 0%,0;0.4;0.4_0;0;0_0;0;0_-100;2;5475_-100;2;5475_-100;2;5475,12.5205479452055,Incidence,4.98806563082201e-10
NbyGQVwzFc_loc12_loop6,12,ITN 0%/IRS 0%/Larvicide 0%,0;0.4;0.4_0;0;0_0;0;0_-100;2;5475_-100;2;5475_-100;2;5475,12.5232876712329,Incidence,4.97989180301219e-10
NbyGQVwzFc_loc12_loop6,12,ITN 0%/IRS 0%/Larvicide 0%,0;0.4;0.4_0;0;0_0;0;0_-100;2;5475_-100;2;5475_-100;2;5475,12.5260273972603,Incidence,4.97173494662439e-10
NbyGQVwzFc_loc12_loop6,12,ITN 0%/IRS 0%/Larvicide 0%,0;0.4;0.4_0;0;0_0;0;0_-100;2;5475_-100;2;5475_-100;2;5475,12.5287671232877,Incidence,4.96359511316505e-10
NbyGQVwzFc_loc12_loop6,12,ITN 0%/IRS 0%/Larvicide 0%,0;0.4;0.4_0;0;0_0;0;0_-100;2;5475_-100;2;5475_-100;2;5475,12.5315068493151,Incidence,4.95547225393168e-10
NbyGQVwzFc_loc12_loop6,12,ITN 0%/IRS 0%/Larvicide 0%,0;0.4;0.4_0;0;0_0;0;0_-100;2;5475_-100;2;5475_-100;2;5475,12.5342465753425,Incidence,4.9473664364913e-10
NbyGQVwzFc_loc12_loop6,12,ITN 0%/IRS 0%/Larvicide 0%,0;0.4;0.4_0;0;0_0;0;0_-100;2;5475_-100;2;5475_-100;2;5475,12.5369863013699,Incidence,4.93927776714459e-10
NbyGQVwzFc_loc12_loop6,12,ITN 0%/IRS 0%/Larvicide 0%,0;0.4;0.4_0;0;0_0;0;0_-100;2;5475_-100;2;5475_-100;2;5475,12.5397260273973,Incidence,4.93120619095397e-10
NbyGQVwzFc_loc12_loop6,12,ITN 0%/IRS 0%/Larvicide 0%,0;0.4;0.4_0;0;0_0;0;0_-100;2;5475_-100;2;5475_-100;2;5475,12.5424657534247,Incidence,4.92315172878629e-10
NbyGQVwzFc_loc12_loop6,12,ITN 0%/IRS 0%/Larvicide 0%,0;0.4;0.4_0;0;0_0;0;0_-100;2;5475_-100;2;5475_-100;2;5475,12.5452054794521,Incidence,4.91511452698563e-10
NbyGQVwzFc_loc12_loop6,12,ITN 0%/IRS 0%/Larvicide 0%,0;0.4;0.4_0;0;0_0;0;0_-100;2;5475_-100;2;5475_-100;2;5475,12.5479452054795,Incidence,4.90709470165674e-10
NbyGQVwzFc_loc12_loop6,12,ITN 0%/IRS 0%/Larvicide 0%,0;0.4;0.4_0;0;0_0;0;0_-100;2;5475_-100;2;5475_-100;2;5475,12.5506849315068,Incidence,4.89909219024445e-10
NbyGQVwzFc_loc12_loop6,12,ITN 0%/IRS 0%/Larvicide 0%,0;0.4;0.4_0;0;0_0;0;0_-100;2;5475_-100;2;5475_-100;2;5475,12.5534246575342,Incidence,4.89110712893945e-10
NbyGQVwzFc_loc12_loop6,12,ITN 0%/IRS 0%/Larvicide 0%,0;0.4;0.4_0;0;0_0;0;0_-100;2;5475_-100;2;5475_-100;2;5475,12.5561643835616,Incidence,4.88313950219047e-10
NbyGQVwzFc_loc12_loop6,12,ITN 0%/IRS 0%/Larvicide 0%,0;0.4;0.4_0;0;0_0;0;0_-100;2;5475_-100;2;5475_-100;2;5475,12.558904109589,Incidence,4.87518914650658e-10
NbyGQVwzFc_loc12_loop6,12,ITN 0%/IRS 0%/Larvicide 0%,0;0.4;0.4_0;0;0_0;0;0_-100;2;5475_-100;2;5475_-100;2;5475,12.5616438356164,Incidence,4.86725614730957e-10
NbyGQVwzFc_loc12_loop6,12,ITN 0%/IRS 0%/Larvicide 0%,0;0.4;0.4_0;0;0_0;0;0_-100;2;5475_-100;2;5475_-100;2;5475,12.5643835616438,Incidence,4.85934043232717e-10
NbyGQVwzFc_loc12_loop6,12,ITN 0%/IRS 0%/Larvicide 0%,0;0.4;0.4_0;0;0_0;0;0_-100;2;5475_-100;2;5475_-100;2;5475,12.5671232876712,Incidence,4.85144201026734e-10
NbyGQVwzFc_loc12_loop6,12,ITN 0%/IRS 0%/Larvicide 0%,0;0.4;0.4_0;0;0_0;0;0_-100;2;5475_-100;2;5475_-100;2;5475,12.5698630136986,Incidence,4.84356100563566e-10
NbyGQVwzFc_loc12_loop6,12,ITN 0%/IRS 0%/Larvicide 0%,0;0.4;0.4_0;0;0_0;0;0_-100;2;5475_-100;2;5475_-100;2;5475,12.572602739726,Incidence,4.83569733569405e-10
NbyGQVwzFc_loc12_loop6,12,ITN 0%/IRS 0%/Larvicide 0%,0;0.4;0.4_0;0;0_0;0;0_-100;2;5475_-100;2;5475_-100;2;5475,12.5753424657534,Incidence,4.8278511062998e-10
NbyGQVwzFc_loc12_loop6,12,ITN 0%/IRS 0%/Larvicide 0%,0;0.4;0.4_0;0;0_0;0;0_-100;2;5475_-100;2;5475_-100;2;5475,12.5780821917808,Incidence,4.82002234092422e-10
NbyGQVwzFc_loc12_loop6,12,ITN 0%/IRS 0%/Larvicide 0%,0;0.4;0.4_0;0;0_0;0;0_-100;2;5475_-100;2;5475_-100;2;5475,12.5808219178082,Incidence,4.81221108675483e-10
NbyGQVwzFc_loc12_loop6,12,ITN 0%/IRS 0%/Larvicide 0%,0;0.4;0.4_0;0;0_0;0;0_-100;2;5475_-100;2;5475_-100;2;5475,12.5835616438356,Incidence,4.80441741173425e-10
NbyGQVwzFc_loc12_loop6,12,ITN 0%/IRS 0%/Larvicide 0%,0;0.4;0.4_0;0;0_0;0;0_-100;2;5475_-100;2;5475_-100;2;5475,12.586301369863,Incidence,4.796641373156e-10
NbyGQVwzFc_loc12_loop6,12,ITN 0%/IRS 0%/Larvicide 0%,0;0.4;0.4_0;0;0_0;0;0_-100;2;5475_-100;2;5475_-100;2;5475,12.5890410958904,Incidence,4.7888829679276e-10
NbyGQVwzFc_loc12_loop6,12,ITN 0%/IRS 0%/Larvicide 0%,0;0.4;0.4_0;0;0_0;0;0_-100;2;5475_-100;2;5475_-100;2;5475,12.5917808219178,Incidence,4.78114215894001e-10
NbyGQVwzFc_loc12_loop6,12,ITN 0%/IRS 0%/Larvicide 0%,0;0.4;0.4_0;0;0_0;0;0_-100;2;5475_-100;2;5475_-100;2;5475,12.5945205479452,Incidence,4.77341897063355e-10
NbyGQVwzFc_loc12_loop6,12,ITN 0%/IRS 0%/Larvicide 0%,0;0.4;0.4_0;0;0_0;0;0_-100;2;5475_-100;2;5475_-100;2;5475,12.5972602739726,Incidence,4.76571341795945e-10
NbyGQVwzFc_loc12_loop6,12,ITN 0%/IRS 0%/Larvicide 0%,0;0.4;0.4_0;0;0_0;0;0_-100;2;5475_-100;2;5475_-100;2;5475,12.6,Incidence,4.75802552464587e-10
NbyGQVwzFc_loc12_loop6,12,ITN 0%/IRS 0%/Larvicide 0%,0;0.4;0.4_0;0;0_0;0;0_-100;2;5475_-100;2;5475_-100;2;5475,12.6027397260274,Incidence,4.75035539035072e-10
NbyGQVwzFc_loc12_loop6,12,ITN 0%/IRS 0%/Larvicide 0%,0;0.4;0.4_0;0;0_0;0;0_-100;2;5475_-100;2;5475_-100;2;5475,12.6054794520548,Incidence,4.74270324180219e-10
NbyGQVwzFc_loc12_loop6,12,ITN 0%/IRS 0%/Larvicide 0%,0;0.4;0.4_0;0;0_0;0;0_-100;2;5475_-100;2;5475_-100;2;5475,12.6082191780822,Incidence,4.73506912089836e-10
NbyGQVwzFc_loc12_loop6,12,ITN 0%/IRS 0%/Larvicide 0%,0;0.4;0.4_0;0;0_0;0;0_-100;2;5475_-100;2;5475_-100;2;5475,12.6109589041096,Incidence,4.7274531181917e-10
NbyGQVwzFc_loc12_loop6,12,ITN 0%/IRS 0%/Larvicide 0%,0;0.4;0.4_0;0;0_0;0;0_-100;2;5475_-100;2;5475_-100;2;5475,12.613698630137,Incidence,4.71985521420436e-10
NbyGQVwzFc_loc12_loop6,12,ITN 0%/IRS 0%/Larvicide 0%,0;0.4;0.4_0;0;0_0;0;0_-100;2;5475_-100;2;5475_-100;2;5475,12.6164383561644,Incidence,4.71227539315025e-10
NbyGQVwzFc_loc12_loop6,12,ITN 0%/IRS 0%/Larvicide 0%,0;0.4;0.4_0;0;0_0;0;0_-100;2;5475_-100;2;5475_-100;2;5475,12.6191780821918,Incidence,4.70471367407658e-10
NbyGQVwzFc_loc12_loop6,12,ITN 0%/IRS 0%/Larvicide 0%,0;0.4;0.4_0;0;0_0;0;0_-100;2;5475_-100;2;5475_-100;2;5475,12.6219178082192,Incidence,4.69717006303418e-10
NbyGQVwzFc_loc12_loop6,12,ITN 0%/IRS 0%/Larvicide 0%,0;0.4;0.4_0;0;0_0;0;0_-100;2;5475_-100;2;5475_-100;2;5475,12.6246575342466,Incidence,4.68964458786749e-10
NbyGQVwzFc_loc12_loop6,12,ITN 0%/IRS 0%/Larvicide 0%,0;0.4;0.4_0;0;0_0;0;0_-100;2;5475_-100;2;5475_-100;2;5475,12.627397260274,Incidence,4.68213728766527e-10
NbyGQVwzFc_loc12_loop6,12,ITN 0%/IRS 0%/Larvicide 0%,0;0.4;0.4_0;0;0_0;0;0_-100;2;5475_-100;2;5475_-100;2;5475,12.6301369863014,Incidence,4.67464819848383e-10
NbyGQVwzFc_loc12_loop6,12,ITN 0%/IRS 0%/Larvicide 0%,0;0.4;0.4_0;0;0_0;0;0_-100;2;5475_-100;2;5475_-100;2;5475,12.6328767123288,Incidence,4.66717735307995e-10
NbyGQVwzFc_loc12_loop6,12,ITN 0%/IRS 0%/Larvicide 0%,0;0.4;0.4_0;0;0_0;0;0_-100;2;5475_-100;2;5475_-100;2;5475,12.6356164383562,Incidence,4.65972479998392e-10
NbyGQVwzFc_loc12_loop6,12,ITN 0%/IRS 0%/Larvicide 0%,0;0.4;0.4_0;0;0_0;0;0_-100;2;5475_-100;2;5475_-100;2;5475,12.6383561643836,Incidence,4.65229058691528e-10
NbyGQVwzFc_loc12_loop6,12,ITN 0%/IRS 0%/Larvicide 0%,0;0.4;0.4_0;0;0_0;0;0_-100;2;5475_-100;2;5475_-100;2;5475,12.641095890411,Incidence,4.64487476334288e-10
NbyGQVwzFc_loc12_loop6,12,ITN 0%/IRS 0%/Larvicide 0%,0;0.4;0.4_0;0;0_0;0;0_-100;2;5475_-100;2;5475_-100;2;5475,12.6438356164384,Incidence,4.63747738275677e-10
NbyGQVwzFc_loc12_loop6,12,ITN 0%/IRS 0%/Larvicide 0%,0;0.4;0.4_0;0;0_0;0;0_-100;2;5475_-100;2;5475_-100;2;5475,12.6465753424658,Incidence,4.63009858149895e-10
NbyGQVwzFc_loc12_loop6,12,ITN 0%/IRS 0%/Larvicide 0%,0;0.4;0.4_0;0;0_0;0;0_-100;2;5475_-100;2;5475_-100;2;5475,12.6493150684932,Incidence,4.62273875018784e-10
NbyGQVwzFc_loc12_loop6,12,ITN 0%/IRS 0%/Larvicide 0%,0;0.4;0.4_0;0;0_0;0;0_-100;2;5475_-100;2;5475_-100;2;5475,12.6520547945205,Incidence,4.61539792671646e-10
NbyGQVwzFc_loc12_loop6,12,ITN 0%/IRS 0%/Larvicide 0%,0;0.4;0.4_0;0;0_0;0;0_-100;2;5475_-100;2;5475_-100;2;5475,12.6547945205479,Incidence,4.60807605228111e-10
NbyGQVwzFc_loc12_loop6,12,ITN 0%/IRS 0%/Larvicide 0%,0;0.4;0.4_0;0;0_0;0;0_-100;2;5475_-100;2;5475_-100;2;5475,12.6575342465753,Incidence,4.60077316478504e-10
NbyGQVwzFc_loc12_loop6,12,ITN 0%/IRS 0%/Larvicide 0%,0;0.4;0.4_0;0;0_0;0;0_-100;2;5475_-100;2;5475_-100;2;5475,12.6602739726027,Incidence,4.59348929964329e-10
NbyGQVwzFc_loc12_loop6,12,ITN 0%/IRS 0%/Larvicide 0%,0;0.4;0.4_0;0;0_0;0;0_-100;2;5475_-100;2;5475_-100;2;5475,12.6630136986301,Incidence,4.58622448163378e-10
NbyGQVwzFc_loc12_loop6,12,ITN 0%/IRS 0%/Larvicide 0%,0;0.4;0.4_0;0;0_0;0;0_-100;2;5475_-100;2;5475_-100;2;5475,12.6657534246575,Incidence,4.57897875506928e-10
NbyGQVwzFc_loc12_loop6,12,ITN 0%/IRS 0%/Larvicide 0%,0;0.4;0.4_0;0;0_0;0;0_-100;2;5475_-100;2;5475_-100;2;5475,12.6684931506849,Incidence,4.57175217027177e-10
NbyGQVwzFc_loc12_loop6,12,ITN 0%/IRS 0%/Larvicide 0%,0;0.4;0.4_0;0;0_0;0;0_-100;2;5475_-100;2;5475_-100;2;5475,12.6712328767123,Incidence,4.56454477907647e-10
NbyGQVwzFc_loc12_loop6,12,ITN 0%/IRS 0%/Larvicide 0%,0;0.4;0.4_0;0;0_0;0;0_-100;2;5475_-100;2;5475_-100;2;5475,12.6739726027397,Incidence,4.55735664095096e-10
NbyGQVwzFc_loc12_loop6,12,ITN 0%/IRS 0%/Larvicide 0%,0;0.4;0.4_0;0;0_0;0;0_-100;2;5475_-100;2;5475_-100;2;5475,12.6767123287671,Incidence,4.55018782078659e-10
NbyGQVwzFc_loc12_loop6,12,ITN 0%/IRS 0%/Larvicide 0%,0;0.4;0.4_0;0;0_0;0;0_-100;2;5475_-100;2;5475_-100;2;5475,12.6794520547945,Incidence,4.54303838732779e-10
NbyGQVwzFc_loc12_loop6,12,ITN 0%/IRS 0%/Larvicide 0%,0;0.4;0.4_0;0;0_0;0;0_-100;2;5475_-100;2;5475_-100;2;5475,12.6821917808219,Incidence,4.53590841394703e-10
NbyGQVwzFc_loc12_loop6,12,ITN 0%/IRS 0%/Larvicide 0%,0;0.4;0.4_0;0;0_0;0;0_-100;2;5475_-100;2;5475_-100;2;5475,12.6849315068493,Incidence,4.52879797817084e-10
NbyGQVwzFc_loc12_loop6,12,ITN 0%/IRS 0%/Larvicide 0%,0;0.4;0.4_0;0;0_0;0;0_-100;2;5475_-100;2;5475_-100;2;5475,12.6876712328767,Incidence,4.52170716119558e-10
NbyGQVwzFc_loc12_loop6,12,ITN 0%/IRS 0%/Larvicide 0%,0;0.4;0.4_0;0;0_0;0;0_-100;2;5475_-100;2;5475_-100;2;5475,12.6904109589041,Incidence,4.51463604784218e-10
NbyGQVwzFc_loc12_loop6,12,ITN 0%/IRS 0%/Larvicide 0%,0;0.4;0.4_0;0;0_0;0;0_-100;2;5475_-100;2;5475_-100;2;5475,12.6931506849315,Incidence,4.50758472637879e-10
NbyGQVwzFc_loc12_loop6,12,ITN 0%/IRS 0%/Larvicide 0%,0;0.4;0.4_0;0;0_0;0;0_-100;2;5475_-100;2;5475_-100;2;5475,12.6958904109589,Incidence,4.50055328838787e-10
NbyGQVwzFc_loc12_loop6,12,ITN 0%/IRS 0%/Larvicide 0%,0;0.4;0.4_0;0;0_0;0;0_-100;2;5475_-100;2;5475_-100;2;5475,12.6986301369863,Incidence,4.49354182868837e-10
NbyGQVwzFc_loc12_loop6,12,ITN 0%/IRS 0%/Larvicide 0%,0;0.4;0.4_0;0;0_0;0;0_-100;2;5475_-100;2;5475_-100;2;5475,12.7013698630137,Incidence,4.48655044524508e-10
NbyGQVwzFc_loc12_loop6,12,ITN 0%/IRS 0%/Larvicide 0%,0;0.4;0.4_0;0;0_0;0;0_-100;2;5475_-100;2;5475_-100;2;5475,12.7041095890411,Incidence,4.47957923908352e-10
NbyGQVwzFc_loc12_loop6,12,ITN 0%/IRS 0%/Larvicide 0%,0;0.4;0.4_0;0;0_0;0;0_-100;2;5475_-100;2;5475_-100;2;5475,12.7068493150685,Incidence,4.47262831420947e-10
NbyGQVwzFc_loc12_loop6,12,ITN 0%/IRS 0%/Larvicide 0%,0;0.4;0.4_0;0;0_0;0;0_-100;2;5475_-100;2;5475_-100;2;5475,12.7095890410959,Incidence,4.4656977809822e-10
NbyGQVwzFc_loc12_loop6,12,ITN 0%/IRS 0%/Larvicide 0%,0;0.4;0.4_0;0;0_0;0;0_-100;2;5475_-100;2;5475_-100;2;5475,12.7123287671233,Incidence,4.45878774285517e-10
NbyGQVwzFc_loc12_loop6,12,ITN 0%/IRS 0%/Larvicide 0%,0;0.4;0.4_0;0;0_0;0;0_-100;2;5475_-100;2;5475_-100;2;5475,12.7150684931507,Incidence,4.45189831643794e-10
NbyGQVwzFc_loc12_loop6,12,ITN 0%/IRS 0%/Larvicide 0%,0;0.4;0.4_0;0;0_0;0;0_-100;2;5475_-100;2;5475_-100;2;5475,12.7178082191781,Incidence,4.44502961760382e-10
NbyGQVwzFc_loc12_loop6,12,ITN 0%/IRS 0%/Larvicide 0%,0;0.4;0.4_0;0;0_0;0;0_-100;2;5475_-100;2;5475_-100;2;5475,12.7205479452055,Incidence,4.43818176069951e-10
NbyGQVwzFc_loc12_loop6,12,ITN 0%/IRS 0%/Larvicide 0%,0;0.4;0.4_0;0;0_0;0;0_-100;2;5475_-100;2;5475_-100;2;5475,12.7232876712329,Incidence,4.43135487562079e-10
NbyGQVwzFc_loc12_loop6,12,ITN 0%/IRS 0%/Larvicide 0%,0;0.4;0.4_0;0;0_0;0;0_-100;2;5475_-100;2;5475_-100;2;5475,12.7260273972603,Incidence,4.42454907854508e-10
NbyGQVwzFc_loc12_loop6,12,ITN 0%/IRS 0%/Larvicide 0%,0;0.4;0.4_0;0;0_0;0;0_-100;2;5475_-100;2;5475_-100;2;5475,12.7287671232877,Incidence,4.41776450430165e-10
NbyGQVwzFc_loc12_loop6,12,ITN 0%/IRS 0%/Larvicide 0%,0;0.4;0.4_0;0;0_0;0;0_-100;2;5475_-100;2;5475_-100;2;5475,12.7315068493151,Incidence,4.4110005676094e-10
NbyGQVwzFc_loc12_loop6,12,ITN 0%/IRS 0%/Larvicide 0%,0;0.4;0.4_0;0;0_0;0;0_-100;2;5475_-100;2;5475_-100;2;5475,12.7342465753425,Incidence,4.40425696936458e-10
NbyGQVwzFc_loc12_loop6,12,ITN 0%/IRS 0%/Larvicide 0%,0;0.4;0.4_0;0;0_0;0;0_-100;2;5475_-100;2;5475_-100;2;5475,12.7369863013699,Incidence,4.39753432378938e-10
NbyGQVwzFc_loc12_loop6,12,ITN 0%/IRS 0%/Larvicide 0%,0;0.4;0.4_0;0;0_0;0;0_-100;2;5475_-100;2;5475_-100;2;5475,12.7397260273973,Incidence,4.39083284161719e-10
NbyGQVwzFc_loc12_loop6,12,ITN 0%/IRS 0%/Larvicide 0%,0;0.4;0.4_0;0;0_0;0;0_-100;2;5475_-100;2;5475_-100;2;5475,12.7424657534247,Incidence,4.38415264181364e-10
NbyGQVwzFc_loc12_loop6,12,ITN 0%/IRS 0%/Larvicide 0%,0;0.4;0.4_0;0;0_0;0;0_-100;2;5475_-100;2;5475_-100;2;5475,12.7452054794521,Incidence,4.37749385645138e-10
NbyGQVwzFc_loc12_loop6,12,ITN 0%/IRS 0%/Larvicide 0%,0;0.4;0.4_0;0;0_0;0;0_-100;2;5475_-100;2;5475_-100;2;5475,12.7479452054795,Incidence,4.37085661486419e-10
NbyGQVwzFc_loc12_loop6,12,ITN 0%/IRS 0%/Larvicide 0%,0;0.4;0.4_0;0;0_0;0;0_-100;2;5475_-100;2;5475_-100;2;5475,12.7506849315069,Incidence,4.36424137026085e-10
NbyGQVwzFc_loc12_loop6,12,ITN 0%/IRS 0%/Larvicide 0%,0;0.4;0.4_0;0;0_0;0;0_-100;2;5475_-100;2;5475_-100;2;5475,12.7534246575342,Incidence,4.35764850970569e-10
NbyGQVwzFc_loc12_loop6,12,ITN 0%/IRS 0%/Larvicide 0%,0;0.4;0.4_0;0;0_0;0;0_-100;2;5475_-100;2;5475_-100;2;5475,12.7561643835616,Incidence,4.35107788258636e-10
NbyGQVwzFc_loc12_loop6,12,ITN 0%/IRS 0%/Larvicide 0%,0;0.4;0.4_0;0;0_0;0;0_-100;2;5475_-100;2;5475_-100;2;5475,12.758904109589,Incidence,4.34452921169168e-10
NbyGQVwzFc_loc12_loop6,12,ITN 0%/IRS 0%/Larvicide 0%,0;0.4;0.4_0;0;0_0;0;0_-100;2;5475_-100;2;5475_-100;2;5475,12.7616438356164,Incidence,4.33800247697628e-10
NbyGQVwzFc_loc12_loop6,12,ITN 0%/IRS 0%/Larvicide 0%,0;0.4;0.4_0;0;0_0;0;0_-100;2;5475_-100;2;5475_-100;2;5475,12.7643835616438,Incidence,4.33149795745827e-10
NbyGQVwzFc_loc12_loop6,12,ITN 0%/IRS 0%/Larvicide 0%,0;0.4;0.4_0;0;0_0;0;0_-100;2;5475_-100;2;5475_-100;2;5475,12.7671232876712,Incidence,4.32501600868432e-10
NbyGQVwzFc_loc12_loop6,12,ITN 0%/IRS 0%/Larvicide 0%,0;0.4;0.4_0;0;0_0;0;0_-100;2;5475_-100;2;5475_-100;2;5475,12.7698630136986,Incidence,4.3185569709144e-10
NbyGQVwzFc_loc12_loop6,12,ITN 0%/IRS 0%/Larvicide 0%,0;0.4;0.4_0;0;0_0;0;0_-100;2;5475_-100;2;5475_-100;2;5475,12.772602739726,Incidence,4.31212116788949e-10
NbyGQVwzFc_loc12_loop6,12,ITN 0%/IRS 0%/Larvicide 0%,0;0.4;0.4_0;0;0_0;0;0_-100;2;5475_-100;2;5475_-100;2;5475,12.7753424657534,Incidence,4.30570891078282e-10
NbyGQVwzFc_loc12_loop6,12,ITN 0%/IRS 0%/Larvicide 0%,0;0.4;0.4_0;0;0_0;0;0_-100;2;5475_-100;2;5475_-100;2;5475,12.7780821917808,Incidence,4.29931958664911e-10
NbyGQVwzFc_loc12_loop6,12,ITN 0%/IRS 0%/Larvicide 0%,0;0.4;0.4_0;0;0_0;0;0_-100;2;5475_-100;2;5475_-100;2;5475,12.7808219178082,Incidence,4.29295276809303e-10
NbyGQVwzFc_loc12_loop6,12,ITN 0%/IRS 0%/Larvicide 0%,0;0.4;0.4_0;0;0_0;0;0_-100;2;5475_-100;2;5475_-100;2;5475,12.7835616438356,Incidence,4.28660879107114e-10
NbyGQVwzFc_loc12_loop6,12,ITN 0%/IRS 0%/Larvicide 0%,0;0.4;0.4_0;0;0_0;0;0_-100;2;5475_-100;2;5475_-100;2;5475,12.786301369863,Incidence,4.28028800504001e-10
NbyGQVwzFc_loc12_loop6,12,ITN 0%/IRS 0%/Larvicide 0%,0;0.4;0.4_0;0;0_0;0;0_-100;2;5475_-100;2;5475_-100;2;5475,12.7890410958904,Incidence,4.27399087866342e-10
NbyGQVwzFc_loc12_loop6,12,ITN 0%/IRS 0%/Larvicide 0%,0;0.4;0.4_0;0;0_0;0;0_-100;2;5475_-100;2;5475_-100;2;5475,12.7917808219178,Incidence,4.26771789356966e-10
NbyGQVwzFc_loc12_loop6,12,ITN 0%/IRS 0%/Larvicide 0%,0;0.4;0.4_0;0;0_0;0;0_-100;2;5475_-100;2;5475_-100;2;5475,12.7945205479452,Incidence,4.26146950654011e-10
NbyGQVwzFc_loc12_loop6,12,ITN 0%/IRS 0%/Larvicide 0%,0;0.4;0.4_0;0;0_0;0;0_-100;2;5475_-100;2;5475_-100;2;5475,12.7972602739726,Incidence,4.25524614113849e-10
NbyGQVwzFc_loc12_loop6,12,ITN 0%/IRS 0%/Larvicide 0%,0;0.4;0.4_0;0;0_0;0;0_-100;2;5475_-100;2;5475_-100;2;5475,12.8,Incidence,4.24904717981661e-10
NbyGQVwzFc_loc12_loop6,12,ITN 0%/IRS 0%/Larvicide 0%,0;0.4;0.4_0;0;0_0;0;0_-100;2;5475_-100;2;5475_-100;2;5475,12.8027397260274,Incidence,4.24287221014398e-10
NbyGQVwzFc_loc12_loop6,12,ITN 0%/IRS 0%/Larvicide 0%,0;0.4;0.4_0;0;0_0;0;0_-100;2;5475_-100;2;5475_-100;2;5475,12.8054794520548,Incidence,4.23672176018547e-10
NbyGQVwzFc_loc12_loop6,12,ITN 0%/IRS 0%/Larvicide 0%,0;0.4;0.4_0;0;0_0;0;0_-100;2;5475_-100;2;5475_-100;2;5475,12.8082191780822,Incidence,4.23059629954606e-10
NbyGQVwzFc_loc12_loop6,12,ITN 0%/IRS 0%/Larvicide 0%,0;0.4;0.4_0;0;0_0;0;0_-100;2;5475_-100;2;5475_-100;2;5475,12.8109589041096,Incidence,4.22449642993782e-10
NbyGQVwzFc_loc12_loop6,12,ITN 0%/IRS 0%/Larvicide 0%,0;0.4;0.4_0;0;0_0;0;0_-100;2;5475_-100;2;5475_-100;2;5475,12.813698630137,Incidence,4.21842271893561e-10
NbyGQVwzFc_loc12_loop6,12,ITN 0%/IRS 0%/Larvicide 0%,0;0.4;0.4_0;0;0_0;0;0_-100;2;5475_-100;2;5475_-100;2;5475,12.8164383561644,Incidence,4.21237454914195e-10
NbyGQVwzFc_loc12_loop6,12,ITN 0%/IRS 0%/Larvicide 0%,0;0.4;0.4_0;0;0_0;0;0_-100;2;5475_-100;2;5475_-100;2;5475,12.8191780821918,Incidence,4.2063516075631e-10
NbyGQVwzFc_loc12_loop6,12,ITN 0%/IRS 0%/Larvicide 0%,0;0.4;0.4_0;0;0_0;0;0_-100;2;5475_-100;2;5475_-100;2;5475,12.8219178082192,Incidence,4.20035458154227e-10
NbyGQVwzFc_loc12_loop6,12,ITN 0%/IRS 0%/Larvicide 0%,0;0.4;0.4_0;0;0_0;0;0_-100;2;5475_-100;2;5475_-100;2;5475,12.8246575342466,Incidence,4.19438413260929e-10
NbyGQVwzFc_loc12_loop6,12,ITN 0%/IRS 0%/Larvicide 0%,0;0.4;0.4_0;0;0_0;0;0_-100;2;5475_-100;2;5475_-100;2;5475,12.827397260274,Incidence,4.18843981115387e-10
NbyGQVwzFc_loc12_loop6,12,ITN 0%/IRS 0%/Larvicide 0%,0;0.4;0.4_0;0;0_0;0;0_-100;2;5475_-100;2;5475_-100;2;5475,12.8301369863014,Incidence,4.18252144524143e-10
NbyGQVwzFc_loc12_loop6,12,ITN 0%/IRS 0%/Larvicide 0%,0;0.4;0.4_0;0;0_0;0;0_-100;2;5475_-100;2;5475_-100;2;5475,12.8328767123288,Incidence,4.17662995907772e-10
NbyGQVwzFc_loc12_loop6,12,ITN 0%/IRS 0%/Larvicide 0%,0;0.4;0.4_0;0;0_0;0;0_-100;2;5475_-100;2;5475_-100;2;5475,12.8356164383562,Incidence,4.17076524365505e-10
NbyGQVwzFc_loc12_loop6,12,ITN 0%/IRS 0%/Larvicide 0%,0;0.4;0.4_0;0;0_0;0;0_-100;2;5475_-100;2;5475_-100;2;5475,12.8383561643836,Incidence,4.16492734496037e-10
NbyGQVwzFc_loc12_loop6,12,ITN 0%/IRS 0%/Larvicide 0%,0;0.4;0.4_0;0;0_0;0;0_-100;2;5475_-100;2;5475_-100;2;5475,12.841095890411,Incidence,4.15911736250898e-10
NbyGQVwzFc_loc12_loop6,12,ITN 0%/IRS 0%/Larvicide 0%,0;0.4;0.4_0;0;0_0;0;0_-100;2;5475_-100;2;5475_-100;2;5475,12.8438356164384,Incidence,4.15333558789764e-10
NbyGQVwzFc_loc12_loop6,12,ITN 0%/IRS 0%/Larvicide 0%,0;0.4;0.4_0;0;0_0;0;0_-100;2;5475_-100;2;5475_-100;2;5475,12.8465753424658,Incidence,4.1475809852771e-10
NbyGQVwzFc_loc12_loop6,12,ITN 0%/IRS 0%/Larvicide 0%,0;0.4;0.4_0;0;0_0;0;0_-100;2;5475_-100;2;5475_-100;2;5475,12.8493150684932,Incidence,4.14185349046565e-10
NbyGQVwzFc_loc12_loop6,12,ITN 0%/IRS 0%/Larvicide 0%,0;0.4;0.4_0;0;0_0;0;0_-100;2;5475_-100;2;5475_-100;2;5475,12.8520547945206,Incidence,4.13615450797774e-10
NbyGQVwzFc_loc12_loop6,12,ITN 0%/IRS 0%/Larvicide 0%,0;0.4;0.4_0;0;0_0;0;0_-100;2;5475_-100;2;5475_-100;2;5475,12.8547945205479,Incidence,4.130484725732e-10
NbyGQVwzFc_loc12_loop6,12,ITN 0%/IRS 0%/Larvicide 0%,0;0.4;0.4_0;0;0_0;0;0_-100;2;5475_-100;2;5475_-100;2;5475,12.8575342465753,Incidence,4.1248439850325e-10
NbyGQVwzFc_loc12_loop6,12,ITN 0%/IRS 0%/Larvicide 0%,0;0.4;0.4_0;0;0_0;0;0_-100;2;5475_-100;2;5475_-100;2;5475,12.8602739726027,Incidence,4.11923226058421e-10
NbyGQVwzFc_loc12_loop6,12,ITN 0%/IRS 0%/Larvicide 0%,0;0.4;0.4_0;0;0_0;0;0_-100;2;5475_-100;2;5475_-100;2;5475,12.8630136986301,Incidence,4.11365061780025e-10
NbyGQVwzFc_loc12_loop6,12,ITN 0%/IRS 0%/Larvicide 0%,0;0.4;0.4_0;0;0_0;0;0_-100;2;5475_-100;2;5475_-100;2;5475,12.8657534246575,Incidence,4.10809929876601e-10
NbyGQVwzFc_loc12_loop6,12,ITN 0%/IRS 0%/Larvicide 0%,0;0.4;0.4_0;0;0_0;0;0_-100;2;5475_-100;2;5475_-100;2;5475,12.8684931506849,Incidence,4.10257820202208e-10
NbyGQVwzFc_loc12_loop6,12,ITN 0%/IRS 0%/Larvicide 0%,0;0.4;0.4_0;0;0_0;0;0_-100;2;5475_-100;2;5475_-100;2;5475,12.8712328767123,Incidence,4.09708707773352e-10
NbyGQVwzFc_loc12_loop6,12,ITN 0%/IRS 0%/Larvicide 0%,0;0.4;0.4_0;0;0_0;0;0_-100;2;5475_-100;2;5475_-100;2;5475,12.8739726027397,Incidence,4.09162575943554e-10
NbyGQVwzFc_loc12_loop6,12,ITN 0%/IRS 0%/Larvicide 0%,0;0.4;0.4_0;0;0_0;0;0_-100;2;5475_-100;2;5475_-100;2;5475,12.8767123287671,Incidence,4.08619557621902e-10
NbyGQVwzFc_loc12_loop6,12,ITN 0%/IRS 0%/Larvicide 0%,0;0.4;0.4_0;0;0_0;0;0_-100;2;5475_-100;2;5475_-100;2;5475,12.8794520547945,Incidence,4.08079707864505e-10
NbyGQVwzFc_loc12_loop6,12,ITN 0%/IRS 0%/Larvicide 0%,0;0.4;0.4_0;0;0_0;0;0_-100;2;5475_-100;2;5475_-100;2;5475,12.8821917808219,Incidence,4.07543000647791e-10
NbyGQVwzFc_loc12_loop6,12,ITN 0%/IRS 0%/Larvicide 0%,0;0.4;0.4_0;0;0_0;0;0_-100;2;5475_-100;2;5475_-100;2;5475,12.8849315068493,Incidence,4.07009431183612e-10
NbyGQVwzFc_loc12_loop6,12,ITN 0%/IRS 0%/Larvicide 0%,0;0.4;0.4_0;0;0_0;0;0_-100;2;5475_-100;2;5475_-100;2;5475,12.8876712328767,Incidence,4.06479054944089e-10
NbyGQVwzFc_loc12_loop6,12,ITN 0%/IRS 0%/Larvicide 0%,0;0.4;0.4_0;0;0_0;0;0_-100;2;5475_-100;2;5475_-100;2;5475,12.8904109589041,Incidence,4.05951886749405e-10
NbyGQVwzFc_loc12_loop6,12,ITN 0%/IRS 0%/Larvicide 0%,0;0.4;0.4_0;0;0_0;0;0_-100;2;5475_-100;2;5475_-100;2;5475,12.8931506849315,Incidence,4.05427941506849e-10
NbyGQVwzFc_loc12_loop6,12,ITN 0%/IRS 0%/Larvicide 0%,0;0.4;0.4_0;0;0_0;0;0_-100;2;5475_-100;2;5475_-100;2;5475,12.8958904109589,Incidence,4.04907293015763e-10
NbyGQVwzFc_loc12_loop6,12,ITN 0%/IRS 0%/Larvicide 0%,0;0.4;0.4_0;0;0_0;0;0_-100;2;5475_-100;2;5475_-100;2;5475,12.8986301369863,Incidence,4.0438995053836e-10
NbyGQVwzFc_loc12_loop6,12,ITN 0%/IRS 0%/Larvicide 0%,0;0.4;0.4_0;0;0_0;0;0_-100;2;5475_-100;2;5475_-100;2;5475,12.9013698630137,Incidence,4.03875967639348e-10
NbyGQVwzFc_loc12_loop6,12,ITN 0%/IRS 0%/Larvicide 0%,0;0.4;0.4_0;0;0_0;0;0_-100;2;5475_-100;2;5475_-100;2;5475,12.9041095890411,Incidence,4.03365384357406e-10
NbyGQVwzFc_loc12_loop6,12,ITN 0%/IRS 0%/Larvicide 0%,0;0.4;0.4_0;0;0_0;0;0_-100;2;5475_-100;2;5475_-100;2;5475,12.9068493150685,Incidence,4.02858214650267e-10
NbyGQVwzFc_loc12_loop6,12,ITN 0%/IRS 0%/Larvicide 0%,0;0.4;0.4_0;0;0_0;0;0_-100;2;5475_-100;2;5475_-100;2;5475,12.9095890410959,Incidence,4.02354451071751e-10
NbyGQVwzFc_loc12_loop6,12,ITN 0%/IRS 0%/Larvicide 0%,0;0.4;0.4_0;0;0_0;0;0_-100;2;5475_-100;2;5475_-100;2;5475,12.9123287671233,Incidence,4.01854157540428e-10
NbyGQVwzFc_loc12_loop6,12,ITN 0%/IRS 0%/Larvicide 0%,0;0.4;0.4_0;0;0_0;0;0_-100;2;5475_-100;2;5475_-100;2;5475,12.9150684931507,Incidence,4.0135734394569e-10
NbyGQVwzFc_loc12_loop6,12,ITN 0%/IRS 0%/Larvicide 0%,0;0.4;0.4_0;0;0_0;0;0_-100;2;5475_-100;2;5475_-100;2;5475,12.9178082191781,Incidence,4.00864010192649e-10
NbyGQVwzFc_loc12_loop6,12,ITN 0%/IRS 0%/Larvicide 0%,0;0.4;0.4_0;0;0_0;0;0_-100;2;5475_-100;2;5475_-100;2;5475,12.9205479452055,Incidence,4.00374233515346e-10
NbyGQVwzFc_loc12_loop6,12,ITN 0%/IRS 0%/Larvicide 0%,0;0.4;0.4_0;0;0_0;0;0_-100;2;5475_-100;2;5475_-100;2;5475,12.9232876712329,Incidence,3.99888028936436e-10
NbyGQVwzFc_loc12_loop6,12,ITN 0%/IRS 0%/Larvicide 0%,0;0.4;0.4_0;0;0_0;0;0_-100;2;5475_-100;2;5475_-100;2;5475,12.9260273972603,Incidence,3.99405490392327e-10
NbyGQVwzFc_loc12_loop6,12,ITN 0%/IRS 0%/Larvicide 0%,0;0.4;0.4_0;0;0_0;0;0_-100;2;5475_-100;2;5475_-100;2;5475,12.9287671232877,Incidence,3.98926627275445e-10
NbyGQVwzFc_loc12_loop6,12,ITN 0%/IRS 0%/Larvicide 0%,0;0.4;0.4_0;0;0_0;0;0_-100;2;5475_-100;2;5475_-100;2;5475,12.9315068493151,Incidence,3.98451458421155e-10
NbyGQVwzFc_loc12_loop6,12,ITN 0%/IRS 0%/Larvicide 0%,0;0.4;0.4_0;0;0_0;0;0_-100;2;5475_-100;2;5475_-100;2;5475,12.9342465753425,Incidence,3.97980040639212e-10
NbyGQVwzFc_loc12_loop6,12,ITN 0%/IRS 0%/Larvicide 0%,0;0.4;0.4_0;0;0_0;0;0_-100;2;5475_-100;2;5475_-100;2;5475,12.9369863013699,Incidence,3.97512337201612e-10
NbyGQVwzFc_loc12_loop6,12,ITN 0%/IRS 0%/Larvicide 0%,0;0.4;0.4_0;0;0_0;0;0_-100;2;5475_-100;2;5475_-100;2;5475,12.9397260273973,Incidence,3.97048343448819e-10
NbyGQVwzFc_loc12_loop6,12,ITN 0%/IRS 0%/Larvicide 0%,0;0.4;0.4_0;0;0_0;0;0_-100;2;5475_-100;2;5475_-100;2;5475,12.9424657534247,Incidence,3.96588168281178e-10
NbyGQVwzFc_loc12_loop6,12,ITN 0%/IRS 0%/Larvicide 0%,0;0.4;0.4_0;0;0_0;0;0_-100;2;5475_-100;2;5475_-100;2;5475,12.9452054794521,Incidence,3.96131925262933e-10
NbyGQVwzFc_loc12_loop6,12,ITN 0%/IRS 0%/Larvicide 0%,0;0.4;0.4_0;0;0_0;0;0_-100;2;5475_-100;2;5475_-100;2;5475,12.9479452054795,Incidence,3.95679628221849e-10
NbyGQVwzFc_loc12_loop6,12,ITN 0%/IRS 0%/Larvicide 0%,0;0.4;0.4_0;0;0_0;0;0_-100;2;5475_-100;2;5475_-100;2;5475,12.9506849315068,Incidence,3.95231306144832e-10
NbyGQVwzFc_loc12_loop6,12,ITN 0%/IRS 0%/Larvicide 0%,0;0.4;0.4_0;0;0_0;0;0_-100;2;5475_-100;2;5475_-100;2;5475,12.9534246575342,Incidence,3.94787112240145e-10
NbyGQVwzFc_loc12_loop6,12,ITN 0%/IRS 0%/Larvicide 0%,0;0.4;0.4_0;0;0_0;0;0_-100;2;5475_-100;2;5475_-100;2;5475,12.9561643835616,Incidence,3.94347062667974e-10
NbyGQVwzFc_loc12_loop6,12,ITN 0%/IRS 0%/Larvicide 0%,0;0.4;0.4_0;0;0_0;0;0_-100;2;5475_-100;2;5475_-100;2;5475,12.958904109589,Incidence,3.93911094308272e-10
NbyGQVwzFc_loc12_loop6,12,ITN 0%/IRS 0%/Larvicide 0%,0;0.4;0.4_0;0;0_0;0;0_-100;2;5475_-100;2;5475_-100;2;5475,12.9616438356164,Incidence,3.93479360189721e-10
NbyGQVwzFc_loc12_loop6,12,ITN 0%/IRS 0%/Larvicide 0%,0;0.4;0.4_0;0;0_0;0;0_-100;2;5475_-100;2;5475_-100;2;5475,12.9643835616438,Incidence,3.93051899254807e-10
NbyGQVwzFc_loc12_loop6,12,ITN 0%/IRS 0%/Larvicide 0%,0;0.4;0.4_0;0;0_0;0;0_-100;2;5475_-100;2;5475_-100;2;5475,12.9671232876712,Incidence,3.92628669437752e-10
NbyGQVwzFc_loc12_loop6,12,ITN 0%/IRS 0%/Larvicide 0%,0;0.4;0.4_0;0;0_0;0;0_-100;2;5475_-100;2;5475_-100;2;5475,12.9698630136986,Incidence,3.92209614253697e-10
NbyGQVwzFc_loc12_loop6,12,ITN 0%/IRS 0%/Larvicide 0%,0;0.4;0.4_0;0;0_0;0;0_-100;2;5475_-100;2;5475_-100;2;5475,12.972602739726,Incidence,3.91794886230531e-10
NbyGQVwzFc_loc12_loop6,12,ITN 0%/IRS 0%/Larvicide 0%,0;0.4;0.4_0;0;0_0;0;0_-100;2;5475_-100;2;5475_-100;2;5475,12.9753424657534,Incidence,3.91384640344122e-10
NbyGQVwzFc_loc12_loop6,12,ITN 0%/IRS 0%/Larvicide 0%,0;0.4;0.4_0;0;0_0;0;0_-100;2;5475_-100;2;5475_-100;2;5475,12.9780821917808,Incidence,3.9097886474242e-10
NbyGQVwzFc_loc12_loop6,12,ITN 0%/IRS 0%/Larvicide 0%,0;0.4;0.4_0;0;0_0;0;0_-100;2;5475_-100;2;5475_-100;2;5475,12.9808219178082,Incidence,3.90577522161906e-10
NbyGQVwzFc_loc12_loop6,12,ITN 0%/IRS 0%/Larvicide 0%,0;0.4;0.4_0;0;0_0;0;0_-100;2;5475_-100;2;5475_-100;2;5475,12.9835616438356,Incidence,3.90180543146305e-10
NbyGQVwzFc_loc12_loop6,12,ITN 0%/IRS 0%/Larvicide 0%,0;0.4;0.4_0;0;0_0;0;0_-100;2;5475_-100;2;5475_-100;2;5475,12.986301369863,Incidence,3.8978821597878e-10
NbyGQVwzFc_loc12_loop6,12,ITN 0%/IRS 0%/Larvicide 0%,0;0.4;0.4_0;0;0_0;0;0_-100;2;5475_-100;2;5475_-100;2;5475,12.9890410958904,Incidence,3.89400631772981e-10
NbyGQVwzFc_loc12_loop6,12,ITN 0%/IRS 0%/Larvicide 0%,0;0.4;0.4_0;0;0_0;0;0_-100;2;5475_-100;2;5475_-100;2;5475,12.9917808219178,Incidence,3.8901775129656e-10
NbyGQVwzFc_loc12_loop6,12,ITN 0%/IRS 0%/Larvicide 0%,0;0.4;0.4_0;0;0_0;0;0_-100;2;5475_-100;2;5475_-100;2;5475,12.9945205479452,Incidence,3.88639788378351e-10
NbyGQVwzFc_loc12_loop6,12,ITN 0%/IRS 0%/Larvicide 0%,0;0.4;0.4_0;0;0_0;0;0_-100;2;5475_-100;2;5475_-100;2;5475,12.9972602739726,Incidence,3.88266903444622e-10
NbyGQVwzFc_loc12_loop6,12,ITN 0%/IRS 0%/Larvicide 0%,0;0.4;0.4_0;0;0_0;0;0_-100;2;5475_-100;2;5475_-100;2;5475,13,Incidence,3.87898972710585e-10
NbyGQVwzFc_loc12_loop6,12,ITN 0%/IRS 0%/Larvicide 0%,0;0.4;0.4_0;0;0_0;0;0_-100;2;5475_-100;2;5475_-100;2;5475,13.0027397260274,Incidence,3.87535957843075e-10
NbyGQVwzFc_loc12_loop6,12,ITN 0%/IRS 0%/Larvicide 0%,0;0.4;0.4_0;0;0_0;0;0_-100;2;5475_-100;2;5475_-100;2;5475,13.0054794520548,Incidence,3.87177975132744e-10
NbyGQVwzFc_loc12_loop6,12,ITN 0%/IRS 0%/Larvicide 0%,0;0.4;0.4_0;0;0_0;0;0_-100;2;5475_-100;2;5475_-100;2;5475,13.0082191780822,Incidence,3.86825098033583e-10
NbyGQVwzFc_loc12_loop6,12,ITN 0%/IRS 0%/Larvicide 0%,0;0.4;0.4_0;0;0_0;0;0_-100;2;5475_-100;2;5475_-100;2;5475,13.0109589041096,Incidence,3.86477450274441e-10
NbyGQVwzFc_loc12_loop6,12,ITN 0%/IRS 0%/Larvicide 0%,0;0.4;0.4_0;0;0_0;0;0_-100;2;5475_-100;2;5475_-100;2;5475,13.013698630137,Incidence,3.86135072459767e-10
NbyGQVwzFc_loc12_loop6,12,ITN 0%/IRS 0%/Larvicide 0%,0;0.4;0.4_0;0;0_0;0;0_-100;2;5475_-100;2;5475_-100;2;5475,13.0164383561644,Incidence,3.85797934998815e-10
NbyGQVwzFc_loc12_loop6,12,ITN 0%/IRS 0%/Larvicide 0%,0;0.4;0.4_0;0;0_0;0;0_-100;2;5475_-100;2;5475_-100;2;5475,13.0191780821918,Incidence,3.85466102643615e-10
NbyGQVwzFc_loc12_loop6,12,ITN 0%/IRS 0%/Larvicide 0%,0;0.4;0.4_0;0;0_0;0;0_-100;2;5475_-100;2;5475_-100;2;5475,13.0219178082192,Incidence,3.851398153158e-10
NbyGQVwzFc_loc12_loop6,12,ITN 0%/IRS 0%/Larvicide 0%,0;0.4;0.4_0;0;0_0;0;0_-100;2;5475_-100;2;5475_-100;2;5475,13.0246575342466,Incidence,3.84819052038108e-10
NbyGQVwzFc_loc12_loop6,12,ITN 0%/IRS 0%/Larvicide 0%,0;0.4;0.4_0;0;0_0;0;0_-100;2;5475_-100;2;5475_-100;2;5475,13.027397260274,Incidence,3.84503840667592e-10
NbyGQVwzFc_loc12_loop6,12,ITN 0%/IRS 0%/Larvicide 0%,0;0.4;0.4_0;0;0_0;0;0_-100;2;5475_-100;2;5475_-100;2;5475,13.0301369863014,Incidence,3.84194198957596e-10
NbyGQVwzFc_loc12_loop6,12,ITN 0%/IRS 0%/Larvicide 0%,0;0.4;0.4_0;0;0_0;0;0_-100;2;5475_-100;2;5475_-100;2;5475,13.0328767123288,Incidence,3.83890190147023e-10
NbyGQVwzFc_loc12_loop6,12,ITN 0%/IRS 0%/Larvicide 0%,0;0.4;0.4_0;0;0_0;0;0_-100;2;5475_-100;2;5475_-100;2;5475,13.0356164383562,Incidence,3.83591867386029e-10
NbyGQVwzFc_loc12_loop6,12,ITN 0%/IRS 0%/Larvicide 0%,0;0.4;0.4_0;0;0_0;0;0_-100;2;5475_-100;2;5475_-100;2;5475,13.0383561643836,Incidence,3.83299323971545e-10
NbyGQVwzFc_loc12_loop6,12,ITN 0%/IRS 0%/Larvicide 0%,0;0.4;0.4_0;0;0_0;0;0_-100;2;5475_-100;2;5475_-100;2;5475,13.041095890411,Incidence,3.83012634609462e-10
NbyGQVwzFc_loc12_loop6,12,ITN 0%/IRS 0%/Larvicide 0%,0;0.4;0.4_0;0;0_0;0;0_-100;2;5475_-100;2;5475_-100;2;5475,13.0438356164384,Incidence,3.82731921406414e-10
NbyGQVwzFc_loc12_loop6,12,ITN 0%/IRS 0%/Larvicide 0%,0;0.4;0.4_0;0;0_0;0;0_-100;2;5475_-100;2;5475_-100;2;5475,13.0465753424658,Incidence,3.8245727124117e-10
NbyGQVwzFc_loc12_loop6,12,ITN 0%/IRS 0%/Larvicide 0%,0;0.4;0.4_0;0;0_0;0;0_-100;2;5475_-100;2;5475_-100;2;5475,13.0493150684932,Incidence,3.82188439981754e-10
NbyGQVwzFc_loc12_loop6,12,ITN 0%/IRS 0%/Larvicide 0%,0;0.4;0.4_0;0;0_0;0;0_-100;2;5475_-100;2;5475_-100;2;5475,13.0520547945205,Incidence,3.81925513670715e-10
NbyGQVwzFc_loc12_loop6,12,ITN 0%/IRS 0%/Larvicide 0%,0;0.4;0.4_0;0;0_0;0;0_-100;2;5475_-100;2;5475_-100;2;5475,13.0547945205479,Incidence,3.81668967580037e-10
NbyGQVwzFc_loc12_loop6,12,ITN 0%/IRS 0%/Larvicide 0%,0;0.4;0.4_0;0;0_0;0;0_-100;2;5475_-100;2;5475_-100;2;5475,13.0575342465753,Incidence,3.81418716581695e-10
NbyGQVwzFc_loc12_loop6,12,ITN 0%/IRS 0%/Larvicide 0%,0;0.4;0.4_0;0;0_0;0;0_-100;2;5475_-100;2;5475_-100;2;5475,13.0602739726027,Incidence,3.81174791171345e-10
NbyGQVwzFc_loc12_loop6,12,ITN 0%/IRS 0%/Larvicide 0%,0;0.4;0.4_0;0;0_0;0;0_-100;2;5475_-100;2;5475_-100;2;5475,13.0630136986301,Incidence,3.80937313770745e-10
NbyGQVwzFc_loc12_loop6,12,ITN 0%/IRS 0%/Larvicide 0%,0;0.4;0.4_0;0;0_0;0;0_-100;2;5475_-100;2;5475_-100;2;5475,13.0657534246575,Incidence,3.80706098582342e-10
NbyGQVwzFc_loc12_loop6,12,ITN 0%/IRS 0%/Larvicide 0%,0;0.4;0.4_0;0;0_0;0;0_-100;2;5475_-100;2;5475_-100;2;5475,13.0684931506849,Incidence,3.80481313209999e-10
NbyGQVwzFc_loc12_loop6,12,ITN 0%/IRS 0%/Larvicide 0%,0;0.4;0.4_0;0;0_0;0;0_-100;2;5475_-100;2;5475_-100;2;5475,13.0712328767123,Incidence,3.80263392748136e-10
NbyGQVwzFc_loc12_loop6,12,ITN 0%/IRS 0%/Larvicide 0%,0;0.4;0.4_0;0;0_0;0;0_-100;2;5475_-100;2;5475_-100;2;5475,13.0739726027397,Incidence,3.80052371296109e-10
NbyGQVwzFc_loc12_loop6,12,ITN 0%/IRS 0%/Larvicide 0%,0;0.4;0.4_0;0;0_0;0;0_-100;2;5475_-100;2;5475_-100;2;5475,13.0767123287671,Incidence,3.7984825123266e-10
NbyGQVwzFc_loc12_loop6,12,ITN 0%/IRS 0%/Larvicide 0%,0;0.4;0.4_0;0;0_0;0;0_-100;2;5475_-100;2;5475_-100;2;5475,13.0794520547945,Incidence,3.79651341241125e-10
NbyGQVwzFc_loc12_loop6,12,ITN 0%/IRS 0%/Larvicide 0%,0;0.4;0.4_0;0;0_0;0;0_-100;2;5475_-100;2;5475_-100;2;5475,13.0821917808219,Incidence,3.79461526518542e-10
NbyGQVwzFc_loc12_loop6,12,ITN 0%/IRS 0%/Larvicide 0%,0;0.4;0.4_0;0;0_0;0;0_-100;2;5475_-100;2;5475_-100;2;5475,13.0849315068493,Incidence,3.79278495380443e-10
NbyGQVwzFc_loc12_loop6,12,ITN 0%/IRS 0%/Larvicide 0%,0;0.4;0.4_0;0;0_0;0;0_-100;2;5475_-100;2;5475_-100;2;5475,13.0876712328767,Incidence,3.7910246383698e-10
NbyGQVwzFc_loc12_loop6,12,ITN 0%/IRS 0%/Larvicide 0%,0;0.4;0.4_0;0;0_0;0;0_-100;2;5475_-100;2;5475_-100;2;5475,13.0904109589041,Incidence,3.78933562769935e-10
NbyGQVwzFc_loc12_loop6,12,ITN 0%/IRS 0%/Larvicide 0%,0;0.4;0.4_0;0;0_0;0;0_-100;2;5475_-100;2;5475_-100;2;5475,13.0931506849315,Incidence,3.78771973186272e-10
NbyGQVwzFc_loc12_loop6,12,ITN 0%/IRS 0%/Larvicide 0%,0;0.4;0.4_0;0;0_0;0;0_-100;2;5475_-100;2;5475_-100;2;5475,13.0958904109589,Incidence,3.78617887363435e-10
NbyGQVwzFc_loc12_loop6,12,ITN 0%/IRS 0%/Larvicide 0%,0;0.4;0.4_0;0;0_0;0;0_-100;2;5475_-100;2;5475_-100;2;5475,13.0986301369863,Incidence,3.78471553665417e-10
NbyGQVwzFc_loc12_loop6,12,ITN 0%/IRS 0%/Larvicide 0%,0;0.4;0.4_0;0;0_0;0;0_-100;2;5475_-100;2;5475_-100;2;5475,13.1013698630137,Incidence,3.78333073167986e-10
NbyGQVwzFc_loc12_loop6,12,ITN 0%/IRS 0%/Larvicide 0%,0;0.4;0.4_0;0;0_0;0;0_-100;2;5475_-100;2;5475_-100;2;5475,13.1041095890411,Incidence,3.78202368237267e-10
NbyGQVwzFc_loc12_loop6,12,ITN 0%/IRS 0%/Larvicide 0%,0;0.4;0.4_0;0;0_0;0;0_-100;2;5475_-100;2;5475_-100;2;5475,13.1068493150685,Incidence,3.78079344770828e-10
NbyGQVwzFc_loc12_loop6,12,ITN 0%/IRS 0%/Larvicide 0%,0;0.4;0.4_0;0;0_0;0;0_-100;2;5475_-100;2;5475_-100;2;5475,13.1095890410959,Incidence,3.77964058341185e-10
NbyGQVwzFc_loc12_loop6,12,ITN 0%/IRS 0%/Larvicide 0%,0;0.4;0.4_0;0;0_0;0;0_-100;2;5475_-100;2;5475_-100;2;5475,13.1123287671233,Incidence,3.77856792058439e-10
NbyGQVwzFc_loc12_loop6,12,ITN 0%/IRS 0%/Larvicide 0%,0;0.4;0.4_0;0;0_0;0;0_-100;2;5475_-100;2;5475_-100;2;5475,13.1150684931507,Incidence,3.77757799214457e-10
NbyGQVwzFc_loc12_loop6,12,ITN 0%/IRS 0%/Larvicide 0%,0;0.4;0.4_0;0;0_0;0;0_-100;2;5475_-100;2;5475_-100;2;5475,13.1178082191781,Incidence,3.77667253856488e-10
NbyGQVwzFc_loc12_loop6,12,ITN 0%/IRS 0%/Larvicide 0%,0;0.4;0.4_0;0;0_0;0;0_-100;2;5475_-100;2;5475_-100;2;5475,13.1205479452055,Incidence,3.77585205506879e-10
NbyGQVwzFc_loc12_loop6,12,ITN 0%/IRS 0%/Larvicide 0%,0;0.4;0.4_0;0;0_0;0;0_-100;2;5475_-100;2;5475_-100;2;5475,13.1232876712329,Incidence,3.77511799434719e-10
NbyGQVwzFc_loc12_loop6,12,ITN 0%/IRS 0%/Larvicide 0%,0;0.4;0.4_0;0;0_0;0;0_-100;2;5475_-100;2;5475_-100;2;5475,13.1260273972603,Incidence,3.77447166166195e-10
NbyGQVwzFc_loc12_loop6,12,ITN 0%/IRS 0%/Larvicide 0%,0;0.4;0.4_0;0;0_0;0;0_-100;2;5475_-100;2;5475_-100;2;5475,13.1287671232877,Incidence,3.77391303036628e-10
NbyGQVwzFc_loc12_loop6,12,ITN 0%/IRS 0%/Larvicide 0%,0;0.4;0.4_0;0;0_0;0;0_-100;2;5475_-100;2;5475_-100;2;5475,13.1315068493151,Incidence,3.77344245315817e-10
NbyGQVwzFc_loc12_loop6,12,ITN 0%/IRS 0%/Larvicide 0%,0;0.4;0.4_0;0;0_0;0;0_-100;2;5475_-100;2;5475_-100;2;5475,13.1342465753425,Incidence,3.77306078030711e-10
NbyGQVwzFc_loc12_loop6,12,ITN 0%/IRS 0%/Larvicide 0%,0;0.4;0.4_0;0;0_0;0;0_-100;2;5475_-100;2;5475_-100;2;5475,13.1369863013699,Incidence,3.77276920422575e-10
NbyGQVwzFc_loc12_loop6,12,ITN 0%/IRS 0%/Larvicide 0%,0;0.4;0.4_0;0;0_0;0;0_-100;2;5475_-100;2;5475_-100;2;5475,13.1397260273973,Incidence,3.77256914303217e-10
NbyGQVwzFc_loc12_loop6,12,ITN 0%/IRS 0%/Larvicide 0%,0;0.4;0.4_0;0;0_0;0;0_-100;2;5475_-100;2;5475_-100;2;5475,13.1424657534247,Incidence,3.77246223957387e-10
NbyGQVwzFc_loc12_loop6,12,ITN 0%/IRS 0%/Larvicide 0%,0;0.4;0.4_0;0;0_0;0;0_-100;2;5475_-100;2;5475_-100;2;5475,13.1452054794521,Incidence,3.77244690500447e-10
NbyGQVwzFc_loc12_loop6,12,ITN 0%/IRS 0%/Larvicide 0%,0;0.4;0.4_0;0;0_0;0;0_-100;2;5475_-100;2;5475_-100;2;5475,13.1479452054795,Incidence,3.77252308840844e-10
NbyGQVwzFc_loc12_loop6,12,ITN 0%/IRS 0%/Larvicide 0%,0;0.4;0.4_0;0;0_0;0;0_-100;2;5475_-100;2;5475_-100;2;5475,13.1506849315068,Incidence,3.77269529856928e-10
NbyGQVwzFc_loc12_loop6,12,ITN 0%/IRS 0%/Larvicide 0%,0;0.4;0.4_0;0;0_0;0;0_-100;2;5475_-100;2;5475_-100;2;5475,13.1534246575342,Incidence,3.77296334345494e-10
NbyGQVwzFc_loc12_loop6,12,ITN 0%/IRS 0%/Larvicide 0%,0;0.4;0.4_0;0;0_0;0;0_-100;2;5475_-100;2;5475_-100;2;5475,13.1561643835616,Incidence,3.77332801823753e-10
NbyGQVwzFc_loc12_loop6,12,ITN 0%/IRS 0%/Larvicide 0%,0;0.4;0.4_0;0;0_0;0;0_-100;2;5475_-100;2;5475_-100;2;5475,13.158904109589,Incidence,3.77379163799787e-10
NbyGQVwzFc_loc12_loop6,12,ITN 0%/IRS 0%/Larvicide 0%,0;0.4;0.4_0;0;0_0;0;0_-100;2;5475_-100;2;5475_-100;2;5475,13.1616438356164,Incidence,3.77435616356993e-10
NbyGQVwzFc_loc12_loop6,12,ITN 0%/IRS 0%/Larvicide 0%,0;0.4;0.4_0;0;0_0;0;0_-100;2;5475_-100;2;5475_-100;2;5475,13.1643835616438,Incidence,3.77502161940567e-10
NbyGQVwzFc_loc12_loop6,12,ITN 0%/IRS 0%/Larvicide 0%,0;0.4;0.4_0;0;0_0;0;0_-100;2;5475_-100;2;5475_-100;2;5475,13.1671232876712,Incidence,3.77578911901996e-10
NbyGQVwzFc_loc12_loop6,12,ITN 0%/IRS 0%/Larvicide 0%,0;0.4;0.4_0;0;0_0;0;0_-100;2;5475_-100;2;5475_-100;2;5475,13.1698630136986,Incidence,3.77666056536428e-10
NbyGQVwzFc_loc12_loop6,12,ITN 0%/IRS 0%/Larvicide 0%,0;0.4;0.4_0;0;0_0;0;0_-100;2;5475_-100;2;5475_-100;2;5475,13.172602739726,Incidence,3.77763745208503e-10
NbyGQVwzFc_loc12_loop6,12,ITN 0%/IRS 0%/Larvicide 0%,0;0.4;0.4_0;0;0_0;0;0_-100;2;5475_-100;2;5475_-100;2;5475,13.1753424657534,Incidence,3.77872147615738e-10
NbyGQVwzFc_loc12_loop6,12,ITN 0%/IRS 0%/Larvicide 0%,0;0.4;0.4_0;0;0_0;0;0_-100;2;5475_-100;2;5475_-100;2;5475,13.1780821917808,Incidence,3.77991339675328e-10
NbyGQVwzFc_loc12_loop6,12,ITN 0%/IRS 0%/Larvicide 0%,0;0.4;0.4_0;0;0_0;0;0_-100;2;5475_-100;2;5475_-100;2;5475,13.1808219178082,Incidence,3.78121489812863e-10
NbyGQVwzFc_loc12_loop6,12,ITN 0%/IRS 0%/Larvicide 0%,0;0.4;0.4_0;0;0_0;0;0_-100;2;5475_-100;2;5475_-100;2;5475,13.1835616438356,Incidence,3.78262650488694e-10
NbyGQVwzFc_loc12_loop6,12,ITN 0%/IRS 0%/Larvicide 0%,0;0.4;0.4_0;0;0_0;0;0_-100;2;5475_-100;2;5475_-100;2;5475,13.186301369863,Incidence,3.7841503620634e-10
NbyGQVwzFc_loc12_loop6,12,ITN 0%/IRS 0%/Larvicide 0%,0;0.4;0.4_0;0;0_0;0;0_-100;2;5475_-100;2;5475_-100;2;5475,13.1890410958904,Incidence,3.78578786507798e-10
NbyGQVwzFc_loc12_loop6,12,ITN 0%/IRS 0%/Larvicide 0%,0;0.4;0.4_0;0;0_0;0;0_-100;2;5475_-100;2;5475_-100;2;5475,13.1917808219178,Incidence,3.78753940685953e-10
NbyGQVwzFc_loc12_loop6,12,ITN 0%/IRS 0%/Larvicide 0%,0;0.4;0.4_0;0;0_0;0;0_-100;2;5475_-100;2;5475_-100;2;5475,13.1945205479452,Incidence,3.789408207032e-10
NbyGQVwzFc_loc12_loop6,12,ITN 0%/IRS 0%/Larvicide 0%,0;0.4;0.4_0;0;0_0;0;0_-100;2;5475_-100;2;5475_-100;2;5475,13.1972602739726,Incidence,3.79139598562259e-10
NbyGQVwzFc_loc12_loop6,12,ITN 0%/IRS 0%/Larvicide 0%,0;0.4;0.4_0;0;0_0;0;0_-100;2;5475_-100;2;5475_-100;2;5475,13.2,Incidence,3.79350294783301e-10
NbyGQVwzFc_loc12_loop6,12,ITN 0%/IRS 0%/Larvicide 0%,0;0.4;0.4_0;0;0_0;0;0_-100;2;5475_-100;2;5475_-100;2;5475,13.2027397260274,Incidence,3.79572990513582e-10
NbyGQVwzFc_loc12_loop6,12,ITN 0%/IRS 0%/Larvicide 0%,0;0.4;0.4_0;0;0_0;0;0_-100;2;5475_-100;2;5475_-100;2;5475,13.2054794520548,Incidence,3.79807768524613e-10
NbyGQVwzFc_loc12_loop6,12,ITN 0%/IRS 0%/Larvicide 0%,0;0.4;0.4_0;0;0_0;0;0_-100;2;5475_-100;2;5475_-100;2;5475,13.2082191780822,Incidence,3.80054854177798e-10
NbyGQVwzFc_loc12_loop6,12,ITN 0%/IRS 0%/Larvicide 0%,0;0.4;0.4_0;0;0_0;0;0_-100;2;5475_-100;2;5475_-100;2;5475,13.2109589041096,Incidence,3.80314308614645e-10
NbyGQVwzFc_loc12_loop6,12,ITN 0%/IRS 0%/Larvicide 0%,0;0.4;0.4_0;0;0_0;0;0_-100;2;5475_-100;2;5475_-100;2;5475,13.213698630137,Incidence,3.80586175459663e-10
NbyGQVwzFc_loc12_loop6,12,ITN 0%/IRS 0%/Larvicide 0%,0;0.4;0.4_0;0;0_0;0;0_-100;2;5475_-100;2;5475_-100;2;5475,13.2164383561644,Incidence,3.80870623544027e-10
NbyGQVwzFc_loc12_loop6,12,ITN 0%/IRS 0%/Larvicide 0%,0;0.4;0.4_0;0;0_0;0;0_-100;2;5475_-100;2;5475_-100;2;5475,13.2191780821918,Incidence,3.81167828178833e-10
NbyGQVwzFc_loc12_loop6,12,ITN 0%/IRS 0%/Larvicide 0%,0;0.4;0.4_0;0;0_0;0;0_-100;2;5475_-100;2;5475_-100;2;5475,13.2219178082192,Incidence,3.81478150629029e-10
NbyGQVwzFc_loc12_loop6,12,ITN 0%/IRS 0%/Larvicide 0%,0;0.4;0.4_0;0;0_0;0;0_-100;2;5475_-100;2;5475_-100;2;5475,13.2246575342466,Incidence,3.81801763014116e-10
NbyGQVwzFc_loc12_loop6,12,ITN 0%/IRS 0%/Larvicide 0%,0;0.4;0.4_0;0;0_0;0;0_-100;2;5475_-100;2;5475_-100;2;5475,13.227397260274,Incidence,3.82138826633267e-10
NbyGQVwzFc_loc12_loop6,12,ITN 0%/IRS 0%/Larvicide 0%,0;0.4;0.4_0;0;0_0;0;0_-100;2;5475_-100;2;5475_-100;2;5475,13.2301369863014,Incidence,3.82489234121221e-10
NbyGQVwzFc_loc12_loop6,12,ITN 0%/IRS 0%/Larvicide 0%,0;0.4;0.4_0;0;0_0;0;0_-100;2;5475_-100;2;5475_-100;2;5475,13.2328767123288,Incidence,3.82852980741111e-10
NbyGQVwzFc_loc12_loop6,12,ITN 0%/IRS 0%/Larvicide 0%,0;0.4;0.4_0;0;0_0;0;0_-100;2;5475_-100;2;5475_-100;2;5475,13.2356164383562,Incidence,3.83230686019131e-10
NbyGQVwzFc_loc12_loop6,12,ITN 0%/IRS 0%/Larvicide 0%,0;0.4;0.4_0;0;0_0;0;0_-100;2;5475_-100;2;5475_-100;2;5475,13.2383561643836,Incidence,3.83622651139828e-10
NbyGQVwzFc_loc12_loop6,12,ITN 0%/IRS 0%/Larvicide 0%,0;0.4;0.4_0;0;0_0;0;0_-100;2;5475_-100;2;5475_-100;2;5475,13.241095890411,Incidence,3.84028686192135e-10
NbyGQVwzFc_loc12_loop6,12,ITN 0%/IRS 0%/Larvicide 0%,0;0.4;0.4_0;0;0_0;0;0_-100;2;5475_-100;2;5475_-100;2;5475,13.2438356164384,Incidence,3.84448801705922e-10
NbyGQVwzFc_loc12_loop6,12,ITN 0%/IRS 0%/Larvicide 0%,0;0.4;0.4_0;0;0_0;0;0_-100;2;5475_-100;2;5475_-100;2;5475,13.2465753424658,Incidence,3.8488340528683e-10
NbyGQVwzFc_loc12_loop6,12,ITN 0%/IRS 0%/Larvicide 0%,0;0.4;0.4_0;0;0_0;0;0_-100;2;5475_-100;2;5475_-100;2;5475,13.2493150684932,Incidence,3.85332470023762e-10
NbyGQVwzFc_loc12_loop6,12,ITN 0%/IRS 0%/Larvicide 0%,0;0.4;0.4_0;0;0_0;0;0_-100;2;5475_-100;2;5475_-100;2;5475,13.2520547945206,Incidence,3.85796108533656e-10
NbyGQVwzFc_loc12_loop6,12,ITN 0%/IRS 0%/Larvicide 0%,0;0.4;0.4_0;0;0_0;0;0_-100;2;5475_-100;2;5475_-100;2;5475,13.2547945205479,Incidence,3.86274445225093e-10
NbyGQVwzFc_loc12_loop6,12,ITN 0%/IRS 0%/Larvicide 0%,0;0.4;0.4_0;0;0_0;0;0_-100;2;5475_-100;2;5475_-100;2;5475,13.2575342465753,Incidence,3.86767636111115e-10
NbyGQVwzFc_loc12_loop6,12,ITN 0%/IRS 0%/Larvicide 0%,0;0.4;0.4_0;0;0_0;0;0_-100;2;5475_-100;2;5475_-100;2;5475,13.2602739726027,Incidence,3.87275860844964e-10
NbyGQVwzFc_loc12_loop6,12,ITN 0%/IRS 0%/Larvicide 0%,0;0.4;0.4_0;0;0_0;0;0_-100;2;5475_-100;2;5475_-100;2;5475,13.2630136986301,Incidence,3.87799332339004e-10
NbyGQVwzFc_loc12_loop6,12,ITN 0%/IRS 0%/Larvicide 0%,0;0.4;0.4_0;0;0_0;0;0_-100;2;5475_-100;2;5475_-100;2;5475,13.2657534246575,Incidence,3.88338269194321e-10
NbyGQVwzFc_loc12_loop6,12,ITN 0%/IRS 0%/Larvicide 0%,0;0.4;0.4_0;0;0_0;0;0_-100;2;5475_-100;2;5475_-100;2;5475,13.2684931506849,Incidence,3.88892446608016e-10
NbyGQVwzFc_loc12_loop6,12,ITN 0%/IRS 0%/Larvicide 0%,0;0.4;0.4_0;0;0_0;0;0_-100;2;5475_-100;2;5475_-100;2;5475,13.2712328767123,Incidence,3.89462148435056e-10
NbyGQVwzFc_loc12_loop6,12,ITN 0%/IRS 0%/Larvicide 0%,0;0.4;0.4_0;0;0_0;0;0_-100;2;5475_-100;2;5475_-100;2;5475,13.2739726027397,Incidence,3.90047655222325e-10
NbyGQVwzFc_loc12_loop6,12,ITN 0%/IRS 0%/Larvicide 0%,0;0.4;0.4_0;0;0_0;0;0_-100;2;5475_-100;2;5475_-100;2;5475,13.2767123287671,Incidence,3.90649306589212e-10
NbyGQVwzFc_loc12_loop6,12,ITN 0%/IRS 0%/Larvicide 0%,0;0.4;0.4_0;0;0_0;0;0_-100;2;5475_-100;2;5475_-100;2;5475,13.2794520547945,Incidence,3.91267450545565e-10
NbyGQVwzFc_loc12_loop6,12,ITN 0%/IRS 0%/Larvicide 0%,0;0.4;0.4_0;0;0_0;0;0_-100;2;5475_-100;2;5475_-100;2;5475,13.2821917808219,Incidence,3.91901953273429e-10
NbyGQVwzFc_loc12_loop6,12,ITN 0%/IRS 0%/Larvicide 0%,0;0.4;0.4_0;0;0_0;0;0_-100;2;5475_-100;2;5475_-100;2;5475,13.2849315068493,Incidence,3.92552706055883e-10
NbyGQVwzFc_loc12_loop6,12,ITN 0%/IRS 0%/Larvicide 0%,0;0.4;0.4_0;0;0_0;0;0_-100;2;5475_-100;2;5475_-100;2;5475,13.2876712328767,Incidence,3.93220061426456e-10
NbyGQVwzFc_loc12_loop6,12,ITN 0%/IRS 0%/Larvicide 0%,0;0.4;0.4_0;0;0_0;0;0_-100;2;5475_-100;2;5475_-100;2;5475,13.2904109589041,Incidence,3.93904408646876e-10
NbyGQVwzFc_loc12_loop6,12,ITN 0%/IRS 0%/Larvicide 0%,0;0.4;0.4_0;0;0_0;0;0_-100;2;5475_-100;2;5475_-100;2;5475,13.2931506849315,Incidence,3.94605698650464e-10
NbyGQVwzFc_loc12_loop6,12,ITN 0%/IRS 0%/Larvicide 0%,0;0.4;0.4_0;0;0_0;0;0_-100;2;5475_-100;2;5475_-100;2;5475,13.2958904109589,Incidence,3.95323926694128e-10
NbyGQVwzFc_loc12_loop6,12,ITN 0%/IRS 0%/Larvicide 0%,0;0.4;0.4_0;0;0_0;0;0_-100;2;5475_-100;2;5475_-100;2;5475,13.2986301369863,Incidence,3.9605957024089e-10
NbyGQVwzFc_loc12_loop6,12,ITN 0%/IRS 0%/Larvicide 0%,0;0.4;0.4_0;0;0_0;0;0_-100;2;5475_-100;2;5475_-100;2;5475,13.3013698630137,Incidence,3.9681310849351e-10
NbyGQVwzFc_loc12_loop6,12,ITN 0%/IRS 0%/Larvicide 0%,0;0.4;0.4_0;0;0_0;0;0_-100;2;5475_-100;2;5475_-100;2;5475,13.3041095890411,Incidence,3.97584562690854e-10
NbyGQVwzFc_loc12_loop6,12,ITN 0%/IRS 0%/Larvicide 0%,0;0.4;0.4_0;0;0_0;0;0_-100;2;5475_-100;2;5475_-100;2;5475,13.3068493150685,Incidence,3.98373980534454e-10
NbyGQVwzFc_loc12_loop6,12,ITN 0%/IRS 0%/Larvicide 0%,0;0.4;0.4_0;0;0_0;0;0_-100;2;5475_-100;2;5475_-100;2;5475,13.3095890410959,Incidence,3.99181340423673e-10
NbyGQVwzFc_loc12_loop6,12,ITN 0%/IRS 0%/Larvicide 0%,0;0.4;0.4_0;0;0_0;0;0_-100;2;5475_-100;2;5475_-100;2;5475,13.3123287671233,Incidence,4.00006616259531e-10
NbyGQVwzFc_loc12_loop6,12,ITN 0%/IRS 0%/Larvicide 0%,0;0.4;0.4_0;0;0_0;0;0_-100;2;5475_-100;2;5475_-100;2;5475,13.3150684931507,Incidence,4.00849814843852e-10
NbyGQVwzFc_loc12_loop6,12,ITN 0%/IRS 0%/Larvicide 0%,0;0.4;0.4_0;0;0_0;0;0_-100;2;5475_-100;2;5475_-100;2;5475,13.3178082191781,Incidence,4.01711571845384e-10
NbyGQVwzFc_loc12_loop6,12,ITN 0%/IRS 0%/Larvicide 0%,0;0.4;0.4_0;0;0_0;0;0_-100;2;5475_-100;2;5475_-100;2;5475,13.3205479452055,Incidence,4.02592553452665e-10
NbyGQVwzFc_loc12_loop6,12,ITN 0%/IRS 0%/Larvicide 0%,0;0.4;0.4_0;0;0_0;0;0_-100;2;5475_-100;2;5475_-100;2;5475,13.3232876712329,Incidence,4.03492942147273e-10
NbyGQVwzFc_loc12_loop6,12,ITN 0%/IRS 0%/Larvicide 0%,0;0.4;0.4_0;0;0_0;0;0_-100;2;5475_-100;2;5475_-100;2;5475,13.3260273972603,Incidence,4.04412918277555e-10
NbyGQVwzFc_loc12_loop6,12,ITN 0%/IRS 0%/Larvicide 0%,0;0.4;0.4_0;0;0_0;0;0_-100;2;5475_-100;2;5475_-100;2;5475,13.3287671232877,Incidence,4.05352562548085e-10
NbyGQVwzFc_loc12_loop6,12,ITN 0%/IRS 0%/Larvicide 0%,0;0.4;0.4_0;0;0_0;0;0_-100;2;5475_-100;2;5475_-100;2;5475,13.3315068493151,Incidence,4.06311929889207e-10
NbyGQVwzFc_loc12_loop6,12,ITN 0%/IRS 0%/Larvicide 0%,0;0.4;0.4_0;0;0_0;0;0_-100;2;5475_-100;2;5475_-100;2;5475,13.3342465753425,Incidence,4.07291091496863e-10
NbyGQVwzFc_loc12_loop6,12,ITN 0%/IRS 0%/Larvicide 0%,0;0.4;0.4_0;0;0_0;0;0_-100;2;5475_-100;2;5475_-100;2;5475,13.3369863013699,Incidence,4.08290148654862e-10
NbyGQVwzFc_loc12_loop6,12,ITN 0%/IRS 0%/Larvicide 0%,0;0.4;0.4_0;0;0_0;0;0_-100;2;5475_-100;2;5475_-100;2;5475,13.3397260273973,Incidence,4.09309233986064e-10
NbyGQVwzFc_loc12_loop6,12,ITN 0%/IRS 0%/Larvicide 0%,0;0.4;0.4_0;0;0_0;0;0_-100;2;5475_-100;2;5475_-100;2;5475,13.3424657534247,Incidence,4.10348508487995e-10
NbyGQVwzFc_loc12_loop6,12,ITN 0%/IRS 0%/Larvicide 0%,0;0.4;0.4_0;0;0_0;0;0_-100;2;5475_-100;2;5475_-100;2;5475,13.3452054794521,Incidence,4.11408157751845e-10
NbyGQVwzFc_loc12_loop6,12,ITN 0%/IRS 0%/Larvicide 0%,0;0.4;0.4_0;0;0_0;0;0_-100;2;5475_-100;2;5475_-100;2;5475,13.3479452054795,Incidence,4.12488387900711e-10
NbyGQVwzFc_loc12_loop6,12,ITN 0%/IRS 0%/Larvicide 0%,0;0.4;0.4_0;0;0_0;0;0_-100;2;5475_-100;2;5475_-100;2;5475,13.3506849315069,Incidence,4.13589422026725e-10
NbyGQVwzFc_loc12_loop6,12,ITN 0%/IRS 0%/Larvicide 0%,0;0.4;0.4_0;0;0_0;0;0_-100;2;5475_-100;2;5475_-100;2;5475,13.3534246575342,Incidence,4.14711496822779e-10
NbyGQVwzFc_loc12_loop6,12,ITN 0%/IRS 0%/Larvicide 0%,0;0.4;0.4_0;0;0_0;0;0_-100;2;5475_-100;2;5475_-100;2;5475,13.3561643835616,Incidence,4.1585486274962e-10
NbyGQVwzFc_loc12_loop6,12,ITN 0%/IRS 0%/Larvicide 0%,0;0.4;0.4_0;0;0_0;0;0_-100;2;5475_-100;2;5475_-100;2;5475,13.358904109589,Incidence,4.17018914361373e-10
NbyGQVwzFc_loc12_loop6,12,ITN 0%/IRS 0%/Larvicide 0%,0;0.4;0.4_0;0;0_0;0;0_-100;2;5475_-100;2;5475_-100;2;5475,13.3616438356164,Incidence,4.18203221887131e-10
NbyGQVwzFc_loc12_loop6,12,ITN 0%/IRS 0%/Larvicide 0%,0;0.4;0.4_0;0;0_0;0;0_-100;2;5475_-100;2;5475_-100;2;5475,13.3643835616438,Incidence,4.19408276468458e-10
NbyGQVwzFc_loc12_loop6,12,ITN 0%/IRS 0%/Larvicide 0%,0;0.4;0.4_0;0;0_0;0;0_-100;2;5475_-100;2;5475_-100;2;5475,13.3671232876712,Incidence,4.20634657247742e-10
NbyGQVwzFc_loc12_loop6,12,ITN 0%/IRS 0%/Larvicide 0%,0;0.4;0.4_0;0;0_0;0;0_-100;2;5475_-100;2;5475_-100;2;5475,13.3698630136986,Incidence,4.21882004038106e-10
NbyGQVwzFc_loc12_loop6,12,ITN 0%/IRS 0%/Larvicide 0%,0;0.4;0.4_0;0;0_0;0;0_-100;2;5475_-100;2;5475_-100;2;5475,13.372602739726,Incidence,4.23149748002722e-10
NbyGQVwzFc_loc12_loop6,12,ITN 0%/IRS 0%/Larvicide 0%,0;0.4;0.4_0;0;0_0;0;0_-100;2;5475_-100;2;5475_-100;2;5475,13.3753424657534,Incidence,4.24438043572943e-10
NbyGQVwzFc_loc12_loop6,12,ITN 0%/IRS 0%/Larvicide 0%,0;0.4;0.4_0;0;0_0;0;0_-100;2;5475_-100;2;5475_-100;2;5475,13.3780821917808,Incidence,4.25747565966041e-10
NbyGQVwzFc_loc12_loop6,12,ITN 0%/IRS 0%/Larvicide 0%,0;0.4;0.4_0;0;0_0;0;0_-100;2;5475_-100;2;5475_-100;2;5475,13.3808219178082,Incidence,4.27079223070252e-10
NbyGQVwzFc_loc12_loop6,12,ITN 0%/IRS 0%/Larvicide 0%,0;0.4;0.4_0;0;0_0;0;0_-100;2;5475_-100;2;5475_-100;2;5475,13.3835616438356,Incidence,4.28432852873465e-10
NbyGQVwzFc_loc12_loop6,12,ITN 0%/IRS 0%/Larvicide 0%,0;0.4;0.4_0;0;0_0;0;0_-100;2;5475_-100;2;5475_-100;2;5475,13.386301369863,Incidence,4.29808314986321e-10
NbyGQVwzFc_loc12_loop6,12,ITN 0%/IRS 0%/Larvicide 0%,0;0.4;0.4_0;0;0_0;0;0_-100;2;5475_-100;2;5475_-100;2;5475,13.3890410958904,Incidence,4.31205459965049e-10
NbyGQVwzFc_loc12_loop6,12,ITN 0%/IRS 0%/Larvicide 0%,0;0.4;0.4_0;0;0_0;0;0_-100;2;5475_-100;2;5475_-100;2;5475,13.3917808219178,Incidence,4.32624038011047e-10
NbyGQVwzFc_loc12_loop6,12,ITN 0%/IRS 0%/Larvicide 0%,0;0.4;0.4_0;0;0_0;0;0_-100;2;5475_-100;2;5475_-100;2;5475,13.3945205479452,Incidence,4.34064682902742e-10
NbyGQVwzFc_loc12_loop6,12,ITN 0%/IRS 0%/Larvicide 0%,0;0.4;0.4_0;0;0_0;0;0_-100;2;5475_-100;2;5475_-100;2;5475,13.3972602739726,Incidence,4.35527532035136e-10
NbyGQVwzFc_loc12_loop6,12,ITN 0%/IRS 0%/Larvicide 0%,0;0.4;0.4_0;0;0_0;0;0_-100;2;5475_-100;2;5475_-100;2;5475,13.4,Incidence,4.37012675874934e-10
NbyGQVwzFc_loc12_loop6,12,ITN 0%/IRS 0%/Larvicide 0%,0;0.4;0.4_0;0;0_0;0;0_-100;2;5475_-100;2;5475_-100;2;5475,13.4027397260274,Incidence,4.3852011751559e-10
NbyGQVwzFc_loc12_loop6,12,ITN 0%/IRS 0%/Larvicide 0%,0;0.4;0.4_0;0;0_0;0;0_-100;2;5475_-100;2;5475_-100;2;5475,13.4054794520548,Incidence,4.40049941276204e-10
NbyGQVwzFc_loc12_loop6,12,ITN 0%/IRS 0%/Larvicide 0%,0;0.4;0.4_0;0;0_0;0;0_-100;2;5475_-100;2;5475_-100;2;5475,13.4082191780822,Incidence,4.41603101568878e-10
NbyGQVwzFc_loc12_loop6,12,ITN 0%/IRS 0%/Larvicide 0%,0;0.4;0.4_0;0;0_0;0;0_-100;2;5475_-100;2;5475_-100;2;5475,13.4109589041096,Incidence,4.43179173966385e-10
NbyGQVwzFc_loc12_loop6,12,ITN 0%/IRS 0%/Larvicide 0%,0;0.4;0.4_0;0;0_0;0;0_-100;2;5475_-100;2;5475_-100;2;5475,13.413698630137,Incidence,4.44778147304943e-10
NbyGQVwzFc_loc12_loop6,12,ITN 0%/IRS 0%/Larvicide 0%,0;0.4;0.4_0;0;0_0;0;0_-100;2;5475_-100;2;5475_-100;2;5475,13.4164383561644,Incidence,4.46399644030541e-10
NbyGQVwzFc_loc12_loop6,12,ITN 0%/IRS 0%/Larvicide 0%,0;0.4;0.4_0;0;0_0;0;0_-100;2;5475_-100;2;5475_-100;2;5475,13.4191780821918,Incidence,4.48043795692313e-10
NbyGQVwzFc_loc12_loop6,12,ITN 0%/IRS 0%/Larvicide 0%,0;0.4;0.4_0;0;0_0;0;0_-100;2;5475_-100;2;5475_-100;2;5475,13.4219178082192,Incidence,4.49710918854975e-10
NbyGQVwzFc_loc12_loop6,12,ITN 0%/IRS 0%/Larvicide 0%,0;0.4;0.4_0;0;0_0;0;0_-100;2;5475_-100;2;5475_-100;2;5475,13.4246575342466,Incidence,4.51401345172521e-10
NbyGQVwzFc_loc12_loop6,12,ITN 0%/IRS 0%/Larvicide 0%,0;0.4;0.4_0;0;0_0;0;0_-100;2;5475_-100;2;5475_-100;2;5475,13.427397260274,Incidence,4.53115073736653e-10
NbyGQVwzFc_loc12_loop6,12,ITN 0%/IRS 0%/Larvicide 0%,0;0.4;0.4_0;0;0_0;0;0_-100;2;5475_-100;2;5475_-100;2;5475,13.4301369863014,Incidence,4.54852082239842e-10
NbyGQVwzFc_loc12_loop6,12,ITN 0%/IRS 0%/Larvicide 0%,0;0.4;0.4_0;0;0_0;0;0_-100;2;5475_-100;2;5475_-100;2;5475,13.4328767123288,Incidence,4.56612172931727e-10
NbyGQVwzFc_loc12_loop6,12,ITN 0%/IRS 0%/Larvicide 0%,0;0.4;0.4_0;0;0_0;0;0_-100;2;5475_-100;2;5475_-100;2;5475,13.4356164383562,Incidence,4.58395586534145e-10
NbyGQVwzFc_loc12_loop6,12,ITN 0%/IRS 0%/Larvicide 0%,0;0.4;0.4_0;0;0_0;0;0_-100;2;5475_-100;2;5475_-100;2;5475,13.4383561643836,Incidence,4.60202095641895e-10
NbyGQVwzFc_loc12_loop6,12,ITN 0%/IRS 0%/Larvicide 0%,0;0.4;0.4_0;0;0_0;0;0_-100;2;5475_-100;2;5475_-100;2;5475,13.441095890411,Incidence,4.62031978990308e-10
NbyGQVwzFc_loc12_loop6,12,ITN 0%/IRS 0%/Larvicide 0%,0;0.4;0.4_0;0;0_0;0;0_-100;2;5475_-100;2;5475_-100;2;5475,13.4438356164384,Incidence,4.63885124782909e-10
NbyGQVwzFc_loc12_loop6,12,ITN 0%/IRS 0%/Larvicide 0%,0;0.4;0.4_0;0;0_0;0;0_-100;2;5475_-100;2;5475_-100;2;5475,13.4465753424658,Incidence,4.65761685726668e-10
NbyGQVwzFc_loc12_loop6,12,ITN 0%/IRS 0%/Larvicide 0%,0;0.4;0.4_0;0;0_0;0;0_-100;2;5475_-100;2;5475_-100;2;5475,13.4493150684932,Incidence,4.67661543565889e-10
NbyGQVwzFc_loc12_loop6,12,ITN 0%/IRS 0%/Larvicide 0%,0;0.4;0.4_0;0;0_0;0;0_-100;2;5475_-100;2;5475_-100;2;5475,13.4520547945205,Incidence,4.69584847318986e-10
NbyGQVwzFc_loc12_loop6,12,ITN 0%/IRS 0%/Larvicide 0%,0;0.4;0.4_0;0;0_0;0;0_-100;2;5475_-100;2;5475_-100;2;5475,13.4547945205479,Incidence,4.71531508045569e-10
NbyGQVwzFc_loc12_loop6,12,ITN 0%/IRS 0%/Larvicide 0%,0;0.4;0.4_0;0;0_0;0;0_-100;2;5475_-100;2;5475_-100;2;5475,13.4575342465753,Incidence,4.73501684677513e-10
NbyGQVwzFc_loc12_loop6,12,ITN 0%/IRS 0%/Larvicide 0%,0;0.4;0.4_0;0;0_0;0;0_-100;2;5475_-100;2;5475_-100;2;5475,13.4602739726027,Incidence,4.75495301410844e-10
NbyGQVwzFc_loc12_loop6,12,ITN 0%/IRS 0%/Larvicide 0%,0;0.4;0.4_0;0;0_0;0;0_-100;2;5475_-100;2;5475_-100;2;5475,13.4630136986301,Incidence,4.77512525096983e-10
NbyGQVwzFc_loc12_loop6,12,ITN 0%/IRS 0%/Larvicide 0%,0;0.4;0.4_0;0;0_0;0;0_-100;2;5475_-100;2;5475_-100;2;5475,13.4657534246575,Incidence,4.79553274785057e-10
NbyGQVwzFc_loc12_loop6,12,ITN 0%/IRS 0%/Larvicide 0%,0;0.4;0.4_0;0;0_0;0;0_-100;2;5475_-100;2;5475_-100;2;5475,13.4684931506849,Incidence,4.81617723120704e-10
NbyGQVwzFc_loc12_loop6,12,ITN 0%/IRS 0%/Larvicide 0%,0;0.4;0.4_0;0;0_0;0;0_-100;2;5475_-100;2;5475_-100;2;5475,13.4712328767123,Incidence,4.83705770980426e-10
NbyGQVwzFc_loc12_loop6,12,ITN 0%/IRS 0%/Larvicide 0%,0;0.4;0.4_0;0;0_0;0;0_-100;2;5475_-100;2;5475_-100;2;5475,13.4739726027397,Incidence,4.85817597975737e-10
NbyGQVwzFc_loc12_loop6,12,ITN 0%/IRS 0%/Larvicide 0%,0;0.4;0.4_0;0;0_0;0;0_-100;2;5475_-100;2;5475_-100;2;5475,13.4767123287671,Incidence,4.87953075526735e-10
NbyGQVwzFc_loc12_loop6,12,ITN 0%/IRS 0%/Larvicide 0%,0;0.4;0.4_0;0;0_0;0;0_-100;2;5475_-100;2;5475_-100;2;5475,13.4794520547945,Incidence,4.90112390976881e-10
NbyGQVwzFc_loc12_loop6,12,ITN 0%/IRS 0%/Larvicide 0%,0;0.4;0.4_0;0;0_0;0;0_-100;2;5475_-100;2;5475_-100;2;5475,13.4821917808219,Incidence,4.92295686818833e-10
NbyGQVwzFc_loc12_loop6,12,ITN 0%/IRS 0%/Larvicide 0%,0;0.4;0.4_0;0;0_0;0;0_-100;2;5475_-100;2;5475_-100;2;5475,13.4849315068493,Incidence,4.9450287726228e-10
NbyGQVwzFc_loc12_loop6,12,ITN 0%/IRS 0%/Larvicide 0%,0;0.4;0.4_0;0;0_0;0;0_-100;2;5475_-100;2;5475_-100;2;5475,13.4876712328767,Incidence,4.9673375627739e-10
NbyGQVwzFc_loc12_loop6,12,ITN 0%/IRS 0%/Larvicide 0%,0;0.4;0.4_0;0;0_0;0;0_-100;2;5475_-100;2;5475_-100;2;5475,13.4904109589041,Incidence,4.98987717803784e-10
NbyGQVwzFc_loc12_loop6,12,ITN 0%/IRS 0%/Larvicide 0%,0;0.4;0.4_0;0;0_0;0;0_-100;2;5475_-100;2;5475_-100;2;5475,13.4931506849315,Incidence,5.01265538210863e-10
NbyGQVwzFc_loc12_loop6,12,ITN 0%/IRS 0%/Larvicide 0%,0;0.4;0.4_0;0;0_0;0;0_-100;2;5475_-100;2;5475_-100;2;5475,13.4958904109589,Incidence,5.03566559554455e-10
NbyGQVwzFc_loc12_loop6,12,ITN 0%/IRS 0%/Larvicide 0%,0;0.4;0.4_0;0;0_0;0;0_-100;2;5475_-100;2;5475_-100;2;5475,13.4986301369863,Incidence,5.05890810066607e-10
NbyGQVwzFc_loc12_loop6,12,ITN 0%/IRS 0%/Larvicide 0%,0;0.4;0.4_0;0;0_0;0;0_-100;2;5475_-100;2;5475_-100;2;5475,13.5013698630137,Incidence,5.08238126463276e-10
NbyGQVwzFc_loc12_loop6,12,ITN 0%/IRS 0%/Larvicide 0%,0;0.4;0.4_0;0;0_0;0;0_-100;2;5475_-100;2;5475_-100;2;5475,13.5041095890411,Incidence,5.10607711155438e-10
NbyGQVwzFc_loc12_loop6,12,ITN 0%/IRS 0%/Larvicide 0%,0;0.4;0.4_0;0;0_0;0;0_-100;2;5475_-100;2;5475_-100;2;5475,13.5068493150685,Incidence,5.13000502329383e-10
NbyGQVwzFc_loc12_loop6,12,ITN 0%/IRS 0%/Larvicide 0%,0;0.4;0.4_0;0;0_0;0;0_-100;2;5475_-100;2;5475_-100;2;5475,13.5095890410959,Incidence,5.15416392717301e-10
NbyGQVwzFc_loc12_loop6,12,ITN 0%/IRS 0%/Larvicide 0%,0;0.4;0.4_0;0;0_0;0;0_-100;2;5475_-100;2;5475_-100;2;5475,13.5123287671233,Incidence,5.17854702327455e-10
NbyGQVwzFc_loc12_loop6,12,ITN 0%/IRS 0%/Larvicide 0%,0;0.4;0.4_0;0;0_0;0;0_-100;2;5475_-100;2;5475_-100;2;5475,13.5150684931507,Incidence,5.20316171365322e-10
NbyGQVwzFc_loc12_loop6,12,ITN 0%/IRS 0%/Larvicide 0%,0;0.4;0.4_0;0;0_0;0;0_-100;2;5475_-100;2;5475_-100;2;5475,13.5178082191781,Incidence,5.22800674849161e-10
NbyGQVwzFc_loc12_loop6,12,ITN 0%/IRS 0%/Larvicide 0%,0;0.4;0.4_0;0;0_0;0;0_-100;2;5475_-100;2;5475_-100;2;5475,13.5205479452055,Incidence,5.25307502850984e-10
NbyGQVwzFc_loc12_loop6,12,ITN 0%/IRS 0%/Larvicide 0%,0;0.4;0.4_0;0;0_0;0;0_-100;2;5475_-100;2;5475_-100;2;5475,13.5232876712329,Incidence,5.27837351219202e-10
NbyGQVwzFc_loc12_loop6,12,ITN 0%/IRS 0%/Larvicide 0%,0;0.4;0.4_0;0;0_0;0;0_-100;2;5475_-100;2;5475_-100;2;5475,13.5260273972603,Incidence,5.30389471482983e-10
NbyGQVwzFc_loc12_loop6,12,ITN 0%/IRS 0%/Larvicide 0%,0;0.4;0.4_0;0;0_0;0;0_-100;2;5475_-100;2;5475_-100;2;5475,13.5287671232877,Incidence,5.32963739474535e-10
NbyGQVwzFc_loc12_loop6,12,ITN 0%/IRS 0%/Larvicide 0%,0;0.4;0.4_0;0;0_0;0;0_-100;2;5475_-100;2;5475_-100;2;5475,13.5315068493151,Incidence,5.35560478953082e-10
NbyGQVwzFc_loc12_loop6,12,ITN 0%/IRS 0%/Larvicide 0%,0;0.4;0.4_0;0;0_0;0;0_-100;2;5475_-100;2;5475_-100;2;5475,13.5342465753425,Incidence,5.38179051167678e-10
NbyGQVwzFc_loc12_loop6,12,ITN 0%/IRS 0%/Larvicide 0%,0;0.4;0.4_0;0;0_0;0;0_-100;2;5475_-100;2;5475_-100;2;5475,13.5369863013699,Incidence,5.40820097483796e-10
NbyGQVwzFc_loc12_loop6,12,ITN 0%/IRS 0%/Larvicide 0%,0;0.4;0.4_0;0;0_0;0;0_-100;2;5475_-100;2;5475_-100;2;5475,13.5397260273973,Incidence,5.43483335039329e-10
NbyGQVwzFc_loc12_loop6,12,ITN 0%/IRS 0%/Larvicide 0%,0;0.4;0.4_0;0;0_0;0;0_-100;2;5475_-100;2;5475_-100;2;5475,13.5424657534247,Incidence,5.46167900886658e-10
NbyGQVwzFc_loc12_loop6,12,ITN 0%/IRS 0%/Larvicide 0%,0;0.4;0.4_0;0;0_0;0;0_-100;2;5475_-100;2;5475_-100;2;5475,13.5452054794521,Incidence,5.48874362255714e-10
NbyGQVwzFc_loc12_loop6,12,ITN 0%/IRS 0%/Larvicide 0%,0;0.4;0.4_0;0;0_0;0;0_-100;2;5475_-100;2;5475_-100;2;5475,13.5479452054795,Incidence,5.51602415132006e-10
NbyGQVwzFc_loc12_loop6,12,ITN 0%/IRS 0%/Larvicide 0%,0;0.4;0.4_0;0;0_0;0;0_-100;2;5475_-100;2;5475_-100;2;5475,13.5506849315069,Incidence,5.54352138026225e-10
NbyGQVwzFc_loc12_loop6,12,ITN 0%/IRS 0%/Larvicide 0%,0;0.4;0.4_0;0;0_0;0;0_-100;2;5475_-100;2;5475_-100;2;5475,13.5534246575342,Incidence,5.57123339188807e-10
NbyGQVwzFc_loc12_loop6,12,ITN 0%/IRS 0%/Larvicide 0%,0;0.4;0.4_0;0;0_0;0;0_-100;2;5475_-100;2;5475_-100;2;5475,13.5561643835616,Incidence,5.59915779831525e-10
NbyGQVwzFc_loc12_loop6,12,ITN 0%/IRS 0%/Larvicide 0%,0;0.4;0.4_0;0;0_0;0;0_-100;2;5475_-100;2;5475_-100;2;5475,13.558904109589,Incidence,5.62728977443668e-10
NbyGQVwzFc_loc12_loop6,12,ITN 0%/IRS 0%/Larvicide 0%,0;0.4;0.4_0;0;0_0;0;0_-100;2;5475_-100;2;5475_-100;2;5475,13.5616438356164,Incidence,5.65562926953314e-10
NbyGQVwzFc_loc12_loop6,12,ITN 0%/IRS 0%/Larvicide 0%,0;0.4;0.4_0;0;0_0;0;0_-100;2;5475_-100;2;5475_-100;2;5475,13.5643835616438,Incidence,5.68417072246196e-10
NbyGQVwzFc_loc12_loop6,12,ITN 0%/IRS 0%/Larvicide 0%,0;0.4;0.4_0;0;0_0;0;0_-100;2;5475_-100;2;5475_-100;2;5475,13.5671232876712,Incidence,5.71291350977596e-10
NbyGQVwzFc_loc12_loop6,12,ITN 0%/IRS 0%/Larvicide 0%,0;0.4;0.4_0;0;0_0;0;0_-100;2;5475_-100;2;5475_-100;2;5475,13.5698630136986,Incidence,5.74185894790155e-10
NbyGQVwzFc_loc12_loop6,12,ITN 0%/IRS 0%/Larvicide 0%,0;0.4;0.4_0;0;0_0;0;0_-100;2;5475_-100;2;5475_-100;2;5475,13.572602739726,Incidence,5.77100774710522e-10
NbyGQVwzFc_loc12_loop6,12,ITN 0%/IRS 0%/Larvicide 0%,0;0.4;0.4_0;0;0_0;0;0_-100;2;5475_-100;2;5475_-100;2;5475,13.5753424657534,Incidence,5.80035324930384e-10
NbyGQVwzFc_loc12_loop6,12,ITN 0%/IRS 0%/Larvicide 0%,0;0.4;0.4_0;0;0_0;0;0_-100;2;5475_-100;2;5475_-100;2;5475,13.5780821917808,Incidence,5.82989352656721e-10
NbyGQVwzFc_loc12_loop6,12,ITN 0%/IRS 0%/Larvicide 0%,0;0.4;0.4_0;0;0_0;0;0_-100;2;5475_-100;2;5475_-100;2;5475,13.5808219178082,Incidence,5.85962895310374e-10
NbyGQVwzFc_loc12_loop6,12,ITN 0%/IRS 0%/Larvicide 0%,0;0.4;0.4_0;0;0_0;0;0_-100;2;5475_-100;2;5475_-100;2;5475,13.5835616438356,Incidence,5.88955896643677e-10
NbyGQVwzFc_loc12_loop6,12,ITN 0%/IRS 0%/Larvicide 0%,0;0.4;0.4_0;0;0_0;0;0_-100;2;5475_-100;2;5475_-100;2;5475,13.586301369863,Incidence,5.91968202452506e-10
NbyGQVwzFc_loc12_loop6,12,ITN 0%/IRS 0%/Larvicide 0%,0;0.4;0.4_0;0;0_0;0;0_-100;2;5475_-100;2;5475_-100;2;5475,13.5890410958904,Incidence,5.94999836738287e-10
NbyGQVwzFc_loc12_loop6,12,ITN 0%/IRS 0%/Larvicide 0%,0;0.4;0.4_0;0;0_0;0;0_-100;2;5475_-100;2;5475_-100;2;5475,13.5917808219178,Incidence,5.98050568985219e-10
NbyGQVwzFc_loc12_loop6,12,ITN 0%/IRS 0%/Larvicide 0%,0;0.4;0.4_0;0;0_0;0;0_-100;2;5475_-100;2;5475_-100;2;5475,13.5945205479452,Incidence,6.01120358605501e-10
NbyGQVwzFc_loc12_loop6,12,ITN 0%/IRS 0%/Larvicide 0%,0;0.4;0.4_0;0;0_0;0;0_-100;2;5475_-100;2;5475_-100;2;5475,13.5972602739726,Incidence,6.04208885873413e-10
NbyGQVwzFc_loc12_loop6,12,ITN 0%/IRS 0%/Larvicide 0%,0;0.4;0.4_0;0;0_0;0;0_-100;2;5475_-100;2;5475_-100;2;5475,13.6,Incidence,6.07316040894026e-10
NbyGQVwzFc_loc12_loop6,12,ITN 0%/IRS 0%/Larvicide 0%,0;0.4;0.4_0;0;0_0;0;0_-100;2;5475_-100;2;5475_-100;2;5475,13.6027397260274,Incidence,6.10441449548071e-10
NbyGQVwzFc_loc12_loop6,12,ITN 0%/IRS 0%/Larvicide 0%,0;0.4;0.4_0;0;0_0;0;0_-100;2;5475_-100;2;5475_-100;2;5475,13.6054794520548,Incidence,6.13584939663262e-10
NbyGQVwzFc_loc12_loop6,12,ITN 0%/IRS 0%/Larvicide 0%,0;0.4;0.4_0;0;0_0;0;0_-100;2;5475_-100;2;5475_-100;2;5475,13.6082191780822,Incidence,6.16746117385419e-10
NbyGQVwzFc_loc12_loop6,12,ITN 0%/IRS 0%/Larvicide 0%,0;0.4;0.4_0;0;0_0;0;0_-100;2;5475_-100;2;5475_-100;2;5475,13.6109589041096,Incidence,6.19924747018853e-10
NbyGQVwzFc_loc12_loop6,12,ITN 0%/IRS 0%/Larvicide 0%,0;0.4;0.4_0;0;0_0;0;0_-100;2;5475_-100;2;5475_-100;2;5475,13.613698630137,Incidence,6.23120900629304e-10
NbyGQVwzFc_loc12_loop6,12,ITN 0%/IRS 0%/Larvicide 0%,0;0.4;0.4_0;0;0_0;0;0_-100;2;5475_-100;2;5475_-100;2;5475,13.6164383561644,Incidence,6.26334356736442e-10
NbyGQVwzFc_loc12_loop6,12,ITN 0%/IRS 0%/Larvicide 0%,0;0.4;0.4_0;0;0_0;0;0_-100;2;5475_-100;2;5475_-100;2;5475,13.6191780821918,Incidence,6.29565600599597e-10
NbyGQVwzFc_loc12_loop6,12,ITN 0%/IRS 0%/Larvicide 0%,0;0.4;0.4_0;0;0_0;0;0_-100;2;5475_-100;2;5475_-100;2;5475,13.6219178082192,Incidence,6.32813849070904e-10
NbyGQVwzFc_loc12_loop6,12,ITN 0%/IRS 0%/Larvicide 0%,0;0.4;0.4_0;0;0_0;0;0_-100;2;5475_-100;2;5475_-100;2;5475,13.6246575342466,Incidence,6.36078982049407e-10
NbyGQVwzFc_loc12_loop6,12,ITN 0%/IRS 0%/Larvicide 0%,0;0.4;0.4_0;0;0_0;0;0_-100;2;5475_-100;2;5475_-100;2;5475,13.627397260274,Incidence,6.39360623135864e-10
NbyGQVwzFc_loc12_loop6,12,ITN 0%/IRS 0%/Larvicide 0%,0;0.4;0.4_0;0;0_0;0;0_-100;2;5475_-100;2;5475_-100;2;5475,13.6301369863014,Incidence,6.42658392017152e-10
NbyGQVwzFc_loc12_loop6,12,ITN 0%/IRS 0%/Larvicide 0%,0;0.4;0.4_0;0;0_0;0;0_-100;2;5475_-100;2;5475_-100;2;5475,13.6328767123288,Incidence,6.45972115459066e-10
NbyGQVwzFc_loc12_loop6,12,ITN 0%/IRS 0%/Larvicide 0%,0;0.4;0.4_0;0;0_0;0;0_-100;2;5475_-100;2;5475_-100;2;5475,13.6356164383562,Incidence,6.49301311210817e-10
NbyGQVwzFc_loc12_loop6,12,ITN 0%/IRS 0%/Larvicide 0%,0;0.4;0.4_0;0;0_0;0;0_-100;2;5475_-100;2;5475_-100;2;5475,13.6383561643836,Incidence,6.52646254912303e-10
NbyGQVwzFc_loc12_loop6,12,ITN 0%/IRS 0%/Larvicide 0%,0;0.4;0.4_0;0;0_0;0;0_-100;2;5475_-100;2;5475_-100;2;5475,13.641095890411,Incidence,6.56007203932253e-10
NbyGQVwzFc_loc12_loop6,12,ITN 0%/IRS 0%/Larvicide 0%,0;0.4;0.4_0;0;0_0;0;0_-100;2;5475_-100;2;5475_-100;2;5475,13.6438356164384,Incidence,6.59384243405799e-10
NbyGQVwzFc_loc12_loop6,12,ITN 0%/IRS 0%/Larvicide 0%,0;0.4;0.4_0;0;0_0;0;0_-100;2;5475_-100;2;5475_-100;2;5475,13.6465753424658,Incidence,6.62777333950864e-10
NbyGQVwzFc_loc12_loop6,12,ITN 0%/IRS 0%/Larvicide 0%,0;0.4;0.4_0;0;0_0;0;0_-100;2;5475_-100;2;5475_-100;2;5475,13.6493150684932,Incidence,6.66186351497319e-10
NbyGQVwzFc_loc12_loop6,12,ITN 0%/IRS 0%/Larvicide 0%,0;0.4;0.4_0;0;0_0;0;0_-100;2;5475_-100;2;5475_-100;2;5475,13.6520547945206,Incidence,6.69611109802258e-10
NbyGQVwzFc_loc12_loop6,12,ITN 0%/IRS 0%/Larvicide 0%,0;0.4;0.4_0;0;0_0;0;0_-100;2;5475_-100;2;5475_-100;2;5475,13.6547945205479,Incidence,6.73051374815299e-10
NbyGQVwzFc_loc12_loop6,12,ITN 0%/IRS 0%/Larvicide 0%,0;0.4;0.4_0;0;0_0;0;0_-100;2;5475_-100;2;5475_-100;2;5475,13.6575342465753,Incidence,6.76506873496502e-10
NbyGQVwzFc_loc12_loop6,12,ITN 0%/IRS 0%/Larvicide 0%,0;0.4;0.4_0;0;0_0;0;0_-100;2;5475_-100;2;5475_-100;2;5475,13.6602739726027,Incidence,6.79977302655488e-10
NbyGQVwzFc_loc12_loop6,12,ITN 0%/IRS 0%/Larvicide 0%,0;0.4;0.4_0;0;0_0;0;0_-100;2;5475_-100;2;5475_-100;2;5475,13.6630136986301,Incidence,6.83462336364436e-10
NbyGQVwzFc_loc12_loop6,12,ITN 0%/IRS 0%/Larvicide 0%,0;0.4;0.4_0;0;0_0;0;0_-100;2;5475_-100;2;5475_-100;2;5475,13.6657534246575,Incidence,6.86961631421136e-10
NbyGQVwzFc_loc12_loop6,12,ITN 0%/IRS 0%/Larvicide 0%,0;0.4;0.4_0;0;0_0;0;0_-100;2;5475_-100;2;5475_-100;2;5475,13.6684931506849,Incidence,6.90474831674601e-10
NbyGQVwzFc_loc12_loop6,12,ITN 0%/IRS 0%/Larvicide 0%,0;0.4;0.4_0;0;0_0;0;0_-100;2;5475_-100;2;5475_-100;2;5475,13.6712328767123,Incidence,6.9400157373821e-10
NbyGQVwzFc_loc12_loop6,12,ITN 0%/IRS 0%/Larvicide 0%,0;0.4;0.4_0;0;0_0;0;0_-100;2;5475_-100;2;5475_-100;2;5475,13.6739726027397,Incidence,6.97541487788906e-10
NbyGQVwzFc_loc12_loop6,12,ITN 0%/IRS 0%/Larvicide 0%,0;0.4;0.4_0;0;0_0;0;0_-100;2;5475_-100;2;5475_-100;2;5475,13.6767123287671,Incidence,7.01094204294243e-10
NbyGQVwzFc_loc12_loop6,12,ITN 0%/IRS 0%/Larvicide 0%,0;0.4;0.4_0;0;0_0;0;0_-100;2;5475_-100;2;5475_-100;2;5475,13.6794520547945,Incidence,7.04659353903968e-10
NbyGQVwzFc_loc12_loop6,12,ITN 0%/IRS 0%/Larvicide 0%,0;0.4;0.4_0;0;0_0;0;0_-100;2;5475_-100;2;5475_-100;2;5475,13.6821917808219,Incidence,7.08236573468053e-10
NbyGQVwzFc_loc12_loop6,12,ITN 0%/IRS 0%/Larvicide 0%,0;0.4;0.4_0;0;0_0;0;0_-100;2;5475_-100;2;5475_-100;2;5475,13.6849315068493,Incidence,7.11825504519089e-10
NbyGQVwzFc_loc12_loop6,12,ITN 0%/IRS 0%/Larvicide 0%,0;0.4;0.4_0;0;0_0;0;0_-100;2;5475_-100;2;5475_-100;2;5475,13.6876712328767,Incidence,7.15425796678675e-10
NbyGQVwzFc_loc12_loop6,12,ITN 0%/IRS 0%/Larvicide 0%,0;0.4;0.4_0;0;0_0;0;0_-100;2;5475_-100;2;5475_-100;2;5475,13.6904109589041,Incidence,7.19037109485735e-10
NbyGQVwzFc_loc12_loop6,12,ITN 0%/IRS 0%/Larvicide 0%,0;0.4;0.4_0;0;0_0;0;0_-100;2;5475_-100;2;5475_-100;2;5475,13.6931506849315,Incidence,7.22659984016962e-10
NbyGQVwzFc_loc12_loop6,12,ITN 0%/IRS 0%/Larvicide 0%,0;0.4;0.4_0;0;0_0;0;0_-100;2;5475_-100;2;5475_-100;2;5475,13.6958904109589,Incidence,7.26294886658149e-10
NbyGQVwzFc_loc12_loop6,12,ITN 0%/IRS 0%/Larvicide 0%,0;0.4;0.4_0;0;0_0;0;0_-100;2;5475_-100;2;5475_-100;2;5475,13.6986301369863,Incidence,7.29941507029476e-10
NbyGQVwzFc_loc12_loop6,12,ITN 0%/IRS 0%/Larvicide 0%,0;0.4;0.4_0;0;0_0;0;0_-100;2;5475_-100;2;5475_-100;2;5475,13.7013698630137,Incidence,7.33599521306672e-10
NbyGQVwzFc_loc12_loop6,12,ITN 0%/IRS 0%/Larvicide 0%,0;0.4;0.4_0;0;0_0;0;0_-100;2;5475_-100;2;5475_-100;2;5475,13.7041095890411,Incidence,7.37269306244705e-10
NbyGQVwzFc_loc12_loop6,12,ITN 0%/IRS 0%/Larvicide 0%,0;0.4;0.4_0;0;0_0;0;0_-100;2;5475_-100;2;5475_-100;2;5475,13.7068493150685,Incidence,7.4095108997863e-10
NbyGQVwzFc_loc12_loop6,12,ITN 0%/IRS 0%/Larvicide 0%,0;0.4;0.4_0;0;0_0;0;0_-100;2;5475_-100;2;5475_-100;2;5475,13.7095890410959,Incidence,7.44644340671948e-10
NbyGQVwzFc_loc12_loop6,12,ITN 0%/IRS 0%/Larvicide 0%,0;0.4;0.4_0;0;0_0;0;0_-100;2;5475_-100;2;5475_-100;2;5475,13.7123287671233,Incidence,7.48348550034121e-10
NbyGQVwzFc_loc12_loop6,12,ITN 0%/IRS 0%/Larvicide 0%,0;0.4;0.4_0;0;0_0;0;0_-100;2;5475_-100;2;5475_-100;2;5475,13.7150684931507,Incidence,7.52063856962925e-10
NbyGQVwzFc_loc12_loop6,12,ITN 0%/IRS 0%/Larvicide 0%,0;0.4;0.4_0;0;0_0;0;0_-100;2;5475_-100;2;5475_-100;2;5475,13.7178082191781,Incidence,7.55791100905635e-10
NbyGQVwzFc_loc12_loop6,12,ITN 0%/IRS 0%/Larvicide 0%,0;0.4;0.4_0;0;0_0;0;0_-100;2;5475_-100;2;5475_-100;2;5475,13.7205479452055,Incidence,7.59530164732452e-10
NbyGQVwzFc_loc12_loop6,12,ITN 0%/IRS 0%/Larvicide 0%,0;0.4;0.4_0;0;0_0;0;0_-100;2;5475_-100;2;5475_-100;2;5475,13.7232876712329,Incidence,7.63280327863142e-10
NbyGQVwzFc_loc12_loop6,12,ITN 0%/IRS 0%/Larvicide 0%,0;0.4;0.4_0;0;0_0;0;0_-100;2;5475_-100;2;5475_-100;2;5475,13.7260273972603,Incidence,7.67041675253595e-10
NbyGQVwzFc_loc12_loop6,12,ITN 0%/IRS 0%/Larvicide 0%,0;0.4;0.4_0;0;0_0;0;0_-100;2;5475_-100;2;5475_-100;2;5475,13.7287671232877,Incidence,7.70814168782667e-10
NbyGQVwzFc_loc12_loop6,12,ITN 0%/IRS 0%/Larvicide 0%,0;0.4;0.4_0;0;0_0;0;0_-100;2;5475_-100;2;5475_-100;2;5475,13.7315068493151,Incidence,7.7459775071326e-10
NbyGQVwzFc_loc12_loop6,12,ITN 0%/IRS 0%/Larvicide 0%,0;0.4;0.4_0;0;0_0;0;0_-100;2;5475_-100;2;5475_-100;2;5475,13.7342465753425,Incidence,7.78392389538382e-10
NbyGQVwzFc_loc12_loop6,12,ITN 0%/IRS 0%/Larvicide 0%,0;0.4;0.4_0;0;0_0;0;0_-100;2;5475_-100;2;5475_-100;2;5475,13.7369863013699,Incidence,7.82197959528216e-10
NbyGQVwzFc_loc12_loop6,12,ITN 0%/IRS 0%/Larvicide 0%,0;0.4;0.4_0;0;0_0;0;0_-100;2;5475_-100;2;5475_-100;2;5475,13.7397260273973,Incidence,7.86015102064186e-10
NbyGQVwzFc_loc12_loop6,12,ITN 0%/IRS 0%/Larvicide 0%,0;0.4;0.4_0;0;0_0;0;0_-100;2;5475_-100;2;5475_-100;2;5475,13.7424657534247,Incidence,7.89843463123507e-10
NbyGQVwzFc_loc12_loop6,12,ITN 0%/IRS 0%/Larvicide 0%,0;0.4;0.4_0;0;0_0;0;0_-100;2;5475_-100;2;5475_-100;2;5475,13.7452054794521,Incidence,7.93682778007508e-10
NbyGQVwzFc_loc12_loop6,12,ITN 0%/IRS 0%/Larvicide 0%,0;0.4;0.4_0;0;0_0;0;0_-100;2;5475_-100;2;5475_-100;2;5475,13.7479452054795,Incidence,7.97533506644149e-10
NbyGQVwzFc_loc12_loop6,12,ITN 0%/IRS 0%/Larvicide 0%,0;0.4;0.4_0;0;0_0;0;0_-100;2;5475_-100;2;5475_-100;2;5475,13.7506849315069,Incidence,8.01395147526899e-10
NbyGQVwzFc_loc12_loop6,12,ITN 0%/IRS 0%/Larvicide 0%,0;0.4;0.4_0;0;0_0;0;0_-100;2;5475_-100;2;5475_-100;2;5475,13.7534246575342,Incidence,8.05267288178242e-10
NbyGQVwzFc_loc12_loop6,12,ITN 0%/IRS 0%/Larvicide 0%,0;0.4;0.4_0;0;0_0;0;0_-100;2;5475_-100;2;5475_-100;2;5475,13.7561643835616,Incidence,8.09150199283436e-10
NbyGQVwzFc_loc12_loop6,12,ITN 0%/IRS 0%/Larvicide 0%,0;0.4;0.4_0;0;0_0;0;0_-100;2;5475_-100;2;5475_-100;2;5475,13.758904109589,Incidence,8.13043977069964e-10
NbyGQVwzFc_loc12_loop6,12,ITN 0%/IRS 0%/Larvicide 0%,0;0.4;0.4_0;0;0_0;0;0_-100;2;5475_-100;2;5475_-100;2;5475,13.7616438356164,Incidence,8.16948729838343e-10
NbyGQVwzFc_loc12_loop6,12,ITN 0%/IRS 0%/Larvicide 0%,0;0.4;0.4_0;0;0_0;0;0_-100;2;5475_-100;2;5475_-100;2;5475,13.7643835616438,Incidence,8.20864516369585e-10
NbyGQVwzFc_loc12_loop6,12,ITN 0%/IRS 0%/Larvicide 0%,0;0.4;0.4_0;0;0_0;0;0_-100;2;5475_-100;2;5475_-100;2;5475,13.7671232876712,Incidence,8.24790614941968e-10
NbyGQVwzFc_loc12_loop6,12,ITN 0%/IRS 0%/Larvicide 0%,0;0.4;0.4_0;0;0_0;0;0_-100;2;5475_-100;2;5475_-100;2;5475,13.7698630136986,Incidence,8.28726560230863e-10
NbyGQVwzFc_loc12_loop6,12,ITN 0%/IRS 0%/Larvicide 0%,0;0.4;0.4_0;0;0_0;0;0_-100;2;5475_-100;2;5475_-100;2;5475,13.772602739726,Incidence,8.32672880157399e-10
NbyGQVwzFc_loc12_loop6,12,ITN 0%/IRS 0%/Larvicide 0%,0;0.4;0.4_0;0;0_0;0;0_-100;2;5475_-100;2;5475_-100;2;5475,13.7753424657534,Incidence,8.3662953210582e-10
NbyGQVwzFc_loc12_loop6,12,ITN 0%/IRS 0%/Larvicide 0%,0;0.4;0.4_0;0;0_0;0;0_-100;2;5475_-100;2;5475_-100;2;5475,13.7780821917808,Incidence,8.40596321963715e-10
NbyGQVwzFc_loc12_loop6,12,ITN 0%/IRS 0%/Larvicide 0%,0;0.4;0.4_0;0;0_0;0;0_-100;2;5475_-100;2;5475_-100;2;5475,13.7808219178082,Incidence,8.44573361608801e-10
NbyGQVwzFc_loc12_loop6,12,ITN 0%/IRS 0%/Larvicide 0%,0;0.4;0.4_0;0;0_0;0;0_-100;2;5475_-100;2;5475_-100;2;5475,13.7835616438356,Incidence,8.48560773233923e-10
NbyGQVwzFc_loc12_loop6,12,ITN 0%/IRS 0%/Larvicide 0%,0;0.4;0.4_0;0;0_0;0;0_-100;2;5475_-100;2;5475_-100;2;5475,13.786301369863,Incidence,8.52558295857936e-10
NbyGQVwzFc_loc12_loop6,12,ITN 0%/IRS 0%/Larvicide 0%,0;0.4;0.4_0;0;0_0;0;0_-100;2;5475_-100;2;5475_-100;2;5475,13.7890410958904,Incidence,8.5656574398791e-10
NbyGQVwzFc_loc12_loop6,12,ITN 0%/IRS 0%/Larvicide 0%,0;0.4;0.4_0;0;0_0;0;0_-100;2;5475_-100;2;5475_-100;2;5475,13.7917808219178,Incidence,8.60583373005192e-10
NbyGQVwzFc_loc12_loop6,12,ITN 0%/IRS 0%/Larvicide 0%,0;0.4;0.4_0;0;0_0;0;0_-100;2;5475_-100;2;5475_-100;2;5475,13.7945205479452,Incidence,8.64610873509611e-10
NbyGQVwzFc_loc12_loop6,12,ITN 0%/IRS 0%/Larvicide 0%,0;0.4;0.4_0;0;0_0;0;0_-100;2;5475_-100;2;5475_-100;2;5475,13.7972602739726,Incidence,8.68648392614276e-10
NbyGQVwzFc_loc12_loop6,12,ITN 0%/IRS 0%/Larvicide 0%,0;0.4;0.4_0;0;0_0;0;0_-100;2;5475_-100;2;5475_-100;2;5475,13.8,Incidence,8.72696278517208e-10
NbyGQVwzFc_loc12_loop6,12,ITN 0%/IRS 0%/Larvicide 0%,0;0.4;0.4_0;0;0_0;0;0_-100;2;5475_-100;2;5475_-100;2;5475,13.8027397260274,Incidence,8.76754634160971e-10
NbyGQVwzFc_loc12_loop6,12,ITN 0%/IRS 0%/Larvicide 0%,0;0.4;0.4_0;0;0_0;0;0_-100;2;5475_-100;2;5475_-100;2;5475,13.8054794520548,Incidence,8.80823229364512e-10
NbyGQVwzFc_loc12_loop6,12,ITN 0%/IRS 0%/Larvicide 0%,0;0.4;0.4_0;0;0_0;0;0_-100;2;5475_-100;2;5475_-100;2;5475,13.8082191780822,Incidence,8.84901667196742e-10
NbyGQVwzFc_loc12_loop6,12,ITN 0%/IRS 0%/Larvicide 0%,0;0.4;0.4_0;0;0_0;0;0_-100;2;5475_-100;2;5475_-100;2;5475,13.8109589041096,Incidence,8.88989919078422e-10
NbyGQVwzFc_loc12_loop6,12,ITN 0%/IRS 0%/Larvicide 0%,0;0.4;0.4_0;0;0_0;0;0_-100;2;5475_-100;2;5475_-100;2;5475,13.813698630137,Incidence,8.93088095075728e-10
NbyGQVwzFc_loc12_loop6,12,ITN 0%/IRS 0%/Larvicide 0%,0;0.4;0.4_0;0;0_0;0;0_-100;2;5475_-100;2;5475_-100;2;5475,13.8164383561644,Incidence,8.97196296401977e-10
NbyGQVwzFc_loc12_loop6,12,ITN 0%/IRS 0%/Larvicide 0%,0;0.4;0.4_0;0;0_0;0;0_-100;2;5475_-100;2;5475_-100;2;5475,13.8191780821918,Incidence,9.01314666497449e-10
NbyGQVwzFc_loc12_loop6,12,ITN 0%/IRS 0%/Larvicide 0%,0;0.4;0.4_0;0;0_0;0;0_-100;2;5475_-100;2;5475_-100;2;5475,13.8219178082192,Incidence,9.05442973650504e-10
NbyGQVwzFc_loc12_loop6,12,ITN 0%/IRS 0%/Larvicide 0%,0;0.4;0.4_0;0;0_0;0;0_-100;2;5475_-100;2;5475_-100;2;5475,13.8246575342466,Incidence,9.09581159987906e-10
NbyGQVwzFc_loc12_loop6,12,ITN 0%/IRS 0%/Larvicide 0%,0;0.4;0.4_0;0;0_0;0;0_-100;2;5475_-100;2;5475_-100;2;5475,13.827397260274,Incidence,9.13729830779722e-10
NbyGQVwzFc_loc12_loop6,12,ITN 0%/IRS 0%/Larvicide 0%,0;0.4;0.4_0;0;0_0;0;0_-100;2;5475_-100;2;5475_-100;2;5475,13.8301369863014,Incidence,9.17888955037745e-10
NbyGQVwzFc_loc12_loop6,12,ITN 0%/IRS 0%/Larvicide 0%,0;0.4;0.4_0;0;0_0;0;0_-100;2;5475_-100;2;5475_-100;2;5475,13.8328767123288,Incidence,9.22058085167564e-10
NbyGQVwzFc_loc12_loop6,12,ITN 0%/IRS 0%/Larvicide 0%,0;0.4;0.4_0;0;0_0;0;0_-100;2;5475_-100;2;5475_-100;2;5475,13.8356164383562,Incidence,9.26237158387244e-10
NbyGQVwzFc_loc12_loop6,12,ITN 0%/IRS 0%/Larvicide 0%,0;0.4;0.4_0;0;0_0;0;0_-100;2;5475_-100;2;5475_-100;2;5475,13.8383561643836,Incidence,9.30426447911276e-10
NbyGQVwzFc_loc12_loop6,12,ITN 0%/IRS 0%/Larvicide 0%,0;0.4;0.4_0;0;0_0;0;0_-100;2;5475_-100;2;5475_-100;2;5475,13.841095890411,Incidence,9.34626147113878e-10
NbyGQVwzFc_loc12_loop6,12,ITN 0%/IRS 0%/Larvicide 0%,0;0.4;0.4_0;0;0_0;0;0_-100;2;5475_-100;2;5475_-100;2;5475,13.8438356164384,Incidence,9.38836453666486e-10
NbyGQVwzFc_loc12_loop6,12,ITN 0%/IRS 0%/Larvicide 0%,0;0.4;0.4_0;0;0_0;0;0_-100;2;5475_-100;2;5475_-100;2;5475,13.8465753424658,Incidence,9.43057540976775e-10
NbyGQVwzFc_loc12_loop6,12,ITN 0%/IRS 0%/Larvicide 0%,0;0.4;0.4_0;0;0_0;0;0_-100;2;5475_-100;2;5475_-100;2;5475,13.8493150684932,Incidence,9.4728950113919e-10
NbyGQVwzFc_loc12_loop6,12,ITN 0%/IRS 0%/Larvicide 0%,0;0.4;0.4_0;0;0_0;0;0_-100;2;5475_-100;2;5475_-100;2;5475,13.8520547945205,Incidence,9.51532301321013e-10
NbyGQVwzFc_loc12_loop6,12,ITN 0%/IRS 0%/Larvicide 0%,0;0.4;0.4_0;0;0_0;0;0_-100;2;5475_-100;2;5475_-100;2;5475,13.8547945205479,Incidence,9.5578589002488e-10
NbyGQVwzFc_loc12_loop6,12,ITN 0%/IRS 0%/Larvicide 0%,0;0.4;0.4_0;0;0_0;0;0_-100;2;5475_-100;2;5475_-100;2;5475,13.8575342465753,Incidence,9.600502384626e-10
NbyGQVwzFc_loc12_loop6,12,ITN 0%/IRS 0%/Larvicide 0%,0;0.4;0.4_0;0;0_0;0;0_-100;2;5475_-100;2;5475_-100;2;5475,13.8602739726027,Incidence,9.64325289594171e-10
NbyGQVwzFc_loc12_loop6,12,ITN 0%/IRS 0%/Larvicide 0%,0;0.4;0.4_0;0;0_0;0;0_-100;2;5475_-100;2;5475_-100;2;5475,13.8630136986301,Incidence,9.6861099180411e-10
NbyGQVwzFc_loc12_loop6,12,ITN 0%/IRS 0%/Larvicide 0%,0;0.4;0.4_0;0;0_0;0;0_-100;2;5475_-100;2;5475_-100;2;5475,13.8657534246575,Incidence,9.72907557494229e-10
NbyGQVwzFc_loc12_loop6,12,ITN 0%/IRS 0%/Larvicide 0%,0;0.4;0.4_0;0;0_0;0;0_-100;2;5475_-100;2;5475_-100;2;5475,13.8684931506849,Incidence,9.77215124284041e-10
NbyGQVwzFc_loc12_loop6,12,ITN 0%/IRS 0%/Larvicide 0%,0;0.4;0.4_0;0;0_0;0;0_-100;2;5475_-100;2;5475_-100;2;5475,13.8712328767123,Incidence,9.81533746604843e-10
NbyGQVwzFc_loc12_loop6,12,ITN 0%/IRS 0%/Larvicide 0%,0;0.4;0.4_0;0;0_0;0;0_-100;2;5475_-100;2;5475_-100;2;5475,13.8739726027397,Incidence,9.85863395364887e-10
NbyGQVwzFc_loc12_loop6,12,ITN 0%/IRS 0%/Larvicide 0%,0;0.4;0.4_0;0;0_0;0;0_-100;2;5475_-100;2;5475_-100;2;5475,13.8767123287671,Incidence,9.90204020226495e-10
NbyGQVwzFc_loc12_loop6,12,ITN 0%/IRS 0%/Larvicide 0%,0;0.4;0.4_0;0;0_0;0;0_-100;2;5475_-100;2;5475_-100;2;5475,13.8794520547945,Incidence,9.94555841227118e-10
NbyGQVwzFc_loc12_loop6,12,ITN 0%/IRS 0%/Larvicide 0%,0;0.4;0.4_0;0;0_0;0;0_-100;2;5475_-100;2;5475_-100;2;5475,13.8821917808219,Incidence,9.98918302595859e-10
NbyGQVwzFc_loc12_loop6,12,ITN 0%/IRS 0%/Larvicide 0%,0;0.4;0.4_0;0;0_0;0;0_-100;2;5475_-100;2;5475_-100;2;5475,13.8849315068493,Incidence,1.00329145087711e-09
NbyGQVwzFc_loc12_loop6,12,ITN 0%/IRS 0%/Larvicide 0%,0;0.4;0.4_0;0;0_0;0;0_-100;2;5475_-100;2;5475_-100;2;5475,13.8876712328767,Incidence,1.00767608052643e-09
NbyGQVwzFc_loc12_loop6,12,ITN 0%/IRS 0%/Larvicide 0%,0;0.4;0.4_0;0;0_0;0;0_-100;2;5475_-100;2;5475_-100;2;5475,13.8904109589041,Incidence,1.01207241753671e-09
NbyGQVwzFc_loc12_loop6,12,ITN 0%/IRS 0%/Larvicide 0%,0;0.4;0.4_0;0;0_0;0;0_-100;2;5475_-100;2;5475_-100;2;5475,13.8931506849315,Incidence,1.01647980974291e-09
NbyGQVwzFc_loc12_loop6,12,ITN 0%/IRS 0%/Larvicide 0%,0;0.4;0.4_0;0;0_0;0;0_-100;2;5475_-100;2;5475_-100;2;5475,13.8958904109589,Incidence,1.02089815501733e-09
NbyGQVwzFc_loc12_loop6,12,ITN 0%/IRS 0%/Larvicide 0%,0;0.4;0.4_0;0;0_0;0;0_-100;2;5475_-100;2;5475_-100;2;5475,13.8986301369863,Incidence,1.02532769077365e-09
NbyGQVwzFc_loc12_loop6,12,ITN 0%/IRS 0%/Larvicide 0%,0;0.4;0.4_0;0;0_0;0;0_-100;2;5475_-100;2;5475_-100;2;5475,13.9013698630137,Incidence,1.02976869109652e-09
NbyGQVwzFc_loc12_loop6,12,ITN 0%/IRS 0%/Larvicide 0%,0;0.4;0.4_0;0;0_0;0;0_-100;2;5475_-100;2;5475_-100;2;5475,13.9041095890411,Incidence,1.03422130327675e-09
NbyGQVwzFc_loc12_loop6,12,ITN 0%/IRS 0%/Larvicide 0%,0;0.4;0.4_0;0;0_0;0;0_-100;2;5475_-100;2;5475_-100;2;5475,13.9068493150685,Incidence,1.03868571519448e-09
NbyGQVwzFc_loc12_loop6,12,ITN 0%/IRS 0%/Larvicide 0%,0;0.4;0.4_0;0;0_0;0;0_-100;2;5475_-100;2;5475_-100;2;5475,13.9095890410959,Incidence,1.04316200052049e-09
NbyGQVwzFc_loc12_loop6,12,ITN 0%/IRS 0%/Larvicide 0%,0;0.4;0.4_0;0;0_0;0;0_-100;2;5475_-100;2;5475_-100;2;5475,13.9123287671233,Incidence,1.04765026232563e-09
NbyGQVwzFc_loc12_loop6,12,ITN 0%/IRS 0%/Larvicide 0%,0;0.4;0.4_0;0;0_0;0;0_-100;2;5475_-100;2;5475_-100;2;5475,13.9150684931507,Incidence,1.05215141510947e-09
NbyGQVwzFc_loc12_loop6,12,ITN 0%/IRS 0%/Larvicide 0%,0;0.4;0.4_0;0;0_0;0;0_-100;2;5475_-100;2;5475_-100;2;5475,13.9178082191781,Incidence,1.05666545285246e-09
NbyGQVwzFc_loc12_loop6,12,ITN 0%/IRS 0%/Larvicide 0%,0;0.4;0.4_0;0;0_0;0;0_-100;2;5475_-100;2;5475_-100;2;5475,13.9205479452055,Incidence,1.06119225011455e-09
NbyGQVwzFc_loc12_loop6,12,ITN 0%/IRS 0%/Larvicide 0%,0;0.4;0.4_0;0;0_0;0;0_-100;2;5475_-100;2;5475_-100;2;5475,13.9232876712329,Incidence,1.06573227740896e-09
NbyGQVwzFc_loc12_loop6,12,ITN 0%/IRS 0%/Larvicide 0%,0;0.4;0.4_0;0;0_0;0;0_-100;2;5475_-100;2;5475_-100;2;5475,13.9260273972603,Incidence,1.0702851244274e-09
NbyGQVwzFc_loc12_loop6,12,ITN 0%/IRS 0%/Larvicide 0%,0;0.4;0.4_0;0;0_0;0;0_-100;2;5475_-100;2;5475_-100;2;5475,13.9287671232877,Incidence,1.07485078676491e-09
NbyGQVwzFc_loc12_loop6,12,ITN 0%/IRS 0%/Larvicide 0%,0;0.4;0.4_0;0;0_0;0;0_-100;2;5475_-100;2;5475_-100;2;5475,13.9315068493151,Incidence,1.07942946609645e-09
NbyGQVwzFc_loc12_loop6,12,ITN 0%/IRS 0%/Larvicide 0%,0;0.4;0.4_0;0;0_0;0;0_-100;2;5475_-100;2;5475_-100;2;5475,13.9342465753425,Incidence,1.08402107327279e-09
NbyGQVwzFc_loc12_loop6,12,ITN 0%/IRS 0%/Larvicide 0%,0;0.4;0.4_0;0;0_0;0;0_-100;2;5475_-100;2;5475_-100;2;5475,13.9369863013699,Incidence,1.08862615148798e-09
NbyGQVwzFc_loc12_loop6,12,ITN 0%/IRS 0%/Larvicide 0%,0;0.4;0.4_0;0;0_0;0;0_-100;2;5475_-100;2;5475_-100;2;5475,13.9397260273973,Incidence,1.09324438892675e-09
NbyGQVwzFc_loc12_loop6,12,ITN 0%/IRS 0%/Larvicide 0%,0;0.4;0.4_0;0;0_0;0;0_-100;2;5475_-100;2;5475_-100;2;5475,13.9424657534247,Incidence,1.09787573026602e-09
NbyGQVwzFc_loc12_loop6,12,ITN 0%/IRS 0%/Larvicide 0%,0;0.4;0.4_0;0;0_0;0;0_-100;2;5475_-100;2;5475_-100;2;5475,13.9452054794521,Incidence,1.10252036227968e-09
NbyGQVwzFc_loc12_loop6,12,ITN 0%/IRS 0%/Larvicide 0%,0;0.4;0.4_0;0;0_0;0;0_-100;2;5475_-100;2;5475_-100;2;5475,13.9479452054795,Incidence,1.10717858230409e-09
NbyGQVwzFc_loc12_loop6,12,ITN 0%/IRS 0%/Larvicide 0%,0;0.4;0.4_0;0;0_0;0;0_-100;2;5475_-100;2;5475_-100;2;5475,13.9506849315069,Incidence,1.11185055669656e-09
NbyGQVwzFc_loc12_loop6,12,ITN 0%/IRS 0%/Larvicide 0%,0;0.4;0.4_0;0;0_0;0;0_-100;2;5475_-100;2;5475_-100;2;5475,13.9534246575342,Incidence,1.11653576163711e-09
NbyGQVwzFc_loc12_loop6,12,ITN 0%/IRS 0%/Larvicide 0%,0;0.4;0.4_0;0;0_0;0;0_-100;2;5475_-100;2;5475_-100;2;5475,13.9561643835616,Incidence,1.1212344884495e-09
NbyGQVwzFc_loc12_loop6,12,ITN 0%/IRS 0%/Larvicide 0%,0;0.4;0.4_0;0;0_0;0;0_-100;2;5475_-100;2;5475_-100;2;5475,13.958904109589,Incidence,1.12594751526497e-09
NbyGQVwzFc_loc12_loop6,12,ITN 0%/IRS 0%/Larvicide 0%,0;0.4;0.4_0;0;0_0;0;0_-100;2;5475_-100;2;5475_-100;2;5475,13.9616438356164,Incidence,1.13067479149079e-09
NbyGQVwzFc_loc12_loop6,12,ITN 0%/IRS 0%/Larvicide 0%,0;0.4;0.4_0;0;0_0;0;0_-100;2;5475_-100;2;5475_-100;2;5475,13.9643835616438,Incidence,1.13541635268442e-09
NbyGQVwzFc_loc12_loop6,12,ITN 0%/IRS 0%/Larvicide 0%,0;0.4;0.4_0;0;0_0;0;0_-100;2;5475_-100;2;5475_-100;2;5475,13.9671232876712,Incidence,1.14017218814725e-09
NbyGQVwzFc_loc12_loop6,12,ITN 0%/IRS 0%/Larvicide 0%,0;0.4;0.4_0;0;0_0;0;0_-100;2;5475_-100;2;5475_-100;2;5475,13.9698630136986,Incidence,1.14494232586735e-09
NbyGQVwzFc_loc12_loop6,12,ITN 0%/IRS 0%/Larvicide 0%,0;0.4;0.4_0;0;0_0;0;0_-100;2;5475_-100;2;5475_-100;2;5475,13.972602739726,Incidence,1.14972711323477e-09
NbyGQVwzFc_loc12_loop6,12,ITN 0%/IRS 0%/Larvicide 0%,0;0.4;0.4_0;0;0_0;0;0_-100;2;5475_-100;2;5475_-100;2;5475,13.9753424657534,Incidence,1.15452620291455e-09
NbyGQVwzFc_loc12_loop6,12,ITN 0%/IRS 0%/Larvicide 0%,0;0.4;0.4_0;0;0_0;0;0_-100;2;5475_-100;2;5475_-100;2;5475,13.9780821917808,Incidence,1.15933923413793e-09
NbyGQVwzFc_loc12_loop6,12,ITN 0%/IRS 0%/Larvicide 0%,0;0.4;0.4_0;0;0_0;0;0_-100;2;5475_-100;2;5475_-100;2;5475,13.9808219178082,Incidence,1.16416640701198e-09
NbyGQVwzFc_loc12_loop6,12,ITN 0%/IRS 0%/Larvicide 0%,0;0.4;0.4_0;0;0_0;0;0_-100;2;5475_-100;2;5475_-100;2;5475,13.9835616438356,Incidence,1.16900834446556e-09
NbyGQVwzFc_loc12_loop6,12,ITN 0%/IRS 0%/Larvicide 0%,0;0.4;0.4_0;0;0_0;0;0_-100;2;5475_-100;2;5475_-100;2;5475,13.986301369863,Incidence,1.17386565752479e-09
NbyGQVwzFc_loc12_loop6,12,ITN 0%/IRS 0%/Larvicide 0%,0;0.4;0.4_0;0;0_0;0;0_-100;2;5475_-100;2;5475_-100;2;5475,13.9890410958904,Incidence,1.17873851593583e-09
NbyGQVwzFc_loc12_loop6,12,ITN 0%/IRS 0%/Larvicide 0%,0;0.4;0.4_0;0;0_0;0;0_-100;2;5475_-100;2;5475_-100;2;5475,13.9917808219178,Incidence,1.18362688519282e-09
NbyGQVwzFc_loc12_loop6,12,ITN 0%/IRS 0%/Larvicide 0%,0;0.4;0.4_0;0;0_0;0;0_-100;2;5475_-100;2;5475_-100;2;5475,13.9945205479452,Incidence,1.18853077166785e-09
NbyGQVwzFc_loc12_loop6,12,ITN 0%/IRS 0%/Larvicide 0%,0;0.4;0.4_0;0;0_0;0;0_-100;2;5475_-100;2;5475_-100;2;5475,13.9972602739726,Incidence,1.19345016060108e-09
NbyGQVwzFc_loc12_loop6,12,ITN 0%/IRS 0%/Larvicide 0%,0;0.4;0.4_0;0;0_0;0;0_-100;2;5475_-100;2;5475_-100;2;5475,14,Incidence,1.19838491290363e-09
NbyGQVwzFc_loc12_loop6,12,ITN 0%/IRS 0%/Larvicide 0%,0;0.4;0.4_0;0;0_0;0;0_-100;2;5475_-100;2;5475_-100;2;5475,14.0027397260274,Incidence,1.20333497444383e-09
NbyGQVwzFc_loc12_loop6,12,ITN 0%/IRS 0%/Larvicide 0%,0;0.4;0.4_0;0;0_0;0;0_-100;2;5475_-100;2;5475_-100;2;5475,14.0054794520548,Incidence,1.2083004406226e-09
NbyGQVwzFc_loc12_loop6,12,ITN 0%/IRS 0%/Larvicide 0%,0;0.4;0.4_0;0;0_0;0;0_-100;2;5475_-100;2;5475_-100;2;5475,14.0082191780822,Incidence,1.21328205345279e-09
NbyGQVwzFc_loc12_loop6,12,ITN 0%/IRS 0%/Larvicide 0%,0;0.4;0.4_0;0;0_0;0;0_-100;2;5475_-100;2;5475_-100;2;5475,14.0109589041096,Incidence,1.21828031042955e-09
NbyGQVwzFc_loc12_loop6,12,ITN 0%/IRS 0%/Larvicide 0%,0;0.4;0.4_0;0;0_0;0;0_-100;2;5475_-100;2;5475_-100;2;5475,14.013698630137,Incidence,1.22329519092073e-09
NbyGQVwzFc_loc12_loop6,12,ITN 0%/IRS 0%/Larvicide 0%,0;0.4;0.4_0;0;0_0;0;0_-100;2;5475_-100;2;5475_-100;2;5475,14.0164383561644,Incidence,1.22832685520719e-09
NbyGQVwzFc_loc12_loop6,12,ITN 0%/IRS 0%/Larvicide 0%,0;0.4;0.4_0;0;0_0;0;0_-100;2;5475_-100;2;5475_-100;2;5475,14.0191780821918,Incidence,1.23337544722624e-09
NbyGQVwzFc_loc12_loop6,12,ITN 0%/IRS 0%/Larvicide 0%,0;0.4;0.4_0;0;0_0;0;0_-100;2;5475_-100;2;5475_-100;2;5475,14.0219178082192,Incidence,1.23844095618363e-09
NbyGQVwzFc_loc12_loop6,12,ITN 0%/IRS 0%/Larvicide 0%,0;0.4;0.4_0;0;0_0;0;0_-100;2;5475_-100;2;5475_-100;2;5475,14.0246575342466,Incidence,1.24352315172064e-09
NbyGQVwzFc_loc12_loop6,12,ITN 0%/IRS 0%/Larvicide 0%,0;0.4;0.4_0;0;0_0;0;0_-100;2;5475_-100;2;5475_-100;2;5475,14.027397260274,Incidence,1.24862220476837e-09
NbyGQVwzFc_loc12_loop6,12,ITN 0%/IRS 0%/Larvicide 0%,0;0.4;0.4_0;0;0_0;0;0_-100;2;5475_-100;2;5475_-100;2;5475,14.0301369863014,Incidence,1.25373858627178e-09
NbyGQVwzFc_loc12_loop6,12,ITN 0%/IRS 0%/Larvicide 0%,0;0.4;0.4_0;0;0_0;0;0_-100;2;5475_-100;2;5475_-100;2;5475,14.0328767123288,Incidence,1.25887244769571e-09
NbyGQVwzFc_loc12_loop6,12,ITN 0%/IRS 0%/Larvicide 0%,0;0.4;0.4_0;0;0_0;0;0_-100;2;5475_-100;2;5475_-100;2;5475,14.0356164383562,Incidence,1.26402383651146e-09
NbyGQVwzFc_loc12_loop6,12,ITN 0%/IRS 0%/Larvicide 0%,0;0.4;0.4_0;0;0_0;0;0_-100;2;5475_-100;2;5475_-100;2;5475,14.0383561643836,Incidence,1.2691925726789e-09
NbyGQVwzFc_loc12_loop6,12,ITN 0%/IRS 0%/Larvicide 0%,0;0.4;0.4_0;0;0_0;0;0_-100;2;5475_-100;2;5475_-100;2;5475,14.041095890411,Incidence,1.27437873904867e-09
NbyGQVwzFc_loc12_loop6,12,ITN 0%/IRS 0%/Larvicide 0%,0;0.4;0.4_0;0;0_0;0;0_-100;2;5475_-100;2;5475_-100;2;5475,14.0438356164384,Incidence,1.27958269069032e-09
NbyGQVwzFc_loc12_loop6,12,ITN 0%/IRS 0%/Larvicide 0%,0;0.4;0.4_0;0;0_0;0;0_-100;2;5475_-100;2;5475_-100;2;5475,14.0465753424658,Incidence,1.28480448575689e-09
NbyGQVwzFc_loc12_loop6,12,ITN 0%/IRS 0%/Larvicide 0%,0;0.4;0.4_0;0;0_0;0;0_-100;2;5475_-100;2;5475_-100;2;5475,14.0493150684932,Incidence,1.29004417532285e-09
NbyGQVwzFc_loc12_loop6,12,ITN 0%/IRS 0%/Larvicide 0%,0;0.4;0.4_0;0;0_0;0;0_-100;2;5475_-100;2;5475_-100;2;5475,14.0520547945205,Incidence,1.29530206602061e-09
NbyGQVwzFc_loc12_loop6,12,ITN 0%/IRS 0%/Larvicide 0%,0;0.4;0.4_0;0;0_0;0;0_-100;2;5475_-100;2;5475_-100;2;5475,14.0547945205479,Incidence,1.30057838799423e-09
NbyGQVwzFc_loc12_loop6,12,ITN 0%/IRS 0%/Larvicide 0%,0;0.4;0.4_0;0;0_0;0;0_-100;2;5475_-100;2;5475_-100;2;5475,14.0575342465753,Incidence,1.30587310714827e-09
NbyGQVwzFc_loc12_loop6,12,ITN 0%/IRS 0%/Larvicide 0%,0;0.4;0.4_0;0;0_0;0;0_-100;2;5475_-100;2;5475_-100;2;5475,14.0602739726027,Incidence,1.31118626981017e-09
NbyGQVwzFc_loc12_loop6,12,ITN 0%/IRS 0%/Larvicide 0%,0;0.4;0.4_0;0;0_0;0;0_-100;2;5475_-100;2;5475_-100;2;5475,14.0630136986301,Incidence,1.31651799496022e-09
NbyGQVwzFc_loc12_loop6,12,ITN 0%/IRS 0%/Larvicide 0%,0;0.4;0.4_0;0;0_0;0;0_-100;2;5475_-100;2;5475_-100;2;5475,14.0657534246575,Incidence,1.32186811408546e-09
NbyGQVwzFc_loc12_loop6,12,ITN 0%/IRS 0%/Larvicide 0%,0;0.4;0.4_0;0;0_0;0;0_-100;2;5475_-100;2;5475_-100;2;5475,14.0684931506849,Incidence,1.32723681991522e-09
NbyGQVwzFc_loc12_loop6,12,ITN 0%/IRS 0%/Larvicide 0%,0;0.4;0.4_0;0;0_0;0;0_-100;2;5475_-100;2;5475_-100;2;5475,14.0712328767123,Incidence,1.33262452832169e-09
NbyGQVwzFc_loc12_loop6,12,ITN 0%/IRS 0%/Larvicide 0%,0;0.4;0.4_0;0;0_0;0;0_-100;2;5475_-100;2;5475_-100;2;5475,14.0739726027397,Incidence,1.33803142116563e-09
NbyGQVwzFc_loc12_loop6,12,ITN 0%/IRS 0%/Larvicide 0%,0;0.4;0.4_0;0;0_0;0;0_-100;2;5475_-100;2;5475_-100;2;5475,14.0767123287671,Incidence,1.34345758215992e-09
NbyGQVwzFc_loc12_loop6,12,ITN 0%/IRS 0%/Larvicide 0%,0;0.4;0.4_0;0;0_0;0;0_-100;2;5475_-100;2;5475_-100;2;5475,14.0794520547945,Incidence,1.34890323617861e-09
NbyGQVwzFc_loc12_loop6,12,ITN 0%/IRS 0%/Larvicide 0%,0;0.4;0.4_0;0;0_0;0;0_-100;2;5475_-100;2;5475_-100;2;5475,14.0821917808219,Incidence,1.35436844032733e-09
NbyGQVwzFc_loc12_loop6,12,ITN 0%/IRS 0%/Larvicide 0%,0;0.4;0.4_0;0;0_0;0;0_-100;2;5475_-100;2;5475_-100;2;5475,14.0849315068493,Incidence,1.35985319466459e-09
NbyGQVwzFc_loc12_loop6,12,ITN 0%/IRS 0%/Larvicide 0%,0;0.4;0.4_0;0;0_0;0;0_-100;2;5475_-100;2;5475_-100;2;5475,14.0876712328767,Incidence,1.36535745117065e-09
NbyGQVwzFc_loc12_loop6,12,ITN 0%/IRS 0%/Larvicide 0%,0;0.4;0.4_0;0;0_0;0;0_-100;2;5475_-100;2;5475_-100;2;5475,14.0904109589041,Incidence,1.37088135885354e-09
NbyGQVwzFc_loc12_loop6,12,ITN 0%/IRS 0%/Larvicide 0%,0;0.4;0.4_0;0;0_0;0;0_-100;2;5475_-100;2;5475_-100;2;5475,14.0931506849315,Incidence,1.37642535471053e-09
NbyGQVwzFc_loc12_loop6,12,ITN 0%/IRS 0%/Larvicide 0%,0;0.4;0.4_0;0;0_0;0;0_-100;2;5475_-100;2;5475_-100;2;5475,14.0958904109589,Incidence,1.38198955211632e-09
NbyGQVwzFc_loc12_loop6,12,ITN 0%/IRS 0%/Larvicide 0%,0;0.4;0.4_0;0;0_0;0;0_-100;2;5475_-100;2;5475_-100;2;5475,14.0986301369863,Incidence,1.38757414540307e-09
NbyGQVwzFc_loc12_loop6,12,ITN 0%/IRS 0%/Larvicide 0%,0;0.4;0.4_0;0;0_0;0;0_-100;2;5475_-100;2;5475_-100;2;5475,14.1013698630137,Incidence,1.39317927175088e-09
NbyGQVwzFc_loc12_loop6,12,ITN 0%/IRS 0%/Larvicide 0%,0;0.4;0.4_0;0;0_0;0;0_-100;2;5475_-100;2;5475_-100;2;5475,14.1041095890411,Incidence,1.39880493724828e-09
NbyGQVwzFc_loc12_loop6,12,ITN 0%/IRS 0%/Larvicide 0%,0;0.4;0.4_0;0;0_0;0;0_-100;2;5475_-100;2;5475_-100;2;5475,14.1068493150685,Incidence,1.40445133344118e-09
NbyGQVwzFc_loc12_loop6,12,ITN 0%/IRS 0%/Larvicide 0%,0;0.4;0.4_0;0;0_0;0;0_-100;2;5475_-100;2;5475_-100;2;5475,14.1095890410959,Incidence,1.41011853893847e-09
NbyGQVwzFc_loc12_loop6,12,ITN 0%/IRS 0%/Larvicide 0%,0;0.4;0.4_0;0;0_0;0;0_-100;2;5475_-100;2;5475_-100;2;5475,14.1123287671233,Incidence,1.41580663041925e-09
NbyGQVwzFc_loc12_loop6,12,ITN 0%/IRS 0%/Larvicide 0%,0;0.4;0.4_0;0;0_0;0;0_-100;2;5475_-100;2;5475_-100;2;5475,14.1150684931507,Incidence,1.42151583409753e-09
NbyGQVwzFc_loc12_loop6,12,ITN 0%/IRS 0%/Larvicide 0%,0;0.4;0.4_0;0;0_0;0;0_-100;2;5475_-100;2;5475_-100;2;5475,14.1178082191781,Incidence,1.42724622147574e-09
NbyGQVwzFc_loc12_loop6,12,ITN 0%/IRS 0%/Larvicide 0%,0;0.4;0.4_0;0;0_0;0;0_-100;2;5475_-100;2;5475_-100;2;5475,14.1205479452055,Incidence,1.43299792102572e-09
NbyGQVwzFc_loc12_loop6,12,ITN 0%/IRS 0%/Larvicide 0%,0;0.4;0.4_0;0;0_0;0;0_-100;2;5475_-100;2;5475_-100;2;5475,14.1232876712329,Incidence,1.43877095961257e-09
NbyGQVwzFc_loc12_loop6,12,ITN 0%/IRS 0%/Larvicide 0%,0;0.4;0.4_0;0;0_0;0;0_-100;2;5475_-100;2;5475_-100;2;5475,14.1260273972603,Incidence,1.44456549281757e-09
NbyGQVwzFc_loc12_loop6,12,ITN 0%/IRS 0%/Larvicide 0%,0;0.4;0.4_0;0;0_0;0;0_-100;2;5475_-100;2;5475_-100;2;5475,14.1287671232877,Incidence,1.45038167393344e-09
NbyGQVwzFc_loc12_loop6,12,ITN 0%/IRS 0%/Larvicide 0%,0;0.4;0.4_0;0;0_0;0;0_-100;2;5475_-100;2;5475_-100;2;5475,14.1315068493151,Incidence,1.4562196527715e-09
NbyGQVwzFc_loc12_loop6,12,ITN 0%/IRS 0%/Larvicide 0%,0;0.4;0.4_0;0;0_0;0;0_-100;2;5475_-100;2;5475_-100;2;5475,14.1342465753425,Incidence,1.4620795660106e-09
NbyGQVwzFc_loc12_loop6,12,ITN 0%/IRS 0%/Larvicide 0%,0;0.4;0.4_0;0;0_0;0;0_-100;2;5475_-100;2;5475_-100;2;5475,14.1369863013699,Incidence,1.46796155004421e-09
NbyGQVwzFc_loc12_loop6,12,ITN 0%/IRS 0%/Larvicide 0%,0;0.4;0.4_0;0;0_0;0;0_-100;2;5475_-100;2;5475_-100;2;5475,14.1397260273973,Incidence,1.47386605053781e-09
NbyGQVwzFc_loc12_loop6,12,ITN 0%/IRS 0%/Larvicide 0%,0;0.4;0.4_0;0;0_0;0;0_-100;2;5475_-100;2;5475_-100;2;5475,14.1424657534247,Incidence,1.47979324472175e-09
NbyGQVwzFc_loc12_loop6,12,ITN 0%/IRS 0%/Larvicide 0%,0;0.4;0.4_0;0;0_0;0;0_-100;2;5475_-100;2;5475_-100;2;5475,14.1452054794521,Incidence,1.48574291033092e-09
NbyGQVwzFc_loc12_loop6,12,ITN 0%/IRS 0%/Larvicide 0%,0;0.4;0.4_0;0;0_0;0;0_-100;2;5475_-100;2;5475_-100;2;5475,14.1479452054795,Incidence,1.49171508411826e-09
NbyGQVwzFc_loc12_loop6,12,ITN 0%/IRS 0%/Larvicide 0%,0;0.4;0.4_0;0;0_0;0;0_-100;2;5475_-100;2;5475_-100;2;5475,14.1506849315069,Incidence,1.49771022360613e-09
NbyGQVwzFc_loc12_loop6,12,ITN 0%/IRS 0%/Larvicide 0%,0;0.4;0.4_0;0;0_0;0;0_-100;2;5475_-100;2;5475_-100;2;5475,14.1534246575342,Incidence,1.50372859533945e-09
NbyGQVwzFc_loc12_loop6,12,ITN 0%/IRS 0%/Larvicide 0%,0;0.4;0.4_0;0;0_0;0;0_-100;2;5475_-100;2;5475_-100;2;5475,14.1561643835616,Incidence,1.50977022684993e-09
NbyGQVwzFc_loc12_loop6,12,ITN 0%/IRS 0%/Larvicide 0%,0;0.4;0.4_0;0;0_0;0;0_-100;2;5475_-100;2;5475_-100;2;5475,14.158904109589,Incidence,1.51583520359718e-09
NbyGQVwzFc_loc12_loop6,12,ITN 0%/IRS 0%/Larvicide 0%,0;0.4;0.4_0;0;0_0;0;0_-100;2;5475_-100;2;5475_-100;2;5475,14.1616438356164,Incidence,1.52192353927845e-09
NbyGQVwzFc_loc12_loop6,12,ITN 0%/IRS 0%/Larvicide 0%,0;0.4;0.4_0;0;0_0;0;0_-100;2;5475_-100;2;5475_-100;2;5475,14.1643835616438,Incidence,1.52803531508159e-09
NbyGQVwzFc_loc12_loop6,12,ITN 0%/IRS 0%/Larvicide 0%,0;0.4;0.4_0;0;0_0;0;0_-100;2;5475_-100;2;5475_-100;2;5475,14.1671232876712,Incidence,1.53417086255439e-09
NbyGQVwzFc_loc12_loop6,12,ITN 0%/IRS 0%/Larvicide 0%,0;0.4;0.4_0;0;0_0;0;0_-100;2;5475_-100;2;5475_-100;2;5475,14.1698630136986,Incidence,1.54033045651651e-09
NbyGQVwzFc_loc12_loop6,12,ITN 0%/IRS 0%/Larvicide 0%,0;0.4;0.4_0;0;0_0;0;0_-100;2;5475_-100;2;5475_-100;2;5475,14.172602739726,Incidence,1.5465142094876e-09
NbyGQVwzFc_loc12_loop6,12,ITN 0%/IRS 0%/Larvicide 0%,0;0.4;0.4_0;0;0_0;0;0_-100;2;5475_-100;2;5475_-100;2;5475,14.1753424657534,Incidence,1.5527220805921e-09
NbyGQVwzFc_loc12_loop6,12,ITN 0%/IRS 0%/Larvicide 0%,0;0.4;0.4_0;0;0_0;0;0_-100;2;5475_-100;2;5475_-100;2;5475,14.1780821917808,Incidence,1.55895409342306e-09
NbyGQVwzFc_loc12_loop6,12,ITN 0%/IRS 0%/Larvicide 0%,0;0.4;0.4_0;0;0_0;0;0_-100;2;5475_-100;2;5475_-100;2;5475,14.1808219178082,Incidence,1.56521045507366e-09
NbyGQVwzFc_loc12_loop6,12,ITN 0%/IRS 0%/Larvicide 0%,0;0.4;0.4_0;0;0_0;0;0_-100;2;5475_-100;2;5475_-100;2;5475,14.1835616438356,Incidence,1.57149144003077e-09
NbyGQVwzFc_loc12_loop6,12,ITN 0%/IRS 0%/Larvicide 0%,0;0.4;0.4_0;0;0_0;0;0_-100;2;5475_-100;2;5475_-100;2;5475,14.186301369863,Incidence,1.57779731702167e-09
NbyGQVwzFc_loc12_loop6,12,ITN 0%/IRS 0%/Larvicide 0%,0;0.4;0.4_0;0;0_0;0;0_-100;2;5475_-100;2;5475_-100;2;5475,14.1890410958904,Incidence,1.58412801735908e-09
NbyGQVwzFc_loc12_loop6,12,ITN 0%/IRS 0%/Larvicide 0%,0;0.4;0.4_0;0;0_0;0;0_-100;2;5475_-100;2;5475_-100;2;5475,14.1917808219178,Incidence,1.59048355213546e-09
NbyGQVwzFc_loc12_loop6,12,ITN 0%/IRS 0%/Larvicide 0%,0;0.4;0.4_0;0;0_0;0;0_-100;2;5475_-100;2;5475_-100;2;5475,14.1945205479452,Incidence,1.59686416129661e-09
NbyGQVwzFc_loc12_loop6,12,ITN 0%/IRS 0%/Larvicide 0%,0;0.4;0.4_0;0;0_0;0;0_-100;2;5475_-100;2;5475_-100;2;5475,14.1972602739726,Incidence,1.60327006489759e-09
NbyGQVwzFc_loc12_loop6,12,ITN 0%/IRS 0%/Larvicide 0%,0;0.4;0.4_0;0;0_0;0;0_-100;2;5475_-100;2;5475_-100;2;5475,14.2,Incidence,1.60970150326026e-09
NbyGQVwzFc_loc12_loop6,12,ITN 0%/IRS 0%/Larvicide 0%,0;0.4;0.4_0;0;0_0;0;0_-100;2;5475_-100;2;5475_-100;2;5475,14.2027397260274,Incidence,1.61615843416841e-09
NbyGQVwzFc_loc12_loop6,12,ITN 0%/IRS 0%/Larvicide 0%,0;0.4;0.4_0;0;0_0;0;0_-100;2;5475_-100;2;5475_-100;2;5475,14.2054794520548,Incidence,1.62264084593233e-09
NbyGQVwzFc_loc12_loop6,12,ITN 0%/IRS 0%/Larvicide 0%,0;0.4;0.4_0;0;0_0;0;0_-100;2;5475_-100;2;5475_-100;2;5475,14.2082191780822,Incidence,1.62914896104546e-09
NbyGQVwzFc_loc12_loop6,12,ITN 0%/IRS 0%/Larvicide 0%,0;0.4;0.4_0;0;0_0;0;0_-100;2;5475_-100;2;5475_-100;2;5475,14.2109589041096,Incidence,1.63568299213209e-09
NbyGQVwzFc_loc12_loop6,12,ITN 0%/IRS 0%/Larvicide 0%,0;0.4;0.4_0;0;0_0;0;0_-100;2;5475_-100;2;5475_-100;2;5475,14.213698630137,Incidence,1.6422431732193e-09
NbyGQVwzFc_loc12_loop6,12,ITN 0%/IRS 0%/Larvicide 0%,0;0.4;0.4_0;0;0_0;0;0_-100;2;5475_-100;2;5475_-100;2;5475,14.2164383561644,Incidence,1.64882973454713e-09
NbyGQVwzFc_loc12_loop6,12,ITN 0%/IRS 0%/Larvicide 0%,0;0.4;0.4_0;0;0_0;0;0_-100;2;5475_-100;2;5475_-100;2;5475,14.2191780821918,Incidence,1.65544288869392e-09
NbyGQVwzFc_loc12_loop6,12,ITN 0%/IRS 0%/Larvicide 0%,0;0.4;0.4_0;0;0_0;0;0_-100;2;5475_-100;2;5475_-100;2;5475,14.2219178082192,Incidence,1.66208258207505e-09
NbyGQVwzFc_loc12_loop6,12,ITN 0%/IRS 0%/Larvicide 0%,0;0.4;0.4_0;0;0_0;0;0_-100;2;5475_-100;2;5475_-100;2;5475,14.2246575342466,Incidence,1.66874879628785e-09
NbyGQVwzFc_loc12_loop6,12,ITN 0%/IRS 0%/Larvicide 0%,0;0.4;0.4_0;0;0_0;0;0_-100;2;5475_-100;2;5475_-100;2;5475,14.227397260274,Incidence,1.67544171614668e-09
NbyGQVwzFc_loc12_loop6,12,ITN 0%/IRS 0%/Larvicide 0%,0;0.4;0.4_0;0;0_0;0;0_-100;2;5475_-100;2;5475_-100;2;5475,14.2301369863014,Incidence,1.68216152797005e-09
NbyGQVwzFc_loc12_loop6,12,ITN 0%/IRS 0%/Larvicide 0%,0;0.4;0.4_0;0;0_0;0;0_-100;2;5475_-100;2;5475_-100;2;5475,14.2328767123288,Incidence,1.68890845446615e-09
NbyGQVwzFc_loc12_loop6,12,ITN 0%/IRS 0%/Larvicide 0%,0;0.4;0.4_0;0;0_0;0;0_-100;2;5475_-100;2;5475_-100;2;5475,14.2356164383562,Incidence,1.69568271756147e-09
NbyGQVwzFc_loc12_loop6,12,ITN 0%/IRS 0%/Larvicide 0%,0;0.4;0.4_0;0;0_0;0;0_-100;2;5475_-100;2;5475_-100;2;5475,14.2383561643836,Incidence,1.70248451888766e-09
NbyGQVwzFc_loc12_loop6,12,ITN 0%/IRS 0%/Larvicide 0%,0;0.4;0.4_0;0;0_0;0;0_-100;2;5475_-100;2;5475_-100;2;5475,14.241095890411,Incidence,1.70931405459258e-09
NbyGQVwzFc_loc12_loop6,12,ITN 0%/IRS 0%/Larvicide 0%,0;0.4;0.4_0;0;0_0;0;0_-100;2;5475_-100;2;5475_-100;2;5475,14.2438356164384,Incidence,1.71617150635315e-09
NbyGQVwzFc_loc12_loop6,12,ITN 0%/IRS 0%/Larvicide 0%,0;0.4;0.4_0;0;0_0;0;0_-100;2;5475_-100;2;5475_-100;2;5475,14.2465753424658,Incidence,1.72305704950423e-09
NbyGQVwzFc_loc12_loop6,12,ITN 0%/IRS 0%/Larvicide 0%,0;0.4;0.4_0;0;0_0;0;0_-100;2;5475_-100;2;5475_-100;2;5475,14.2493150684932,Incidence,1.72997061250163e-09
NbyGQVwzFc_loc12_loop6,12,ITN 0%/IRS 0%/Larvicide 0%,0;0.4;0.4_0;0;0_0;0;0_-100;2;5475_-100;2;5475_-100;2;5475,14.2520547945205,Incidence,1.73691218655472e-09
NbyGQVwzFc_loc12_loop6,12,ITN 0%/IRS 0%/Larvicide 0%,0;0.4;0.4_0;0;0_0;0;0_-100;2;5475_-100;2;5475_-100;2;5475,14.2547945205479,Incidence,1.74388196943882e-09
NbyGQVwzFc_loc12_loop6,12,ITN 0%/IRS 0%/Larvicide 0%,0;0.4;0.4_0;0;0_0;0;0_-100;2;5475_-100;2;5475_-100;2;5475,14.2575342465753,Incidence,1.75088023223893e-09
NbyGQVwzFc_loc12_loop6,12,ITN 0%/IRS 0%/Larvicide 0%,0;0.4;0.4_0;0;0_0;0;0_-100;2;5475_-100;2;5475_-100;2;5475,14.2602739726027,Incidence,1.75790713939841e-09
NbyGQVwzFc_loc12_loop6,12,ITN 0%/IRS 0%/Larvicide 0%,0;0.4;0.4_0;0;0_0;0;0_-100;2;5475_-100;2;5475_-100;2;5475,14.2630136986301,Incidence,1.76496282454798e-09
NbyGQVwzFc_loc12_loop6,12,ITN 0%/IRS 0%/Larvicide 0%,0;0.4;0.4_0;0;0_0;0;0_-100;2;5475_-100;2;5475_-100;2;5475,14.2657534246575,Incidence,1.77204758046923e-09
NbyGQVwzFc_loc12_loop6,12,ITN 0%/IRS 0%/Larvicide 0%,0;0.4;0.4_0;0;0_0;0;0_-100;2;5475_-100;2;5475_-100;2;5475,14.2684931506849,Incidence,1.77916146557575e-09
NbyGQVwzFc_loc12_loop6,12,ITN 0%/IRS 0%/Larvicide 0%,0;0.4;0.4_0;0;0_0;0;0_-100;2;5475_-100;2;5475_-100;2;5475,14.2712328767123,Incidence,1.7863046006824e-09
NbyGQVwzFc_loc12_loop6,12,ITN 0%/IRS 0%/Larvicide 0%,0;0.4;0.4_0;0;0_0;0;0_-100;2;5475_-100;2;5475_-100;2;5475,14.2739726027397,Incidence,1.79347722065598e-09
NbyGQVwzFc_loc12_loop6,12,ITN 0%/IRS 0%/Larvicide 0%,0;0.4;0.4_0;0;0_0;0;0_-100;2;5475_-100;2;5475_-100;2;5475,14.2767123287671,Incidence,1.80067937499818e-09
NbyGQVwzFc_loc12_loop6,12,ITN 0%/IRS 0%/Larvicide 0%,0;0.4;0.4_0;0;0_0;0;0_-100;2;5475_-100;2;5475_-100;2;5475,14.2794520547945,Incidence,1.8079110766603e-09
NbyGQVwzFc_loc12_loop6,12,ITN 0%/IRS 0%/Larvicide 0%,0;0.4;0.4_0;0;0_0;0;0_-100;2;5475_-100;2;5475_-100;2;5475,14.2821917808219,Incidence,1.81517249942331e-09
NbyGQVwzFc_loc12_loop6,12,ITN 0%/IRS 0%/Larvicide 0%,0;0.4;0.4_0;0;0_0;0;0_-100;2;5475_-100;2;5475_-100;2;5475,14.2849315068493,Incidence,1.82246390462514e-09
NbyGQVwzFc_loc12_loop6,12,ITN 0%/IRS 0%/Larvicide 0%,0;0.4;0.4_0;0;0_0;0;0_-100;2;5475_-100;2;5475_-100;2;5475,14.2876712328767,Incidence,1.82978551849608e-09
NbyGQVwzFc_loc12_loop6,12,ITN 0%/IRS 0%/Larvicide 0%,0;0.4;0.4_0;0;0_0;0;0_-100;2;5475_-100;2;5475_-100;2;5475,14.2904109589041,Incidence,1.83713754813798e-09
NbyGQVwzFc_loc12_loop6,12,ITN 0%/IRS 0%/Larvicide 0%,0;0.4;0.4_0;0;0_0;0;0_-100;2;5475_-100;2;5475_-100;2;5475,14.2931506849315,Incidence,1.84452006371827e-09
NbyGQVwzFc_loc12_loop6,12,ITN 0%/IRS 0%/Larvicide 0%,0;0.4;0.4_0;0;0_0;0;0_-100;2;5475_-100;2;5475_-100;2;5475,14.2958904109589,Incidence,1.85193314095723e-09
NbyGQVwzFc_loc12_loop6,12,ITN 0%/IRS 0%/Larvicide 0%,0;0.4;0.4_0;0;0_0;0;0_-100;2;5475_-100;2;5475_-100;2;5475,14.2986301369863,Incidence,1.85937690583732e-09
NbyGQVwzFc_loc12_loop6,12,ITN 0%/IRS 0%/Larvicide 0%,0;0.4;0.4_0;0;0_0;0;0_-100;2;5475_-100;2;5475_-100;2;5475,14.3013698630137,Incidence,1.86685154437035e-09
NbyGQVwzFc_loc12_loop6,12,ITN 0%/IRS 0%/Larvicide 0%,0;0.4;0.4_0;0;0_0;0;0_-100;2;5475_-100;2;5475_-100;2;5475,14.3041095890411,Incidence,1.87435724905468e-09
NbyGQVwzFc_loc12_loop6,12,ITN 0%/IRS 0%/Larvicide 0%,0;0.4;0.4_0;0;0_0;0;0_-100;2;5475_-100;2;5475_-100;2;5475,14.3068493150685,Incidence,1.88189420896706e-09
NbyGQVwzFc_loc12_loop6,12,ITN 0%/IRS 0%/Larvicide 0%,0;0.4;0.4_0;0;0_0;0;0_-100;2;5475_-100;2;5475_-100;2;5475,14.3095890410959,Incidence,1.88946260798375e-09
NbyGQVwzFc_loc12_loop6,12,ITN 0%/IRS 0%/Larvicide 0%,0;0.4;0.4_0;0;0_0;0;0_-100;2;5475_-100;2;5475_-100;2;5475,14.3123287671233,Incidence,1.89706262550658e-09
NbyGQVwzFc_loc12_loop6,12,ITN 0%/IRS 0%/Larvicide 0%,0;0.4;0.4_0;0;0_0;0;0_-100;2;5475_-100;2;5475_-100;2;5475,14.3150684931507,Incidence,1.90469443693152e-09
NbyGQVwzFc_loc12_loop6,12,ITN 0%/IRS 0%/Larvicide 0%,0;0.4;0.4_0;0;0_0;0;0_-100;2;5475_-100;2;5475_-100;2;5475,14.3178082191781,Incidence,1.91235821420177e-09
NbyGQVwzFc_loc12_loop6,12,ITN 0%/IRS 0%/Larvicide 0%,0;0.4;0.4_0;0;0_0;0;0_-100;2;5475_-100;2;5475_-100;2;5475,14.3205479452055,Incidence,1.92005412649428e-09
NbyGQVwzFc_loc12_loop6,12,ITN 0%/IRS 0%/Larvicide 0%,0;0.4;0.4_0;0;0_0;0;0_-100;2;5475_-100;2;5475_-100;2;5475,14.3232876712329,Incidence,1.92778234081763e-09
NbyGQVwzFc_loc12_loop6,12,ITN 0%/IRS 0%/Larvicide 0%,0;0.4;0.4_0;0;0_0;0;0_-100;2;5475_-100;2;5475_-100;2;5475,14.3260273972603,Incidence,1.93554302254297e-09
NbyGQVwzFc_loc12_loop6,12,ITN 0%/IRS 0%/Larvicide 0%,0;0.4;0.4_0;0;0_0;0;0_-100;2;5475_-100;2;5475_-100;2;5475,14.3287671232877,Incidence,1.94333633518506e-09
NbyGQVwzFc_loc12_loop6,12,ITN 0%/IRS 0%/Larvicide 0%,0;0.4;0.4_0;0;0_0;0;0_-100;2;5475_-100;2;5475_-100;2;5475,14.3315068493151,Incidence,1.95116244394535e-09
NbyGQVwzFc_loc12_loop6,12,ITN 0%/IRS 0%/Larvicide 0%,0;0.4;0.4_0;0;0_0;0;0_-100;2;5475_-100;2;5475_-100;2;5475,14.3342465753425,Incidence,1.959021509787e-09
NbyGQVwzFc_loc12_loop6,12,ITN 0%/IRS 0%/Larvicide 0%,0;0.4;0.4_0;0;0_0;0;0_-100;2;5475_-100;2;5475_-100;2;5475,14.3369863013699,Incidence,1.96691369760183e-09
NbyGQVwzFc_loc12_loop6,12,ITN 0%/IRS 0%/Larvicide 0%,0;0.4;0.4_0;0;0_0;0;0_-100;2;5475_-100;2;5475_-100;2;5475,14.3397260273973,Incidence,1.97483917054302e-09
NbyGQVwzFc_loc12_loop6,12,ITN 0%/IRS 0%/Larvicide 0%,0;0.4;0.4_0;0;0_0;0;0_-100;2;5475_-100;2;5475_-100;2;5475,14.3424657534247,Incidence,1.98279808566238e-09
NbyGQVwzFc_loc12_loop6,12,ITN 0%/IRS 0%/Larvicide 0%,0;0.4;0.4_0;0;0_0;0;0_-100;2;5475_-100;2;5475_-100;2;5475,14.3452054794521,Incidence,1.99079061022174e-09
NbyGQVwzFc_loc12_loop6,12,ITN 0%/IRS 0%/Larvicide 0%,0;0.4;0.4_0;0;0_0;0;0_-100;2;5475_-100;2;5475_-100;2;5475,14.3479452054795,Incidence,1.998816903881e-09
NbyGQVwzFc_loc12_loop6,12,ITN 0%/IRS 0%/Larvicide 0%,0;0.4;0.4_0;0;0_0;0;0_-100;2;5475_-100;2;5475_-100;2;5475,14.3506849315069,Incidence,2.00687699527671e-09
NbyGQVwzFc_loc12_loop6,12,ITN 0%/IRS 0%/Larvicide 0%,0;0.4;0.4_0;0;0_0;0;0_-100;2;5475_-100;2;5475_-100;2;5475,14.3534246575342,Incidence,2.01497101747578e-09
NbyGQVwzFc_loc12_loop6,12,ITN 0%/IRS 0%/Larvicide 0%,0;0.4;0.4_0;0;0_0;0;0_-100;2;5475_-100;2;5475_-100;2;5475,14.3561643835616,Incidence,2.02309921797532e-09
NbyGQVwzFc_loc12_loop6,12,ITN 0%/IRS 0%/Larvicide 0%,0;0.4;0.4_0;0;0_0;0;0_-100;2;5475_-100;2;5475_-100;2;5475,14.358904109589,Incidence,2.03126175708632e-09
NbyGQVwzFc_loc12_loop6,12,ITN 0%/IRS 0%/Larvicide 0%,0;0.4;0.4_0;0;0_0;0;0_-100;2;5475_-100;2;5475_-100;2;5475,14.3616438356164,Incidence,2.03945877772952e-09
NbyGQVwzFc_loc12_loop6,12,ITN 0%/IRS 0%/Larvicide 0%,0;0.4;0.4_0;0;0_0;0;0_-100;2;5475_-100;2;5475_-100;2;5475,14.3643835616438,Incidence,2.0476904930769e-09
NbyGQVwzFc_loc12_loop6,12,ITN 0%/IRS 0%/Larvicide 0%,0;0.4;0.4_0;0;0_0;0;0_-100;2;5475_-100;2;5475_-100;2;5475,14.3671232876712,Incidence,2.05595707707367e-09
NbyGQVwzFc_loc12_loop6,12,ITN 0%/IRS 0%/Larvicide 0%,0;0.4;0.4_0;0;0_0;0;0_-100;2;5475_-100;2;5475_-100;2;5475,14.3698630136986,Incidence,2.06425867377552e-09
NbyGQVwzFc_loc12_loop6,12,ITN 0%/IRS 0%/Larvicide 0%,0;0.4;0.4_0;0;0_0;0;0_-100;2;5475_-100;2;5475_-100;2;5475,14.372602739726,Incidence,2.0725953767845e-09
NbyGQVwzFc_loc12_loop6,12,ITN 0%/IRS 0%/Larvicide 0%,0;0.4;0.4_0;0;0_0;0;0_-100;2;5475_-100;2;5475_-100;2;5475,14.3753424657534,Incidence,2.08096742405776e-09
NbyGQVwzFc_loc12_loop6,12,ITN 0%/IRS 0%/Larvicide 0%,0;0.4;0.4_0;0;0_0;0;0_-100;2;5475_-100;2;5475_-100;2;5475,14.3780821917808,Incidence,2.08937508004399e-09
NbyGQVwzFc_loc12_loop6,12,ITN 0%/IRS 0%/Larvicide 0%,0;0.4;0.4_0;0;0_0;0;0_-100;2;5475_-100;2;5475_-100;2;5475,14.3808219178082,Incidence,2.09781850907203e-09
NbyGQVwzFc_loc12_loop6,12,ITN 0%/IRS 0%/Larvicide 0%,0;0.4;0.4_0;0;0_0;0;0_-100;2;5475_-100;2;5475_-100;2;5475,14.3835616438356,Incidence,2.10629786646409e-09
NbyGQVwzFc_loc12_loop6,12,ITN 0%/IRS 0%/Larvicide 0%,0;0.4;0.4_0;0;0_0;0;0_-100;2;5475_-100;2;5475_-100;2;5475,14.386301369863,Incidence,2.11481335478335e-09
NbyGQVwzFc_loc12_loop6,12,ITN 0%/IRS 0%/Larvicide 0%,0;0.4;0.4_0;0;0_0;0;0_-100;2;5475_-100;2;5475_-100;2;5475,14.3890410958904,Incidence,2.12336521839671e-09
NbyGQVwzFc_loc12_loop6,12,ITN 0%/IRS 0%/Larvicide 0%,0;0.4;0.4_0;0;0_0;0;0_-100;2;5475_-100;2;5475_-100;2;5475,14.3917808219178,Incidence,2.1319536572721e-09
NbyGQVwzFc_loc12_loop6,12,ITN 0%/IRS 0%/Larvicide 0%,0;0.4;0.4_0;0;0_0;0;0_-100;2;5475_-100;2;5475_-100;2;5475,14.3945205479452,Incidence,2.14057878197846e-09
NbyGQVwzFc_loc12_loop6,12,ITN 0%/IRS 0%/Larvicide 0%,0;0.4;0.4_0;0;0_0;0;0_-100;2;5475_-100;2;5475_-100;2;5475,14.3972602739726,Incidence,2.14924075286895e-09
NbyGQVwzFc_loc12_loop6,12,ITN 0%/IRS 0%/Larvicide 0%,0;0.4;0.4_0;0;0_0;0;0_-100;2;5475_-100;2;5475_-100;2;5475,14.4,Incidence,2.15793976056352e-09
NbyGQVwzFc_loc12_loop6,12,ITN 0%/IRS 0%/Larvicide 0%,0;0.4;0.4_0;0;0_0;0;0_-100;2;5475_-100;2;5475_-100;2;5475,14.4027397260274,Incidence,2.16667598873253e-09
NbyGQVwzFc_loc12_loop6,12,ITN 0%/IRS 0%/Larvicide 0%,0;0.4;0.4_0;0;0_0;0;0_-100;2;5475_-100;2;5475_-100;2;5475,14.4054794520548,Incidence,2.17544961690829e-09
NbyGQVwzFc_loc12_loop6,12,ITN 0%/IRS 0%/Larvicide 0%,0;0.4;0.4_0;0;0_0;0;0_-100;2;5475_-100;2;5475_-100;2;5475,14.4082191780822,Incidence,2.18426083021839e-09
NbyGQVwzFc_loc12_loop6,12,ITN 0%/IRS 0%/Larvicide 0%,0;0.4;0.4_0;0;0_0;0;0_-100;2;5475_-100;2;5475_-100;2;5475,14.4109589041096,Incidence,2.19310981274827e-09
NbyGQVwzFc_loc12_loop6,12,ITN 0%/IRS 0%/Larvicide 0%,0;0.4;0.4_0;0;0_0;0;0_-100;2;5475_-100;2;5475_-100;2;5475,14.413698630137,Incidence,2.20199674730226e-09
NbyGQVwzFc_loc12_loop6,12,ITN 0%/IRS 0%/Larvicide 0%,0;0.4;0.4_0;0;0_0;0;0_-100;2;5475_-100;2;5475_-100;2;5475,14.4164383561644,Incidence,2.21092181862905e-09
NbyGQVwzFc_loc12_loop6,12,ITN 0%/IRS 0%/Larvicide 0%,0;0.4;0.4_0;0;0_0;0;0_-100;2;5475_-100;2;5475_-100;2;5475,14.4191780821918,Incidence,2.21988521192849e-09
NbyGQVwzFc_loc12_loop6,12,ITN 0%/IRS 0%/Larvicide 0%,0;0.4;0.4_0;0;0_0;0;0_-100;2;5475_-100;2;5475_-100;2;5475,14.4219178082192,Incidence,2.22888711239738e-09
NbyGQVwzFc_loc12_loop6,12,ITN 0%/IRS 0%/Larvicide 0%,0;0.4;0.4_0;0;0_0;0;0_-100;2;5475_-100;2;5475_-100;2;5475,14.4246575342466,Incidence,2.23792770626249e-09
NbyGQVwzFc_loc12_loop6,12,ITN 0%/IRS 0%/Larvicide 0%,0;0.4;0.4_0;0;0_0;0;0_-100;2;5475_-100;2;5475_-100;2;5475,14.427397260274,Incidence,2.24700718049538e-09
NbyGQVwzFc_loc12_loop6,12,ITN 0%/IRS 0%/Larvicide 0%,0;0.4;0.4_0;0;0_0;0;0_-100;2;5475_-100;2;5475_-100;2;5475,14.4301369863014,Incidence,2.25612572257748e-09
NbyGQVwzFc_loc12_loop6,12,ITN 0%/IRS 0%/Larvicide 0%,0;0.4;0.4_0;0;0_0;0;0_-100;2;5475_-100;2;5475_-100;2;5475,14.4328767123288,Incidence,2.26528352081953e-09
NbyGQVwzFc_loc12_loop6,12,ITN 0%/IRS 0%/Larvicide 0%,0;0.4;0.4_0;0;0_0;0;0_-100;2;5475_-100;2;5475_-100;2;5475,14.4356164383562,Incidence,2.27448076434279e-09
NbyGQVwzFc_loc12_loop6,12,ITN 0%/IRS 0%/Larvicide 0%,0;0.4;0.4_0;0;0_0;0;0_-100;2;5475_-100;2;5475_-100;2;5475,14.4383561643836,Incidence,2.28371764298427e-09
NbyGQVwzFc_loc12_loop6,12,ITN 0%/IRS 0%/Larvicide 0%,0;0.4;0.4_0;0;0_0;0;0_-100;2;5475_-100;2;5475_-100;2;5475,14.441095890411,Incidence,2.29299434732462e-09
NbyGQVwzFc_loc12_loop6,12,ITN 0%/IRS 0%/Larvicide 0%,0;0.4;0.4_0;0;0_0;0;0_-100;2;5475_-100;2;5475_-100;2;5475,14.4438356164384,Incidence,2.30231106859602e-09
NbyGQVwzFc_loc12_loop6,12,ITN 0%/IRS 0%/Larvicide 0%,0;0.4;0.4_0;0;0_0;0;0_-100;2;5475_-100;2;5475_-100;2;5475,14.4465753424658,Incidence,2.31166799873707e-09
NbyGQVwzFc_loc12_loop6,12,ITN 0%/IRS 0%/Larvicide 0%,0;0.4;0.4_0;0;0_0;0;0_-100;2;5475_-100;2;5475_-100;2;5475,14.4493150684932,Incidence,2.32106533046517e-09
NbyGQVwzFc_loc12_loop6,12,ITN 0%/IRS 0%/Larvicide 0%,0;0.4;0.4_0;0;0_0;0;0_-100;2;5475_-100;2;5475_-100;2;5475,14.4520547945205,Incidence,2.33050325728684e-09
NbyGQVwzFc_loc12_loop6,12,ITN 0%/IRS 0%/Larvicide 0%,0;0.4;0.4_0;0;0_0;0;0_-100;2;5475_-100;2;5475_-100;2;5475,14.4547945205479,Incidence,2.33998197349137e-09
NbyGQVwzFc_loc12_loop6,12,ITN 0%/IRS 0%/Larvicide 0%,0;0.4;0.4_0;0;0_0;0;0_-100;2;5475_-100;2;5475_-100;2;5475,14.4575342465753,Incidence,2.34950167423281e-09
NbyGQVwzFc_loc12_loop6,12,ITN 0%/IRS 0%/Larvicide 0%,0;0.4;0.4_0;0;0_0;0;0_-100;2;5475_-100;2;5475_-100;2;5475,14.4602739726027,Incidence,2.35906255549693e-09
NbyGQVwzFc_loc12_loop6,12,ITN 0%/IRS 0%/Larvicide 0%,0;0.4;0.4_0;0;0_0;0;0_-100;2;5475_-100;2;5475_-100;2;5475,14.4630136986301,Incidence,2.36866481407058e-09
NbyGQVwzFc_loc12_loop6,12,ITN 0%/IRS 0%/Larvicide 0%,0;0.4;0.4_0;0;0_0;0;0_-100;2;5475_-100;2;5475_-100;2;5475,14.4657534246575,Incidence,2.37830864752252e-09
NbyGQVwzFc_loc12_loop6,12,ITN 0%/IRS 0%/Larvicide 0%,0;0.4;0.4_0;0;0_0;0;0_-100;2;5475_-100;2;5475_-100;2;5475,14.4684931506849,Incidence,2.38799425434181e-09
NbyGQVwzFc_loc12_loop6,12,ITN 0%/IRS 0%/Larvicide 0%,0;0.4;0.4_0;0;0_0;0;0_-100;2;5475_-100;2;5475_-100;2;5475,14.4712328767123,Incidence,2.39772183396655e-09
NbyGQVwzFc_loc12_loop6,12,ITN 0%/IRS 0%/Larvicide 0%,0;0.4;0.4_0;0;0_0;0;0_-100;2;5475_-100;2;5475_-100;2;5475,14.4739726027397,Incidence,2.40749158676343e-09
NbyGQVwzFc_loc12_loop6,12,ITN 0%/IRS 0%/Larvicide 0%,0;0.4;0.4_0;0;0_0;0;0_-100;2;5475_-100;2;5475_-100;2;5475,14.4767123287671,Incidence,2.41730371402513e-09
NbyGQVwzFc_loc12_loop6,12,ITN 0%/IRS 0%/Larvicide 0%,0;0.4;0.4_0;0;0_0;0;0_-100;2;5475_-100;2;5475_-100;2;5475,14.4794520547945,Incidence,2.42715841751401e-09
NbyGQVwzFc_loc12_loop6,12,ITN 0%/IRS 0%/Larvicide 0%,0;0.4;0.4_0;0;0_0;0;0_-100;2;5475_-100;2;5475_-100;2;5475,14.4821917808219,Incidence,2.43705590220743e-09
NbyGQVwzFc_loc12_loop6,12,ITN 0%/IRS 0%/Larvicide 0%,0;0.4;0.4_0;0;0_0;0;0_-100;2;5475_-100;2;5475_-100;2;5475,14.4849315068493,Incidence,2.44699637068992e-09
NbyGQVwzFc_loc12_loop6,12,ITN 0%/IRS 0%/Larvicide 0%,0;0.4;0.4_0;0;0_0;0;0_-100;2;5475_-100;2;5475_-100;2;5475,14.4876712328767,Incidence,2.45698002872303e-09
NbyGQVwzFc_loc12_loop6,12,ITN 0%/IRS 0%/Larvicide 0%,0;0.4;0.4_0;0;0_0;0;0_-100;2;5475_-100;2;5475_-100;2;5475,14.4904109589041,Incidence,2.46700708427461e-09
NbyGQVwzFc_loc12_loop6,12,ITN 0%/IRS 0%/Larvicide 0%,0;0.4;0.4_0;0;0_0;0;0_-100;2;5475_-100;2;5475_-100;2;5475,14.4931506849315,Incidence,2.47707774159579e-09
NbyGQVwzFc_loc12_loop6,12,ITN 0%/IRS 0%/Larvicide 0%,0;0.4;0.4_0;0;0_0;0;0_-100;2;5475_-100;2;5475_-100;2;5475,14.4958904109589,Incidence,2.48719221029605e-09
NbyGQVwzFc_loc12_loop6,12,ITN 0%/IRS 0%/Larvicide 0%,0;0.4;0.4_0;0;0_0;0;0_-100;2;5475_-100;2;5475_-100;2;5475,14.4986301369863,Incidence,2.49735069976823e-09
NbyGQVwzFc_loc12_loop6,12,ITN 0%/IRS 0%/Larvicide 0%,0;0.4;0.4_0;0;0_0;0;0_-100;2;5475_-100;2;5475_-100;2;5475,14.5013698630137,Incidence,2.5075534176517e-09
NbyGQVwzFc_loc12_loop6,12,ITN 0%/IRS 0%/Larvicide 0%,0;0.4;0.4_0;0;0_0;0;0_-100;2;5475_-100;2;5475_-100;2;5475,14.5041095890411,Incidence,2.51780058474425e-09
NbyGQVwzFc_loc12_loop6,12,ITN 0%/IRS 0%/Larvicide 0%,0;0.4;0.4_0;0;0_0;0;0_-100;2;5475_-100;2;5475_-100;2;5475,14.5068493150685,Incidence,2.52809243119828e-09
NbyGQVwzFc_loc12_loop6,12,ITN 0%/IRS 0%/Larvicide 0%,0;0.4;0.4_0;0;0_0;0;0_-100;2;5475_-100;2;5475_-100;2;5475,14.5095890410959,Incidence,2.53842919019457e-09
NbyGQVwzFc_loc12_loop6,12,ITN 0%/IRS 0%/Larvicide 0%,0;0.4;0.4_0;0;0_0;0;0_-100;2;5475_-100;2;5475_-100;2;5475,14.5123287671233,Incidence,2.54881110104677e-09
NbyGQVwzFc_loc12_loop6,12,ITN 0%/IRS 0%/Larvicide 0%,0;0.4;0.4_0;0;0_0;0;0_-100;2;5475_-100;2;5475_-100;2;5475,14.5150684931507,Incidence,2.5592383207244e-09
NbyGQVwzFc_loc12_loop6,12,ITN 0%/IRS 0%/Larvicide 0%,0;0.4;0.4_0;0;0_0;0;0_-100;2;5475_-100;2;5475_-100;2;5475,14.5178082191781,Incidence,2.56971105175478e-09
NbyGQVwzFc_loc12_loop6,12,ITN 0%/IRS 0%/Larvicide 0%,0;0.4;0.4_0;0;0_0;0;0_-100;2;5475_-100;2;5475_-100;2;5475,14.5205479452055,Incidence,2.58022951480513e-09
NbyGQVwzFc_loc12_loop6,12,ITN 0%/IRS 0%/Larvicide 0%,0;0.4;0.4_0;0;0_0;0;0_-100;2;5475_-100;2;5475_-100;2;5475,14.5232876712329,Incidence,2.59079392482961e-09
NbyGQVwzFc_loc12_loop6,12,ITN 0%/IRS 0%/Larvicide 0%,0;0.4;0.4_0;0;0_0;0;0_-100;2;5475_-100;2;5475_-100;2;5475,14.5260273972603,Incidence,2.60140449477206e-09
NbyGQVwzFc_loc12_loop6,12,ITN 0%/IRS 0%/Larvicide 0%,0;0.4;0.4_0;0;0_0;0;0_-100;2;5475_-100;2;5475_-100;2;5475,14.5287671232877,Incidence,2.61206144432586e-09
NbyGQVwzFc_loc12_loop6,12,ITN 0%/IRS 0%/Larvicide 0%,0;0.4;0.4_0;0;0_0;0;0_-100;2;5475_-100;2;5475_-100;2;5475,14.5315068493151,Incidence,2.62276499481088e-09
NbyGQVwzFc_loc12_loop6,12,ITN 0%/IRS 0%/Larvicide 0%,0;0.4;0.4_0;0;0_0;0;0_-100;2;5475_-100;2;5475_-100;2;5475,14.5342465753425,Incidence,2.63351536486628e-09
NbyGQVwzFc_loc12_loop6,12,ITN 0%/IRS 0%/Larvicide 0%,0;0.4;0.4_0;0;0_0;0;0_-100;2;5475_-100;2;5475_-100;2;5475,14.5369863013699,Incidence,2.64431277678344e-09
NbyGQVwzFc_loc12_loop6,12,ITN 0%/IRS 0%/Larvicide 0%,0;0.4;0.4_0;0;0_0;0;0_-100;2;5475_-100;2;5475_-100;2;5475,14.5397260273973,Incidence,2.65515745853116e-09
NbyGQVwzFc_loc12_loop6,12,ITN 0%/IRS 0%/Larvicide 0%,0;0.4;0.4_0;0;0_0;0;0_-100;2;5475_-100;2;5475_-100;2;5475,14.5424657534247,Incidence,2.66604965103185e-09
NbyGQVwzFc_loc12_loop6,12,ITN 0%/IRS 0%/Larvicide 0%,0;0.4;0.4_0;0;0_0;0;0_-100;2;5475_-100;2;5475_-100;2;5475,14.5452054794521,Incidence,2.67698961658591e-09
NbyGQVwzFc_loc12_loop6,12,ITN 0%/IRS 0%/Larvicide 0%,0;0.4;0.4_0;0;0_0;0;0_-100;2;5475_-100;2;5475_-100;2;5475,14.5479452054795,Incidence,2.68797754194365e-09
NbyGQVwzFc_loc12_loop6,12,ITN 0%/IRS 0%/Larvicide 0%,0;0.4;0.4_0;0;0_0;0;0_-100;2;5475_-100;2;5475_-100;2;5475,14.5506849315069,Incidence,2.69901363870722e-09
NbyGQVwzFc_loc12_loop6,12,ITN 0%/IRS 0%/Larvicide 0%,0;0.4;0.4_0;0;0_0;0;0_-100;2;5475_-100;2;5475_-100;2;5475,14.5534246575342,Incidence,2.71009813608735e-09
NbyGQVwzFc_loc12_loop6,12,ITN 0%/IRS 0%/Larvicide 0%,0;0.4;0.4_0;0;0_0;0;0_-100;2;5475_-100;2;5475_-100;2;5475,14.5561643835616,Incidence,2.72123126516801e-09
NbyGQVwzFc_loc12_loop6,12,ITN 0%/IRS 0%/Larvicide 0%,0;0.4;0.4_0;0;0_0;0;0_-100;2;5475_-100;2;5475_-100;2;5475,14.558904109589,Incidence,2.73241325136796e-09
NbyGQVwzFc_loc12_loop6,12,ITN 0%/IRS 0%/Larvicide 0%,0;0.4;0.4_0;0;0_0;0;0_-100;2;5475_-100;2;5475_-100;2;5475,14.5616438356164,Incidence,2.74364432592439e-09
NbyGQVwzFc_loc12_loop6,12,ITN 0%/IRS 0%/Larvicide 0%,0;0.4;0.4_0;0;0_0;0;0_-100;2;5475_-100;2;5475_-100;2;5475,14.5643835616438,Incidence,2.7549247258202e-09
NbyGQVwzFc_loc12_loop6,12,ITN 0%/IRS 0%/Larvicide 0%,0;0.4;0.4_0;0;0_0;0;0_-100;2;5475_-100;2;5475_-100;2;5475,14.5671232876712,Incidence,2.76625470276419e-09
NbyGQVwzFc_loc12_loop6,12,ITN 0%/IRS 0%/Larvicide 0%,0;0.4;0.4_0;0;0_0;0;0_-100;2;5475_-100;2;5475_-100;2;5475,14.5698630136986,Incidence,2.77763451649405e-09
NbyGQVwzFc_loc12_loop6,12,ITN 0%/IRS 0%/Larvicide 0%,0;0.4;0.4_0;0;0_0;0;0_-100;2;5475_-100;2;5475_-100;2;5475,14.572602739726,Incidence,2.78906437023784e-09
NbyGQVwzFc_loc12_loop6,12,ITN 0%/IRS 0%/Larvicide 0%,0;0.4;0.4_0;0;0_0;0;0_-100;2;5475_-100;2;5475_-100;2;5475,14.5753424657534,Incidence,2.80054448622861e-09
NbyGQVwzFc_loc12_loop6,12,ITN 0%/IRS 0%/Larvicide 0%,0;0.4;0.4_0;0;0_0;0;0_-100;2;5475_-100;2;5475_-100;2;5475,14.5780821917808,Incidence,2.81207510421736e-09
NbyGQVwzFc_loc12_loop6,12,ITN 0%/IRS 0%/Larvicide 0%,0;0.4;0.4_0;0;0_0;0;0_-100;2;5475_-100;2;5475_-100;2;5475,14.5808219178082,Incidence,2.82365646651316e-09
NbyGQVwzFc_loc12_loop6,12,ITN 0%/IRS 0%/Larvicide 0%,0;0.4;0.4_0;0;0_0;0;0_-100;2;5475_-100;2;5475_-100;2;5475,14.5835616438356,Incidence,2.83528882837299e-09
NbyGQVwzFc_loc12_loop6,12,ITN 0%/IRS 0%/Larvicide 0%,0;0.4;0.4_0;0;0_0;0;0_-100;2;5475_-100;2;5475_-100;2;5475,14.586301369863,Incidence,2.84697245270816e-09
NbyGQVwzFc_loc12_loop6,12,ITN 0%/IRS 0%/Larvicide 0%,0;0.4;0.4_0;0;0_0;0;0_-100;2;5475_-100;2;5475_-100;2;5475,14.5890410958904,Incidence,2.85870754984731e-09
NbyGQVwzFc_loc12_loop6,12,ITN 0%/IRS 0%/Larvicide 0%,0;0.4;0.4_0;0;0_0;0;0_-100;2;5475_-100;2;5475_-100;2;5475,14.5917808219178,Incidence,2.87049435329645e-09
NbyGQVwzFc_loc12_loop6,12,ITN 0%/IRS 0%/Larvicide 0%,0;0.4;0.4_0;0;0_0;0;0_-100;2;5475_-100;2;5475_-100;2;5475,14.5945205479452,Incidence,2.88233310817018e-09
NbyGQVwzFc_loc12_loop6,12,ITN 0%/IRS 0%/Larvicide 0%,0;0.4;0.4_0;0;0_0;0;0_-100;2;5475_-100;2;5475_-100;2;5475,14.5972602739726,Incidence,2.89422405965962e-09
NbyGQVwzFc_loc12_loop6,12,ITN 0%/IRS 0%/Larvicide 0%,0;0.4;0.4_0;0;0_0;0;0_-100;2;5475_-100;2;5475_-100;2;5475,14.6,Incidence,2.90616745557044e-09
NbyGQVwzFc_loc12_loop6,12,ITN 0%/IRS 0%/Larvicide 0%,0;0.4;0.4_0;0;0_0;0;0_-100;2;5475_-100;2;5475_-100;2;5475,14.6027397260274,Incidence,2.91816355770189e-09
NbyGQVwzFc_loc12_loop6,12,ITN 0%/IRS 0%/Larvicide 0%,0;0.4;0.4_0;0;0_0;0;0_-100;2;5475_-100;2;5475_-100;2;5475,14.6054794520548,Incidence,2.93021263902744e-09
NbyGQVwzFc_loc12_loop6,12,ITN 0%/IRS 0%/Larvicide 0%,0;0.4;0.4_0;0;0_0;0;0_-100;2;5475_-100;2;5475_-100;2;5475,14.6082191780822,Incidence,2.94231492088441e-09
NbyGQVwzFc_loc12_loop6,12,ITN 0%/IRS 0%/Larvicide 0%,0;0.4;0.4_0;0;0_0;0;0_-100;2;5475_-100;2;5475_-100;2;5475,14.6109589041096,Incidence,2.95447065839077e-09
NbyGQVwzFc_loc12_loop6,12,ITN 0%/IRS 0%/Larvicide 0%,0;0.4;0.4_0;0;0_0;0;0_-100;2;5475_-100;2;5475_-100;2;5475,14.613698630137,Incidence,2.96668012852337e-09
NbyGQVwzFc_loc12_loop6,12,ITN 0%/IRS 0%/Larvicide 0%,0;0.4;0.4_0;0;0_0;0;0_-100;2;5475_-100;2;5475_-100;2;5475,14.6164383561644,Incidence,2.97894355425343e-09
NbyGQVwzFc_loc12_loop6,12,ITN 0%/IRS 0%/Larvicide 0%,0;0.4;0.4_0;0;0_0;0;0_-100;2;5475_-100;2;5475_-100;2;5475,14.6191780821918,Incidence,2.99126117845764e-09
NbyGQVwzFc_loc12_loop6,12,ITN 0%/IRS 0%/Larvicide 0%,0;0.4;0.4_0;0;0_0;0;0_-100;2;5475_-100;2;5475_-100;2;5475,14.6219178082192,Incidence,3.00363326138486e-09
NbyGQVwzFc_loc12_loop6,12,ITN 0%/IRS 0%/Larvicide 0%,0;0.4;0.4_0;0;0_0;0;0_-100;2;5475_-100;2;5475_-100;2;5475,14.6246575342466,Incidence,3.01606006513869e-09
NbyGQVwzFc_loc12_loop6,12,ITN 0%/IRS 0%/Larvicide 0%,0;0.4;0.4_0;0;0_0;0;0_-100;2;5475_-100;2;5475_-100;2;5475,14.627397260274,Incidence,3.02854185507514e-09
NbyGQVwzFc_loc12_loop6,12,ITN 0%/IRS 0%/Larvicide 0%,0;0.4;0.4_0;0;0_0;0;0_-100;2;5475_-100;2;5475_-100;2;5475,14.6301369863014,Incidence,3.04107891357267e-09
NbyGQVwzFc_loc12_loop6,12,ITN 0%/IRS 0%/Larvicide 0%,0;0.4;0.4_0;0;0_0;0;0_-100;2;5475_-100;2;5475_-100;2;5475,14.6328767123288,Incidence,3.05367147843347e-09
NbyGQVwzFc_loc12_loop6,12,ITN 0%/IRS 0%/Larvicide 0%,0;0.4;0.4_0;0;0_0;0;0_-100;2;5475_-100;2;5475_-100;2;5475,14.6356164383562,Incidence,3.06631981031755e-09
NbyGQVwzFc_loc12_loop6,12,ITN 0%/IRS 0%/Larvicide 0%,0;0.4;0.4_0;0;0_0;0;0_-100;2;5475_-100;2;5475_-100;2;5475,14.6383561643836,Incidence,3.07902419733216e-09
NbyGQVwzFc_loc12_loop6,12,ITN 0%/IRS 0%/Larvicide 0%,0;0.4;0.4_0;0;0_0;0;0_-100;2;5475_-100;2;5475_-100;2;5475,14.641095890411,Incidence,3.09178487766526e-09
NbyGQVwzFc_loc12_loop6,12,ITN 0%/IRS 0%/Larvicide 0%,0;0.4;0.4_0;0;0_0;0;0_-100;2;5475_-100;2;5475_-100;2;5475,14.6438356164384,Incidence,3.10460210428091e-09
NbyGQVwzFc_loc12_loop6,12,ITN 0%/IRS 0%/Larvicide 0%,0;0.4;0.4_0;0;0_0;0;0_-100;2;5475_-100;2;5475_-100;2;5475,14.6465753424658,Incidence,3.11747614981246e-09
NbyGQVwzFc_loc12_loop6,12,ITN 0%/IRS 0%/Larvicide 0%,0;0.4;0.4_0;0;0_0;0;0_-100;2;5475_-100;2;5475_-100;2;5475,14.6493150684932,Incidence,3.13040728776813e-09
NbyGQVwzFc_loc12_loop6,12,ITN 0%/IRS 0%/Larvicide 0%,0;0.4;0.4_0;0;0_0;0;0_-100;2;5475_-100;2;5475_-100;2;5475,14.6520547945205,Incidence,3.14339579388701e-09
NbyGQVwzFc_loc12_loop6,12,ITN 0%/IRS 0%/Larvicide 0%,0;0.4;0.4_0;0;0_0;0;0_-100;2;5475_-100;2;5475_-100;2;5475,14.6547945205479,Incidence,3.15644195783619e-09
NbyGQVwzFc_loc12_loop6,12,ITN 0%/IRS 0%/Larvicide 0%,0;0.4;0.4_0;0;0_0;0;0_-100;2;5475_-100;2;5475_-100;2;5475,14.6575342465753,Incidence,3.16954603198093e-09
NbyGQVwzFc_loc12_loop6,12,ITN 0%/IRS 0%/Larvicide 0%,0;0.4;0.4_0;0;0_0;0;0_-100;2;5475_-100;2;5475_-100;2;5475,14.6602739726027,Incidence,3.18270829003859e-09
NbyGQVwzFc_loc12_loop6,12,ITN 0%/IRS 0%/Larvicide 0%,0;0.4;0.4_0;0;0_0;0;0_-100;2;5475_-100;2;5475_-100;2;5475,14.6630136986301,Incidence,3.19592902625919e-09
NbyGQVwzFc_loc12_loop6,12,ITN 0%/IRS 0%/Larvicide 0%,0;0.4;0.4_0;0;0_0;0;0_-100;2;5475_-100;2;5475_-100;2;5475,14.6657534246575,Incidence,3.20920849681029e-09
NbyGQVwzFc_loc12_loop6,12,ITN 0%/IRS 0%/Larvicide 0%,0;0.4;0.4_0;0;0_0;0;0_-100;2;5475_-100;2;5475_-100;2;5475,14.6684931506849,Incidence,3.22254697780948e-09
NbyGQVwzFc_loc12_loop6,12,ITN 0%/IRS 0%/Larvicide 0%,0;0.4;0.4_0;0;0_0;0;0_-100;2;5475_-100;2;5475_-100;2;5475,14.6712328767123,Incidence,3.23594476790681e-09
NbyGQVwzFc_loc12_loop6,12,ITN 0%/IRS 0%/Larvicide 0%,0;0.4;0.4_0;0;0_0;0;0_-100;2;5475_-100;2;5475_-100;2;5475,14.6739726027397,Incidence,3.24940212825292e-09
NbyGQVwzFc_loc12_loop6,12,ITN 0%/IRS 0%/Larvicide 0%,0;0.4;0.4_0;0;0_0;0;0_-100;2;5475_-100;2;5475_-100;2;5475,14.6767123287671,Incidence,3.26291933782143e-09
NbyGQVwzFc_loc12_loop6,12,ITN 0%/IRS 0%/Larvicide 0%,0;0.4;0.4_0;0;0_0;0;0_-100;2;5475_-100;2;5475_-100;2;5475,14.6794520547945,Incidence,3.27649669944383e-09
NbyGQVwzFc_loc12_loop6,12,ITN 0%/IRS 0%/Larvicide 0%,0;0.4;0.4_0;0;0_0;0;0_-100;2;5475_-100;2;5475_-100;2;5475,14.6821917808219,Incidence,3.29013447940553e-09
NbyGQVwzFc_loc12_loop6,12,ITN 0%/IRS 0%/Larvicide 0%,0;0.4;0.4_0;0;0_0;0;0_-100;2;5475_-100;2;5475_-100;2;5475,14.6849315068493,Incidence,3.30383295988569e-09
NbyGQVwzFc_loc12_loop6,12,ITN 0%/IRS 0%/Larvicide 0%,0;0.4;0.4_0;0;0_0;0;0_-100;2;5475_-100;2;5475_-100;2;5475,14.6876712328767,Incidence,3.31759244772607e-09
NbyGQVwzFc_loc12_loop6,12,ITN 0%/IRS 0%/Larvicide 0%,0;0.4;0.4_0;0;0_0;0;0_-100;2;5475_-100;2;5475_-100;2;5475,14.6904109589041,Incidence,3.33141321420907e-09
NbyGQVwzFc_loc12_loop6,12,ITN 0%/IRS 0%/Larvicide 0%,0;0.4;0.4_0;0;0_0;0;0_-100;2;5475_-100;2;5475_-100;2;5475,14.6931506849315,Incidence,3.3452955449679e-09
NbyGQVwzFc_loc12_loop6,12,ITN 0%/IRS 0%/Larvicide 0%,0;0.4;0.4_0;0;0_0;0;0_-100;2;5475_-100;2;5475_-100;2;5475,14.6958904109589,Incidence,3.35923975088535e-09
NbyGQVwzFc_loc12_loop6,12,ITN 0%/IRS 0%/Larvicide 0%,0;0.4;0.4_0;0;0_0;0;0_-100;2;5475_-100;2;5475_-100;2;5475,14.6986301369863,Incidence,3.37324610706215e-09
NbyGQVwzFc_loc12_loop6,12,ITN 0%/IRS 0%/Larvicide 0%,0;0.4;0.4_0;0;0_0;0;0_-100;2;5475_-100;2;5475_-100;2;5475,14.7013698630137,Incidence,3.3873149075129e-09
NbyGQVwzFc_loc12_loop6,12,ITN 0%/IRS 0%/Larvicide 0%,0;0.4;0.4_0;0;0_0;0;0_-100;2;5475_-100;2;5475_-100;2;5475,14.7041095890411,Incidence,3.40144646129316e-09
NbyGQVwzFc_loc12_loop6,12,ITN 0%/IRS 0%/Larvicide 0%,0;0.4;0.4_0;0;0_0;0;0_-100;2;5475_-100;2;5475_-100;2;5475,14.7068493150685,Incidence,3.41564105089235e-09
NbyGQVwzFc_loc12_loop6,12,ITN 0%/IRS 0%/Larvicide 0%,0;0.4;0.4_0;0;0_0;0;0_-100;2;5475_-100;2;5475_-100;2;5475,14.7095890410959,Incidence,3.42989897463101e-09
NbyGQVwzFc_loc12_loop6,12,ITN 0%/IRS 0%/Larvicide 0%,0;0.4;0.4_0;0;0_0;0;0_-100;2;5475_-100;2;5475_-100;2;5475,14.7123287671233,Incidence,3.44422054526575e-09
NbyGQVwzFc_loc12_loop6,12,ITN 0%/IRS 0%/Larvicide 0%,0;0.4;0.4_0;0;0_0;0;0_-100;2;5475_-100;2;5475_-100;2;5475,14.7150684931507,Incidence,3.45860604927432e-09
NbyGQVwzFc_loc12_loop6,12,ITN 0%/IRS 0%/Larvicide 0%,0;0.4;0.4_0;0;0_0;0;0_-100;2;5475_-100;2;5475_-100;2;5475,14.7178082191781,Incidence,3.47305579109033e-09
NbyGQVwzFc_loc12_loop6,12,ITN 0%/IRS 0%/Larvicide 0%,0;0.4;0.4_0;0;0_0;0;0_-100;2;5475_-100;2;5475_-100;2;5475,14.7205479452055,Incidence,3.48757009749779e-09
NbyGQVwzFc_loc12_loop6,12,ITN 0%/IRS 0%/Larvicide 0%,0;0.4;0.4_0;0;0_0;0;0_-100;2;5475_-100;2;5475_-100;2;5475,14.7232876712329,Incidence,3.50214926382754e-09
NbyGQVwzFc_loc12_loop6,12,ITN 0%/IRS 0%/Larvicide 0%,0;0.4;0.4_0;0;0_0;0;0_-100;2;5475_-100;2;5475_-100;2;5475,14.7260273972603,Incidence,3.51679357477794e-09
NbyGQVwzFc_loc12_loop6,12,ITN 0%/IRS 0%/Larvicide 0%,0;0.4;0.4_0;0;0_0;0;0_-100;2;5475_-100;2;5475_-100;2;5475,14.7287671232877,Incidence,3.53150334795773e-09
NbyGQVwzFc_loc12_loop6,12,ITN 0%/IRS 0%/Larvicide 0%,0;0.4;0.4_0;0;0_0;0;0_-100;2;5475_-100;2;5475_-100;2;5475,14.7315068493151,Incidence,3.54627890363836e-09
NbyGQVwzFc_loc12_loop6,12,ITN 0%/IRS 0%/Larvicide 0%,0;0.4;0.4_0;0;0_0;0;0_-100;2;5475_-100;2;5475_-100;2;5475,14.7342465753425,Incidence,3.56112053543345e-09
NbyGQVwzFc_loc12_loop6,12,ITN 0%/IRS 0%/Larvicide 0%,0;0.4;0.4_0;0;0_0;0;0_-100;2;5475_-100;2;5475_-100;2;5475,14.7369863013699,Incidence,3.57602856170796e-09
NbyGQVwzFc_loc12_loop6,12,ITN 0%/IRS 0%/Larvicide 0%,0;0.4;0.4_0;0;0_0;0;0_-100;2;5475_-100;2;5475_-100;2;5475,14.7397260273973,Incidence,3.59100331547823e-09
NbyGQVwzFc_loc12_loop6,12,ITN 0%/IRS 0%/Larvicide 0%,0;0.4;0.4_0;0;0_0;0;0_-100;2;5475_-100;2;5475_-100;2;5475,14.7424657534247,Incidence,3.60604510787494e-09
NbyGQVwzFc_loc12_loop6,12,ITN 0%/IRS 0%/Larvicide 0%,0;0.4;0.4_0;0;0_0;0;0_-100;2;5475_-100;2;5475_-100;2;5475,14.7452054794521,Incidence,3.62115424180736e-09
NbyGQVwzFc_loc12_loop6,12,ITN 0%/IRS 0%/Larvicide 0%,0;0.4;0.4_0;0;0_0;0;0_-100;2;5475_-100;2;5475_-100;2;5475,14.7479452054795,Incidence,3.63633105312606e-09
NbyGQVwzFc_loc12_loop6,12,ITN 0%/IRS 0%/Larvicide 0%,0;0.4;0.4_0;0;0_0;0;0_-100;2;5475_-100;2;5475_-100;2;5475,14.7506849315069,Incidence,3.6515758552925e-09
NbyGQVwzFc_loc12_loop6,12,ITN 0%/IRS 0%/Larvicide 0%,0;0.4;0.4_0;0;0_0;0;0_-100;2;5475_-100;2;5475_-100;2;5475,14.7534246575342,Incidence,3.66688895004715e-09
NbyGQVwzFc_loc12_loop6,12,ITN 0%/IRS 0%/Larvicide 0%,0;0.4;0.4_0;0;0_0;0;0_-100;2;5475_-100;2;5475_-100;2;5475,14.7561643835616,Incidence,3.68227066761368e-09
NbyGQVwzFc_loc12_loop6,12,ITN 0%/IRS 0%/Larvicide 0%,0;0.4;0.4_0;0;0_0;0;0_-100;2;5475_-100;2;5475_-100;2;5475,14.758904109589,Incidence,3.6977213439977e-09
NbyGQVwzFc_loc12_loop6,12,ITN 0%/IRS 0%/Larvicide 0%,0;0.4;0.4_0;0;0_0;0;0_-100;2;5475_-100;2;5475_-100;2;5475,14.7616438356164,Incidence,3.71324129026138e-09
NbyGQVwzFc_loc12_loop6,12,ITN 0%/IRS 0%/Larvicide 0%,0;0.4;0.4_0;0;0_0;0;0_-100;2;5475_-100;2;5475_-100;2;5475,14.7643835616438,Incidence,3.72883083877114e-09
NbyGQVwzFc_loc12_loop6,12,ITN 0%/IRS 0%/Larvicide 0%,0;0.4;0.4_0;0;0_0;0;0_-100;2;5475_-100;2;5475_-100;2;5475,14.7671232876712,Incidence,3.74449033701392e-09
NbyGQVwzFc_loc12_loop6,12,ITN 0%/IRS 0%/Larvicide 0%,0;0.4;0.4_0;0;0_0;0;0_-100;2;5475_-100;2;5475_-100;2;5475,14.7698630136986,Incidence,3.76022011190601e-09
NbyGQVwzFc_loc12_loop6,12,ITN 0%/IRS 0%/Larvicide 0%,0;0.4;0.4_0;0;0_0;0;0_-100;2;5475_-100;2;5475_-100;2;5475,14.772602739726,Incidence,3.77602048270461e-09
NbyGQVwzFc_loc12_loop6,12,ITN 0%/IRS 0%/Larvicide 0%,0;0.4;0.4_0;0;0_0;0;0_-100;2;5475_-100;2;5475_-100;2;5475,14.7753424657534,Incidence,3.79189179729832e-09
NbyGQVwzFc_loc12_loop6,12,ITN 0%/IRS 0%/Larvicide 0%,0;0.4;0.4_0;0;0_0;0;0_-100;2;5475_-100;2;5475_-100;2;5475,14.7780821917808,Incidence,3.80783439228151e-09
NbyGQVwzFc_loc12_loop6,12,ITN 0%/IRS 0%/Larvicide 0%,0;0.4;0.4_0;0;0_0;0;0_-100;2;5475_-100;2;5475_-100;2;5475,14.7808219178082,Incidence,3.82384859013314e-09
NbyGQVwzFc_loc12_loop6,12,ITN 0%/IRS 0%/Larvicide 0%,0;0.4;0.4_0;0;0_0;0;0_-100;2;5475_-100;2;5475_-100;2;5475,14.7835616438356,Incidence,3.83993474244128e-09
NbyGQVwzFc_loc12_loop6,12,ITN 0%/IRS 0%/Larvicide 0%,0;0.4;0.4_0;0;0_0;0;0_-100;2;5475_-100;2;5475_-100;2;5475,14.786301369863,Incidence,3.85609319228483e-09
NbyGQVwzFc_loc12_loop6,12,ITN 0%/IRS 0%/Larvicide 0%,0;0.4;0.4_0;0;0_0;0;0_-100;2;5475_-100;2;5475_-100;2;5475,14.7890410958904,Incidence,3.87232426598722e-09
NbyGQVwzFc_loc12_loop6,12,ITN 0%/IRS 0%/Larvicide 0%,0;0.4;0.4_0;0;0_0;0;0_-100;2;5475_-100;2;5475_-100;2;5475,14.7917808219178,Incidence,3.88862832013445e-09
NbyGQVwzFc_loc12_loop6,12,ITN 0%/IRS 0%/Larvicide 0%,0;0.4;0.4_0;0;0_0;0;0_-100;2;5475_-100;2;5475_-100;2;5475,14.7945205479452,Incidence,3.90500570227409e-09
NbyGQVwzFc_loc12_loop6,12,ITN 0%/IRS 0%/Larvicide 0%,0;0.4;0.4_0;0;0_0;0;0_-100;2;5475_-100;2;5475_-100;2;5475,14.7972602739726,Incidence,3.92145673931093e-09
NbyGQVwzFc_loc12_loop6,12,ITN 0%/IRS 0%/Larvicide 0%,0;0.4;0.4_0;0;0_0;0;0_-100;2;5475_-100;2;5475_-100;2;5475,14.8,Incidence,3.93798178420052e-09
NbyGQVwzFc_loc12_loop6,12,ITN 0%/IRS 0%/Larvicide 0%,0;0.4;0.4_0;0;0_0;0;0_-100;2;5475_-100;2;5475_-100;2;5475,14.8027397260274,Incidence,3.95458120517963e-09
NbyGQVwzFc_loc12_loop6,12,ITN 0%/IRS 0%/Larvicide 0%,0;0.4;0.4_0;0;0_0;0;0_-100;2;5475_-100;2;5475_-100;2;5475,14.8054794520548,Incidence,3.97125534310225e-09
NbyGQVwzFc_loc12_loop6,12,ITN 0%/IRS 0%/Larvicide 0%,0;0.4;0.4_0;0;0_0;0;0_-100;2;5475_-100;2;5475_-100;2;5475,14.8082191780822,Incidence,3.98800456049268e-09
NbyGQVwzFc_loc12_loop6,12,ITN 0%/IRS 0%/Larvicide 0%,0;0.4;0.4_0;0;0_0;0;0_-100;2;5475_-100;2;5475_-100;2;5475,14.8109589041096,Incidence,4.00482921698039e-09
NbyGQVwzFc_loc12_loop6,12,ITN 0%/IRS 0%/Larvicide 0%,0;0.4;0.4_0;0;0_0;0;0_-100;2;5475_-100;2;5475_-100;2;5475,14.813698630137,Incidence,4.02172965728161e-09
NbyGQVwzFc_loc12_loop6,12,ITN 0%/IRS 0%/Larvicide 0%,0;0.4;0.4_0;0;0_0;0;0_-100;2;5475_-100;2;5475_-100;2;5475,14.8164383561644,Incidence,4.03870625011864e-09
NbyGQVwzFc_loc12_loop6,12,ITN 0%/IRS 0%/Larvicide 0%,0;0.4;0.4_0;0;0_0;0;0_-100;2;5475_-100;2;5475_-100;2;5475,14.8191780821918,Incidence,4.0557593598199e-09
NbyGQVwzFc_loc12_loop6,12,ITN 0%/IRS 0%/Larvicide 0%,0;0.4;0.4_0;0;0_0;0;0_-100;2;5475_-100;2;5475_-100;2;5475,14.8219178082192,Incidence,4.07288933602814e-09
NbyGQVwzFc_loc12_loop6,12,ITN 0%/IRS 0%/Larvicide 0%,0;0.4;0.4_0;0;0_0;0;0_-100;2;5475_-100;2;5475_-100;2;5475,14.8246575342466,Incidence,4.09009655456368e-09
NbyGQVwzFc_loc12_loop6,12,ITN 0%/IRS 0%/Larvicide 0%,0;0.4;0.4_0;0;0_0;0;0_-100;2;5475_-100;2;5475_-100;2;5475,14.827397260274,Incidence,4.10738138231555e-09
NbyGQVwzFc_loc12_loop6,12,ITN 0%/IRS 0%/Larvicide 0%,0;0.4;0.4_0;0;0_0;0;0_-100;2;5475_-100;2;5475_-100;2;5475,14.8301369863014,Incidence,4.12474417573869e-09
NbyGQVwzFc_loc12_loop6,12,ITN 0%/IRS 0%/Larvicide 0%,0;0.4;0.4_0;0;0_0;0;0_-100;2;5475_-100;2;5475_-100;2;5475,14.8328767123288,Incidence,4.14218531603418e-09
NbyGQVwzFc_loc12_loop6,12,ITN 0%/IRS 0%/Larvicide 0%,0;0.4;0.4_0;0;0_0;0;0_-100;2;5475_-100;2;5475_-100;2;5475,14.8356164383562,Incidence,4.15970517526148e-09
NbyGQVwzFc_loc12_loop6,12,ITN 0%/IRS 0%/Larvicide 0%,0;0.4;0.4_0;0;0_0;0;0_-100;2;5475_-100;2;5475_-100;2;5475,14.8383561643836,Incidence,4.17730411597547e-09
NbyGQVwzFc_loc12_loop6,12,ITN 0%/IRS 0%/Larvicide 0%,0;0.4;0.4_0;0;0_0;0;0_-100;2;5475_-100;2;5475_-100;2;5475,14.841095890411,Incidence,4.19498252436077e-09
NbyGQVwzFc_loc12_loop6,12,ITN 0%/IRS 0%/Larvicide 0%,0;0.4;0.4_0;0;0_0;0;0_-100;2;5475_-100;2;5475_-100;2;5475,14.8438356164384,Incidence,4.21274078352931e-09
NbyGQVwzFc_loc12_loop6,12,ITN 0%/IRS 0%/Larvicide 0%,0;0.4;0.4_0;0;0_0;0;0_-100;2;5475_-100;2;5475_-100;2;5475,14.8465753424658,Incidence,4.23057926663465e-09
NbyGQVwzFc_loc12_loop6,12,ITN 0%/IRS 0%/Larvicide 0%,0;0.4;0.4_0;0;0_0;0;0_-100;2;5475_-100;2;5475_-100;2;5475,14.8493150684932,Incidence,4.24849835500632e-09
NbyGQVwzFc_loc12_loop6,12,ITN 0%/IRS 0%/Larvicide 0%,0;0.4;0.4_0;0;0_0;0;0_-100;2;5475_-100;2;5475_-100;2;5475,14.8520547945205,Incidence,4.26649843330863e-09
NbyGQVwzFc_loc12_loop6,12,ITN 0%/IRS 0%/Larvicide 0%,0;0.4;0.4_0;0;0_0;0;0_-100;2;5475_-100;2;5475_-100;2;5475,14.8547945205479,Incidence,4.2845798838886e-09
NbyGQVwzFc_loc12_loop6,12,ITN 0%/IRS 0%/Larvicide 0%,0;0.4;0.4_0;0;0_0;0;0_-100;2;5475_-100;2;5475_-100;2;5475,14.8575342465753,Incidence,4.30274309198618e-09
NbyGQVwzFc_loc12_loop6,12,ITN 0%/IRS 0%/Larvicide 0%,0;0.4;0.4_0;0;0_0;0;0_-100;2;5475_-100;2;5475_-100;2;5475,14.8602739726027,Incidence,4.32098844310844e-09
NbyGQVwzFc_loc12_loop6,12,ITN 0%/IRS 0%/Larvicide 0%,0;0.4;0.4_0;0;0_0;0;0_-100;2;5475_-100;2;5475_-100;2;5475,14.8630136986301,Incidence,4.33931632146649e-09
NbyGQVwzFc_loc12_loop6,12,ITN 0%/IRS 0%/Larvicide 0%,0;0.4;0.4_0;0;0_0;0;0_-100;2;5475_-100;2;5475_-100;2;5475,14.8657534246575,Incidence,4.35772712939717e-09
NbyGQVwzFc_loc12_loop6,12,ITN 0%/IRS 0%/Larvicide 0%,0;0.4;0.4_0;0;0_0;0;0_-100;2;5475_-100;2;5475_-100;2;5475,14.8684931506849,Incidence,4.37622126325838e-09
NbyGQVwzFc_loc12_loop6,12,ITN 0%/IRS 0%/Larvicide 0%,0;0.4;0.4_0;0;0_0;0;0_-100;2;5475_-100;2;5475_-100;2;5475,14.8712328767123,Incidence,4.39479911628832e-09
NbyGQVwzFc_loc12_loop6,12,ITN 0%/IRS 0%/Larvicide 0%,0;0.4;0.4_0;0;0_0;0;0_-100;2;5475_-100;2;5475_-100;2;5475,14.8739726027397,Incidence,4.41346108727266e-09
NbyGQVwzFc_loc12_loop6,12,ITN 0%/IRS 0%/Larvicide 0%,0;0.4;0.4_0;0;0_0;0;0_-100;2;5475_-100;2;5475_-100;2;5475,14.8767123287671,Incidence,4.43220757689707e-09
NbyGQVwzFc_loc12_loop6,12,ITN 0%/IRS 0%/Larvicide 0%,0;0.4;0.4_0;0;0_0;0;0_-100;2;5475_-100;2;5475_-100;2;5475,14.8794520547945,Incidence,4.45103898583552e-09
NbyGQVwzFc_loc12_loop6,12,ITN 0%/IRS 0%/Larvicide 0%,0;0.4;0.4_0;0;0_0;0;0_-100;2;5475_-100;2;5475_-100;2;5475,14.8821917808219,Incidence,4.46995571794285e-09
NbyGQVwzFc_loc12_loop6,12,ITN 0%/IRS 0%/Larvicide 0%,0;0.4;0.4_0;0;0_0;0;0_-100;2;5475_-100;2;5475_-100;2;5475,14.8849315068493,Incidence,4.48895817949157e-09
NbyGQVwzFc_loc12_loop6,12,ITN 0%/IRS 0%/Larvicide 0%,0;0.4;0.4_0;0;0_0;0;0_-100;2;5475_-100;2;5475_-100;2;5475,14.8876712328767,Incidence,4.50804677791653e-09
NbyGQVwzFc_loc12_loop6,12,ITN 0%/IRS 0%/Larvicide 0%,0;0.4;0.4_0;0;0_0;0;0_-100;2;5475_-100;2;5475_-100;2;5475,14.8904109589041,Incidence,4.5272219229139e-09
NbyGQVwzFc_loc12_loop6,12,ITN 0%/IRS 0%/Larvicide 0%,0;0.4;0.4_0;0;0_0;0;0_-100;2;5475_-100;2;5475_-100;2;5475,14.8931506849315,Incidence,4.54648402653191e-09
NbyGQVwzFc_loc12_loop6,12,ITN 0%/IRS 0%/Larvicide 0%,0;0.4;0.4_0;0;0_0;0;0_-100;2;5475_-100;2;5475_-100;2;5475,14.8958904109589,Incidence,4.56583350255744e-09
NbyGQVwzFc_loc12_loop6,12,ITN 0%/IRS 0%/Larvicide 0%,0;0.4;0.4_0;0;0_0;0;0_-100;2;5475_-100;2;5475_-100;2;5475,14.8986301369863,Incidence,4.58527076682285e-09
NbyGQVwzFc_loc12_loop6,12,ITN 0%/IRS 0%/Larvicide 0%,0;0.4;0.4_0;0;0_0;0;0_-100;2;5475_-100;2;5475_-100;2;5475,14.9013698630137,Incidence,4.60479623739604e-09
NbyGQVwzFc_loc12_loop6,12,ITN 0%/IRS 0%/Larvicide 0%,0;0.4;0.4_0;0;0_0;0;0_-100;2;5475_-100;2;5475_-100;2;5475,14.9041095890411,Incidence,4.62441033432549e-09
NbyGQVwzFc_loc12_loop6,12,ITN 0%/IRS 0%/Larvicide 0%,0;0.4;0.4_0;0;0_0;0;0_-100;2;5475_-100;2;5475_-100;2;5475,14.9068493150685,Incidence,4.64411347968979e-09
NbyGQVwzFc_loc12_loop6,12,ITN 0%/IRS 0%/Larvicide 0%,0;0.4;0.4_0;0;0_0;0;0_-100;2;5475_-100;2;5475_-100;2;5475,14.9095890410959,Incidence,4.66390609773311e-09
NbyGQVwzFc_loc12_loop6,12,ITN 0%/IRS 0%/Larvicide 0%,0;0.4;0.4_0;0;0_0;0;0_-100;2;5475_-100;2;5475_-100;2;5475,14.9123287671233,Incidence,4.6837886147796e-09
NbyGQVwzFc_loc12_loop6,12,ITN 0%/IRS 0%/Larvicide 0%,0;0.4;0.4_0;0;0_0;0;0_-100;2;5475_-100;2;5475_-100;2;5475,14.9150684931507,Incidence,4.70376145922276e-09
NbyGQVwzFc_loc12_loop6,12,ITN 0%/IRS 0%/Larvicide 0%,0;0.4;0.4_0;0;0_0;0;0_-100;2;5475_-100;2;5475_-100;2;5475,14.9178082191781,Incidence,4.723825061603e-09
NbyGQVwzFc_loc12_loop6,12,ITN 0%/IRS 0%/Larvicide 0%,0;0.4;0.4_0;0;0_0;0;0_-100;2;5475_-100;2;5475_-100;2;5475,14.9205479452055,Incidence,4.74397985458692e-09
NbyGQVwzFc_loc12_loop6,12,ITN 0%/IRS 0%/Larvicide 0%,0;0.4;0.4_0;0;0_0;0;0_-100;2;5475_-100;2;5475_-100;2;5475,14.9232876712329,Incidence,4.76422627295436e-09
NbyGQVwzFc_loc12_loop6,12,ITN 0%/IRS 0%/Larvicide 0%,0;0.4;0.4_0;0;0_0;0;0_-100;2;5475_-100;2;5475_-100;2;5475,14.9260273972603,Incidence,4.78456475364307e-09
NbyGQVwzFc_loc12_loop6,12,ITN 0%/IRS 0%/Larvicide 0%,0;0.4;0.4_0;0;0_0;0;0_-100;2;5475_-100;2;5475_-100;2;5475,14.9287671232877,Incidence,4.80499573574853e-09
NbyGQVwzFc_loc12_loop6,12,ITN 0%/IRS 0%/Larvicide 0%,0;0.4;0.4_0;0;0_0;0;0_-100;2;5475_-100;2;5475_-100;2;5475,14.9315068493151,Incidence,4.82551966051919e-09
NbyGQVwzFc_loc12_loop6,12,ITN 0%/IRS 0%/Larvicide 0%,0;0.4;0.4_0;0;0_0;0;0_-100;2;5475_-100;2;5475_-100;2;5475,14.9342465753425,Incidence,4.84613697138883e-09
NbyGQVwzFc_loc12_loop6,12,ITN 0%/IRS 0%/Larvicide 0%,0;0.4;0.4_0;0;0_0;0;0_-100;2;5475_-100;2;5475_-100;2;5475,14.9369863013699,Incidence,4.8668481139875e-09
NbyGQVwzFc_loc12_loop6,12,ITN 0%/IRS 0%/Larvicide 0%,0;0.4;0.4_0;0;0_0;0;0_-100;2;5475_-100;2;5475_-100;2;5475,14.9397260273973,Incidence,4.88765353556134e-09
NbyGQVwzFc_loc12_loop6,12,ITN 0%/IRS 0%/Larvicide 0%,0;0.4;0.4_0;0;0_0;0;0_-100;2;5475_-100;2;5475_-100;2;5475,14.9424657534247,Incidence,4.90855368412269e-09
NbyGQVwzFc_loc12_loop6,12,ITN 0%/IRS 0%/Larvicide 0%,0;0.4;0.4_0;0;0_0;0;0_-100;2;5475_-100;2;5475_-100;2;5475,14.9452054794521,Incidence,4.92954901439623e-09
NbyGQVwzFc_loc12_loop6,12,ITN 0%/IRS 0%/Larvicide 0%,0;0.4;0.4_0;0;0_0;0;0_-100;2;5475_-100;2;5475_-100;2;5475,14.9479452054795,Incidence,4.9506399806648e-09
NbyGQVwzFc_loc12_loop6,12,ITN 0%/IRS 0%/Larvicide 0%,0;0.4;0.4_0;0;0_0;0;0_-100;2;5475_-100;2;5475_-100;2;5475,14.9506849315069,Incidence,4.97182703981944e-09
NbyGQVwzFc_loc12_loop6,12,ITN 0%/IRS 0%/Larvicide 0%,0;0.4;0.4_0;0;0_0;0;0_-100;2;5475_-100;2;5475_-100;2;5475,14.9534246575342,Incidence,4.99311065293915e-09
NbyGQVwzFc_loc12_loop6,12,ITN 0%/IRS 0%/Larvicide 0%,0;0.4;0.4_0;0;0_0;0;0_-100;2;5475_-100;2;5475_-100;2;5475,14.9561643835616,Incidence,5.01449128083485e-09
NbyGQVwzFc_loc12_loop6,12,ITN 0%/IRS 0%/Larvicide 0%,0;0.4;0.4_0;0;0_0;0;0_-100;2;5475_-100;2;5475_-100;2;5475,14.958904109589,Incidence,5.03596938735879e-09
NbyGQVwzFc_loc12_loop6,12,ITN 0%/IRS 0%/Larvicide 0%,0;0.4;0.4_0;0;0_0;0;0_-100;2;5475_-100;2;5475_-100;2;5475,14.9616438356164,Incidence,5.05754543662077e-09
NbyGQVwzFc_loc12_loop6,12,ITN 0%/IRS 0%/Larvicide 0%,0;0.4;0.4_0;0;0_0;0;0_-100;2;5475_-100;2;5475_-100;2;5475,14.9643835616438,Incidence,5.07921989295327e-09
NbyGQVwzFc_loc12_loop6,12,ITN 0%/IRS 0%/Larvicide 0%,0;0.4;0.4_0;0;0_0;0;0_-100;2;5475_-100;2;5475_-100;2;5475,14.9671232876712,Incidence,5.10099322791243e-09
NbyGQVwzFc_loc12_loop6,12,ITN 0%/IRS 0%/Larvicide 0%,0;0.4;0.4_0;0;0_0;0;0_-100;2;5475_-100;2;5475_-100;2;5475,14.9698630136986,Incidence,5.12286591751465e-09
NbyGQVwzFc_loc12_loop6,12,ITN 0%/IRS 0%/Larvicide 0%,0;0.4;0.4_0;0;0_0;0;0_-100;2;5475_-100;2;5475_-100;2;5475,14.972602739726,Incidence,5.14483843540587e-09
NbyGQVwzFc_loc12_loop6,12,ITN 0%/IRS 0%/Larvicide 0%,0;0.4;0.4_0;0;0_0;0;0_-100;2;5475_-100;2;5475_-100;2;5475,14.9753424657534,Incidence,5.1669112566208e-09
NbyGQVwzFc_loc12_loop6,12,ITN 0%/IRS 0%/Larvicide 0%,0;0.4;0.4_0;0;0_0;0;0_-100;2;5475_-100;2;5475_-100;2;5475,14.9780821917808,Incidence,5.18908486329038e-09
NbyGQVwzFc_loc12_loop6,12,ITN 0%/IRS 0%/Larvicide 0%,0;0.4;0.4_0;0;0_0;0;0_-100;2;5475_-100;2;5475_-100;2;5475,14.9808219178082,Incidence,5.21135973882386e-09
NbyGQVwzFc_loc12_loop6,12,ITN 0%/IRS 0%/Larvicide 0%,0;0.4;0.4_0;0;0_0;0;0_-100;2;5475_-100;2;5475_-100;2;5475,14.9835616438356,Incidence,5.23373636732249e-09
NbyGQVwzFc_loc12_loop6,12,ITN 0%/IRS 0%/Larvicide 0%,0;0.4;0.4_0;0;0_0;0;0_-100;2;5475_-100;2;5475_-100;2;5475,14.986301369863,Incidence,5.25621523905729e-09
NbyGQVwzFc_loc12_loop6,12,ITN 0%/IRS 0%/Larvicide 0%,0;0.4;0.4_0;0;0_0;0;0_-100;2;5475_-100;2;5475_-100;2;5475,14.9890410958904,Incidence,5.27879684119019e-09
NbyGQVwzFc_loc12_loop6,12,ITN 0%/IRS 0%/Larvicide 0%,0;0.4;0.4_0;0;0_0;0;0_-100;2;5475_-100;2;5475_-100;2;5475,14.9917808219178,Incidence,5.30148166384357e-09
NbyGQVwzFc_loc12_loop6,12,ITN 0%/IRS 0%/Larvicide 0%,0;0.4;0.4_0;0;0_0;0;0_-100;2;5475_-100;2;5475_-100;2;5475,14.9945205479452,Incidence,5.3242702026545e-09
NbyGQVwzFc_loc12_loop6,12,ITN 0%/IRS 0%/Larvicide 0%,0;0.4;0.4_0;0;0_0;0;0_-100;2;5475_-100;2;5475_-100;2;5475,14.9972602739726,Incidence,5.34716295063822e-09
NbyGQVwzFc_loc12_loop6,12,ITN 0%/IRS 0%/Larvicide 0%,0;0.4;0.4_0;0;0_0;0;0_-100;2;5475_-100;2;5475_-100;2;5475,15,Incidence,5.370160403544e-09
NbyGQVwzFc_loc12_loop6,12,ITN 0%/IRS 0%/Larvicide 0%,0;0.4;0.4_0;0;0_0;0;0_-100;2;5475_-100;2;5475_-100;2;5475,15.0027397260274,Incidence,5.39326306458681e-09
NbyGQVwzFc_loc12_loop6,12,ITN 0%/IRS 0%/Larvicide 0%,0;0.4;0.4_0;0;0_0;0;0_-100;2;5475_-100;2;5475_-100;2;5475,15.0054794520548,Incidence,5.41647143779265e-09
NbyGQVwzFc_loc12_loop6,12,ITN 0%/IRS 0%/Larvicide 0%,0;0.4;0.4_0;0;0_0;0;0_-100;2;5475_-100;2;5475_-100;2;5475,15.0082191780822,Incidence,5.43978602968863e-09
NbyGQVwzFc_loc12_loop6,12,ITN 0%/IRS 0%/Larvicide 0%,0;0.4;0.4_0;0;0_0;0;0_-100;2;5475_-100;2;5475_-100;2;5475,15.0109589041096,Incidence,5.46320735054828e-09
NbyGQVwzFc_loc12_loop6,12,ITN 0%/IRS 0%/Larvicide 0%,0;0.4;0.4_0;0;0_0;0;0_-100;2;5475_-100;2;5475_-100;2;5475,15.013698630137,Incidence,5.48673591227663e-09
NbyGQVwzFc_loc12_loop6,12,ITN 0%/IRS 0%/Larvicide 0%,0;0.4;0.4_0;0;0_0;0;0_-100;2;5475_-100;2;5475_-100;2;5475,15.0164383561644,Incidence,5.5103722335765e-09
NbyGQVwzFc_loc12_loop6,12,ITN 0%/IRS 0%/Larvicide 0%,0;0.4;0.4_0;0;0_0;0;0_-100;2;5475_-100;2;5475_-100;2;5475,15.0191780821918,Incidence,5.5341168356615e-09
NbyGQVwzFc_loc12_loop6,12,ITN 0%/IRS 0%/Larvicide 0%,0;0.4;0.4_0;0;0_0;0;0_-100;2;5475_-100;2;5475_-100;2;5475,15.0219178082192,Incidence,5.55797023648797e-09
NbyGQVwzFc_loc12_loop6,12,ITN 0%/IRS 0%/Larvicide 0%,0;0.4;0.4_0;0;0_0;0;0_-100;2;5475_-100;2;5475_-100;2;5475,15.0246575342466,Incidence,5.58193295741669e-09
NbyGQVwzFc_loc12_loop6,12,ITN 0%/IRS 0%/Larvicide 0%,0;0.4;0.4_0;0;0_0;0;0_-100;2;5475_-100;2;5475_-100;2;5475,15.027397260274,Incidence,5.60600552160974e-09
NbyGQVwzFc_loc12_loop6,12,ITN 0%/IRS 0%/Larvicide 0%,0;0.4;0.4_0;0;0_0;0;0_-100;2;5475_-100;2;5475_-100;2;5475,15.0301369863014,Incidence,5.63018845441904e-09
NbyGQVwzFc_loc12_loop6,12,ITN 0%/IRS 0%/Larvicide 0%,0;0.4;0.4_0;0;0_0;0;0_-100;2;5475_-100;2;5475_-100;2;5475,15.0328767123288,Incidence,4.78188359939333e-09
NbyGQVwzFc_loc12_loop6,12,ITN 0%/IRS 0%/Larvicide 0%,0;0.4;0.4_0;0;0_0;0;0_-100;2;5475_-100;2;5475_-100;2;5475,15.0356164383562,Incidence,4.78359664302736e-09
NbyGQVwzFc_loc12_loop6,12,ITN 0%/IRS 0%/Larvicide 0%,0;0.4;0.4_0;0;0_0;0;0_-100;2;5475_-100;2;5475_-100;2;5475,15.0383561643836,Incidence,4.78676431823534e-09
NbyGQVwzFc_loc12_loop6,12,ITN 0%/IRS 0%/Larvicide 0%,0;0.4;0.4_0;0;0_0;0;0_-100;2;5475_-100;2;5475_-100;2;5475,15.041095890411,Incidence,4.79163623156286e-09
NbyGQVwzFc_loc12_loop6,12,ITN 0%/IRS 0%/Larvicide 0%,0;0.4;0.4_0;0;0_0;0;0_-100;2;5475_-100;2;5475_-100;2;5475,15.0438356164384,Incidence,4.79806671440197e-09
NbyGQVwzFc_loc12_loop6,12,ITN 0%/IRS 0%/Larvicide 0%,0;0.4;0.4_0;0;0_0;0;0_-100;2;5475_-100;2;5475_-100;2;5475,15.0465753424658,Incidence,4.80592340897478e-09
NbyGQVwzFc_loc12_loop6,12,ITN 0%/IRS 0%/Larvicide 0%,0;0.4;0.4_0;0;0_0;0;0_-100;2;5475_-100;2;5475_-100;2;5475,15.0493150684932,Incidence,4.81508606340652e-09
NbyGQVwzFc_loc12_loop6,12,ITN 0%/IRS 0%/Larvicide 0%,0;0.4;0.4_0;0;0_0;0;0_-100;2;5475_-100;2;5475_-100;2;5475,15.0520547945205,Incidence,4.82544542205015e-09
NbyGQVwzFc_loc12_loop6,12,ITN 0%/IRS 0%/Larvicide 0%,0;0.4;0.4_0;0;0_0;0;0_-100;2;5475_-100;2;5475_-100;2;5475,15.0547945205479,Incidence,4.83547422811074e-09
NbyGQVwzFc_loc12_loop6,12,ITN 0%/IRS 0%/Larvicide 0%,0;0.4;0.4_0;0;0_0;0;0_-100;2;5475_-100;2;5475_-100;2;5475,15.0575342465753,Incidence,4.83126095855734e-09
NbyGQVwzFc_loc12_loop6,12,ITN 0%/IRS 0%/Larvicide 0%,0;0.4;0.4_0;0;0_0;0;0_-100;2;5475_-100;2;5475_-100;2;5475,15.0602739726027,Incidence,4.82786580026231e-09
NbyGQVwzFc_loc12_loop6,12,ITN 0%/IRS 0%/Larvicide 0%,0;0.4;0.4_0;0;0_0;0;0_-100;2;5475_-100;2;5475_-100;2;5475,15.0630136986301,Incidence,4.82516979506988e-09
NbyGQVwzFc_loc12_loop6,12,ITN 0%/IRS 0%/Larvicide 0%,0;0.4;0.4_0;0;0_0;0;0_-100;2;5475_-100;2;5475_-100;2;5475,15.0657534246575,Incidence,4.82324842321838e-09
NbyGQVwzFc_loc12_loop6,12,ITN 0%/IRS 0%/Larvicide 0%,0;0.4;0.4_0;0;0_0;0;0_-100;2;5475_-100;2;5475_-100;2;5475,15.0684931506849,Incidence,4.8221583491046e-09
NbyGQVwzFc_loc12_loop6,12,ITN 0%/IRS 0%/Larvicide 0%,0;0.4;0.4_0;0;0_0;0;0_-100;2;5475_-100;2;5475_-100;2;5475,15.0712328767123,Incidence,4.82194091737313e-09
NbyGQVwzFc_loc12_loop6,12,ITN 0%/IRS 0%/Larvicide 0%,0;0.4;0.4_0;0;0_0;0;0_-100;2;5475_-100;2;5475_-100;2;5475,15.0739726027397,Incidence,4.82262464705439e-09
NbyGQVwzFc_loc12_loop6,12,ITN 0%/IRS 0%/Larvicide 0%,0;0.4;0.4_0;0;0_0;0;0_-100;2;5475_-100;2;5475_-100;2;5475,15.0767123287671,Incidence,4.82422725033992e-09
NbyGQVwzFc_loc12_loop6,12,ITN 0%/IRS 0%/Larvicide 0%,0;0.4;0.4_0;0;0_0;0;0_-100;2;5475_-100;2;5475_-100;2;5475,15.0794520547945,Incidence,4.82675734395292e-09
NbyGQVwzFc_loc12_loop6,12,ITN 0%/IRS 0%/Larvicide 0%,0;0.4;0.4_0;0;0_0;0;0_-100;2;5475_-100;2;5475_-100;2;5475,15.0821917808219,Incidence,4.83021591734016e-09
NbyGQVwzFc_loc12_loop6,12,ITN 0%/IRS 0%/Larvicide 0%,0;0.4;0.4_0;0;0_0;0;0_-100;2;5475_-100;2;5475_-100;2;5475,15.0849315068493,Incidence,4.83459760727668e-09
NbyGQVwzFc_loc12_loop6,12,ITN 0%/IRS 0%/Larvicide 0%,0;0.4;0.4_0;0;0_0;0;0_-100;2;5475_-100;2;5475_-100;2;5475,15.0876712328767,Incidence,4.83989180477869e-09
NbyGQVwzFc_loc12_loop6,12,ITN 0%/IRS 0%/Larvicide 0%,0;0.4;0.4_0;0;0_0;0;0_-100;2;5475_-100;2;5475_-100;2;5475,15.0904109589041,Incidence,4.82289449240453e-09
NbyGQVwzFc_loc12_loop6,12,ITN 0%/IRS 0%/Larvicide 0%,0;0.4;0.4_0;0;0_0;0;0_-100;2;5475_-100;2;5475_-100;2;5475,15.0931506849315,Incidence,4.79058965723361e-09
NbyGQVwzFc_loc12_loop6,12,ITN 0%/IRS 0%/Larvicide 0%,0;0.4;0.4_0;0;0_0;0;0_-100;2;5475_-100;2;5475_-100;2;5475,15.0958904109589,Incidence,4.76260490860897e-09
NbyGQVwzFc_loc12_loop6,12,ITN 0%/IRS 0%/Larvicide 0%,0;0.4;0.4_0;0;0_0;0;0_-100;2;5475_-100;2;5475_-100;2;5475,15.0986301369863,Incidence,4.73859740759059e-09
NbyGQVwzFc_loc12_loop6,12,ITN 0%/IRS 0%/Larvicide 0%,0;0.4;0.4_0;0;0_0;0;0_-100;2;5475_-100;2;5475_-100;2;5475,15.1013698630137,Incidence,4.71825216650563e-09
NbyGQVwzFc_loc12_loop6,12,ITN 0%/IRS 0%/Larvicide 0%,0;0.4;0.4_0;0;0_0;0;0_-100;2;5475_-100;2;5475_-100;2;5475,15.1041095890411,Incidence,4.70127979415423e-09
NbyGQVwzFc_loc12_loop6,12,ITN 0%/IRS 0%/Larvicide 0%,0;0.4;0.4_0;0;0_0;0;0_-100;2;5475_-100;2;5475_-100;2;5475,15.1068493150685,Incidence,4.68741442528543e-09
NbyGQVwzFc_loc12_loop6,12,ITN 0%/IRS 0%/Larvicide 0%,0;0.4;0.4_0;0;0_0;0;0_-100;2;5475_-100;2;5475_-100;2;5475,15.1095890410959,Incidence,4.67641181671026e-09
NbyGQVwzFc_loc12_loop6,12,ITN 0%/IRS 0%/Larvicide 0%,0;0.4;0.4_0;0;0_0;0;0_-100;2;5475_-100;2;5475_-100;2;5475,15.1123287671233,Incidence,4.66804759565569e-09
NbyGQVwzFc_loc12_loop6,12,ITN 0%/IRS 0%/Larvicide 0%,0;0.4;0.4_0;0;0_0;0;0_-100;2;5475_-100;2;5475_-100;2;5475,15.1150684931507,Incidence,4.66211565066976e-09
NbyGQVwzFc_loc12_loop6,12,ITN 0%/IRS 0%/Larvicide 0%,0;0.4;0.4_0;0;0_0;0;0_-100;2;5475_-100;2;5475_-100;2;5475,15.1178082191781,Incidence,4.65842665261657e-09
NbyGQVwzFc_loc12_loop6,12,ITN 0%/IRS 0%/Larvicide 0%,0;0.4;0.4_0;0;0_0;0;0_-100;2;5475_-100;2;5475_-100;2;5475,15.1205479452055,Incidence,4.65680669566626e-09
NbyGQVwzFc_loc12_loop6,12,ITN 0%/IRS 0%/Larvicide 0%,0;0.4;0.4_0;0;0_0;0;0_-100;2;5475_-100;2;5475_-100;2;5475,15.1232876712329,Incidence,4.65707417454486e-09
NbyGQVwzFc_loc12_loop6,12,ITN 0%/IRS 0%/Larvicide 0%,0;0.4;0.4_0;0;0_0;0;0_-100;2;5475_-100;2;5475_-100;2;5475,15.1260273972603,Incidence,4.65895292450542e-09
NbyGQVwzFc_loc12_loop6,12,ITN 0%/IRS 0%/Larvicide 0%,0;0.4;0.4_0;0;0_0;0;0_-100;2;5475_-100;2;5475_-100;2;5475,15.1287671232877,Incidence,4.66229034834303e-09
NbyGQVwzFc_loc12_loop6,12,ITN 0%/IRS 0%/Larvicide 0%,0;0.4;0.4_0;0;0_0;0;0_-100;2;5475_-100;2;5475_-100;2;5475,15.1315068493151,Incidence,4.6669664031359e-09
NbyGQVwzFc_loc12_loop6,12,ITN 0%/IRS 0%/Larvicide 0%,0;0.4;0.4_0;0;0_0;0;0_-100;2;5475_-100;2;5475_-100;2;5475,15.1342465753425,Incidence,4.6728719094201e-09
NbyGQVwzFc_loc12_loop6,12,ITN 0%/IRS 0%/Larvicide 0%,0;0.4;0.4_0;0;0_0;0;0_-100;2;5475_-100;2;5475_-100;2;5475,15.1369863013699,Incidence,4.67990754311332e-09
NbyGQVwzFc_loc12_loop6,12,ITN 0%/IRS 0%/Larvicide 0%,0;0.4;0.4_0;0;0_0;0;0_-100;2;5475_-100;2;5475_-100;2;5475,15.1397260273973,Incidence,4.68798292468374e-09
NbyGQVwzFc_loc12_loop6,12,ITN 0%/IRS 0%/Larvicide 0%,0;0.4;0.4_0;0;0_0;0;0_-100;2;5475_-100;2;5475_-100;2;5475,15.1424657534247,Incidence,4.69701579663629e-09
NbyGQVwzFc_loc12_loop6,12,ITN 0%/IRS 0%/Larvicide 0%,0;0.4;0.4_0;0;0_0;0;0_-100;2;5475_-100;2;5475_-100;2;5475,15.1452054794521,Incidence,4.70693069899679e-09
NbyGQVwzFc_loc12_loop6,12,ITN 0%/IRS 0%/Larvicide 0%,0;0.4;0.4_0;0;0_0;0;0_-100;2;5475_-100;2;5475_-100;2;5475,15.1479452054795,Incidence,4.71765061330105e-09
NbyGQVwzFc_loc12_loop6,12,ITN 0%/IRS 0%/Larvicide 0%,0;0.4;0.4_0;0;0_0;0;0_-100;2;5475_-100;2;5475_-100;2;5475,15.1506849315068,Incidence,4.7290993506086e-09
NbyGQVwzFc_loc12_loop6,12,ITN 0%/IRS 0%/Larvicide 0%,0;0.4;0.4_0;0;0_0;0;0_-100;2;5475_-100;2;5475_-100;2;5475,15.1534246575342,Incidence,4.741207706154e-09
NbyGQVwzFc_loc12_loop6,12,ITN 0%/IRS 0%/Larvicide 0%,0;0.4;0.4_0;0;0_0;0;0_-100;2;5475_-100;2;5475_-100;2;5475,15.1561643835616,Incidence,4.75391305013477e-09
NbyGQVwzFc_loc12_loop6,12,ITN 0%/IRS 0%/Larvicide 0%,0;0.4;0.4_0;0;0_0;0;0_-100;2;5475_-100;2;5475_-100;2;5475,15.158904109589,Incidence,4.76715878436032e-09
NbyGQVwzFc_loc12_loop6,12,ITN 0%/IRS 0%/Larvicide 0%,0;0.4;0.4_0;0;0_0;0;0_-100;2;5475_-100;2;5475_-100;2;5475,15.1616438356164,Incidence,4.78089383745902e-09
NbyGQVwzFc_loc12_loop6,12,ITN 0%/IRS 0%/Larvicide 0%,0;0.4;0.4_0;0;0_0;0;0_-100;2;5475_-100;2;5475_-100;2;5475,15.1643835616438,Incidence,4.79507219340973e-09
NbyGQVwzFc_loc12_loop6,12,ITN 0%/IRS 0%/Larvicide 0%,0;0.4;0.4_0;0;0_0;0;0_-100;2;5475_-100;2;5475_-100;2;5475,15.1671232876712,Incidence,4.80965245539621e-09
NbyGQVwzFc_loc12_loop6,12,ITN 0%/IRS 0%/Larvicide 0%,0;0.4;0.4_0;0;0_0;0;0_-100;2;5475_-100;2;5475_-100;2;5475,15.1698630136986,Incidence,4.82459744312333e-09
NbyGQVwzFc_loc12_loop6,12,ITN 0%/IRS 0%/Larvicide 0%,0;0.4;0.4_0;0;0_0;0;0_-100;2;5475_-100;2;5475_-100;2;5475,15.172602739726,Incidence,4.83987382040986e-09
NbyGQVwzFc_loc12_loop6,12,ITN 0%/IRS 0%/Larvicide 0%,0;0.4;0.4_0;0;0_0;0;0_-100;2;5475_-100;2;5475_-100;2;5475,15.1753424657534,Incidence,4.85545175163604e-09
NbyGQVwzFc_loc12_loop6,12,ITN 0%/IRS 0%/Larvicide 0%,0;0.4;0.4_0;0;0_0;0;0_-100;2;5475_-100;2;5475_-100;2;5475,15.1780821917808,Incidence,4.87130458724811e-09
NbyGQVwzFc_loc12_loop6,12,ITN 0%/IRS 0%/Larvicide 0%,0;0.4;0.4_0;0;0_0;0;0_-100;2;5475_-100;2;5475_-100;2;5475,15.1808219178082,Incidence,4.8874008234545e-09
NbyGQVwzFc_loc12_loop6,12,ITN 0%/IRS 0%/Larvicide 0%,0;0.4;0.4_0;0;0_0;0;0_-100;2;5475_-100;2;5475_-100;2;5475,15.1835616438356,Incidence,4.90368755973234e-09
NbyGQVwzFc_loc12_loop6,12,ITN 0%/IRS 0%/Larvicide 0%,0;0.4;0.4_0;0;0_0;0;0_-100;2;5475_-100;2;5475_-100;2;5475,15.186301369863,Incidence,4.92011609492326e-09
NbyGQVwzFc_loc12_loop6,12,ITN 0%/IRS 0%/Larvicide 0%,0;0.4;0.4_0;0;0_0;0;0_-100;2;5475_-100;2;5475_-100;2;5475,15.1890410958904,Incidence,4.93664675108757e-09
NbyGQVwzFc_loc12_loop6,12,ITN 0%/IRS 0%/Larvicide 0%,0;0.4;0.4_0;0;0_0;0;0_-100;2;5475_-100;2;5475_-100;2;5475,15.1917808219178,Incidence,4.95324746514471e-09
NbyGQVwzFc_loc12_loop6,12,ITN 0%/IRS 0%/Larvicide 0%,0;0.4;0.4_0;0;0_0;0;0_-100;2;5475_-100;2;5475_-100;2;5475,15.1945205479452,Incidence,4.96989259748345e-09
NbyGQVwzFc_loc12_loop6,12,ITN 0%/IRS 0%/Larvicide 0%,0;0.4;0.4_0;0;0_0;0;0_-100;2;5475_-100;2;5475_-100;2;5475,15.1972602739726,Incidence,4.98656192166e-09
NbyGQVwzFc_loc12_loop6,12,ITN 0%/IRS 0%/Larvicide 0%,0;0.4;0.4_0;0;0_0;0;0_-100;2;5475_-100;2;5475_-100;2;5475,15.2,Incidence,5.00323976697199e-09
NbyGQVwzFc_loc12_loop6,12,ITN 0%/IRS 0%/Larvicide 0%,0;0.4;0.4_0;0;0_0;0;0_-100;2;5475_-100;2;5475_-100;2;5475,15.2027397260274,Incidence,5.01991429153148e-09
NbyGQVwzFc_loc12_loop6,12,ITN 0%/IRS 0%/Larvicide 0%,0;0.4;0.4_0;0;0_0;0;0_-100;2;5475_-100;2;5475_-100;2;5475,15.2054794520548,Incidence,5.03657686244499e-09
NbyGQVwzFc_loc12_loop6,12,ITN 0%/IRS 0%/Larvicide 0%,0;0.4;0.4_0;0;0_0;0;0_-100;2;5475_-100;2;5475_-100;2;5475,15.2082191780822,Incidence,5.05322152883736e-09
NbyGQVwzFc_loc12_loop6,12,ITN 0%/IRS 0%/Larvicide 0%,0;0.4;0.4_0;0;0_0;0;0_-100;2;5475_-100;2;5475_-100;2;5475,15.2109589041096,Incidence,5.06984457503461e-09
NbyGQVwzFc_loc12_loop6,12,ITN 0%/IRS 0%/Larvicide 0%,0;0.4;0.4_0;0;0_0;0;0_-100;2;5475_-100;2;5475_-100;2;5475,15.213698630137,Incidence,5.08644413304252e-09
NbyGQVwzFc_loc12_loop6,12,ITN 0%/IRS 0%/Larvicide 0%,0;0.4;0.4_0;0;0_0;0;0_-100;2;5475_-100;2;5475_-100;2;5475,15.2164383561644,Incidence,5.10301978447664e-09
NbyGQVwzFc_loc12_loop6,12,ITN 0%/IRS 0%/Larvicide 0%,0;0.4;0.4_0;0;0_0;0;0_-100;2;5475_-100;2;5475_-100;2;5475,15.2191780821918,Incidence,5.11957222524599e-09
NbyGQVwzFc_loc12_loop6,12,ITN 0%/IRS 0%/Larvicide 0%,0;0.4;0.4_0;0;0_0;0;0_-100;2;5475_-100;2;5475_-100;2;5475,15.2219178082192,Incidence,5.13610304684573e-09
NbyGQVwzFc_loc12_loop6,12,ITN 0%/IRS 0%/Larvicide 0%,0;0.4;0.4_0;0;0_0;0;0_-100;2;5475_-100;2;5475_-100;2;5475,15.2246575342466,Incidence,5.15261455773816e-09
NbyGQVwzFc_loc12_loop6,12,ITN 0%/IRS 0%/Larvicide 0%,0;0.4;0.4_0;0;0_0;0;0_-100;2;5475_-100;2;5475_-100;2;5475,15.227397260274,Incidence,5.16910963285424e-09
NbyGQVwzFc_loc12_loop6,12,ITN 0%/IRS 0%/Larvicide 0%,0;0.4;0.4_0;0;0_0;0;0_-100;2;5475_-100;2;5475_-100;2;5475,15.2301369863014,Incidence,5.18559158699984e-09
NbyGQVwzFc_loc12_loop6,12,ITN 0%/IRS 0%/Larvicide 0%,0;0.4;0.4_0;0;0_0;0;0_-100;2;5475_-100;2;5475_-100;2;5475,15.2328767123288,Incidence,5.20206406859261e-09
NbyGQVwzFc_loc12_loop6,12,ITN 0%/IRS 0%/Larvicide 0%,0;0.4;0.4_0;0;0_0;0;0_-100;2;5475_-100;2;5475_-100;2;5475,15.2356164383562,Incidence,5.21853097048596e-09
NbyGQVwzFc_loc12_loop6,12,ITN 0%/IRS 0%/Larvicide 0%,0;0.4;0.4_0;0;0_0;0;0_-100;2;5475_-100;2;5475_-100;2;5475,15.2383561643836,Incidence,5.23499635169823e-09
NbyGQVwzFc_loc12_loop6,12,ITN 0%/IRS 0%/Larvicide 0%,0;0.4;0.4_0;0;0_0;0;0_-100;2;5475_-100;2;5475_-100;2;5475,15.241095890411,Incidence,5.25146436486944e-09
NbyGQVwzFc_loc12_loop6,12,ITN 0%/IRS 0%/Larvicide 0%,0;0.4;0.4_0;0;0_0;0;0_-100;2;5475_-100;2;5475_-100;2;5475,15.2438356164384,Incidence,5.26793919538288e-09
NbyGQVwzFc_loc12_loop6,12,ITN 0%/IRS 0%/Larvicide 0%,0;0.4;0.4_0;0;0_0;0;0_-100;2;5475_-100;2;5475_-100;2;5475,15.2465753424658,Incidence,5.2844250118215e-09
NbyGQVwzFc_loc12_loop6,12,ITN 0%/IRS 0%/Larvicide 0%,0;0.4;0.4_0;0;0_0;0;0_-100;2;5475_-100;2;5475_-100;2;5475,15.2493150684932,Incidence,5.30092592417872e-09
NbyGQVwzFc_loc12_loop6,12,ITN 0%/IRS 0%/Larvicide 0%,0;0.4;0.4_0;0;0_0;0;0_-100;2;5475_-100;2;5475_-100;2;5475,15.2520547945205,Incidence,5.31744595340585e-09
NbyGQVwzFc_loc12_loop6,12,ITN 0%/IRS 0%/Larvicide 0%,0;0.4;0.4_0;0;0_0;0;0_-100;2;5475_-100;2;5475_-100;2;5475,15.2547945205479,Incidence,5.33398900730215e-09
NbyGQVwzFc_loc12_loop6,12,ITN 0%/IRS 0%/Larvicide 0%,0;0.4;0.4_0;0;0_0;0;0_-100;2;5475_-100;2;5475_-100;2;5475,15.2575342465753,Incidence,5.35055886241451e-09
NbyGQVwzFc_loc12_loop6,12,ITN 0%/IRS 0%/Larvicide 0%,0;0.4;0.4_0;0;0_0;0;0_-100;2;5475_-100;2;5475_-100;2;5475,15.2602739726027,Incidence,5.36715915098254e-09
NbyGQVwzFc_loc12_loop6,12,ITN 0%/IRS 0%/Larvicide 0%,0;0.4;0.4_0;0;0_0;0;0_-100;2;5475_-100;2;5475_-100;2;5475,15.2630136986301,Incidence,5.38379335208779e-09
NbyGQVwzFc_loc12_loop6,12,ITN 0%/IRS 0%/Larvicide 0%,0;0.4;0.4_0;0;0_0;0;0_-100;2;5475_-100;2;5475_-100;2;5475,15.2657534246575,Incidence,5.40046478628732e-09
NbyGQVwzFc_loc12_loop6,12,ITN 0%/IRS 0%/Larvicide 0%,0;0.4;0.4_0;0;0_0;0;0_-100;2;5475_-100;2;5475_-100;2;5475,15.2684931506849,Incidence,5.41717661310009e-09
NbyGQVwzFc_loc12_loop6,12,ITN 0%/IRS 0%/Larvicide 0%,0;0.4;0.4_0;0;0_0;0;0_-100;2;5475_-100;2;5475_-100;2;5475,15.2712328767123,Incidence,5.43393182804615e-09
NbyGQVwzFc_loc12_loop6,12,ITN 0%/IRS 0%/Larvicide 0%,0;0.4;0.4_0;0;0_0;0;0_-100;2;5475_-100;2;5475_-100;2;5475,15.2739726027397,Incidence,5.45073324552313e-09
NbyGQVwzFc_loc12_loop6,12,ITN 0%/IRS 0%/Larvicide 0%,0;0.4;0.4_0;0;0_0;0;0_-100;2;5475_-100;2;5475_-100;2;5475,15.2767123287671,Incidence,5.46758347515385e-09
NbyGQVwzFc_loc12_loop6,12,ITN 0%/IRS 0%/Larvicide 0%,0;0.4;0.4_0;0;0_0;0;0_-100;2;5475_-100;2;5475_-100;2;5475,15.2794520547945,Incidence,5.48448490766902e-09
NbyGQVwzFc_loc12_loop6,12,ITN 0%/IRS 0%/Larvicide 0%,0;0.4;0.4_0;0;0_0;0;0_-100;2;5475_-100;2;5475_-100;2;5475,15.2821917808219,Incidence,5.50143970986167e-09
NbyGQVwzFc_loc12_loop6,12,ITN 0%/IRS 0%/Larvicide 0%,0;0.4;0.4_0;0;0_0;0;0_-100;2;5475_-100;2;5475_-100;2;5475,15.2849315068493,Incidence,5.51844982644129e-09
NbyGQVwzFc_loc12_loop6,12,ITN 0%/IRS 0%/Larvicide 0%,0;0.4;0.4_0;0;0_0;0;0_-100;2;5475_-100;2;5475_-100;2;5475,15.2876712328767,Incidence,5.53551698815222e-09
NbyGQVwzFc_loc12_loop6,12,ITN 0%/IRS 0%/Larvicide 0%,0;0.4;0.4_0;0;0_0;0;0_-100;2;5475_-100;2;5475_-100;2;5475,15.2904109589041,Incidence,5.55264271977647e-09
NbyGQVwzFc_loc12_loop6,12,ITN 0%/IRS 0%/Larvicide 0%,0;0.4;0.4_0;0;0_0;0;0_-100;2;5475_-100;2;5475_-100;2;5475,15.2931506849315,Incidence,5.56982835279476e-09
NbyGQVwzFc_loc12_loop6,12,ITN 0%/IRS 0%/Larvicide 0%,0;0.4;0.4_0;0;0_0;0;0_-100;2;5475_-100;2;5475_-100;2;5475,15.2958904109589,Incidence,5.58707503970033e-09
NbyGQVwzFc_loc12_loop6,12,ITN 0%/IRS 0%/Larvicide 0%,0;0.4;0.4_0;0;0_0;0;0_-100;2;5475_-100;2;5475_-100;2;5475,15.2986301369863,Incidence,5.60438376880698e-09
NbyGQVwzFc_loc12_loop6,12,ITN 0%/IRS 0%/Larvicide 0%,0;0.4;0.4_0;0;0_0;0;0_-100;2;5475_-100;2;5475_-100;2;5475,15.3013698630137,Incidence,5.62175537936559e-09
NbyGQVwzFc_loc12_loop6,12,ITN 0%/IRS 0%/Larvicide 0%,0;0.4;0.4_0;0;0_0;0;0_-100;2;5475_-100;2;5475_-100;2;5475,15.3041095890411,Incidence,5.63919057660236e-09
NbyGQVwzFc_loc12_loop6,12,ITN 0%/IRS 0%/Larvicide 0%,0;0.4;0.4_0;0;0_0;0;0_-100;2;5475_-100;2;5475_-100;2;5475,15.3068493150685,Incidence,5.65668994635921e-09
NbyGQVwzFc_loc12_loop6,12,ITN 0%/IRS 0%/Larvicide 0%,0;0.4;0.4_0;0;0_0;0;0_-100;2;5475_-100;2;5475_-100;2;5475,15.3095890410959,Incidence,5.67425396906555e-09
NbyGQVwzFc_loc12_loop6,12,ITN 0%/IRS 0%/Larvicide 0%,0;0.4;0.4_0;0;0_0;0;0_-100;2;5475_-100;2;5475_-100;2;5475,15.3123287671233,Incidence,5.69188303289689e-09
NbyGQVwzFc_loc12_loop6,12,ITN 0%/IRS 0%/Larvicide 0%,0;0.4;0.4_0;0;0_0;0;0_-100;2;5475_-100;2;5475_-100;2;5475,15.3150684931507,Incidence,5.70957744605877e-09
NbyGQVwzFc_loc12_loop6,12,ITN 0%/IRS 0%/Larvicide 0%,0;0.4;0.4_0;0;0_0;0;0_-100;2;5475_-100;2;5475_-100;2;5475,15.3178082191781,Incidence,5.72733744816875e-09
NbyGQVwzFc_loc12_loop6,12,ITN 0%/IRS 0%/Larvicide 0%,0;0.4;0.4_0;0;0_0;0;0_-100;2;5475_-100;2;5475_-100;2;5475,15.3205479452055,Incidence,5.74516322073292e-09
NbyGQVwzFc_loc12_loop6,12,ITN 0%/IRS 0%/Larvicide 0%,0;0.4;0.4_0;0;0_0;0;0_-100;2;5475_-100;2;5475_-100;2;5475,15.3232876712329,Incidence,5.76305489673135e-09
NbyGQVwzFc_loc12_loop6,12,ITN 0%/IRS 0%/Larvicide 0%,0;0.4;0.4_0;0;0_0;0;0_-100;2;5475_-100;2;5475_-100;2;5475,15.3260273972603,Incidence,5.78101256933945e-09
NbyGQVwzFc_loc12_loop6,12,ITN 0%/IRS 0%/Larvicide 0%,0;0.4;0.4_0;0;0_0;0;0_-100;2;5475_-100;2;5475_-100;2;5475,15.3287671232877,Incidence,5.79903630025605e-09
NbyGQVwzFc_loc12_loop6,12,ITN 0%/IRS 0%/Larvicide 0%,0;0.4;0.4_0;0;0_0;0;0_-100;2;5475_-100;2;5475_-100;2;5475,15.3315068493151,Incidence,5.81712612785355e-09
NbyGQVwzFc_loc12_loop6,12,ITN 0%/IRS 0%/Larvicide 0%,0;0.4;0.4_0;0;0_0;0;0_-100;2;5475_-100;2;5475_-100;2;5475,15.3342465753425,Incidence,5.83528207106433e-09
NbyGQVwzFc_loc12_loop6,12,ITN 0%/IRS 0%/Larvicide 0%,0;0.4;0.4_0;0;0_0;0;0_-100;2;5475_-100;2;5475_-100;2;5475,15.3369863013699,Incidence,5.85350413583937e-09
NbyGQVwzFc_loc12_loop6,12,ITN 0%/IRS 0%/Larvicide 0%,0;0.4;0.4_0;0;0_0;0;0_-100;2;5475_-100;2;5475_-100;2;5475,15.3397260273973,Incidence,5.87179232022083e-09
NbyGQVwzFc_loc12_loop6,12,ITN 0%/IRS 0%/Larvicide 0%,0;0.4;0.4_0;0;0_0;0;0_-100;2;5475_-100;2;5475_-100;2;5475,15.3424657534247,Incidence,5.89014661867667e-09
NbyGQVwzFc_loc12_loop6,12,ITN 0%/IRS 0%/Larvicide 0%,0;0.4;0.4_0;0;0_0;0;0_-100;2;5475_-100;2;5475_-100;2;5475,15.3452054794521,Incidence,5.90856702586182e-09
NbyGQVwzFc_loc12_loop6,12,ITN 0%/IRS 0%/Larvicide 0%,0;0.4;0.4_0;0;0_0;0;0_-100;2;5475_-100;2;5475_-100;2;5475,15.3479452054795,Incidence,5.92705353985472e-09
NbyGQVwzFc_loc12_loop6,12,ITN 0%/IRS 0%/Larvicide 0%,0;0.4;0.4_0;0;0_0;0;0_-100;2;5475_-100;2;5475_-100;2;5475,15.3506849315069,Incidence,5.94560616491576e-09
NbyGQVwzFc_loc12_loop6,12,ITN 0%/IRS 0%/Larvicide 0%,0;0.4;0.4_0;0;0_0;0;0_-100;2;5475_-100;2;5475_-100;2;5475,15.3534246575342,Incidence,5.96422491381287e-09
NbyGQVwzFc_loc12_loop6,12,ITN 0%/IRS 0%/Larvicide 0%,0;0.4;0.4_0;0;0_0;0;0_-100;2;5475_-100;2;5475_-100;2;5475,15.3561643835616,Incidence,5.98290980975749e-09
NbyGQVwzFc_loc12_loop6,12,ITN 0%/IRS 0%/Larvicide 0%,0;0.4;0.4_0;0;0_0;0;0_-100;2;5475_-100;2;5475_-100;2;5475,15.358904109589,Incidence,6.00166088799107e-09
NbyGQVwzFc_loc12_loop6,12,ITN 0%/IRS 0%/Larvicide 0%,0;0.4;0.4_0;0;0_0;0;0_-100;2;5475_-100;2;5475_-100;2;5475,15.3616438356164,Incidence,6.02047819705957e-09
NbyGQVwzFc_loc12_loop6,12,ITN 0%/IRS 0%/Larvicide 0%,0;0.4;0.4_0;0;0_0;0;0_-100;2;5475_-100;2;5475_-100;2;5475,15.3643835616438,Incidence,6.03936179980115e-09
NbyGQVwzFc_loc12_loop6,12,ITN 0%/IRS 0%/Larvicide 0%,0;0.4;0.4_0;0;0_0;0;0_-100;2;5475_-100;2;5475_-100;2;5475,15.3671232876712,Incidence,6.05831177405868e-09
NbyGQVwzFc_loc12_loop6,12,ITN 0%/IRS 0%/Larvicide 0%,0;0.4;0.4_0;0;0_0;0;0_-100;2;5475_-100;2;5475_-100;2;5475,15.3698630136986,Incidence,6.07732821312947e-09
NbyGQVwzFc_loc12_loop6,12,ITN 0%/IRS 0%/Larvicide 0%,0;0.4;0.4_0;0;0_0;0;0_-100;2;5475_-100;2;5475_-100;2;5475,15.372602739726,Incidence,6.09641122641683e-09
NbyGQVwzFc_loc12_loop6,12,ITN 0%/IRS 0%/Larvicide 0%,0;0.4;0.4_0;0;0_0;0;0_-100;2;5475_-100;2;5475_-100;2;5475,15.3753424657534,Incidence,6.11556094044167e-09
NbyGQVwzFc_loc12_loop6,12,ITN 0%/IRS 0%/Larvicide 0%,0;0.4;0.4_0;0;0_0;0;0_-100;2;5475_-100;2;5475_-100;2;5475,15.3780821917808,Incidence,6.13477749614491e-09
NbyGQVwzFc_loc12_loop6,12,ITN 0%/IRS 0%/Larvicide 0%,0;0.4;0.4_0;0;0_0;0;0_-100;2;5475_-100;2;5475_-100;2;5475,15.3808219178082,Incidence,6.15406104942396e-09
NbyGQVwzFc_loc12_loop6,12,ITN 0%/IRS 0%/Larvicide 0%,0;0.4;0.4_0;0;0_0;0;0_-100;2;5475_-100;2;5475_-100;2;5475,15.3835616438356,Incidence,6.17341177075972e-09
NbyGQVwzFc_loc12_loop6,12,ITN 0%/IRS 0%/Larvicide 0%,0;0.4;0.4_0;0;0_0;0;0_-100;2;5475_-100;2;5475_-100;2;5475,15.386301369863,Incidence,6.1928298446174e-09
NbyGQVwzFc_loc12_loop6,12,ITN 0%/IRS 0%/Larvicide 0%,0;0.4;0.4_0;0;0_0;0;0_-100;2;5475_-100;2;5475_-100;2;5475,15.3890410958904,Incidence,6.21231546876544e-09
NbyGQVwzFc_loc12_loop6,12,ITN 0%/IRS 0%/Larvicide 0%,0;0.4;0.4_0;0;0_0;0;0_-100;2;5475_-100;2;5475_-100;2;5475,15.3917808219178,Incidence,6.23186885353429e-09
NbyGQVwzFc_loc12_loop6,12,ITN 0%/IRS 0%/Larvicide 0%,0;0.4;0.4_0;0;0_0;0;0_-100;2;5475_-100;2;5475_-100;2;5475,15.3945205479452,Incidence,6.25149022103553e-09
NbyGQVwzFc_loc12_loop6,12,ITN 0%/IRS 0%/Larvicide 0%,0;0.4;0.4_0;0;0_0;0;0_-100;2;5475_-100;2;5475_-100;2;5475,15.3972602739726,Incidence,6.27117980435768e-09
NbyGQVwzFc_loc12_loop6,12,ITN 0%/IRS 0%/Larvicide 0%,0;0.4;0.4_0;0;0_0;0;0_-100;2;5475_-100;2;5475_-100;2;5475,15.4,Incidence,6.29093784675417e-09
NbyGQVwzFc_loc12_loop6,12,ITN 0%/IRS 0%/Larvicide 0%,0;0.4;0.4_0;0;0_0;0;0_-100;2;5475_-100;2;5475_-100;2;5475,15.4027397260274,Incidence,6.31076460083568e-09
NbyGQVwzFc_loc12_loop6,12,ITN 0%/IRS 0%/Larvicide 0%,0;0.4;0.4_0;0;0_0;0;0_-100;2;5475_-100;2;5475_-100;2;5475,15.4054794520548,Incidence,6.33066032777734e-09
NbyGQVwzFc_loc12_loop6,12,ITN 0%/IRS 0%/Larvicide 0%,0;0.4;0.4_0;0;0_0;0;0_-100;2;5475_-100;2;5475_-100;2;5475,15.4082191780822,Incidence,6.35062529654897e-09
NbyGQVwzFc_loc12_loop6,12,ITN 0%/IRS 0%/Larvicide 0%,0;0.4;0.4_0;0;0_0;0;0_-100;2;5475_-100;2;5475_-100;2;5475,15.4109589041096,Incidence,6.37065978317535e-09
NbyGQVwzFc_loc12_loop6,12,ITN 0%/IRS 0%/Larvicide 0%,0;0.4;0.4_0;0;0_0;0;0_-100;2;5475_-100;2;5475_-100;2;5475,15.413698630137,Incidence,6.39076407003156e-09
NbyGQVwzFc_loc12_loop6,12,ITN 0%/IRS 0%/Larvicide 0%,0;0.4;0.4_0;0;0_0;0;0_-100;2;5475_-100;2;5475_-100;2;5475,15.4164383561644,Incidence,6.41093844532107e-09
NbyGQVwzFc_loc12_loop6,12,ITN 0%/IRS 0%/Larvicide 0%,0;0.4;0.4_0;0;0_0;0;0_-100;2;5475_-100;2;5475_-100;2;5475,15.4191780821918,Incidence,6.43118320392479e-09
NbyGQVwzFc_loc12_loop6,12,ITN 0%/IRS 0%/Larvicide 0%,0;0.4;0.4_0;0;0_0;0;0_-100;2;5475_-100;2;5475_-100;2;5475,15.4219178082192,Incidence,6.45149864449237e-09
NbyGQVwzFc_loc12_loop6,12,ITN 0%/IRS 0%/Larvicide 0%,0;0.4;0.4_0;0;0_0;0;0_-100;2;5475_-100;2;5475_-100;2;5475,15.4246575342466,Incidence,6.47188506922542e-09
NbyGQVwzFc_loc12_loop6,12,ITN 0%/IRS 0%/Larvicide 0%,0;0.4;0.4_0;0;0_0;0;0_-100;2;5475_-100;2;5475_-100;2;5475,15.427397260274,Incidence,6.49234278375944e-09
NbyGQVwzFc_loc12_loop6,12,ITN 0%/IRS 0%/Larvicide 0%,0;0.4;0.4_0;0;0_0;0;0_-100;2;5475_-100;2;5475_-100;2;5475,15.4301369863014,Incidence,6.51287209671597e-09
NbyGQVwzFc_loc12_loop6,12,ITN 0%/IRS 0%/Larvicide 0%,0;0.4;0.4_0;0;0_0;0;0_-100;2;5475_-100;2;5475_-100;2;5475,15.4328767123288,Incidence,6.53347331929773e-09
NbyGQVwzFc_loc12_loop6,12,ITN 0%/IRS 0%/Larvicide 0%,0;0.4;0.4_0;0;0_0;0;0_-100;2;5475_-100;2;5475_-100;2;5475,15.4356164383562,Incidence,6.55414676492575e-09
NbyGQVwzFc_loc12_loop6,12,ITN 0%/IRS 0%/Larvicide 0%,0;0.4;0.4_0;0;0_0;0;0_-100;2;5475_-100;2;5475_-100;2;5475,15.4383561643836,Incidence,6.57489274891668e-09
NbyGQVwzFc_loc12_loop6,12,ITN 0%/IRS 0%/Larvicide 0%,0;0.4;0.4_0;0;0_0;0;0_-100;2;5475_-100;2;5475_-100;2;5475,15.441095890411,Incidence,6.59571158819864e-09
NbyGQVwzFc_loc12_loop6,12,ITN 0%/IRS 0%/Larvicide 0%,0;0.4;0.4_0;0;0_0;0;0_-100;2;5475_-100;2;5475_-100;2;5475,15.4438356164384,Incidence,6.61660360106327e-09
NbyGQVwzFc_loc12_loop6,12,ITN 0%/IRS 0%/Larvicide 0%,0;0.4;0.4_0;0;0_0;0;0_-100;2;5475_-100;2;5475_-100;2;5475,15.4465753424658,Incidence,6.63756910695226e-09
NbyGQVwzFc_loc12_loop6,12,ITN 0%/IRS 0%/Larvicide 0%,0;0.4;0.4_0;0;0_0;0;0_-100;2;5475_-100;2;5475_-100;2;5475,15.4493150684932,Incidence,6.6586084262757e-09
NbyGQVwzFc_loc12_loop6,12,ITN 0%/IRS 0%/Larvicide 0%,0;0.4;0.4_0;0;0_0;0;0_-100;2;5475_-100;2;5475_-100;2;5475,15.4520547945205,Incidence,6.67972188026042e-09
NbyGQVwzFc_loc12_loop6,12,ITN 0%/IRS 0%/Larvicide 0%,0;0.4;0.4_0;0;0_0;0;0_-100;2;5475_-100;2;5475_-100;2;5475,15.4547945205479,Incidence,6.70090979082566e-09
NbyGQVwzFc_loc12_loop6,12,ITN 0%/IRS 0%/Larvicide 0%,0;0.4;0.4_0;0;0_0;0;0_-100;2;5475_-100;2;5475_-100;2;5475,15.4575342465753,Incidence,6.72217248048419e-09
NbyGQVwzFc_loc12_loop6,12,ITN 0%/IRS 0%/Larvicide 0%,0;0.4;0.4_0;0;0_0;0;0_-100;2;5475_-100;2;5475_-100;2;5475,15.4602739726027,Incidence,6.74351027226643e-09
NbyGQVwzFc_loc12_loop6,12,ITN 0%/IRS 0%/Larvicide 0%,0;0.4;0.4_0;0;0_0;0;0_-100;2;5475_-100;2;5475_-100;2;5475,15.4630136986301,Incidence,6.76492349039455e-09
NbyGQVwzFc_loc12_loop6,12,ITN 0%/IRS 0%/Larvicide 0%,0;0.4;0.4_0;0;0_0;0;0_-100;2;5475_-100;2;5475_-100;2;5475,15.4657534246575,Incidence,6.7864124605735e-09
NbyGQVwzFc_loc12_loop6,12,ITN 0%/IRS 0%/Larvicide 0%,0;0.4;0.4_0;0;0_0;0;0_-100;2;5475_-100;2;5475_-100;2;5475,15.4684931506849,Incidence,6.8079775077477e-09
NbyGQVwzFc_loc12_loop6,12,ITN 0%/IRS 0%/Larvicide 0%,0;0.4;0.4_0;0;0_0;0;0_-100;2;5475_-100;2;5475_-100;2;5475,15.4712328767123,Incidence,6.82961895720796e-09
NbyGQVwzFc_loc12_loop6,12,ITN 0%/IRS 0%/Larvicide 0%,0;0.4;0.4_0;0;0_0;0;0_-100;2;5475_-100;2;5475_-100;2;5475,15.4739726027397,Incidence,6.85133713463637e-09
NbyGQVwzFc_loc12_loop6,12,ITN 0%/IRS 0%/Larvicide 0%,0;0.4;0.4_0;0;0_0;0;0_-100;2;5475_-100;2;5475_-100;2;5475,15.4767123287671,Incidence,6.87313236612465e-09
NbyGQVwzFc_loc12_loop6,12,ITN 0%/IRS 0%/Larvicide 0%,0;0.4;0.4_0;0;0_0;0;0_-100;2;5475_-100;2;5475_-100;2;5475,15.4794520547945,Incidence,6.89500497820176e-09
NbyGQVwzFc_loc12_loop6,12,ITN 0%/IRS 0%/Larvicide 0%,0;0.4;0.4_0;0;0_0;0;0_-100;2;5475_-100;2;5475_-100;2;5475,15.4821917808219,Incidence,6.91695529786875e-09
NbyGQVwzFc_loc12_loop6,12,ITN 0%/IRS 0%/Larvicide 0%,0;0.4;0.4_0;0;0_0;0;0_-100;2;5475_-100;2;5475_-100;2;5475,15.4849315068493,Incidence,6.93898365264016e-09
NbyGQVwzFc_loc12_loop6,12,ITN 0%/IRS 0%/Larvicide 0%,0;0.4;0.4_0;0;0_0;0;0_-100;2;5475_-100;2;5475_-100;2;5475,15.4876712328767,Incidence,6.96109037059001e-09
NbyGQVwzFc_loc12_loop6,12,ITN 0%/IRS 0%/Larvicide 0%,0;0.4;0.4_0;0;0_0;0;0_-100;2;5475_-100;2;5475_-100;2;5475,15.4904109589041,Incidence,6.98327578040132e-09
NbyGQVwzFc_loc12_loop6,12,ITN 0%/IRS 0%/Larvicide 0%,0;0.4;0.4_0;0;0_0;0;0_-100;2;5475_-100;2;5475_-100;2;5475,15.4931506849315,Incidence,7.0055402114184e-09
NbyGQVwzFc_loc12_loop6,12,ITN 0%/IRS 0%/Larvicide 0%,0;0.4;0.4_0;0;0_0;0;0_-100;2;5475_-100;2;5475_-100;2;5475,15.4958904109589,Incidence,7.02788399370073e-09
NbyGQVwzFc_loc12_loop6,12,ITN 0%/IRS 0%/Larvicide 0%,0;0.4;0.4_0;0;0_0;0;0_-100;2;5475_-100;2;5475_-100;2;5475,15.4986301369863,Incidence,7.05030745807743e-09
NbyGQVwzFc_loc12_loop6,12,ITN 0%/IRS 0%/Larvicide 0%,0;0.4;0.4_0;0;0_0;0;0_-100;2;5475_-100;2;5475_-100;2;5475,15.5013698630137,Incidence,7.07281093620218e-09
NbyGQVwzFc_loc12_loop6,12,ITN 0%/IRS 0%/Larvicide 0%,0;0.4;0.4_0;0;0_0;0;0_-100;2;5475_-100;2;5475_-100;2;5475,15.5041095890411,Incidence,7.09539476060727e-09
NbyGQVwzFc_loc12_loop6,12,ITN 0%/IRS 0%/Larvicide 0%,0;0.4;0.4_0;0;0_0;0;0_-100;2;5475_-100;2;5475_-100;2;5475,15.5068493150685,Incidence,7.1180592647569e-09
NbyGQVwzFc_loc12_loop6,12,ITN 0%/IRS 0%/Larvicide 0%,0;0.4;0.4_0;0;0_0;0;0_-100;2;5475_-100;2;5475_-100;2;5475,15.5095890410959,Incidence,7.140804784122e-09
NbyGQVwzFc_loc12_loop6,12,ITN 0%/IRS 0%/Larvicide 0%,0;0.4;0.4_0;0;0_0;0;0_-100;2;5475_-100;2;5475_-100;2;5475,15.5123287671233,Incidence,7.16363165575087e-09
NbyGQVwzFc_loc12_loop6,12,ITN 0%/IRS 0%/Larvicide 0%,0;0.4;0.4_0;0;0_0;0;0_-100;2;5475_-100;2;5475_-100;2;5475,15.5150684931507,Incidence,7.18654021669856e-09
NbyGQVwzFc_loc12_loop6,12,ITN 0%/IRS 0%/Larvicide 0%,0;0.4;0.4_0;0;0_0;0;0_-100;2;5475_-100;2;5475_-100;2;5475,15.5178082191781,Incidence,7.20953080512621e-09
NbyGQVwzFc_loc12_loop6,12,ITN 0%/IRS 0%/Larvicide 0%,0;0.4;0.4_0;0;0_0;0;0_-100;2;5475_-100;2;5475_-100;2;5475,15.5205479452055,Incidence,7.23260376034694e-09
NbyGQVwzFc_loc12_loop6,12,ITN 0%/IRS 0%/Larvicide 0%,0;0.4;0.4_0;0;0_0;0;0_-100;2;5475_-100;2;5475_-100;2;5475,15.5232876712329,Incidence,7.25575942286652e-09
NbyGQVwzFc_loc12_loop6,12,ITN 0%/IRS 0%/Larvicide 0%,0;0.4;0.4_0;0;0_0;0;0_-100;2;5475_-100;2;5475_-100;2;5475,15.5260273972603,Incidence,7.2789981344215e-09
NbyGQVwzFc_loc12_loop6,12,ITN 0%/IRS 0%/Larvicide 0%,0;0.4;0.4_0;0;0_0;0;0_-100;2;5475_-100;2;5475_-100;2;5475,15.5287671232877,Incidence,7.30232023801486e-09
NbyGQVwzFc_loc12_loop6,12,ITN 0%/IRS 0%/Larvicide 0%,0;0.4;0.4_0;0;0_0;0;0_-100;2;5475_-100;2;5475_-100;2;5475,15.5315068493151,Incidence,7.32572607794903e-09
NbyGQVwzFc_loc12_loop6,12,ITN 0%/IRS 0%/Larvicide 0%,0;0.4;0.4_0;0;0_0;0;0_-100;2;5475_-100;2;5475_-100;2;5475,15.5342465753425,Incidence,7.34921599985661e-09
NbyGQVwzFc_loc12_loop6,12,ITN 0%/IRS 0%/Larvicide 0%,0;0.4;0.4_0;0;0_0;0;0_-100;2;5475_-100;2;5475_-100;2;5475,15.5369863013699,Incidence,7.37279035072845e-09
NbyGQVwzFc_loc12_loop6,12,ITN 0%/IRS 0%/Larvicide 0%,0;0.4;0.4_0;0;0_0;0;0_-100;2;5475_-100;2;5475_-100;2;5475,15.5397260273973,Incidence,7.39644947893984e-09
NbyGQVwzFc_loc12_loop6,12,ITN 0%/IRS 0%/Larvicide 0%,0;0.4;0.4_0;0;0_0;0;0_-100;2;5475_-100;2;5475_-100;2;5475,15.5424657534247,Incidence,7.42019373427407e-09
NbyGQVwzFc_loc12_loop6,12,ITN 0%/IRS 0%/Larvicide 0%,0;0.4;0.4_0;0;0_0;0;0_-100;2;5475_-100;2;5475_-100;2;5475,15.5452054794521,Incidence,7.44402346794426e-09
NbyGQVwzFc_loc12_loop6,12,ITN 0%/IRS 0%/Larvicide 0%,0;0.4;0.4_0;0;0_0;0;0_-100;2;5475_-100;2;5475_-100;2;5475,15.5479452054795,Incidence,7.46793903261321e-09
NbyGQVwzFc_loc12_loop6,12,ITN 0%/IRS 0%/Larvicide 0%,0;0.4;0.4_0;0;0_0;0;0_-100;2;5475_-100;2;5475_-100;2;5475,15.5506849315068,Incidence,7.49194078241128e-09
NbyGQVwzFc_loc12_loop6,12,ITN 0%/IRS 0%/Larvicide 0%,0;0.4;0.4_0;0;0_0;0;0_-100;2;5475_-100;2;5475_-100;2;5475,15.5534246575342,Incidence,7.5160290729529e-09
NbyGQVwzFc_loc12_loop6,12,ITN 0%/IRS 0%/Larvicide 0%,0;0.4;0.4_0;0;0_0;0;0_-100;2;5475_-100;2;5475_-100;2;5475,15.5561643835616,Incidence,7.54020426203575e-09
NbyGQVwzFc_loc12_loop6,12,ITN 0%/IRS 0%/Larvicide 0%,0;0.4;0.4_0;0;0_0;0;0_-100;2;5475_-100;2;5475_-100;2;5475,15.558904109589,Incidence,7.56446671002634e-09
NbyGQVwzFc_loc12_loop6,12,ITN 0%/IRS 0%/Larvicide 0%,0;0.4;0.4_0;0;0_0;0;0_-100;2;5475_-100;2;5475_-100;2;5475,15.5616438356164,Incidence,7.58881677753006e-09
NbyGQVwzFc_loc12_loop6,12,ITN 0%/IRS 0%/Larvicide 0%,0;0.4;0.4_0;0;0_0;0;0_-100;2;5475_-100;2;5475_-100;2;5475,15.5643835616438,Incidence,7.61325482661696e-09
NbyGQVwzFc_loc12_loop6,12,ITN 0%/IRS 0%/Larvicide 0%,0;0.4;0.4_0;0;0_0;0;0_-100;2;5475_-100;2;5475_-100;2;5475,15.5671232876712,Incidence,7.63778122088421e-09
NbyGQVwzFc_loc12_loop6,12,ITN 0%/IRS 0%/Larvicide 0%,0;0.4;0.4_0;0;0_0;0;0_-100;2;5475_-100;2;5475_-100;2;5475,15.5698630136986,Incidence,7.66239632546539e-09
NbyGQVwzFc_loc12_loop6,12,ITN 0%/IRS 0%/Larvicide 0%,0;0.4;0.4_0;0;0_0;0;0_-100;2;5475_-100;2;5475_-100;2;5475,15.572602739726,Incidence,7.68710050703892e-09
NbyGQVwzFc_loc12_loop6,12,ITN 0%/IRS 0%/Larvicide 0%,0;0.4;0.4_0;0;0_0;0;0_-100;2;5475_-100;2;5475_-100;2;5475,15.5753424657534,Incidence,7.71189413383601e-09
NbyGQVwzFc_loc12_loop6,12,ITN 0%/IRS 0%/Larvicide 0%,0;0.4;0.4_0;0;0_0;0;0_-100;2;5475_-100;2;5475_-100;2;5475,15.5780821917808,Incidence,7.73677757564806e-09
NbyGQVwzFc_loc12_loop6,12,ITN 0%/IRS 0%/Larvicide 0%,0;0.4;0.4_0;0;0_0;0;0_-100;2;5475_-100;2;5475_-100;2;5475,15.5808219178082,Incidence,7.76175120383358e-09
NbyGQVwzFc_loc12_loop6,12,ITN 0%/IRS 0%/Larvicide 0%,0;0.4;0.4_0;0;0_0;0;0_-100;2;5475_-100;2;5475_-100;2;5475,15.5835616438356,Incidence,7.78681539132486e-09
NbyGQVwzFc_loc12_loop6,12,ITN 0%/IRS 0%/Larvicide 0%,0;0.4;0.4_0;0;0_0;0;0_-100;2;5475_-100;2;5475_-100;2;5475,15.586301369863,Incidence,7.81197051263431e-09
NbyGQVwzFc_loc12_loop6,12,ITN 0%/IRS 0%/Larvicide 0%,0;0.4;0.4_0;0;0_0;0;0_-100;2;5475_-100;2;5475_-100;2;5475,15.5890410958904,Incidence,7.83721694386078e-09
NbyGQVwzFc_loc12_loop6,12,ITN 0%/IRS 0%/Larvicide 0%,0;0.4;0.4_0;0;0_0;0;0_-100;2;5475_-100;2;5475_-100;2;5475,15.5917808219178,Incidence,7.86255506269555e-09
NbyGQVwzFc_loc12_loop6,12,ITN 0%/IRS 0%/Larvicide 0%,0;0.4;0.4_0;0;0_0;0;0_-100;2;5475_-100;2;5475_-100;2;5475,15.5945205479452,Incidence,7.88798524842841e-09
NbyGQVwzFc_loc12_loop6,12,ITN 0%/IRS 0%/Larvicide 0%,0;0.4;0.4_0;0;0_0;0;0_-100;2;5475_-100;2;5475_-100;2;5475,15.5972602739726,Incidence,7.91350788195369e-09
NbyGQVwzFc_loc12_loop6,12,ITN 0%/IRS 0%/Larvicide 0%,0;0.4;0.4_0;0;0_0;0;0_-100;2;5475_-100;2;5475_-100;2;5475,15.6,Incidence,7.93912334577632e-09
NbyGQVwzFc_loc12_loop6,12,ITN 0%/IRS 0%/Larvicide 0%,0;0.4;0.4_0;0;0_0;0;0_-100;2;5475_-100;2;5475_-100;2;5475,15.6027397260274,Incidence,7.96483202410691e-09
NbyGQVwzFc_loc12_loop6,12,ITN 0%/IRS 0%/Larvicide 0%,0;0.4;0.4_0;0;0_0;0;0_-100;2;5475_-100;2;5475_-100;2;5475,15.6054794520548,Incidence,7.99063430434217e-09
NbyGQVwzFc_loc12_loop6,12,ITN 0%/IRS 0%/Larvicide 0%,0;0.4;0.4_0;0;0_0;0;0_-100;2;5475_-100;2;5475_-100;2;5475,15.6082191780822,Incidence,8.01653057471967e-09
NbyGQVwzFc_loc12_loop6,12,ITN 0%/IRS 0%/Larvicide 0%,0;0.4;0.4_0;0;0_0;0;0_-100;2;5475_-100;2;5475_-100;2;5475,15.6109589041096,Incidence,8.04252122455185e-09
NbyGQVwzFc_loc12_loop6,12,ITN 0%/IRS 0%/Larvicide 0%,0;0.4;0.4_0;0;0_0;0;0_-100;2;5475_-100;2;5475_-100;2;5475,15.613698630137,Incidence,8.06860664477446e-09
NbyGQVwzFc_loc12_loop6,12,ITN 0%/IRS 0%/Larvicide 0%,0;0.4;0.4_0;0;0_0;0;0_-100;2;5475_-100;2;5475_-100;2;5475,15.6164383561644,Incidence,8.09478722795341e-09
NbyGQVwzFc_loc12_loop6,12,ITN 0%/IRS 0%/Larvicide 0%,0;0.4;0.4_0;0;0_0;0;0_-100;2;5475_-100;2;5475_-100;2;5475,15.6191780821918,Incidence,8.12106336829156e-09
NbyGQVwzFc_loc12_loop6,12,ITN 0%/IRS 0%/Larvicide 0%,0;0.4;0.4_0;0;0_0;0;0_-100;2;5475_-100;2;5475_-100;2;5475,15.6219178082192,Incidence,8.14743546163606e-09
NbyGQVwzFc_loc12_loop6,12,ITN 0%/IRS 0%/Larvicide 0%,0;0.4;0.4_0;0;0_0;0;0_-100;2;5475_-100;2;5475_-100;2;5475,15.6246575342466,Incidence,8.17390390548548e-09
NbyGQVwzFc_loc12_loop6,12,ITN 0%/IRS 0%/Larvicide 0%,0;0.4;0.4_0;0;0_0;0;0_-100;2;5475_-100;2;5475_-100;2;5475,15.627397260274,Incidence,8.20046909899743e-09
NbyGQVwzFc_loc12_loop6,12,ITN 0%/IRS 0%/Larvicide 0%,0;0.4;0.4_0;0;0_0;0;0_-100;2;5475_-100;2;5475_-100;2;5475,15.6301369863014,Incidence,8.22713144299636e-09
NbyGQVwzFc_loc12_loop6,12,ITN 0%/IRS 0%/Larvicide 0%,0;0.4;0.4_0;0;0_0;0;0_-100;2;5475_-100;2;5475_-100;2;5475,15.6328767123288,Incidence,8.25389133998126e-09
NbyGQVwzFc_loc12_loop6,12,ITN 0%/IRS 0%/Larvicide 0%,0;0.4;0.4_0;0;0_0;0;0_-100;2;5475_-100;2;5475_-100;2;5475,15.6356164383562,Incidence,8.28074919413406e-09
NbyGQVwzFc_loc12_loop6,12,ITN 0%/IRS 0%/Larvicide 0%,0;0.4;0.4_0;0;0_0;0;0_-100;2;5475_-100;2;5475_-100;2;5475,15.6383561643836,Incidence,8.30770541132775e-09
NbyGQVwzFc_loc12_loop6,12,ITN 0%/IRS 0%/Larvicide 0%,0;0.4;0.4_0;0;0_0;0;0_-100;2;5475_-100;2;5475_-100;2;5475,15.641095890411,Incidence,8.33476039913496e-09
NbyGQVwzFc_loc12_loop6,12,ITN 0%/IRS 0%/Larvicide 0%,0;0.4;0.4_0;0;0_0;0;0_-100;2;5475_-100;2;5475_-100;2;5475,15.6438356164384,Incidence,8.36191456683655e-09
NbyGQVwzFc_loc12_loop6,12,ITN 0%/IRS 0%/Larvicide 0%,0;0.4;0.4_0;0;0_0;0;0_-100;2;5475_-100;2;5475_-100;2;5475,15.6465753424658,Incidence,8.38916832543055e-09
NbyGQVwzFc_loc12_loop6,12,ITN 0%/IRS 0%/Larvicide 0%,0;0.4;0.4_0;0;0_0;0;0_-100;2;5475_-100;2;5475_-100;2;5475,15.6493150684932,Incidence,8.41652208764103e-09
NbyGQVwzFc_loc12_loop6,12,ITN 0%/IRS 0%/Larvicide 0%,0;0.4;0.4_0;0;0_0;0;0_-100;2;5475_-100;2;5475_-100;2;5475,15.6520547945206,Incidence,8.44397626815622e-09
NbyGQVwzFc_loc12_loop6,12,ITN 0%/IRS 0%/Larvicide 0%,0;0.4;0.4_0;0;0_0;0;0_-100;2;5475_-100;2;5475_-100;2;5475,15.6547945205479,Incidence,8.47153128495303e-09
NbyGQVwzFc_loc12_loop6,12,ITN 0%/IRS 0%/Larvicide 0%,0;0.4;0.4_0;0;0_0;0;0_-100;2;5475_-100;2;5475_-100;2;5475,15.6575342465753,Incidence,8.49918755654621e-09
NbyGQVwzFc_loc12_loop6,12,ITN 0%/IRS 0%/Larvicide 0%,0;0.4;0.4_0;0;0_0;0;0_-100;2;5475_-100;2;5475_-100;2;5475,15.6602739726027,Incidence,8.52694550286488e-09
NbyGQVwzFc_loc12_loop6,12,ITN 0%/IRS 0%/Larvicide 0%,0;0.4;0.4_0;0;0_0;0;0_-100;2;5475_-100;2;5475_-100;2;5475,15.6630136986301,Incidence,8.5548055455918e-09
NbyGQVwzFc_loc12_loop6,12,ITN 0%/IRS 0%/Larvicide 0%,0;0.4;0.4_0;0;0_0;0;0_-100;2;5475_-100;2;5475_-100;2;5475,15.6657534246575,Incidence,8.58276810817291e-09
NbyGQVwzFc_loc12_loop6,12,ITN 0%/IRS 0%/Larvicide 0%,0;0.4;0.4_0;0;0_0;0;0_-100;2;5475_-100;2;5475_-100;2;5475,15.6684931506849,Incidence,8.61083361582699e-09
NbyGQVwzFc_loc12_loop6,12,ITN 0%/IRS 0%/Larvicide 0%,0;0.4;0.4_0;0;0_0;0;0_-100;2;5475_-100;2;5475_-100;2;5475,15.6712328767123,Incidence,8.63900249555561e-09
NbyGQVwzFc_loc12_loop6,12,ITN 0%/IRS 0%/Larvicide 0%,0;0.4;0.4_0;0;0_0;0;0_-100;2;5475_-100;2;5475_-100;2;5475,15.6739726027397,Incidence,8.66727517615299e-09
NbyGQVwzFc_loc12_loop6,12,ITN 0%/IRS 0%/Larvicide 0%,0;0.4;0.4_0;0;0_0;0;0_-100;2;5475_-100;2;5475_-100;2;5475,15.6767123287671,Incidence,8.69565208821586e-09
NbyGQVwzFc_loc12_loop6,12,ITN 0%/IRS 0%/Larvicide 0%,0;0.4;0.4_0;0;0_0;0;0_-100;2;5475_-100;2;5475_-100;2;5475,15.6794520547945,Incidence,8.72413366415369e-09
NbyGQVwzFc_loc12_loop6,12,ITN 0%/IRS 0%/Larvicide 0%,0;0.4;0.4_0;0;0_0;0;0_-100;2;5475_-100;2;5475_-100;2;5475,15.6821917808219,Incidence,8.75272033819875e-09
NbyGQVwzFc_loc12_loop6,12,ITN 0%/IRS 0%/Larvicide 0%,0;0.4;0.4_0;0;0_0;0;0_-100;2;5475_-100;2;5475_-100;2;5475,15.6849315068493,Incidence,8.78141254641632e-09
NbyGQVwzFc_loc12_loop6,12,ITN 0%/IRS 0%/Larvicide 0%,0;0.4;0.4_0;0;0_0;0;0_-100;2;5475_-100;2;5475_-100;2;5475,15.6876712328767,Incidence,8.81021072671485e-09
NbyGQVwzFc_loc12_loop6,12,ITN 0%/IRS 0%/Larvicide 0%,0;0.4;0.4_0;0;0_0;0;0_-100;2;5475_-100;2;5475_-100;2;5475,15.6904109589041,Incidence,8.83911531885638e-09
NbyGQVwzFc_loc12_loop6,12,ITN 0%/IRS 0%/Larvicide 0%,0;0.4;0.4_0;0;0_0;0;0_-100;2;5475_-100;2;5475_-100;2;5475,15.6931506849315,Incidence,8.8681267644669e-09
NbyGQVwzFc_loc12_loop6,12,ITN 0%/IRS 0%/Larvicide 0%,0;0.4;0.4_0;0;0_0;0;0_-100;2;5475_-100;2;5475_-100;2;5475,15.6958904109589,Incidence,8.8972455070466e-09
NbyGQVwzFc_loc12_loop6,12,ITN 0%/IRS 0%/Larvicide 0%,0;0.4;0.4_0;0;0_0;0;0_-100;2;5475_-100;2;5475_-100;2;5475,15.6986301369863,Incidence,8.92647199198055e-09
NbyGQVwzFc_loc12_loop6,12,ITN 0%/IRS 0%/Larvicide 0%,0;0.4;0.4_0;0;0_0;0;0_-100;2;5475_-100;2;5475_-100;2;5475,15.7013698630137,Incidence,8.95580666662792e-09
NbyGQVwzFc_loc12_loop6,12,ITN 0%/IRS 0%/Larvicide 0%,0;0.4;0.4_0;0;0_0;0;0_-100;2;5475_-100;2;5475_-100;2;5475,15.7041095890411,Incidence,8.98524998178932e-09
NbyGQVwzFc_loc12_loop6,12,ITN 0%/IRS 0%/Larvicide 0%,0;0.4;0.4_0;0;0_0;0;0_-100;2;5475_-100;2;5475_-100;2;5475,15.7068493150685,Incidence,9.01480238930822e-09
NbyGQVwzFc_loc12_loop6,12,ITN 0%/IRS 0%/Larvicide 0%,0;0.4;0.4_0;0;0_0;0;0_-100;2;5475_-100;2;5475_-100;2;5475,15.7095890410959,Incidence,9.04446434233412e-09
NbyGQVwzFc_loc12_loop6,12,ITN 0%/IRS 0%/Larvicide 0%,0;0.4;0.4_0;0;0_0;0;0_-100;2;5475_-100;2;5475_-100;2;5475,15.7123287671233,Incidence,9.07423629593447e-09
NbyGQVwzFc_loc12_loop6,12,ITN 0%/IRS 0%/Larvicide 0%,0;0.4;0.4_0;0;0_0;0;0_-100;2;5475_-100;2;5475_-100;2;5475,15.7150684931507,Incidence,9.10411870710518e-09
NbyGQVwzFc_loc12_loop6,12,ITN 0%/IRS 0%/Larvicide 0%,0;0.4;0.4_0;0;0_0;0;0_-100;2;5475_-100;2;5475_-100;2;5475,15.7178082191781,Incidence,9.13411203478127e-09
NbyGQVwzFc_loc12_loop6,12,ITN 0%/IRS 0%/Larvicide 0%,0;0.4;0.4_0;0;0_0;0;0_-100;2;5475_-100;2;5475_-100;2;5475,15.7205479452055,Incidence,9.16421673984753e-09
NbyGQVwzFc_loc12_loop6,12,ITN 0%/IRS 0%/Larvicide 0%,0;0.4;0.4_0;0;0_0;0;0_-100;2;5475_-100;2;5475_-100;2;5475,15.7232876712329,Incidence,9.1944332851492e-09
NbyGQVwzFc_loc12_loop6,12,ITN 0%/IRS 0%/Larvicide 0%,0;0.4;0.4_0;0;0_0;0;0_-100;2;5475_-100;2;5475_-100;2;5475,15.7260273972603,Incidence,9.22476213550272e-09
NbyGQVwzFc_loc12_loop6,12,ITN 0%/IRS 0%/Larvicide 0%,0;0.4;0.4_0;0;0_0;0;0_-100;2;5475_-100;2;5475_-100;2;5475,15.7287671232877,Incidence,9.25520375770649e-09
NbyGQVwzFc_loc12_loop6,12,ITN 0%/IRS 0%/Larvicide 0%,0;0.4;0.4_0;0;0_0;0;0_-100;2;5475_-100;2;5475_-100;2;5475,15.7315068493151,Incidence,9.2857586205517e-09
NbyGQVwzFc_loc12_loop6,12,ITN 0%/IRS 0%/Larvicide 0%,0;0.4;0.4_0;0;0_0;0;0_-100;2;5475_-100;2;5475_-100;2;5475,15.7342465753425,Incidence,9.31642719483315e-09
NbyGQVwzFc_loc12_loop6,12,ITN 0%/IRS 0%/Larvicide 0%,0;0.4;0.4_0;0;0_0;0;0_-100;2;5475_-100;2;5475_-100;2;5475,15.7369863013699,Incidence,9.34720995336015e-09
NbyGQVwzFc_loc12_loop6,12,ITN 0%/IRS 0%/Larvicide 0%,0;0.4;0.4_0;0;0_0;0;0_-100;2;5475_-100;2;5475_-100;2;5475,15.7397260273973,Incidence,9.37810737096755e-09
NbyGQVwzFc_loc12_loop6,12,ITN 0%/IRS 0%/Larvicide 0%,0;0.4;0.4_0;0;0_0;0;0_-100;2;5475_-100;2;5475_-100;2;5475,15.7424657534247,Incidence,9.40911992452652e-09
NbyGQVwzFc_loc12_loop6,12,ITN 0%/IRS 0%/Larvicide 0%,0;0.4;0.4_0;0;0_0;0;0_-100;2;5475_-100;2;5475_-100;2;5475,15.7452054794521,Incidence,9.44024809295571e-09
NbyGQVwzFc_loc12_loop6,12,ITN 0%/IRS 0%/Larvicide 0%,0;0.4;0.4_0;0;0_0;0;0_-100;2;5475_-100;2;5475_-100;2;5475,15.7479452054795,Incidence,9.4714923572323e-09
NbyGQVwzFc_loc12_loop6,12,ITN 0%/IRS 0%/Larvicide 0%,0;0.4;0.4_0;0;0_0;0;0_-100;2;5475_-100;2;5475_-100;2;5475,15.7506849315069,Incidence,9.50285320040303e-09
NbyGQVwzFc_loc12_loop6,12,ITN 0%/IRS 0%/Larvicide 0%,0;0.4;0.4_0;0;0_0;0;0_-100;2;5475_-100;2;5475_-100;2;5475,15.7534246575342,Incidence,9.53433110817064e-09
NbyGQVwzFc_loc12_loop6,12,ITN 0%/IRS 0%/Larvicide 0%,0;0.4;0.4_0;0;0_0;0;0_-100;2;5475_-100;2;5475_-100;2;5475,15.7561643835616,Incidence,9.56592656940472e-09
NbyGQVwzFc_loc12_loop6,12,ITN 0%/IRS 0%/Larvicide 0%,0;0.4;0.4_0;0;0_0;0;0_-100;2;5475_-100;2;5475_-100;2;5475,15.758904109589,Incidence,9.59764007356441e-09
NbyGQVwzFc_loc12_loop6,12,ITN 0%/IRS 0%/Larvicide 0%,0;0.4;0.4_0;0;0_0;0;0_-100;2;5475_-100;2;5475_-100;2;5475,15.7616438356164,Incidence,9.62947211210595e-09
NbyGQVwzFc_loc12_loop6,12,ITN 0%/IRS 0%/Larvicide 0%,0;0.4;0.4_0;0;0_0;0;0_-100;2;5475_-100;2;5475_-100;2;5475,15.7643835616438,Incidence,9.66142317859107e-09
NbyGQVwzFc_loc12_loop6,12,ITN 0%/IRS 0%/Larvicide 0%,0;0.4;0.4_0;0;0_0;0;0_-100;2;5475_-100;2;5475_-100;2;5475,15.7671232876712,Incidence,9.6934937686985e-09
NbyGQVwzFc_loc12_loop6,12,ITN 0%/IRS 0%/Larvicide 0%,0;0.4;0.4_0;0;0_0;0;0_-100;2;5475_-100;2;5475_-100;2;5475,15.7698630136986,Incidence,9.72568438023529e-09
NbyGQVwzFc_loc12_loop6,12,ITN 0%/IRS 0%/Larvicide 0%,0;0.4;0.4_0;0;0_0;0;0_-100;2;5475_-100;2;5475_-100;2;5475,15.772602739726,Incidence,9.7579955131479e-09
NbyGQVwzFc_loc12_loop6,12,ITN 0%/IRS 0%/Larvicide 0%,0;0.4;0.4_0;0;0_0;0;0_-100;2;5475_-100;2;5475_-100;2;5475,15.7753424657534,Incidence,9.79042766953399e-09
NbyGQVwzFc_loc12_loop6,12,ITN 0%/IRS 0%/Larvicide 0%,0;0.4;0.4_0;0;0_0;0;0_-100;2;5475_-100;2;5475_-100;2;5475,15.7780821917808,Incidence,9.82298135365348e-09
NbyGQVwzFc_loc12_loop6,12,ITN 0%/IRS 0%/Larvicide 0%,0;0.4;0.4_0;0;0_0;0;0_-100;2;5475_-100;2;5475_-100;2;5475,15.7808219178082,Incidence,9.85565707194028e-09
NbyGQVwzFc_loc12_loop6,12,ITN 0%/IRS 0%/Larvicide 0%,0;0.4;0.4_0;0;0_0;0;0_-100;2;5475_-100;2;5475_-100;2;5475,15.7835616438356,Incidence,9.88845533301392e-09
NbyGQVwzFc_loc12_loop6,12,ITN 0%/IRS 0%/Larvicide 0%,0;0.4;0.4_0;0;0_0;0;0_-100;2;5475_-100;2;5475_-100;2;5475,15.786301369863,Incidence,9.92137664769086e-09
NbyGQVwzFc_loc12_loop6,12,ITN 0%/IRS 0%/Larvicide 0%,0;0.4;0.4_0;0;0_0;0;0_-100;2;5475_-100;2;5475_-100;2;5475,15.7890410958904,Incidence,9.95442152899644e-09
NbyGQVwzFc_loc12_loop6,12,ITN 0%/IRS 0%/Larvicide 0%,0;0.4;0.4_0;0;0_0;0;0_-100;2;5475_-100;2;5475_-100;2;5475,15.7917808219178,Incidence,9.98759049217638e-09
NbyGQVwzFc_loc12_loop6,12,ITN 0%/IRS 0%/Larvicide 0%,0;0.4;0.4_0;0;0_0;0;0_-100;2;5475_-100;2;5475_-100;2;5475,15.7945205479452,Incidence,1.00208840547087e-08
NbyGQVwzFc_loc12_loop6,12,ITN 0%/IRS 0%/Larvicide 0%,0;0.4;0.4_0;0;0_0;0;0_-100;2;5475_-100;2;5475_-100;2;5475,15.7972602739726,Incidence,1.00543027363155e-08
NbyGQVwzFc_loc12_loop6,12,ITN 0%/IRS 0%/Larvicide 0%,0;0.4;0.4_0;0;0_0;0;0_-100;2;5475_-100;2;5475_-100;2;5475,15.8,Incidence,1.00878470589748e-08
NbyGQVwzFc_loc12_loop6,12,ITN 0%/IRS 0%/Larvicide 0%,0;0.4;0.4_0;0;0_0;0;0_-100;2;5475_-100;2;5475_-100;2;5475,15.8027397260274,Incidence,1.01215175469323e-08
NbyGQVwzFc_loc12_loop6,12,ITN 0%/IRS 0%/Larvicide 0%,0;0.4;0.4_0;0;0_0;0;0_-100;2;5475_-100;2;5475_-100;2;5475,15.8054794520548,Incidence,1.01553147273861e-08
NbyGQVwzFc_loc12_loop6,12,ITN 0%/IRS 0%/Larvicide 0%,0;0.4;0.4_0;0;0_0;0;0_-100;2;5475_-100;2;5475_-100;2;5475,15.8082191780822,Incidence,1.01892391306983e-08
NbyGQVwzFc_loc12_loop6,12,ITN 0%/IRS 0%/Larvicide 0%,0;0.4;0.4_0;0;0_0;0;0_-100;2;5475_-100;2;5475_-100;2;5475,15.8109589041096,Incidence,1.02232912880009e-08
NbyGQVwzFc_loc12_loop6,12,ITN 0%/IRS 0%/Larvicide 0%,0;0.4;0.4_0;0;0_0;0;0_-100;2;5475_-100;2;5475_-100;2;5475,15.813698630137,Incidence,1.02574717326572e-08
NbyGQVwzFc_loc12_loop6,12,ITN 0%/IRS 0%/Larvicide 0%,0;0.4;0.4_0;0;0_0;0;0_-100;2;5475_-100;2;5475_-100;2;5475,15.8164383561644,Incidence,1.02917810003386e-08
NbyGQVwzFc_loc12_loop6,12,ITN 0%/IRS 0%/Larvicide 0%,0;0.4;0.4_0;0;0_0;0;0_-100;2;5475_-100;2;5475_-100;2;5475,15.8191780821918,Incidence,1.03262196290364e-08
NbyGQVwzFc_loc12_loop6,12,ITN 0%/IRS 0%/Larvicide 0%,0;0.4;0.4_0;0;0_0;0;0_-100;2;5475_-100;2;5475_-100;2;5475,15.8219178082192,Incidence,1.03607881590747e-08
NbyGQVwzFc_loc12_loop6,12,ITN 0%/IRS 0%/Larvicide 0%,0;0.4;0.4_0;0;0_0;0;0_-100;2;5475_-100;2;5475_-100;2;5475,15.8246575342466,Incidence,1.03954871331217e-08
NbyGQVwzFc_loc12_loop6,12,ITN 0%/IRS 0%/Larvicide 0%,0;0.4;0.4_0;0;0_0;0;0_-100;2;5475_-100;2;5475_-100;2;5475,15.827397260274,Incidence,1.04303170962026e-08
NbyGQVwzFc_loc12_loop6,12,ITN 0%/IRS 0%/Larvicide 0%,0;0.4;0.4_0;0;0_0;0;0_-100;2;5475_-100;2;5475_-100;2;5475,15.8301369863014,Incidence,1.0465278595712e-08
NbyGQVwzFc_loc12_loop6,12,ITN 0%/IRS 0%/Larvicide 0%,0;0.4;0.4_0;0;0_0;0;0_-100;2;5475_-100;2;5475_-100;2;5475,15.8328767123288,Incidence,1.05003721814259e-08
NbyGQVwzFc_loc12_loop6,12,ITN 0%/IRS 0%/Larvicide 0%,0;0.4;0.4_0;0;0_0;0;0_-100;2;5475_-100;2;5475_-100;2;5475,15.8356164383562,Incidence,1.05355984055147e-08
NbyGQVwzFc_loc12_loop6,12,ITN 0%/IRS 0%/Larvicide 0%,0;0.4;0.4_0;0;0_0;0;0_-100;2;5475_-100;2;5475_-100;2;5475,15.8383561643836,Incidence,1.05709578225554e-08
NbyGQVwzFc_loc12_loop6,12,ITN 0%/IRS 0%/Larvicide 0%,0;0.4;0.4_0;0;0_0;0;0_-100;2;5475_-100;2;5475_-100;2;5475,15.841095890411,Incidence,1.06064509895442e-08
NbyGQVwzFc_loc12_loop6,12,ITN 0%/IRS 0%/Larvicide 0%,0;0.4;0.4_0;0;0_0;0;0_-100;2;5475_-100;2;5475_-100;2;5475,15.8438356164384,Incidence,1.06420784659093e-08
NbyGQVwzFc_loc12_loop6,12,ITN 0%/IRS 0%/Larvicide 0%,0;0.4;0.4_0;0;0_0;0;0_-100;2;5475_-100;2;5475_-100;2;5475,15.8465753424658,Incidence,1.06778408135236e-08
NbyGQVwzFc_loc12_loop6,12,ITN 0%/IRS 0%/Larvicide 0%,0;0.4;0.4_0;0;0_0;0;0_-100;2;5475_-100;2;5475_-100;2;5475,15.8493150684932,Incidence,1.07137385967173e-08
NbyGQVwzFc_loc12_loop6,12,ITN 0%/IRS 0%/Larvicide 0%,0;0.4;0.4_0;0;0_0;0;0_-100;2;5475_-100;2;5475_-100;2;5475,15.8520547945205,Incidence,1.07497723822911e-08
NbyGQVwzFc_loc12_loop6,12,ITN 0%/IRS 0%/Larvicide 0%,0;0.4;0.4_0;0;0_0;0;0_-100;2;5475_-100;2;5475_-100;2;5475,15.8547945205479,Incidence,1.07859427395286e-08
NbyGQVwzFc_loc12_loop6,12,ITN 0%/IRS 0%/Larvicide 0%,0;0.4;0.4_0;0;0_0;0;0_-100;2;5475_-100;2;5475_-100;2;5475,15.8575342465753,Incidence,1.0822250240409e-08
NbyGQVwzFc_loc12_loop6,12,ITN 0%/IRS 0%/Larvicide 0%,0;0.4;0.4_0;0;0_0;0;0_-100;2;5475_-100;2;5475_-100;2;5475,15.8602739726027,Incidence,1.08586954608985e-08
NbyGQVwzFc_loc12_loop6,12,ITN 0%/IRS 0%/Larvicide 0%,0;0.4;0.4_0;0;0_0;0;0_-100;2;5475_-100;2;5475_-100;2;5475,15.8630136986301,Incidence,1.08952789780724e-08
NbyGQVwzFc_loc12_loop6,12,ITN 0%/IRS 0%/Larvicide 0%,0;0.4;0.4_0;0;0_0;0;0_-100;2;5475_-100;2;5475_-100;2;5475,15.8657534246575,Incidence,1.09320013711182e-08
NbyGQVwzFc_loc12_loop6,12,ITN 0%/IRS 0%/Larvicide 0%,0;0.4;0.4_0;0;0_0;0;0_-100;2;5475_-100;2;5475_-100;2;5475,15.8684931506849,Incidence,1.09688632217508e-08
NbyGQVwzFc_loc12_loop6,12,ITN 0%/IRS 0%/Larvicide 0%,0;0.4;0.4_0;0;0_0;0;0_-100;2;5475_-100;2;5475_-100;2;5475,15.8712328767123,Incidence,1.10058651142267e-08
NbyGQVwzFc_loc12_loop6,12,ITN 0%/IRS 0%/Larvicide 0%,0;0.4;0.4_0;0;0_0;0;0_-100;2;5475_-100;2;5475_-100;2;5475,15.8739726027397,Incidence,1.10430076353564e-08
NbyGQVwzFc_loc12_loop6,12,ITN 0%/IRS 0%/Larvicide 0%,0;0.4;0.4_0;0;0_0;0;0_-100;2;5475_-100;2;5475_-100;2;5475,15.8767123287671,Incidence,1.10802913745184e-08
NbyGQVwzFc_loc12_loop6,12,ITN 0%/IRS 0%/Larvicide 0%,0;0.4;0.4_0;0;0_0;0;0_-100;2;5475_-100;2;5475_-100;2;5475,15.8794520547945,Incidence,1.11177169236716e-08
NbyGQVwzFc_loc12_loop6,12,ITN 0%/IRS 0%/Larvicide 0%,0;0.4;0.4_0;0;0_0;0;0_-100;2;5475_-100;2;5475_-100;2;5475,15.8821917808219,Incidence,1.11552848773695e-08
NbyGQVwzFc_loc12_loop6,12,ITN 0%/IRS 0%/Larvicide 0%,0;0.4;0.4_0;0;0_0;0;0_-100;2;5475_-100;2;5475_-100;2;5475,15.8849315068493,Incidence,1.11929958327734e-08
NbyGQVwzFc_loc12_loop6,12,ITN 0%/IRS 0%/Larvicide 0%,0;0.4;0.4_0;0;0_0;0;0_-100;2;5475_-100;2;5475_-100;2;5475,15.8876712328767,Incidence,1.12308503896656e-08
NbyGQVwzFc_loc12_loop6,12,ITN 0%/IRS 0%/Larvicide 0%,0;0.4;0.4_0;0;0_0;0;0_-100;2;5475_-100;2;5475_-100;2;5475,15.8904109589041,Incidence,1.12688491504634e-08
NbyGQVwzFc_loc12_loop6,12,ITN 0%/IRS 0%/Larvicide 0%,0;0.4;0.4_0;0;0_0;0;0_-100;2;5475_-100;2;5475_-100;2;5475,15.8931506849315,Incidence,1.13069927202324e-08
NbyGQVwzFc_loc12_loop6,12,ITN 0%/IRS 0%/Larvicide 0%,0;0.4;0.4_0;0;0_0;0;0_-100;2;5475_-100;2;5475_-100;2;5475,15.8958904109589,Incidence,1.13452817067003e-08
NbyGQVwzFc_loc12_loop6,12,ITN 0%/IRS 0%/Larvicide 0%,0;0.4;0.4_0;0;0_0;0;0_-100;2;5475_-100;2;5475_-100;2;5475,15.8986301369863,Incidence,1.13837167202707e-08
NbyGQVwzFc_loc12_loop6,12,ITN 0%/IRS 0%/Larvicide 0%,0;0.4;0.4_0;0;0_0;0;0_-100;2;5475_-100;2;5475_-100;2;5475,15.9013698630137,Incidence,1.14222983740368e-08
NbyGQVwzFc_loc12_loop6,12,ITN 0%/IRS 0%/Larvicide 0%,0;0.4;0.4_0;0;0_0;0;0_-100;2;5475_-100;2;5475_-100;2;5475,15.9041095890411,Incidence,1.14610272837955e-08
NbyGQVwzFc_loc12_loop6,12,ITN 0%/IRS 0%/Larvicide 0%,0;0.4;0.4_0;0;0_0;0;0_-100;2;5475_-100;2;5475_-100;2;5475,15.9068493150685,Incidence,1.14999040680612e-08
NbyGQVwzFc_loc12_loop6,12,ITN 0%/IRS 0%/Larvicide 0%,0;0.4;0.4_0;0;0_0;0;0_-100;2;5475_-100;2;5475_-100;2;5475,15.9095890410959,Incidence,1.15389293480795e-08
NbyGQVwzFc_loc12_loop6,12,ITN 0%/IRS 0%/Larvicide 0%,0;0.4;0.4_0;0;0_0;0;0_-100;2;5475_-100;2;5475_-100;2;5475,15.9123287671233,Incidence,1.15781037483136e-08
NbyGQVwzFc_loc12_loop6,12,ITN 0%/IRS 0%/Larvicide 0%,0;0.4;0.4_0;0;0_0;0;0_-100;2;5475_-100;2;5475_-100;2;5475,15.9150684931507,Incidence,1.16174278970995e-08
NbyGQVwzFc_loc12_loop6,12,ITN 0%/IRS 0%/Larvicide 0%,0;0.4;0.4_0;0;0_0;0;0_-100;2;5475_-100;2;5475_-100;2;5475,15.9178082191781,Incidence,1.1656902423882e-08
NbyGQVwzFc_loc12_loop6,12,ITN 0%/IRS 0%/Larvicide 0%,0;0.4;0.4_0;0;0_0;0;0_-100;2;5475_-100;2;5475_-100;2;5475,15.9205479452055,Incidence,1.16965279607186e-08
NbyGQVwzFc_loc12_loop6,12,ITN 0%/IRS 0%/Larvicide 0%,0;0.4;0.4_0;0;0_0;0;0_-100;2;5475_-100;2;5475_-100;2;5475,15.9232876712329,Incidence,1.17363051424486e-08
NbyGQVwzFc_loc12_loop6,12,ITN 0%/IRS 0%/Larvicide 0%,0;0.4;0.4_0;0;0_0;0;0_-100;2;5475_-100;2;5475_-100;2;5475,15.9260273972603,Incidence,1.17762346067077e-08
NbyGQVwzFc_loc12_loop6,12,ITN 0%/IRS 0%/Larvicide 0%,0;0.4;0.4_0;0;0_0;0;0_-100;2;5475_-100;2;5475_-100;2;5475,15.9287671232877,Incidence,1.18163169939417e-08
NbyGQVwzFc_loc12_loop6,12,ITN 0%/IRS 0%/Larvicide 0%,0;0.4;0.4_0;0;0_0;0;0_-100;2;5475_-100;2;5475_-100;2;5475,15.9315068493151,Incidence,1.18565529474217e-08
NbyGQVwzFc_loc12_loop6,12,ITN 0%/IRS 0%/Larvicide 0%,0;0.4;0.4_0;0;0_0;0;0_-100;2;5475_-100;2;5475_-100;2;5475,15.9342465753425,Incidence,1.18969431132579e-08
NbyGQVwzFc_loc12_loop6,12,ITN 0%/IRS 0%/Larvicide 0%,0;0.4;0.4_0;0;0_0;0;0_-100;2;5475_-100;2;5475_-100;2;5475,15.9369863013699,Incidence,1.19374881404145e-08
NbyGQVwzFc_loc12_loop6,12,ITN 0%/IRS 0%/Larvicide 0%,0;0.4;0.4_0;0;0_0;0;0_-100;2;5475_-100;2;5475_-100;2;5475,15.9397260273973,Incidence,1.19781886807244e-08
NbyGQVwzFc_loc12_loop6,12,ITN 0%/IRS 0%/Larvicide 0%,0;0.4;0.4_0;0;0_0;0;0_-100;2;5475_-100;2;5475_-100;2;5475,15.9424657534247,Incidence,1.20190453889035e-08
NbyGQVwzFc_loc12_loop6,12,ITN 0%/IRS 0%/Larvicide 0%,0;0.4;0.4_0;0;0_0;0;0_-100;2;5475_-100;2;5475_-100;2;5475,15.9452054794521,Incidence,1.20600589225659e-08
NbyGQVwzFc_loc12_loop6,12,ITN 0%/IRS 0%/Larvicide 0%,0;0.4;0.4_0;0;0_0;0;0_-100;2;5475_-100;2;5475_-100;2;5475,15.9479452054795,Incidence,1.21012299422384e-08
NbyGQVwzFc_loc12_loop6,12,ITN 0%/IRS 0%/Larvicide 0%,0;0.4;0.4_0;0;0_0;0;0_-100;2;5475_-100;2;5475_-100;2;5475,15.9506849315069,Incidence,1.21425591113755e-08
NbyGQVwzFc_loc12_loop6,12,ITN 0%/IRS 0%/Larvicide 0%,0;0.4;0.4_0;0;0_0;0;0_-100;2;5475_-100;2;5475_-100;2;5475,15.9534246575342,Incidence,1.21840470963744e-08
NbyGQVwzFc_loc12_loop6,12,ITN 0%/IRS 0%/Larvicide 0%,0;0.4;0.4_0;0;0_0;0;0_-100;2;5475_-100;2;5475_-100;2;5475,15.9561643835616,Incidence,1.22256945665901e-08
NbyGQVwzFc_loc12_loop6,12,ITN 0%/IRS 0%/Larvicide 0%,0;0.4;0.4_0;0;0_0;0;0_-100;2;5475_-100;2;5475_-100;2;5475,15.958904109589,Incidence,1.22675021943501e-08
NbyGQVwzFc_loc12_loop6,12,ITN 0%/IRS 0%/Larvicide 0%,0;0.4;0.4_0;0;0_0;0;0_-100;2;5475_-100;2;5475_-100;2;5475,15.9616438356164,Incidence,1.23094706549703e-08
NbyGQVwzFc_loc12_loop6,12,ITN 0%/IRS 0%/Larvicide 0%,0;0.4;0.4_0;0;0_0;0;0_-100;2;5475_-100;2;5475_-100;2;5475,15.9643835616438,Incidence,1.23516006267693e-08
NbyGQVwzFc_loc12_loop6,12,ITN 0%/IRS 0%/Larvicide 0%,0;0.4;0.4_0;0;0_0;0;0_-100;2;5475_-100;2;5475_-100;2;5475,15.9671232876712,Incidence,1.23938927912856e-08
NbyGQVwzFc_loc12_loop6,12,ITN 0%/IRS 0%/Larvicide 0%,0;0.4;0.4_0;0;0_0;0;0_-100;2;5475_-100;2;5475_-100;2;5475,15.9698630136986,Incidence,1.2436347834514e-08
NbyGQVwzFc_loc12_loop6,12,ITN 0%/IRS 0%/Larvicide 0%,0;0.4;0.4_0;0;0_0;0;0_-100;2;5475_-100;2;5475_-100;2;5475,15.972602739726,Incidence,1.24789664439678e-08
NbyGQVwzFc_loc12_loop6,12,ITN 0%/IRS 0%/Larvicide 0%,0;0.4;0.4_0;0;0_0;0;0_-100;2;5475_-100;2;5475_-100;2;5475,15.9753424657534,Incidence,1.25217493097901e-08
NbyGQVwzFc_loc12_loop6,12,ITN 0%/IRS 0%/Larvicide 0%,0;0.4;0.4_0;0;0_0;0;0_-100;2;5475_-100;2;5475_-100;2;5475,15.9780821917808,Incidence,1.25646971251835e-08
NbyGQVwzFc_loc12_loop6,12,ITN 0%/IRS 0%/Larvicide 0%,0;0.4;0.4_0;0;0_0;0;0_-100;2;5475_-100;2;5475_-100;2;5475,15.9808219178082,Incidence,1.2607810586426e-08
NbyGQVwzFc_loc12_loop6,12,ITN 0%/IRS 0%/Larvicide 0%,0;0.4;0.4_0;0;0_0;0;0_-100;2;5475_-100;2;5475_-100;2;5475,15.9835616438356,Incidence,1.26510903928865e-08
NbyGQVwzFc_loc12_loop6,12,ITN 0%/IRS 0%/Larvicide 0%,0;0.4;0.4_0;0;0_0;0;0_-100;2;5475_-100;2;5475_-100;2;5475,15.986301369863,Incidence,1.26945372470403e-08
NbyGQVwzFc_loc12_loop6,12,ITN 0%/IRS 0%/Larvicide 0%,0;0.4;0.4_0;0;0_0;0;0_-100;2;5475_-100;2;5475_-100;2;5475,15.9890410958904,Incidence,1.27381518544854e-08
NbyGQVwzFc_loc12_loop6,12,ITN 0%/IRS 0%/Larvicide 0%,0;0.4;0.4_0;0;0_0;0;0_-100;2;5475_-100;2;5475_-100;2;5475,15.9917808219178,Incidence,1.27819349239576e-08
NbyGQVwzFc_loc12_loop6,12,ITN 0%/IRS 0%/Larvicide 0%,0;0.4;0.4_0;0;0_0;0;0_-100;2;5475_-100;2;5475_-100;2;5475,15.9945205479452,Incidence,1.28258871673472e-08
NbyGQVwzFc_loc12_loop6,12,ITN 0%/IRS 0%/Larvicide 0%,0;0.4;0.4_0;0;0_0;0;0_-100;2;5475_-100;2;5475_-100;2;5475,15.9972602739726,Incidence,1.28700092997144e-08
NbyGQVwzFc_loc12_loop6,12,ITN 0%/IRS 0%/Larvicide 0%,0;0.4;0.4_0;0;0_0;0;0_-100;2;5475_-100;2;5475_-100;2;5475,16,Incidence,1.29143020393056e-08
NbyGQVwzFc_loc12_loop6,12,ITN 0%/IRS 0%/Larvicide 0%,0;0.4;0.4_0;0;0_0;0;0_-100;2;5475_-100;2;5475_-100;2;5475,16.0027397260274,Incidence,1.29587661075698e-08
NbyGQVwzFc_loc12_loop6,12,ITN 0%/IRS 0%/Larvicide 0%,0;0.4;0.4_0;0;0_0;0;0_-100;2;5475_-100;2;5475_-100;2;5475,16.0054794520548,Incidence,1.30034022291742e-08
NbyGQVwzFc_loc12_loop6,12,ITN 0%/IRS 0%/Larvicide 0%,0;0.4;0.4_0;0;0_0;0;0_-100;2;5475_-100;2;5475_-100;2;5475,16.0082191780822,Incidence,1.30482111320212e-08
NbyGQVwzFc_loc12_loop6,12,ITN 0%/IRS 0%/Larvicide 0%,0;0.4;0.4_0;0;0_0;0;0_-100;2;5475_-100;2;5475_-100;2;5475,16.0109589041096,Incidence,1.30931935472643e-08
NbyGQVwzFc_loc12_loop6,12,ITN 0%/IRS 0%/Larvicide 0%,0;0.4;0.4_0;0;0_0;0;0_-100;2;5475_-100;2;5475_-100;2;5475,16.013698630137,Incidence,1.31383502093245e-08
NbyGQVwzFc_loc12_loop6,12,ITN 0%/IRS 0%/Larvicide 0%,0;0.4;0.4_0;0;0_0;0;0_-100;2;5475_-100;2;5475_-100;2;5475,16.0164383561644,Incidence,1.31836818559076e-08
NbyGQVwzFc_loc12_loop6,12,ITN 0%/IRS 0%/Larvicide 0%,0;0.4;0.4_0;0;0_0;0;0_-100;2;5475_-100;2;5475_-100;2;5475,16.0191780821918,Incidence,1.32291892280196e-08
NbyGQVwzFc_loc12_loop6,12,ITN 0%/IRS 0%/Larvicide 0%,0;0.4;0.4_0;0;0_0;0;0_-100;2;5475_-100;2;5475_-100;2;5475,16.0219178082192,Incidence,1.32748730699842e-08
NbyGQVwzFc_loc12_loop6,12,ITN 0%/IRS 0%/Larvicide 0%,0;0.4;0.4_0;0;0_0;0;0_-100;2;5475_-100;2;5475_-100;2;5475,16.0246575342466,Incidence,1.33207341300514e-08
NbyGQVwzFc_loc12_loop6,12,ITN 0%/IRS 0%/Larvicide 0%,0;0.4;0.4_0;0;0_0;0;0_-100;2;5475_-100;2;5475_-100;2;5475,16.027397260274,Incidence,1.33667731606335e-08
NbyGQVwzFc_loc12_loop6,12,ITN 0%/IRS 0%/Larvicide 0%,0;0.4;0.4_0;0;0_0;0;0_-100;2;5475_-100;2;5475_-100;2;5475,16.0301369863014,Incidence,1.34129909157838e-08
NbyGQVwzFc_loc12_loop6,12,ITN 0%/IRS 0%/Larvicide 0%,0;0.4;0.4_0;0;0_0;0;0_-100;2;5475_-100;2;5475_-100;2;5475,16.0328767123288,Incidence,1.34593881528247e-08
NbyGQVwzFc_loc12_loop6,12,ITN 0%/IRS 0%/Larvicide 0%,0;0.4;0.4_0;0;0_0;0;0_-100;2;5475_-100;2;5475_-100;2;5475,16.0356164383562,Incidence,1.35059656324601e-08
NbyGQVwzFc_loc12_loop6,12,ITN 0%/IRS 0%/Larvicide 0%,0;0.4;0.4_0;0;0_0;0;0_-100;2;5475_-100;2;5475_-100;2;5475,16.0383561643836,Incidence,1.35527241187917e-08
NbyGQVwzFc_loc12_loop6,12,ITN 0%/IRS 0%/Larvicide 0%,0;0.4;0.4_0;0;0_0;0;0_-100;2;5475_-100;2;5475_-100;2;5475,16.041095890411,Incidence,1.35996643793367e-08
NbyGQVwzFc_loc12_loop6,12,ITN 0%/IRS 0%/Larvicide 0%,0;0.4;0.4_0;0;0_0;0;0_-100;2;5475_-100;2;5475_-100;2;5475,16.0438356164384,Incidence,1.36467871850451e-08
NbyGQVwzFc_loc12_loop6,12,ITN 0%/IRS 0%/Larvicide 0%,0;0.4;0.4_0;0;0_0;0;0_-100;2;5475_-100;2;5475_-100;2;5475,16.0465753424658,Incidence,1.36940933103164e-08
NbyGQVwzFc_loc12_loop6,12,ITN 0%/IRS 0%/Larvicide 0%,0;0.4;0.4_0;0;0_0;0;0_-100;2;5475_-100;2;5475_-100;2;5475,16.0493150684932,Incidence,1.37415835330176e-08
NbyGQVwzFc_loc12_loop6,12,ITN 0%/IRS 0%/Larvicide 0%,0;0.4;0.4_0;0;0_0;0;0_-100;2;5475_-100;2;5475_-100;2;5475,16.0520547945205,Incidence,1.37892586345e-08
NbyGQVwzFc_loc12_loop6,12,ITN 0%/IRS 0%/Larvicide 0%,0;0.4;0.4_0;0;0_0;0;0_-100;2;5475_-100;2;5475_-100;2;5475,16.0547945205479,Incidence,1.38371193996175e-08
NbyGQVwzFc_loc12_loop6,12,ITN 0%/IRS 0%/Larvicide 0%,0;0.4;0.4_0;0;0_0;0;0_-100;2;5475_-100;2;5475_-100;2;5475,16.0575342465753,Incidence,1.38851666167436e-08
NbyGQVwzFc_loc12_loop6,12,ITN 0%/IRS 0%/Larvicide 0%,0;0.4;0.4_0;0;0_0;0;0_-100;2;5475_-100;2;5475_-100;2;5475,16.0602739726027,Incidence,1.39334010777894e-08
NbyGQVwzFc_loc12_loop6,12,ITN 0%/IRS 0%/Larvicide 0%,0;0.4;0.4_0;0;0_0;0;0_-100;2;5475_-100;2;5475_-100;2;5475,16.0630136986301,Incidence,1.39818235782211e-08
NbyGQVwzFc_loc12_loop6,12,ITN 0%/IRS 0%/Larvicide 0%,0;0.4;0.4_0;0;0_0;0;0_-100;2;5475_-100;2;5475_-100;2;5475,16.0657534246575,Incidence,1.40304349170783e-08
NbyGQVwzFc_loc12_loop6,12,ITN 0%/IRS 0%/Larvicide 0%,0;0.4;0.4_0;0;0_0;0;0_-100;2;5475_-100;2;5475_-100;2;5475,16.0684931506849,Incidence,1.40792358969914e-08
NbyGQVwzFc_loc12_loop6,12,ITN 0%/IRS 0%/Larvicide 0%,0;0.4;0.4_0;0;0_0;0;0_-100;2;5475_-100;2;5475_-100;2;5475,16.0712328767123,Incidence,1.41282273242002e-08
NbyGQVwzFc_loc12_loop6,12,ITN 0%/IRS 0%/Larvicide 0%,0;0.4;0.4_0;0;0_0;0;0_-100;2;5475_-100;2;5475_-100;2;5475,16.0739726027397,Incidence,1.41774100085717e-08
NbyGQVwzFc_loc12_loop6,12,ITN 0%/IRS 0%/Larvicide 0%,0;0.4;0.4_0;0;0_0;0;0_-100;2;5475_-100;2;5475_-100;2;5475,16.0767123287671,Incidence,1.42267847636181e-08
NbyGQVwzFc_loc12_loop6,12,ITN 0%/IRS 0%/Larvicide 0%,0;0.4;0.4_0;0;0_0;0;0_-100;2;5475_-100;2;5475_-100;2;5475,16.0794520547945,Incidence,1.42763524065157e-08
NbyGQVwzFc_loc12_loop6,12,ITN 0%/IRS 0%/Larvicide 0%,0;0.4;0.4_0;0;0_0;0;0_-100;2;5475_-100;2;5475_-100;2;5475,16.0821917808219,Incidence,1.43261137584408e-08
NbyGQVwzFc_loc12_loop6,12,ITN 0%/IRS 0%/Larvicide 0%,0;0.4;0.4_0;0;0_0;0;0_-100;2;5475_-100;2;5475_-100;2;5475,16.0849315068493,Incidence,1.43760696454863e-08
NbyGQVwzFc_loc12_loop6,12,ITN 0%/IRS 0%/Larvicide 0%,0;0.4;0.4_0;0;0_0;0;0_-100;2;5475_-100;2;5475_-100;2;5475,16.0876712328767,Incidence,1.44262208957023e-08
NbyGQVwzFc_loc12_loop6,12,ITN 0%/IRS 0%/Larvicide 0%,0;0.4;0.4_0;0;0_0;0;0_-100;2;5475_-100;2;5475_-100;2;5475,16.0904109589041,Incidence,1.44765683405787e-08
NbyGQVwzFc_loc12_loop6,12,ITN 0%/IRS 0%/Larvicide 0%,0;0.4;0.4_0;0;0_0;0;0_-100;2;5475_-100;2;5475_-100;2;5475,16.0931506849315,Incidence,1.45271128153407e-08
NbyGQVwzFc_loc12_loop6,12,ITN 0%/IRS 0%/Larvicide 0%,0;0.4;0.4_0;0;0_0;0;0_-100;2;5475_-100;2;5475_-100;2;5475,16.0958904109589,Incidence,1.45778551589678e-08
NbyGQVwzFc_loc12_loop6,12,ITN 0%/IRS 0%/Larvicide 0%,0;0.4;0.4_0;0;0_0;0;0_-100;2;5475_-100;2;5475_-100;2;5475,16.0986301369863,Incidence,1.46287962142123e-08
NbyGQVwzFc_loc12_loop6,12,ITN 0%/IRS 0%/Larvicide 0%,0;0.4;0.4_0;0;0_0;0;0_-100;2;5475_-100;2;5475_-100;2;5475,16.1013698630137,Incidence,1.46799368276187e-08
NbyGQVwzFc_loc12_loop6,12,ITN 0%/IRS 0%/Larvicide 0%,0;0.4;0.4_0;0;0_0;0;0_-100;2;5475_-100;2;5475_-100;2;5475,16.1041095890411,Incidence,1.47312778495419e-08
NbyGQVwzFc_loc12_loop6,12,ITN 0%/IRS 0%/Larvicide 0%,0;0.4;0.4_0;0;0_0;0;0_-100;2;5475_-100;2;5475_-100;2;5475,16.1068493150685,Incidence,1.47828201341671e-08
NbyGQVwzFc_loc12_loop6,12,ITN 0%/IRS 0%/Larvicide 0%,0;0.4;0.4_0;0;0_0;0;0_-100;2;5475_-100;2;5475_-100;2;5475,16.1095890410959,Incidence,1.48345645395283e-08
NbyGQVwzFc_loc12_loop6,12,ITN 0%/IRS 0%/Larvicide 0%,0;0.4;0.4_0;0;0_0;0;0_-100;2;5475_-100;2;5475_-100;2;5475,16.1123287671233,Incidence,1.48865119275277e-08
NbyGQVwzFc_loc12_loop6,12,ITN 0%/IRS 0%/Larvicide 0%,0;0.4;0.4_0;0;0_0;0;0_-100;2;5475_-100;2;5475_-100;2;5475,16.1150684931507,Incidence,1.49386631639553e-08
NbyGQVwzFc_loc12_loop6,12,ITN 0%/IRS 0%/Larvicide 0%,0;0.4;0.4_0;0;0_0;0;0_-100;2;5475_-100;2;5475_-100;2;5475,16.1178082191781,Incidence,1.4991019118508e-08
NbyGQVwzFc_loc12_loop6,12,ITN 0%/IRS 0%/Larvicide 0%,0;0.4;0.4_0;0;0_0;0;0_-100;2;5475_-100;2;5475_-100;2;5475,16.1205479452055,Incidence,1.50435806648092e-08
NbyGQVwzFc_loc12_loop6,12,ITN 0%/IRS 0%/Larvicide 0%,0;0.4;0.4_0;0;0_0;0;0_-100;2;5475_-100;2;5475_-100;2;5475,16.1232876712329,Incidence,1.50963486804286e-08
NbyGQVwzFc_loc12_loop6,12,ITN 0%/IRS 0%/Larvicide 0%,0;0.4;0.4_0;0;0_0;0;0_-100;2;5475_-100;2;5475_-100;2;5475,16.1260273972603,Incidence,1.51493240469015e-08
NbyGQVwzFc_loc12_loop6,12,ITN 0%/IRS 0%/Larvicide 0%,0;0.4;0.4_0;0;0_0;0;0_-100;2;5475_-100;2;5475_-100;2;5475,16.1287671232877,Incidence,1.52025076497491e-08
NbyGQVwzFc_loc12_loop6,12,ITN 0%/IRS 0%/Larvicide 0%,0;0.4;0.4_0;0;0_0;0;0_-100;2;5475_-100;2;5475_-100;2;5475,16.1315068493151,Incidence,1.52559003784978e-08
NbyGQVwzFc_loc12_loop6,12,ITN 0%/IRS 0%/Larvicide 0%,0;0.4;0.4_0;0;0_0;0;0_-100;2;5475_-100;2;5475_-100;2;5475,16.1342465753425,Incidence,1.53095031266996e-08
NbyGQVwzFc_loc12_loop6,12,ITN 0%/IRS 0%/Larvicide 0%,0;0.4;0.4_0;0;0_0;0;0_-100;2;5475_-100;2;5475_-100;2;5475,16.1369863013699,Incidence,1.53633167919522e-08
NbyGQVwzFc_loc12_loop6,12,ITN 0%/IRS 0%/Larvicide 0%,0;0.4;0.4_0;0;0_0;0;0_-100;2;5475_-100;2;5475_-100;2;5475,16.1397260273973,Incidence,1.54173422759188e-08
NbyGQVwzFc_loc12_loop6,12,ITN 0%/IRS 0%/Larvicide 0%,0;0.4;0.4_0;0;0_0;0;0_-100;2;5475_-100;2;5475_-100;2;5475,16.1424657534247,Incidence,1.54715804850742e-08
NbyGQVwzFc_loc12_loop6,12,ITN 0%/IRS 0%/Larvicide 0%,0;0.4;0.4_0;0;0_0;0;0_-100;2;5475_-100;2;5475_-100;2;5475,16.1452054794521,Incidence,1.55260323304248e-08
NbyGQVwzFc_loc12_loop6,12,ITN 0%/IRS 0%/Larvicide 0%,0;0.4;0.4_0;0;0_0;0;0_-100;2;5475_-100;2;5475_-100;2;5475,16.1479452054795,Incidence,1.55806987253989e-08
NbyGQVwzFc_loc12_loop6,12,ITN 0%/IRS 0%/Larvicide 0%,0;0.4;0.4_0;0;0_0;0;0_-100;2;5475_-100;2;5475_-100;2;5475,16.1506849315069,Incidence,1.56355805875054e-08
NbyGQVwzFc_loc12_loop6,12,ITN 0%/IRS 0%/Larvicide 0%,0;0.4;0.4_0;0;0_0;0;0_-100;2;5475_-100;2;5475_-100;2;5475,16.1534246575342,Incidence,1.56906788384e-08
NbyGQVwzFc_loc12_loop6,12,ITN 0%/IRS 0%/Larvicide 0%,0;0.4;0.4_0;0;0_0;0;0_-100;2;5475_-100;2;5475_-100;2;5475,16.1561643835616,Incidence,1.57459944039059e-08
NbyGQVwzFc_loc12_loop6,12,ITN 0%/IRS 0%/Larvicide 0%,0;0.4;0.4_0;0;0_0;0;0_-100;2;5475_-100;2;5475_-100;2;5475,16.158904109589,Incidence,1.5801528214035e-08
NbyGQVwzFc_loc12_loop6,12,ITN 0%/IRS 0%/Larvicide 0%,0;0.4;0.4_0;0;0_0;0;0_-100;2;5475_-100;2;5475_-100;2;5475,16.1616438356164,Incidence,1.58572812030079e-08
NbyGQVwzFc_loc12_loop6,12,ITN 0%/IRS 0%/Larvicide 0%,0;0.4;0.4_0;0;0_0;0;0_-100;2;5475_-100;2;5475_-100;2;5475,16.1643835616438,Incidence,1.59132543092755e-08
NbyGQVwzFc_loc12_loop6,12,ITN 0%/IRS 0%/Larvicide 0%,0;0.4;0.4_0;0;0_0;0;0_-100;2;5475_-100;2;5475_-100;2;5475,16.1671232876712,Incidence,1.59694484755399e-08
NbyGQVwzFc_loc12_loop6,12,ITN 0%/IRS 0%/Larvicide 0%,0;0.4;0.4_0;0;0_0;0;0_-100;2;5475_-100;2;5475_-100;2;5475,16.1698630136986,Incidence,1.60258646487755e-08
NbyGQVwzFc_loc12_loop6,12,ITN 0%/IRS 0%/Larvicide 0%,0;0.4;0.4_0;0;0_0;0;0_-100;2;5475_-100;2;5475_-100;2;5475,16.172602739726,Incidence,1.608250378025e-08
NbyGQVwzFc_loc12_loop6,12,ITN 0%/IRS 0%/Larvicide 0%,0;0.4;0.4_0;0;0_0;0;0_-100;2;5475_-100;2;5475_-100;2;5475,16.1753424657534,Incidence,1.61393668255461e-08
NbyGQVwzFc_loc12_loop6,12,ITN 0%/IRS 0%/Larvicide 0%,0;0.4;0.4_0;0;0_0;0;0_-100;2;5475_-100;2;5475_-100;2;5475,16.1780821917808,Incidence,1.61964547445829e-08
NbyGQVwzFc_loc12_loop6,12,ITN 0%/IRS 0%/Larvicide 0%,0;0.4;0.4_0;0;0_0;0;0_-100;2;5475_-100;2;5475_-100;2;5475,16.1808219178082,Incidence,1.6253768501637e-08
NbyGQVwzFc_loc12_loop6,12,ITN 0%/IRS 0%/Larvicide 0%,0;0.4;0.4_0;0;0_0;0;0_-100;2;5475_-100;2;5475_-100;2;5475,16.1835616438356,Incidence,1.63113090653648e-08
NbyGQVwzFc_loc12_loop6,12,ITN 0%/IRS 0%/Larvicide 0%,0;0.4;0.4_0;0;0_0;0;0_-100;2;5475_-100;2;5475_-100;2;5475,16.186301369863,Incidence,1.63690774088238e-08
NbyGQVwzFc_loc12_loop6,12,ITN 0%/IRS 0%/Larvicide 0%,0;0.4;0.4_0;0;0_0;0;0_-100;2;5475_-100;2;5475_-100;2;5475,16.1890410958904,Incidence,1.64270745094946e-08
NbyGQVwzFc_loc12_loop6,12,ITN 0%/IRS 0%/Larvicide 0%,0;0.4;0.4_0;0;0_0;0;0_-100;2;5475_-100;2;5475_-100;2;5475,16.1917808219178,Incidence,1.64853013493028e-08
NbyGQVwzFc_loc12_loop6,12,ITN 0%/IRS 0%/Larvicide 0%,0;0.4;0.4_0;0;0_0;0;0_-100;2;5475_-100;2;5475_-100;2;5475,16.1945205479452,Incidence,1.6543758914641e-08
NbyGQVwzFc_loc12_loop6,12,ITN 0%/IRS 0%/Larvicide 0%,0;0.4;0.4_0;0;0_0;0;0_-100;2;5475_-100;2;5475_-100;2;5475,16.1972602739726,Incidence,1.66024481963913e-08
NbyGQVwzFc_loc12_loop6,12,ITN 0%/IRS 0%/Larvicide 0%,0;0.4;0.4_0;0;0_0;0;0_-100;2;5475_-100;2;5475_-100;2;5475,16.2,Incidence,1.66613701899471e-08
NbyGQVwzFc_loc12_loop6,12,ITN 0%/IRS 0%/Larvicide 0%,0;0.4;0.4_0;0;0_0;0;0_-100;2;5475_-100;2;5475_-100;2;5475,16.2027397260274,Incidence,1.67205258955524e-08
NbyGQVwzFc_loc12_loop6,12,ITN 0%/IRS 0%/Larvicide 0%,0;0.4;0.4_0;0;0_0;0;0_-100;2;5475_-100;2;5475_-100;2;5475,16.2054794520548,Incidence,1.67799163191336e-08
NbyGQVwzFc_loc12_loop6,12,ITN 0%/IRS 0%/Larvicide 0%,0;0.4;0.4_0;0;0_0;0;0_-100;2;5475_-100;2;5475_-100;2;5475,16.2082191780822,Incidence,1.68395424693495e-08
NbyGQVwzFc_loc12_loop6,12,ITN 0%/IRS 0%/Larvicide 0%,0;0.4;0.4_0;0;0_0;0;0_-100;2;5475_-100;2;5475_-100;2;5475,16.2109589041096,Incidence,1.68994053591609e-08
NbyGQVwzFc_loc12_loop6,12,ITN 0%/IRS 0%/Larvicide 0%,0;0.4;0.4_0;0;0_0;0;0_-100;2;5475_-100;2;5475_-100;2;5475,16.213698630137,Incidence,1.69595060061325e-08
NbyGQVwzFc_loc12_loop6,12,ITN 0%/IRS 0%/Larvicide 0%,0;0.4;0.4_0;0;0_0;0;0_-100;2;5475_-100;2;5475_-100;2;5475,16.2164383561644,Incidence,1.70198454324549e-08
NbyGQVwzFc_loc12_loop6,12,ITN 0%/IRS 0%/Larvicide 0%,0;0.4;0.4_0;0;0_0;0;0_-100;2;5475_-100;2;5475_-100;2;5475,16.2191780821918,Incidence,1.70804246649681e-08
NbyGQVwzFc_loc12_loop6,12,ITN 0%/IRS 0%/Larvicide 0%,0;0.4;0.4_0;0;0_0;0;0_-100;2;5475_-100;2;5475_-100;2;5475,16.2219178082192,Incidence,1.71412447351841e-08
NbyGQVwzFc_loc12_loop6,12,ITN 0%/IRS 0%/Larvicide 0%,0;0.4;0.4_0;0;0_0;0;0_-100;2;5475_-100;2;5475_-100;2;5475,16.2246575342466,Incidence,1.72023066793105e-08
NbyGQVwzFc_loc12_loop6,12,ITN 0%/IRS 0%/Larvicide 0%,0;0.4;0.4_0;0;0_0;0;0_-100;2;5475_-100;2;5475_-100;2;5475,16.227397260274,Incidence,1.7263611538273e-08
NbyGQVwzFc_loc12_loop6,12,ITN 0%/IRS 0%/Larvicide 0%,0;0.4;0.4_0;0;0_0;0;0_-100;2;5475_-100;2;5475_-100;2;5475,16.2301369863014,Incidence,1.73251603577398e-08
NbyGQVwzFc_loc12_loop6,12,ITN 0%/IRS 0%/Larvicide 0%,0;0.4;0.4_0;0;0_0;0;0_-100;2;5475_-100;2;5475_-100;2;5475,16.2328767123288,Incidence,1.7386954188144e-08
NbyGQVwzFc_loc12_loop6,12,ITN 0%/IRS 0%/Larvicide 0%,0;0.4;0.4_0;0;0_0;0;0_-100;2;5475_-100;2;5475_-100;2;5475,16.2356164383562,Incidence,1.74489940847083e-08
NbyGQVwzFc_loc12_loop6,12,ITN 0%/IRS 0%/Larvicide 0%,0;0.4;0.4_0;0;0_0;0;0_-100;2;5475_-100;2;5475_-100;2;5475,16.2383561643836,Incidence,1.75112811074676e-08
NbyGQVwzFc_loc12_loop6,12,ITN 0%/IRS 0%/Larvicide 0%,0;0.4;0.4_0;0;0_0;0;0_-100;2;5475_-100;2;5475_-100;2;5475,16.241095890411,Incidence,1.75738163212935e-08
NbyGQVwzFc_loc12_loop6,12,ITN 0%/IRS 0%/Larvicide 0%,0;0.4;0.4_0;0;0_0;0;0_-100;2;5475_-100;2;5475_-100;2;5475,16.2438356164384,Incidence,1.76366007959181e-08
NbyGQVwzFc_loc12_loop6,12,ITN 0%/IRS 0%/Larvicide 0%,0;0.4;0.4_0;0;0_0;0;0_-100;2;5475_-100;2;5475_-100;2;5475,16.2465753424658,Incidence,1.76996356059578e-08
NbyGQVwzFc_loc12_loop6,12,ITN 0%/IRS 0%/Larvicide 0%,0;0.4;0.4_0;0;0_0;0;0_-100;2;5475_-100;2;5475_-100;2;5475,16.2493150684932,Incidence,1.77629218309379e-08
NbyGQVwzFc_loc12_loop6,12,ITN 0%/IRS 0%/Larvicide 0%,0;0.4;0.4_0;0;0_0;0;0_-100;2;5475_-100;2;5475_-100;2;5475,16.2520547945205,Incidence,1.78264605553164e-08
NbyGQVwzFc_loc12_loop6,12,ITN 0%/IRS 0%/Larvicide 0%,0;0.4;0.4_0;0;0_0;0;0_-100;2;5475_-100;2;5475_-100;2;5475,16.2547945205479,Incidence,1.78902528685087e-08
NbyGQVwzFc_loc12_loop6,12,ITN 0%/IRS 0%/Larvicide 0%,0;0.4;0.4_0;0;0_0;0;0_-100;2;5475_-100;2;5475_-100;2;5475,16.2575342465753,Incidence,1.79542998649119e-08
NbyGQVwzFc_loc12_loop6,12,ITN 0%/IRS 0%/Larvicide 0%,0;0.4;0.4_0;0;0_0;0;0_-100;2;5475_-100;2;5475_-100;2;5475,16.2602739726027,Incidence,1.80186026439298e-08
NbyGQVwzFc_loc12_loop6,12,ITN 0%/IRS 0%/Larvicide 0%,0;0.4;0.4_0;0;0_0;0;0_-100;2;5475_-100;2;5475_-100;2;5475,16.2630136986301,Incidence,1.8083162309997e-08
NbyGQVwzFc_loc12_loop6,12,ITN 0%/IRS 0%/Larvicide 0%,0;0.4;0.4_0;0;0_0;0;0_-100;2;5475_-100;2;5475_-100;2;5475,16.2657534246575,Incidence,1.8147979973086e-08
NbyGQVwzFc_loc12_loop6,12,ITN 0%/IRS 0%/Larvicide 0%,0;0.4;0.4_0;0;0_0;0;0_-100;2;5475_-100;2;5475_-100;2;5475,16.2684931506849,Incidence,1.8213056749029e-08
NbyGQVwzFc_loc12_loop6,12,ITN 0%/IRS 0%/Larvicide 0%,0;0.4;0.4_0;0;0_0;0;0_-100;2;5475_-100;2;5475_-100;2;5475,16.2712328767123,Incidence,1.82783937568758e-08
NbyGQVwzFc_loc12_loop6,12,ITN 0%/IRS 0%/Larvicide 0%,0;0.4;0.4_0;0;0_0;0;0_-100;2;5475_-100;2;5475_-100;2;5475,16.2739726027397,Incidence,1.83439921206427e-08
NbyGQVwzFc_loc12_loop6,12,ITN 0%/IRS 0%/Larvicide 0%,0;0.4;0.4_0;0;0_0;0;0_-100;2;5475_-100;2;5475_-100;2;5475,16.2767123287671,Incidence,1.84098529694814e-08
NbyGQVwzFc_loc12_loop6,12,ITN 0%/IRS 0%/Larvicide 0%,0;0.4;0.4_0;0;0_0;0;0_-100;2;5475_-100;2;5475_-100;2;5475,16.2794520547945,Incidence,1.84759774377049e-08
NbyGQVwzFc_loc12_loop6,12,ITN 0%/IRS 0%/Larvicide 0%,0;0.4;0.4_0;0;0_0;0;0_-100;2;5475_-100;2;5475_-100;2;5475,16.2821917808219,Incidence,1.85423666648126e-08
NbyGQVwzFc_loc12_loop6,12,ITN 0%/IRS 0%/Larvicide 0%,0;0.4;0.4_0;0;0_0;0;0_-100;2;5475_-100;2;5475_-100;2;5475,16.2849315068493,Incidence,1.86090217955157e-08
NbyGQVwzFc_loc12_loop6,12,ITN 0%/IRS 0%/Larvicide 0%,0;0.4;0.4_0;0;0_0;0;0_-100;2;5475_-100;2;5475_-100;2;5475,16.2876712328767,Incidence,1.86759439797633e-08
NbyGQVwzFc_loc12_loop6,12,ITN 0%/IRS 0%/Larvicide 0%,0;0.4;0.4_0;0;0_0;0;0_-100;2;5475_-100;2;5475_-100;2;5475,16.2904109589041,Incidence,1.87431343727684e-08
NbyGQVwzFc_loc12_loop6,12,ITN 0%/IRS 0%/Larvicide 0%,0;0.4;0.4_0;0;0_0;0;0_-100;2;5475_-100;2;5475_-100;2;5475,16.2931506849315,Incidence,1.88105941350333e-08
NbyGQVwzFc_loc12_loop6,12,ITN 0%/IRS 0%/Larvicide 0%,0;0.4;0.4_0;0;0_0;0;0_-100;2;5475_-100;2;5475_-100;2;5475,16.2958904109589,Incidence,1.88783244323761e-08
NbyGQVwzFc_loc12_loop6,12,ITN 0%/IRS 0%/Larvicide 0%,0;0.4;0.4_0;0;0_0;0;0_-100;2;5475_-100;2;5475_-100;2;5475,16.2986301369863,Incidence,1.89463264359569e-08
NbyGQVwzFc_loc12_loop6,12,ITN 0%/IRS 0%/Larvicide 0%,0;0.4;0.4_0;0;0_0;0;0_-100;2;5475_-100;2;5475_-100;2;5475,16.3013698630137,Incidence,1.90146013223041e-08
NbyGQVwzFc_loc12_loop6,12,ITN 0%/IRS 0%/Larvicide 0%,0;0.4;0.4_0;0;0_0;0;0_-100;2;5475_-100;2;5475_-100;2;5475,16.3041095890411,Incidence,1.90831502733408e-08
NbyGQVwzFc_loc12_loop6,12,ITN 0%/IRS 0%/Larvicide 0%,0;0.4;0.4_0;0;0_0;0;0_-100;2;5475_-100;2;5475_-100;2;5475,16.3068493150685,Incidence,1.91519744764116e-08
NbyGQVwzFc_loc12_loop6,12,ITN 0%/IRS 0%/Larvicide 0%,0;0.4;0.4_0;0;0_0;0;0_-100;2;5475_-100;2;5475_-100;2;5475,16.3095890410959,Incidence,1.92210751243092e-08
NbyGQVwzFc_loc12_loop6,12,ITN 0%/IRS 0%/Larvicide 0%,0;0.4;0.4_0;0;0_0;0;0_-100;2;5475_-100;2;5475_-100;2;5475,16.3123287671233,Incidence,1.9290453415301e-08
NbyGQVwzFc_loc12_loop6,12,ITN 0%/IRS 0%/Larvicide 0%,0;0.4;0.4_0;0;0_0;0;0_-100;2;5475_-100;2;5475_-100;2;5475,16.3150684931507,Incidence,1.93601105531569e-08
NbyGQVwzFc_loc12_loop6,12,ITN 0%/IRS 0%/Larvicide 0%,0;0.4;0.4_0;0;0_0;0;0_-100;2;5475_-100;2;5475_-100;2;5475,16.3178082191781,Incidence,1.94300477471755e-08
NbyGQVwzFc_loc12_loop6,12,ITN 0%/IRS 0%/Larvicide 0%,0;0.4;0.4_0;0;0_0;0;0_-100;2;5475_-100;2;5475_-100;2;5475,16.3205479452055,Incidence,1.95002662122119e-08
NbyGQVwzFc_loc12_loop6,12,ITN 0%/IRS 0%/Larvicide 0%,0;0.4;0.4_0;0;0_0;0;0_-100;2;5475_-100;2;5475_-100;2;5475,16.3232876712329,Incidence,1.9570767168705e-08
NbyGQVwzFc_loc12_loop6,12,ITN 0%/IRS 0%/Larvicide 0%,0;0.4;0.4_0;0;0_0;0;0_-100;2;5475_-100;2;5475_-100;2;5475,16.3260273972603,Incidence,1.96415518427048e-08
NbyGQVwzFc_loc12_loop6,12,ITN 0%/IRS 0%/Larvicide 0%,0;0.4;0.4_0;0;0_0;0;0_-100;2;5475_-100;2;5475_-100;2;5475,16.3287671232877,Incidence,1.97126214659307e-08
NbyGQVwzFc_loc12_loop6,12,ITN 0%/IRS 0%/Larvicide 0%,0;0.4;0.4_0;0;0_0;0;0_-100;2;5475_-100;2;5475_-100;2;5475,16.3315068493151,Incidence,1.97839772770282e-08
NbyGQVwzFc_loc12_loop6,12,ITN 0%/IRS 0%/Larvicide 0%,0;0.4;0.4_0;0;0_0;0;0_-100;2;5475_-100;2;5475_-100;2;5475,16.3342465753425,Incidence,1.98556205191171e-08
NbyGQVwzFc_loc12_loop6,12,ITN 0%/IRS 0%/Larvicide 0%,0;0.4;0.4_0;0;0_0;0;0_-100;2;5475_-100;2;5475_-100;2;5475,16.3369863013699,Incidence,1.99275524401024e-08
NbyGQVwzFc_loc12_loop6,12,ITN 0%/IRS 0%/Larvicide 0%,0;0.4;0.4_0;0;0_0;0;0_-100;2;5475_-100;2;5475_-100;2;5475,16.3397260273973,Incidence,1.99997742936193e-08
NbyGQVwzFc_loc12_loop6,12,ITN 0%/IRS 0%/Larvicide 0%,0;0.4;0.4_0;0;0_0;0;0_-100;2;5475_-100;2;5475_-100;2;5475,16.3424657534247,Incidence,2.00722873390607e-08
NbyGQVwzFc_loc12_loop6,12,ITN 0%/IRS 0%/Larvicide 0%,0;0.4;0.4_0;0;0_0;0;0_-100;2;5475_-100;2;5475_-100;2;5475,16.3452054794521,Incidence,2.01450928416064e-08
NbyGQVwzFc_loc12_loop6,12,ITN 0%/IRS 0%/Larvicide 0%,0;0.4;0.4_0;0;0_0;0;0_-100;2;5475_-100;2;5475_-100;2;5475,16.3479452054795,Incidence,2.02181920722508e-08
NbyGQVwzFc_loc12_loop6,12,ITN 0%/IRS 0%/Larvicide 0%,0;0.4;0.4_0;0;0_0;0;0_-100;2;5475_-100;2;5475_-100;2;5475,16.3506849315069,Incidence,2.02915863078322e-08
NbyGQVwzFc_loc12_loop6,12,ITN 0%/IRS 0%/Larvicide 0%,0;0.4;0.4_0;0;0_0;0;0_-100;2;5475_-100;2;5475_-100;2;5475,16.3534246575342,Incidence,2.03652768310613e-08
NbyGQVwzFc_loc12_loop6,12,ITN 0%/IRS 0%/Larvicide 0%,0;0.4;0.4_0;0;0_0;0;0_-100;2;5475_-100;2;5475_-100;2;5475,16.3561643835616,Incidence,2.043926493055e-08
NbyGQVwzFc_loc12_loop6,12,ITN 0%/IRS 0%/Larvicide 0%,0;0.4;0.4_0;0;0_0;0;0_-100;2;5475_-100;2;5475_-100;2;5475,16.358904109589,Incidence,2.05135519008406e-08
NbyGQVwzFc_loc12_loop6,12,ITN 0%/IRS 0%/Larvicide 0%,0;0.4;0.4_0;0;0_0;0;0_-100;2;5475_-100;2;5475_-100;2;5475,16.3616438356164,Incidence,2.05881390424351e-08
NbyGQVwzFc_loc12_loop6,12,ITN 0%/IRS 0%/Larvicide 0%,0;0.4;0.4_0;0;0_0;0;0_-100;2;5475_-100;2;5475_-100;2;5475,16.3643835616438,Incidence,2.06630276618241e-08
NbyGQVwzFc_loc12_loop6,12,ITN 0%/IRS 0%/Larvicide 0%,0;0.4;0.4_0;0;0_0;0;0_-100;2;5475_-100;2;5475_-100;2;5475,16.3671232876712,Incidence,2.07382190715169e-08
NbyGQVwzFc_loc12_loop6,12,ITN 0%/IRS 0%/Larvicide 0%,0;0.4;0.4_0;0;0_0;0;0_-100;2;5475_-100;2;5475_-100;2;5475,16.3698630136986,Incidence,2.08137145900707e-08
NbyGQVwzFc_loc12_loop6,12,ITN 0%/IRS 0%/Larvicide 0%,0;0.4;0.4_0;0;0_0;0;0_-100;2;5475_-100;2;5475_-100;2;5475,16.372602739726,Incidence,2.08895155421205e-08
NbyGQVwzFc_loc12_loop6,12,ITN 0%/IRS 0%/Larvicide 0%,0;0.4;0.4_0;0;0_0;0;0_-100;2;5475_-100;2;5475_-100;2;5475,16.3753424657534,Incidence,2.09656232584091e-08
NbyGQVwzFc_loc12_loop6,12,ITN 0%/IRS 0%/Larvicide 0%,0;0.4;0.4_0;0;0_0;0;0_-100;2;5475_-100;2;5475_-100;2;5475,16.3780821917808,Incidence,2.10420390758168e-08
NbyGQVwzFc_loc12_loop6,12,ITN 0%/IRS 0%/Larvicide 0%,0;0.4;0.4_0;0;0_0;0;0_-100;2;5475_-100;2;5475_-100;2;5475,16.3808219178082,Incidence,2.11187643373921e-08
NbyGQVwzFc_loc12_loop6,12,ITN 0%/IRS 0%/Larvicide 0%,0;0.4;0.4_0;0;0_0;0;0_-100;2;5475_-100;2;5475_-100;2;5475,16.3835616438356,Incidence,2.11958003923816e-08
NbyGQVwzFc_loc12_loop6,12,ITN 0%/IRS 0%/Larvicide 0%,0;0.4;0.4_0;0;0_0;0;0_-100;2;5475_-100;2;5475_-100;2;5475,16.386301369863,Incidence,2.12731485962608e-08
NbyGQVwzFc_loc12_loop6,12,ITN 0%/IRS 0%/Larvicide 0%,0;0.4;0.4_0;0;0_0;0;0_-100;2;5475_-100;2;5475_-100;2;5475,16.3890410958904,Incidence,2.13508103107649e-08
NbyGQVwzFc_loc12_loop6,12,ITN 0%/IRS 0%/Larvicide 0%,0;0.4;0.4_0;0;0_0;0;0_-100;2;5475_-100;2;5475_-100;2;5475,16.3917808219178,Incidence,2.14287869039188e-08
NbyGQVwzFc_loc12_loop6,12,ITN 0%/IRS 0%/Larvicide 0%,0;0.4;0.4_0;0;0_0;0;0_-100;2;5475_-100;2;5475_-100;2;5475,16.3945205479452,Incidence,2.1507079750069e-08
NbyGQVwzFc_loc12_loop6,12,ITN 0%/IRS 0%/Larvicide 0%,0;0.4;0.4_0;0;0_0;0;0_-100;2;5475_-100;2;5475_-100;2;5475,16.3972602739726,Incidence,2.15856902309253e-08
NbyGQVwzFc_loc12_loop6,12,ITN 0%/IRS 0%/Larvicide 0%,0;0.4;0.4_0;0;0_0;0;0_-100;2;5475_-100;2;5475_-100;2;5475,16.4,Incidence,2.16646197339901e-08
NbyGQVwzFc_loc12_loop6,12,ITN 0%/IRS 0%/Larvicide 0%,0;0.4;0.4_0;0;0_0;0;0_-100;2;5475_-100;2;5475_-100;2;5475,16.4027397260274,Incidence,2.17438696518124e-08
NbyGQVwzFc_loc12_loop6,12,ITN 0%/IRS 0%/Larvicide 0%,0;0.4;0.4_0;0;0_0;0;0_-100;2;5475_-100;2;5475_-100;2;5475,16.4054794520548,Incidence,2.18234413833667e-08
NbyGQVwzFc_loc12_loop6,12,ITN 0%/IRS 0%/Larvicide 0%,0;0.4;0.4_0;0;0_0;0;0_-100;2;5475_-100;2;5475_-100;2;5475,16.4082191780822,Incidence,2.19033363340845e-08
NbyGQVwzFc_loc12_loop6,12,ITN 0%/IRS 0%/Larvicide 0%,0;0.4;0.4_0;0;0_0;0;0_-100;2;5475_-100;2;5475_-100;2;5475,16.4109589041096,Incidence,2.19835559158866e-08
NbyGQVwzFc_loc12_loop6,12,ITN 0%/IRS 0%/Larvicide 0%,0;0.4;0.4_0;0;0_0;0;0_-100;2;5475_-100;2;5475_-100;2;5475,16.413698630137,Incidence,2.20641015472143e-08
NbyGQVwzFc_loc12_loop6,12,ITN 0%/IRS 0%/Larvicide 0%,0;0.4;0.4_0;0;0_0;0;0_-100;2;5475_-100;2;5475_-100;2;5475,16.4164383561644,Incidence,2.21449746530621e-08
NbyGQVwzFc_loc12_loop6,12,ITN 0%/IRS 0%/Larvicide 0%,0;0.4;0.4_0;0;0_0;0;0_-100;2;5475_-100;2;5475_-100;2;5475,16.4191780821918,Incidence,2.22261766650093e-08
NbyGQVwzFc_loc12_loop6,12,ITN 0%/IRS 0%/Larvicide 0%,0;0.4;0.4_0;0;0_0;0;0_-100;2;5475_-100;2;5475_-100;2;5475,16.4219178082192,Incidence,2.2307709021253e-08
NbyGQVwzFc_loc12_loop6,12,ITN 0%/IRS 0%/Larvicide 0%,0;0.4;0.4_0;0;0_0;0;0_-100;2;5475_-100;2;5475_-100;2;5475,16.4246575342466,Incidence,2.23895731666401e-08
NbyGQVwzFc_loc12_loop6,12,ITN 0%/IRS 0%/Larvicide 0%,0;0.4;0.4_0;0;0_0;0;0_-100;2;5475_-100;2;5475_-100;2;5475,16.427397260274,Incidence,2.24717705527006e-08
NbyGQVwzFc_loc12_loop6,12,ITN 0%/IRS 0%/Larvicide 0%,0;0.4;0.4_0;0;0_0;0;0_-100;2;5475_-100;2;5475_-100;2;5475,16.4301369863014,Incidence,2.25543026376797e-08
NbyGQVwzFc_loc12_loop6,12,ITN 0%/IRS 0%/Larvicide 0%,0;0.4;0.4_0;0;0_0;0;0_-100;2;5475_-100;2;5475_-100;2;5475,16.4328767123288,Incidence,2.26371708865713e-08
NbyGQVwzFc_loc12_loop6,12,ITN 0%/IRS 0%/Larvicide 0%,0;0.4;0.4_0;0;0_0;0;0_-100;2;5475_-100;2;5475_-100;2;5475,16.4356164383562,Incidence,2.27203767711513e-08
NbyGQVwzFc_loc12_loop6,12,ITN 0%/IRS 0%/Larvicide 0%,0;0.4;0.4_0;0;0_0;0;0_-100;2;5475_-100;2;5475_-100;2;5475,16.4383561643836,Incidence,2.28039217700107e-08
NbyGQVwzFc_loc12_loop6,12,ITN 0%/IRS 0%/Larvicide 0%,0;0.4;0.4_0;0;0_0;0;0_-100;2;5475_-100;2;5475_-100;2;5475,16.441095890411,Incidence,2.28878073685889e-08
NbyGQVwzFc_loc12_loop6,12,ITN 0%/IRS 0%/Larvicide 0%,0;0.4;0.4_0;0;0_0;0;0_-100;2;5475_-100;2;5475_-100;2;5475,16.4438356164384,Incidence,2.29720350592078e-08
NbyGQVwzFc_loc12_loop6,12,ITN 0%/IRS 0%/Larvicide 0%,0;0.4;0.4_0;0;0_0;0;0_-100;2;5475_-100;2;5475_-100;2;5475,16.4465753424658,Incidence,2.30566063411054e-08
NbyGQVwzFc_loc12_loop6,12,ITN 0%/IRS 0%/Larvicide 0%,0;0.4;0.4_0;0;0_0;0;0_-100;2;5475_-100;2;5475_-100;2;5475,16.4493150684932,Incidence,2.31415227204698e-08
NbyGQVwzFc_loc12_loop6,12,ITN 0%/IRS 0%/Larvicide 0%,0;0.4;0.4_0;0;0_0;0;0_-100;2;5475_-100;2;5475_-100;2;5475,16.4520547945206,Incidence,2.32267857104733e-08
NbyGQVwzFc_loc12_loop6,12,ITN 0%/IRS 0%/Larvicide 0%,0;0.4;0.4_0;0;0_0;0;0_-100;2;5475_-100;2;5475_-100;2;5475,16.4547945205479,Incidence,2.3312396831307e-08
NbyGQVwzFc_loc12_loop6,12,ITN 0%/IRS 0%/Larvicide 0%,0;0.4;0.4_0;0;0_0;0;0_-100;2;5475_-100;2;5475_-100;2;5475,16.4575342465753,Incidence,2.3398357610215e-08
NbyGQVwzFc_loc12_loop6,12,ITN 0%/IRS 0%/Larvicide 0%,0;0.4;0.4_0;0;0_0;0;0_-100;2;5475_-100;2;5475_-100;2;5475,16.4602739726027,Incidence,2.34846695815291e-08
NbyGQVwzFc_loc12_loop6,12,ITN 0%/IRS 0%/Larvicide 0%,0;0.4;0.4_0;0;0_0;0;0_-100;2;5475_-100;2;5475_-100;2;5475,16.4630136986301,Incidence,2.35713342867175e-08
NbyGQVwzFc_loc12_loop6,12,ITN 0%/IRS 0%/Larvicide 0%,0;0.4;0.4_0;0;0_0;0;0_-100;2;5475_-100;2;5475_-100;2;5475,16.4657534246575,Incidence,2.3658353275557e-08
NbyGQVwzFc_loc12_loop6,12,ITN 0%/IRS 0%/Larvicide 0%,0;0.4;0.4_0;0;0_0;0;0_-100;2;5475_-100;2;5475_-100;2;5475,16.4684931506849,Incidence,2.37457281038798e-08
NbyGQVwzFc_loc12_loop6,12,ITN 0%/IRS 0%/Larvicide 0%,0;0.4;0.4_0;0;0_0;0;0_-100;2;5475_-100;2;5475_-100;2;5475,16.4712328767123,Incidence,2.38334603336869e-08
NbyGQVwzFc_loc12_loop6,12,ITN 0%/IRS 0%/Larvicide 0%,0;0.4;0.4_0;0;0_0;0;0_-100;2;5475_-100;2;5475_-100;2;5475,16.4739726027397,Incidence,2.39215515342216e-08
NbyGQVwzFc_loc12_loop6,12,ITN 0%/IRS 0%/Larvicide 0%,0;0.4;0.4_0;0;0_0;0;0_-100;2;5475_-100;2;5475_-100;2;5475,16.4767123287671,Incidence,2.40100032820061e-08
NbyGQVwzFc_loc12_loop6,12,ITN 0%/IRS 0%/Larvicide 0%,0;0.4;0.4_0;0;0_0;0;0_-100;2;5475_-100;2;5475_-100;2;5475,16.4794520547945,Incidence,2.40988171608763e-08
NbyGQVwzFc_loc12_loop6,12,ITN 0%/IRS 0%/Larvicide 0%,0;0.4;0.4_0;0;0_0;0;0_-100;2;5475_-100;2;5475_-100;2;5475,16.4821917808219,Incidence,2.41879947620187e-08
NbyGQVwzFc_loc12_loop6,12,ITN 0%/IRS 0%/Larvicide 0%,0;0.4;0.4_0;0;0_0;0;0_-100;2;5475_-100;2;5475_-100;2;5475,16.4849315068493,Incidence,2.42775376840056e-08
NbyGQVwzFc_loc12_loop6,12,ITN 0%/IRS 0%/Larvicide 0%,0;0.4;0.4_0;0;0_0;0;0_-100;2;5475_-100;2;5475_-100;2;5475,16.4876712328767,Incidence,2.43674475328321e-08
NbyGQVwzFc_loc12_loop6,12,ITN 0%/IRS 0%/Larvicide 0%,0;0.4;0.4_0;0;0_0;0;0_-100;2;5475_-100;2;5475_-100;2;5475,16.4904109589041,Incidence,2.44577259219525e-08
NbyGQVwzFc_loc12_loop6,12,ITN 0%/IRS 0%/Larvicide 0%,0;0.4;0.4_0;0;0_0;0;0_-100;2;5475_-100;2;5475_-100;2;5475,16.4931506849315,Incidence,2.45483744723163e-08
NbyGQVwzFc_loc12_loop6,12,ITN 0%/IRS 0%/Larvicide 0%,0;0.4;0.4_0;0;0_0;0;0_-100;2;5475_-100;2;5475_-100;2;5475,16.4958904109589,Incidence,2.4639394812406e-08
NbyGQVwzFc_loc12_loop6,12,ITN 0%/IRS 0%/Larvicide 0%,0;0.4;0.4_0;0;0_0;0;0_-100;2;5475_-100;2;5475_-100;2;5475,16.4986301369863,Incidence,2.47307885782733e-08
NbyGQVwzFc_loc12_loop6,12,ITN 0%/IRS 0%/Larvicide 0%,0;0.4;0.4_0;0;0_0;0;0_-100;2;5475_-100;2;5475_-100;2;5475,16.5013698630137,Incidence,2.48225574135767e-08
NbyGQVwzFc_loc12_loop6,12,ITN 0%/IRS 0%/Larvicide 0%,0;0.4;0.4_0;0;0_0;0;0_-100;2;5475_-100;2;5475_-100;2;5475,16.5041095890411,Incidence,2.49147029696188e-08
NbyGQVwzFc_loc12_loop6,12,ITN 0%/IRS 0%/Larvicide 0%,0;0.4;0.4_0;0;0_0;0;0_-100;2;5475_-100;2;5475_-100;2;5475,16.5068493150685,Incidence,2.5007226905384e-08
NbyGQVwzFc_loc12_loop6,12,ITN 0%/IRS 0%/Larvicide 0%,0;0.4;0.4_0;0;0_0;0;0_-100;2;5475_-100;2;5475_-100;2;5475,16.5095890410959,Incidence,2.51001308875759e-08
NbyGQVwzFc_loc12_loop6,12,ITN 0%/IRS 0%/Larvicide 0%,0;0.4;0.4_0;0;0_0;0;0_-100;2;5475_-100;2;5475_-100;2;5475,16.5123287671233,Incidence,2.51934165906556e-08
NbyGQVwzFc_loc12_loop6,12,ITN 0%/IRS 0%/Larvicide 0%,0;0.4;0.4_0;0;0_0;0;0_-100;2;5475_-100;2;5475_-100;2;5475,16.5150684931507,Incidence,2.52870856968795e-08
NbyGQVwzFc_loc12_loop6,12,ITN 0%/IRS 0%/Larvicide 0%,0;0.4;0.4_0;0;0_0;0;0_-100;2;5475_-100;2;5475_-100;2;5475,16.5178082191781,Incidence,2.53811398963379e-08
NbyGQVwzFc_loc12_loop6,12,ITN 0%/IRS 0%/Larvicide 0%,0;0.4;0.4_0;0;0_0;0;0_-100;2;5475_-100;2;5475_-100;2;5475,16.5205479452055,Incidence,2.54755808869933e-08
NbyGQVwzFc_loc12_loop6,12,ITN 0%/IRS 0%/Larvicide 0%,0;0.4;0.4_0;0;0_0;0;0_-100;2;5475_-100;2;5475_-100;2;5475,16.5232876712329,Incidence,2.55704103747189e-08
NbyGQVwzFc_loc12_loop6,12,ITN 0%/IRS 0%/Larvicide 0%,0;0.4;0.4_0;0;0_0;0;0_-100;2;5475_-100;2;5475_-100;2;5475,16.5260273972603,Incidence,2.56656300733382e-08
NbyGQVwzFc_loc12_loop6,12,ITN 0%/IRS 0%/Larvicide 0%,0;0.4;0.4_0;0;0_0;0;0_-100;2;5475_-100;2;5475_-100;2;5475,16.5287671232877,Incidence,2.57612417046631e-08
NbyGQVwzFc_loc12_loop6,12,ITN 0%/IRS 0%/Larvicide 0%,0;0.4;0.4_0;0;0_0;0;0_-100;2;5475_-100;2;5475_-100;2;5475,16.5315068493151,Incidence,2.58572469985337e-08
NbyGQVwzFc_loc12_loop6,12,ITN 0%/IRS 0%/Larvicide 0%,0;0.4;0.4_0;0;0_0;0;0_-100;2;5475_-100;2;5475_-100;2;5475,16.5342465753425,Incidence,2.59536476930828e-08
NbyGQVwzFc_loc12_loop6,12,ITN 0%/IRS 0%/Larvicide 0%,0;0.4;0.4_0;0;0_0;0;0_-100;2;5475_-100;2;5475_-100;2;5475,16.5369863013699,Incidence,2.60504455355333e-08
NbyGQVwzFc_loc12_loop6,12,ITN 0%/IRS 0%/Larvicide 0%,0;0.4;0.4_0;0;0_0;0;0_-100;2;5475_-100;2;5475_-100;2;5475,16.5397260273973,Incidence,2.61476422793125e-08
NbyGQVwzFc_loc12_loop6,12,ITN 0%/IRS 0%/Larvicide 0%,0;0.4;0.4_0;0;0_0;0;0_-100;2;5475_-100;2;5475_-100;2;5475,16.5424657534247,Incidence,2.62452396856505e-08
NbyGQVwzFc_loc12_loop6,12,ITN 0%/IRS 0%/Larvicide 0%,0;0.4;0.4_0;0;0_0;0;0_-100;2;5475_-100;2;5475_-100;2;5475,16.5452054794521,Incidence,2.63432395239841e-08
NbyGQVwzFc_loc12_loop6,12,ITN 0%/IRS 0%/Larvicide 0%,0;0.4;0.4_0;0;0_0;0;0_-100;2;5475_-100;2;5475_-100;2;5475,16.5479452054795,Incidence,2.64416435719967e-08
NbyGQVwzFc_loc12_loop6,12,ITN 0%/IRS 0%/Larvicide 0%,0;0.4;0.4_0;0;0_0;0;0_-100;2;5475_-100;2;5475_-100;2;5475,16.5506849315069,Incidence,2.65404536156593e-08
NbyGQVwzFc_loc12_loop6,12,ITN 0%/IRS 0%/Larvicide 0%,0;0.4;0.4_0;0;0_0;0;0_-100;2;5475_-100;2;5475_-100;2;5475,16.5534246575342,Incidence,2.66396714492712e-08
NbyGQVwzFc_loc12_loop6,12,ITN 0%/IRS 0%/Larvicide 0%,0;0.4;0.4_0;0;0_0;0;0_-100;2;5475_-100;2;5475_-100;2;5475,16.5561643835616,Incidence,2.67392988755005e-08
NbyGQVwzFc_loc12_loop6,12,ITN 0%/IRS 0%/Larvicide 0%,0;0.4;0.4_0;0;0_0;0;0_-100;2;5475_-100;2;5475_-100;2;5475,16.558904109589,Incidence,2.68393377054256e-08
NbyGQVwzFc_loc12_loop6,12,ITN 0%/IRS 0%/Larvicide 0%,0;0.4;0.4_0;0;0_0;0;0_-100;2;5475_-100;2;5475_-100;2;5475,16.5616438356164,Incidence,2.69397897585764e-08
NbyGQVwzFc_loc12_loop6,12,ITN 0%/IRS 0%/Larvicide 0%,0;0.4;0.4_0;0;0_0;0;0_-100;2;5475_-100;2;5475_-100;2;5475,16.5643835616438,Incidence,2.70406568629758e-08
NbyGQVwzFc_loc12_loop6,12,ITN 0%/IRS 0%/Larvicide 0%,0;0.4;0.4_0;0;0_0;0;0_-100;2;5475_-100;2;5475_-100;2;5475,16.5671232876712,Incidence,2.71419408551819e-08
NbyGQVwzFc_loc12_loop6,12,ITN 0%/IRS 0%/Larvicide 0%,0;0.4;0.4_0;0;0_0;0;0_-100;2;5475_-100;2;5475_-100;2;5475,16.5698630136986,Incidence,2.72436435803291e-08
NbyGQVwzFc_loc12_loop6,12,ITN 0%/IRS 0%/Larvicide 0%,0;0.4;0.4_0;0;0_0;0;0_-100;2;5475_-100;2;5475_-100;2;5475,16.572602739726,Incidence,2.73457668921709e-08
NbyGQVwzFc_loc12_loop6,12,ITN 0%/IRS 0%/Larvicide 0%,0;0.4;0.4_0;0;0_0;0;0_-100;2;5475_-100;2;5475_-100;2;5475,16.5753424657534,Incidence,2.74483126531221e-08
NbyGQVwzFc_loc12_loop6,12,ITN 0%/IRS 0%/Larvicide 0%,0;0.4;0.4_0;0;0_0;0;0_-100;2;5475_-100;2;5475_-100;2;5475,16.5780821917808,Incidence,2.75512827343012e-08
NbyGQVwzFc_loc12_loop6,12,ITN 0%/IRS 0%/Larvicide 0%,0;0.4;0.4_0;0;0_0;0;0_-100;2;5475_-100;2;5475_-100;2;5475,16.5808219178082,Incidence,2.76546790155735e-08
NbyGQVwzFc_loc12_loop6,12,ITN 0%/IRS 0%/Larvicide 0%,0;0.4;0.4_0;0;0_0;0;0_-100;2;5475_-100;2;5475_-100;2;5475,16.5835616438356,Incidence,2.77585033855936e-08
NbyGQVwzFc_loc12_loop6,12,ITN 0%/IRS 0%/Larvicide 0%,0;0.4;0.4_0;0;0_0;0;0_-100;2;5475_-100;2;5475_-100;2;5475,16.586301369863,Incidence,2.78627577418493e-08
NbyGQVwzFc_loc12_loop6,12,ITN 0%/IRS 0%/Larvicide 0%,0;0.4;0.4_0;0;0_0;0;0_-100;2;5475_-100;2;5475_-100;2;5475,16.5890410958904,Incidence,2.79674439907044e-08
NbyGQVwzFc_loc12_loop6,12,ITN 0%/IRS 0%/Larvicide 0%,0;0.4;0.4_0;0;0_0;0;0_-100;2;5475_-100;2;5475_-100;2;5475,16.5917808219178,Incidence,2.80725640474424e-08
NbyGQVwzFc_loc12_loop6,12,ITN 0%/IRS 0%/Larvicide 0%,0;0.4;0.4_0;0;0_0;0;0_-100;2;5475_-100;2;5475_-100;2;5475,16.5945205479452,Incidence,2.81781198363109e-08
NbyGQVwzFc_loc12_loop6,12,ITN 0%/IRS 0%/Larvicide 0%,0;0.4;0.4_0;0;0_0;0;0_-100;2;5475_-100;2;5475_-100;2;5475,16.5972602739726,Incidence,2.82841132905649e-08
NbyGQVwzFc_loc12_loop6,12,ITN 0%/IRS 0%/Larvicide 0%,0;0.4;0.4_0;0;0_0;0;0_-100;2;5475_-100;2;5475_-100;2;5475,16.6,Incidence,2.83905463525116e-08
NbyGQVwzFc_loc12_loop6,12,ITN 0%/IRS 0%/Larvicide 0%,0;0.4;0.4_0;0;0_0;0;0_-100;2;5475_-100;2;5475_-100;2;5475,16.6027397260274,Incidence,2.84974209735547e-08
NbyGQVwzFc_loc12_loop6,12,ITN 0%/IRS 0%/Larvicide 0%,0;0.4;0.4_0;0;0_0;0;0_-100;2;5475_-100;2;5475_-100;2;5475,16.6054794520548,Incidence,2.8604739114239e-08
NbyGQVwzFc_loc12_loop6,12,ITN 0%/IRS 0%/Larvicide 0%,0;0.4;0.4_0;0;0_0;0;0_-100;2;5475_-100;2;5475_-100;2;5475,16.6082191780822,Incidence,2.87125027452043e-08
NbyGQVwzFc_loc12_loop6,12,ITN 0%/IRS 0%/Larvicide 0%,0;0.4;0.4_0;0;0_0;0;0_-100;2;5475_-100;2;5475_-100;2;5475,16.6109589041096,Incidence,2.88207138456087e-08
NbyGQVwzFc_loc12_loop6,12,ITN 0%/IRS 0%/Larvicide 0%,0;0.4;0.4_0;0;0_0;0;0_-100;2;5475_-100;2;5475_-100;2;5475,16.613698630137,Incidence,2.89293744025054e-08
NbyGQVwzFc_loc12_loop6,12,ITN 0%/IRS 0%/Larvicide 0%,0;0.4;0.4_0;0;0_0;0;0_-100;2;5475_-100;2;5475_-100;2;5475,16.6164383561644,Incidence,2.90384864122498e-08
NbyGQVwzFc_loc12_loop6,12,ITN 0%/IRS 0%/Larvicide 0%,0;0.4;0.4_0;0;0_0;0;0_-100;2;5475_-100;2;5475_-100;2;5475,16.6191780821918,Incidence,2.91480518805444e-08
NbyGQVwzFc_loc12_loop6,12,ITN 0%/IRS 0%/Larvicide 0%,0;0.4;0.4_0;0;0_0;0;0_-100;2;5475_-100;2;5475_-100;2;5475,16.6219178082192,Incidence,2.92580728224854e-08
NbyGQVwzFc_loc12_loop6,12,ITN 0%/IRS 0%/Larvicide 0%,0;0.4;0.4_0;0;0_0;0;0_-100;2;5475_-100;2;5475_-100;2;5475,16.6246575342466,Incidence,2.93685512626086e-08
NbyGQVwzFc_loc12_loop6,12,ITN 0%/IRS 0%/Larvicide 0%,0;0.4;0.4_0;0;0_0;0;0_-100;2;5475_-100;2;5475_-100;2;5475,16.627397260274,Incidence,2.94794892349358e-08
NbyGQVwzFc_loc12_loop6,12,ITN 0%/IRS 0%/Larvicide 0%,0;0.4;0.4_0;0;0_0;0;0_-100;2;5475_-100;2;5475_-100;2;5475,16.6301369863014,Incidence,2.9590888783022e-08
NbyGQVwzFc_loc12_loop6,12,ITN 0%/IRS 0%/Larvicide 0%,0;0.4;0.4_0;0;0_0;0;0_-100;2;5475_-100;2;5475_-100;2;5475,16.6328767123288,Incidence,2.97027519600016e-08
NbyGQVwzFc_loc12_loop6,12,ITN 0%/IRS 0%/Larvicide 0%,0;0.4;0.4_0;0;0_0;0;0_-100;2;5475_-100;2;5475_-100;2;5475,16.6356164383562,Incidence,2.98150808286355e-08
NbyGQVwzFc_loc12_loop6,12,ITN 0%/IRS 0%/Larvicide 0%,0;0.4;0.4_0;0;0_0;0;0_-100;2;5475_-100;2;5475_-100;2;5475,16.6383561643836,Incidence,2.99278774613592e-08
NbyGQVwzFc_loc12_loop6,12,ITN 0%/IRS 0%/Larvicide 0%,0;0.4;0.4_0;0;0_0;0;0_-100;2;5475_-100;2;5475_-100;2;5475,16.641095890411,Incidence,3.00411439403294e-08
NbyGQVwzFc_loc12_loop6,12,ITN 0%/IRS 0%/Larvicide 0%,0;0.4;0.4_0;0;0_0;0;0_-100;2;5475_-100;2;5475_-100;2;5475,16.6438356164384,Incidence,3.01548823574729e-08
NbyGQVwzFc_loc12_loop6,12,ITN 0%/IRS 0%/Larvicide 0%,0;0.4;0.4_0;0;0_0;0;0_-100;2;5475_-100;2;5475_-100;2;5475,16.6465753424658,Incidence,3.02690948145336e-08
NbyGQVwzFc_loc12_loop6,12,ITN 0%/IRS 0%/Larvicide 0%,0;0.4;0.4_0;0;0_0;0;0_-100;2;5475_-100;2;5475_-100;2;5475,16.6493150684932,Incidence,3.03837834231214e-08
NbyGQVwzFc_loc12_loop6,12,ITN 0%/IRS 0%/Larvicide 0%,0;0.4;0.4_0;0;0_0;0;0_-100;2;5475_-100;2;5475_-100;2;5475,16.6520547945206,Incidence,3.04989503047607e-08
NbyGQVwzFc_loc12_loop6,12,ITN 0%/IRS 0%/Larvicide 0%,0;0.4;0.4_0;0;0_0;0;0_-100;2;5475_-100;2;5475_-100;2;5475,16.6547945205479,Incidence,3.06145975909389e-08
NbyGQVwzFc_loc12_loop6,12,ITN 0%/IRS 0%/Larvicide 0%,0;0.4;0.4_0;0;0_0;0;0_-100;2;5475_-100;2;5475_-100;2;5475,16.6575342465753,Incidence,3.07307274231556e-08
NbyGQVwzFc_loc12_loop6,12,ITN 0%/IRS 0%/Larvicide 0%,0;0.4;0.4_0;0;0_0;0;0_-100;2;5475_-100;2;5475_-100;2;5475,16.6602739726027,Incidence,3.0847341952972e-08
NbyGQVwzFc_loc12_loop6,12,ITN 0%/IRS 0%/Larvicide 0%,0;0.4;0.4_0;0;0_0;0;0_-100;2;5475_-100;2;5475_-100;2;5475,16.6630136986301,Incidence,3.09644433420599e-08
NbyGQVwzFc_loc12_loop6,12,ITN 0%/IRS 0%/Larvicide 0%,0;0.4;0.4_0;0;0_0;0;0_-100;2;5475_-100;2;5475_-100;2;5475,16.6657534246575,Incidence,3.10820337622522e-08
NbyGQVwzFc_loc12_loop6,12,ITN 0%/IRS 0%/Larvicide 0%,0;0.4;0.4_0;0;0_0;0;0_-100;2;5475_-100;2;5475_-100;2;5475,16.6684931506849,Incidence,3.1200115395592e-08
NbyGQVwzFc_loc12_loop6,12,ITN 0%/IRS 0%/Larvicide 0%,0;0.4;0.4_0;0;0_0;0;0_-100;2;5475_-100;2;5475_-100;2;5475,16.6712328767123,Incidence,3.13186904343836e-08
NbyGQVwzFc_loc12_loop6,12,ITN 0%/IRS 0%/Larvicide 0%,0;0.4;0.4_0;0;0_0;0;0_-100;2;5475_-100;2;5475_-100;2;5475,16.6739726027397,Incidence,3.14377610812427e-08
NbyGQVwzFc_loc12_loop6,12,ITN 0%/IRS 0%/Larvicide 0%,0;0.4;0.4_0;0;0_0;0;0_-100;2;5475_-100;2;5475_-100;2;5475,16.6767123287671,Incidence,3.1557329549147e-08
NbyGQVwzFc_loc12_loop6,12,ITN 0%/IRS 0%/Larvicide 0%,0;0.4;0.4_0;0;0_0;0;0_-100;2;5475_-100;2;5475_-100;2;5475,16.6794520547945,Incidence,3.16773980614873e-08
NbyGQVwzFc_loc12_loop6,12,ITN 0%/IRS 0%/Larvicide 0%,0;0.4;0.4_0;0;0_0;0;0_-100;2;5475_-100;2;5475_-100;2;5475,16.6821917808219,Incidence,3.17979688524951e-08
NbyGQVwzFc_loc12_loop6,12,ITN 0%/IRS 0%/Larvicide 0%,0;0.4;0.4_0;0;0_0;0;0_-100;2;5475_-100;2;5475_-100;2;5475,16.6849315068493,Incidence,3.19190441674289e-08
NbyGQVwzFc_loc12_loop6,12,ITN 0%/IRS 0%/Larvicide 0%,0;0.4;0.4_0;0;0_0;0;0_-100;2;5475_-100;2;5475_-100;2;5475,16.6876712328767,Incidence,3.20406262601434e-08
NbyGQVwzFc_loc12_loop6,12,ITN 0%/IRS 0%/Larvicide 0%,0;0.4;0.4_0;0;0_0;0;0_-100;2;5475_-100;2;5475_-100;2;5475,16.6904109589041,Incidence,3.21627173949243e-08
NbyGQVwzFc_loc12_loop6,12,ITN 0%/IRS 0%/Larvicide 0%,0;0.4;0.4_0;0;0_0;0;0_-100;2;5475_-100;2;5475_-100;2;5475,16.6931506849315,Incidence,3.2285319846709e-08
NbyGQVwzFc_loc12_loop6,12,ITN 0%/IRS 0%/Larvicide 0%,0;0.4;0.4_0;0;0_0;0;0_-100;2;5475_-100;2;5475_-100;2;5475,16.6958904109589,Incidence,3.24084359011384e-08
NbyGQVwzFc_loc12_loop6,12,ITN 0%/IRS 0%/Larvicide 0%,0;0.4;0.4_0;0;0_0;0;0_-100;2;5475_-100;2;5475_-100;2;5475,16.6986301369863,Incidence,3.25320678546105e-08
NbyGQVwzFc_loc12_loop6,12,ITN 0%/IRS 0%/Larvicide 0%,0;0.4;0.4_0;0;0_0;0;0_-100;2;5475_-100;2;5475_-100;2;5475,16.7013698630137,Incidence,3.26562180143326e-08
NbyGQVwzFc_loc12_loop6,12,ITN 0%/IRS 0%/Larvicide 0%,0;0.4;0.4_0;0;0_0;0;0_-100;2;5475_-100;2;5475_-100;2;5475,16.7041095890411,Incidence,3.27808886983752e-08
NbyGQVwzFc_loc12_loop6,12,ITN 0%/IRS 0%/Larvicide 0%,0;0.4;0.4_0;0;0_0;0;0_-100;2;5475_-100;2;5475_-100;2;5475,16.7068493150685,Incidence,3.29060822357247e-08
NbyGQVwzFc_loc12_loop6,12,ITN 0%/IRS 0%/Larvicide 0%,0;0.4;0.4_0;0;0_0;0;0_-100;2;5475_-100;2;5475_-100;2;5475,16.7095890410959,Incidence,3.30318009663377e-08
NbyGQVwzFc_loc12_loop6,12,ITN 0%/IRS 0%/Larvicide 0%,0;0.4;0.4_0;0;0_0;0;0_-100;2;5475_-100;2;5475_-100;2;5475,16.7123287671233,Incidence,3.31580472411952e-08
NbyGQVwzFc_loc12_loop6,12,ITN 0%/IRS 0%/Larvicide 0%,0;0.4;0.4_0;0;0_0;0;0_-100;2;5475_-100;2;5475_-100;2;5475,16.7150684931507,Incidence,3.32848234223563e-08
NbyGQVwzFc_loc12_loop6,12,ITN 0%/IRS 0%/Larvicide 0%,0;0.4;0.4_0;0;0_0;0;0_-100;2;5475_-100;2;5475_-100;2;5475,16.7178082191781,Incidence,3.34121318830131e-08
NbyGQVwzFc_loc12_loop6,12,ITN 0%/IRS 0%/Larvicide 0%,0;0.4;0.4_0;0;0_0;0;0_-100;2;5475_-100;2;5475_-100;2;5475,16.7205479452055,Incidence,3.35399750075457e-08
NbyGQVwzFc_loc12_loop6,12,ITN 0%/IRS 0%/Larvicide 0%,0;0.4;0.4_0;0;0_0;0;0_-100;2;5475_-100;2;5475_-100;2;5475,16.7232876712329,Incidence,3.36683551915767e-08
NbyGQVwzFc_loc12_loop6,12,ITN 0%/IRS 0%/Larvicide 0%,0;0.4;0.4_0;0;0_0;0;0_-100;2;5475_-100;2;5475_-100;2;5475,16.7260273972603,Incidence,3.37972748420274e-08
NbyGQVwzFc_loc12_loop6,12,ITN 0%/IRS 0%/Larvicide 0%,0;0.4;0.4_0;0;0_0;0;0_-100;2;5475_-100;2;5475_-100;2;5475,16.7287671232877,Incidence,3.39267363771726e-08
NbyGQVwzFc_loc12_loop6,12,ITN 0%/IRS 0%/Larvicide 0%,0;0.4;0.4_0;0;0_0;0;0_-100;2;5475_-100;2;5475_-100;2;5475,16.7315068493151,Incidence,3.40567422266973e-08
NbyGQVwzFc_loc12_loop6,12,ITN 0%/IRS 0%/Larvicide 0%,0;0.4;0.4_0;0;0_0;0;0_-100;2;5475_-100;2;5475_-100;2;5475,16.7342465753425,Incidence,3.41872948317524e-08
NbyGQVwzFc_loc12_loop6,12,ITN 0%/IRS 0%/Larvicide 0%,0;0.4;0.4_0;0;0_0;0;0_-100;2;5475_-100;2;5475_-100;2;5475,16.7369863013699,Incidence,3.43183966450116e-08
NbyGQVwzFc_loc12_loop6,12,ITN 0%/IRS 0%/Larvicide 0%,0;0.4;0.4_0;0;0_0;0;0_-100;2;5475_-100;2;5475_-100;2;5475,16.7397260273973,Incidence,3.44500501307276e-08
NbyGQVwzFc_loc12_loop6,12,ITN 0%/IRS 0%/Larvicide 0%,0;0.4;0.4_0;0;0_0;0;0_-100;2;5475_-100;2;5475_-100;2;5475,16.7424657534247,Incidence,3.45822577647897e-08
NbyGQVwzFc_loc12_loop6,12,ITN 0%/IRS 0%/Larvicide 0%,0;0.4;0.4_0;0;0_0;0;0_-100;2;5475_-100;2;5475_-100;2;5475,16.7452054794521,Incidence,3.47150220347808e-08
NbyGQVwzFc_loc12_loop6,12,ITN 0%/IRS 0%/Larvicide 0%,0;0.4;0.4_0;0;0_0;0;0_-100;2;5475_-100;2;5475_-100;2;5475,16.7479452054795,Incidence,3.48483454400354e-08
NbyGQVwzFc_loc12_loop6,12,ITN 0%/IRS 0%/Larvicide 0%,0;0.4;0.4_0;0;0_0;0;0_-100;2;5475_-100;2;5475_-100;2;5475,16.7506849315069,Incidence,3.49822304916967e-08
NbyGQVwzFc_loc12_loop6,12,ITN 0%/IRS 0%/Larvicide 0%,0;0.4;0.4_0;0;0_0;0;0_-100;2;5475_-100;2;5475_-100;2;5475,16.7534246575342,Incidence,3.51166797127759e-08
NbyGQVwzFc_loc12_loop6,12,ITN 0%/IRS 0%/Larvicide 0%,0;0.4;0.4_0;0;0_0;0;0_-100;2;5475_-100;2;5475_-100;2;5475,16.7561643835616,Incidence,3.525169563821e-08
NbyGQVwzFc_loc12_loop6,12,ITN 0%/IRS 0%/Larvicide 0%,0;0.4;0.4_0;0;0_0;0;0_-100;2;5475_-100;2;5475_-100;2;5475,16.758904109589,Incidence,3.53872808150092e-08
NbyGQVwzFc_loc12_loop6,12,ITN 0%/IRS 0%/Larvicide 0%,0;0.4;0.4_0;0;0_0;0;0_-100;2;5475_-100;2;5475_-100;2;5475,16.7616438356164,Incidence,3.55234378031967e-08
NbyGQVwzFc_loc12_loop6,12,ITN 0%/IRS 0%/Larvicide 0%,0;0.4;0.4_0;0;0_0;0;0_-100;2;5475_-100;2;5475_-100;2;5475,16.7643835616438,Incidence,3.56601691731286e-08
NbyGQVwzFc_loc12_loop6,12,ITN 0%/IRS 0%/Larvicide 0%,0;0.4;0.4_0;0;0_0;0;0_-100;2;5475_-100;2;5475_-100;2;5475,16.7671232876712,Incidence,3.57974775066997e-08
NbyGQVwzFc_loc12_loop6,12,ITN 0%/IRS 0%/Larvicide 0%,0;0.4;0.4_0;0;0_0;0;0_-100;2;5475_-100;2;5475_-100;2;5475,16.7698630136986,Incidence,3.59353653980078e-08
NbyGQVwzFc_loc12_loop6,12,ITN 0%/IRS 0%/Larvicide 0%,0;0.4;0.4_0;0;0_0;0;0_-100;2;5475_-100;2;5475_-100;2;5475,16.772602739726,Incidence,3.60738354534136e-08
NbyGQVwzFc_loc12_loop6,12,ITN 0%/IRS 0%/Larvicide 0%,0;0.4;0.4_0;0;0_0;0;0_-100;2;5475_-100;2;5475_-100;2;5475,16.7753424657534,Incidence,3.62128902916009e-08
NbyGQVwzFc_loc12_loop6,12,ITN 0%/IRS 0%/Larvicide 0%,0;0.4;0.4_0;0;0_0;0;0_-100;2;5475_-100;2;5475_-100;2;5475,16.7780821917808,Incidence,3.63525325436379e-08
NbyGQVwzFc_loc12_loop6,12,ITN 0%/IRS 0%/Larvicide 0%,0;0.4;0.4_0;0;0_0;0;0_-100;2;5475_-100;2;5475_-100;2;5475,16.7808219178082,Incidence,3.64927648530379e-08
NbyGQVwzFc_loc12_loop6,12,ITN 0%/IRS 0%/Larvicide 0%,0;0.4;0.4_0;0;0_0;0;0_-100;2;5475_-100;2;5475_-100;2;5475,16.7835616438356,Incidence,3.66335898758208e-08
NbyGQVwzFc_loc12_loop6,12,ITN 0%/IRS 0%/Larvicide 0%,0;0.4;0.4_0;0;0_0;0;0_-100;2;5475_-100;2;5475_-100;2;5475,16.786301369863,Incidence,3.67750102805744e-08
NbyGQVwzFc_loc12_loop6,12,ITN 0%/IRS 0%/Larvicide 0%,0;0.4;0.4_0;0;0_0;0;0_-100;2;5475_-100;2;5475_-100;2;5475,16.7890410958904,Incidence,3.69170287485174e-08
NbyGQVwzFc_loc12_loop6,12,ITN 0%/IRS 0%/Larvicide 0%,0;0.4;0.4_0;0;0_0;0;0_-100;2;5475_-100;2;5475_-100;2;5475,16.7917808219178,Incidence,3.70596479735607e-08
NbyGQVwzFc_loc12_loop6,12,ITN 0%/IRS 0%/Larvicide 0%,0;0.4;0.4_0;0;0_0;0;0_-100;2;5475_-100;2;5475_-100;2;5475,16.7945205479452,Incidence,3.72028706623704e-08
NbyGQVwzFc_loc12_loop6,12,ITN 0%/IRS 0%/Larvicide 0%,0;0.4;0.4_0;0;0_0;0;0_-100;2;5475_-100;2;5475_-100;2;5475,16.7972602739726,Incidence,3.7346699534431e-08
NbyGQVwzFc_loc12_loop6,12,ITN 0%/IRS 0%/Larvicide 0%,0;0.4;0.4_0;0;0_0;0;0_-100;2;5475_-100;2;5475_-100;2;5475,16.8,Incidence,3.74911373221082e-08
NbyGQVwzFc_loc12_loop6,12,ITN 0%/IRS 0%/Larvicide 0%,0;0.4;0.4_0;0;0_0;0;0_-100;2;5475_-100;2;5475_-100;2;5475,16.8027397260274,Incidence,3.76361867707124e-08
NbyGQVwzFc_loc12_loop6,12,ITN 0%/IRS 0%/Larvicide 0%,0;0.4;0.4_0;0;0_0;0;0_-100;2;5475_-100;2;5475_-100;2;5475,16.8054794520548,Incidence,3.77818506385633e-08
NbyGQVwzFc_loc12_loop6,12,ITN 0%/IRS 0%/Larvicide 0%,0;0.4;0.4_0;0;0_0;0;0_-100;2;5475_-100;2;5475_-100;2;5475,16.8082191780822,Incidence,3.79281316970535e-08
NbyGQVwzFc_loc12_loop6,12,ITN 0%/IRS 0%/Larvicide 0%,0;0.4;0.4_0;0;0_0;0;0_-100;2;5475_-100;2;5475_-100;2;5475,16.8109589041096,Incidence,3.80750327307132e-08
NbyGQVwzFc_loc12_loop6,12,ITN 0%/IRS 0%/Larvicide 0%,0;0.4;0.4_0;0;0_0;0;0_-100;2;5475_-100;2;5475_-100;2;5475,16.813698630137,Incidence,3.82225565372747e-08
NbyGQVwzFc_loc12_loop6,12,ITN 0%/IRS 0%/Larvicide 0%,0;0.4;0.4_0;0;0_0;0;0_-100;2;5475_-100;2;5475_-100;2;5475,16.8164383561644,Incidence,3.83707059277381e-08
NbyGQVwzFc_loc12_loop6,12,ITN 0%/IRS 0%/Larvicide 0%,0;0.4;0.4_0;0;0_0;0;0_-100;2;5475_-100;2;5475_-100;2;5475,16.8191780821918,Incidence,3.85194837264366e-08
NbyGQVwzFc_loc12_loop6,12,ITN 0%/IRS 0%/Larvicide 0%,0;0.4;0.4_0;0;0_0;0;0_-100;2;5475_-100;2;5475_-100;2;5475,16.8219178082192,Incidence,3.86688927711024e-08
NbyGQVwzFc_loc12_loop6,12,ITN 0%/IRS 0%/Larvicide 0%,0;0.4;0.4_0;0;0_0;0;0_-100;2;5475_-100;2;5475_-100;2;5475,16.8246575342466,Incidence,3.88189359129323e-08
NbyGQVwzFc_loc12_loop6,12,ITN 0%/IRS 0%/Larvicide 0%,0;0.4;0.4_0;0;0_0;0;0_-100;2;5475_-100;2;5475_-100;2;5475,16.827397260274,Incidence,3.89696160166551e-08
NbyGQVwzFc_loc12_loop6,12,ITN 0%/IRS 0%/Larvicide 0%,0;0.4;0.4_0;0;0_0;0;0_-100;2;5475_-100;2;5475_-100;2;5475,16.8301369863014,Incidence,3.91209359605977e-08
NbyGQVwzFc_loc12_loop6,12,ITN 0%/IRS 0%/Larvicide 0%,0;0.4;0.4_0;0;0_0;0;0_-100;2;5475_-100;2;5475_-100;2;5475,16.8328767123288,Incidence,3.92728986367524e-08
NbyGQVwzFc_loc12_loop6,12,ITN 0%/IRS 0%/Larvicide 0%,0;0.4;0.4_0;0;0_0;0;0_-100;2;5475_-100;2;5475_-100;2;5475,16.8356164383562,Incidence,3.9425506950845e-08
NbyGQVwzFc_loc12_loop6,12,ITN 0%/IRS 0%/Larvicide 0%,0;0.4;0.4_0;0;0_0;0;0_-100;2;5475_-100;2;5475_-100;2;5475,16.8383561643836,Incidence,3.95787638224013e-08
NbyGQVwzFc_loc12_loop6,12,ITN 0%/IRS 0%/Larvicide 0%,0;0.4;0.4_0;0;0_0;0;0_-100;2;5475_-100;2;5475_-100;2;5475,16.841095890411,Incidence,3.97326721855215e-08
NbyGQVwzFc_loc12_loop6,12,ITN 0%/IRS 0%/Larvicide 0%,0;0.4;0.4_0;0;0_0;0;0_-100;2;5475_-100;2;5475_-100;2;5475,16.8438356164384,Incidence,3.98872349876113e-08
NbyGQVwzFc_loc12_loop6,12,ITN 0%/IRS 0%/Larvicide 0%,0;0.4;0.4_0;0;0_0;0;0_-100;2;5475_-100;2;5475_-100;2;5475,16.8465753424658,Incidence,4.00424551886197e-08
NbyGQVwzFc_loc12_loop6,12,ITN 0%/IRS 0%/Larvicide 0%,0;0.4;0.4_0;0;0_0;0;0_-100;2;5475_-100;2;5475_-100;2;5475,16.8493150684932,Incidence,4.01983357625458e-08
NbyGQVwzFc_loc12_loop6,12,ITN 0%/IRS 0%/Larvicide 0%,0;0.4;0.4_0;0;0_0;0;0_-100;2;5475_-100;2;5475_-100;2;5475,16.8520547945205,Incidence,4.03548796975138e-08
NbyGQVwzFc_loc12_loop6,12,ITN 0%/IRS 0%/Larvicide 0%,0;0.4;0.4_0;0;0_0;0;0_-100;2;5475_-100;2;5475_-100;2;5475,16.8547945205479,Incidence,4.0512089995843e-08
NbyGQVwzFc_loc12_loop6,12,ITN 0%/IRS 0%/Larvicide 0%,0;0.4;0.4_0;0;0_0;0;0_-100;2;5475_-100;2;5475_-100;2;5475,16.8575342465753,Incidence,4.06699696741178e-08
NbyGQVwzFc_loc12_loop6,12,ITN 0%/IRS 0%/Larvicide 0%,0;0.4;0.4_0;0;0_0;0;0_-100;2;5475_-100;2;5475_-100;2;5475,16.8602739726027,Incidence,4.08285217632583e-08
NbyGQVwzFc_loc12_loop6,12,ITN 0%/IRS 0%/Larvicide 0%,0;0.4;0.4_0;0;0_0;0;0_-100;2;5475_-100;2;5475_-100;2;5475,16.8630136986301,Incidence,4.09877493085909e-08
NbyGQVwzFc_loc12_loop6,12,ITN 0%/IRS 0%/Larvicide 0%,0;0.4;0.4_0;0;0_0;0;0_-100;2;5475_-100;2;5475_-100;2;5475,16.8657534246575,Incidence,4.11476553699201e-08
NbyGQVwzFc_loc12_loop6,12,ITN 0%/IRS 0%/Larvicide 0%,0;0.4;0.4_0;0;0_0;0;0_-100;2;5475_-100;2;5475_-100;2;5475,16.8684931506849,Incidence,4.13082430215994e-08
NbyGQVwzFc_loc12_loop6,12,ITN 0%/IRS 0%/Larvicide 0%,0;0.4;0.4_0;0;0_0;0;0_-100;2;5475_-100;2;5475_-100;2;5475,16.8712328767123,Incidence,4.14695153526039e-08
NbyGQVwzFc_loc12_loop6,12,ITN 0%/IRS 0%/Larvicide 0%,0;0.4;0.4_0;0;0_0;0;0_-100;2;5475_-100;2;5475_-100;2;5475,16.8739726027397,Incidence,4.16314754666015e-08
NbyGQVwzFc_loc12_loop6,12,ITN 0%/IRS 0%/Larvicide 0%,0;0.4;0.4_0;0;0_0;0;0_-100;2;5475_-100;2;5475_-100;2;5475,16.8767123287671,Incidence,4.17941264820272e-08
NbyGQVwzFc_loc12_loop6,12,ITN 0%/IRS 0%/Larvicide 0%,0;0.4;0.4_0;0;0_0;0;0_-100;2;5475_-100;2;5475_-100;2;5475,16.8794520547945,Incidence,4.19574715321546e-08
NbyGQVwzFc_loc12_loop6,12,ITN 0%/IRS 0%/Larvicide 0%,0;0.4;0.4_0;0;0_0;0;0_-100;2;5475_-100;2;5475_-100;2;5475,16.8821917808219,Incidence,4.21215137651698e-08
NbyGQVwzFc_loc12_loop6,12,ITN 0%/IRS 0%/Larvicide 0%,0;0.4;0.4_0;0;0_0;0;0_-100;2;5475_-100;2;5475_-100;2;5475,16.8849315068493,Incidence,4.22862563442458e-08
NbyGQVwzFc_loc12_loop6,12,ITN 0%/IRS 0%/Larvicide 0%,0;0.4;0.4_0;0;0_0;0;0_-100;2;5475_-100;2;5475_-100;2;5475,16.8876712328767,Incidence,4.24517024476156e-08
NbyGQVwzFc_loc12_loop6,12,ITN 0%/IRS 0%/Larvicide 0%,0;0.4;0.4_0;0;0_0;0;0_-100;2;5475_-100;2;5475_-100;2;5475,16.8904109589041,Incidence,4.26178552686472e-08
NbyGQVwzFc_loc12_loop6,12,ITN 0%/IRS 0%/Larvicide 0%,0;0.4;0.4_0;0;0_0;0;0_-100;2;5475_-100;2;5475_-100;2;5475,16.8931506849315,Incidence,4.27847180159188e-08
NbyGQVwzFc_loc12_loop6,12,ITN 0%/IRS 0%/Larvicide 0%,0;0.4;0.4_0;0;0_0;0;0_-100;2;5475_-100;2;5475_-100;2;5475,16.8958904109589,Incidence,4.2952293913293e-08
NbyGQVwzFc_loc12_loop6,12,ITN 0%/IRS 0%/Larvicide 0%,0;0.4;0.4_0;0;0_0;0;0_-100;2;5475_-100;2;5475_-100;2;5475,16.8986301369863,Incidence,4.31205861999939e-08
NbyGQVwzFc_loc12_loop6,12,ITN 0%/IRS 0%/Larvicide 0%,0;0.4;0.4_0;0;0_0;0;0_-100;2;5475_-100;2;5475_-100;2;5475,16.9013698630137,Incidence,4.32895981306816e-08
NbyGQVwzFc_loc12_loop6,12,ITN 0%/IRS 0%/Larvicide 0%,0;0.4;0.4_0;0;0_0;0;0_-100;2;5475_-100;2;5475_-100;2;5475,16.9041095890411,Incidence,4.345933297553e-08
NbyGQVwzFc_loc12_loop6,12,ITN 0%/IRS 0%/Larvicide 0%,0;0.4;0.4_0;0;0_0;0;0_-100;2;5475_-100;2;5475_-100;2;5475,16.9068493150685,Incidence,4.36297940203021e-08
NbyGQVwzFc_loc12_loop6,12,ITN 0%/IRS 0%/Larvicide 0%,0;0.4;0.4_0;0;0_0;0;0_-100;2;5475_-100;2;5475_-100;2;5475,16.9095890410959,Incidence,4.38009845664285e-08
NbyGQVwzFc_loc12_loop6,12,ITN 0%/IRS 0%/Larvicide 0%,0;0.4;0.4_0;0;0_0;0;0_-100;2;5475_-100;2;5475_-100;2;5475,16.9123287671233,Incidence,4.39729079310841e-08
NbyGQVwzFc_loc12_loop6,12,ITN 0%/IRS 0%/Larvicide 0%,0;0.4;0.4_0;0;0_0;0;0_-100;2;5475_-100;2;5475_-100;2;5475,16.9150684931507,Incidence,4.4145567447266e-08
NbyGQVwzFc_loc12_loop6,12,ITN 0%/IRS 0%/Larvicide 0%,0;0.4;0.4_0;0;0_0;0;0_-100;2;5475_-100;2;5475_-100;2;5475,16.9178082191781,Incidence,4.43189664638729e-08
NbyGQVwzFc_loc12_loop6,12,ITN 0%/IRS 0%/Larvicide 0%,0;0.4;0.4_0;0;0_0;0;0_-100;2;5475_-100;2;5475_-100;2;5475,16.9205479452055,Incidence,4.44931083457824e-08
NbyGQVwzFc_loc12_loop6,12,ITN 0%/IRS 0%/Larvicide 0%,0;0.4;0.4_0;0;0_0;0;0_-100;2;5475_-100;2;5475_-100;2;5475,16.9232876712329,Incidence,4.46679964740861e-08
NbyGQVwzFc_loc12_loop6,12,ITN 0%/IRS 0%/Larvicide 0%,0;0.4;0.4_0;0;0_0;0;0_-100;2;5475_-100;2;5475_-100;2;5475,16.9260273972603,Incidence,4.48436342466924e-08
NbyGQVwzFc_loc12_loop6,12,ITN 0%/IRS 0%/Larvicide 0%,0;0.4;0.4_0;0;0_0;0;0_-100;2;5475_-100;2;5475_-100;2;5475,16.9287671232877,Incidence,4.50200250758259e-08
NbyGQVwzFc_loc12_loop6,12,ITN 0%/IRS 0%/Larvicide 0%,0;0.4;0.4_0;0;0_0;0;0_-100;2;5475_-100;2;5475_-100;2;5475,16.9315068493151,Incidence,4.51971723896102e-08
NbyGQVwzFc_loc12_loop6,12,ITN 0%/IRS 0%/Larvicide 0%,0;0.4;0.4_0;0;0_0;0;0_-100;2;5475_-100;2;5475_-100;2;5475,16.9342465753425,Incidence,4.53750796325286e-08
NbyGQVwzFc_loc12_loop6,12,ITN 0%/IRS 0%/Larvicide 0%,0;0.4;0.4_0;0;0_0;0;0_-100;2;5475_-100;2;5475_-100;2;5475,16.9369863013699,Incidence,4.55537502655055e-08
NbyGQVwzFc_loc12_loop6,12,ITN 0%/IRS 0%/Larvicide 0%,0;0.4;0.4_0;0;0_0;0;0_-100;2;5475_-100;2;5475_-100;2;5475,16.9397260273973,Incidence,4.5733187765987e-08
NbyGQVwzFc_loc12_loop6,12,ITN 0%/IRS 0%/Larvicide 0%,0;0.4;0.4_0;0;0_0;0;0_-100;2;5475_-100;2;5475_-100;2;5475,16.9424657534247,Incidence,4.59133956280233e-08
NbyGQVwzFc_loc12_loop6,12,ITN 0%/IRS 0%/Larvicide 0%,0;0.4;0.4_0;0;0_0;0;0_-100;2;5475_-100;2;5475_-100;2;5475,16.9452054794521,Incidence,4.60943773623508e-08
NbyGQVwzFc_loc12_loop6,12,ITN 0%/IRS 0%/Larvicide 0%,0;0.4;0.4_0;0;0_0;0;0_-100;2;5475_-100;2;5475_-100;2;5475,16.9479452054795,Incidence,4.6276136496475e-08
NbyGQVwzFc_loc12_loop6,12,ITN 0%/IRS 0%/Larvicide 0%,0;0.4;0.4_0;0;0_0;0;0_-100;2;5475_-100;2;5475_-100;2;5475,16.9506849315069,Incidence,4.64586765747532e-08
NbyGQVwzFc_loc12_loop6,12,ITN 0%/IRS 0%/Larvicide 0%,0;0.4;0.4_0;0;0_0;0;0_-100;2;5475_-100;2;5475_-100;2;5475,16.9534246575342,Incidence,4.66420011584786e-08
NbyGQVwzFc_loc12_loop6,12,ITN 0%/IRS 0%/Larvicide 0%,0;0.4;0.4_0;0;0_0;0;0_-100;2;5475_-100;2;5475_-100;2;5475,16.9561643835616,Incidence,4.68261138259638e-08
NbyGQVwzFc_loc12_loop6,12,ITN 0%/IRS 0%/Larvicide 0%,0;0.4;0.4_0;0;0_0;0;0_-100;2;5475_-100;2;5475_-100;2;5475,16.958904109589,Incidence,4.7011018172625e-08
NbyGQVwzFc_loc12_loop6,12,ITN 0%/IRS 0%/Larvicide 0%,0;0.4;0.4_0;0;0_0;0;0_-100;2;5475_-100;2;5475_-100;2;5475,16.9616438356164,Incidence,4.71967178110676e-08
NbyGQVwzFc_loc12_loop6,12,ITN 0%/IRS 0%/Larvicide 0%,0;0.4;0.4_0;0;0_0;0;0_-100;2;5475_-100;2;5475_-100;2;5475,16.9643835616438,Incidence,4.73832163711705e-08
NbyGQVwzFc_loc12_loop6,12,ITN 0%/IRS 0%/Larvicide 0%,0;0.4;0.4_0;0;0_0;0;0_-100;2;5475_-100;2;5475_-100;2;5475,16.9671232876712,Incidence,4.75705175001723e-08
NbyGQVwzFc_loc12_loop6,12,ITN 0%/IRS 0%/Larvicide 0%,0;0.4;0.4_0;0;0_0;0;0_-100;2;5475_-100;2;5475_-100;2;5475,16.9698630136986,Incidence,4.77586248627571e-08
NbyGQVwzFc_loc12_loop6,12,ITN 0%/IRS 0%/Larvicide 0%,0;0.4;0.4_0;0;0_0;0;0_-100;2;5475_-100;2;5475_-100;2;5475,16.972602739726,Incidence,4.79475421411412e-08
NbyGQVwzFc_loc12_loop6,12,ITN 0%/IRS 0%/Larvicide 0%,0;0.4;0.4_0;0;0_0;0;0_-100;2;5475_-100;2;5475_-100;2;5475,16.9753424657534,Incidence,4.81372730351602e-08
NbyGQVwzFc_loc12_loop6,12,ITN 0%/IRS 0%/Larvicide 0%,0;0.4;0.4_0;0;0_0;0;0_-100;2;5475_-100;2;5475_-100;2;5475,16.9780821917808,Incidence,4.83278212623559e-08
NbyGQVwzFc_loc12_loop6,12,ITN 0%/IRS 0%/Larvicide 0%,0;0.4;0.4_0;0;0_0;0;0_-100;2;5475_-100;2;5475_-100;2;5475,16.9808219178082,Incidence,4.85191905580645e-08
NbyGQVwzFc_loc12_loop6,12,ITN 0%/IRS 0%/Larvicide 0%,0;0.4;0.4_0;0;0_0;0;0_-100;2;5475_-100;2;5475_-100;2;5475,16.9835616438356,Incidence,4.8711384675505e-08
NbyGQVwzFc_loc12_loop6,12,ITN 0%/IRS 0%/Larvicide 0%,0;0.4;0.4_0;0;0_0;0;0_-100;2;5475_-100;2;5475_-100;2;5475,16.986301369863,Incidence,4.89044073858672e-08
NbyGQVwzFc_loc12_loop6,12,ITN 0%/IRS 0%/Larvicide 0%,0;0.4;0.4_0;0;0_0;0;0_-100;2;5475_-100;2;5475_-100;2;5475,16.9890410958904,Incidence,4.90982624784017e-08
NbyGQVwzFc_loc12_loop6,12,ITN 0%/IRS 0%/Larvicide 0%,0;0.4;0.4_0;0;0_0;0;0_-100;2;5475_-100;2;5475_-100;2;5475,16.9917808219178,Incidence,4.92929537605092e-08
NbyGQVwzFc_loc12_loop6,12,ITN 0%/IRS 0%/Larvicide 0%,0;0.4;0.4_0;0;0_0;0;0_-100;2;5475_-100;2;5475_-100;2;5475,16.9945205479452,Incidence,4.94884850578304e-08
NbyGQVwzFc_loc12_loop6,12,ITN 0%/IRS 0%/Larvicide 0%,0;0.4;0.4_0;0;0_0;0;0_-100;2;5475_-100;2;5475_-100;2;5475,16.9972602739726,Incidence,4.96848602143365e-08
NbyGQVwzFc_loc12_loop6,12,ITN 0%/IRS 0%/Larvicide 0%,0;0.4;0.4_0;0;0_0;0;0_-100;2;5475_-100;2;5475_-100;2;5475,17,Incidence,4.98820830924207e-08
NbyGQVwzFc_loc12_loop6,12,ITN 0%/IRS 0%/Larvicide 0%,0;0.4;0.4_0;0;0_0;0;0_-100;2;5475_-100;2;5475_-100;2;5475,17.0027397260274,Incidence,5.00801575729892e-08
NbyGQVwzFc_loc12_loop6,12,ITN 0%/IRS 0%/Larvicide 0%,0;0.4;0.4_0;0;0_0;0;0_-100;2;5475_-100;2;5475_-100;2;5475,17.0054794520548,Incidence,5.02790875555527e-08
NbyGQVwzFc_loc12_loop6,12,ITN 0%/IRS 0%/Larvicide 0%,0;0.4;0.4_0;0;0_0;0;0_-100;2;5475_-100;2;5475_-100;2;5475,17.0082191780822,Incidence,5.047887695832e-08
NbyGQVwzFc_loc12_loop6,12,ITN 0%/IRS 0%/Larvicide 0%,0;0.4;0.4_0;0;0_0;0;0_-100;2;5475_-100;2;5475_-100;2;5475,17.0109589041096,Incidence,5.06795297186228e-08
NbyGQVwzFc_loc12_loop6,12,ITN 0%/IRS 0%/Larvicide 0%,0;0.4;0.4_0;0;0_0;0;0_-100;2;5475_-100;2;5475_-100;2;5475,17.013698630137,Incidence,5.08810497927665e-08
NbyGQVwzFc_loc12_loop6,12,ITN 0%/IRS 0%/Larvicide 0%,0;0.4;0.4_0;0;0_0;0;0_-100;2;5475_-100;2;5475_-100;2;5475,17.0164383561644,Incidence,5.1083441154218e-08
NbyGQVwzFc_loc12_loop6,12,ITN 0%/IRS 0%/Larvicide 0%,0;0.4;0.4_0;0;0_0;0;0_-100;2;5475_-100;2;5475_-100;2;5475,17.0191780821918,Incidence,5.12867077953793e-08
NbyGQVwzFc_loc12_loop6,12,ITN 0%/IRS 0%/Larvicide 0%,0;0.4;0.4_0;0;0_0;0;0_-100;2;5475_-100;2;5475_-100;2;5475,17.0219178082192,Incidence,5.14908537277994e-08
NbyGQVwzFc_loc12_loop6,12,ITN 0%/IRS 0%/Larvicide 0%,0;0.4;0.4_0;0;0_0;0;0_-100;2;5475_-100;2;5475_-100;2;5475,17.0246575342466,Incidence,5.16958829822694e-08
NbyGQVwzFc_loc12_loop6,12,ITN 0%/IRS 0%/Larvicide 0%,0;0.4;0.4_0;0;0_0;0;0_-100;2;5475_-100;2;5475_-100;2;5475,17.027397260274,Incidence,5.19017996089183e-08
NbyGQVwzFc_loc12_loop6,12,ITN 0%/IRS 0%/Larvicide 0%,0;0.4;0.4_0;0;0_0;0;0_-100;2;5475_-100;2;5475_-100;2;5475,17.0301369863014,Incidence,5.21086076773089e-08
NbyGQVwzFc_loc12_loop6,12,ITN 0%/IRS 0%/Larvicide 0%,0;0.4;0.4_0;0;0_0;0;0_-100;2;5475_-100;2;5475_-100;2;5475,17.0328767123288,Incidence,5.23163112765349e-08
NbyGQVwzFc_loc12_loop6,12,ITN 0%/IRS 0%/Larvicide 0%,0;0.4;0.4_0;0;0_0;0;0_-100;2;5475_-100;2;5475_-100;2;5475,17.0356164383562,Incidence,5.25249145153166e-08
NbyGQVwzFc_loc12_loop6,12,ITN 0%/IRS 0%/Larvicide 0%,0;0.4;0.4_0;0;0_0;0;0_-100;2;5475_-100;2;5475_-100;2;5475,17.0383561643836,Incidence,5.27344215220998e-08
NbyGQVwzFc_loc12_loop6,12,ITN 0%/IRS 0%/Larvicide 0%,0;0.4;0.4_0;0;0_0;0;0_-100;2;5475_-100;2;5475_-100;2;5475,17.041095890411,Incidence,5.29448364451539e-08
NbyGQVwzFc_loc12_loop6,12,ITN 0%/IRS 0%/Larvicide 0%,0;0.4;0.4_0;0;0_0;0;0_-100;2;5475_-100;2;5475_-100;2;5475,17.0438356164384,Incidence,5.31561634526691e-08
NbyGQVwzFc_loc12_loop6,12,ITN 0%/IRS 0%/Larvicide 0%,0;0.4;0.4_0;0;0_0;0;0_-100;2;5475_-100;2;5475_-100;2;5475,17.0465753424658,Incidence,5.33684067328568e-08
NbyGQVwzFc_loc12_loop6,12,ITN 0%/IRS 0%/Larvicide 0%,0;0.4;0.4_0;0;0_0;0;0_-100;2;5475_-100;2;5475_-100;2;5475,17.0493150684932,Incidence,5.35815704940483e-08
NbyGQVwzFc_loc12_loop6,12,ITN 0%/IRS 0%/Larvicide 0%,0;0.4;0.4_0;0;0_0;0;0_-100;2;5475_-100;2;5475_-100;2;5475,17.0520547945205,Incidence,5.3795658964795e-08
NbyGQVwzFc_loc12_loop6,12,ITN 0%/IRS 0%/Larvicide 0%,0;0.4;0.4_0;0;0_0;0;0_-100;2;5475_-100;2;5475_-100;2;5475,17.0547945205479,Incidence,5.40106763939695e-08
NbyGQVwzFc_loc12_loop6,12,ITN 0%/IRS 0%/Larvicide 0%,0;0.4;0.4_0;0;0_0;0;0_-100;2;5475_-100;2;5475_-100;2;5475,17.0575342465753,Incidence,5.42266270508658e-08
NbyGQVwzFc_loc12_loop6,12,ITN 0%/IRS 0%/Larvicide 0%,0;0.4;0.4_0;0;0_0;0;0_-100;2;5475_-100;2;5475_-100;2;5475,17.0602739726027,Incidence,5.44435152253013e-08
NbyGQVwzFc_loc12_loop6,12,ITN 0%/IRS 0%/Larvicide 0%,0;0.4;0.4_0;0;0_0;0;0_-100;2;5475_-100;2;5475_-100;2;5475,17.0630136986301,Incidence,5.46613452277192e-08
NbyGQVwzFc_loc12_loop6,12,ITN 0%/IRS 0%/Larvicide 0%,0;0.4;0.4_0;0;0_0;0;0_-100;2;5475_-100;2;5475_-100;2;5475,17.0657534246575,Incidence,5.48801213892906e-08
NbyGQVwzFc_loc12_loop6,12,ITN 0%/IRS 0%/Larvicide 0%,0;0.4;0.4_0;0;0_0;0;0_-100;2;5475_-100;2;5475_-100;2;5475,17.0684931506849,Incidence,5.50998480620177e-08
NbyGQVwzFc_loc12_loop6,12,ITN 0%/IRS 0%/Larvicide 0%,0;0.4;0.4_0;0;0_0;0;0_-100;2;5475_-100;2;5475_-100;2;5475,17.0712328767123,Incidence,5.53205296188374e-08
NbyGQVwzFc_loc12_loop6,12,ITN 0%/IRS 0%/Larvicide 0%,0;0.4;0.4_0;0;0_0;0;0_-100;2;5475_-100;2;5475_-100;2;5475,17.0739726027397,Incidence,5.55421704537254e-08
NbyGQVwzFc_loc12_loop6,12,ITN 0%/IRS 0%/Larvicide 0%,0;0.4;0.4_0;0;0_0;0;0_-100;2;5475_-100;2;5475_-100;2;5475,17.0767123287671,Incidence,5.57647749818015e-08
NbyGQVwzFc_loc12_loop6,12,ITN 0%/IRS 0%/Larvicide 0%,0;0.4;0.4_0;0;0_0;0;0_-100;2;5475_-100;2;5475_-100;2;5475,17.0794520547945,Incidence,5.59883476394342e-08
NbyGQVwzFc_loc12_loop6,12,ITN 0%/IRS 0%/Larvicide 0%,0;0.4;0.4_0;0;0_0;0;0_-100;2;5475_-100;2;5475_-100;2;5475,17.0821917808219,Incidence,5.62128928843464e-08
NbyGQVwzFc_loc12_loop6,12,ITN 0%/IRS 0%/Larvicide 0%,0;0.4;0.4_0;0;0_0;0;0_-100;2;5475_-100;2;5475_-100;2;5475,17.0849315068493,Incidence,5.64384151957218e-08
NbyGQVwzFc_loc12_loop6,12,ITN 0%/IRS 0%/Larvicide 0%,0;0.4;0.4_0;0;0_0;0;0_-100;2;5475_-100;2;5475_-100;2;5475,17.0876712328767,Incidence,5.66649190743121e-08
NbyGQVwzFc_loc12_loop6,12,ITN 0%/IRS 0%/Larvicide 0%,0;0.4;0.4_0;0;0_0;0;0_-100;2;5475_-100;2;5475_-100;2;5475,17.0904109589041,Incidence,5.68924090425438e-08
NbyGQVwzFc_loc12_loop6,12,ITN 0%/IRS 0%/Larvicide 0%,0;0.4;0.4_0;0;0_0;0;0_-100;2;5475_-100;2;5475_-100;2;5475,17.0931506849315,Incidence,5.71208896446265e-08
NbyGQVwzFc_loc12_loop6,12,ITN 0%/IRS 0%/Larvicide 0%,0;0.4;0.4_0;0;0_0;0;0_-100;2;5475_-100;2;5475_-100;2;5475,17.0958904109589,Incidence,5.73503654466613e-08
NbyGQVwzFc_loc12_loop6,12,ITN 0%/IRS 0%/Larvicide 0%,0;0.4;0.4_0;0;0_0;0;0_-100;2;5475_-100;2;5475_-100;2;5475,17.0986301369863,Incidence,5.75808410367496e-08
NbyGQVwzFc_loc12_loop6,12,ITN 0%/IRS 0%/Larvicide 0%,0;0.4;0.4_0;0;0_0;0;0_-100;2;5475_-100;2;5475_-100;2;5475,17.1013698630137,Incidence,5.78123210253021e-08
NbyGQVwzFc_loc12_loop6,12,ITN 0%/IRS 0%/Larvicide 0%,0;0.4;0.4_0;0;0_0;0;0_-100;2;5475_-100;2;5475_-100;2;5475,17.1041095890411,Incidence,5.80448100452487e-08
NbyGQVwzFc_loc12_loop6,12,ITN 0%/IRS 0%/Larvicide 0%,0;0.4;0.4_0;0;0_0;0;0_-100;2;5475_-100;2;5475_-100;2;5475,17.1068493150685,Incidence,5.82783127500189e-08
NbyGQVwzFc_loc12_loop6,12,ITN 0%/IRS 0%/Larvicide 0%,0;0.4;0.4_0;0;0_0;0;0_-100;2;5475_-100;2;5475_-100;2;5475,17.1095890410959,Incidence,5.85128338152395e-08
NbyGQVwzFc_loc12_loop6,12,ITN 0%/IRS 0%/Larvicide 0%,0;0.4;0.4_0;0;0_0;0;0_-100;2;5475_-100;2;5475_-100;2;5475,17.1123287671233,Incidence,5.87483779390731e-08
NbyGQVwzFc_loc12_loop6,12,ITN 0%/IRS 0%/Larvicide 0%,0;0.4;0.4_0;0;0_0;0;0_-100;2;5475_-100;2;5475_-100;2;5475,17.1150684931507,Incidence,5.89849498423294e-08
NbyGQVwzFc_loc12_loop6,12,ITN 0%/IRS 0%/Larvicide 0%,0;0.4;0.4_0;0;0_0;0;0_-100;2;5475_-100;2;5475_-100;2;5475,17.1178082191781,Incidence,5.92225542685786e-08
NbyGQVwzFc_loc12_loop6,12,ITN 0%/IRS 0%/Larvicide 0%,0;0.4;0.4_0;0;0_0;0;0_-100;2;5475_-100;2;5475_-100;2;5475,17.1205479452055,Incidence,5.94611959842644e-08
NbyGQVwzFc_loc12_loop6,12,ITN 0%/IRS 0%/Larvicide 0%,0;0.4;0.4_0;0;0_0;0;0_-100;2;5475_-100;2;5475_-100;2;5475,17.1232876712329,Incidence,5.97008797788184e-08
NbyGQVwzFc_loc12_loop6,12,ITN 0%/IRS 0%/Larvicide 0%,0;0.4;0.4_0;0;0_0;0;0_-100;2;5475_-100;2;5475_-100;2;5475,17.1260273972603,Incidence,5.99416104647747e-08
NbyGQVwzFc_loc12_loop6,12,ITN 0%/IRS 0%/Larvicide 0%,0;0.4;0.4_0;0;0_0;0;0_-100;2;5475_-100;2;5475_-100;2;5475,17.1287671232877,Incidence,6.01833928778843e-08
NbyGQVwzFc_loc12_loop6,12,ITN 0%/IRS 0%/Larvicide 0%,0;0.4;0.4_0;0;0_0;0;0_-100;2;5475_-100;2;5475_-100;2;5475,17.1315068493151,Incidence,6.0426231877232e-08
NbyGQVwzFc_loc12_loop6,12,ITN 0%/IRS 0%/Larvicide 0%,0;0.4;0.4_0;0;0_0;0;0_-100;2;5475_-100;2;5475_-100;2;5475,17.1342465753425,Incidence,6.06701323453516e-08
NbyGQVwzFc_loc12_loop6,12,ITN 0%/IRS 0%/Larvicide 0%,0;0.4;0.4_0;0;0_0;0;0_-100;2;5475_-100;2;5475_-100;2;5475,17.1369863013699,Incidence,6.09150991883441e-08
NbyGQVwzFc_loc12_loop6,12,ITN 0%/IRS 0%/Larvicide 0%,0;0.4;0.4_0;0;0_0;0;0_-100;2;5475_-100;2;5475_-100;2;5475,17.1397260273973,Incidence,6.11611373359935e-08
NbyGQVwzFc_loc12_loop6,12,ITN 0%/IRS 0%/Larvicide 0%,0;0.4;0.4_0;0;0_0;0;0_-100;2;5475_-100;2;5475_-100;2;5475,17.1424657534247,Incidence,6.14082517418869e-08
NbyGQVwzFc_loc12_loop6,12,ITN 0%/IRS 0%/Larvicide 0%,0;0.4;0.4_0;0;0_0;0;0_-100;2;5475_-100;2;5475_-100;2;5475,17.1452054794521,Incidence,6.16564473835313e-08
NbyGQVwzFc_loc12_loop6,12,ITN 0%/IRS 0%/Larvicide 0%,0;0.4;0.4_0;0;0_0;0;0_-100;2;5475_-100;2;5475_-100;2;5475,17.1479452054795,Incidence,6.19057292624746e-08
NbyGQVwzFc_loc12_loop6,12,ITN 0%/IRS 0%/Larvicide 0%,0;0.4;0.4_0;0;0_0;0;0_-100;2;5475_-100;2;5475_-100;2;5475,17.1506849315069,Incidence,6.21561024044242e-08
NbyGQVwzFc_loc12_loop6,12,ITN 0%/IRS 0%/Larvicide 0%,0;0.4;0.4_0;0;0_0;0;0_-100;2;5475_-100;2;5475_-100;2;5475,17.1534246575342,Incidence,6.24075718593682e-08
NbyGQVwzFc_loc12_loop6,12,ITN 0%/IRS 0%/Larvicide 0%,0;0.4;0.4_0;0;0_0;0;0_-100;2;5475_-100;2;5475_-100;2;5475,17.1561643835616,Incidence,6.26601427016967e-08
NbyGQVwzFc_loc12_loop6,12,ITN 0%/IRS 0%/Larvicide 0%,0;0.4;0.4_0;0;0_0;0;0_-100;2;5475_-100;2;5475_-100;2;5475,17.158904109589,Incidence,6.29138200303228e-08
NbyGQVwzFc_loc12_loop6,12,ITN 0%/IRS 0%/Larvicide 0%,0;0.4;0.4_0;0;0_0;0;0_-100;2;5475_-100;2;5475_-100;2;5475,17.1616438356164,Incidence,6.3168608968806e-08
NbyGQVwzFc_loc12_loop6,12,ITN 0%/IRS 0%/Larvicide 0%,0;0.4;0.4_0;0;0_0;0;0_-100;2;5475_-100;2;5475_-100;2;5475,17.1643835616438,Incidence,6.34245146654736e-08
NbyGQVwzFc_loc12_loop6,12,ITN 0%/IRS 0%/Larvicide 0%,0;0.4;0.4_0;0;0_0;0;0_-100;2;5475_-100;2;5475_-100;2;5475,17.1671232876712,Incidence,6.36815422935469e-08
NbyGQVwzFc_loc12_loop6,12,ITN 0%/IRS 0%/Larvicide 0%,0;0.4;0.4_0;0;0_0;0;0_-100;2;5475_-100;2;5475_-100;2;5475,17.1698630136986,Incidence,6.39396970512626e-08
NbyGQVwzFc_loc12_loop6,12,ITN 0%/IRS 0%/Larvicide 0%,0;0.4;0.4_0;0;0_0;0;0_-100;2;5475_-100;2;5475_-100;2;5475,17.172602739726,Incidence,6.41989841619992e-08
NbyGQVwzFc_loc12_loop6,12,ITN 0%/IRS 0%/Larvicide 0%,0;0.4;0.4_0;0;0_0;0;0_-100;2;5475_-100;2;5475_-100;2;5475,17.1753424657534,Incidence,6.44594088744028e-08
NbyGQVwzFc_loc12_loop6,12,ITN 0%/IRS 0%/Larvicide 0%,0;0.4;0.4_0;0;0_0;0;0_-100;2;5475_-100;2;5475_-100;2;5475,17.1780821917808,Incidence,6.47209764625123e-08
NbyGQVwzFc_loc12_loop6,12,ITN 0%/IRS 0%/Larvicide 0%,0;0.4;0.4_0;0;0_0;0;0_-100;2;5475_-100;2;5475_-100;2;5475,17.1808219178082,Incidence,6.49836922258867e-08
NbyGQVwzFc_loc12_loop6,12,ITN 0%/IRS 0%/Larvicide 0%,0;0.4;0.4_0;0;0_0;0;0_-100;2;5475_-100;2;5475_-100;2;5475,17.1835616438356,Incidence,6.52475614897324e-08
NbyGQVwzFc_loc12_loop6,12,ITN 0%/IRS 0%/Larvicide 0%,0;0.4;0.4_0;0;0_0;0;0_-100;2;5475_-100;2;5475_-100;2;5475,17.186301369863,Incidence,6.55125896050316e-08
NbyGQVwzFc_loc12_loop6,12,ITN 0%/IRS 0%/Larvicide 0%,0;0.4;0.4_0;0;0_0;0;0_-100;2;5475_-100;2;5475_-100;2;5475,17.1890410958904,Incidence,6.57787819486707e-08
NbyGQVwzFc_loc12_loop6,12,ITN 0%/IRS 0%/Larvicide 0%,0;0.4;0.4_0;0;0_0;0;0_-100;2;5475_-100;2;5475_-100;2;5475,17.1917808219178,Incidence,6.60461439235693e-08
NbyGQVwzFc_loc12_loop6,12,ITN 0%/IRS 0%/Larvicide 0%,0;0.4;0.4_0;0;0_0;0;0_-100;2;5475_-100;2;5475_-100;2;5475,17.1945205479452,Incidence,6.63146809588112e-08
NbyGQVwzFc_loc12_loop6,12,ITN 0%/IRS 0%/Larvicide 0%,0;0.4;0.4_0;0;0_0;0;0_-100;2;5475_-100;2;5475_-100;2;5475,17.1972602739726,Incidence,6.65843985101865e-08
NbyGQVwzFc_loc12_loop6,12,ITN 0%/IRS 0%/Larvicide 0%,0;0.4;0.4_0;0;0_0;0;0_-100;2;5475_-100;2;5475_-100;2;5475,17.2,Incidence,6.68553020592833e-08
NbyGQVwzFc_loc12_loop6,12,ITN 0%/IRS 0%/Larvicide 0%,0;0.4;0.4_0;0;0_0;0;0_-100;2;5475_-100;2;5475_-100;2;5475,17.2027397260274,Incidence,6.71273971128716e-08
NbyGQVwzFc_loc12_loop6,12,ITN 0%/IRS 0%/Larvicide 0%,0;0.4;0.4_0;0;0_0;0;0_-100;2;5475_-100;2;5475_-100;2;5475,17.2054794520548,Incidence,6.74006892043767e-08
NbyGQVwzFc_loc12_loop6,12,ITN 0%/IRS 0%/Larvicide 0%,0;0.4;0.4_0;0;0_0;0;0_-100;2;5475_-100;2;5475_-100;2;5475,17.2082191780822,Incidence,6.76751838940297e-08
NbyGQVwzFc_loc12_loop6,12,ITN 0%/IRS 0%/Larvicide 0%,0;0.4;0.4_0;0;0_0;0;0_-100;2;5475_-100;2;5475_-100;2;5475,17.2109589041096,Incidence,6.79508867690016e-08
NbyGQVwzFc_loc12_loop6,12,ITN 0%/IRS 0%/Larvicide 0%,0;0.4;0.4_0;0;0_0;0;0_-100;2;5475_-100;2;5475_-100;2;5475,17.213698630137,Incidence,6.82278034435379e-08
NbyGQVwzFc_loc12_loop6,12,ITN 0%/IRS 0%/Larvicide 0%,0;0.4;0.4_0;0;0_0;0;0_-100;2;5475_-100;2;5475_-100;2;5475,17.2164383561644,Incidence,6.85059395590936e-08
NbyGQVwzFc_loc12_loop6,12,ITN 0%/IRS 0%/Larvicide 0%,0;0.4;0.4_0;0;0_0;0;0_-100;2;5475_-100;2;5475_-100;2;5475,17.2191780821918,Incidence,6.87853007844703e-08
NbyGQVwzFc_loc12_loop6,12,ITN 0%/IRS 0%/Larvicide 0%,0;0.4;0.4_0;0;0_0;0;0_-100;2;5475_-100;2;5475_-100;2;5475,17.2219178082192,Incidence,6.9065892815952e-08
NbyGQVwzFc_loc12_loop6,12,ITN 0%/IRS 0%/Larvicide 0%,0;0.4;0.4_0;0;0_0;0;0_-100;2;5475_-100;2;5475_-100;2;5475,17.2246575342466,Incidence,6.93477213774423e-08
NbyGQVwzFc_loc12_loop6,12,ITN 0%/IRS 0%/Larvicide 0%,0;0.4;0.4_0;0;0_0;0;0_-100;2;5475_-100;2;5475_-100;2;5475,17.227397260274,Incidence,6.96307922206036e-08
NbyGQVwzFc_loc12_loop6,12,ITN 0%/IRS 0%/Larvicide 0%,0;0.4;0.4_0;0;0_0;0;0_-100;2;5475_-100;2;5475_-100;2;5475,17.2301369863014,Incidence,6.99151111249948e-08
NbyGQVwzFc_loc12_loop6,12,ITN 0%/IRS 0%/Larvicide 0%,0;0.4;0.4_0;0;0_0;0;0_-100;2;5475_-100;2;5475_-100;2;5475,17.2328767123288,Incidence,7.0200683898212e-08
NbyGQVwzFc_loc12_loop6,12,ITN 0%/IRS 0%/Larvicide 0%,0;0.4;0.4_0;0;0_0;0;0_-100;2;5475_-100;2;5475_-100;2;5475,17.2356164383562,Incidence,7.0487516376028e-08
NbyGQVwzFc_loc12_loop6,12,ITN 0%/IRS 0%/Larvicide 0%,0;0.4;0.4_0;0;0_0;0;0_-100;2;5475_-100;2;5475_-100;2;5475,17.2383561643836,Incidence,7.07756144225329e-08
NbyGQVwzFc_loc12_loop6,12,ITN 0%/IRS 0%/Larvicide 0%,0;0.4;0.4_0;0;0_0;0;0_-100;2;5475_-100;2;5475_-100;2;5475,17.241095890411,Incidence,7.10649839302775e-08
NbyGQVwzFc_loc12_loop6,12,ITN 0%/IRS 0%/Larvicide 0%,0;0.4;0.4_0;0;0_0;0;0_-100;2;5475_-100;2;5475_-100;2;5475,17.2438356164384,Incidence,7.13556308204132e-08
NbyGQVwzFc_loc12_loop6,12,ITN 0%/IRS 0%/Larvicide 0%,0;0.4;0.4_0;0;0_0;0;0_-100;2;5475_-100;2;5475_-100;2;5475,17.2465753424658,Incidence,7.16475610428373e-08
NbyGQVwzFc_loc12_loop6,12,ITN 0%/IRS 0%/Larvicide 0%,0;0.4;0.4_0;0;0_0;0;0_-100;2;5475_-100;2;5475_-100;2;5475,17.2493150684932,Incidence,7.19407805763357e-08
NbyGQVwzFc_loc12_loop6,12,ITN 0%/IRS 0%/Larvicide 0%,0;0.4;0.4_0;0;0_0;0;0_-100;2;5475_-100;2;5475_-100;2;5475,17.2520547945205,Incidence,7.22352954287282e-08
NbyGQVwzFc_loc12_loop6,12,ITN 0%/IRS 0%/Larvicide 0%,0;0.4;0.4_0;0;0_0;0;0_-100;2;5475_-100;2;5475_-100;2;5475,17.2547945205479,Incidence,7.25311116370125e-08
NbyGQVwzFc_loc12_loop6,12,ITN 0%/IRS 0%/Larvicide 0%,0;0.4;0.4_0;0;0_0;0;0_-100;2;5475_-100;2;5475_-100;2;5475,17.2575342465753,Incidence,7.28282352675127e-08
NbyGQVwzFc_loc12_loop6,12,ITN 0%/IRS 0%/Larvicide 0%,0;0.4;0.4_0;0;0_0;0;0_-100;2;5475_-100;2;5475_-100;2;5475,17.2602739726027,Incidence,7.31266724160229e-08
NbyGQVwzFc_loc12_loop6,12,ITN 0%/IRS 0%/Larvicide 0%,0;0.4;0.4_0;0;0_0;0;0_-100;2;5475_-100;2;5475_-100;2;5475,17.2630136986301,Incidence,7.3426429207958e-08
NbyGQVwzFc_loc12_loop6,12,ITN 0%/IRS 0%/Larvicide 0%,0;0.4;0.4_0;0;0_0;0;0_-100;2;5475_-100;2;5475_-100;2;5475,17.2657534246575,Incidence,7.37275117984997e-08
NbyGQVwzFc_loc12_loop6,12,ITN 0%/IRS 0%/Larvicide 0%,0;0.4;0.4_0;0;0_0;0;0_-100;2;5475_-100;2;5475_-100;2;5475,17.2684931506849,Incidence,7.40299263727467e-08
NbyGQVwzFc_loc12_loop6,12,ITN 0%/IRS 0%/Larvicide 0%,0;0.4;0.4_0;0;0_0;0;0_-100;2;5475_-100;2;5475_-100;2;5475,17.2712328767123,Incidence,7.43336791458641e-08
NbyGQVwzFc_loc12_loop6,12,ITN 0%/IRS 0%/Larvicide 0%,0;0.4;0.4_0;0;0_0;0;0_-100;2;5475_-100;2;5475_-100;2;5475,17.2739726027397,Incidence,7.46387763632341e-08
NbyGQVwzFc_loc12_loop6,12,ITN 0%/IRS 0%/Larvicide 0%,0;0.4;0.4_0;0;0_0;0;0_-100;2;5475_-100;2;5475_-100;2;5475,17.2767123287671,Incidence,7.4945224300607e-08
NbyGQVwzFc_loc12_loop6,12,ITN 0%/IRS 0%/Larvicide 0%,0;0.4;0.4_0;0;0_0;0;0_-100;2;5475_-100;2;5475_-100;2;5475,17.2794520547945,Incidence,7.52530292642542e-08
NbyGQVwzFc_loc12_loop6,12,ITN 0%/IRS 0%/Larvicide 0%,0;0.4;0.4_0;0;0_0;0;0_-100;2;5475_-100;2;5475_-100;2;5475,17.2821917808219,Incidence,7.55621975911203e-08
NbyGQVwzFc_loc12_loop6,12,ITN 0%/IRS 0%/Larvicide 0%,0;0.4;0.4_0;0;0_0;0;0_-100;2;5475_-100;2;5475_-100;2;5475,17.2849315068493,Incidence,7.58727356489775e-08
NbyGQVwzFc_loc12_loop6,12,ITN 0%/IRS 0%/Larvicide 0%,0;0.4;0.4_0;0;0_0;0;0_-100;2;5475_-100;2;5475_-100;2;5475,17.2876712328767,Incidence,7.61846498365786e-08
NbyGQVwzFc_loc12_loop6,12,ITN 0%/IRS 0%/Larvicide 0%,0;0.4;0.4_0;0;0_0;0;0_-100;2;5475_-100;2;5475_-100;2;5475,17.2904109589041,Incidence,7.64979465838145e-08
NbyGQVwzFc_loc12_loop6,12,ITN 0%/IRS 0%/Larvicide 0%,0;0.4;0.4_0;0;0_0;0;0_-100;2;5475_-100;2;5475_-100;2;5475,17.2931506849315,Incidence,7.68126323518685e-08
NbyGQVwzFc_loc12_loop6,12,ITN 0%/IRS 0%/Larvicide 0%,0;0.4;0.4_0;0;0_0;0;0_-100;2;5475_-100;2;5475_-100;2;5475,17.2958904109589,Incidence,7.71287136335044e-08
NbyGQVwzFc_loc12_loop6,12,ITN 0%/IRS 0%/Larvicide 0%,0;0.4;0.4_0;0;0_0;0;0_-100;2;5475_-100;2;5475_-100;2;5475,17.2986301369863,Incidence,7.74461969532188e-08
NbyGQVwzFc_loc12_loop6,12,ITN 0%/IRS 0%/Larvicide 0%,0;0.4;0.4_0;0;0_0;0;0_-100;2;5475_-100;2;5475_-100;2;5475,17.3013698630137,Incidence,7.77650888656059e-08
NbyGQVwzFc_loc12_loop6,12,ITN 0%/IRS 0%/Larvicide 0%,0;0.4;0.4_0;0;0_0;0;0_-100;2;5475_-100;2;5475_-100;2;5475,17.3041095890411,Incidence,7.80853959569409e-08
NbyGQVwzFc_loc12_loop6,12,ITN 0%/IRS 0%/Larvicide 0%,0;0.4;0.4_0;0;0_0;0;0_-100;2;5475_-100;2;5475_-100;2;5475,17.3068493150685,Incidence,7.8407124845568e-08
NbyGQVwzFc_loc12_loop6,12,ITN 0%/IRS 0%/Larvicide 0%,0;0.4;0.4_0;0;0_0;0;0_-100;2;5475_-100;2;5475_-100;2;5475,17.3095890410959,Incidence,7.87302821820583e-08
NbyGQVwzFc_loc12_loop6,12,ITN 0%/IRS 0%/Larvicide 0%,0;0.4;0.4_0;0;0_0;0;0_-100;2;5475_-100;2;5475_-100;2;5475,17.3123287671233,Incidence,7.90548746493742e-08
NbyGQVwzFc_loc12_loop6,12,ITN 0%/IRS 0%/Larvicide 0%,0;0.4;0.4_0;0;0_0;0;0_-100;2;5475_-100;2;5475_-100;2;5475,17.3150684931507,Incidence,7.93809089630307e-08
NbyGQVwzFc_loc12_loop6,12,ITN 0%/IRS 0%/Larvicide 0%,0;0.4;0.4_0;0;0_0;0;0_-100;2;5475_-100;2;5475_-100;2;5475,17.3178082191781,Incidence,7.97083918712583e-08
NbyGQVwzFc_loc12_loop6,12,ITN 0%/IRS 0%/Larvicide 0%,0;0.4;0.4_0;0;0_0;0;0_-100;2;5475_-100;2;5475_-100;2;5475,17.3205479452055,Incidence,8.00373301551683e-08
NbyGQVwzFc_loc12_loop6,12,ITN 0%/IRS 0%/Larvicide 0%,0;0.4;0.4_0;0;0_0;0;0_-100;2;5475_-100;2;5475_-100;2;5475,17.3232876712329,Incidence,8.03677306289164e-08
NbyGQVwzFc_loc12_loop6,12,ITN 0%/IRS 0%/Larvicide 0%,0;0.4;0.4_0;0;0_0;0;0_-100;2;5475_-100;2;5475_-100;2;5475,17.3260273972603,Incidence,8.06996001398697e-08
NbyGQVwzFc_loc12_loop6,12,ITN 0%/IRS 0%/Larvicide 0%,0;0.4;0.4_0;0;0_0;0;0_-100;2;5475_-100;2;5475_-100;2;5475,17.3287671232877,Incidence,8.10329455687723e-08
NbyGQVwzFc_loc12_loop6,12,ITN 0%/IRS 0%/Larvicide 0%,0;0.4;0.4_0;0;0_0;0;0_-100;2;5475_-100;2;5475_-100;2;5475,17.3315068493151,Incidence,8.1367773829914e-08
NbyGQVwzFc_loc12_loop6,12,ITN 0%/IRS 0%/Larvicide 0%,0;0.4;0.4_0;0;0_0;0;0_-100;2;5475_-100;2;5475_-100;2;5475,17.3342465753425,Incidence,8.1704091871297e-08
NbyGQVwzFc_loc12_loop6,12,ITN 0%/IRS 0%/Larvicide 0%,0;0.4;0.4_0;0;0_0;0;0_-100;2;5475_-100;2;5475_-100;2;5475,17.3369863013699,Incidence,8.20419066748067e-08
NbyGQVwzFc_loc12_loop6,12,ITN 0%/IRS 0%/Larvicide 0%,0;0.4;0.4_0;0;0_0;0;0_-100;2;5475_-100;2;5475_-100;2;5475,17.3397260273973,Incidence,8.23812252563814e-08
NbyGQVwzFc_loc12_loop6,12,ITN 0%/IRS 0%/Larvicide 0%,0;0.4;0.4_0;0;0_0;0;0_-100;2;5475_-100;2;5475_-100;2;5475,17.3424657534247,Incidence,8.27220546661823e-08
NbyGQVwzFc_loc12_loop6,12,ITN 0%/IRS 0%/Larvicide 0%,0;0.4;0.4_0;0;0_0;0;0_-100;2;5475_-100;2;5475_-100;2;5475,17.3452054794521,Incidence,8.30644019887662e-08
NbyGQVwzFc_loc12_loop6,12,ITN 0%/IRS 0%/Larvicide 0%,0;0.4;0.4_0;0;0_0;0;0_-100;2;5475_-100;2;5475_-100;2;5475,17.3479452054795,Incidence,8.34082743432587e-08
NbyGQVwzFc_loc12_loop6,12,ITN 0%/IRS 0%/Larvicide 0%,0;0.4;0.4_0;0;0_0;0;0_-100;2;5475_-100;2;5475_-100;2;5475,17.3506849315068,Incidence,8.37536788835265e-08
NbyGQVwzFc_loc12_loop6,12,ITN 0%/IRS 0%/Larvicide 0%,0;0.4;0.4_0;0;0_0;0;0_-100;2;5475_-100;2;5475_-100;2;5475,17.3534246575343,Incidence,8.41006227983517e-08
NbyGQVwzFc_loc12_loop6,12,ITN 0%/IRS 0%/Larvicide 0%,0;0.4;0.4_0;0;0_0;0;0_-100;2;5475_-100;2;5475_-100;2;5475,17.3561643835616,Incidence,8.44491133116099e-08
NbyGQVwzFc_loc12_loop6,12,ITN 0%/IRS 0%/Larvicide 0%,0;0.4;0.4_0;0;0_0;0;0_-100;2;5475_-100;2;5475_-100;2;5475,17.358904109589,Incidence,8.47991576824422e-08
NbyGQVwzFc_loc12_loop6,12,ITN 0%/IRS 0%/Larvicide 0%,0;0.4;0.4_0;0;0_0;0;0_-100;2;5475_-100;2;5475_-100;2;5475,17.3616438356164,Incidence,8.51507632054361e-08
NbyGQVwzFc_loc12_loop6,12,ITN 0%/IRS 0%/Larvicide 0%,0;0.4;0.4_0;0;0_0;0;0_-100;2;5475_-100;2;5475_-100;2;5475,17.3643835616438,Incidence,8.55039372108012e-08
NbyGQVwzFc_loc12_loop6,12,ITN 0%/IRS 0%/Larvicide 0%,0;0.4;0.4_0;0;0_0;0;0_-100;2;5475_-100;2;5475_-100;2;5475,17.3671232876712,Incidence,8.58586870645496e-08
NbyGQVwzFc_loc12_loop6,12,ITN 0%/IRS 0%/Larvicide 0%,0;0.4;0.4_0;0;0_0;0;0_-100;2;5475_-100;2;5475_-100;2;5475,17.3698630136986,Incidence,8.62150201686748e-08
NbyGQVwzFc_loc12_loop6,12,ITN 0%/IRS 0%/Larvicide 0%,0;0.4;0.4_0;0;0_0;0;0_-100;2;5475_-100;2;5475_-100;2;5475,17.372602739726,Incidence,8.65729439613323e-08
NbyGQVwzFc_loc12_loop6,12,ITN 0%/IRS 0%/Larvicide 0%,0;0.4;0.4_0;0;0_0;0;0_-100;2;5475_-100;2;5475_-100;2;5475,17.3753424657534,Incidence,8.69324659170233e-08
NbyGQVwzFc_loc12_loop6,12,ITN 0%/IRS 0%/Larvicide 0%,0;0.4;0.4_0;0;0_0;0;0_-100;2;5475_-100;2;5475_-100;2;5475,17.3780821917808,Incidence,8.72935935467743e-08
NbyGQVwzFc_loc12_loop6,12,ITN 0%/IRS 0%/Larvicide 0%,0;0.4;0.4_0;0;0_0;0;0_-100;2;5475_-100;2;5475_-100;2;5475,17.3808219178082,Incidence,8.76563343983237e-08
NbyGQVwzFc_loc12_loop6,12,ITN 0%/IRS 0%/Larvicide 0%,0;0.4;0.4_0;0;0_0;0;0_-100;2;5475_-100;2;5475_-100;2;5475,17.3835616438356,Incidence,8.80206960563036e-08
NbyGQVwzFc_loc12_loop6,12,ITN 0%/IRS 0%/Larvicide 0%,0;0.4;0.4_0;0;0_0;0;0_-100;2;5475_-100;2;5475_-100;2;5475,17.386301369863,Incidence,8.83866861424275e-08
NbyGQVwzFc_loc12_loop6,12,ITN 0%/IRS 0%/Larvicide 0%,0;0.4;0.4_0;0;0_0;0;0_-100;2;5475_-100;2;5475_-100;2;5475,17.3890410958904,Incidence,8.87543123156754e-08
NbyGQVwzFc_loc12_loop6,12,ITN 0%/IRS 0%/Larvicide 0%,0;0.4;0.4_0;0;0_0;0;0_-100;2;5475_-100;2;5475_-100;2;5475,17.3917808219178,Incidence,8.91235822724813e-08
NbyGQVwzFc_loc12_loop6,12,ITN 0%/IRS 0%/Larvicide 0%,0;0.4;0.4_0;0;0_0;0;0_-100;2;5475_-100;2;5475_-100;2;5475,17.3945205479452,Incidence,8.94945037469218e-08
NbyGQVwzFc_loc12_loop6,12,ITN 0%/IRS 0%/Larvicide 0%,0;0.4;0.4_0;0;0_0;0;0_-100;2;5475_-100;2;5475_-100;2;5475,17.3972602739726,Incidence,8.98670845109054e-08
NbyGQVwzFc_loc12_loop6,12,ITN 0%/IRS 0%/Larvicide 0%,0;0.4;0.4_0;0;0_0;0;0_-100;2;5475_-100;2;5475_-100;2;5475,17.4,Incidence,9.02413323743797e-08
NbyGQVwzFc_loc12_loop6,12,ITN 0%/IRS 0%/Larvicide 0%,0;0.4;0.4_0;0;0_0;0;0_-100;2;5475_-100;2;5475_-100;2;5475,17.4027397260274,Incidence,9.06172551858044e-08
NbyGQVwzFc_loc12_loop6,12,ITN 0%/IRS 0%/Larvicide 0%,0;0.4;0.4_0;0;0_0;0;0_-100;2;5475_-100;2;5475_-100;2;5475,17.4054794520548,Incidence,9.09948608306185e-08
NbyGQVwzFc_loc12_loop6,12,ITN 0%/IRS 0%/Larvicide 0%,0;0.4;0.4_0;0;0_0;0;0_-100;2;5475_-100;2;5475_-100;2;5475,17.4082191780822,Incidence,9.13741572322918e-08
NbyGQVwzFc_loc12_loop6,12,ITN 0%/IRS 0%/Larvicide 0%,0;0.4;0.4_0;0;0_0;0;0_-100;2;5475_-100;2;5475_-100;2;5475,17.4109589041096,Incidence,9.17551523530707e-08
NbyGQVwzFc_loc12_loop6,12,ITN 0%/IRS 0%/Larvicide 0%,0;0.4;0.4_0;0;0_0;0;0_-100;2;5475_-100;2;5475_-100;2;5475,17.413698630137,Incidence,9.21378541941737e-08
NbyGQVwzFc_loc12_loop6,12,ITN 0%/IRS 0%/Larvicide 0%,0;0.4;0.4_0;0;0_0;0;0_-100;2;5475_-100;2;5475_-100;2;5475,17.4164383561644,Incidence,9.25222707959854e-08
NbyGQVwzFc_loc12_loop6,12,ITN 0%/IRS 0%/Larvicide 0%,0;0.4;0.4_0;0;0_0;0;0_-100;2;5475_-100;2;5475_-100;2;5475,17.4191780821918,Incidence,9.2908410238255e-08
NbyGQVwzFc_loc12_loop6,12,ITN 0%/IRS 0%/Larvicide 0%,0;0.4;0.4_0;0;0_0;0;0_-100;2;5475_-100;2;5475_-100;2;5475,17.4219178082192,Incidence,9.32962806402947e-08
NbyGQVwzFc_loc12_loop6,12,ITN 0%/IRS 0%/Larvicide 0%,0;0.4;0.4_0;0;0_0;0;0_-100;2;5475_-100;2;5475_-100;2;5475,17.4246575342466,Incidence,9.36858901611783e-08
NbyGQVwzFc_loc12_loop6,12,ITN 0%/IRS 0%/Larvicide 0%,0;0.4;0.4_0;0;0_0;0;0_-100;2;5475_-100;2;5475_-100;2;5475,17.427397260274,Incidence,9.40772469999406e-08
NbyGQVwzFc_loc12_loop6,12,ITN 0%/IRS 0%/Larvicide 0%,0;0.4;0.4_0;0;0_0;0;0_-100;2;5475_-100;2;5475_-100;2;5475,17.4301369863014,Incidence,9.44703593957802e-08
NbyGQVwzFc_loc12_loop6,12,ITN 0%/IRS 0%/Larvicide 0%,0;0.4;0.4_0;0;0_0;0;0_-100;2;5475_-100;2;5475_-100;2;5475,17.4328767123288,Incidence,9.48652356282598e-08
NbyGQVwzFc_loc12_loop6,12,ITN 0%/IRS 0%/Larvicide 0%,0;0.4;0.4_0;0;0_0;0;0_-100;2;5475_-100;2;5475_-100;2;5475,17.4356164383562,Incidence,9.5261884017511e-08
NbyGQVwzFc_loc12_loop6,12,ITN 0%/IRS 0%/Larvicide 0%,0;0.4;0.4_0;0;0_0;0;0_-100;2;5475_-100;2;5475_-100;2;5475,17.4383561643836,Incidence,9.56603129244379e-08
NbyGQVwzFc_loc12_loop6,12,ITN 0%/IRS 0%/Larvicide 0%,0;0.4;0.4_0;0;0_0;0;0_-100;2;5475_-100;2;5475_-100;2;5475,17.441095890411,Incidence,9.60605307509224e-08
NbyGQVwzFc_loc12_loop6,12,ITN 0%/IRS 0%/Larvicide 0%,0;0.4;0.4_0;0;0_0;0;0_-100;2;5475_-100;2;5475_-100;2;5475,17.4438356164384,Incidence,9.64625459400307e-08
NbyGQVwzFc_loc12_loop6,12,ITN 0%/IRS 0%/Larvicide 0%,0;0.4;0.4_0;0;0_0;0;0_-100;2;5475_-100;2;5475_-100;2;5475,17.4465753424658,Incidence,9.68663669762219e-08
NbyGQVwzFc_loc12_loop6,12,ITN 0%/IRS 0%/Larvicide 0%,0;0.4;0.4_0;0;0_0;0;0_-100;2;5475_-100;2;5475_-100;2;5475,17.4493150684932,Incidence,9.72720023855567e-08
NbyGQVwzFc_loc12_loop6,12,ITN 0%/IRS 0%/Larvicide 0%,0;0.4;0.4_0;0;0_0;0;0_-100;2;5475_-100;2;5475_-100;2;5475,17.4520547945206,Incidence,9.76794607359044e-08
NbyGQVwzFc_loc12_loop6,12,ITN 0%/IRS 0%/Larvicide 0%,0;0.4;0.4_0;0;0_0;0;0_-100;2;5475_-100;2;5475_-100;2;5475,17.4547945205479,Incidence,9.80887506371566e-08
NbyGQVwzFc_loc12_loop6,12,ITN 0%/IRS 0%/Larvicide 0%,0;0.4;0.4_0;0;0_0;0;0_-100;2;5475_-100;2;5475_-100;2;5475,17.4575342465753,Incidence,9.84998807414344e-08
NbyGQVwzFc_loc12_loop6,12,ITN 0%/IRS 0%/Larvicide 0%,0;0.4;0.4_0;0;0_0;0;0_-100;2;5475_-100;2;5475_-100;2;5475,17.4602739726027,Incidence,9.89128597433039e-08
NbyGQVwzFc_loc12_loop6,12,ITN 0%/IRS 0%/Larvicide 0%,0;0.4;0.4_0;0;0_0;0;0_-100;2;5475_-100;2;5475_-100;2;5475,17.4630136986301,Incidence,9.93276963799904e-08
NbyGQVwzFc_loc12_loop6,12,ITN 0%/IRS 0%/Larvicide 0%,0;0.4;0.4_0;0;0_0;0;0_-100;2;5475_-100;2;5475_-100;2;5475,17.4657534246575,Incidence,9.9744399431591e-08
NbyGQVwzFc_loc12_loop6,12,ITN 0%/IRS 0%/Larvicide 0%,0;0.4;0.4_0;0;0_0;0;0_-100;2;5475_-100;2;5475_-100;2;5475,17.4684931506849,Incidence,1.00162977721294e-07
NbyGQVwzFc_loc12_loop6,12,ITN 0%/IRS 0%/Larvicide 0%,0;0.4;0.4_0;0;0_0;0;0_-100;2;5475_-100;2;5475_-100;2;5475,17.4712328767123,Incidence,1.00583440115592e-07
NbyGQVwzFc_loc12_loop6,12,ITN 0%/IRS 0%/Larvicide 0%,0;0.4;0.4_0;0;0_0;0;0_-100;2;5475_-100;2;5475_-100;2;5475,17.4739726027397,Incidence,1.01005795524505e-07
NbyGQVwzFc_loc12_loop6,12,ITN 0%/IRS 0%/Larvicide 0%,0;0.4;0.4_0;0;0_0;0;0_-100;2;5475_-100;2;5475_-100;2;5475,17.4767123287671,Incidence,1.01430052901795e-07
NbyGQVwzFc_loc12_loop6,12,ITN 0%/IRS 0%/Larvicide 0%,0;0.4;0.4_0;0;0_0;0;0_-100;2;5475_-100;2;5475_-100;2;5475,17.4794520547945,Incidence,1.0185622124519e-07
NbyGQVwzFc_loc12_loop6,12,ITN 0%/IRS 0%/Larvicide 0%,0;0.4;0.4_0;0;0_0;0;0_-100;2;5475_-100;2;5475_-100;2;5475,17.4821917808219,Incidence,1.02284309596603e-07
NbyGQVwzFc_loc12_loop6,12,ITN 0%/IRS 0%/Larvicide 0%,0;0.4;0.4_0;0;0_0;0;0_-100;2;5475_-100;2;5475_-100;2;5475,17.4849315068493,Incidence,1.02714327042357e-07
NbyGQVwzFc_loc12_loop6,12,ITN 0%/IRS 0%/Larvicide 0%,0;0.4;0.4_0;0;0_0;0;0_-100;2;5475_-100;2;5475_-100;2;5475,17.4876712328767,Incidence,1.03146282713407e-07
NbyGQVwzFc_loc12_loop6,12,ITN 0%/IRS 0%/Larvicide 0%,0;0.4;0.4_0;0;0_0;0;0_-100;2;5475_-100;2;5475_-100;2;5475,17.4904109589041,Incidence,1.03580185785566e-07
NbyGQVwzFc_loc12_loop6,12,ITN 0%/IRS 0%/Larvicide 0%,0;0.4;0.4_0;0;0_0;0;0_-100;2;5475_-100;2;5475_-100;2;5475,17.4931506849315,Incidence,1.04016045479734e-07
NbyGQVwzFc_loc12_loop6,12,ITN 0%/IRS 0%/Larvicide 0%,0;0.4;0.4_0;0;0_0;0;0_-100;2;5475_-100;2;5475_-100;2;5475,17.4958904109589,Incidence,1.04453871062117e-07
NbyGQVwzFc_loc12_loop6,12,ITN 0%/IRS 0%/Larvicide 0%,0;0.4;0.4_0;0;0_0;0;0_-100;2;5475_-100;2;5475_-100;2;5475,17.4986301369863,Incidence,1.04893671844465e-07
NbyGQVwzFc_loc12_loop6,12,ITN 0%/IRS 0%/Larvicide 0%,0;0.4;0.4_0;0;0_0;0;0_-100;2;5475_-100;2;5475_-100;2;5475,17.5013698630137,Incidence,1.05335457184297e-07
NbyGQVwzFc_loc12_loop6,12,ITN 0%/IRS 0%/Larvicide 0%,0;0.4;0.4_0;0;0_0;0;0_-100;2;5475_-100;2;5475_-100;2;5475,17.5041095890411,Incidence,1.05779236485131e-07
NbyGQVwzFc_loc12_loop6,12,ITN 0%/IRS 0%/Larvicide 0%,0;0.4;0.4_0;0;0_0;0;0_-100;2;5475_-100;2;5475_-100;2;5475,17.5068493150685,Incidence,1.06225019196719e-07
NbyGQVwzFc_loc12_loop6,12,ITN 0%/IRS 0%/Larvicide 0%,0;0.4;0.4_0;0;0_0;0;0_-100;2;5475_-100;2;5475_-100;2;5475,17.5095890410959,Incidence,1.06672814815277e-07
NbyGQVwzFc_loc12_loop6,12,ITN 0%/IRS 0%/Larvicide 0%,0;0.4;0.4_0;0;0_0;0;0_-100;2;5475_-100;2;5475_-100;2;5475,17.5123287671233,Incidence,1.07122632883849e-07
NbyGQVwzFc_loc12_loop6,12,ITN 0%/IRS 0%/Larvicide 0%,0;0.4;0.4_0;0;0_0;0;0_-100;2;5475_-100;2;5475_-100;2;5475,17.5150684931507,Incidence,1.07574482991878e-07
NbyGQVwzFc_loc12_loop6,12,ITN 0%/IRS 0%/Larvicide 0%,0;0.4;0.4_0;0;0_0;0;0_-100;2;5475_-100;2;5475_-100;2;5475,17.5178082191781,Incidence,1.0802837477476e-07
NbyGQVwzFc_loc12_loop6,12,ITN 0%/IRS 0%/Larvicide 0%,0;0.4;0.4_0;0;0_0;0;0_-100;2;5475_-100;2;5475_-100;2;5475,17.5205479452055,Incidence,1.08484317915231e-07
NbyGQVwzFc_loc12_loop6,12,ITN 0%/IRS 0%/Larvicide 0%,0;0.4;0.4_0;0;0_0;0;0_-100;2;5475_-100;2;5475_-100;2;5475,17.5232876712329,Incidence,1.08942322143664e-07
NbyGQVwzFc_loc12_loop6,12,ITN 0%/IRS 0%/Larvicide 0%,0;0.4;0.4_0;0;0_0;0;0_-100;2;5475_-100;2;5475_-100;2;5475,17.5260273972603,Incidence,1.09402397238302e-07
NbyGQVwzFc_loc12_loop6,12,ITN 0%/IRS 0%/Larvicide 0%,0;0.4;0.4_0;0;0_0;0;0_-100;2;5475_-100;2;5475_-100;2;5475,17.5287671232877,Incidence,1.09864553025509e-07
NbyGQVwzFc_loc12_loop6,12,ITN 0%/IRS 0%/Larvicide 0%,0;0.4;0.4_0;0;0_0;0;0_-100;2;5475_-100;2;5475_-100;2;5475,17.5315068493151,Incidence,1.10328799380006e-07
NbyGQVwzFc_loc12_loop6,12,ITN 0%/IRS 0%/Larvicide 0%,0;0.4;0.4_0;0;0_0;0;0_-100;2;5475_-100;2;5475_-100;2;5475,17.5342465753425,Incidence,1.1079514622512e-07
NbyGQVwzFc_loc12_loop6,12,ITN 0%/IRS 0%/Larvicide 0%,0;0.4;0.4_0;0;0_0;0;0_-100;2;5475_-100;2;5475_-100;2;5475,17.5369863013699,Incidence,1.11263603533022e-07
NbyGQVwzFc_loc12_loop6,12,ITN 0%/IRS 0%/Larvicide 0%,0;0.4;0.4_0;0;0_0;0;0_-100;2;5475_-100;2;5475_-100;2;5475,17.5397260273973,Incidence,1.11734181324985e-07
NbyGQVwzFc_loc12_loop6,12,ITN 0%/IRS 0%/Larvicide 0%,0;0.4;0.4_0;0;0_0;0;0_-100;2;5475_-100;2;5475_-100;2;5475,17.5424657534247,Incidence,1.12206889671621e-07
NbyGQVwzFc_loc12_loop6,12,ITN 0%/IRS 0%/Larvicide 0%,0;0.4;0.4_0;0;0_0;0;0_-100;2;5475_-100;2;5475_-100;2;5475,17.5452054794521,Incidence,1.12681738693137e-07
NbyGQVwzFc_loc12_loop6,12,ITN 0%/IRS 0%/Larvicide 0%,0;0.4;0.4_0;0;0_0;0;0_-100;2;5475_-100;2;5475_-100;2;5475,17.5479452054795,Incidence,1.13158738559581e-07
NbyGQVwzFc_loc12_loop6,12,ITN 0%/IRS 0%/Larvicide 0%,0;0.4;0.4_0;0;0_0;0;0_-100;2;5475_-100;2;5475_-100;2;5475,17.5506849315069,Incidence,1.13637899491099e-07
NbyGQVwzFc_loc12_loop6,12,ITN 0%/IRS 0%/Larvicide 0%,0;0.4;0.4_0;0;0_0;0;0_-100;2;5475_-100;2;5475_-100;2;5475,17.5534246575343,Incidence,1.14119231758183e-07
NbyGQVwzFc_loc12_loop6,12,ITN 0%/IRS 0%/Larvicide 0%,0;0.4;0.4_0;0;0_0;0;0_-100;2;5475_-100;2;5475_-100;2;5475,17.5561643835616,Incidence,1.14602745681926e-07
NbyGQVwzFc_loc12_loop6,12,ITN 0%/IRS 0%/Larvicide 0%,0;0.4;0.4_0;0;0_0;0;0_-100;2;5475_-100;2;5475_-100;2;5475,17.558904109589,Incidence,1.15088451634281e-07
NbyGQVwzFc_loc12_loop6,12,ITN 0%/IRS 0%/Larvicide 0%,0;0.4;0.4_0;0;0_0;0;0_-100;2;5475_-100;2;5475_-100;2;5475,17.5616438356164,Incidence,1.15576360038315e-07
NbyGQVwzFc_loc12_loop6,12,ITN 0%/IRS 0%/Larvicide 0%,0;0.4;0.4_0;0;0_0;0;0_-100;2;5475_-100;2;5475_-100;2;5475,17.5643835616438,Incidence,1.16066481368469e-07
NbyGQVwzFc_loc12_loop6,12,ITN 0%/IRS 0%/Larvicide 0%,0;0.4;0.4_0;0;0_0;0;0_-100;2;5475_-100;2;5475_-100;2;5475,17.5671232876712,Incidence,1.16558826150815e-07
NbyGQVwzFc_loc12_loop6,12,ITN 0%/IRS 0%/Larvicide 0%,0;0.4;0.4_0;0;0_0;0;0_-100;2;5475_-100;2;5475_-100;2;5475,17.5698630136986,Incidence,1.17053404963319e-07
NbyGQVwzFc_loc12_loop6,12,ITN 0%/IRS 0%/Larvicide 0%,0;0.4;0.4_0;0;0_0;0;0_-100;2;5475_-100;2;5475_-100;2;5475,17.572602739726,Incidence,1.17550228436102e-07
NbyGQVwzFc_loc12_loop6,12,ITN 0%/IRS 0%/Larvicide 0%,0;0.4;0.4_0;0;0_0;0;0_-100;2;5475_-100;2;5475_-100;2;5475,17.5753424657534,Incidence,1.18049307251706e-07
NbyGQVwzFc_loc12_loop6,12,ITN 0%/IRS 0%/Larvicide 0%,0;0.4;0.4_0;0;0_0;0;0_-100;2;5475_-100;2;5475_-100;2;5475,17.5780821917808,Incidence,1.18550652145355e-07
NbyGQVwzFc_loc12_loop6,12,ITN 0%/IRS 0%/Larvicide 0%,0;0.4;0.4_0;0;0_0;0;0_-100;2;5475_-100;2;5475_-100;2;5475,17.5808219178082,Incidence,1.19054273905226e-07
NbyGQVwzFc_loc12_loop6,12,ITN 0%/IRS 0%/Larvicide 0%,0;0.4;0.4_0;0;0_0;0;0_-100;2;5475_-100;2;5475_-100;2;5475,17.5835616438356,Incidence,1.19560183372711e-07
NbyGQVwzFc_loc12_loop6,12,ITN 0%/IRS 0%/Larvicide 0%,0;0.4;0.4_0;0;0_0;0;0_-100;2;5475_-100;2;5475_-100;2;5475,17.586301369863,Incidence,1.2006839144269e-07
NbyGQVwzFc_loc12_loop6,12,ITN 0%/IRS 0%/Larvicide 0%,0;0.4;0.4_0;0;0_0;0;0_-100;2;5475_-100;2;5475_-100;2;5475,17.5890410958904,Incidence,1.20578909063802e-07
NbyGQVwzFc_loc12_loop6,12,ITN 0%/IRS 0%/Larvicide 0%,0;0.4;0.4_0;0;0_0;0;0_-100;2;5475_-100;2;5475_-100;2;5475,17.5917808219178,Incidence,1.21091747238713e-07
NbyGQVwzFc_loc12_loop6,12,ITN 0%/IRS 0%/Larvicide 0%,0;0.4;0.4_0;0;0_0;0;0_-100;2;5475_-100;2;5475_-100;2;5475,17.5945205479452,Incidence,1.21606917024392e-07
NbyGQVwzFc_loc12_loop6,12,ITN 0%/IRS 0%/Larvicide 0%,0;0.4;0.4_0;0;0_0;0;0_-100;2;5475_-100;2;5475_-100;2;5475,17.5972602739726,Incidence,1.22124429532385e-07
NbyGQVwzFc_loc12_loop6,12,ITN 0%/IRS 0%/Larvicide 0%,0;0.4;0.4_0;0;0_0;0;0_-100;2;5475_-100;2;5475_-100;2;5475,17.6,Incidence,1.2264429592909e-07
NbyGQVwzFc_loc12_loop6,12,ITN 0%/IRS 0%/Larvicide 0%,0;0.4;0.4_0;0;0_0;0;0_-100;2;5475_-100;2;5475_-100;2;5475,17.6027397260274,Incidence,1.23166527436035e-07
NbyGQVwzFc_loc12_loop6,12,ITN 0%/IRS 0%/Larvicide 0%,0;0.4;0.4_0;0;0_0;0;0_-100;2;5475_-100;2;5475_-100;2;5475,17.6054794520548,Incidence,1.23691135330158e-07
NbyGQVwzFc_loc12_loop6,12,ITN 0%/IRS 0%/Larvicide 0%,0;0.4;0.4_0;0;0_0;0;0_-100;2;5475_-100;2;5475_-100;2;5475,17.6082191780822,Incidence,1.24218130944085e-07
NbyGQVwzFc_loc12_loop6,12,ITN 0%/IRS 0%/Larvicide 0%,0;0.4;0.4_0;0;0_0;0;0_-100;2;5475_-100;2;5475_-100;2;5475,17.6109589041096,Incidence,1.24747525666413e-07
NbyGQVwzFc_loc12_loop6,12,ITN 0%/IRS 0%/Larvicide 0%,0;0.4;0.4_0;0;0_0;0;0_-100;2;5475_-100;2;5475_-100;2;5475,17.613698630137,Incidence,1.25279330941993e-07
NbyGQVwzFc_loc12_loop6,12,ITN 0%/IRS 0%/Larvicide 0%,0;0.4;0.4_0;0;0_0;0;0_-100;2;5475_-100;2;5475_-100;2;5475,17.6164383561644,Incidence,1.25813558272212e-07
NbyGQVwzFc_loc12_loop6,12,ITN 0%/IRS 0%/Larvicide 0%,0;0.4;0.4_0;0;0_0;0;0_-100;2;5475_-100;2;5475_-100;2;5475,17.6191780821918,Incidence,1.26350219215285e-07
NbyGQVwzFc_loc12_loop6,12,ITN 0%/IRS 0%/Larvicide 0%,0;0.4;0.4_0;0;0_0;0;0_-100;2;5475_-100;2;5475_-100;2;5475,17.6219178082192,Incidence,1.26889325386534e-07
NbyGQVwzFc_loc12_loop6,12,ITN 0%/IRS 0%/Larvicide 0%,0;0.4;0.4_0;0;0_0;0;0_-100;2;5475_-100;2;5475_-100;2;5475,17.6246575342466,Incidence,1.27430888458687e-07
NbyGQVwzFc_loc12_loop6,12,ITN 0%/IRS 0%/Larvicide 0%,0;0.4;0.4_0;0;0_0;0;0_-100;2;5475_-100;2;5475_-100;2;5475,17.627397260274,Incidence,1.27974920162158e-07
NbyGQVwzFc_loc12_loop6,12,ITN 0%/IRS 0%/Larvicide 0%,0;0.4;0.4_0;0;0_0;0;0_-100;2;5475_-100;2;5475_-100;2;5475,17.6301369863014,Incidence,1.28521432285395e-07
NbyGQVwzFc_loc12_loop6,12,ITN 0%/IRS 0%/Larvicide 0%,0;0.4;0.4_0;0;0_0;0;0_-100;2;5475_-100;2;5475_-100;2;5475,17.6328767123288,Incidence,1.29070436674453e-07
NbyGQVwzFc_loc12_loop6,12,ITN 0%/IRS 0%/Larvicide 0%,0;0.4;0.4_0;0;0_0;0;0_-100;2;5475_-100;2;5475_-100;2;5475,17.6356164383562,Incidence,1.29621945232942e-07
NbyGQVwzFc_loc12_loop6,12,ITN 0%/IRS 0%/Larvicide 0%,0;0.4;0.4_0;0;0_0;0;0_-100;2;5475_-100;2;5475_-100;2;5475,17.6383561643836,Incidence,1.30175969923285e-07
NbyGQVwzFc_loc12_loop6,12,ITN 0%/IRS 0%/Larvicide 0%,0;0.4;0.4_0;0;0_0;0;0_-100;2;5475_-100;2;5475_-100;2;5475,17.641095890411,Incidence,1.30732522767058e-07
NbyGQVwzFc_loc12_loop6,12,ITN 0%/IRS 0%/Larvicide 0%,0;0.4;0.4_0;0;0_0;0;0_-100;2;5475_-100;2;5475_-100;2;5475,17.6438356164384,Incidence,1.31291615845287e-07
NbyGQVwzFc_loc12_loop6,12,ITN 0%/IRS 0%/Larvicide 0%,0;0.4;0.4_0;0;0_0;0;0_-100;2;5475_-100;2;5475_-100;2;5475,17.6465753424658,Incidence,1.31853261298749e-07
NbyGQVwzFc_loc12_loop6,12,ITN 0%/IRS 0%/Larvicide 0%,0;0.4;0.4_0;0;0_0;0;0_-100;2;5475_-100;2;5475_-100;2;5475,17.6493150684932,Incidence,1.3241747132828e-07
NbyGQVwzFc_loc12_loop6,12,ITN 0%/IRS 0%/Larvicide 0%,0;0.4;0.4_0;0;0_0;0;0_-100;2;5475_-100;2;5475_-100;2;5475,17.6520547945205,Incidence,1.32984258195069e-07
NbyGQVwzFc_loc12_loop6,12,ITN 0%/IRS 0%/Larvicide 0%,0;0.4;0.4_0;0;0_0;0;0_-100;2;5475_-100;2;5475_-100;2;5475,17.6547945205479,Incidence,1.33553634220976e-07
NbyGQVwzFc_loc12_loop6,12,ITN 0%/IRS 0%/Larvicide 0%,0;0.4;0.4_0;0;0_0;0;0_-100;2;5475_-100;2;5475_-100;2;5475,17.6575342465753,Incidence,1.34125611788826e-07
NbyGQVwzFc_loc12_loop6,12,ITN 0%/IRS 0%/Larvicide 0%,0;0.4;0.4_0;0;0_0;0;0_-100;2;5475_-100;2;5475_-100;2;5475,17.6602739726027,Incidence,1.34700203342729e-07
NbyGQVwzFc_loc12_loop6,12,ITN 0%/IRS 0%/Larvicide 0%,0;0.4;0.4_0;0;0_0;0;0_-100;2;5475_-100;2;5475_-100;2;5475,17.6630136986301,Incidence,1.35277421388383e-07
NbyGQVwzFc_loc12_loop6,12,ITN 0%/IRS 0%/Larvicide 0%,0;0.4;0.4_0;0;0_0;0;0_-100;2;5475_-100;2;5475_-100;2;5475,17.6657534246575,Incidence,1.3585727849339e-07
NbyGQVwzFc_loc12_loop6,12,ITN 0%/IRS 0%/Larvicide 0%,0;0.4;0.4_0;0;0_0;0;0_-100;2;5475_-100;2;5475_-100;2;5475,17.6684931506849,Incidence,1.36439787287567e-07
NbyGQVwzFc_loc12_loop6,12,ITN 0%/IRS 0%/Larvicide 0%,0;0.4;0.4_0;0;0_0;0;0_-100;2;5475_-100;2;5475_-100;2;5475,17.6712328767123,Incidence,1.37024960463264e-07
NbyGQVwzFc_loc12_loop6,12,ITN 0%/IRS 0%/Larvicide 0%,0;0.4;0.4_0;0;0_0;0;0_-100;2;5475_-100;2;5475_-100;2;5475,17.6739726027397,Incidence,1.37612810775675e-07
NbyGQVwzFc_loc12_loop6,12,ITN 0%/IRS 0%/Larvicide 0%,0;0.4;0.4_0;0;0_0;0;0_-100;2;5475_-100;2;5475_-100;2;5475,17.6767123287671,Incidence,1.38203351043165e-07
NbyGQVwzFc_loc12_loop6,12,ITN 0%/IRS 0%/Larvicide 0%,0;0.4;0.4_0;0;0_0;0;0_-100;2;5475_-100;2;5475_-100;2;5475,17.6794520547945,Incidence,1.3879659414758e-07
NbyGQVwzFc_loc12_loop6,12,ITN 0%/IRS 0%/Larvicide 0%,0;0.4;0.4_0;0;0_0;0;0_-100;2;5475_-100;2;5475_-100;2;5475,17.6821917808219,Incidence,1.39392553034577e-07
NbyGQVwzFc_loc12_loop6,12,ITN 0%/IRS 0%/Larvicide 0%,0;0.4;0.4_0;0;0_0;0;0_-100;2;5475_-100;2;5475_-100;2;5475,17.6849315068493,Incidence,1.39991240713944e-07
NbyGQVwzFc_loc12_loop6,12,ITN 0%/IRS 0%/Larvicide 0%,0;0.4;0.4_0;0;0_0;0;0_-100;2;5475_-100;2;5475_-100;2;5475,17.6876712328767,Incidence,1.40592670259925e-07
NbyGQVwzFc_loc12_loop6,12,ITN 0%/IRS 0%/Larvicide 0%,0;0.4;0.4_0;0;0_0;0;0_-100;2;5475_-100;2;5475_-100;2;5475,17.6904109589041,Incidence,1.41196854811543e-07
NbyGQVwzFc_loc12_loop6,12,ITN 0%/IRS 0%/Larvicide 0%,0;0.4;0.4_0;0;0_0;0;0_-100;2;5475_-100;2;5475_-100;2;5475,17.6931506849315,Incidence,1.41803807572936e-07
NbyGQVwzFc_loc12_loop6,12,ITN 0%/IRS 0%/Larvicide 0%,0;0.4;0.4_0;0;0_0;0;0_-100;2;5475_-100;2;5475_-100;2;5475,17.6958904109589,Incidence,1.4241354181368e-07
NbyGQVwzFc_loc12_loop6,12,ITN 0%/IRS 0%/Larvicide 0%,0;0.4;0.4_0;0;0_0;0;0_-100;2;5475_-100;2;5475_-100;2;5475,17.6986301369863,Incidence,1.43026070869124e-07
NbyGQVwzFc_loc12_loop6,12,ITN 0%/IRS 0%/Larvicide 0%,0;0.4;0.4_0;0;0_0;0;0_-100;2;5475_-100;2;5475_-100;2;5475,17.7013698630137,Incidence,1.43641408140722e-07
NbyGQVwzFc_loc12_loop6,12,ITN 0%/IRS 0%/Larvicide 0%,0;0.4;0.4_0;0;0_0;0;0_-100;2;5475_-100;2;5475_-100;2;5475,17.7041095890411,Incidence,1.44259567096369e-07
NbyGQVwzFc_loc12_loop6,12,ITN 0%/IRS 0%/Larvicide 0%,0;0.4;0.4_0;0;0_0;0;0_-100;2;5475_-100;2;5475_-100;2;5475,17.7068493150685,Incidence,1.44880561270737e-07
NbyGQVwzFc_loc12_loop6,12,ITN 0%/IRS 0%/Larvicide 0%,0;0.4;0.4_0;0;0_0;0;0_-100;2;5475_-100;2;5475_-100;2;5475,17.7095890410959,Incidence,1.45504404265613e-07
NbyGQVwzFc_loc12_loop6,12,ITN 0%/IRS 0%/Larvicide 0%,0;0.4;0.4_0;0;0_0;0;0_-100;2;5475_-100;2;5475_-100;2;5475,17.7123287671233,Incidence,1.46131109750241e-07
NbyGQVwzFc_loc12_loop6,12,ITN 0%/IRS 0%/Larvicide 0%,0;0.4;0.4_0;0;0_0;0;0_-100;2;5475_-100;2;5475_-100;2;5475,17.7150684931507,Incidence,1.46760691461661e-07
NbyGQVwzFc_loc12_loop6,12,ITN 0%/IRS 0%/Larvicide 0%,0;0.4;0.4_0;0;0_0;0;0_-100;2;5475_-100;2;5475_-100;2;5475,17.7178082191781,Incidence,1.47393163205057e-07
NbyGQVwzFc_loc12_loop6,12,ITN 0%/IRS 0%/Larvicide 0%,0;0.4;0.4_0;0;0_0;0;0_-100;2;5475_-100;2;5475_-100;2;5475,17.7205479452055,Incidence,1.48028538854097e-07
NbyGQVwzFc_loc12_loop6,12,ITN 0%/IRS 0%/Larvicide 0%,0;0.4;0.4_0;0;0_0;0;0_-100;2;5475_-100;2;5475_-100;2;5475,17.7232876712329,Incidence,1.48666832351285e-07
NbyGQVwzFc_loc12_loop6,12,ITN 0%/IRS 0%/Larvicide 0%,0;0.4;0.4_0;0;0_0;0;0_-100;2;5475_-100;2;5475_-100;2;5475,17.7260273972603,Incidence,1.49308057708307e-07
NbyGQVwzFc_loc12_loop6,12,ITN 0%/IRS 0%/Larvicide 0%,0;0.4;0.4_0;0;0_0;0;0_-100;2;5475_-100;2;5475_-100;2;5475,17.7287671232877,Incidence,1.49952229006382e-07
NbyGQVwzFc_loc12_loop6,12,ITN 0%/IRS 0%/Larvicide 0%,0;0.4;0.4_0;0;0_0;0;0_-100;2;5475_-100;2;5475_-100;2;5475,17.7315068493151,Incidence,1.50599360396617e-07
NbyGQVwzFc_loc12_loop6,12,ITN 0%/IRS 0%/Larvicide 0%,0;0.4;0.4_0;0;0_0;0;0_-100;2;5475_-100;2;5475_-100;2;5475,17.7342465753425,Incidence,1.51249466100358e-07
NbyGQVwzFc_loc12_loop6,12,ITN 0%/IRS 0%/Larvicide 0%,0;0.4;0.4_0;0;0_0;0;0_-100;2;5475_-100;2;5475_-100;2;5475,17.7369863013699,Incidence,1.51902560409548e-07
NbyGQVwzFc_loc12_loop6,12,ITN 0%/IRS 0%/Larvicide 0%,0;0.4;0.4_0;0;0_0;0;0_-100;2;5475_-100;2;5475_-100;2;5475,17.7397260273973,Incidence,1.52558657687086e-07
NbyGQVwzFc_loc12_loop6,12,ITN 0%/IRS 0%/Larvicide 0%,0;0.4;0.4_0;0;0_0;0;0_-100;2;5475_-100;2;5475_-100;2;5475,17.7424657534247,Incidence,1.53217772367184e-07
NbyGQVwzFc_loc12_loop6,12,ITN 0%/IRS 0%/Larvicide 0%,0;0.4;0.4_0;0;0_0;0;0_-100;2;5475_-100;2;5475_-100;2;5475,17.7452054794521,Incidence,1.53879918955731e-07
NbyGQVwzFc_loc12_loop6,12,ITN 0%/IRS 0%/Larvicide 0%,0;0.4;0.4_0;0;0_0;0;0_-100;2;5475_-100;2;5475_-100;2;5475,17.7479452054795,Incidence,1.54545112030656e-07
NbyGQVwzFc_loc12_loop6,12,ITN 0%/IRS 0%/Larvicide 0%,0;0.4;0.4_0;0;0_0;0;0_-100;2;5475_-100;2;5475_-100;2;5475,17.7506849315069,Incidence,1.55213366242292e-07
NbyGQVwzFc_loc12_loop6,12,ITN 0%/IRS 0%/Larvicide 0%,0;0.4;0.4_0;0;0_0;0;0_-100;2;5475_-100;2;5475_-100;2;5475,17.7534246575342,Incidence,1.55884696313745e-07
NbyGQVwzFc_loc12_loop6,12,ITN 0%/IRS 0%/Larvicide 0%,0;0.4;0.4_0;0;0_0;0;0_-100;2;5475_-100;2;5475_-100;2;5475,17.7561643835616,Incidence,1.56559117041208e-07
NbyGQVwzFc_loc12_loop6,12,ITN 0%/IRS 0%/Larvicide 0%,0;0.4;0.4_0;0;0_0;0;0_-100;2;5475_-100;2;5475_-100;2;5475,17.758904109589,Incidence,1.57236643293486e-07
NbyGQVwzFc_loc12_loop6,12,ITN 0%/IRS 0%/Larvicide 0%,0;0.4;0.4_0;0;0_0;0;0_-100;2;5475_-100;2;5475_-100;2;5475,17.7616438356164,Incidence,1.5791729001259e-07
NbyGQVwzFc_loc12_loop6,12,ITN 0%/IRS 0%/Larvicide 0%,0;0.4;0.4_0;0;0_0;0;0_-100;2;5475_-100;2;5475_-100;2;5475,17.7643835616438,Incidence,1.58601072214765e-07
NbyGQVwzFc_loc12_loop6,12,ITN 0%/IRS 0%/Larvicide 0%,0;0.4;0.4_0;0;0_0;0;0_-100;2;5475_-100;2;5475_-100;2;5475,17.7671232876712,Incidence,1.59288004990884e-07
NbyGQVwzFc_loc12_loop6,12,ITN 0%/IRS 0%/Larvicide 0%,0;0.4;0.4_0;0;0_0;0;0_-100;2;5475_-100;2;5475_-100;2;5475,17.7698630136986,Incidence,1.5997810350682e-07
NbyGQVwzFc_loc12_loop6,12,ITN 0%/IRS 0%/Larvicide 0%,0;0.4;0.4_0;0;0_0;0;0_-100;2;5475_-100;2;5475_-100;2;5475,17.772602739726,Incidence,1.60671383003834e-07
NbyGQVwzFc_loc12_loop6,12,ITN 0%/IRS 0%/Larvicide 0%,0;0.4;0.4_0;0;0_0;0;0_-100;2;5475_-100;2;5475_-100;2;5475,17.7753424657534,Incidence,1.61367858798951e-07
NbyGQVwzFc_loc12_loop6,12,ITN 0%/IRS 0%/Larvicide 0%,0;0.4;0.4_0;0;0_0;0;0_-100;2;5475_-100;2;5475_-100;2;5475,17.7780821917808,Incidence,1.6206754628535e-07
NbyGQVwzFc_loc12_loop6,12,ITN 0%/IRS 0%/Larvicide 0%,0;0.4;0.4_0;0;0_0;0;0_-100;2;5475_-100;2;5475_-100;2;5475,17.7808219178082,Incidence,1.62770460932745e-07
NbyGQVwzFc_loc12_loop6,12,ITN 0%/IRS 0%/Larvicide 0%,0;0.4;0.4_0;0;0_0;0;0_-100;2;5475_-100;2;5475_-100;2;5475,17.7835616438356,Incidence,1.63476618287781e-07
NbyGQVwzFc_loc12_loop6,12,ITN 0%/IRS 0%/Larvicide 0%,0;0.4;0.4_0;0;0_0;0;0_-100;2;5475_-100;2;5475_-100;2;5475,17.786301369863,Incidence,1.64186033974415e-07
NbyGQVwzFc_loc12_loop6,12,ITN 0%/IRS 0%/Larvicide 0%,0;0.4;0.4_0;0;0_0;0;0_-100;2;5475_-100;2;5475_-100;2;5475,17.7890410958904,Incidence,1.64898723694318e-07
NbyGQVwzFc_loc12_loop6,12,ITN 0%/IRS 0%/Larvicide 0%,0;0.4;0.4_0;0;0_0;0;0_-100;2;5475_-100;2;5475_-100;2;5475,17.7917808219178,Incidence,1.65614703227261e-07
NbyGQVwzFc_loc12_loop6,12,ITN 0%/IRS 0%/Larvicide 0%,0;0.4;0.4_0;0;0_0;0;0_-100;2;5475_-100;2;5475_-100;2;5475,17.7945205479452,Incidence,1.66333988431516e-07
NbyGQVwzFc_loc12_loop6,12,ITN 0%/IRS 0%/Larvicide 0%,0;0.4;0.4_0;0;0_0;0;0_-100;2;5475_-100;2;5475_-100;2;5475,17.7972602739726,Incidence,1.67056595244256e-07
NbyGQVwzFc_loc12_loop6,12,ITN 0%/IRS 0%/Larvicide 0%,0;0.4;0.4_0;0;0_0;0;0_-100;2;5475_-100;2;5475_-100;2;5475,17.8,Incidence,1.67782539681949e-07
NbyGQVwzFc_loc12_loop6,12,ITN 0%/IRS 0%/Larvicide 0%,0;0.4;0.4_0;0;0_0;0;0_-100;2;5475_-100;2;5475_-100;2;5475,17.8027397260274,Incidence,1.68511837840769e-07
NbyGQVwzFc_loc12_loop6,12,ITN 0%/IRS 0%/Larvicide 0%,0;0.4;0.4_0;0;0_0;0;0_-100;2;5475_-100;2;5475_-100;2;5475,17.8054794520548,Incidence,1.69244505896993e-07
NbyGQVwzFc_loc12_loop6,12,ITN 0%/IRS 0%/Larvicide 0%,0;0.4;0.4_0;0;0_0;0;0_-100;2;5475_-100;2;5475_-100;2;5475,17.8082191780822,Incidence,1.69980560107414e-07
NbyGQVwzFc_loc12_loop6,12,ITN 0%/IRS 0%/Larvicide 0%,0;0.4;0.4_0;0;0_0;0;0_-100;2;5475_-100;2;5475_-100;2;5475,17.8109589041096,Incidence,1.70720016809744e-07
NbyGQVwzFc_loc12_loop6,12,ITN 0%/IRS 0%/Larvicide 0%,0;0.4;0.4_0;0;0_0;0;0_-100;2;5475_-100;2;5475_-100;2;5475,17.813698630137,Incidence,1.7146289242303e-07
NbyGQVwzFc_loc12_loop6,12,ITN 0%/IRS 0%/Larvicide 0%,0;0.4;0.4_0;0;0_0;0;0_-100;2;5475_-100;2;5475_-100;2;5475,17.8164383561644,Incidence,1.72209203448062e-07
NbyGQVwzFc_loc12_loop6,12,ITN 0%/IRS 0%/Larvicide 0%,0;0.4;0.4_0;0;0_0;0;0_-100;2;5475_-100;2;5475_-100;2;5475,17.8191780821918,Incidence,1.72958966467793e-07
NbyGQVwzFc_loc12_loop6,12,ITN 0%/IRS 0%/Larvicide 0%,0;0.4;0.4_0;0;0_0;0;0_-100;2;5475_-100;2;5475_-100;2;5475,17.8219178082192,Incidence,1.73712198147754e-07
NbyGQVwzFc_loc12_loop6,12,ITN 0%/IRS 0%/Larvicide 0%,0;0.4;0.4_0;0;0_0;0;0_-100;2;5475_-100;2;5475_-100;2;5475,17.8246575342466,Incidence,1.74468915236471e-07
NbyGQVwzFc_loc12_loop6,12,ITN 0%/IRS 0%/Larvicide 0%,0;0.4;0.4_0;0;0_0;0;0_-100;2;5475_-100;2;5475_-100;2;5475,17.827397260274,Incidence,1.75229134565892e-07
NbyGQVwzFc_loc12_loop6,12,ITN 0%/IRS 0%/Larvicide 0%,0;0.4;0.4_0;0;0_0;0;0_-100;2;5475_-100;2;5475_-100;2;5475,17.8301369863014,Incidence,1.75992873051803e-07
NbyGQVwzFc_loc12_loop6,12,ITN 0%/IRS 0%/Larvicide 0%,0;0.4;0.4_0;0;0_0;0;0_-100;2;5475_-100;2;5475_-100;2;5475,17.8328767123288,Incidence,1.76760147694261e-07
NbyGQVwzFc_loc12_loop6,12,ITN 0%/IRS 0%/Larvicide 0%,0;0.4;0.4_0;0;0_0;0;0_-100;2;5475_-100;2;5475_-100;2;5475,17.8356164383562,Incidence,1.77530975578019e-07
NbyGQVwzFc_loc12_loop6,12,ITN 0%/IRS 0%/Larvicide 0%,0;0.4;0.4_0;0;0_0;0;0_-100;2;5475_-100;2;5475_-100;2;5475,17.8383561643836,Incidence,1.78305373872955e-07
NbyGQVwzFc_loc12_loop6,12,ITN 0%/IRS 0%/Larvicide 0%,0;0.4;0.4_0;0;0_0;0;0_-100;2;5475_-100;2;5475_-100;2;5475,17.841095890411,Incidence,1.79083359834506e-07
NbyGQVwzFc_loc12_loop6,12,ITN 0%/IRS 0%/Larvicide 0%,0;0.4;0.4_0;0;0_0;0;0_-100;2;5475_-100;2;5475_-100;2;5475,17.8438356164384,Incidence,1.79864950804102e-07
NbyGQVwzFc_loc12_loop6,12,ITN 0%/IRS 0%/Larvicide 0%,0;0.4;0.4_0;0;0_0;0;0_-100;2;5475_-100;2;5475_-100;2;5475,17.8465753424658,Incidence,1.80650164209603e-07
NbyGQVwzFc_loc12_loop6,12,ITN 0%/IRS 0%/Larvicide 0%,0;0.4;0.4_0;0;0_0;0;0_-100;2;5475_-100;2;5475_-100;2;5475,17.8493150684932,Incidence,1.81439017565738e-07
NbyGQVwzFc_loc12_loop6,12,ITN 0%/IRS 0%/Larvicide 0%,0;0.4;0.4_0;0;0_0;0;0_-100;2;5475_-100;2;5475_-100;2;5475,17.8520547945206,Incidence,1.82231528474546e-07
NbyGQVwzFc_loc12_loop6,12,ITN 0%/IRS 0%/Larvicide 0%,0;0.4;0.4_0;0;0_0;0;0_-100;2;5475_-100;2;5475_-100;2;5475,17.8547945205479,Incidence,1.83027714625818e-07
NbyGQVwzFc_loc12_loop6,12,ITN 0%/IRS 0%/Larvicide 0%,0;0.4;0.4_0;0;0_0;0;0_-100;2;5475_-100;2;5475_-100;2;5475,17.8575342465753,Incidence,1.83827593797547e-07
NbyGQVwzFc_loc12_loop6,12,ITN 0%/IRS 0%/Larvicide 0%,0;0.4;0.4_0;0;0_0;0;0_-100;2;5475_-100;2;5475_-100;2;5475,17.8602739726027,Incidence,1.84631183856373e-07
NbyGQVwzFc_loc12_loop6,12,ITN 0%/IRS 0%/Larvicide 0%,0;0.4;0.4_0;0;0_0;0;0_-100;2;5475_-100;2;5475_-100;2;5475,17.8630136986301,Incidence,1.8543850275803e-07
NbyGQVwzFc_loc12_loop6,12,ITN 0%/IRS 0%/Larvicide 0%,0;0.4;0.4_0;0;0_0;0;0_-100;2;5475_-100;2;5475_-100;2;5475,17.8657534246575,Incidence,1.86249568547809e-07
NbyGQVwzFc_loc12_loop6,12,ITN 0%/IRS 0%/Larvicide 0%,0;0.4;0.4_0;0;0_0;0;0_-100;2;5475_-100;2;5475_-100;2;5475,17.8684931506849,Incidence,1.87064399360999e-07
NbyGQVwzFc_loc12_loop6,12,ITN 0%/IRS 0%/Larvicide 0%,0;0.4;0.4_0;0;0_0;0;0_-100;2;5475_-100;2;5475_-100;2;5475,17.8712328767123,Incidence,1.87883013423357e-07
NbyGQVwzFc_loc12_loop6,12,ITN 0%/IRS 0%/Larvicide 0%,0;0.4;0.4_0;0;0_0;0;0_-100;2;5475_-100;2;5475_-100;2;5475,17.8739726027397,Incidence,1.8870542905156e-07
NbyGQVwzFc_loc12_loop6,12,ITN 0%/IRS 0%/Larvicide 0%,0;0.4;0.4_0;0;0_0;0;0_-100;2;5475_-100;2;5475_-100;2;5475,17.8767123287671,Incidence,1.89531664653669e-07
NbyGQVwzFc_loc12_loop6,12,ITN 0%/IRS 0%/Larvicide 0%,0;0.4;0.4_0;0;0_0;0;0_-100;2;5475_-100;2;5475_-100;2;5475,17.8794520547945,Incidence,1.90361738729595e-07
NbyGQVwzFc_loc12_loop6,12,ITN 0%/IRS 0%/Larvicide 0%,0;0.4;0.4_0;0;0_0;0;0_-100;2;5475_-100;2;5475_-100;2;5475,17.8821917808219,Incidence,1.91195669871561e-07
NbyGQVwzFc_loc12_loop6,12,ITN 0%/IRS 0%/Larvicide 0%,0;0.4;0.4_0;0;0_0;0;0_-100;2;5475_-100;2;5475_-100;2;5475,17.8849315068493,Incidence,1.92033476764577e-07
NbyGQVwzFc_loc12_loop6,12,ITN 0%/IRS 0%/Larvicide 0%,0;0.4;0.4_0;0;0_0;0;0_-100;2;5475_-100;2;5475_-100;2;5475,17.8876712328767,Incidence,1.92875178186907e-07
NbyGQVwzFc_loc12_loop6,12,ITN 0%/IRS 0%/Larvicide 0%,0;0.4;0.4_0;0;0_0;0;0_-100;2;5475_-100;2;5475_-100;2;5475,17.8904109589041,Incidence,1.93720793010529e-07
NbyGQVwzFc_loc12_loop6,12,ITN 0%/IRS 0%/Larvicide 0%,0;0.4;0.4_0;0;0_0;0;0_-100;2;5475_-100;2;5475_-100;2;5475,17.8931506849315,Incidence,1.94570340200886e-07
NbyGQVwzFc_loc12_loop6,12,ITN 0%/IRS 0%/Larvicide 0%,0;0.4;0.4_0;0;0_0;0;0_-100;2;5475_-100;2;5475_-100;2;5475,17.8958904109589,Incidence,1.95423838817288e-07
NbyGQVwzFc_loc12_loop6,12,ITN 0%/IRS 0%/Larvicide 0%,0;0.4;0.4_0;0;0_0;0;0_-100;2;5475_-100;2;5475_-100;2;5475,17.8986301369863,Incidence,1.96281308014186e-07
NbyGQVwzFc_loc12_loop6,12,ITN 0%/IRS 0%/Larvicide 0%,0;0.4;0.4_0;0;0_0;0;0_-100;2;5475_-100;2;5475_-100;2;5475,17.9013698630137,Incidence,1.9714276704167e-07
NbyGQVwzFc_loc12_loop6,12,ITN 0%/IRS 0%/Larvicide 0%,0;0.4;0.4_0;0;0_0;0;0_-100;2;5475_-100;2;5475_-100;2;5475,17.9041095890411,Incidence,1.98008235245955e-07
NbyGQVwzFc_loc12_loop6,12,ITN 0%/IRS 0%/Larvicide 0%,0;0.4;0.4_0;0;0_0;0;0_-100;2;5475_-100;2;5475_-100;2;5475,17.9068493150685,Incidence,1.98877732069872e-07
NbyGQVwzFc_loc12_loop6,12,ITN 0%/IRS 0%/Larvicide 0%,0;0.4;0.4_0;0;0_0;0;0_-100;2;5475_-100;2;5475_-100;2;5475,17.9095890410959,Incidence,1.99751277053354e-07
NbyGQVwzFc_loc12_loop6,12,ITN 0%/IRS 0%/Larvicide 0%,0;0.4;0.4_0;0;0_0;0;0_-100;2;5475_-100;2;5475_-100;2;5475,17.9123287671233,Incidence,2.00628889833934e-07
NbyGQVwzFc_loc12_loop6,12,ITN 0%/IRS 0%/Larvicide 0%,0;0.4;0.4_0;0;0_0;0;0_-100;2;5475_-100;2;5475_-100;2;5475,17.9150684931507,Incidence,2.01510590147241e-07
NbyGQVwzFc_loc12_loop6,12,ITN 0%/IRS 0%/Larvicide 0%,0;0.4;0.4_0;0;0_0;0;0_-100;2;5475_-100;2;5475_-100;2;5475,17.9178082191781,Incidence,2.02396397827497e-07
NbyGQVwzFc_loc12_loop6,12,ITN 0%/IRS 0%/Larvicide 0%,0;0.4;0.4_0;0;0_0;0;0_-100;2;5475_-100;2;5475_-100;2;5475,17.9205479452055,Incidence,2.03286332808017e-07
NbyGQVwzFc_loc12_loop6,12,ITN 0%/IRS 0%/Larvicide 0%,0;0.4;0.4_0;0;0_0;0;0_-100;2;5475_-100;2;5475_-100;2;5475,17.9232876712329,Incidence,2.04180415121715e-07
NbyGQVwzFc_loc12_loop6,12,ITN 0%/IRS 0%/Larvicide 0%,0;0.4;0.4_0;0;0_0;0;0_-100;2;5475_-100;2;5475_-100;2;5475,17.9260273972603,Incidence,2.05078664901611e-07
NbyGQVwzFc_loc12_loop6,12,ITN 0%/IRS 0%/Larvicide 0%,0;0.4;0.4_0;0;0_0;0;0_-100;2;5475_-100;2;5475_-100;2;5475,17.9287671232877,Incidence,2.05981102381334e-07
NbyGQVwzFc_loc12_loop6,12,ITN 0%/IRS 0%/Larvicide 0%,0;0.4;0.4_0;0;0_0;0;0_-100;2;5475_-100;2;5475_-100;2;5475,17.9315068493151,Incidence,2.06887747895641e-07
NbyGQVwzFc_loc12_loop6,12,ITN 0%/IRS 0%/Larvicide 0%,0;0.4;0.4_0;0;0_0;0;0_-100;2;5475_-100;2;5475_-100;2;5475,17.9342465753425,Incidence,2.07798621880929e-07
NbyGQVwzFc_loc12_loop6,12,ITN 0%/IRS 0%/Larvicide 0%,0;0.4;0.4_0;0;0_0;0;0_-100;2;5475_-100;2;5475_-100;2;5475,17.9369863013699,Incidence,2.08713744875747e-07
NbyGQVwzFc_loc12_loop6,12,ITN 0%/IRS 0%/Larvicide 0%,0;0.4;0.4_0;0;0_0;0;0_-100;2;5475_-100;2;5475_-100;2;5475,17.9397260273973,Incidence,2.09633137521321e-07
NbyGQVwzFc_loc12_loop6,12,ITN 0%/IRS 0%/Larvicide 0%,0;0.4;0.4_0;0;0_0;0;0_-100;2;5475_-100;2;5475_-100;2;5475,17.9424657534247,Incidence,2.10556820562073e-07
NbyGQVwzFc_loc12_loop6,12,ITN 0%/IRS 0%/Larvicide 0%,0;0.4;0.4_0;0;0_0;0;0_-100;2;5475_-100;2;5475_-100;2;5475,17.9452054794521,Incidence,2.11484814846148e-07
NbyGQVwzFc_loc12_loop6,12,ITN 0%/IRS 0%/Larvicide 0%,0;0.4;0.4_0;0;0_0;0;0_-100;2;5475_-100;2;5475_-100;2;5475,17.9479452054795,Incidence,2.12417141325937e-07
NbyGQVwzFc_loc12_loop6,12,ITN 0%/IRS 0%/Larvicide 0%,0;0.4;0.4_0;0;0_0;0;0_-100;2;5475_-100;2;5475_-100;2;5475,17.9506849315069,Incidence,2.13353821058611e-07
NbyGQVwzFc_loc12_loop6,12,ITN 0%/IRS 0%/Larvicide 0%,0;0.4;0.4_0;0;0_0;0;0_-100;2;5475_-100;2;5475_-100;2;5475,17.9534246575342,Incidence,2.14294875206653e-07
NbyGQVwzFc_loc12_loop6,12,ITN 0%/IRS 0%/Larvicide 0%,0;0.4;0.4_0;0;0_0;0;0_-100;2;5475_-100;2;5475_-100;2;5475,17.9561643835616,Incidence,2.15240325038391e-07
NbyGQVwzFc_loc12_loop6,12,ITN 0%/IRS 0%/Larvicide 0%,0;0.4;0.4_0;0;0_0;0;0_-100;2;5475_-100;2;5475_-100;2;5475,17.958904109589,Incidence,2.16190191928538e-07
NbyGQVwzFc_loc12_loop6,12,ITN 0%/IRS 0%/Larvicide 0%,0;0.4;0.4_0;0;0_0;0;0_-100;2;5475_-100;2;5475_-100;2;5475,17.9616438356164,Incidence,2.17144497358736e-07
NbyGQVwzFc_loc12_loop6,12,ITN 0%/IRS 0%/Larvicide 0%,0;0.4;0.4_0;0;0_0;0;0_-100;2;5475_-100;2;5475_-100;2;5475,17.9643835616438,Incidence,2.18103262918092e-07
NbyGQVwzFc_loc12_loop6,12,ITN 0%/IRS 0%/Larvicide 0%,0;0.4;0.4_0;0;0_0;0;0_-100;2;5475_-100;2;5475_-100;2;5475,17.9671232876712,Incidence,2.19066510303729e-07
NbyGQVwzFc_loc12_loop6,12,ITN 0%/IRS 0%/Larvicide 0%,0;0.4;0.4_0;0;0_0;0;0_-100;2;5475_-100;2;5475_-100;2;5475,17.9698630136986,Incidence,2.20034261321339e-07
NbyGQVwzFc_loc12_loop6,12,ITN 0%/IRS 0%/Larvicide 0%,0;0.4;0.4_0;0;0_0;0;0_-100;2;5475_-100;2;5475_-100;2;5475,17.972602739726,Incidence,2.21006537885725e-07
NbyGQVwzFc_loc12_loop6,12,ITN 0%/IRS 0%/Larvicide 0%,0;0.4;0.4_0;0;0_0;0;0_-100;2;5475_-100;2;5475_-100;2;5475,17.9753424657534,Incidence,2.21983362021366e-07
NbyGQVwzFc_loc12_loop6,12,ITN 0%/IRS 0%/Larvicide 0%,0;0.4;0.4_0;0;0_0;0;0_-100;2;5475_-100;2;5475_-100;2;5475,17.9780821917808,Incidence,2.22964755862967e-07
NbyGQVwzFc_loc12_loop6,12,ITN 0%/IRS 0%/Larvicide 0%,0;0.4;0.4_0;0;0_0;0;0_-100;2;5475_-100;2;5475_-100;2;5475,17.9808219178082,Incidence,2.23950741656025e-07
NbyGQVwzFc_loc12_loop6,12,ITN 0%/IRS 0%/Larvicide 0%,0;0.4;0.4_0;0;0_0;0;0_-100;2;5475_-100;2;5475_-100;2;5475,17.9835616438356,Incidence,2.2494134175739e-07
NbyGQVwzFc_loc12_loop6,12,ITN 0%/IRS 0%/Larvicide 0%,0;0.4;0.4_0;0;0_0;0;0_-100;2;5475_-100;2;5475_-100;2;5475,17.986301369863,Incidence,2.25936578635827e-07
NbyGQVwzFc_loc12_loop6,12,ITN 0%/IRS 0%/Larvicide 0%,0;0.4;0.4_0;0;0_0;0;0_-100;2;5475_-100;2;5475_-100;2;5475,17.9890410958904,Incidence,2.26936474872594e-07
NbyGQVwzFc_loc12_loop6,12,ITN 0%/IRS 0%/Larvicide 0%,0;0.4;0.4_0;0;0_0;0;0_-100;2;5475_-100;2;5475_-100;2;5475,17.9917808219178,Incidence,2.27941053162006e-07
NbyGQVwzFc_loc12_loop6,12,ITN 0%/IRS 0%/Larvicide 0%,0;0.4;0.4_0;0;0_0;0;0_-100;2;5475_-100;2;5475_-100;2;5475,17.9945205479452,Incidence,2.28950336312013e-07
NbyGQVwzFc_loc12_loop6,12,ITN 0%/IRS 0%/Larvicide 0%,0;0.4;0.4_0;0;0_0;0;0_-100;2;5475_-100;2;5475_-100;2;5475,17.9972602739726,Incidence,2.29964347244778e-07
NbyGQVwzFc_loc12_loop6,12,ITN 0%/IRS 0%/Larvicide 0%,0;0.4;0.4_0;0;0_0;0;0_-100;2;5475_-100;2;5475_-100;2;5475,18,Incidence,2.30983108997256e-07
NbyGQVwzFc_loc12_loop6,12,ITN 0%/IRS 0%/Larvicide 0%,0;0.4;0.4_0;0;0_0;0;0_-100;2;5475_-100;2;5475_-100;2;5475,18.0027397260274,Incidence,2.32006644721782e-07
NbyGQVwzFc_loc12_loop6,12,ITN 0%/IRS 0%/Larvicide 0%,0;0.4;0.4_0;0;0_0;0;0_-100;2;5475_-100;2;5475_-100;2;5475,18.0054794520548,Incidence,2.3303497768665e-07
NbyGQVwzFc_loc12_loop6,12,ITN 0%/IRS 0%/Larvicide 0%,0;0.4;0.4_0;0;0_0;0;0_-100;2;5475_-100;2;5475_-100;2;5475,18.0082191780822,Incidence,2.34068131276711e-07
NbyGQVwzFc_loc12_loop6,12,ITN 0%/IRS 0%/Larvicide 0%,0;0.4;0.4_0;0;0_0;0;0_-100;2;5475_-100;2;5475_-100;2;5475,18.0109589041096,Incidence,2.35106128993959e-07
NbyGQVwzFc_loc12_loop6,12,ITN 0%/IRS 0%/Larvicide 0%,0;0.4;0.4_0;0;0_0;0;0_-100;2;5475_-100;2;5475_-100;2;5475,18.013698630137,Incidence,2.3614899445813e-07
NbyGQVwzFc_loc12_loop6,12,ITN 0%/IRS 0%/Larvicide 0%,0;0.4;0.4_0;0;0_0;0;0_-100;2;5475_-100;2;5475_-100;2;5475,18.0164383561644,Incidence,2.371967514073e-07
NbyGQVwzFc_loc12_loop6,12,ITN 0%/IRS 0%/Larvicide 0%,0;0.4;0.4_0;0;0_0;0;0_-100;2;5475_-100;2;5475_-100;2;5475,18.0191780821918,Incidence,2.38249423698486e-07
NbyGQVwzFc_loc12_loop6,12,ITN 0%/IRS 0%/Larvicide 0%,0;0.4;0.4_0;0;0_0;0;0_-100;2;5475_-100;2;5475_-100;2;5475,18.0219178082192,Incidence,2.39307035308253e-07
NbyGQVwzFc_loc12_loop6,12,ITN 0%/IRS 0%/Larvicide 0%,0;0.4;0.4_0;0;0_0;0;0_-100;2;5475_-100;2;5475_-100;2;5475,18.0246575342466,Incidence,2.40369610333317e-07
NbyGQVwzFc_loc12_loop6,12,ITN 0%/IRS 0%/Larvicide 0%,0;0.4;0.4_0;0;0_0;0;0_-100;2;5475_-100;2;5475_-100;2;5475,18.027397260274,Incidence,2.4143717299116e-07
NbyGQVwzFc_loc12_loop6,12,ITN 0%/IRS 0%/Larvicide 0%,0;0.4;0.4_0;0;0_0;0;0_-100;2;5475_-100;2;5475_-100;2;5475,18.0301369863014,Incidence,2.42509747620645e-07
NbyGQVwzFc_loc12_loop6,12,ITN 0%/IRS 0%/Larvicide 0%,0;0.4;0.4_0;0;0_0;0;0_-100;2;5475_-100;2;5475_-100;2;5475,18.0328767123288,Incidence,2.05969374931721e-07
NbyGQVwzFc_loc12_loop6,12,ITN 0%/IRS 0%/Larvicide 0%,0;0.4;0.4_0;0;0_0;0;0_-100;2;5475_-100;2;5475_-100;2;5475,18.0356164383562,Incidence,2.06080298301929e-07
NbyGQVwzFc_loc12_loop6,12,ITN 0%/IRS 0%/Larvicide 0%,0;0.4;0.4_0;0;0_0;0;0_-100;2;5475_-100;2;5475_-100;2;5475,18.0383561643836,Incidence,2.06240802385797e-07
NbyGQVwzFc_loc12_loop6,12,ITN 0%/IRS 0%/Larvicide 0%,0;0.4;0.4_0;0;0_0;0;0_-100;2;5475_-100;2;5475_-100;2;5475,18.041095890411,Incidence,2.06475072989339e-07
NbyGQVwzFc_loc12_loop6,12,ITN 0%/IRS 0%/Larvicide 0%,0;0.4;0.4_0;0;0_0;0;0_-100;2;5475_-100;2;5475_-100;2;5475,18.0438356164384,Incidence,2.0677682499987e-07
NbyGQVwzFc_loc12_loop6,12,ITN 0%/IRS 0%/Larvicide 0%,0;0.4;0.4_0;0;0_0;0;0_-100;2;5475_-100;2;5475_-100;2;5475,18.0465753424658,Incidence,2.0714034783405e-07
NbyGQVwzFc_loc12_loop6,12,ITN 0%/IRS 0%/Larvicide 0%,0;0.4;0.4_0;0;0_0;0;0_-100;2;5475_-100;2;5475_-100;2;5475,18.0493150684932,Incidence,2.07560452972268e-07
NbyGQVwzFc_loc12_loop6,12,ITN 0%/IRS 0%/Larvicide 0%,0;0.4;0.4_0;0;0_0;0;0_-100;2;5475_-100;2;5475_-100;2;5475,18.0520547945206,Incidence,2.08032426762767e-07
NbyGQVwzFc_loc12_loop6,12,ITN 0%/IRS 0%/Larvicide 0%,0;0.4;0.4_0;0;0_0;0;0_-100;2;5475_-100;2;5475_-100;2;5475,18.0547945205479,Incidence,2.08630933462536e-07
NbyGQVwzFc_loc12_loop6,12,ITN 0%/IRS 0%/Larvicide 0%,0;0.4;0.4_0;0;0_0;0;0_-100;2;5475_-100;2;5475_-100;2;5475,18.0575342465753,Incidence,2.08511235170488e-07
NbyGQVwzFc_loc12_loop6,12,ITN 0%/IRS 0%/Larvicide 0%,0;0.4;0.4_0;0;0_0;0;0_-100;2;5475_-100;2;5475_-100;2;5475,18.0602739726027,Incidence,2.08374509183977e-07
NbyGQVwzFc_loc12_loop6,12,ITN 0%/IRS 0%/Larvicide 0%,0;0.4;0.4_0;0;0_0;0;0_-100;2;5475_-100;2;5475_-100;2;5475,18.0630136986301,Incidence,2.08269225889679e-07
NbyGQVwzFc_loc12_loop6,12,ITN 0%/IRS 0%/Larvicide 0%,0;0.4;0.4_0;0;0_0;0;0_-100;2;5475_-100;2;5475_-100;2;5475,18.0657534246575,Incidence,2.0819854480949e-07
NbyGQVwzFc_loc12_loop6,12,ITN 0%/IRS 0%/Larvicide 0%,0;0.4;0.4_0;0;0_0;0;0_-100;2;5475_-100;2;5475_-100;2;5475,18.0684931506849,Incidence,2.08164833800544e-07
NbyGQVwzFc_loc12_loop6,12,ITN 0%/IRS 0%/Larvicide 0%,0;0.4;0.4_0;0;0_0;0;0_-100;2;5475_-100;2;5475_-100;2;5475,18.0712328767123,Incidence,2.08169807339424e-07
NbyGQVwzFc_loc12_loop6,12,ITN 0%/IRS 0%/Larvicide 0%,0;0.4;0.4_0;0;0_0;0;0_-100;2;5475_-100;2;5475_-100;2;5475,18.0739726027397,Incidence,2.08214632276767e-07
NbyGQVwzFc_loc12_loop6,12,ITN 0%/IRS 0%/Larvicide 0%,0;0.4;0.4_0;0;0_0;0;0_-100;2;5475_-100;2;5475_-100;2;5475,18.0767123287671,Incidence,2.08300015530353e-07
NbyGQVwzFc_loc12_loop6,12,ITN 0%/IRS 0%/Larvicide 0%,0;0.4;0.4_0;0;0_0;0;0_-100;2;5475_-100;2;5475_-100;2;5475,18.0794520547945,Incidence,2.08426276723356e-07
NbyGQVwzFc_loc12_loop6,12,ITN 0%/IRS 0%/Larvicide 0%,0;0.4;0.4_0;0;0_0;0;0_-100;2;5475_-100;2;5475_-100;2;5475,18.0821917808219,Incidence,2.08593410398203e-07
NbyGQVwzFc_loc12_loop6,12,ITN 0%/IRS 0%/Larvicide 0%,0;0.4;0.4_0;0;0_0;0;0_-100;2;5475_-100;2;5475_-100;2;5475,18.0849315068493,Incidence,2.08801141384294e-07
NbyGQVwzFc_loc12_loop6,12,ITN 0%/IRS 0%/Larvicide 0%,0;0.4;0.4_0;0;0_0;0;0_-100;2;5475_-100;2;5475_-100;2;5475,18.0876712328767,Incidence,2.0904897219738e-07
NbyGQVwzFc_loc12_loop6,12,ITN 0%/IRS 0%/Larvicide 0%,0;0.4;0.4_0;0;0_0;0;0_-100;2;5475_-100;2;5475_-100;2;5475,18.0904109589041,Incidence,2.08335822080911e-07
NbyGQVwzFc_loc12_loop6,12,ITN 0%/IRS 0%/Larvicide 0%,0;0.4;0.4_0;0;0_0;0;0_-100;2;5475_-100;2;5475_-100;2;5475,18.0931506849315,Incidence,2.06953272604804e-07
NbyGQVwzFc_loc12_loop6,12,ITN 0%/IRS 0%/Larvicide 0%,0;0.4;0.4_0;0;0_0;0;0_-100;2;5475_-100;2;5475_-100;2;5475,18.0958904109589,Incidence,2.05758371405982e-07
NbyGQVwzFc_loc12_loop6,12,ITN 0%/IRS 0%/Larvicide 0%,0;0.4;0.4_0;0;0_0;0;0_-100;2;5475_-100;2;5475_-100;2;5475,18.0986301369863,Incidence,2.04736238091309e-07
NbyGQVwzFc_loc12_loop6,12,ITN 0%/IRS 0%/Larvicide 0%,0;0.4;0.4_0;0;0_0;0;0_-100;2;5475_-100;2;5475_-100;2;5475,18.1013698630137,Incidence,2.03873201917359e-07
NbyGQVwzFc_loc12_loop6,12,ITN 0%/IRS 0%/Larvicide 0%,0;0.4;0.4_0;0;0_0;0;0_-100;2;5475_-100;2;5475_-100;2;5475,18.1041095890411,Incidence,2.03156703801023e-07
NbyGQVwzFc_loc12_loop6,12,ITN 0%/IRS 0%/Larvicide 0%,0;0.4;0.4_0;0;0_0;0;0_-100;2;5475_-100;2;5475_-100;2;5475,18.1068493150685,Incidence,2.02575206275037e-07
NbyGQVwzFc_loc12_loop6,12,ITN 0%/IRS 0%/Larvicide 0%,0;0.4;0.4_0;0;0_0;0;0_-100;2;5475_-100;2;5475_-100;2;5475,18.1095890410959,Incidence,2.02118110731271e-07
NbyGQVwzFc_loc12_loop6,12,ITN 0%/IRS 0%/Larvicide 0%,0;0.4;0.4_0;0;0_0;0;0_-100;2;5475_-100;2;5475_-100;2;5475,18.1123287671233,Incidence,2.01775681348835e-07
NbyGQVwzFc_loc12_loop6,12,ITN 0%/IRS 0%/Larvicide 0%,0;0.4;0.4_0;0;0_0;0;0_-100;2;5475_-100;2;5475_-100;2;5475,18.1150684931507,Incidence,2.01538975174444e-07
NbyGQVwzFc_loc12_loop6,12,ITN 0%/IRS 0%/Larvicide 0%,0;0.4;0.4_0;0;0_0;0;0_-100;2;5475_-100;2;5475_-100;2;5475,18.1178082191781,Incidence,2.01399777824966e-07
NbyGQVwzFc_loc12_loop6,12,ITN 0%/IRS 0%/Larvicide 0%,0;0.4;0.4_0;0;0_0;0;0_-100;2;5475_-100;2;5475_-100;2;5475,18.1205479452055,Incidence,2.01350545051925e-07
NbyGQVwzFc_loc12_loop6,12,ITN 0%/IRS 0%/Larvicide 0%,0;0.4;0.4_0;0;0_0;0;0_-100;2;5475_-100;2;5475_-100;2;5475,18.1232876712329,Incidence,2.01383197415149e-07
NbyGQVwzFc_loc12_loop6,12,ITN 0%/IRS 0%/Larvicide 0%,0;0.4;0.4_0;0;0_0;0;0_-100;2;5475_-100;2;5475_-100;2;5475,18.1260273972603,Incidence,2.01485831098403e-07
NbyGQVwzFc_loc12_loop6,12,ITN 0%/IRS 0%/Larvicide 0%,0;0.4;0.4_0;0;0_0;0;0_-100;2;5475_-100;2;5475_-100;2;5475,18.1287671232877,Incidence,2.01651989889653e-07
NbyGQVwzFc_loc12_loop6,12,ITN 0%/IRS 0%/Larvicide 0%,0;0.4;0.4_0;0;0_0;0;0_-100;2;5475_-100;2;5475_-100;2;5475,18.1315068493151,Incidence,2.01876443719395e-07
NbyGQVwzFc_loc12_loop6,12,ITN 0%/IRS 0%/Larvicide 0%,0;0.4;0.4_0;0;0_0;0;0_-100;2;5475_-100;2;5475_-100;2;5475,18.1342465753425,Incidence,2.02154437765248e-07
NbyGQVwzFc_loc12_loop6,12,ITN 0%/IRS 0%/Larvicide 0%,0;0.4;0.4_0;0;0_0;0;0_-100;2;5475_-100;2;5475_-100;2;5475,18.1369863013699,Incidence,2.02481648139575e-07
NbyGQVwzFc_loc12_loop6,12,ITN 0%/IRS 0%/Larvicide 0%,0;0.4;0.4_0;0;0_0;0;0_-100;2;5475_-100;2;5475_-100;2;5475,18.1397260273973,Incidence,2.02854141925372e-07
NbyGQVwzFc_loc12_loop6,12,ITN 0%/IRS 0%/Larvicide 0%,0;0.4;0.4_0;0;0_0;0;0_-100;2;5475_-100;2;5475_-100;2;5475,18.1424657534247,Incidence,2.03268341149255e-07
NbyGQVwzFc_loc12_loop6,12,ITN 0%/IRS 0%/Larvicide 0%,0;0.4;0.4_0;0;0_0;0;0_-100;2;5475_-100;2;5475_-100;2;5475,18.1452054794521,Incidence,2.03720990320063e-07
NbyGQVwzFc_loc12_loop6,12,ITN 0%/IRS 0%/Larvicide 0%,0;0.4;0.4_0;0;0_0;0;0_-100;2;5475_-100;2;5475_-100;2;5475,18.1479452054795,Incidence,2.04208869196768e-07
NbyGQVwzFc_loc12_loop6,12,ITN 0%/IRS 0%/Larvicide 0%,0;0.4;0.4_0;0;0_0;0;0_-100;2;5475_-100;2;5475_-100;2;5475,18.1506849315068,Incidence,2.04728651639053e-07
NbyGQVwzFc_loc12_loop6,12,ITN 0%/IRS 0%/Larvicide 0%,0;0.4;0.4_0;0;0_0;0;0_-100;2;5475_-100;2;5475_-100;2;5475,18.1534246575342,Incidence,2.05277299463116e-07
NbyGQVwzFc_loc12_loop6,12,ITN 0%/IRS 0%/Larvicide 0%,0;0.4;0.4_0;0;0_0;0;0_-100;2;5475_-100;2;5475_-100;2;5475,18.1561643835616,Incidence,2.05852065075501e-07
NbyGQVwzFc_loc12_loop6,12,ITN 0%/IRS 0%/Larvicide 0%,0;0.4;0.4_0;0;0_0;0;0_-100;2;5475_-100;2;5475_-100;2;5475,18.158904109589,Incidence,2.06450467189078e-07
NbyGQVwzFc_loc12_loop6,12,ITN 0%/IRS 0%/Larvicide 0%,0;0.4;0.4_0;0;0_0;0;0_-100;2;5475_-100;2;5475_-100;2;5475,18.1616438356164,Incidence,2.07070268265703e-07
NbyGQVwzFc_loc12_loop6,12,ITN 0%/IRS 0%/Larvicide 0%,0;0.4;0.4_0;0;0_0;0;0_-100;2;5475_-100;2;5475_-100;2;5475,18.1643835616438,Incidence,2.07709453608265e-07
NbyGQVwzFc_loc12_loop6,12,ITN 0%/IRS 0%/Larvicide 0%,0;0.4;0.4_0;0;0_0;0;0_-100;2;5475_-100;2;5475_-100;2;5475,18.1671232876712,Incidence,2.08366212017786e-07
NbyGQVwzFc_loc12_loop6,12,ITN 0%/IRS 0%/Larvicide 0%,0;0.4;0.4_0;0;0_0;0;0_-100;2;5475_-100;2;5475_-100;2;5475,18.1698630136986,Incidence,2.09038917923207e-07
NbyGQVwzFc_loc12_loop6,12,ITN 0%/IRS 0%/Larvicide 0%,0;0.4;0.4_0;0;0_0;0;0_-100;2;5475_-100;2;5475_-100;2;5475,18.172602739726,Incidence,2.09726114892667e-07
NbyGQVwzFc_loc12_loop6,12,ITN 0%/IRS 0%/Larvicide 0%,0;0.4;0.4_0;0;0_0;0;0_-100;2;5475_-100;2;5475_-100;2;5475,18.1753424657534,Incidence,2.1042650043964e-07
NbyGQVwzFc_loc12_loop6,12,ITN 0%/IRS 0%/Larvicide 0%,0;0.4;0.4_0;0;0_0;0;0_-100;2;5475_-100;2;5475_-100;2;5475,18.1780821917808,Incidence,2.11138912400702e-07
NbyGQVwzFc_loc12_loop6,12,ITN 0%/IRS 0%/Larvicide 0%,0;0.4;0.4_0;0;0_0;0;0_-100;2;5475_-100;2;5475_-100;2;5475,18.1808219178082,Incidence,2.11861980116542e-07
NbyGQVwzFc_loc12_loop6,12,ITN 0%/IRS 0%/Larvicide 0%,0;0.4;0.4_0;0;0_0;0;0_-100;2;5475_-100;2;5475_-100;2;5475,18.1835616438356,Incidence,2.12593399396069e-07
NbyGQVwzFc_loc12_loop6,12,ITN 0%/IRS 0%/Larvicide 0%,0;0.4;0.4_0;0;0_0;0;0_-100;2;5475_-100;2;5475_-100;2;5475,18.186301369863,Incidence,2.13331044145953e-07
NbyGQVwzFc_loc12_loop6,12,ITN 0%/IRS 0%/Larvicide 0%,0;0.4;0.4_0;0;0_0;0;0_-100;2;5475_-100;2;5475_-100;2;5475,18.1890410958904,Incidence,2.14073180002902e-07
NbyGQVwzFc_loc12_loop6,12,ITN 0%/IRS 0%/Larvicide 0%,0;0.4;0.4_0;0;0_0;0;0_-100;2;5475_-100;2;5475_-100;2;5475,18.1917808219178,Incidence,2.14818403941716e-07
NbyGQVwzFc_loc12_loop6,12,ITN 0%/IRS 0%/Larvicide 0%,0;0.4;0.4_0;0;0_0;0;0_-100;2;5475_-100;2;5475_-100;2;5475,18.1945205479452,Incidence,2.1556559295684e-07
NbyGQVwzFc_loc12_loop6,12,ITN 0%/IRS 0%/Larvicide 0%,0;0.4;0.4_0;0;0_0;0;0_-100;2;5475_-100;2;5475_-100;2;5475,18.1972602739726,Incidence,2.16313860451309e-07
NbyGQVwzFc_loc12_loop6,12,ITN 0%/IRS 0%/Larvicide 0%,0;0.4;0.4_0;0;0_0;0;0_-100;2;5475_-100;2;5475_-100;2;5475,18.2,Incidence,2.17062519145737e-07
NbyGQVwzFc_loc12_loop6,12,ITN 0%/IRS 0%/Larvicide 0%,0;0.4;0.4_0;0;0_0;0;0_-100;2;5475_-100;2;5475_-100;2;5475,18.2027397260274,Incidence,2.17811049511018e-07
NbyGQVwzFc_loc12_loop6,12,ITN 0%/IRS 0%/Larvicide 0%,0;0.4;0.4_0;0;0_0;0;0_-100;2;5475_-100;2;5475_-100;2;5475,18.2054794520548,Incidence,2.18559072887336e-07
NbyGQVwzFc_loc12_loop6,12,ITN 0%/IRS 0%/Larvicide 0%,0;0.4;0.4_0;0;0_0;0;0_-100;2;5475_-100;2;5475_-100;2;5475,18.2082191780822,Incidence,2.19306328584474e-07
NbyGQVwzFc_loc12_loop6,12,ITN 0%/IRS 0%/Larvicide 0%,0;0.4;0.4_0;0;0_0;0;0_-100;2;5475_-100;2;5475_-100;2;5475,18.2109589041096,Incidence,2.20052654369159e-07
NbyGQVwzFc_loc12_loop6,12,ITN 0%/IRS 0%/Larvicide 0%,0;0.4;0.4_0;0;0_0;0;0_-100;2;5475_-100;2;5475_-100;2;5475,18.213698630137,Incidence,2.20797969466231e-07
NbyGQVwzFc_loc12_loop6,12,ITN 0%/IRS 0%/Larvicide 0%,0;0.4;0.4_0;0;0_0;0;0_-100;2;5475_-100;2;5475_-100;2;5475,18.2164383561644,Incidence,2.21542257000836e-07
NbyGQVwzFc_loc12_loop6,12,ITN 0%/IRS 0%/Larvicide 0%,0;0.4;0.4_0;0;0_0;0;0_-100;2;5475_-100;2;5475_-100;2;5475,18.2191780821918,Incidence,2.22285549530862e-07
NbyGQVwzFc_loc12_loop6,12,ITN 0%/IRS 0%/Larvicide 0%,0;0.4;0.4_0;0;0_0;0;0_-100;2;5475_-100;2;5475_-100;2;5475,18.2219178082192,Incidence,2.23027919444426e-07
NbyGQVwzFc_loc12_loop6,12,ITN 0%/IRS 0%/Larvicide 0%,0;0.4;0.4_0;0;0_0;0;0_-100;2;5475_-100;2;5475_-100;2;5475,18.2246575342466,Incidence,2.23769471081264e-07
NbyGQVwzFc_loc12_loop6,12,ITN 0%/IRS 0%/Larvicide 0%,0;0.4;0.4_0;0;0_0;0;0_-100;2;5475_-100;2;5475_-100;2;5475,18.227397260274,Incidence,2.24510334084078e-07
NbyGQVwzFc_loc12_loop6,12,ITN 0%/IRS 0%/Larvicide 0%,0;0.4;0.4_0;0;0_0;0;0_-100;2;5475_-100;2;5475_-100;2;5475,18.2301369863014,Incidence,2.25250657686922e-07
NbyGQVwzFc_loc12_loop6,12,ITN 0%/IRS 0%/Larvicide 0%,0;0.4;0.4_0;0;0_0;0;0_-100;2;5475_-100;2;5475_-100;2;5475,18.2328767123288,Incidence,2.25990606027237e-07
NbyGQVwzFc_loc12_loop6,12,ITN 0%/IRS 0%/Larvicide 0%,0;0.4;0.4_0;0;0_0;0;0_-100;2;5475_-100;2;5475_-100;2;5475,18.2356164383562,Incidence,2.2673035418622e-07
NbyGQVwzFc_loc12_loop6,12,ITN 0%/IRS 0%/Larvicide 0%,0;0.4;0.4_0;0;0_0;0;0_-100;2;5475_-100;2;5475_-100;2;5475,18.2383561643836,Incidence,2.27470084782935e-07
NbyGQVwzFc_loc12_loop6,12,ITN 0%/IRS 0%/Larvicide 0%,0;0.4;0.4_0;0;0_0;0;0_-100;2;5475_-100;2;5475_-100;2;5475,18.241095890411,Incidence,2.28209984787966e-07
NbyGQVwzFc_loc12_loop6,12,ITN 0%/IRS 0%/Larvicide 0%,0;0.4;0.4_0;0;0_0;0;0_-100;2;5475_-100;2;5475_-100;2;5475,18.2438356164384,Incidence,2.28950242736119e-07
NbyGQVwzFc_loc12_loop6,12,ITN 0%/IRS 0%/Larvicide 0%,0;0.4;0.4_0;0;0_0;0;0_-100;2;5475_-100;2;5475_-100;2;5475,18.2465753424658,Incidence,2.29691046463573e-07
NbyGQVwzFc_loc12_loop6,12,ITN 0%/IRS 0%/Larvicide 0%,0;0.4;0.4_0;0;0_0;0;0_-100;2;5475_-100;2;5475_-100;2;5475,18.2493150684932,Incidence,2.30432581298995e-07
NbyGQVwzFc_loc12_loop6,12,ITN 0%/IRS 0%/Larvicide 0%,0;0.4;0.4_0;0;0_0;0;0_-100;2;5475_-100;2;5475_-100;2;5475,18.2520547945205,Incidence,2.31175028638783e-07
NbyGQVwzFc_loc12_loop6,12,ITN 0%/IRS 0%/Larvicide 0%,0;0.4;0.4_0;0;0_0;0;0_-100;2;5475_-100;2;5475_-100;2;5475,18.2547945205479,Incidence,2.31918564846474e-07
NbyGQVwzFc_loc12_loop6,12,ITN 0%/IRS 0%/Larvicide 0%,0;0.4;0.4_0;0;0_0;0;0_-100;2;5475_-100;2;5475_-100;2;5475,18.2575342465753,Incidence,2.32663360424817e-07
NbyGQVwzFc_loc12_loop6,12,ITN 0%/IRS 0%/Larvicide 0%,0;0.4;0.4_0;0;0_0;0;0_-100;2;5475_-100;2;5475_-100;2;5475,18.2602739726027,Incidence,2.33409579416357e-07
NbyGQVwzFc_loc12_loop6,12,ITN 0%/IRS 0%/Larvicide 0%,0;0.4;0.4_0;0;0_0;0;0_-100;2;5475_-100;2;5475_-100;2;5475,18.2630136986301,Incidence,2.34157378994656e-07
NbyGQVwzFc_loc12_loop6,12,ITN 0%/IRS 0%/Larvicide 0%,0;0.4;0.4_0;0;0_0;0;0_-100;2;5475_-100;2;5475_-100;2;5475,18.2657534246575,Incidence,2.3490690922193e-07
NbyGQVwzFc_loc12_loop6,12,ITN 0%/IRS 0%/Larvicide 0%,0;0.4;0.4_0;0;0_0;0;0_-100;2;5475_-100;2;5475_-100;2;5475,18.2684931506849,Incidence,2.35658312991064e-07
NbyGQVwzFc_loc12_loop6,12,ITN 0%/IRS 0%/Larvicide 0%,0;0.4;0.4_0;0;0_0;0;0_-100;2;5475_-100;2;5475_-100;2;5475,18.2712328767123,Incidence,2.36411725793529e-07
NbyGQVwzFc_loc12_loop6,12,ITN 0%/IRS 0%/Larvicide 0%,0;0.4;0.4_0;0;0_0;0;0_-100;2;5475_-100;2;5475_-100;2;5475,18.2739726027397,Incidence,2.37167274980876e-07
NbyGQVwzFc_loc12_loop6,12,ITN 0%/IRS 0%/Larvicide 0%,0;0.4;0.4_0;0;0_0;0;0_-100;2;5475_-100;2;5475_-100;2;5475,18.2767123287671,Incidence,2.37925078734683e-07
NbyGQVwzFc_loc12_loop6,12,ITN 0%/IRS 0%/Larvicide 0%,0;0.4;0.4_0;0;0_0;0;0_-100;2;5475_-100;2;5475_-100;2;5475,18.2794520547945,Incidence,2.38685245439656e-07
NbyGQVwzFc_loc12_loop6,12,ITN 0%/IRS 0%/Larvicide 0%,0;0.4;0.4_0;0;0_0;0;0_-100;2;5475_-100;2;5475_-100;2;5475,18.2821917808219,Incidence,2.39447873454332e-07
NbyGQVwzFc_loc12_loop6,12,ITN 0%/IRS 0%/Larvicide 0%,0;0.4;0.4_0;0;0_0;0;0_-100;2;5475_-100;2;5475_-100;2;5475,18.2849315068493,Incidence,2.40213051179432e-07
NbyGQVwzFc_loc12_loop6,12,ITN 0%/IRS 0%/Larvicide 0%,0;0.4;0.4_0;0;0_0;0;0_-100;2;5475_-100;2;5475_-100;2;5475,18.2876712328767,Incidence,2.40980857344461e-07
NbyGQVwzFc_loc12_loop6,12,ITN 0%/IRS 0%/Larvicide 0%,0;0.4;0.4_0;0;0_0;0;0_-100;2;5475_-100;2;5475_-100;2;5475,18.2904109589041,Incidence,2.41751361449902e-07
NbyGQVwzFc_loc12_loop6,12,ITN 0%/IRS 0%/Larvicide 0%,0;0.4;0.4_0;0;0_0;0;0_-100;2;5475_-100;2;5475_-100;2;5475,18.2931506849315,Incidence,2.42524624315815e-07
NbyGQVwzFc_loc12_loop6,12,ITN 0%/IRS 0%/Larvicide 0%,0;0.4;0.4_0;0;0_0;0;0_-100;2;5475_-100;2;5475_-100;2;5475,18.2958904109589,Incidence,2.43300698698493e-07
NbyGQVwzFc_loc12_loop6,12,ITN 0%/IRS 0%/Larvicide 0%,0;0.4;0.4_0;0;0_0;0;0_-100;2;5475_-100;2;5475_-100;2;5475,18.2986301369863,Incidence,2.44079629945474e-07
NbyGQVwzFc_loc12_loop6,12,ITN 0%/IRS 0%/Larvicide 0%,0;0.4;0.4_0;0;0_0;0;0_-100;2;5475_-100;2;5475_-100;2;5475,18.3013698630137,Incidence,2.44861456666189e-07
NbyGQVwzFc_loc12_loop6,12,ITN 0%/IRS 0%/Larvicide 0%,0;0.4;0.4_0;0;0_0;0;0_-100;2;5475_-100;2;5475_-100;2;5475,18.3041095890411,Incidence,2.45646211400908e-07
NbyGQVwzFc_loc12_loop6,12,ITN 0%/IRS 0%/Larvicide 0%,0;0.4;0.4_0;0;0_0;0;0_-100;2;5475_-100;2;5475_-100;2;5475,18.3068493150685,Incidence,2.4643392127353e-07
NbyGQVwzFc_loc12_loop6,12,ITN 0%/IRS 0%/Larvicide 0%,0;0.4;0.4_0;0;0_0;0;0_-100;2;5475_-100;2;5475_-100;2;5475,18.3095890410959,Incidence,2.47224608647361e-07
NbyGQVwzFc_loc12_loop6,12,ITN 0%/IRS 0%/Larvicide 0%,0;0.4;0.4_0;0;0_0;0;0_-100;2;5475_-100;2;5475_-100;2;5475,18.3123287671233,Incidence,2.48018291734421e-07
NbyGQVwzFc_loc12_loop6,12,ITN 0%/IRS 0%/Larvicide 0%,0;0.4;0.4_0;0;0_0;0;0_-100;2;5475_-100;2;5475_-100;2;5475,18.3150684931507,Incidence,2.48814985053786e-07
NbyGQVwzFc_loc12_loop6,12,ITN 0%/IRS 0%/Larvicide 0%,0;0.4;0.4_0;0;0_0;0;0_-100;2;5475_-100;2;5475_-100;2;5475,18.3178082191781,Incidence,2.49614699984631e-07
NbyGQVwzFc_loc12_loop6,12,ITN 0%/IRS 0%/Larvicide 0%,0;0.4;0.4_0;0;0_0;0;0_-100;2;5475_-100;2;5475_-100;2;5475,18.3205479452055,Incidence,2.50417445240351e-07
NbyGQVwzFc_loc12_loop6,12,ITN 0%/IRS 0%/Larvicide 0%,0;0.4;0.4_0;0;0_0;0;0_-100;2;5475_-100;2;5475_-100;2;5475,18.3232876712329,Incidence,2.51223227302054e-07
NbyGQVwzFc_loc12_loop6,12,ITN 0%/IRS 0%/Larvicide 0%,0;0.4;0.4_0;0;0_0;0;0_-100;2;5475_-100;2;5475_-100;2;5475,18.3260273972603,Incidence,2.52032050813779e-07
NbyGQVwzFc_loc12_loop6,12,ITN 0%/IRS 0%/Larvicide 0%,0;0.4;0.4_0;0;0_0;0;0_-100;2;5475_-100;2;5475_-100;2;5475,18.3287671232877,Incidence,2.52843918940913e-07
NbyGQVwzFc_loc12_loop6,12,ITN 0%/IRS 0%/Larvicide 0%,0;0.4;0.4_0;0;0_0;0;0_-100;2;5475_-100;2;5475_-100;2;5475,18.3315068493151,Incidence,2.53658833693283e-07
NbyGQVwzFc_loc12_loop6,12,ITN 0%/IRS 0%/Larvicide 0%,0;0.4;0.4_0;0;0_0;0;0_-100;2;5475_-100;2;5475_-100;2;5475,18.3342465753425,Incidence,2.54476796214495e-07
NbyGQVwzFc_loc12_loop6,12,ITN 0%/IRS 0%/Larvicide 0%,0;0.4;0.4_0;0;0_0;0;0_-100;2;5475_-100;2;5475_-100;2;5475,18.3369863013699,Incidence,2.55297807039226e-07
NbyGQVwzFc_loc12_loop6,12,ITN 0%/IRS 0%/Larvicide 0%,0;0.4;0.4_0;0;0_0;0;0_-100;2;5475_-100;2;5475_-100;2;5475,18.3397260273973,Incidence,2.56121866320444e-07
NbyGQVwzFc_loc12_loop6,12,ITN 0%/IRS 0%/Larvicide 0%,0;0.4;0.4_0;0;0_0;0;0_-100;2;5475_-100;2;5475_-100;2;5475,18.3424657534247,Incidence,2.56948974028588e-07
NbyGQVwzFc_loc12_loop6,12,ITN 0%/IRS 0%/Larvicide 0%,0;0.4;0.4_0;0;0_0;0;0_-100;2;5475_-100;2;5475_-100;2;5475,18.3452054794521,Incidence,2.57779130124831e-07
NbyGQVwzFc_loc12_loop6,12,ITN 0%/IRS 0%/Larvicide 0%,0;0.4;0.4_0;0;0_0;0;0_-100;2;5475_-100;2;5475_-100;2;5475,18.3479452054795,Incidence,2.58612334710535e-07
NbyGQVwzFc_loc12_loop6,12,ITN 0%/IRS 0%/Larvicide 0%,0;0.4;0.4_0;0;0_0;0;0_-100;2;5475_-100;2;5475_-100;2;5475,18.3506849315069,Incidence,2.59448588154969e-07
NbyGQVwzFc_loc12_loop6,12,ITN 0%/IRS 0%/Larvicide 0%,0;0.4;0.4_0;0;0_0;0;0_-100;2;5475_-100;2;5475_-100;2;5475,18.3534246575343,Incidence,2.60287891245931e-07
NbyGQVwzFc_loc12_loop6,12,ITN 0%/IRS 0%/Larvicide 0%,0;0.4;0.4_0;0;0_0;0;0_-100;2;5475_-100;2;5475_-100;2;5475,18.3561643835616,Incidence,2.61130245270461e-07
NbyGQVwzFc_loc12_loop6,12,ITN 0%/IRS 0%/Larvicide 0%,0;0.4;0.4_0;0;0_0;0;0_-100;2;5475_-100;2;5475_-100;2;5475,18.358904109589,Incidence,2.61975652014823e-07
NbyGQVwzFc_loc12_loop6,12,ITN 0%/IRS 0%/Larvicide 0%,0;0.4;0.4_0;0;0_0;0;0_-100;2;5475_-100;2;5475_-100;2;5475,18.3616438356164,Incidence,2.62824113864531e-07
NbyGQVwzFc_loc12_loop6,12,ITN 0%/IRS 0%/Larvicide 0%,0;0.4;0.4_0;0;0_0;0;0_-100;2;5475_-100;2;5475_-100;2;5475,18.3643835616438,Incidence,2.63675633851193e-07
NbyGQVwzFc_loc12_loop6,12,ITN 0%/IRS 0%/Larvicide 0%,0;0.4;0.4_0;0;0_0;0;0_-100;2;5475_-100;2;5475_-100;2;5475,18.3671232876712,Incidence,2.64530215686574e-07
NbyGQVwzFc_loc12_loop6,12,ITN 0%/IRS 0%/Larvicide 0%,0;0.4;0.4_0;0;0_0;0;0_-100;2;5475_-100;2;5475_-100;2;5475,18.3698630136986,Incidence,2.6538786378461e-07
NbyGQVwzFc_loc12_loop6,12,ITN 0%/IRS 0%/Larvicide 0%,0;0.4;0.4_0;0;0_0;0;0_-100;2;5475_-100;2;5475_-100;2;5475,18.372602739726,Incidence,2.66248583272312e-07
NbyGQVwzFc_loc12_loop6,12,ITN 0%/IRS 0%/Larvicide 0%,0;0.4;0.4_0;0;0_0;0;0_-100;2;5475_-100;2;5475_-100;2;5475,18.3753424657534,Incidence,2.67112379990687e-07
NbyGQVwzFc_loc12_loop6,12,ITN 0%/IRS 0%/Larvicide 0%,0;0.4;0.4_0;0;0_0;0;0_-100;2;5475_-100;2;5475_-100;2;5475,18.3780821917808,Incidence,2.6797926048693e-07
NbyGQVwzFc_loc12_loop6,12,ITN 0%/IRS 0%/Larvicide 0%,0;0.4;0.4_0;0;0_0;0;0_-100;2;5475_-100;2;5475_-100;2;5475,18.3808219178082,Incidence,2.6884923199918e-07
NbyGQVwzFc_loc12_loop6,12,ITN 0%/IRS 0%/Larvicide 0%,0;0.4;0.4_0;0;0_0;0;0_-100;2;5475_-100;2;5475_-100;2;5475,18.3835616438356,Incidence,2.69722302435098e-07
NbyGQVwzFc_loc12_loop6,12,ITN 0%/IRS 0%/Larvicide 0%,0;0.4;0.4_0;0;0_0;0;0_-100;2;5475_-100;2;5475_-100;2;5475,18.386301369863,Incidence,2.70598480345455e-07
NbyGQVwzFc_loc12_loop6,12,ITN 0%/IRS 0%/Larvicide 0%,0;0.4;0.4_0;0;0_0;0;0_-100;2;5475_-100;2;5475_-100;2;5475,18.3890410958904,Incidence,2.71477774893838e-07
NbyGQVwzFc_loc12_loop6,12,ITN 0%/IRS 0%/Larvicide 0%,0;0.4;0.4_0;0;0_0;0;0_-100;2;5475_-100;2;5475_-100;2;5475,18.3917808219178,Incidence,2.72360195823504e-07
NbyGQVwzFc_loc12_loop6,12,ITN 0%/IRS 0%/Larvicide 0%,0;0.4;0.4_0;0;0_0;0;0_-100;2;5475_-100;2;5475_-100;2;5475,18.3945205479452,Incidence,2.73245753422249e-07
NbyGQVwzFc_loc12_loop6,12,ITN 0%/IRS 0%/Larvicide 0%,0;0.4;0.4_0;0;0_0;0;0_-100;2;5475_-100;2;5475_-100;2;5475,18.3972602739726,Incidence,2.74134458516234e-07
NbyGQVwzFc_loc12_loop6,12,ITN 0%/IRS 0%/Larvicide 0%,0;0.4;0.4_0;0;0_0;0;0_-100;2;5475_-100;2;5475_-100;2;5475,18.4,Incidence,2.75026322453724e-07
NbyGQVwzFc_loc12_loop6,12,ITN 0%/IRS 0%/Larvicide 0%,0;0.4;0.4_0;0;0_0;0;0_-100;2;5475_-100;2;5475_-100;2;5475,18.4027397260274,Incidence,2.75921356969821e-07
NbyGQVwzFc_loc12_loop6,12,ITN 0%/IRS 0%/Larvicide 0%,0;0.4;0.4_0;0;0_0;0;0_-100;2;5475_-100;2;5475_-100;2;5475,18.4054794520548,Incidence,2.76819574195636e-07
NbyGQVwzFc_loc12_loop6,12,ITN 0%/IRS 0%/Larvicide 0%,0;0.4;0.4_0;0;0_0;0;0_-100;2;5475_-100;2;5475_-100;2;5475,18.4082191780822,Incidence,2.77720986624962e-07
NbyGQVwzFc_loc12_loop6,12,ITN 0%/IRS 0%/Larvicide 0%,0;0.4;0.4_0;0;0_0;0;0_-100;2;5475_-100;2;5475_-100;2;5475,18.4109589041096,Incidence,2.78625607080372e-07
NbyGQVwzFc_loc12_loop6,12,ITN 0%/IRS 0%/Larvicide 0%,0;0.4;0.4_0;0;0_0;0;0_-100;2;5475_-100;2;5475_-100;2;5475,18.413698630137,Incidence,2.79533448680857e-07
NbyGQVwzFc_loc12_loop6,12,ITN 0%/IRS 0%/Larvicide 0%,0;0.4;0.4_0;0;0_0;0;0_-100;2;5475_-100;2;5475_-100;2;5475,18.4164383561644,Incidence,2.80444524811162e-07
NbyGQVwzFc_loc12_loop6,12,ITN 0%/IRS 0%/Larvicide 0%,0;0.4;0.4_0;0;0_0;0;0_-100;2;5475_-100;2;5475_-100;2;5475,18.4191780821918,Incidence,2.81358849092997e-07
NbyGQVwzFc_loc12_loop6,12,ITN 0%/IRS 0%/Larvicide 0%,0;0.4;0.4_0;0;0_0;0;0_-100;2;5475_-100;2;5475_-100;2;5475,18.4219178082192,Incidence,2.82276435358177e-07
NbyGQVwzFc_loc12_loop6,12,ITN 0%/IRS 0%/Larvicide 0%,0;0.4;0.4_0;0;0_0;0;0_-100;2;5475_-100;2;5475_-100;2;5475,18.4246575342466,Incidence,2.83197297623766e-07
NbyGQVwzFc_loc12_loop6,12,ITN 0%/IRS 0%/Larvicide 0%,0;0.4;0.4_0;0;0_0;0;0_-100;2;5475_-100;2;5475_-100;2;5475,18.427397260274,Incidence,2.84121450069222e-07
NbyGQVwzFc_loc12_loop6,12,ITN 0%/IRS 0%/Larvicide 0%,0;0.4;0.4_0;0;0_0;0;0_-100;2;5475_-100;2;5475_-100;2;5475,18.4301369863014,Incidence,2.85048907015553e-07
NbyGQVwzFc_loc12_loop6,12,ITN 0%/IRS 0%/Larvicide 0%,0;0.4;0.4_0;0;0_0;0;0_-100;2;5475_-100;2;5475_-100;2;5475,18.4328767123288,Incidence,2.85979682906433e-07
NbyGQVwzFc_loc12_loop6,12,ITN 0%/IRS 0%/Larvicide 0%,0;0.4;0.4_0;0;0_0;0;0_-100;2;5475_-100;2;5475_-100;2;5475,18.4356164383562,Incidence,2.86913792291241e-07
NbyGQVwzFc_loc12_loop6,12,ITN 0%/IRS 0%/Larvicide 0%,0;0.4;0.4_0;0;0_0;0;0_-100;2;5475_-100;2;5475_-100;2;5475,18.4383561643836,Incidence,2.87851249809933e-07
NbyGQVwzFc_loc12_loop6,12,ITN 0%/IRS 0%/Larvicide 0%,0;0.4;0.4_0;0;0_0;0;0_-100;2;5475_-100;2;5475_-100;2;5475,18.441095890411,Incidence,2.88792070185808e-07
NbyGQVwzFc_loc12_loop6,12,ITN 0%/IRS 0%/Larvicide 0%,0;0.4;0.4_0;0;0_0;0;0_-100;2;5475_-100;2;5475_-100;2;5475,18.4438356164384,Incidence,2.8973626827843e-07
NbyGQVwzFc_loc12_loop6,12,ITN 0%/IRS 0%/Larvicide 0%,0;0.4;0.4_0;0;0_0;0;0_-100;2;5475_-100;2;5475_-100;2;5475,18.4465753424658,Incidence,2.90683858970636e-07
NbyGQVwzFc_loc12_loop6,12,ITN 0%/IRS 0%/Larvicide 0%,0;0.4;0.4_0;0;0_0;0;0_-100;2;5475_-100;2;5475_-100;2;5475,18.4493150684932,Incidence,2.9163485717428e-07
NbyGQVwzFc_loc12_loop6,12,ITN 0%/IRS 0%/Larvicide 0%,0;0.4;0.4_0;0;0_0;0;0_-100;2;5475_-100;2;5475_-100;2;5475,18.4520547945206,Incidence,2.92589277840065e-07
NbyGQVwzFc_loc12_loop6,12,ITN 0%/IRS 0%/Larvicide 0%,0;0.4;0.4_0;0;0_0;0;0_-100;2;5475_-100;2;5475_-100;2;5475,18.4547945205479,Incidence,2.93547135951586e-07
NbyGQVwzFc_loc12_loop6,12,ITN 0%/IRS 0%/Larvicide 0%,0;0.4;0.4_0;0;0_0;0;0_-100;2;5475_-100;2;5475_-100;2;5475,18.4575342465753,Incidence,2.94508446520564e-07
NbyGQVwzFc_loc12_loop6,12,ITN 0%/IRS 0%/Larvicide 0%,0;0.4;0.4_0;0;0_0;0;0_-100;2;5475_-100;2;5475_-100;2;5475,18.4602739726027,Incidence,2.95473224583143e-07
NbyGQVwzFc_loc12_loop6,12,ITN 0%/IRS 0%/Larvicide 0%,0;0.4;0.4_0;0;0_0;0;0_-100;2;5475_-100;2;5475_-100;2;5475,18.4630136986301,Incidence,2.96441485197178e-07
NbyGQVwzFc_loc12_loop6,12,ITN 0%/IRS 0%/Larvicide 0%,0;0.4;0.4_0;0;0_0;0;0_-100;2;5475_-100;2;5475_-100;2;5475,18.4657534246575,Incidence,2.97413243440395e-07
NbyGQVwzFc_loc12_loop6,12,ITN 0%/IRS 0%/Larvicide 0%,0;0.4;0.4_0;0;0_0;0;0_-100;2;5475_-100;2;5475_-100;2;5475,18.4684931506849,Incidence,2.98388514409336e-07
NbyGQVwzFc_loc12_loop6,12,ITN 0%/IRS 0%/Larvicide 0%,0;0.4;0.4_0;0;0_0;0;0_-100;2;5475_-100;2;5475_-100;2;5475,18.4712328767123,Incidence,2.99367313218997e-07
NbyGQVwzFc_loc12_loop6,12,ITN 0%/IRS 0%/Larvicide 0%,0;0.4;0.4_0;0;0_0;0;0_-100;2;5475_-100;2;5475_-100;2;5475,18.4739726027397,Incidence,3.00349655003059e-07
NbyGQVwzFc_loc12_loop6,12,ITN 0%/IRS 0%/Larvicide 0%,0;0.4;0.4_0;0;0_0;0;0_-100;2;5475_-100;2;5475_-100;2;5475,18.4767123287671,Incidence,3.01335554914647e-07
NbyGQVwzFc_loc12_loop6,12,ITN 0%/IRS 0%/Larvicide 0%,0;0.4;0.4_0;0;0_0;0;0_-100;2;5475_-100;2;5475_-100;2;5475,18.4794520547945,Incidence,3.02325028127519e-07
NbyGQVwzFc_loc12_loop6,12,ITN 0%/IRS 0%/Larvicide 0%,0;0.4;0.4_0;0;0_0;0;0_-100;2;5475_-100;2;5475_-100;2;5475,18.4821917808219,Incidence,3.03318089837617e-07
NbyGQVwzFc_loc12_loop6,12,ITN 0%/IRS 0%/Larvicide 0%,0;0.4;0.4_0;0;0_0;0;0_-100;2;5475_-100;2;5475_-100;2;5475,18.4849315068493,Incidence,3.04314755264925e-07
NbyGQVwzFc_loc12_loop6,12,ITN 0%/IRS 0%/Larvicide 0%,0;0.4;0.4_0;0;0_0;0;0_-100;2;5475_-100;2;5475_-100;2;5475,18.4876712328767,Incidence,3.05315039675411e-07
NbyGQVwzFc_loc12_loop6,12,ITN 0%/IRS 0%/Larvicide 0%,0;0.4;0.4_0;0;0_0;0;0_-100;2;5475_-100;2;5475_-100;2;5475,18.4904109589041,Incidence,3.06318958425296e-07
NbyGQVwzFc_loc12_loop6,12,ITN 0%/IRS 0%/Larvicide 0%,0;0.4;0.4_0;0;0_0;0;0_-100;2;5475_-100;2;5475_-100;2;5475,18.4931506849315,Incidence,3.07326526849214e-07
NbyGQVwzFc_loc12_loop6,12,ITN 0%/IRS 0%/Larvicide 0%,0;0.4;0.4_0;0;0_0;0;0_-100;2;5475_-100;2;5475_-100;2;5475,18.4958904109589,Incidence,3.08337760308495e-07
NbyGQVwzFc_loc12_loop6,12,ITN 0%/IRS 0%/Larvicide 0%,0;0.4;0.4_0;0;0_0;0;0_-100;2;5475_-100;2;5475_-100;2;5475,18.4986301369863,Incidence,3.09352674199477e-07
NbyGQVwzFc_loc12_loop6,12,ITN 0%/IRS 0%/Larvicide 0%,0;0.4;0.4_0;0;0_0;0;0_-100;2;5475_-100;2;5475_-100;2;5475,18.5013698630137,Incidence,3.10371283956039e-07
NbyGQVwzFc_loc12_loop6,12,ITN 0%/IRS 0%/Larvicide 0%,0;0.4;0.4_0;0;0_0;0;0_-100;2;5475_-100;2;5475_-100;2;5475,18.5041095890411,Incidence,3.11393605052116e-07
NbyGQVwzFc_loc12_loop6,12,ITN 0%/IRS 0%/Larvicide 0%,0;0.4;0.4_0;0;0_0;0;0_-100;2;5475_-100;2;5475_-100;2;5475,18.5068493150685,Incidence,3.12419653004178e-07
NbyGQVwzFc_loc12_loop6,12,ITN 0%/IRS 0%/Larvicide 0%,0;0.4;0.4_0;0;0_0;0;0_-100;2;5475_-100;2;5475_-100;2;5475,18.5095890410959,Incidence,3.13449443373633e-07
NbyGQVwzFc_loc12_loop6,12,ITN 0%/IRS 0%/Larvicide 0%,0;0.4;0.4_0;0;0_0;0;0_-100;2;5475_-100;2;5475_-100;2;5475,18.5123287671233,Incidence,3.14482991769173e-07
NbyGQVwzFc_loc12_loop6,12,ITN 0%/IRS 0%/Larvicide 0%,0;0.4;0.4_0;0;0_0;0;0_-100;2;5475_-100;2;5475_-100;2;5475,18.5150684931507,Incidence,3.15520313849008e-07
NbyGQVwzFc_loc12_loop6,12,ITN 0%/IRS 0%/Larvicide 0%,0;0.4;0.4_0;0;0_0;0;0_-100;2;5475_-100;2;5475_-100;2;5475,18.5178082191781,Incidence,3.16561425323012e-07
NbyGQVwzFc_loc12_loop6,12,ITN 0%/IRS 0%/Larvicide 0%,0;0.4;0.4_0;0;0_0;0;0_-100;2;5475_-100;2;5475_-100;2;5475,18.5205479452055,Incidence,3.17606341954752e-07
NbyGQVwzFc_loc12_loop6,12,ITN 0%/IRS 0%/Larvicide 0%,0;0.4;0.4_0;0;0_0;0;0_-100;2;5475_-100;2;5475_-100;2;5475,18.5232876712329,Incidence,3.18655079563405e-07
NbyGQVwzFc_loc12_loop6,12,ITN 0%/IRS 0%/Larvicide 0%,0;0.4;0.4_0;0;0_0;0;0_-100;2;5475_-100;2;5475_-100;2;5475,18.5260273972603,Incidence,3.19707654025562e-07
NbyGQVwzFc_loc12_loop6,12,ITN 0%/IRS 0%/Larvicide 0%,0;0.4;0.4_0;0;0_0;0;0_-100;2;5475_-100;2;5475_-100;2;5475,18.5287671232877,Incidence,3.20764081276904e-07
NbyGQVwzFc_loc12_loop6,12,ITN 0%/IRS 0%/Larvicide 0%,0;0.4;0.4_0;0;0_0;0;0_-100;2;5475_-100;2;5475_-100;2;5475,18.5315068493151,Incidence,3.21824377313773e-07
NbyGQVwzFc_loc12_loop6,12,ITN 0%/IRS 0%/Larvicide 0%,0;0.4;0.4_0;0;0_0;0;0_-100;2;5475_-100;2;5475_-100;2;5475,18.5342465753425,Incidence,3.22888558212958e-07
NbyGQVwzFc_loc12_loop6,12,ITN 0%/IRS 0%/Larvicide 0%,0;0.4;0.4_0;0;0_0;0;0_-100;2;5475_-100;2;5475_-100;2;5475,18.5369863013699,Incidence,3.23956640177407e-07
NbyGQVwzFc_loc12_loop6,12,ITN 0%/IRS 0%/Larvicide 0%,0;0.4;0.4_0;0;0_0;0;0_-100;2;5475_-100;2;5475_-100;2;5475,18.5397260273973,Incidence,3.25028639420265e-07
NbyGQVwzFc_loc12_loop6,12,ITN 0%/IRS 0%/Larvicide 0%,0;0.4;0.4_0;0;0_0;0;0_-100;2;5475_-100;2;5475_-100;2;5475,18.5424657534247,Incidence,3.26104572212789e-07
NbyGQVwzFc_loc12_loop6,12,ITN 0%/IRS 0%/Larvicide 0%,0;0.4;0.4_0;0;0_0;0;0_-100;2;5475_-100;2;5475_-100;2;5475,18.5452054794521,Incidence,3.27184454892255e-07
NbyGQVwzFc_loc12_loop6,12,ITN 0%/IRS 0%/Larvicide 0%,0;0.4;0.4_0;0;0_0;0;0_-100;2;5475_-100;2;5475_-100;2;5475,18.5479452054795,Incidence,3.28268303862896e-07
NbyGQVwzFc_loc12_loop6,12,ITN 0%/IRS 0%/Larvicide 0%,0;0.4;0.4_0;0;0_0;0;0_-100;2;5475_-100;2;5475_-100;2;5475,18.5506849315069,Incidence,3.29356135596748e-07
NbyGQVwzFc_loc12_loop6,12,ITN 0%/IRS 0%/Larvicide 0%,0;0.4;0.4_0;0;0_0;0;0_-100;2;5475_-100;2;5475_-100;2;5475,18.5534246575342,Incidence,3.30447966634414e-07
NbyGQVwzFc_loc12_loop6,12,ITN 0%/IRS 0%/Larvicide 0%,0;0.4;0.4_0;0;0_0;0;0_-100;2;5475_-100;2;5475_-100;2;5475,18.5561643835616,Incidence,3.3154381358577e-07
NbyGQVwzFc_loc12_loop6,12,ITN 0%/IRS 0%/Larvicide 0%,0;0.4;0.4_0;0;0_0;0;0_-100;2;5475_-100;2;5475_-100;2;5475,18.558904109589,Incidence,3.32643693130583e-07
NbyGQVwzFc_loc12_loop6,12,ITN 0%/IRS 0%/Larvicide 0%,0;0.4;0.4_0;0;0_0;0;0_-100;2;5475_-100;2;5475_-100;2;5475,18.5616438356164,Incidence,3.33747622019095e-07
NbyGQVwzFc_loc12_loop6,12,ITN 0%/IRS 0%/Larvicide 0%,0;0.4;0.4_0;0;0_0;0;0_-100;2;5475_-100;2;5475_-100;2;5475,18.5643835616438,Incidence,3.3485561707253e-07
NbyGQVwzFc_loc12_loop6,12,ITN 0%/IRS 0%/Larvicide 0%,0;0.4;0.4_0;0;0_0;0;0_-100;2;5475_-100;2;5475_-100;2;5475,18.5671232876712,Incidence,3.35967695183573e-07
NbyGQVwzFc_loc12_loop6,12,ITN 0%/IRS 0%/Larvicide 0%,0;0.4;0.4_0;0;0_0;0;0_-100;2;5475_-100;2;5475_-100;2;5475,18.5698630136986,Incidence,3.37083873316798e-07
NbyGQVwzFc_loc12_loop6,12,ITN 0%/IRS 0%/Larvicide 0%,0;0.4;0.4_0;0;0_0;0;0_-100;2;5475_-100;2;5475_-100;2;5475,18.572602739726,Incidence,3.38204168509061e-07
NbyGQVwzFc_loc12_loop6,12,ITN 0%/IRS 0%/Larvicide 0%,0;0.4;0.4_0;0;0_0;0;0_-100;2;5475_-100;2;5475_-100;2;5475,18.5753424657534,Incidence,3.39328597869865e-07
NbyGQVwzFc_loc12_loop6,12,ITN 0%/IRS 0%/Larvicide 0%,0;0.4;0.4_0;0;0_0;0;0_-100;2;5475_-100;2;5475_-100;2;5475,18.5780821917808,Incidence,3.40457178581705e-07
NbyGQVwzFc_loc12_loop6,12,ITN 0%/IRS 0%/Larvicide 0%,0;0.4;0.4_0;0;0_0;0;0_-100;2;5475_-100;2;5475_-100;2;5475,18.5808219178082,Incidence,3.41589927903802e-07
NbyGQVwzFc_loc12_loop6,12,ITN 0%/IRS 0%/Larvicide 0%,0;0.4;0.4_0;0;0_0;0;0_-100;2;5475_-100;2;5475_-100;2;5475,18.5835616438356,Incidence,3.42726863237495e-07
NbyGQVwzFc_loc12_loop6,12,ITN 0%/IRS 0%/Larvicide 0%,0;0.4;0.4_0;0;0_0;0;0_-100;2;5475_-100;2;5475_-100;2;5475,18.586301369863,Incidence,3.43868002026825e-07
NbyGQVwzFc_loc12_loop6,12,ITN 0%/IRS 0%/Larvicide 0%,0;0.4;0.4_0;0;0_0;0;0_-100;2;5475_-100;2;5475_-100;2;5475,18.5890410958904,Incidence,3.45013361764459e-07
NbyGQVwzFc_loc12_loop6,12,ITN 0%/IRS 0%/Larvicide 0%,0;0.4;0.4_0;0;0_0;0;0_-100;2;5475_-100;2;5475_-100;2;5475,18.5917808219178,Incidence,3.46162960016678e-07
NbyGQVwzFc_loc12_loop6,12,ITN 0%/IRS 0%/Larvicide 0%,0;0.4;0.4_0;0;0_0;0;0_-100;2;5475_-100;2;5475_-100;2;5475,18.5945205479452,Incidence,3.47316814423642e-07
NbyGQVwzFc_loc12_loop6,12,ITN 0%/IRS 0%/Larvicide 0%,0;0.4;0.4_0;0;0_0;0;0_-100;2;5475_-100;2;5475_-100;2;5475,18.5972602739726,Incidence,3.4847494269964e-07
NbyGQVwzFc_loc12_loop6,12,ITN 0%/IRS 0%/Larvicide 0%,0;0.4;0.4_0;0;0_0;0;0_-100;2;5475_-100;2;5475_-100;2;5475,18.6,Incidence,3.49637362633366e-07
NbyGQVwzFc_loc12_loop6,12,ITN 0%/IRS 0%/Larvicide 0%,0;0.4;0.4_0;0;0_0;0;0_-100;2;5475_-100;2;5475_-100;2;5475,18.6027397260274,Incidence,3.50804092088173e-07
NbyGQVwzFc_loc12_loop6,12,ITN 0%/IRS 0%/Larvicide 0%,0;0.4;0.4_0;0;0_0;0;0_-100;2;5475_-100;2;5475_-100;2;5475,18.6054794520548,Incidence,3.51975149002349e-07
NbyGQVwzFc_loc12_loop6,12,ITN 0%/IRS 0%/Larvicide 0%,0;0.4;0.4_0;0;0_0;0;0_-100;2;5475_-100;2;5475_-100;2;5475,18.6082191780822,Incidence,3.53150551389386e-07
NbyGQVwzFc_loc12_loop6,12,ITN 0%/IRS 0%/Larvicide 0%,0;0.4;0.4_0;0;0_0;0;0_-100;2;5475_-100;2;5475_-100;2;5475,18.6109589041096,Incidence,3.5433031733827e-07
NbyGQVwzFc_loc12_loop6,12,ITN 0%/IRS 0%/Larvicide 0%,0;0.4;0.4_0;0;0_0;0;0_-100;2;5475_-100;2;5475_-100;2;5475,18.613698630137,Incidence,3.55514465013756e-07
NbyGQVwzFc_loc12_loop6,12,ITN 0%/IRS 0%/Larvicide 0%,0;0.4;0.4_0;0;0_0;0;0_-100;2;5475_-100;2;5475_-100;2;5475,18.6164383561644,Incidence,3.56703012656683e-07
NbyGQVwzFc_loc12_loop6,12,ITN 0%/IRS 0%/Larvicide 0%,0;0.4;0.4_0;0;0_0;0;0_-100;2;5475_-100;2;5475_-100;2;5475,18.6191780821918,Incidence,3.57895978584265e-07
NbyGQVwzFc_loc12_loop6,12,ITN 0%/IRS 0%/Larvicide 0%,0;0.4;0.4_0;0;0_0;0;0_-100;2;5475_-100;2;5475_-100;2;5475,18.6219178082192,Incidence,3.59093381190416e-07
NbyGQVwzFc_loc12_loop6,12,ITN 0%/IRS 0%/Larvicide 0%,0;0.4;0.4_0;0;0_0;0;0_-100;2;5475_-100;2;5475_-100;2;5475,18.6246575342466,Incidence,3.60295238946065e-07
NbyGQVwzFc_loc12_loop6,12,ITN 0%/IRS 0%/Larvicide 0%,0;0.4;0.4_0;0;0_0;0;0_-100;2;5475_-100;2;5475_-100;2;5475,18.627397260274,Incidence,3.61501570399504e-07
NbyGQVwzFc_loc12_loop6,12,ITN 0%/IRS 0%/Larvicide 0%,0;0.4;0.4_0;0;0_0;0;0_-100;2;5475_-100;2;5475_-100;2;5475,18.6301369863014,Incidence,3.62712394193989e-07
NbyGQVwzFc_loc12_loop6,12,ITN 0%/IRS 0%/Larvicide 0%,0;0.4;0.4_0;0;0_0;0;0_-100;2;5475_-100;2;5475_-100;2;5475,18.6328767123288,Incidence,3.63927729112892e-07
NbyGQVwzFc_loc12_loop6,12,ITN 0%/IRS 0%/Larvicide 0%,0;0.4;0.4_0;0;0_0;0;0_-100;2;5475_-100;2;5475_-100;2;5475,18.6356164383562,Incidence,3.65147593958572e-07
NbyGQVwzFc_loc12_loop6,12,ITN 0%/IRS 0%/Larvicide 0%,0;0.4;0.4_0;0;0_0;0;0_-100;2;5475_-100;2;5475_-100;2;5475,18.6383561643836,Incidence,3.6637200760319e-07
NbyGQVwzFc_loc12_loop6,12,ITN 0%/IRS 0%/Larvicide 0%,0;0.4;0.4_0;0;0_0;0;0_-100;2;5475_-100;2;5475_-100;2;5475,18.641095890411,Incidence,3.67600988997218e-07
NbyGQVwzFc_loc12_loop6,12,ITN 0%/IRS 0%/Larvicide 0%,0;0.4;0.4_0;0;0_0;0;0_-100;2;5475_-100;2;5475_-100;2;5475,18.6438356164384,Incidence,3.68834557169813e-07
NbyGQVwzFc_loc12_loop6,12,ITN 0%/IRS 0%/Larvicide 0%,0;0.4;0.4_0;0;0_0;0;0_-100;2;5475_-100;2;5475_-100;2;5475,18.6465753424658,Incidence,3.70072731229215e-07
NbyGQVwzFc_loc12_loop6,12,ITN 0%/IRS 0%/Larvicide 0%,0;0.4;0.4_0;0;0_0;0;0_-100;2;5475_-100;2;5475_-100;2;5475,18.6493150684932,Incidence,3.71315530363137e-07
NbyGQVwzFc_loc12_loop6,12,ITN 0%/IRS 0%/Larvicide 0%,0;0.4;0.4_0;0;0_0;0;0_-100;2;5475_-100;2;5475_-100;2;5475,18.6520547945206,Incidence,3.72562973839169e-07
NbyGQVwzFc_loc12_loop6,12,ITN 0%/IRS 0%/Larvicide 0%,0;0.4;0.4_0;0;0_0;0;0_-100;2;5475_-100;2;5475_-100;2;5475,18.6547945205479,Incidence,3.73815081005189e-07
NbyGQVwzFc_loc12_loop6,12,ITN 0%/IRS 0%/Larvicide 0%,0;0.4;0.4_0;0;0_0;0;0_-100;2;5475_-100;2;5475_-100;2;5475,18.6575342465753,Incidence,3.75071871289778e-07
NbyGQVwzFc_loc12_loop6,12,ITN 0%/IRS 0%/Larvicide 0%,0;0.4;0.4_0;0;0_0;0;0_-100;2;5475_-100;2;5475_-100;2;5475,18.6602739726027,Incidence,3.76333364202644e-07
NbyGQVwzFc_loc12_loop6,12,ITN 0%/IRS 0%/Larvicide 0%,0;0.4;0.4_0;0;0_0;0;0_-100;2;5475_-100;2;5475_-100;2;5475,18.6630136986301,Incidence,3.77599579335048e-07
NbyGQVwzFc_loc12_loop6,12,ITN 0%/IRS 0%/Larvicide 0%,0;0.4;0.4_0;0;0_0;0;0_-100;2;5475_-100;2;5475_-100;2;5475,18.6657534246575,Incidence,3.78870536360235e-07
NbyGQVwzFc_loc12_loop6,12,ITN 0%/IRS 0%/Larvicide 0%,0;0.4;0.4_0;0;0_0;0;0_-100;2;5475_-100;2;5475_-100;2;5475,18.6684931506849,Incidence,3.80146255033877e-07
NbyGQVwzFc_loc12_loop6,12,ITN 0%/IRS 0%/Larvicide 0%,0;0.4;0.4_0;0;0_0;0;0_-100;2;5475_-100;2;5475_-100;2;5475,18.6712328767123,Incidence,3.81426755194505e-07
NbyGQVwzFc_loc12_loop6,12,ITN 0%/IRS 0%/Larvicide 0%,0;0.4;0.4_0;0;0_0;0;0_-100;2;5475_-100;2;5475_-100;2;5475,18.6739726027397,Incidence,3.82712056763961e-07
NbyGQVwzFc_loc12_loop6,12,ITN 0%/IRS 0%/Larvicide 0%,0;0.4;0.4_0;0;0_0;0;0_-100;2;5475_-100;2;5475_-100;2;5475,18.6767123287671,Incidence,3.84002179747848e-07
NbyGQVwzFc_loc12_loop6,12,ITN 0%/IRS 0%/Larvicide 0%,0;0.4;0.4_0;0;0_0;0;0_-100;2;5475_-100;2;5475_-100;2;5475,18.6794520547945,Incidence,3.85297144251989e-07
NbyGQVwzFc_loc12_loop6,12,ITN 0%/IRS 0%/Larvicide 0%,0;0.4;0.4_0;0;0_0;0;0_-100;2;5475_-100;2;5475_-100;2;5475,18.6821917808219,Incidence,3.8659697052936e-07
NbyGQVwzFc_loc12_loop6,12,ITN 0%/IRS 0%/Larvicide 0%,0;0.4;0.4_0;0;0_0;0;0_-100;2;5475_-100;2;5475_-100;2;5475,18.6849315068493,Incidence,3.8790167885666e-07
NbyGQVwzFc_loc12_loop6,12,ITN 0%/IRS 0%/Larvicide 0%,0;0.4;0.4_0;0;0_0;0;0_-100;2;5475_-100;2;5475_-100;2;5475,18.6876712328767,Incidence,3.89211289586e-07
NbyGQVwzFc_loc12_loop6,12,ITN 0%/IRS 0%/Larvicide 0%,0;0.4;0.4_0;0;0_0;0;0_-100;2;5475_-100;2;5475_-100;2;5475,18.6904109589041,Incidence,3.90525823154676e-07
NbyGQVwzFc_loc12_loop6,12,ITN 0%/IRS 0%/Larvicide 0%,0;0.4;0.4_0;0;0_0;0;0_-100;2;5475_-100;2;5475_-100;2;5475,18.6931506849315,Incidence,3.91845300085632e-07
NbyGQVwzFc_loc12_loop6,12,ITN 0%/IRS 0%/Larvicide 0%,0;0.4;0.4_0;0;0_0;0;0_-100;2;5475_-100;2;5475_-100;2;5475,18.6958904109589,Incidence,3.9316974098791e-07
NbyGQVwzFc_loc12_loop6,12,ITN 0%/IRS 0%/Larvicide 0%,0;0.4;0.4_0;0;0_0;0;0_-100;2;5475_-100;2;5475_-100;2;5475,18.6986301369863,Incidence,3.94499166557128e-07
NbyGQVwzFc_loc12_loop6,12,ITN 0%/IRS 0%/Larvicide 0%,0;0.4;0.4_0;0;0_0;0;0_-100;2;5475_-100;2;5475_-100;2;5475,18.7013698630137,Incidence,3.95833597575941e-07
NbyGQVwzFc_loc12_loop6,12,ITN 0%/IRS 0%/Larvicide 0%,0;0.4;0.4_0;0;0_0;0;0_-100;2;5475_-100;2;5475_-100;2;5475,18.7041095890411,Incidence,3.97173054914508e-07
NbyGQVwzFc_loc12_loop6,12,ITN 0%/IRS 0%/Larvicide 0%,0;0.4;0.4_0;0;0_0;0;0_-100;2;5475_-100;2;5475_-100;2;5475,18.7068493150685,Incidence,3.98517559530966e-07
NbyGQVwzFc_loc12_loop6,12,ITN 0%/IRS 0%/Larvicide 0%,0;0.4;0.4_0;0;0_0;0;0_-100;2;5475_-100;2;5475_-100;2;5475,18.7095890410959,Incidence,3.99867132471897e-07
NbyGQVwzFc_loc12_loop6,12,ITN 0%/IRS 0%/Larvicide 0%,0;0.4;0.4_0;0;0_0;0;0_-100;2;5475_-100;2;5475_-100;2;5475,18.7123287671233,Incidence,4.01221794872811e-07
NbyGQVwzFc_loc12_loop6,12,ITN 0%/IRS 0%/Larvicide 0%,0;0.4;0.4_0;0;0_0;0;0_-100;2;5475_-100;2;5475_-100;2;5475,18.7150684931507,Incidence,4.02581567958609e-07
NbyGQVwzFc_loc12_loop6,12,ITN 0%/IRS 0%/Larvicide 0%,0;0.4;0.4_0;0;0_0;0;0_-100;2;5475_-100;2;5475_-100;2;5475,18.7178082191781,Incidence,4.0394647304407e-07
NbyGQVwzFc_loc12_loop6,12,ITN 0%/IRS 0%/Larvicide 0%,0;0.4;0.4_0;0;0_0;0;0_-100;2;5475_-100;2;5475_-100;2;5475,18.7205479452055,Incidence,4.05316531534323e-07
NbyGQVwzFc_loc12_loop6,12,ITN 0%/IRS 0%/Larvicide 0%,0;0.4;0.4_0;0;0_0;0;0_-100;2;5475_-100;2;5475_-100;2;5475,18.7232876712329,Incidence,4.06691764925331e-07
NbyGQVwzFc_loc12_loop6,12,ITN 0%/IRS 0%/Larvicide 0%,0;0.4;0.4_0;0;0_0;0;0_-100;2;5475_-100;2;5475_-100;2;5475,18.7260273972603,Incidence,4.08072194804374e-07
NbyGQVwzFc_loc12_loop6,12,ITN 0%/IRS 0%/Larvicide 0%,0;0.4;0.4_0;0;0_0;0;0_-100;2;5475_-100;2;5475_-100;2;5475,18.7287671232877,Incidence,4.09457842852121e-07
NbyGQVwzFc_loc12_loop6,12,ITN 0%/IRS 0%/Larvicide 0%,0;0.4;0.4_0;0;0_0;0;0_-100;2;5475_-100;2;5475_-100;2;5475,18.7315068493151,Incidence,4.10848730906124e-07
NbyGQVwzFc_loc12_loop6,12,ITN 0%/IRS 0%/Larvicide 0%,0;0.4;0.4_0;0;0_0;0;0_-100;2;5475_-100;2;5475_-100;2;5475,18.7342465753425,Incidence,4.12244880868162e-07
NbyGQVwzFc_loc12_loop6,12,ITN 0%/IRS 0%/Larvicide 0%,0;0.4;0.4_0;0;0_0;0;0_-100;2;5475_-100;2;5475_-100;2;5475,18.7369863013699,Incidence,4.1364631469882e-07
NbyGQVwzFc_loc12_loop6,12,ITN 0%/IRS 0%/Larvicide 0%,0;0.4;0.4_0;0;0_0;0;0_-100;2;5475_-100;2;5475_-100;2;5475,18.7397260273973,Incidence,4.15053054451546e-07
NbyGQVwzFc_loc12_loop6,12,ITN 0%/IRS 0%/Larvicide 0%,0;0.4;0.4_0;0;0_0;0;0_-100;2;5475_-100;2;5475_-100;2;5475,18.7424657534247,Incidence,4.16465122273141e-07
NbyGQVwzFc_loc12_loop6,12,ITN 0%/IRS 0%/Larvicide 0%,0;0.4;0.4_0;0;0_0;0;0_-100;2;5475_-100;2;5475_-100;2;5475,18.7452054794521,Incidence,4.17882540404243e-07
NbyGQVwzFc_loc12_loop6,12,ITN 0%/IRS 0%/Larvicide 0%,0;0.4;0.4_0;0;0_0;0;0_-100;2;5475_-100;2;5475_-100;2;5475,18.7479452054795,Incidence,4.19305331179821e-07
NbyGQVwzFc_loc12_loop6,12,ITN 0%/IRS 0%/Larvicide 0%,0;0.4;0.4_0;0;0_0;0;0_-100;2;5475_-100;2;5475_-100;2;5475,18.7506849315069,Incidence,4.20733517029662e-07
NbyGQVwzFc_loc12_loop6,12,ITN 0%/IRS 0%/Larvicide 0%,0;0.4;0.4_0;0;0_0;0;0_-100;2;5475_-100;2;5475_-100;2;5475,18.7534246575342,Incidence,4.22167120478867e-07
NbyGQVwzFc_loc12_loop6,12,ITN 0%/IRS 0%/Larvicide 0%,0;0.4;0.4_0;0;0_0;0;0_-100;2;5475_-100;2;5475_-100;2;5475,18.7561643835616,Incidence,4.23606164148342e-07
NbyGQVwzFc_loc12_loop6,12,ITN 0%/IRS 0%/Larvicide 0%,0;0.4;0.4_0;0;0_0;0;0_-100;2;5475_-100;2;5475_-100;2;5475,18.758904109589,Incidence,4.25050670755297e-07
NbyGQVwzFc_loc12_loop6,12,ITN 0%/IRS 0%/Larvicide 0%,0;0.4;0.4_0;0;0_0;0;0_-100;2;5475_-100;2;5475_-100;2;5475,18.7616438356164,Incidence,4.26500663113747e-07
NbyGQVwzFc_loc12_loop6,12,ITN 0%/IRS 0%/Larvicide 0%,0;0.4;0.4_0;0;0_0;0;0_-100;2;5475_-100;2;5475_-100;2;5475,18.7643835616438,Incidence,4.27956164135007e-07
NbyGQVwzFc_loc12_loop6,12,ITN 0%/IRS 0%/Larvicide 0%,0;0.4;0.4_0;0;0_0;0;0_-100;2;5475_-100;2;5475_-100;2;5475,18.7671232876712,Incidence,4.29417196828196e-07
NbyGQVwzFc_loc12_loop6,12,ITN 0%/IRS 0%/Larvicide 0%,0;0.4;0.4_0;0;0_0;0;0_-100;2;5475_-100;2;5475_-100;2;5475,18.7698630136986,Incidence,4.30883784300745e-07
NbyGQVwzFc_loc12_loop6,12,ITN 0%/IRS 0%/Larvicide 0%,0;0.4;0.4_0;0;0_0;0;0_-100;2;5475_-100;2;5475_-100;2;5475,18.772602739726,Incidence,4.32355949758901e-07
NbyGQVwzFc_loc12_loop6,12,ITN 0%/IRS 0%/Larvicide 0%,0;0.4;0.4_0;0;0_0;0;0_-100;2;5475_-100;2;5475_-100;2;5475,18.7753424657534,Incidence,4.33833716508234e-07
NbyGQVwzFc_loc12_loop6,12,ITN 0%/IRS 0%/Larvicide 0%,0;0.4;0.4_0;0;0_0;0;0_-100;2;5475_-100;2;5475_-100;2;5475,18.7780821917808,Incidence,4.35317107954153e-07
NbyGQVwzFc_loc12_loop6,12,ITN 0%/IRS 0%/Larvicide 0%,0;0.4;0.4_0;0;0_0;0;0_-100;2;5475_-100;2;5475_-100;2;5475,18.7808219178082,Incidence,4.36806147611085e-07
NbyGQVwzFc_loc12_loop6,12,ITN 0%/IRS 0%/Larvicide 0%,0;0.4;0.4_0;0;0_0;0;0_-100;2;5475_-100;2;5475_-100;2;5475,18.7835616438356,Incidence,4.38300859161491e-07
NbyGQVwzFc_loc12_loop6,12,ITN 0%/IRS 0%/Larvicide 0%,0;0.4;0.4_0;0;0_0;0;0_-100;2;5475_-100;2;5475_-100;2;5475,18.786301369863,Incidence,4.39801266330755e-07
NbyGQVwzFc_loc12_loop6,12,ITN 0%/IRS 0%/Larvicide 0%,0;0.4;0.4_0;0;0_0;0;0_-100;2;5475_-100;2;5475_-100;2;5475,18.7890410958904,Incidence,4.41307392927683e-07
NbyGQVwzFc_loc12_loop6,12,ITN 0%/IRS 0%/Larvicide 0%,0;0.4;0.4_0;0;0_0;0;0_-100;2;5475_-100;2;5475_-100;2;5475,18.7917808219178,Incidence,4.42819262862604e-07
NbyGQVwzFc_loc12_loop6,12,ITN 0%/IRS 0%/Larvicide 0%,0;0.4;0.4_0;0;0_0;0;0_-100;2;5475_-100;2;5475_-100;2;5475,18.7945205479452,Incidence,4.44336900147891e-07
NbyGQVwzFc_loc12_loop6,12,ITN 0%/IRS 0%/Larvicide 0%,0;0.4;0.4_0;0;0_0;0;0_-100;2;5475_-100;2;5475_-100;2;5475,18.7972602739726,Incidence,4.45860328898481e-07
NbyGQVwzFc_loc12_loop6,12,ITN 0%/IRS 0%/Larvicide 0%,0;0.4;0.4_0;0;0_0;0;0_-100;2;5475_-100;2;5475_-100;2;5475,18.8,Incidence,4.47389573332394e-07
NbyGQVwzFc_loc12_loop6,12,ITN 0%/IRS 0%/Larvicide 0%,0;0.4;0.4_0;0;0_0;0;0_-100;2;5475_-100;2;5475_-100;2;5475,18.8027397260274,Incidence,4.48924657771262e-07
NbyGQVwzFc_loc12_loop6,12,ITN 0%/IRS 0%/Larvicide 0%,0;0.4;0.4_0;0;0_0;0;0_-100;2;5475_-100;2;5475_-100;2;5475,18.8054794520548,Incidence,4.50465606640855e-07
NbyGQVwzFc_loc12_loop6,12,ITN 0%/IRS 0%/Larvicide 0%,0;0.4;0.4_0;0;0_0;0;0_-100;2;5475_-100;2;5475_-100;2;5475,18.8082191780822,Incidence,4.5201244447161e-07
NbyGQVwzFc_loc12_loop6,12,ITN 0%/IRS 0%/Larvicide 0%,0;0.4;0.4_0;0;0_0;0;0_-100;2;5475_-100;2;5475_-100;2;5475,18.8109589041096,Incidence,4.53565195899161e-07
NbyGQVwzFc_loc12_loop6,12,ITN 0%/IRS 0%/Larvicide 0%,0;0.4;0.4_0;0;0_0;0;0_-100;2;5475_-100;2;5475_-100;2;5475,18.813698630137,Incidence,4.55123885664878e-07
NbyGQVwzFc_loc12_loop6,12,ITN 0%/IRS 0%/Larvicide 0%,0;0.4;0.4_0;0;0_0;0;0_-100;2;5475_-100;2;5475_-100;2;5475,18.8164383561644,Incidence,4.56688538616398e-07
NbyGQVwzFc_loc12_loop6,12,ITN 0%/IRS 0%/Larvicide 0%,0;0.4;0.4_0;0;0_0;0;0_-100;2;5475_-100;2;5475_-100;2;5475,18.8191780821918,Incidence,4.58259179708168e-07
NbyGQVwzFc_loc12_loop6,12,ITN 0%/IRS 0%/Larvicide 0%,0;0.4;0.4_0;0;0_0;0;0_-100;2;5475_-100;2;5475_-100;2;5475,18.8219178082192,Incidence,4.59835834001981e-07
NbyGQVwzFc_loc12_loop6,12,ITN 0%/IRS 0%/Larvicide 0%,0;0.4;0.4_0;0;0_0;0;0_-100;2;5475_-100;2;5475_-100;2;5475,18.8246575342466,Incidence,4.61418526667526e-07
NbyGQVwzFc_loc12_loop6,12,ITN 0%/IRS 0%/Larvicide 0%,0;0.4;0.4_0;0;0_0;0;0_-100;2;5475_-100;2;5475_-100;2;5475,18.827397260274,Incidence,4.63007282982928e-07
NbyGQVwzFc_loc12_loop6,12,ITN 0%/IRS 0%/Larvicide 0%,0;0.4;0.4_0;0;0_0;0;0_-100;2;5475_-100;2;5475_-100;2;5475,18.8301369863014,Incidence,4.64602128335299e-07
NbyGQVwzFc_loc12_loop6,12,ITN 0%/IRS 0%/Larvicide 0%,0;0.4;0.4_0;0;0_0;0;0_-100;2;5475_-100;2;5475_-100;2;5475,18.8328767123288,Incidence,4.66203088224501e-07
NbyGQVwzFc_loc12_loop6,12,ITN 0%/IRS 0%/Larvicide 0%,0;0.4;0.4_0;0;0_0;0;0_-100;2;5475_-100;2;5475_-100;2;5475,18.8356164383562,Incidence,4.67810188327059e-07
NbyGQVwzFc_loc12_loop6,12,ITN 0%/IRS 0%/Larvicide 0%,0;0.4;0.4_0;0;0_0;0;0_-100;2;5475_-100;2;5475_-100;2;5475,18.8383561643836,Incidence,4.69423454385504e-07
NbyGQVwzFc_loc12_loop6,12,ITN 0%/IRS 0%/Larvicide 0%,0;0.4;0.4_0;0;0_0;0;0_-100;2;5475_-100;2;5475_-100;2;5475,18.841095890411,Incidence,4.71042912223384e-07
NbyGQVwzFc_loc12_loop6,12,ITN 0%/IRS 0%/Larvicide 0%,0;0.4;0.4_0;0;0_0;0;0_-100;2;5475_-100;2;5475_-100;2;5475,18.8438356164384,Incidence,4.72668587775097e-07
NbyGQVwzFc_loc12_loop6,12,ITN 0%/IRS 0%/Larvicide 0%,0;0.4;0.4_0;0;0_0;0;0_-100;2;5475_-100;2;5475_-100;2;5475,18.8465753424658,Incidence,4.74300507086459e-07
NbyGQVwzFc_loc12_loop6,12,ITN 0%/IRS 0%/Larvicide 0%,0;0.4;0.4_0;0;0_0;0;0_-100;2;5475_-100;2;5475_-100;2;5475,18.8493150684932,Incidence,4.75938696315256e-07
NbyGQVwzFc_loc12_loop6,12,ITN 0%/IRS 0%/Larvicide 0%,0;0.4;0.4_0;0;0_0;0;0_-100;2;5475_-100;2;5475_-100;2;5475,18.8520547945206,Incidence,4.77583181731806e-07
NbyGQVwzFc_loc12_loop6,12,ITN 0%/IRS 0%/Larvicide 0%,0;0.4;0.4_0;0;0_0;0;0_-100;2;5475_-100;2;5475_-100;2;5475,18.8547945205479,Incidence,4.79233989719527e-07
NbyGQVwzFc_loc12_loop6,12,ITN 0%/IRS 0%/Larvicide 0%,0;0.4;0.4_0;0;0_0;0;0_-100;2;5475_-100;2;5475_-100;2;5475,18.8575342465753,Incidence,4.80891146775505e-07
NbyGQVwzFc_loc12_loop6,12,ITN 0%/IRS 0%/Larvicide 0%,0;0.4;0.4_0;0;0_0;0;0_-100;2;5475_-100;2;5475_-100;2;5475,18.8602739726027,Incidence,4.82554679511058e-07
NbyGQVwzFc_loc12_loop6,12,ITN 0%/IRS 0%/Larvicide 0%,0;0.4;0.4_0;0;0_0;0;0_-100;2;5475_-100;2;5475_-100;2;5475,18.8630136986301,Incidence,4.84224614652306e-07
NbyGQVwzFc_loc12_loop6,12,ITN 0%/IRS 0%/Larvicide 0%,0;0.4;0.4_0;0;0_0;0;0_-100;2;5475_-100;2;5475_-100;2;5475,18.8657534246575,Incidence,4.85900979040758e-07
NbyGQVwzFc_loc12_loop6,12,ITN 0%/IRS 0%/Larvicide 0%,0;0.4;0.4_0;0;0_0;0;0_-100;2;5475_-100;2;5475_-100;2;5475,18.8684931506849,Incidence,4.87583799633874e-07
NbyGQVwzFc_loc12_loop6,12,ITN 0%/IRS 0%/Larvicide 0%,0;0.4;0.4_0;0;0_0;0;0_-100;2;5475_-100;2;5475_-100;2;5475,18.8712328767123,Incidence,4.89273103505652e-07
NbyGQVwzFc_loc12_loop6,12,ITN 0%/IRS 0%/Larvicide 0%,0;0.4;0.4_0;0;0_0;0;0_-100;2;5475_-100;2;5475_-100;2;5475,18.8739726027397,Incidence,4.90968917847207e-07
NbyGQVwzFc_loc12_loop6,12,ITN 0%/IRS 0%/Larvicide 0%,0;0.4;0.4_0;0;0_0;0;0_-100;2;5475_-100;2;5475_-100;2;5475,18.8767123287671,Incidence,4.92671269967356e-07
NbyGQVwzFc_loc12_loop6,12,ITN 0%/IRS 0%/Larvicide 0%,0;0.4;0.4_0;0;0_0;0;0_-100;2;5475_-100;2;5475_-100;2;5475,18.8794520547945,Incidence,4.94380187293207e-07
NbyGQVwzFc_loc12_loop6,12,ITN 0%/IRS 0%/Larvicide 0%,0;0.4;0.4_0;0;0_0;0;0_-100;2;5475_-100;2;5475_-100;2;5475,18.8821917808219,Incidence,4.96095697370742e-07
NbyGQVwzFc_loc12_loop6,12,ITN 0%/IRS 0%/Larvicide 0%,0;0.4;0.4_0;0;0_0;0;0_-100;2;5475_-100;2;5475_-100;2;5475,18.8849315068493,Incidence,4.97817827865414e-07
NbyGQVwzFc_loc12_loop6,12,ITN 0%/IRS 0%/Larvicide 0%,0;0.4;0.4_0;0;0_0;0;0_-100;2;5475_-100;2;5475_-100;2;5475,18.8876712328767,Incidence,4.99546606585807e-07
NbyGQVwzFc_loc12_loop6,12,ITN 0%/IRS 0%/Larvicide 0%,0;0.4;0.4_0;0;0_0;0;0_-100;2;5475_-100;2;5475_-100;2;5475,18.8904109589041,Incidence,5.01282061508336e-07
NbyGQVwzFc_loc12_loop6,12,ITN 0%/IRS 0%/Larvicide 0%,0;0.4;0.4_0;0;0_0;0;0_-100;2;5475_-100;2;5475_-100;2;5475,18.8931506849315,Incidence,5.03024220657538e-07
NbyGQVwzFc_loc12_loop6,12,ITN 0%/IRS 0%/Larvicide 0%,0;0.4;0.4_0;0;0_0;0;0_-100;2;5475_-100;2;5475_-100;2;5475,18.8958904109589,Incidence,5.04773112173177e-07
NbyGQVwzFc_loc12_loop6,12,ITN 0%/IRS 0%/Larvicide 0%,0;0.4;0.4_0;0;0_0;0;0_-100;2;5475_-100;2;5475_-100;2;5475,18.8986301369863,Incidence,5.06528764316563e-07
NbyGQVwzFc_loc12_loop6,12,ITN 0%/IRS 0%/Larvicide 0%,0;0.4;0.4_0;0;0_0;0;0_-100;2;5475_-100;2;5475_-100;2;5475,18.9013698630137,Incidence,5.08291205471153e-07
NbyGQVwzFc_loc12_loop6,12,ITN 0%/IRS 0%/Larvicide 0%,0;0.4;0.4_0;0;0_0;0;0_-100;2;5475_-100;2;5475_-100;2;5475,18.9041095890411,Incidence,5.10060464143153e-07
NbyGQVwzFc_loc12_loop6,12,ITN 0%/IRS 0%/Larvicide 0%,0;0.4;0.4_0;0;0_0;0;0_-100;2;5475_-100;2;5475_-100;2;5475,18.9068493150685,Incidence,5.11836568962129e-07
NbyGQVwzFc_loc12_loop6,12,ITN 0%/IRS 0%/Larvicide 0%,0;0.4;0.4_0;0;0_0;0;0_-100;2;5475_-100;2;5475_-100;2;5475,18.9095890410959,Incidence,5.13619548681611e-07
NbyGQVwzFc_loc12_loop6,12,ITN 0%/IRS 0%/Larvicide 0%,0;0.4;0.4_0;0;0_0;0;0_-100;2;5475_-100;2;5475_-100;2;5475,18.9123287671233,Incidence,5.15409432179709e-07
NbyGQVwzFc_loc12_loop6,12,ITN 0%/IRS 0%/Larvicide 0%,0;0.4;0.4_0;0;0_0;0;0_-100;2;5475_-100;2;5475_-100;2;5475,18.9150684931507,Incidence,5.17206248459726e-07
NbyGQVwzFc_loc12_loop6,12,ITN 0%/IRS 0%/Larvicide 0%,0;0.4;0.4_0;0;0_0;0;0_-100;2;5475_-100;2;5475_-100;2;5475,18.9178082191781,Incidence,5.19010026650773e-07
NbyGQVwzFc_loc12_loop6,12,ITN 0%/IRS 0%/Larvicide 0%,0;0.4;0.4_0;0;0_0;0;0_-100;2;5475_-100;2;5475_-100;2;5475,18.9205479452055,Incidence,5.20820796008396e-07
NbyGQVwzFc_loc12_loop6,12,ITN 0%/IRS 0%/Larvicide 0%,0;0.4;0.4_0;0;0_0;0;0_-100;2;5475_-100;2;5475_-100;2;5475,18.9232876712329,Incidence,5.22638585915188e-07
NbyGQVwzFc_loc12_loop6,12,ITN 0%/IRS 0%/Larvicide 0%,0;0.4;0.4_0;0;0_0;0;0_-100;2;5475_-100;2;5475_-100;2;5475,18.9260273972603,Incidence,5.24463425881425e-07
NbyGQVwzFc_loc12_loop6,12,ITN 0%/IRS 0%/Larvicide 0%,0;0.4;0.4_0;0;0_0;0;0_-100;2;5475_-100;2;5475_-100;2;5475,18.9287671232877,Incidence,5.26295345545685e-07
NbyGQVwzFc_loc12_loop6,12,ITN 0%/IRS 0%/Larvicide 0%,0;0.4;0.4_0;0;0_0;0;0_-100;2;5475_-100;2;5475_-100;2;5475,18.9315068493151,Incidence,5.28134374675482e-07
NbyGQVwzFc_loc12_loop6,12,ITN 0%/IRS 0%/Larvicide 0%,0;0.4;0.4_0;0;0_0;0;0_-100;2;5475_-100;2;5475_-100;2;5475,18.9342465753425,Incidence,5.29980543167901e-07
NbyGQVwzFc_loc12_loop6,12,ITN 0%/IRS 0%/Larvicide 0%,0;0.4;0.4_0;0;0_0;0;0_-100;2;5475_-100;2;5475_-100;2;5475,18.9369863013699,Incidence,5.3183388105023e-07
NbyGQVwzFc_loc12_loop6,12,ITN 0%/IRS 0%/Larvicide 0%,0;0.4;0.4_0;0;0_0;0;0_-100;2;5475_-100;2;5475_-100;2;5475,18.9397260273973,Incidence,5.33694418480602e-07
NbyGQVwzFc_loc12_loop6,12,ITN 0%/IRS 0%/Larvicide 0%,0;0.4;0.4_0;0;0_0;0;0_-100;2;5475_-100;2;5475_-100;2;5475,18.9424657534247,Incidence,5.35562185770535e-07
NbyGQVwzFc_loc12_loop6,12,ITN 0%/IRS 0%/Larvicide 0%,0;0.4;0.4_0;0;0_0;0;0_-100;2;5475_-100;2;5475_-100;2;5475,18.9452054794521,Incidence,5.37437213410904e-07
NbyGQVwzFc_loc12_loop6,12,ITN 0%/IRS 0%/Larvicide 0%,0;0.4;0.4_0;0;0_0;0;0_-100;2;5475_-100;2;5475_-100;2;5475,18.9479452054795,Incidence,5.39319531949954e-07
NbyGQVwzFc_loc12_loop6,12,ITN 0%/IRS 0%/Larvicide 0%,0;0.4;0.4_0;0;0_0;0;0_-100;2;5475_-100;2;5475_-100;2;5475,18.9506849315069,Incidence,5.41209172062006e-07
NbyGQVwzFc_loc12_loop6,12,ITN 0%/IRS 0%/Larvicide 0%,0;0.4;0.4_0;0;0_0;0;0_-100;2;5475_-100;2;5475_-100;2;5475,18.9534246575342,Incidence,5.4310616455453e-07
NbyGQVwzFc_loc12_loop6,12,ITN 0%/IRS 0%/Larvicide 0%,0;0.4;0.4_0;0;0_0;0;0_-100;2;5475_-100;2;5475_-100;2;5475,18.9561643835616,Incidence,5.45010540368787e-07
NbyGQVwzFc_loc12_loop6,12,ITN 0%/IRS 0%/Larvicide 0%,0;0.4;0.4_0;0;0_0;0;0_-100;2;5475_-100;2;5475_-100;2;5475,18.958904109589,Incidence,5.46922330580497e-07
NbyGQVwzFc_loc12_loop6,12,ITN 0%/IRS 0%/Larvicide 0%,0;0.4;0.4_0;0;0_0;0;0_-100;2;5475_-100;2;5475_-100;2;5475,18.9616438356164,Incidence,5.48841566400474e-07
NbyGQVwzFc_loc12_loop6,12,ITN 0%/IRS 0%/Larvicide 0%,0;0.4;0.4_0;0;0_0;0;0_-100;2;5475_-100;2;5475_-100;2;5475,18.9643835616438,Incidence,5.507682791753e-07
NbyGQVwzFc_loc12_loop6,12,ITN 0%/IRS 0%/Larvicide 0%,0;0.4;0.4_0;0;0_0;0;0_-100;2;5475_-100;2;5475_-100;2;5475,18.9671232876712,Incidence,5.52702500387978e-07
NbyGQVwzFc_loc12_loop6,12,ITN 0%/IRS 0%/Larvicide 0%,0;0.4;0.4_0;0;0_0;0;0_-100;2;5475_-100;2;5475_-100;2;5475,18.9698630136986,Incidence,5.54644261658601e-07
NbyGQVwzFc_loc12_loop6,12,ITN 0%/IRS 0%/Larvicide 0%,0;0.4;0.4_0;0;0_0;0;0_-100;2;5475_-100;2;5475_-100;2;5475,18.972602739726,Incidence,5.56593594745012e-07
NbyGQVwzFc_loc12_loop6,12,ITN 0%/IRS 0%/Larvicide 0%,0;0.4;0.4_0;0;0_0;0;0_-100;2;5475_-100;2;5475_-100;2;5475,18.9753424657534,Incidence,5.58550531543477e-07
NbyGQVwzFc_loc12_loop6,12,ITN 0%/IRS 0%/Larvicide 0%,0;0.4;0.4_0;0;0_0;0;0_-100;2;5475_-100;2;5475_-100;2;5475,18.9780821917808,Incidence,5.60515104089361e-07
NbyGQVwzFc_loc12_loop6,12,ITN 0%/IRS 0%/Larvicide 0%,0;0.4;0.4_0;0;0_0;0;0_-100;2;5475_-100;2;5475_-100;2;5475,18.9808219178082,Incidence,5.62487344557792e-07
NbyGQVwzFc_loc12_loop6,12,ITN 0%/IRS 0%/Larvicide 0%,0;0.4;0.4_0;0;0_0;0;0_-100;2;5475_-100;2;5475_-100;2;5475,18.9835616438356,Incidence,5.64467285264352e-07
NbyGQVwzFc_loc12_loop6,12,ITN 0%/IRS 0%/Larvicide 0%,0;0.4;0.4_0;0;0_0;0;0_-100;2;5475_-100;2;5475_-100;2;5475,18.986301369863,Incidence,5.66454958665749e-07
NbyGQVwzFc_loc12_loop6,12,ITN 0%/IRS 0%/Larvicide 0%,0;0.4;0.4_0;0;0_0;0;0_-100;2;5475_-100;2;5475_-100;2;5475,18.9890410958904,Incidence,5.68450397360503e-07
NbyGQVwzFc_loc12_loop6,12,ITN 0%/IRS 0%/Larvicide 0%,0;0.4;0.4_0;0;0_0;0;0_-100;2;5475_-100;2;5475_-100;2;5475,18.9917808219178,Incidence,5.70453634089634e-07
NbyGQVwzFc_loc12_loop6,12,ITN 0%/IRS 0%/Larvicide 0%,0;0.4;0.4_0;0;0_0;0;0_-100;2;5475_-100;2;5475_-100;2;5475,18.9945205479452,Incidence,5.7246470173735e-07
NbyGQVwzFc_loc12_loop6,12,ITN 0%/IRS 0%/Larvicide 0%,0;0.4;0.4_0;0;0_0;0;0_-100;2;5475_-100;2;5475_-100;2;5475,18.9972602739726,Incidence,5.7448363333334e-07
NbyGQVwzFc_loc12_loop6,12,ITN 0%/IRS 0%/Larvicide 0%,0;0.4;0.4_0;0;0_0;0;0_-100;2;5475_-100;2;5475_-100;2;5475,19,Incidence,5.76510462114332e-07
NbyGQVwzFc_loc12_loop6,12,ITN 0%/IRS 0%/Larvicide 0%,0;0.4;0.4_0;0;0_0;0;0_-100;2;5475_-100;2;5475_-100;2;5475,19.0027397260274,Incidence,5.78545221419549e-07
NbyGQVwzFc_loc12_loop6,12,ITN 0%/IRS 0%/Larvicide 0%,0;0.4;0.4_0;0;0_0;0;0_-100;2;5475_-100;2;5475_-100;2;5475,19.0054794520548,Incidence,5.8058794469562e-07
NbyGQVwzFc_loc12_loop6,12,ITN 0%/IRS 0%/Larvicide 0%,0;0.4;0.4_0;0;0_0;0;0_-100;2;5475_-100;2;5475_-100;2;5475,19.0082191780822,Incidence,5.82638665534931e-07
NbyGQVwzFc_loc12_loop6,12,ITN 0%/IRS 0%/Larvicide 0%,0;0.4;0.4_0;0;0_0;0;0_-100;2;5475_-100;2;5475_-100;2;5475,19.0109589041096,Incidence,5.84697417676303e-07
NbyGQVwzFc_loc12_loop6,12,ITN 0%/IRS 0%/Larvicide 0%,0;0.4;0.4_0;0;0_0;0;0_-100;2;5475_-100;2;5475_-100;2;5475,19.013698630137,Incidence,5.86764235005714e-07
NbyGQVwzFc_loc12_loop6,12,ITN 0%/IRS 0%/Larvicide 0%,0;0.4;0.4_0;0;0_0;0;0_-100;2;5475_-100;2;5475_-100;2;5475,19.0164383561644,Incidence,5.88839151556999e-07
NbyGQVwzFc_loc12_loop6,12,ITN 0%/IRS 0%/Larvicide 0%,0;0.4;0.4_0;0;0_0;0;0_-100;2;5475_-100;2;5475_-100;2;5475,19.0191780821918,Incidence,5.90922201512565e-07
NbyGQVwzFc_loc12_loop6,12,ITN 0%/IRS 0%/Larvicide 0%,0;0.4;0.4_0;0;0_0;0;0_-100;2;5475_-100;2;5475_-100;2;5475,19.0219178082192,Incidence,5.93013419204099e-07
NbyGQVwzFc_loc12_loop6,12,ITN 0%/IRS 0%/Larvicide 0%,0;0.4;0.4_0;0;0_0;0;0_-100;2;5475_-100;2;5475_-100;2;5475,19.0246575342466,Incidence,5.95112839113286e-07
NbyGQVwzFc_loc12_loop6,12,ITN 0%/IRS 0%/Larvicide 0%,0;0.4;0.4_0;0;0_0;0;0_-100;2;5475_-100;2;5475_-100;2;5475,19.027397260274,Incidence,5.97220495872541e-07
NbyGQVwzFc_loc12_loop6,12,ITN 0%/IRS 0%/Larvicide 0%,0;0.4;0.4_0;0;0_0;0;0_-100;2;5475_-100;2;5475_-100;2;5475,19.0301369863014,Incidence,5.9933642426572e-07
NbyGQVwzFc_loc12_loop6,12,ITN 0%/IRS 0%/Larvicide 0%,0;0.4;0.4_0;0;0_0;0;0_-100;2;5475_-100;2;5475_-100;2;5475,19.0328767123288,Incidence,6.01460659228844e-07
NbyGQVwzFc_loc12_loop6,12,ITN 0%/IRS 0%/Larvicide 0%,0;0.4;0.4_0;0;0_0;0;0_-100;2;5475_-100;2;5475_-100;2;5475,19.0356164383562,Incidence,6.03593235850836e-07
NbyGQVwzFc_loc12_loop6,12,ITN 0%/IRS 0%/Larvicide 0%,0;0.4;0.4_0;0;0_0;0;0_-100;2;5475_-100;2;5475_-100;2;5475,19.0383561643836,Incidence,6.05734189374253e-07
NbyGQVwzFc_loc12_loop6,12,ITN 0%/IRS 0%/Larvicide 0%,0;0.4;0.4_0;0;0_0;0;0_-100;2;5475_-100;2;5475_-100;2;5475,19.041095890411,Incidence,6.07883555196017e-07
NbyGQVwzFc_loc12_loop6,12,ITN 0%/IRS 0%/Larvicide 0%,0;0.4;0.4_0;0;0_0;0;0_-100;2;5475_-100;2;5475_-100;2;5475,19.0438356164384,Incidence,6.10041368868159e-07
NbyGQVwzFc_loc12_loop6,12,ITN 0%/IRS 0%/Larvicide 0%,0;0.4;0.4_0;0;0_0;0;0_-100;2;5475_-100;2;5475_-100;2;5475,19.0465753424658,Incidence,6.12207666098553e-07
NbyGQVwzFc_loc12_loop6,12,ITN 0%/IRS 0%/Larvicide 0%,0;0.4;0.4_0;0;0_0;0;0_-100;2;5475_-100;2;5475_-100;2;5475,19.0493150684932,Incidence,6.14382482751664e-07
NbyGQVwzFc_loc12_loop6,12,ITN 0%/IRS 0%/Larvicide 0%,0;0.4;0.4_0;0;0_0;0;0_-100;2;5475_-100;2;5475_-100;2;5475,19.0520547945205,Incidence,6.16565854849303e-07
NbyGQVwzFc_loc12_loop6,12,ITN 0%/IRS 0%/Larvicide 0%,0;0.4;0.4_0;0;0_0;0;0_-100;2;5475_-100;2;5475_-100;2;5475,19.0547945205479,Incidence,6.18757818573688e-07
NbyGQVwzFc_loc12_loop6,12,ITN 0%/IRS 0%/Larvicide 0%,0;0.4;0.4_0;0;0_0;0;0_-100;2;5475_-100;2;5475_-100;2;5475,19.0575342465753,Incidence,6.20958410328807e-07
NbyGQVwzFc_loc12_loop6,12,ITN 0%/IRS 0%/Larvicide 0%,0;0.4;0.4_0;0;0_0;0;0_-100;2;5475_-100;2;5475_-100;2;5475,19.0602739726027,Incidence,6.23167666627491e-07
NbyGQVwzFc_loc12_loop6,12,ITN 0%/IRS 0%/Larvicide 0%,0;0.4;0.4_0;0;0_0;0;0_-100;2;5475_-100;2;5475_-100;2;5475,19.0630136986301,Incidence,6.25385624107048e-07
NbyGQVwzFc_loc12_loop6,12,ITN 0%/IRS 0%/Larvicide 0%,0;0.4;0.4_0;0;0_0;0;0_-100;2;5475_-100;2;5475_-100;2;5475,19.0657534246575,Incidence,6.2761231956498e-07
NbyGQVwzFc_loc12_loop6,12,ITN 0%/IRS 0%/Larvicide 0%,0;0.4;0.4_0;0;0_0;0;0_-100;2;5475_-100;2;5475_-100;2;5475,19.0684931506849,Incidence,6.29847789959696e-07
NbyGQVwzFc_loc12_loop6,12,ITN 0%/IRS 0%/Larvicide 0%,0;0.4;0.4_0;0;0_0;0;0_-100;2;5475_-100;2;5475_-100;2;5475,19.0712328767123,Incidence,6.32092072411452e-07
NbyGQVwzFc_loc12_loop6,12,ITN 0%/IRS 0%/Larvicide 0%,0;0.4;0.4_0;0;0_0;0;0_-100;2;5475_-100;2;5475_-100;2;5475,19.0739726027397,Incidence,6.34345204202781e-07
NbyGQVwzFc_loc12_loop6,12,ITN 0%/IRS 0%/Larvicide 0%,0;0.4;0.4_0;0;0_0;0;0_-100;2;5475_-100;2;5475_-100;2;5475,19.0767123287671,Incidence,6.36607222779647e-07
NbyGQVwzFc_loc12_loop6,12,ITN 0%/IRS 0%/Larvicide 0%,0;0.4;0.4_0;0;0_0;0;0_-100;2;5475_-100;2;5475_-100;2;5475,19.0794520547945,Incidence,6.38878165751878e-07
NbyGQVwzFc_loc12_loop6,12,ITN 0%/IRS 0%/Larvicide 0%,0;0.4;0.4_0;0;0_0;0;0_-100;2;5475_-100;2;5475_-100;2;5475,19.0821917808219,Incidence,6.41158070894256e-07
NbyGQVwzFc_loc12_loop6,12,ITN 0%/IRS 0%/Larvicide 0%,0;0.4;0.4_0;0;0_0;0;0_-100;2;5475_-100;2;5475_-100;2;5475,19.0849315068493,Incidence,6.43446976147097e-07
NbyGQVwzFc_loc12_loop6,12,ITN 0%/IRS 0%/Larvicide 0%,0;0.4;0.4_0;0;0_0;0;0_-100;2;5475_-100;2;5475_-100;2;5475,19.0876712328767,Incidence,6.45744919616997e-07
NbyGQVwzFc_loc12_loop6,12,ITN 0%/IRS 0%/Larvicide 0%,0;0.4;0.4_0;0;0_0;0;0_-100;2;5475_-100;2;5475_-100;2;5475,19.0904109589041,Incidence,6.48051939577712e-07
NbyGQVwzFc_loc12_loop6,12,ITN 0%/IRS 0%/Larvicide 0%,0;0.4;0.4_0;0;0_0;0;0_-100;2;5475_-100;2;5475_-100;2;5475,19.0931506849315,Incidence,6.50368074471793e-07
NbyGQVwzFc_loc12_loop6,12,ITN 0%/IRS 0%/Larvicide 0%,0;0.4;0.4_0;0;0_0;0;0_-100;2;5475_-100;2;5475_-100;2;5475,19.0958904109589,Incidence,6.52693362908293e-07
NbyGQVwzFc_loc12_loop6,12,ITN 0%/IRS 0%/Larvicide 0%,0;0.4;0.4_0;0;0_0;0;0_-100;2;5475_-100;2;5475_-100;2;5475,19.0986301369863,Incidence,6.55027843668341e-07
NbyGQVwzFc_loc12_loop6,12,ITN 0%/IRS 0%/Larvicide 0%,0;0.4;0.4_0;0;0_0;0;0_-100;2;5475_-100;2;5475_-100;2;5475,19.1013698630137,Incidence,6.57371555702434e-07
NbyGQVwzFc_loc12_loop6,12,ITN 0%/IRS 0%/Larvicide 0%,0;0.4;0.4_0;0;0_0;0;0_-100;2;5475_-100;2;5475_-100;2;5475,19.1041095890411,Incidence,6.59724538131489e-07
NbyGQVwzFc_loc12_loop6,12,ITN 0%/IRS 0%/Larvicide 0%,0;0.4;0.4_0;0;0_0;0;0_-100;2;5475_-100;2;5475_-100;2;5475,19.1068493150685,Incidence,6.62086830249391e-07
NbyGQVwzFc_loc12_loop6,12,ITN 0%/IRS 0%/Larvicide 0%,0;0.4;0.4_0;0;0_0;0;0_-100;2;5475_-100;2;5475_-100;2;5475,19.1095890410959,Incidence,6.64458471522527e-07
NbyGQVwzFc_loc12_loop6,12,ITN 0%/IRS 0%/Larvicide 0%,0;0.4;0.4_0;0;0_0;0;0_-100;2;5475_-100;2;5475_-100;2;5475,19.1123287671233,Incidence,6.66839501590518e-07
NbyGQVwzFc_loc12_loop6,12,ITN 0%/IRS 0%/Larvicide 0%,0;0.4;0.4_0;0;0_0;0;0_-100;2;5475_-100;2;5475_-100;2;5475,19.1150684931507,Incidence,6.6922996029489e-07
NbyGQVwzFc_loc12_loop6,12,ITN 0%/IRS 0%/Larvicide 0%,0;0.4;0.4_0;0;0_0;0;0_-100;2;5475_-100;2;5475_-100;2;5475,19.1178082191781,Incidence,6.7162988768352e-07
NbyGQVwzFc_loc12_loop6,12,ITN 0%/IRS 0%/Larvicide 0%,0;0.4;0.4_0;0;0_0;0;0_-100;2;5475_-100;2;5475_-100;2;5475,19.1205479452055,Incidence,6.74039323900802e-07
NbyGQVwzFc_loc12_loop6,12,ITN 0%/IRS 0%/Larvicide 0%,0;0.4;0.4_0;0;0_0;0;0_-100;2;5475_-100;2;5475_-100;2;5475,19.1232876712329,Incidence,6.76458309263199e-07
NbyGQVwzFc_loc12_loop6,12,ITN 0%/IRS 0%/Larvicide 0%,0;0.4;0.4_0;0;0_0;0;0_-100;2;5475_-100;2;5475_-100;2;5475,19.1260273972603,Incidence,6.78886884263967e-07
NbyGQVwzFc_loc12_loop6,12,ITN 0%/IRS 0%/Larvicide 0%,0;0.4;0.4_0;0;0_0;0;0_-100;2;5475_-100;2;5475_-100;2;5475,19.1287671232877,Incidence,6.81325089573925e-07
NbyGQVwzFc_loc12_loop6,12,ITN 0%/IRS 0%/Larvicide 0%,0;0.4;0.4_0;0;0_0;0;0_-100;2;5475_-100;2;5475_-100;2;5475,19.1315068493151,Incidence,6.83772966042275e-07
NbyGQVwzFc_loc12_loop6,12,ITN 0%/IRS 0%/Larvicide 0%,0;0.4;0.4_0;0;0_0;0;0_-100;2;5475_-100;2;5475_-100;2;5475,19.1342465753425,Incidence,6.86230554697514e-07
NbyGQVwzFc_loc12_loop6,12,ITN 0%/IRS 0%/Larvicide 0%,0;0.4;0.4_0;0;0_0;0;0_-100;2;5475_-100;2;5475_-100;2;5475,19.1369863013699,Incidence,6.88697896748272e-07
NbyGQVwzFc_loc12_loop6,12,ITN 0%/IRS 0%/Larvicide 0%,0;0.4;0.4_0;0;0_0;0;0_-100;2;5475_-100;2;5475_-100;2;5475,19.1397260273973,Incidence,6.91175033584065e-07
NbyGQVwzFc_loc12_loop6,12,ITN 0%/IRS 0%/Larvicide 0%,0;0.4;0.4_0;0;0_0;0;0_-100;2;5475_-100;2;5475_-100;2;5475,19.1424657534247,Incidence,6.9366200677622e-07
NbyGQVwzFc_loc12_loop6,12,ITN 0%/IRS 0%/Larvicide 0%,0;0.4;0.4_0;0;0_0;0;0_-100;2;5475_-100;2;5475_-100;2;5475,19.1452054794521,Incidence,6.96158858078744e-07
NbyGQVwzFc_loc12_loop6,12,ITN 0%/IRS 0%/Larvicide 0%,0;0.4;0.4_0;0;0_0;0;0_-100;2;5475_-100;2;5475_-100;2;5475,19.1479452054795,Incidence,6.98665629429102e-07
NbyGQVwzFc_loc12_loop6,12,ITN 0%/IRS 0%/Larvicide 0%,0;0.4;0.4_0;0;0_0;0;0_-100;2;5475_-100;2;5475_-100;2;5475,19.1506849315069,Incidence,7.01182362949128e-07
NbyGQVwzFc_loc12_loop6,12,ITN 0%/IRS 0%/Larvicide 0%,0;0.4;0.4_0;0;0_0;0;0_-100;2;5475_-100;2;5475_-100;2;5475,19.1534246575342,Incidence,7.03709100945897e-07
NbyGQVwzFc_loc12_loop6,12,ITN 0%/IRS 0%/Larvicide 0%,0;0.4;0.4_0;0;0_0;0;0_-100;2;5475_-100;2;5475_-100;2;5475,19.1561643835616,Incidence,7.06245885912558e-07
NbyGQVwzFc_loc12_loop6,12,ITN 0%/IRS 0%/Larvicide 0%,0;0.4;0.4_0;0;0_0;0;0_-100;2;5475_-100;2;5475_-100;2;5475,19.158904109589,Incidence,7.08792760529213e-07
NbyGQVwzFc_loc12_loop6,12,ITN 0%/IRS 0%/Larvicide 0%,0;0.4;0.4_0;0;0_0;0;0_-100;2;5475_-100;2;5475_-100;2;5475,19.1616438356164,Incidence,7.11349767663803e-07
NbyGQVwzFc_loc12_loop6,12,ITN 0%/IRS 0%/Larvicide 0%,0;0.4;0.4_0;0;0_0;0;0_-100;2;5475_-100;2;5475_-100;2;5475,19.1643835616438,Incidence,7.13916950372976e-07
NbyGQVwzFc_loc12_loop6,12,ITN 0%/IRS 0%/Larvicide 0%,0;0.4;0.4_0;0;0_0;0;0_-100;2;5475_-100;2;5475_-100;2;5475,19.1671232876712,Incidence,7.16494351902956e-07
NbyGQVwzFc_loc12_loop6,12,ITN 0%/IRS 0%/Larvicide 0%,0;0.4;0.4_0;0;0_0;0;0_-100;2;5475_-100;2;5475_-100;2;5475,19.1698630136986,Incidence,7.19082015690459e-07
NbyGQVwzFc_loc12_loop6,12,ITN 0%/IRS 0%/Larvicide 0%,0;0.4;0.4_0;0;0_0;0;0_-100;2;5475_-100;2;5475_-100;2;5475,19.172602739726,Incidence,7.21679985363545e-07
NbyGQVwzFc_loc12_loop6,12,ITN 0%/IRS 0%/Larvicide 0%,0;0.4;0.4_0;0;0_0;0;0_-100;2;5475_-100;2;5475_-100;2;5475,19.1753424657534,Incidence,7.24288304768037e-07
NbyGQVwzFc_loc12_loop6,12,ITN 0%/IRS 0%/Larvicide 0%,0;0.4;0.4_0;0;0_0;0;0_-100;2;5475_-100;2;5475_-100;2;5475,19.1780821917808,Incidence,7.26907017974597e-07
NbyGQVwzFc_loc12_loop6,12,ITN 0%/IRS 0%/Larvicide 0%,0;0.4;0.4_0;0;0_0;0;0_-100;2;5475_-100;2;5475_-100;2;5475,19.1808219178082,Incidence,7.29536169166306e-07
NbyGQVwzFc_loc12_loop6,12,ITN 0%/IRS 0%/Larvicide 0%,0;0.4;0.4_0;0;0_0;0;0_-100;2;5475_-100;2;5475_-100;2;5475,19.1835616438356,Incidence,7.32175802715661e-07
NbyGQVwzFc_loc12_loop6,12,ITN 0%/IRS 0%/Larvicide 0%,0;0.4;0.4_0;0;0_0;0;0_-100;2;5475_-100;2;5475_-100;2;5475,19.186301369863,Incidence,7.34825963190054e-07
NbyGQVwzFc_loc12_loop6,12,ITN 0%/IRS 0%/Larvicide 0%,0;0.4;0.4_0;0;0_0;0;0_-100;2;5475_-100;2;5475_-100;2;5475,19.1890410958904,Incidence,7.37486695352685e-07
NbyGQVwzFc_loc12_loop6,12,ITN 0%/IRS 0%/Larvicide 0%,0;0.4;0.4_0;0;0_0;0;0_-100;2;5475_-100;2;5475_-100;2;5475,19.1917808219178,Incidence,7.40158044163467e-07
NbyGQVwzFc_loc12_loop6,12,ITN 0%/IRS 0%/Larvicide 0%,0;0.4;0.4_0;0;0_0;0;0_-100;2;5475_-100;2;5475_-100;2;5475,19.1945205479452,Incidence,7.4284005477994e-07
NbyGQVwzFc_loc12_loop6,12,ITN 0%/IRS 0%/Larvicide 0%,0;0.4;0.4_0;0;0_0;0;0_-100;2;5475_-100;2;5475_-100;2;5475,19.1972602739726,Incidence,7.45532772558192e-07
NbyGQVwzFc_loc12_loop6,12,ITN 0%/IRS 0%/Larvicide 0%,0;0.4;0.4_0;0;0_0;0;0_-100;2;5475_-100;2;5475_-100;2;5475,19.2,Incidence,7.48236243053767e-07
NbyGQVwzFc_loc12_loop6,12,ITN 0%/IRS 0%/Larvicide 0%,0;0.4;0.4_0;0;0_0;0;0_-100;2;5475_-100;2;5475_-100;2;5475,19.2027397260274,Incidence,7.50950512022605e-07
NbyGQVwzFc_loc12_loop6,12,ITN 0%/IRS 0%/Larvicide 0%,0;0.4;0.4_0;0;0_0;0;0_-100;2;5475_-100;2;5475_-100;2;5475,19.2054794520548,Incidence,7.53675625421961e-07
NbyGQVwzFc_loc12_loop6,12,ITN 0%/IRS 0%/Larvicide 0%,0;0.4;0.4_0;0;0_0;0;0_-100;2;5475_-100;2;5475_-100;2;5475,19.2082191780822,Incidence,7.56411629411337e-07
NbyGQVwzFc_loc12_loop6,12,ITN 0%/IRS 0%/Larvicide 0%,0;0.4;0.4_0;0;0_0;0;0_-100;2;5475_-100;2;5475_-100;2;5475,19.2109589041096,Incidence,7.5915857035342e-07
NbyGQVwzFc_loc12_loop6,12,ITN 0%/IRS 0%/Larvicide 0%,0;0.4;0.4_0;0;0_0;0;0_-100;2;5475_-100;2;5475_-100;2;5475,19.213698630137,Incidence,7.61916494815019e-07
NbyGQVwzFc_loc12_loop6,12,ITN 0%/IRS 0%/Larvicide 0%,0;0.4;0.4_0;0;0_0;0;0_-100;2;5475_-100;2;5475_-100;2;5475,19.2164383561644,Incidence,7.64685449568015e-07
NbyGQVwzFc_loc12_loop6,12,ITN 0%/IRS 0%/Larvicide 0%,0;0.4;0.4_0;0;0_0;0;0_-100;2;5475_-100;2;5475_-100;2;5475,19.2191780821918,Incidence,7.67465481590305e-07
NbyGQVwzFc_loc12_loop6,12,ITN 0%/IRS 0%/Larvicide 0%,0;0.4;0.4_0;0;0_0;0;0_-100;2;5475_-100;2;5475_-100;2;5475,19.2219178082192,Incidence,7.70256638066749e-07
NbyGQVwzFc_loc12_loop6,12,ITN 0%/IRS 0%/Larvicide 0%,0;0.4;0.4_0;0;0_0;0;0_-100;2;5475_-100;2;5475_-100;2;5475,19.2246575342466,Incidence,7.7305896639013e-07
NbyGQVwzFc_loc12_loop6,12,ITN 0%/IRS 0%/Larvicide 0%,0;0.4;0.4_0;0;0_0;0;0_-100;2;5475_-100;2;5475_-100;2;5475,19.227397260274,Incidence,7.75872514162112e-07
NbyGQVwzFc_loc12_loop6,12,ITN 0%/IRS 0%/Larvicide 0%,0;0.4;0.4_0;0;0_0;0;0_-100;2;5475_-100;2;5475_-100;2;5475,19.2301369863014,Incidence,7.78697329194207e-07
NbyGQVwzFc_loc12_loop6,12,ITN 0%/IRS 0%/Larvicide 0%,0;0.4;0.4_0;0;0_0;0;0_-100;2;5475_-100;2;5475_-100;2;5475,19.2328767123288,Incidence,7.81533459508737e-07
NbyGQVwzFc_loc12_loop6,12,ITN 0%/IRS 0%/Larvicide 0%,0;0.4;0.4_0;0;0_0;0;0_-100;2;5475_-100;2;5475_-100;2;5475,19.2356164383562,Incidence,7.84380953340512e-07
NbyGQVwzFc_loc12_loop6,12,ITN 0%/IRS 0%/Larvicide 0%,0;0.4;0.4_0;0;0_0;0;0_-100;2;5475_-100;2;5475_-100;2;5475,19.2383561643836,Incidence,7.8723985919367e-07
NbyGQVwzFc_loc12_loop6,12,ITN 0%/IRS 0%/Larvicide 0%,0;0.4;0.4_0;0;0_0;0;0_-100;2;5475_-100;2;5475_-100;2;5475,19.241095890411,Incidence,7.90110225742078e-07
NbyGQVwzFc_loc12_loop6,12,ITN 0%/IRS 0%/Larvicide 0%,0;0.4;0.4_0;0;0_0;0;0_-100;2;5475_-100;2;5475_-100;2;5475,19.2438356164384,Incidence,7.92992101827673e-07
NbyGQVwzFc_loc12_loop6,12,ITN 0%/IRS 0%/Larvicide 0%,0;0.4;0.4_0;0;0_0;0;0_-100;2;5475_-100;2;5475_-100;2;5475,19.2465753424658,Incidence,7.95885536507142e-07
NbyGQVwzFc_loc12_loop6,12,ITN 0%/IRS 0%/Larvicide 0%,0;0.4;0.4_0;0;0_0;0;0_-100;2;5475_-100;2;5475_-100;2;5475,19.2493150684932,Incidence,7.98790579052915e-07
NbyGQVwzFc_loc12_loop6,12,ITN 0%/IRS 0%/Larvicide 0%,0;0.4;0.4_0;0;0_0;0;0_-100;2;5475_-100;2;5475_-100;2;5475,19.2520547945205,Incidence,8.01707278954151e-07
NbyGQVwzFc_loc12_loop6,12,ITN 0%/IRS 0%/Larvicide 0%,0;0.4;0.4_0;0;0_0;0;0_-100;2;5475_-100;2;5475_-100;2;5475,19.2547945205479,Incidence,8.04635685917735e-07
NbyGQVwzFc_loc12_loop6,12,ITN 0%/IRS 0%/Larvicide 0%,0;0.4;0.4_0;0;0_0;0;0_-100;2;5475_-100;2;5475_-100;2;5475,19.2575342465753,Incidence,8.07575849869276e-07
NbyGQVwzFc_loc12_loop6,12,ITN 0%/IRS 0%/Larvicide 0%,0;0.4;0.4_0;0;0_0;0;0_-100;2;5475_-100;2;5475_-100;2;5475,19.2602739726027,Incidence,8.10527820954106e-07
NbyGQVwzFc_loc12_loop6,12,ITN 0%/IRS 0%/Larvicide 0%,0;0.4;0.4_0;0;0_0;0;0_-100;2;5475_-100;2;5475_-100;2;5475,19.2630136986301,Incidence,8.13491649538293e-07
NbyGQVwzFc_loc12_loop6,12,ITN 0%/IRS 0%/Larvicide 0%,0;0.4;0.4_0;0;0_0;0;0_-100;2;5475_-100;2;5475_-100;2;5475,19.2657534246575,Incidence,8.16467386209655e-07
NbyGQVwzFc_loc12_loop6,12,ITN 0%/IRS 0%/Larvicide 0%,0;0.4;0.4_0;0;0_0;0;0_-100;2;5475_-100;2;5475_-100;2;5475,19.2684931506849,Incidence,8.19455081778765e-07
NbyGQVwzFc_loc12_loop6,12,ITN 0%/IRS 0%/Larvicide 0%,0;0.4;0.4_0;0;0_0;0;0_-100;2;5475_-100;2;5475_-100;2;5475,19.2712328767123,Incidence,8.22454787279978e-07
NbyGQVwzFc_loc12_loop6,12,ITN 0%/IRS 0%/Larvicide 0%,0;0.4;0.4_0;0;0_0;0;0_-100;2;5475_-100;2;5475_-100;2;5475,19.2739726027397,Incidence,8.25466553972452e-07
NbyGQVwzFc_loc12_loop6,12,ITN 0%/IRS 0%/Larvicide 0%,0;0.4;0.4_0;0;0_0;0;0_-100;2;5475_-100;2;5475_-100;2;5475,19.2767123287671,Incidence,8.28490433341178e-07
NbyGQVwzFc_loc12_loop6,12,ITN 0%/IRS 0%/Larvicide 0%,0;0.4;0.4_0;0;0_0;0;0_-100;2;5475_-100;2;5475_-100;2;5475,19.2794520547945,Incidence,8.31526477098004e-07
NbyGQVwzFc_loc12_loop6,12,ITN 0%/IRS 0%/Larvicide 0%,0;0.4;0.4_0;0;0_0;0;0_-100;2;5475_-100;2;5475_-100;2;5475,19.2821917808219,Incidence,8.34574737182691e-07
NbyGQVwzFc_loc12_loop6,12,ITN 0%/IRS 0%/Larvicide 0%,0;0.4;0.4_0;0;0_0;0;0_-100;2;5475_-100;2;5475_-100;2;5475,19.2849315068493,Incidence,8.37635265763931e-07
NbyGQVwzFc_loc12_loop6,12,ITN 0%/IRS 0%/Larvicide 0%,0;0.4;0.4_0;0;0_0;0;0_-100;2;5475_-100;2;5475_-100;2;5475,19.2876712328767,Incidence,8.40708115240402e-07
NbyGQVwzFc_loc12_loop6,12,ITN 0%/IRS 0%/Larvicide 0%,0;0.4;0.4_0;0;0_0;0;0_-100;2;5475_-100;2;5475_-100;2;5475,19.2904109589041,Incidence,8.43793338241815e-07
NbyGQVwzFc_loc12_loop6,12,ITN 0%/IRS 0%/Larvicide 0%,0;0.4;0.4_0;0;0_0;0;0_-100;2;5475_-100;2;5475_-100;2;5475,19.2931506849315,Incidence,8.46890987629976e-07
NbyGQVwzFc_loc12_loop6,12,ITN 0%/IRS 0%/Larvicide 0%,0;0.4;0.4_0;0;0_0;0;0_-100;2;5475_-100;2;5475_-100;2;5475,19.2958904109589,Incidence,8.5000111649983e-07
NbyGQVwzFc_loc12_loop6,12,ITN 0%/IRS 0%/Larvicide 0%,0;0.4;0.4_0;0;0_0;0;0_-100;2;5475_-100;2;5475_-100;2;5475,19.2986301369863,Incidence,8.53123778180531e-07
NbyGQVwzFc_loc12_loop6,12,ITN 0%/IRS 0%/Larvicide 0%,0;0.4;0.4_0;0;0_0;0;0_-100;2;5475_-100;2;5475_-100;2;5475,19.3013698630137,Incidence,8.56259026276201e-07
NbyGQVwzFc_loc12_loop6,12,ITN 0%/IRS 0%/Larvicide 0%,0;0.4;0.4_0;0;0_0;0;0_-100;2;5475_-100;2;5475_-100;2;5475,19.3041095890411,Incidence,8.59406914621697e-07
NbyGQVwzFc_loc12_loop6,12,ITN 0%/IRS 0%/Larvicide 0%,0;0.4;0.4_0;0;0_0;0;0_-100;2;5475_-100;2;5475_-100;2;5475,19.3068493150685,Incidence,8.62567497218544e-07
NbyGQVwzFc_loc12_loop6,12,ITN 0%/IRS 0%/Larvicide 0%,0;0.4;0.4_0;0;0_0;0;0_-100;2;5475_-100;2;5475_-100;2;5475,19.3095890410959,Incidence,8.65740828305351e-07
NbyGQVwzFc_loc12_loop6,12,ITN 0%/IRS 0%/Larvicide 0%,0;0.4;0.4_0;0;0_0;0;0_-100;2;5475_-100;2;5475_-100;2;5475,19.3123287671233,Incidence,8.6892696235935e-07
NbyGQVwzFc_loc12_loop6,12,ITN 0%/IRS 0%/Larvicide 0%,0;0.4;0.4_0;0;0_0;0;0_-100;2;5475_-100;2;5475_-100;2;5475,19.3150684931507,Incidence,8.7212595409748e-07
NbyGQVwzFc_loc12_loop6,12,ITN 0%/IRS 0%/Larvicide 0%,0;0.4;0.4_0;0;0_0;0;0_-100;2;5475_-100;2;5475_-100;2;5475,19.3178082191781,Incidence,8.75337858477471e-07
NbyGQVwzFc_loc12_loop6,12,ITN 0%/IRS 0%/Larvicide 0%,0;0.4;0.4_0;0;0_0;0;0_-100;2;5475_-100;2;5475_-100;2;5475,19.3205479452055,Incidence,8.78562730698937e-07
NbyGQVwzFc_loc12_loop6,12,ITN 0%/IRS 0%/Larvicide 0%,0;0.4;0.4_0;0;0_0;0;0_-100;2;5475_-100;2;5475_-100;2;5475,19.3232876712329,Incidence,8.8180062620448e-07
NbyGQVwzFc_loc12_loop6,12,ITN 0%/IRS 0%/Larvicide 0%,0;0.4;0.4_0;0;0_0;0;0_-100;2;5475_-100;2;5475_-100;2;5475,19.3260273972603,Incidence,8.85051600680783e-07
NbyGQVwzFc_loc12_loop6,12,ITN 0%/IRS 0%/Larvicide 0%,0;0.4;0.4_0;0;0_0;0;0_-100;2;5475_-100;2;5475_-100;2;5475,19.3287671232877,Incidence,8.88315710059723e-07
NbyGQVwzFc_loc12_loop6,12,ITN 0%/IRS 0%/Larvicide 0%,0;0.4;0.4_0;0;0_0;0;0_-100;2;5475_-100;2;5475_-100;2;5475,19.3315068493151,Incidence,8.91593010519472e-07
NbyGQVwzFc_loc12_loop6,12,ITN 0%/IRS 0%/Larvicide 0%,0;0.4;0.4_0;0;0_0;0;0_-100;2;5475_-100;2;5475_-100;2;5475,19.3342465753425,Incidence,8.94883558485618e-07
NbyGQVwzFc_loc12_loop6,12,ITN 0%/IRS 0%/Larvicide 0%,0;0.4;0.4_0;0;0_0;0;0_-100;2;5475_-100;2;5475_-100;2;5475,19.3369863013699,Incidence,8.98187410632278e-07
NbyGQVwzFc_loc12_loop6,12,ITN 0%/IRS 0%/Larvicide 0%,0;0.4;0.4_0;0;0_0;0;0_-100;2;5475_-100;2;5475_-100;2;5475,19.3397260273973,Incidence,9.01504623883235e-07
NbyGQVwzFc_loc12_loop6,12,ITN 0%/IRS 0%/Larvicide 0%,0;0.4;0.4_0;0;0_0;0;0_-100;2;5475_-100;2;5475_-100;2;5475,19.3424657534247,Incidence,9.04835255413053e-07
NbyGQVwzFc_loc12_loop6,12,ITN 0%/IRS 0%/Larvicide 0%,0;0.4;0.4_0;0;0_0;0;0_-100;2;5475_-100;2;5475_-100;2;5475,19.3452054794521,Incidence,9.08179362648215e-07
NbyGQVwzFc_loc12_loop6,12,ITN 0%/IRS 0%/Larvicide 0%,0;0.4;0.4_0;0;0_0;0;0_-100;2;5475_-100;2;5475_-100;2;5475,19.3479452054795,Incidence,9.11537003268259e-07
NbyGQVwzFc_loc12_loop6,12,ITN 0%/IRS 0%/Larvicide 0%,0;0.4;0.4_0;0;0_0;0;0_-100;2;5475_-100;2;5475_-100;2;5475,19.3506849315069,Incidence,9.14908235206921e-07
NbyGQVwzFc_loc12_loop6,12,ITN 0%/IRS 0%/Larvicide 0%,0;0.4;0.4_0;0;0_0;0;0_-100;2;5475_-100;2;5475_-100;2;5475,19.3534246575342,Incidence,9.18293116653283e-07
NbyGQVwzFc_loc12_loop6,12,ITN 0%/IRS 0%/Larvicide 0%,0;0.4;0.4_0;0;0_0;0;0_-100;2;5475_-100;2;5475_-100;2;5475,19.3561643835616,Incidence,9.21691706052913e-07
NbyGQVwzFc_loc12_loop6,12,ITN 0%/IRS 0%/Larvicide 0%,0;0.4;0.4_0;0;0_0;0;0_-100;2;5475_-100;2;5475_-100;2;5475,19.358904109589,Incidence,9.25104062109052e-07
NbyGQVwzFc_loc12_loop6,12,ITN 0%/IRS 0%/Larvicide 0%,0;0.4;0.4_0;0;0_0;0;0_-100;2;5475_-100;2;5475_-100;2;5475,19.3616438356164,Incidence,9.28530243783727e-07
NbyGQVwzFc_loc12_loop6,12,ITN 0%/IRS 0%/Larvicide 0%,0;0.4;0.4_0;0;0_0;0;0_-100;2;5475_-100;2;5475_-100;2;5475,19.3643835616438,Incidence,9.31970310299089e-07
NbyGQVwzFc_loc12_loop6,12,ITN 0%/IRS 0%/Larvicide 0%,0;0.4;0.4_0;0;0_0;0;0_-100;2;5475_-100;2;5475_-100;2;5475,19.3671232876712,Incidence,9.35424321188997e-07
NbyGQVwzFc_loc12_loop6,12,ITN 0%/IRS 0%/Larvicide 0%,0;0.4;0.4_0;0;0_0;0;0_-100;2;5475_-100;2;5475_-100;2;5475,19.3698630136986,Incidence,9.38892336212545e-07
NbyGQVwzFc_loc12_loop6,12,ITN 0%/IRS 0%/Larvicide 0%,0;0.4;0.4_0;0;0_0;0;0_-100;2;5475_-100;2;5475_-100;2;5475,19.372602739726,Incidence,9.4237441533758e-07
NbyGQVwzFc_loc12_loop6,12,ITN 0%/IRS 0%/Larvicide 0%,0;0.4;0.4_0;0;0_0;0;0_-100;2;5475_-100;2;5475_-100;2;5475,19.3753424657534,Incidence,9.45870618795675e-07
NbyGQVwzFc_loc12_loop6,12,ITN 0%/IRS 0%/Larvicide 0%,0;0.4;0.4_0;0;0_0;0;0_-100;2;5475_-100;2;5475_-100;2;5475,19.3780821917808,Incidence,9.49381007083322e-07
NbyGQVwzFc_loc12_loop6,12,ITN 0%/IRS 0%/Larvicide 0%,0;0.4;0.4_0;0;0_0;0;0_-100;2;5475_-100;2;5475_-100;2;5475,19.3808219178082,Incidence,9.52905640963107e-07
NbyGQVwzFc_loc12_loop6,12,ITN 0%/IRS 0%/Larvicide 0%,0;0.4;0.4_0;0;0_0;0;0_-100;2;5475_-100;2;5475_-100;2;5475,19.3835616438356,Incidence,9.56444581464916e-07
NbyGQVwzFc_loc12_loop6,12,ITN 0%/IRS 0%/Larvicide 0%,0;0.4;0.4_0;0;0_0;0;0_-100;2;5475_-100;2;5475_-100;2;5475,19.386301369863,Incidence,9.59997889887127e-07
NbyGQVwzFc_loc12_loop6,12,ITN 0%/IRS 0%/Larvicide 0%,0;0.4;0.4_0;0;0_0;0;0_-100;2;5475_-100;2;5475_-100;2;5475,19.3890410958904,Incidence,9.63565627797819e-07
NbyGQVwzFc_loc12_loop6,12,ITN 0%/IRS 0%/Larvicide 0%,0;0.4;0.4_0;0;0_0;0;0_-100;2;5475_-100;2;5475_-100;2;5475,19.3917808219178,Incidence,9.67147857035972e-07
NbyGQVwzFc_loc12_loop6,12,ITN 0%/IRS 0%/Larvicide 0%,0;0.4;0.4_0;0;0_0;0;0_-100;2;5475_-100;2;5475_-100;2;5475,19.3945205479452,Incidence,9.70744639712678e-07
NbyGQVwzFc_loc12_loop6,12,ITN 0%/IRS 0%/Larvicide 0%,0;0.4;0.4_0;0;0_0;0;0_-100;2;5475_-100;2;5475_-100;2;5475,19.3972602739726,Incidence,9.7435603821238e-07
NbyGQVwzFc_loc12_loop6,12,ITN 0%/IRS 0%/Larvicide 0%,0;0.4;0.4_0;0;0_0;0;0_-100;2;5475_-100;2;5475_-100;2;5475,19.4,Incidence,9.77982115194062e-07
NbyGQVwzFc_loc12_loop6,12,ITN 0%/IRS 0%/Larvicide 0%,0;0.4;0.4_0;0;0_0;0;0_-100;2;5475_-100;2;5475_-100;2;5475,19.4027397260274,Incidence,9.81622933592508e-07
NbyGQVwzFc_loc12_loop6,12,ITN 0%/IRS 0%/Larvicide 0%,0;0.4;0.4_0;0;0_0;0;0_-100;2;5475_-100;2;5475_-100;2;5475,19.4054794520548,Incidence,9.85278556619513e-07
NbyGQVwzFc_loc12_loop6,12,ITN 0%/IRS 0%/Larvicide 0%,0;0.4;0.4_0;0;0_0;0;0_-100;2;5475_-100;2;5475_-100;2;5475,19.4082191780822,Incidence,9.88949047765124e-07
NbyGQVwzFc_loc12_loop6,12,ITN 0%/IRS 0%/Larvicide 0%,0;0.4;0.4_0;0;0_0;0;0_-100;2;5475_-100;2;5475_-100;2;5475,19.4109589041096,Incidence,9.92634470798896e-07
NbyGQVwzFc_loc12_loop6,12,ITN 0%/IRS 0%/Larvicide 0%,0;0.4;0.4_0;0;0_0;0;0_-100;2;5475_-100;2;5475_-100;2;5475,19.413698630137,Incidence,9.96334889771114e-07
NbyGQVwzFc_loc12_loop6,12,ITN 0%/IRS 0%/Larvicide 0%,0;0.4;0.4_0;0;0_0;0;0_-100;2;5475_-100;2;5475_-100;2;5475,19.4164383561644,Incidence,1.00005036901407e-06
NbyGQVwzFc_loc12_loop6,12,ITN 0%/IRS 0%/Larvicide 0%,0;0.4;0.4_0;0;0_0;0;0_-100;2;5475_-100;2;5475_-100;2;5475,19.4191780821918,Incidence,1.00378097314332e-06
NbyGQVwzFc_loc12_loop6,12,ITN 0%/IRS 0%/Larvicide 0%,0;0.4;0.4_0;0;0_0;0;0_-100;2;5475_-100;2;5475_-100;2;5475,19.4219178082192,Incidence,1.0075267670589e-06
NbyGQVwzFc_loc12_loop6,12,ITN 0%/IRS 0%/Larvicide 0%,0;0.4;0.4_0;0;0_0;0;0_-100;2;5475_-100;2;5475_-100;2;5475,19.4246575342466,Incidence,1.01128781594667e-06
NbyGQVwzFc_loc12_loop6,12,ITN 0%/IRS 0%/Larvicide 0%,0;0.4;0.4_0;0;0_0;0;0_-100;2;5475_-100;2;5475_-100;2;5475,19.427397260274,Incidence,1.01506418527951e-06
NbyGQVwzFc_loc12_loop6,12,ITN 0%/IRS 0%/Larvicide 0%,0;0.4;0.4_0;0;0_0;0;0_-100;2;5475_-100;2;5475_-100;2;5475,19.4301369863014,Incidence,1.01885594081867e-06
NbyGQVwzFc_loc12_loop6,12,ITN 0%/IRS 0%/Larvicide 0%,0;0.4;0.4_0;0;0_0;0;0_-100;2;5475_-100;2;5475_-100;2;5475,19.4328767123288,Incidence,1.02266314862717e-06
NbyGQVwzFc_loc12_loop6,12,ITN 0%/IRS 0%/Larvicide 0%,0;0.4;0.4_0;0;0_0;0;0_-100;2;5475_-100;2;5475_-100;2;5475,19.4356164383562,Incidence,1.02648587510431e-06
NbyGQVwzFc_loc12_loop6,12,ITN 0%/IRS 0%/Larvicide 0%,0;0.4;0.4_0;0;0_0;0;0_-100;2;5475_-100;2;5475_-100;2;5475,19.4383561643836,Incidence,1.03032418685392e-06
NbyGQVwzFc_loc12_loop6,12,ITN 0%/IRS 0%/Larvicide 0%,0;0.4;0.4_0;0;0_0;0;0_-100;2;5475_-100;2;5475_-100;2;5475,19.441095890411,Incidence,1.03417815075803e-06
NbyGQVwzFc_loc12_loop6,12,ITN 0%/IRS 0%/Larvicide 0%,0;0.4;0.4_0;0;0_0;0;0_-100;2;5475_-100;2;5475_-100;2;5475,19.4438356164384,Incidence,1.03804783399257e-06
NbyGQVwzFc_loc12_loop6,12,ITN 0%/IRS 0%/Larvicide 0%,0;0.4;0.4_0;0;0_0;0;0_-100;2;5475_-100;2;5475_-100;2;5475,19.4465753424658,Incidence,1.04193330402857e-06
NbyGQVwzFc_loc12_loop6,12,ITN 0%/IRS 0%/Larvicide 0%,0;0.4;0.4_0;0;0_0;0;0_-100;2;5475_-100;2;5475_-100;2;5475,19.4493150684932,Incidence,1.04583462863353e-06
NbyGQVwzFc_loc12_loop6,12,ITN 0%/IRS 0%/Larvicide 0%,0;0.4;0.4_0;0;0_0;0;0_-100;2;5475_-100;2;5475_-100;2;5475,19.4520547945206,Incidence,1.04975187587269e-06
NbyGQVwzFc_loc12_loop6,12,ITN 0%/IRS 0%/Larvicide 0%,0;0.4;0.4_0;0;0_0;0;0_-100;2;5475_-100;2;5475_-100;2;5475,19.4547945205479,Incidence,1.0536851141104e-06
NbyGQVwzFc_loc12_loop6,12,ITN 0%/IRS 0%/Larvicide 0%,0;0.4;0.4_0;0;0_0;0;0_-100;2;5475_-100;2;5475_-100;2;5475,19.4575342465753,Incidence,1.05763441201137e-06
NbyGQVwzFc_loc12_loop6,12,ITN 0%/IRS 0%/Larvicide 0%,0;0.4;0.4_0;0;0_0;0;0_-100;2;5475_-100;2;5475_-100;2;5475,19.4602739726027,Incidence,1.0615998385421e-06
NbyGQVwzFc_loc12_loop6,12,ITN 0%/IRS 0%/Larvicide 0%,0;0.4;0.4_0;0;0_0;0;0_-100;2;5475_-100;2;5475_-100;2;5475,19.4630136986301,Incidence,1.06558146297211e-06
NbyGQVwzFc_loc12_loop6,12,ITN 0%/IRS 0%/Larvicide 0%,0;0.4;0.4_0;0;0_0;0;0_-100;2;5475_-100;2;5475_-100;2;5475,19.4657534246575,Incidence,1.06957935487536e-06
NbyGQVwzFc_loc12_loop6,12,ITN 0%/IRS 0%/Larvicide 0%,0;0.4;0.4_0;0;0_0;0;0_-100;2;5475_-100;2;5475_-100;2;5475,19.4684931506849,Incidence,1.07359358413155e-06
NbyGQVwzFc_loc12_loop6,12,ITN 0%/IRS 0%/Larvicide 0%,0;0.4;0.4_0;0;0_0;0;0_-100;2;5475_-100;2;5475_-100;2;5475,19.4712328767123,Incidence,1.07762422092747e-06
NbyGQVwzFc_loc12_loop6,12,ITN 0%/IRS 0%/Larvicide 0%,0;0.4;0.4_0;0;0_0;0;0_-100;2;5475_-100;2;5475_-100;2;5475,19.4739726027397,Incidence,1.08167133575839e-06
NbyGQVwzFc_loc12_loop6,12,ITN 0%/IRS 0%/Larvicide 0%,0;0.4;0.4_0;0;0_0;0;0_-100;2;5475_-100;2;5475_-100;2;5475,19.4767123287671,Incidence,1.08573499942937e-06
NbyGQVwzFc_loc12_loop6,12,ITN 0%/IRS 0%/Larvicide 0%,0;0.4;0.4_0;0;0_0;0;0_-100;2;5475_-100;2;5475_-100;2;5475,19.4794520547945,Incidence,1.08981528305668e-06
NbyGQVwzFc_loc12_loop6,12,ITN 0%/IRS 0%/Larvicide 0%,0;0.4;0.4_0;0;0_0;0;0_-100;2;5475_-100;2;5475_-100;2;5475,19.4821917808219,Incidence,1.09391225806914e-06
NbyGQVwzFc_loc12_loop6,12,ITN 0%/IRS 0%/Larvicide 0%,0;0.4;0.4_0;0;0_0;0;0_-100;2;5475_-100;2;5475_-100;2;5475,19.4849315068493,Incidence,1.09802599620948e-06
NbyGQVwzFc_loc12_loop6,12,ITN 0%/IRS 0%/Larvicide 0%,0;0.4;0.4_0;0;0_0;0;0_-100;2;5475_-100;2;5475_-100;2;5475,19.4876712328767,Incidence,1.10215656953576e-06
NbyGQVwzFc_loc12_loop6,12,ITN 0%/IRS 0%/Larvicide 0%,0;0.4;0.4_0;0;0_0;0;0_-100;2;5475_-100;2;5475_-100;2;5475,19.4904109589041,Incidence,1.10630405042275e-06
NbyGQVwzFc_loc12_loop6,12,ITN 0%/IRS 0%/Larvicide 0%,0;0.4;0.4_0;0;0_0;0;0_-100;2;5475_-100;2;5475_-100;2;5475,19.4931506849315,Incidence,1.1104685115633e-06
NbyGQVwzFc_loc12_loop6,12,ITN 0%/IRS 0%/Larvicide 0%,0;0.4;0.4_0;0;0_0;0;0_-100;2;5475_-100;2;5475_-100;2;5475,19.4958904109589,Incidence,1.11465002596973e-06
NbyGQVwzFc_loc12_loop6,12,ITN 0%/IRS 0%/Larvicide 0%,0;0.4;0.4_0;0;0_0;0;0_-100;2;5475_-100;2;5475_-100;2;5475,19.4986301369863,Incidence,1.11884866697529e-06
NbyGQVwzFc_loc12_loop6,12,ITN 0%/IRS 0%/Larvicide 0%,0;0.4;0.4_0;0;0_0;0;0_-100;2;5475_-100;2;5475_-100;2;5475,19.5013698630137,Incidence,1.12306450823759e-06
NbyGQVwzFc_loc12_loop6,12,ITN 0%/IRS 0%/Larvicide 0%,0;0.4;0.4_0;0;0_0;0;0_-100;2;5475_-100;2;5475_-100;2;5475,19.5041095890411,Incidence,1.12729762379152e-06
NbyGQVwzFc_loc12_loop6,12,ITN 0%/IRS 0%/Larvicide 0%,0;0.4;0.4_0;0;0_0;0;0_-100;2;5475_-100;2;5475_-100;2;5475,19.5068493150685,Incidence,1.13154808793099e-06
NbyGQVwzFc_loc12_loop6,12,ITN 0%/IRS 0%/Larvicide 0%,0;0.4;0.4_0;0;0_0;0;0_-100;2;5475_-100;2;5475_-100;2;5475,19.5095890410959,Incidence,1.13581597523815e-06
NbyGQVwzFc_loc12_loop6,12,ITN 0%/IRS 0%/Larvicide 0%,0;0.4;0.4_0;0;0_0;0;0_-100;2;5475_-100;2;5475_-100;2;5475,19.5123287671233,Incidence,1.1401013606222e-06
NbyGQVwzFc_loc12_loop6,12,ITN 0%/IRS 0%/Larvicide 0%,0;0.4;0.4_0;0;0_0;0;0_-100;2;5475_-100;2;5475_-100;2;5475,19.5150684931507,Incidence,1.14440431932083e-06
NbyGQVwzFc_loc12_loop6,12,ITN 0%/IRS 0%/Larvicide 0%,0;0.4;0.4_0;0;0_0;0;0_-100;2;5475_-100;2;5475_-100;2;5475,19.5178082191781,Incidence,1.14872492690162e-06
NbyGQVwzFc_loc12_loop6,12,ITN 0%/IRS 0%/Larvicide 0%,0;0.4;0.4_0;0;0_0;0;0_-100;2;5475_-100;2;5475_-100;2;5475,19.5205479452055,Incidence,1.15306325926353e-06
NbyGQVwzFc_loc12_loop6,12,ITN 0%/IRS 0%/Larvicide 0%,0;0.4;0.4_0;0;0_0;0;0_-100;2;5475_-100;2;5475_-100;2;5475,19.5232876712329,Incidence,1.1574193926383e-06
NbyGQVwzFc_loc12_loop6,12,ITN 0%/IRS 0%/Larvicide 0%,0;0.4;0.4_0;0;0_0;0;0_-100;2;5475_-100;2;5475_-100;2;5475,19.5260273972603,Incidence,1.16179340359195e-06
NbyGQVwzFc_loc12_loop6,12,ITN 0%/IRS 0%/Larvicide 0%,0;0.4;0.4_0;0;0_0;0;0_-100;2;5475_-100;2;5475_-100;2;5475,19.5287671232877,Incidence,1.16618536902619e-06
NbyGQVwzFc_loc12_loop6,12,ITN 0%/IRS 0%/Larvicide 0%,0;0.4;0.4_0;0;0_0;0;0_-100;2;5475_-100;2;5475_-100;2;5475,19.5315068493151,Incidence,1.17059536617993e-06
NbyGQVwzFc_loc12_loop6,12,ITN 0%/IRS 0%/Larvicide 0%,0;0.4;0.4_0;0;0_0;0;0_-100;2;5475_-100;2;5475_-100;2;5475,19.5342465753425,Incidence,1.17502347263075e-06
NbyGQVwzFc_loc12_loop6,12,ITN 0%/IRS 0%/Larvicide 0%,0;0.4;0.4_0;0;0_0;0;0_-100;2;5475_-100;2;5475_-100;2;5475,19.5369863013699,Incidence,1.17946976629632e-06
NbyGQVwzFc_loc12_loop6,12,ITN 0%/IRS 0%/Larvicide 0%,0;0.4;0.4_0;0;0_0;0;0_-100;2;5475_-100;2;5475_-100;2;5475,19.5397260273973,Incidence,1.18393432543596e-06
NbyGQVwzFc_loc12_loop6,12,ITN 0%/IRS 0%/Larvicide 0%,0;0.4;0.4_0;0;0_0;0;0_-100;2;5475_-100;2;5475_-100;2;5475,19.5424657534247,Incidence,1.18841722865207e-06
NbyGQVwzFc_loc12_loop6,12,ITN 0%/IRS 0%/Larvicide 0%,0;0.4;0.4_0;0;0_0;0;0_-100;2;5475_-100;2;5475_-100;2;5475,19.5452054794521,Incidence,1.19291855489165e-06
NbyGQVwzFc_loc12_loop6,12,ITN 0%/IRS 0%/Larvicide 0%,0;0.4;0.4_0;0;0_0;0;0_-100;2;5475_-100;2;5475_-100;2;5475,19.5479452054795,Incidence,1.19743838344779e-06
NbyGQVwzFc_loc12_loop6,12,ITN 0%/IRS 0%/Larvicide 0%,0;0.4;0.4_0;0;0_0;0;0_-100;2;5475_-100;2;5475_-100;2;5475,19.5506849315069,Incidence,1.20197679396119e-06
NbyGQVwzFc_loc12_loop6,12,ITN 0%/IRS 0%/Larvicide 0%,0;0.4;0.4_0;0;0_0;0;0_-100;2;5475_-100;2;5475_-100;2;5475,19.5534246575342,Incidence,1.20653386642164e-06
NbyGQVwzFc_loc12_loop6,12,ITN 0%/IRS 0%/Larvicide 0%,0;0.4;0.4_0;0;0_0;0;0_-100;2;5475_-100;2;5475_-100;2;5475,19.5561643835616,Incidence,1.21110968116957e-06
NbyGQVwzFc_loc12_loop6,12,ITN 0%/IRS 0%/Larvicide 0%,0;0.4;0.4_0;0;0_0;0;0_-100;2;5475_-100;2;5475_-100;2;5475,19.558904109589,Incidence,1.21570431889755e-06
NbyGQVwzFc_loc12_loop6,12,ITN 0%/IRS 0%/Larvicide 0%,0;0.4;0.4_0;0;0_0;0;0_-100;2;5475_-100;2;5475_-100;2;5475,19.5616438356164,Incidence,1.22031786065183e-06
NbyGQVwzFc_loc12_loop6,12,ITN 0%/IRS 0%/Larvicide 0%,0;0.4;0.4_0;0;0_0;0;0_-100;2;5475_-100;2;5475_-100;2;5475,19.5643835616438,Incidence,1.22495038783388e-06
NbyGQVwzFc_loc12_loop6,12,ITN 0%/IRS 0%/Larvicide 0%,0;0.4;0.4_0;0;0_0;0;0_-100;2;5475_-100;2;5475_-100;2;5475,19.5671232876712,Incidence,1.22960198220189e-06
NbyGQVwzFc_loc12_loop6,12,ITN 0%/IRS 0%/Larvicide 0%,0;0.4;0.4_0;0;0_0;0;0_-100;2;5475_-100;2;5475_-100;2;5475,19.5698630136986,Incidence,1.23427272587238e-06
NbyGQVwzFc_loc12_loop6,12,ITN 0%/IRS 0%/Larvicide 0%,0;0.4;0.4_0;0;0_0;0;0_-100;2;5475_-100;2;5475_-100;2;5475,19.572602739726,Incidence,1.23896270132228e-06
NbyGQVwzFc_loc12_loop6,12,ITN 0%/IRS 0%/Larvicide 0%,0;0.4;0.4_0;0;0_0;0;0_-100;2;5475_-100;2;5475_-100;2;5475,19.5753424657534,Incidence,1.24367199143934e-06
NbyGQVwzFc_loc12_loop6,12,ITN 0%/IRS 0%/Larvicide 0%,0;0.4;0.4_0;0;0_0;0;0_-100;2;5475_-100;2;5475_-100;2;5475,19.5780821917808,Incidence,1.24840067941981e-06
NbyGQVwzFc_loc12_loop6,12,ITN 0%/IRS 0%/Larvicide 0%,0;0.4;0.4_0;0;0_0;0;0_-100;2;5475_-100;2;5475_-100;2;5475,19.5808219178082,Incidence,1.25314884877663e-06
NbyGQVwzFc_loc12_loop6,12,ITN 0%/IRS 0%/Larvicide 0%,0;0.4;0.4_0;0;0_0;0;0_-100;2;5475_-100;2;5475_-100;2;5475,19.5835616438356,Incidence,1.25791658338793e-06
NbyGQVwzFc_loc12_loop6,12,ITN 0%/IRS 0%/Larvicide 0%,0;0.4;0.4_0;0;0_0;0;0_-100;2;5475_-100;2;5475_-100;2;5475,19.586301369863,Incidence,1.26270396749854e-06
NbyGQVwzFc_loc12_loop6,12,ITN 0%/IRS 0%/Larvicide 0%,0;0.4;0.4_0;0;0_0;0;0_-100;2;5475_-100;2;5475_-100;2;5475,19.5890410958904,Incidence,1.26751108572165e-06
NbyGQVwzFc_loc12_loop6,12,ITN 0%/IRS 0%/Larvicide 0%,0;0.4;0.4_0;0;0_0;0;0_-100;2;5475_-100;2;5475_-100;2;5475,19.5917808219178,Incidence,1.27233802304034e-06
NbyGQVwzFc_loc12_loop6,12,ITN 0%/IRS 0%/Larvicide 0%,0;0.4;0.4_0;0;0_0;0;0_-100;2;5475_-100;2;5475_-100;2;5475,19.5945205479452,Incidence,1.27718486480921e-06
NbyGQVwzFc_loc12_loop6,12,ITN 0%/IRS 0%/Larvicide 0%,0;0.4;0.4_0;0;0_0;0;0_-100;2;5475_-100;2;5475_-100;2;5475,19.5972602739726,Incidence,1.28205169675596e-06
NbyGQVwzFc_loc12_loop6,12,ITN 0%/IRS 0%/Larvicide 0%,0;0.4;0.4_0;0;0_0;0;0_-100;2;5475_-100;2;5475_-100;2;5475,19.6,Incidence,1.28693860498301e-06
NbyGQVwzFc_loc12_loop6,12,ITN 0%/IRS 0%/Larvicide 0%,0;0.4;0.4_0;0;0_0;0;0_-100;2;5475_-100;2;5475_-100;2;5475,19.6027397260274,Incidence,1.2918456759691e-06
NbyGQVwzFc_loc12_loop6,12,ITN 0%/IRS 0%/Larvicide 0%,0;0.4;0.4_0;0;0_0;0;0_-100;2;5475_-100;2;5475_-100;2;5475,19.6054794520548,Incidence,1.2967729965709e-06
NbyGQVwzFc_loc12_loop6,12,ITN 0%/IRS 0%/Larvicide 0%,0;0.4;0.4_0;0;0_0;0;0_-100;2;5475_-100;2;5475_-100;2;5475,19.6082191780822,Incidence,1.30172065402468e-06
NbyGQVwzFc_loc12_loop6,12,ITN 0%/IRS 0%/Larvicide 0%,0;0.4;0.4_0;0;0_0;0;0_-100;2;5475_-100;2;5475_-100;2;5475,19.6109589041096,Incidence,1.3066887359479e-06
NbyGQVwzFc_loc12_loop6,12,ITN 0%/IRS 0%/Larvicide 0%,0;0.4;0.4_0;0;0_0;0;0_-100;2;5475_-100;2;5475_-100;2;5475,19.613698630137,Incidence,1.31167733034083e-06
NbyGQVwzFc_loc12_loop6,12,ITN 0%/IRS 0%/Larvicide 0%,0;0.4;0.4_0;0;0_0;0;0_-100;2;5475_-100;2;5475_-100;2;5475,19.6164383561644,Incidence,1.31668652558823e-06
NbyGQVwzFc_loc12_loop6,12,ITN 0%/IRS 0%/Larvicide 0%,0;0.4;0.4_0;0;0_0;0;0_-100;2;5475_-100;2;5475_-100;2;5475,19.6191780821918,Incidence,1.32171641046101e-06
NbyGQVwzFc_loc12_loop6,12,ITN 0%/IRS 0%/Larvicide 0%,0;0.4;0.4_0;0;0_0;0;0_-100;2;5475_-100;2;5475_-100;2;5475,19.6219178082192,Incidence,1.32676707411784e-06
NbyGQVwzFc_loc12_loop6,12,ITN 0%/IRS 0%/Larvicide 0%,0;0.4;0.4_0;0;0_0;0;0_-100;2;5475_-100;2;5475_-100;2;5475,19.6246575342466,Incidence,1.33183860610682e-06
NbyGQVwzFc_loc12_loop6,12,ITN 0%/IRS 0%/Larvicide 0%,0;0.4;0.4_0;0;0_0;0;0_-100;2;5475_-100;2;5475_-100;2;5475,19.627397260274,Incidence,1.33693109636718e-06
NbyGQVwzFc_loc12_loop6,12,ITN 0%/IRS 0%/Larvicide 0%,0;0.4;0.4_0;0;0_0;0;0_-100;2;5475_-100;2;5475_-100;2;5475,19.6301369863014,Incidence,1.34204463523093e-06
NbyGQVwzFc_loc12_loop6,12,ITN 0%/IRS 0%/Larvicide 0%,0;0.4;0.4_0;0;0_0;0;0_-100;2;5475_-100;2;5475_-100;2;5475,19.6328767123288,Incidence,1.34717931342453e-06
NbyGQVwzFc_loc12_loop6,12,ITN 0%/IRS 0%/Larvicide 0%,0;0.4;0.4_0;0;0_0;0;0_-100;2;5475_-100;2;5475_-100;2;5475,19.6356164383562,Incidence,1.35233522207059e-06
NbyGQVwzFc_loc12_loop6,12,ITN 0%/IRS 0%/Larvicide 0%,0;0.4;0.4_0;0;0_0;0;0_-100;2;5475_-100;2;5475_-100;2;5475,19.6383561643836,Incidence,1.35751245268956e-06
NbyGQVwzFc_loc12_loop6,12,ITN 0%/IRS 0%/Larvicide 0%,0;0.4;0.4_0;0;0_0;0;0_-100;2;5475_-100;2;5475_-100;2;5475,19.641095890411,Incidence,1.36271109720142e-06
NbyGQVwzFc_loc12_loop6,12,ITN 0%/IRS 0%/Larvicide 0%,0;0.4;0.4_0;0;0_0;0;0_-100;2;5475_-100;2;5475_-100;2;5475,19.6438356164384,Incidence,1.36793124792741e-06
NbyGQVwzFc_loc12_loop6,12,ITN 0%/IRS 0%/Larvicide 0%,0;0.4;0.4_0;0;0_0;0;0_-100;2;5475_-100;2;5475_-100;2;5475,19.6465753424658,Incidence,1.37317299759292e-06
NbyGQVwzFc_loc12_loop6,12,ITN 0%/IRS 0%/Larvicide 0%,0;0.4;0.4_0;0;0_0;0;0_-100;2;5475_-100;2;5475_-100;2;5475,19.6493150684932,Incidence,1.37843643937675e-06
NbyGQVwzFc_loc12_loop6,12,ITN 0%/IRS 0%/Larvicide 0%,0;0.4;0.4_0;0;0_0;0;0_-100;2;5475_-100;2;5475_-100;2;5475,19.6520547945206,Incidence,1.38372166680049e-06
NbyGQVwzFc_loc12_loop6,12,ITN 0%/IRS 0%/Larvicide 0%,0;0.4;0.4_0;0;0_0;0;0_-100;2;5475_-100;2;5475_-100;2;5475,19.6547945205479,Incidence,1.38902877375168e-06
NbyGQVwzFc_loc12_loop6,12,ITN 0%/IRS 0%/Larvicide 0%,0;0.4;0.4_0;0;0_0;0;0_-100;2;5475_-100;2;5475_-100;2;5475,19.6575342465753,Incidence,1.39435785452675e-06
NbyGQVwzFc_loc12_loop6,12,ITN 0%/IRS 0%/Larvicide 0%,0;0.4;0.4_0;0;0_0;0;0_-100;2;5475_-100;2;5475_-100;2;5475,19.6602739726027,Incidence,1.3997090038328e-06
NbyGQVwzFc_loc12_loop6,12,ITN 0%/IRS 0%/Larvicide 0%,0;0.4;0.4_0;0;0_0;0;0_-100;2;5475_-100;2;5475_-100;2;5475,19.6630136986301,Incidence,1.40508231678931e-06
NbyGQVwzFc_loc12_loop6,12,ITN 0%/IRS 0%/Larvicide 0%,0;0.4;0.4_0;0;0_0;0;0_-100;2;5475_-100;2;5475_-100;2;5475,19.6657534246575,Incidence,1.41047788892993e-06
NbyGQVwzFc_loc12_loop6,12,ITN 0%/IRS 0%/Larvicide 0%,0;0.4;0.4_0;0;0_0;0;0_-100;2;5475_-100;2;5475_-100;2;5475,19.6684931506849,Incidence,1.41589581620422e-06
NbyGQVwzFc_loc12_loop6,12,ITN 0%/IRS 0%/Larvicide 0%,0;0.4;0.4_0;0;0_0;0;0_-100;2;5475_-100;2;5475_-100;2;5475,19.6712328767123,Incidence,1.42133619497938e-06
NbyGQVwzFc_loc12_loop6,12,ITN 0%/IRS 0%/Larvicide 0%,0;0.4;0.4_0;0;0_0;0;0_-100;2;5475_-100;2;5475_-100;2;5475,19.6739726027397,Incidence,1.42679912204209e-06
NbyGQVwzFc_loc12_loop6,12,ITN 0%/IRS 0%/Larvicide 0%,0;0.4;0.4_0;0;0_0;0;0_-100;2;5475_-100;2;5475_-100;2;5475,19.6767123287671,Incidence,1.43228469460021e-06
NbyGQVwzFc_loc12_loop6,12,ITN 0%/IRS 0%/Larvicide 0%,0;0.4;0.4_0;0;0_0;0;0_-100;2;5475_-100;2;5475_-100;2;5475,19.6794520547945,Incidence,1.43779301028461e-06
NbyGQVwzFc_loc12_loop6,12,ITN 0%/IRS 0%/Larvicide 0%,0;0.4;0.4_0;0;0_0;0;0_-100;2;5475_-100;2;5475_-100;2;5475,19.6821917808219,Incidence,1.44332416715095e-06
NbyGQVwzFc_loc12_loop6,12,ITN 0%/IRS 0%/Larvicide 0%,0;0.4;0.4_0;0;0_0;0;0_-100;2;5475_-100;2;5475_-100;2;5475,19.6849315068493,Incidence,1.44887826368147e-06
NbyGQVwzFc_loc12_loop6,12,ITN 0%/IRS 0%/Larvicide 0%,0;0.4;0.4_0;0;0_0;0;0_-100;2;5475_-100;2;5475_-100;2;5475,19.6876712328767,Incidence,1.45445539878679e-06
NbyGQVwzFc_loc12_loop6,12,ITN 0%/IRS 0%/Larvicide 0%,0;0.4;0.4_0;0;0_0;0;0_-100;2;5475_-100;2;5475_-100;2;5475,19.6904109589041,Incidence,1.46005567180771e-06
NbyGQVwzFc_loc12_loop6,12,ITN 0%/IRS 0%/Larvicide 0%,0;0.4;0.4_0;0;0_0;0;0_-100;2;5475_-100;2;5475_-100;2;5475,19.6931506849315,Incidence,1.46567918251706e-06
NbyGQVwzFc_loc12_loop6,12,ITN 0%/IRS 0%/Larvicide 0%,0;0.4;0.4_0;0;0_0;0;0_-100;2;5475_-100;2;5475_-100;2;5475,19.6958904109589,Incidence,1.47132603112147e-06
NbyGQVwzFc_loc12_loop6,12,ITN 0%/IRS 0%/Larvicide 0%,0;0.4;0.4_0;0;0_0;0;0_-100;2;5475_-100;2;5475_-100;2;5475,19.6986301369863,Incidence,1.47699631826325e-06
NbyGQVwzFc_loc12_loop6,12,ITN 0%/IRS 0%/Larvicide 0%,0;0.4;0.4_0;0;0_0;0;0_-100;2;5475_-100;2;5475_-100;2;5475,19.7013698630137,Incidence,1.48269014502217e-06
NbyGQVwzFc_loc12_loop6,12,ITN 0%/IRS 0%/Larvicide 0%,0;0.4;0.4_0;0;0_0;0;0_-100;2;5475_-100;2;5475_-100;2;5475,19.7041095890411,Incidence,1.48840761291734e-06
NbyGQVwzFc_loc12_loop6,12,ITN 0%/IRS 0%/Larvicide 0%,0;0.4;0.4_0;0;0_0;0;0_-100;2;5475_-100;2;5475_-100;2;5475,19.7068493150685,Incidence,1.49414882390906e-06
NbyGQVwzFc_loc12_loop6,12,ITN 0%/IRS 0%/Larvicide 0%,0;0.4;0.4_0;0;0_0;0;0_-100;2;5475_-100;2;5475_-100;2;5475,19.7095890410959,Incidence,1.49991388040062e-06
NbyGQVwzFc_loc12_loop6,12,ITN 0%/IRS 0%/Larvicide 0%,0;0.4;0.4_0;0;0_0;0;0_-100;2;5475_-100;2;5475_-100;2;5475,19.7123287671233,Incidence,1.50570288524024e-06
NbyGQVwzFc_loc12_loop6,12,ITN 0%/IRS 0%/Larvicide 0%,0;0.4;0.4_0;0;0_0;0;0_-100;2;5475_-100;2;5475_-100;2;5475,19.7150684931507,Incidence,1.51151594172287e-06
NbyGQVwzFc_loc12_loop6,12,ITN 0%/IRS 0%/Larvicide 0%,0;0.4;0.4_0;0;0_0;0;0_-100;2;5475_-100;2;5475_-100;2;5475,19.7178082191781,Incidence,1.51735315359211e-06
NbyGQVwzFc_loc12_loop6,12,ITN 0%/IRS 0%/Larvicide 0%,0;0.4;0.4_0;0;0_0;0;0_-100;2;5475_-100;2;5475_-100;2;5475,19.7205479452055,Incidence,1.52321462504203e-06
NbyGQVwzFc_loc12_loop6,12,ITN 0%/IRS 0%/Larvicide 0%,0;0.4;0.4_0;0;0_0;0;0_-100;2;5475_-100;2;5475_-100;2;5475,19.7232876712329,Incidence,1.52910046072275e-06
NbyGQVwzFc_loc12_loop6,12,ITN 0%/IRS 0%/Larvicide 0%,0;0.4;0.4_0;0;0_0;0;0_-100;2;5475_-100;2;5475_-100;2;5475,19.7260273972603,Incidence,1.53501076578458e-06
NbyGQVwzFc_loc12_loop6,12,ITN 0%/IRS 0%/Larvicide 0%,0;0.4;0.4_0;0;0_0;0;0_-100;2;5475_-100;2;5475_-100;2;5475,19.7287671232877,Incidence,1.54094564575535e-06
NbyGQVwzFc_loc12_loop6,12,ITN 0%/IRS 0%/Larvicide 0%,0;0.4;0.4_0;0;0_0;0;0_-100;2;5475_-100;2;5475_-100;2;5475,19.7315068493151,Incidence,1.54690520659085e-06
NbyGQVwzFc_loc12_loop6,12,ITN 0%/IRS 0%/Larvicide 0%,0;0.4;0.4_0;0;0_0;0;0_-100;2;5475_-100;2;5475_-100;2;5475,19.7342465753425,Incidence,1.55288955470594e-06
NbyGQVwzFc_loc12_loop6,12,ITN 0%/IRS 0%/Larvicide 0%,0;0.4;0.4_0;0;0_0;0;0_-100;2;5475_-100;2;5475_-100;2;5475,19.7369863013699,Incidence,1.5588987969765e-06
NbyGQVwzFc_loc12_loop6,12,ITN 0%/IRS 0%/Larvicide 0%,0;0.4;0.4_0;0;0_0;0;0_-100;2;5475_-100;2;5475_-100;2;5475,19.7397260273973,Incidence,1.5649330407413e-06
NbyGQVwzFc_loc12_loop6,12,ITN 0%/IRS 0%/Larvicide 0%,0;0.4;0.4_0;0;0_0;0;0_-100;2;5475_-100;2;5475_-100;2;5475,19.7424657534247,Incidence,1.57099239380399e-06
NbyGQVwzFc_loc12_loop6,12,ITN 0%/IRS 0%/Larvicide 0%,0;0.4;0.4_0;0;0_0;0;0_-100;2;5475_-100;2;5475_-100;2;5475,19.7452054794521,Incidence,1.57707696443498e-06
NbyGQVwzFc_loc12_loop6,12,ITN 0%/IRS 0%/Larvicide 0%,0;0.4;0.4_0;0;0_0;0;0_-100;2;5475_-100;2;5475_-100;2;5475,19.7479452054795,Incidence,1.58318686137341e-06
NbyGQVwzFc_loc12_loop6,12,ITN 0%/IRS 0%/Larvicide 0%,0;0.4;0.4_0;0;0_0;0;0_-100;2;5475_-100;2;5475_-100;2;5475,19.7506849315069,Incidence,1.58932219382912e-06
NbyGQVwzFc_loc12_loop6,12,ITN 0%/IRS 0%/Larvicide 0%,0;0.4;0.4_0;0;0_0;0;0_-100;2;5475_-100;2;5475_-100;2;5475,19.7534246575342,Incidence,1.59548307148457e-06
NbyGQVwzFc_loc12_loop6,12,ITN 0%/IRS 0%/Larvicide 0%,0;0.4;0.4_0;0;0_0;0;0_-100;2;5475_-100;2;5475_-100;2;5475,19.7561643835616,Incidence,1.60166960449681e-06
NbyGQVwzFc_loc12_loop6,12,ITN 0%/IRS 0%/Larvicide 0%,0;0.4;0.4_0;0;0_0;0;0_-100;2;5475_-100;2;5475_-100;2;5475,19.758904109589,Incidence,1.60788190349947e-06
NbyGQVwzFc_loc12_loop6,12,ITN 0%/IRS 0%/Larvicide 0%,0;0.4;0.4_0;0;0_0;0;0_-100;2;5475_-100;2;5475_-100;2;5475,19.7616438356164,Incidence,1.61412007960471e-06
NbyGQVwzFc_loc12_loop6,12,ITN 0%/IRS 0%/Larvicide 0%,0;0.4;0.4_0;0;0_0;0;0_-100;2;5475_-100;2;5475_-100;2;5475,19.7643835616438,Incidence,1.62038424440524e-06
NbyGQVwzFc_loc12_loop6,12,ITN 0%/IRS 0%/Larvicide 0%,0;0.4;0.4_0;0;0_0;0;0_-100;2;5475_-100;2;5475_-100;2;5475,19.7671232876712,Incidence,1.62667450997626e-06
NbyGQVwzFc_loc12_loop6,12,ITN 0%/IRS 0%/Larvicide 0%,0;0.4;0.4_0;0;0_0;0;0_-100;2;5475_-100;2;5475_-100;2;5475,19.7698630136986,Incidence,1.63299098887751e-06
NbyGQVwzFc_loc12_loop6,12,ITN 0%/IRS 0%/Larvicide 0%,0;0.4;0.4_0;0;0_0;0;0_-100;2;5475_-100;2;5475_-100;2;5475,19.772602739726,Incidence,1.63933379415523e-06
NbyGQVwzFc_loc12_loop6,12,ITN 0%/IRS 0%/Larvicide 0%,0;0.4;0.4_0;0;0_0;0;0_-100;2;5475_-100;2;5475_-100;2;5475,19.7753424657534,Incidence,1.64570303934419e-06
NbyGQVwzFc_loc12_loop6,12,ITN 0%/IRS 0%/Larvicide 0%,0;0.4;0.4_0;0;0_0;0;0_-100;2;5475_-100;2;5475_-100;2;5475,19.7780821917808,Incidence,1.6520988384697e-06
NbyGQVwzFc_loc12_loop6,12,ITN 0%/IRS 0%/Larvicide 0%,0;0.4;0.4_0;0;0_0;0;0_-100;2;5475_-100;2;5475_-100;2;5475,19.7808219178082,Incidence,1.65852130604967e-06
NbyGQVwzFc_loc12_loop6,12,ITN 0%/IRS 0%/Larvicide 0%,0;0.4;0.4_0;0;0_0;0;0_-100;2;5475_-100;2;5475_-100;2;5475,19.7835616438356,Incidence,1.66497055709659e-06
NbyGQVwzFc_loc12_loop6,12,ITN 0%/IRS 0%/Larvicide 0%,0;0.4;0.4_0;0;0_0;0;0_-100;2;5475_-100;2;5475_-100;2;5475,19.786301369863,Incidence,1.67144670711959e-06
NbyGQVwzFc_loc12_loop6,12,ITN 0%/IRS 0%/Larvicide 0%,0;0.4;0.4_0;0;0_0;0;0_-100;2;5475_-100;2;5475_-100;2;5475,19.7890410958904,Incidence,1.67794987212649e-06
NbyGQVwzFc_loc12_loop6,12,ITN 0%/IRS 0%/Larvicide 0%,0;0.4;0.4_0;0;0_0;0;0_-100;2;5475_-100;2;5475_-100;2;5475,19.7917808219178,Incidence,1.68448016862585e-06
NbyGQVwzFc_loc12_loop6,12,ITN 0%/IRS 0%/Larvicide 0%,0;0.4;0.4_0;0;0_0;0;0_-100;2;5475_-100;2;5475_-100;2;5475,19.7945205479452,Incidence,1.69103771362902e-06
NbyGQVwzFc_loc12_loop6,12,ITN 0%/IRS 0%/Larvicide 0%,0;0.4;0.4_0;0;0_0;0;0_-100;2;5475_-100;2;5475_-100;2;5475,19.7972602739726,Incidence,1.69762262465221e-06
NbyGQVwzFc_loc12_loop6,12,ITN 0%/IRS 0%/Larvicide 0%,0;0.4;0.4_0;0;0_0;0;0_-100;2;5475_-100;2;5475_-100;2;5475,19.8,Incidence,1.70423501971858e-06
NbyGQVwzFc_loc12_loop6,12,ITN 0%/IRS 0%/Larvicide 0%,0;0.4;0.4_0;0;0_0;0;0_-100;2;5475_-100;2;5475_-100;2;5475,19.8027397260274,Incidence,1.71087501736709e-06
NbyGQVwzFc_loc12_loop6,12,ITN 0%/IRS 0%/Larvicide 0%,0;0.4;0.4_0;0;0_0;0;0_-100;2;5475_-100;2;5475_-100;2;5475,19.8054794520548,Incidence,1.71754273668576e-06
NbyGQVwzFc_loc12_loop6,12,ITN 0%/IRS 0%/Larvicide 0%,0;0.4;0.4_0;0;0_0;0;0_-100;2;5475_-100;2;5475_-100;2;5475,19.8082191780822,Incidence,1.72423829718915e-06
NbyGQVwzFc_loc12_loop6,12,ITN 0%/IRS 0%/Larvicide 0%,0;0.4;0.4_0;0;0_0;0;0_-100;2;5475_-100;2;5475_-100;2;5475,19.8109589041096,Incidence,1.73096181888649e-06
NbyGQVwzFc_loc12_loop6,12,ITN 0%/IRS 0%/Larvicide 0%,0;0.4;0.4_0;0;0_0;0;0_-100;2;5475_-100;2;5475_-100;2;5475,19.813698630137,Incidence,1.73771342230347e-06
NbyGQVwzFc_loc12_loop6,12,ITN 0%/IRS 0%/Larvicide 0%,0;0.4;0.4_0;0;0_0;0;0_-100;2;5475_-100;2;5475_-100;2;5475,19.8164383561644,Incidence,1.74449322848441e-06
NbyGQVwzFc_loc12_loop6,12,ITN 0%/IRS 0%/Larvicide 0%,0;0.4;0.4_0;0;0_0;0;0_-100;2;5475_-100;2;5475_-100;2;5475,19.8191780821918,Incidence,1.75130135899433e-06
NbyGQVwzFc_loc12_loop6,12,ITN 0%/IRS 0%/Larvicide 0%,0;0.4;0.4_0;0;0_0;0;0_-100;2;5475_-100;2;5475_-100;2;5475,19.8219178082192,Incidence,1.75813793592112e-06
NbyGQVwzFc_loc12_loop6,12,ITN 0%/IRS 0%/Larvicide 0%,0;0.4;0.4_0;0;0_0;0;0_-100;2;5475_-100;2;5475_-100;2;5475,19.8246575342466,Incidence,1.7650030818776e-06
NbyGQVwzFc_loc12_loop6,12,ITN 0%/IRS 0%/Larvicide 0%,0;0.4;0.4_0;0;0_0;0;0_-100;2;5475_-100;2;5475_-100;2;5475,19.827397260274,Incidence,1.77189692000375e-06
NbyGQVwzFc_loc12_loop6,12,ITN 0%/IRS 0%/Larvicide 0%,0;0.4;0.4_0;0;0_0;0;0_-100;2;5475_-100;2;5475_-100;2;5475,19.8301369863014,Incidence,1.77881957396879e-06
NbyGQVwzFc_loc12_loop6,12,ITN 0%/IRS 0%/Larvicide 0%,0;0.4;0.4_0;0;0_0;0;0_-100;2;5475_-100;2;5475_-100;2;5475,19.8328767123288,Incidence,1.78577116797334e-06
NbyGQVwzFc_loc12_loop6,12,ITN 0%/IRS 0%/Larvicide 0%,0;0.4;0.4_0;0;0_0;0;0_-100;2;5475_-100;2;5475_-100;2;5475,19.8356164383562,Incidence,1.79275182675163e-06
NbyGQVwzFc_loc12_loop6,12,ITN 0%/IRS 0%/Larvicide 0%,0;0.4;0.4_0;0;0_0;0;0_-100;2;5475_-100;2;5475_-100;2;5475,19.8383561643836,Incidence,1.79976167557358e-06
NbyGQVwzFc_loc12_loop6,12,ITN 0%/IRS 0%/Larvicide 0%,0;0.4;0.4_0;0;0_0;0;0_-100;2;5475_-100;2;5475_-100;2;5475,19.841095890411,Incidence,1.80680084024706e-06
NbyGQVwzFc_loc12_loop6,12,ITN 0%/IRS 0%/Larvicide 0%,0;0.4;0.4_0;0;0_0;0;0_-100;2;5475_-100;2;5475_-100;2;5475,19.8438356164384,Incidence,1.81386944712003e-06
NbyGQVwzFc_loc12_loop6,12,ITN 0%/IRS 0%/Larvicide 0%,0;0.4;0.4_0;0;0_0;0;0_-100;2;5475_-100;2;5475_-100;2;5475,19.8465753424658,Incidence,1.82096762308273e-06
NbyGQVwzFc_loc12_loop6,12,ITN 0%/IRS 0%/Larvicide 0%,0;0.4;0.4_0;0;0_0;0;0_-100;2;5475_-100;2;5475_-100;2;5475,19.8493150684932,Incidence,1.82809549556989e-06
NbyGQVwzFc_loc12_loop6,12,ITN 0%/IRS 0%/Larvicide 0%,0;0.4;0.4_0;0;0_0;0;0_-100;2;5475_-100;2;5475_-100;2;5475,19.8520547945205,Incidence,1.8352531925629e-06
NbyGQVwzFc_loc12_loop6,12,ITN 0%/IRS 0%/Larvicide 0%,0;0.4;0.4_0;0;0_0;0;0_-100;2;5475_-100;2;5475_-100;2;5475,19.8547945205479,Incidence,1.84244084259206e-06
NbyGQVwzFc_loc12_loop6,12,ITN 0%/IRS 0%/Larvicide 0%,0;0.4;0.4_0;0;0_0;0;0_-100;2;5475_-100;2;5475_-100;2;5475,19.8575342465753,Incidence,1.84965857473878e-06
NbyGQVwzFc_loc12_loop6,12,ITN 0%/IRS 0%/Larvicide 0%,0;0.4;0.4_0;0;0_0;0;0_-100;2;5475_-100;2;5475_-100;2;5475,19.8602739726027,Incidence,1.85690651863778e-06
NbyGQVwzFc_loc12_loop6,12,ITN 0%/IRS 0%/Larvicide 0%,0;0.4;0.4_0;0;0_0;0;0_-100;2;5475_-100;2;5475_-100;2;5475,19.8630136986301,Incidence,1.86418480447937e-06
NbyGQVwzFc_loc12_loop6,12,ITN 0%/IRS 0%/Larvicide 0%,0;0.4;0.4_0;0;0_0;0;0_-100;2;5475_-100;2;5475_-100;2;5475,19.8657534246575,Incidence,1.87149356301164e-06
NbyGQVwzFc_loc12_loop6,12,ITN 0%/IRS 0%/Larvicide 0%,0;0.4;0.4_0;0;0_0;0;0_-100;2;5475_-100;2;5475_-100;2;5475,19.8684931506849,Incidence,1.87883292554275e-06
NbyGQVwzFc_loc12_loop6,12,ITN 0%/IRS 0%/Larvicide 0%,0;0.4;0.4_0;0;0_0;0;0_-100;2;5475_-100;2;5475_-100;2;5475,19.8712328767123,Incidence,1.88620302394313e-06
NbyGQVwzFc_loc12_loop6,12,ITN 0%/IRS 0%/Larvicide 0%,0;0.4;0.4_0;0;0_0;0;0_-100;2;5475_-100;2;5475_-100;2;5475,19.8739726027397,Incidence,1.89360399064779e-06
NbyGQVwzFc_loc12_loop6,12,ITN 0%/IRS 0%/Larvicide 0%,0;0.4;0.4_0;0;0_0;0;0_-100;2;5475_-100;2;5475_-100;2;5475,19.8767123287671,Incidence,1.90103595865855e-06
NbyGQVwzFc_loc12_loop6,12,ITN 0%/IRS 0%/Larvicide 0%,0;0.4;0.4_0;0;0_0;0;0_-100;2;5475_-100;2;5475_-100;2;5475,19.8794520547945,Incidence,1.90849906154636e-06
NbyGQVwzFc_loc12_loop6,12,ITN 0%/IRS 0%/Larvicide 0%,0;0.4;0.4_0;0;0_0;0;0_-100;2;5475_-100;2;5475_-100;2;5475,19.8821917808219,Incidence,1.91599343345351e-06
NbyGQVwzFc_loc12_loop6,12,ITN 0%/IRS 0%/Larvicide 0%,0;0.4;0.4_0;0;0_0;0;0_-100;2;5475_-100;2;5475_-100;2;5475,19.8849315068493,Incidence,1.92351920910312e-06
NbyGQVwzFc_loc12_loop6,12,ITN 0%/IRS 0%/Larvicide 0%,0;0.4;0.4_0;0;0_0;0;0_-100;2;5475_-100;2;5475_-100;2;5475,19.8876712328767,Incidence,1.93107652382721e-06
NbyGQVwzFc_loc12_loop6,12,ITN 0%/IRS 0%/Larvicide 0%,0;0.4;0.4_0;0;0_0;0;0_-100;2;5475_-100;2;5475_-100;2;5475,19.8904109589041,Incidence,1.93866551344911e-06
NbyGQVwzFc_loc12_loop6,12,ITN 0%/IRS 0%/Larvicide 0%,0;0.4;0.4_0;0;0_0;0;0_-100;2;5475_-100;2;5475_-100;2;5475,19.8931506849315,Incidence,1.94628631435412e-06
NbyGQVwzFc_loc12_loop6,12,ITN 0%/IRS 0%/Larvicide 0%,0;0.4;0.4_0;0;0_0;0;0_-100;2;5475_-100;2;5475_-100;2;5475,19.8958904109589,Incidence,1.9539390635095e-06
NbyGQVwzFc_loc12_loop6,12,ITN 0%/IRS 0%/Larvicide 0%,0;0.4;0.4_0;0;0_0;0;0_-100;2;5475_-100;2;5475_-100;2;5475,19.8986301369863,Incidence,1.96162389846685e-06
NbyGQVwzFc_loc12_loop6,12,ITN 0%/IRS 0%/Larvicide 0%,0;0.4;0.4_0;0;0_0;0;0_-100;2;5475_-100;2;5475_-100;2;5475,19.9013698630137,Incidence,1.96934095736438e-06
NbyGQVwzFc_loc12_loop6,12,ITN 0%/IRS 0%/Larvicide 0%,0;0.4;0.4_0;0;0_0;0;0_-100;2;5475_-100;2;5475_-100;2;5475,19.9041095890411,Incidence,1.97709037892933e-06
NbyGQVwzFc_loc12_loop6,12,ITN 0%/IRS 0%/Larvicide 0%,0;0.4;0.4_0;0;0_0;0;0_-100;2;5475_-100;2;5475_-100;2;5475,19.9068493150685,Incidence,1.98487230248023e-06
NbyGQVwzFc_loc12_loop6,12,ITN 0%/IRS 0%/Larvicide 0%,0;0.4;0.4_0;0;0_0;0;0_-100;2;5475_-100;2;5475_-100;2;5475,19.9095890410959,Incidence,1.99268686792929e-06
NbyGQVwzFc_loc12_loop6,12,ITN 0%/IRS 0%/Larvicide 0%,0;0.4;0.4_0;0;0_0;0;0_-100;2;5475_-100;2;5475_-100;2;5475,19.9123287671233,Incidence,2.00053421578473e-06
NbyGQVwzFc_loc12_loop6,12,ITN 0%/IRS 0%/Larvicide 0%,0;0.4;0.4_0;0;0_0;0;0_-100;2;5475_-100;2;5475_-100;2;5475,19.9150684931507,Incidence,2.00841448715319e-06
NbyGQVwzFc_loc12_loop6,12,ITN 0%/IRS 0%/Larvicide 0%,0;0.4;0.4_0;0;0_0;0;0_-100;2;5475_-100;2;5475_-100;2;5475,19.9178082191781,Incidence,2.01632782374205e-06
NbyGQVwzFc_loc12_loop6,12,ITN 0%/IRS 0%/Larvicide 0%,0;0.4;0.4_0;0;0_0;0;0_-100;2;5475_-100;2;5475_-100;2;5475,19.9205479452055,Incidence,2.02427436786185e-06
NbyGQVwzFc_loc12_loop6,12,ITN 0%/IRS 0%/Larvicide 0%,0;0.4;0.4_0;0;0_0;0;0_-100;2;5475_-100;2;5475_-100;2;5475,19.9232876712329,Incidence,2.03225426242865e-06
NbyGQVwzFc_loc12_loop6,12,ITN 0%/IRS 0%/Larvicide 0%,0;0.4;0.4_0;0;0_0;0;0_-100;2;5475_-100;2;5475_-100;2;5475,19.9260273972603,Incidence,2.04026765096642e-06
NbyGQVwzFc_loc12_loop6,12,ITN 0%/IRS 0%/Larvicide 0%,0;0.4;0.4_0;0;0_0;0;0_-100;2;5475_-100;2;5475_-100;2;5475,19.9287671232877,Incidence,2.04831467760946e-06
NbyGQVwzFc_loc12_loop6,12,ITN 0%/IRS 0%/Larvicide 0%,0;0.4;0.4_0;0;0_0;0;0_-100;2;5475_-100;2;5475_-100;2;5475,19.9315068493151,Incidence,2.05639548710481e-06
NbyGQVwzFc_loc12_loop6,12,ITN 0%/IRS 0%/Larvicide 0%,0;0.4;0.4_0;0;0_0;0;0_-100;2;5475_-100;2;5475_-100;2;5475,19.9342465753425,Incidence,2.06451022481462e-06
NbyGQVwzFc_loc12_loop6,12,ITN 0%/IRS 0%/Larvicide 0%,0;0.4;0.4_0;0;0_0;0;0_-100;2;5475_-100;2;5475_-100;2;5475,19.9369863013699,Incidence,2.07265903671862e-06
NbyGQVwzFc_loc12_loop6,12,ITN 0%/IRS 0%/Larvicide 0%,0;0.4;0.4_0;0;0_0;0;0_-100;2;5475_-100;2;5475_-100;2;5475,19.9397260273973,Incidence,2.08084206941653e-06
NbyGQVwzFc_loc12_loop6,12,ITN 0%/IRS 0%/Larvicide 0%,0;0.4;0.4_0;0;0_0;0;0_-100;2;5475_-100;2;5475_-100;2;5475,19.9424657534247,Incidence,2.08905947013051e-06
NbyGQVwzFc_loc12_loop6,12,ITN 0%/IRS 0%/Larvicide 0%,0;0.4;0.4_0;0;0_0;0;0_-100;2;5475_-100;2;5475_-100;2;5475,19.9452054794521,Incidence,2.09731138670758e-06
NbyGQVwzFc_loc12_loop6,12,ITN 0%/IRS 0%/Larvicide 0%,0;0.4;0.4_0;0;0_0;0;0_-100;2;5475_-100;2;5475_-100;2;5475,19.9479452054795,Incidence,2.10559796762208e-06
NbyGQVwzFc_loc12_loop6,12,ITN 0%/IRS 0%/Larvicide 0%,0;0.4;0.4_0;0;0_0;0;0_-100;2;5475_-100;2;5475_-100;2;5475,19.9506849315069,Incidence,2.11391936197813e-06
NbyGQVwzFc_loc12_loop6,12,ITN 0%/IRS 0%/Larvicide 0%,0;0.4;0.4_0;0;0_0;0;0_-100;2;5475_-100;2;5475_-100;2;5475,19.9534246575342,Incidence,2.1222757195121e-06
NbyGQVwzFc_loc12_loop6,12,ITN 0%/IRS 0%/Larvicide 0%,0;0.4;0.4_0;0;0_0;0;0_-100;2;5475_-100;2;5475_-100;2;5475,19.9561643835616,Incidence,2.13066719059506e-06
NbyGQVwzFc_loc12_loop6,12,ITN 0%/IRS 0%/Larvicide 0%,0;0.4;0.4_0;0;0_0;0;0_-100;2;5475_-100;2;5475_-100;2;5475,19.958904109589,Incidence,2.13909392623532e-06
NbyGQVwzFc_loc12_loop6,12,ITN 0%/IRS 0%/Larvicide 0%,0;0.4;0.4_0;0;0_0;0;0_-100;2;5475_-100;2;5475_-100;2;5475,19.9616438356164,Incidence,2.14755607808082e-06
NbyGQVwzFc_loc12_loop6,12,ITN 0%/IRS 0%/Larvicide 0%,0;0.4;0.4_0;0;0_0;0;0_-100;2;5475_-100;2;5475_-100;2;5475,19.9643835616438,Incidence,2.15605379842174e-06
NbyGQVwzFc_loc12_loop6,12,ITN 0%/IRS 0%/Larvicide 0%,0;0.4;0.4_0;0;0_0;0;0_-100;2;5475_-100;2;5475_-100;2;5475,19.9671232876712,Incidence,2.16458724019287e-06
NbyGQVwzFc_loc12_loop6,12,ITN 0%/IRS 0%/Larvicide 0%,0;0.4;0.4_0;0;0_0;0;0_-100;2;5475_-100;2;5475_-100;2;5475,19.9698630136986,Incidence,2.17315655697857e-06
NbyGQVwzFc_loc12_loop6,12,ITN 0%/IRS 0%/Larvicide 0%,0;0.4;0.4_0;0;0_0;0;0_-100;2;5475_-100;2;5475_-100;2;5475,19.972602739726,Incidence,2.18176190304918e-06
NbyGQVwzFc_loc12_loop6,12,ITN 0%/IRS 0%/Larvicide 0%,0;0.4;0.4_0;0;0_0;0;0_-100;2;5475_-100;2;5475_-100;2;5475,19.9753424657534,Incidence,2.19040343325159e-06
NbyGQVwzFc_loc12_loop6,12,ITN 0%/IRS 0%/Larvicide 0%,0;0.4;0.4_0;0;0_0;0;0_-100;2;5475_-100;2;5475_-100;2;5475,19.9780821917808,Incidence,2.19908130305641e-06
NbyGQVwzFc_loc12_loop6,12,ITN 0%/IRS 0%/Larvicide 0%,0;0.4;0.4_0;0;0_0;0;0_-100;2;5475_-100;2;5475_-100;2;5475,19.9808219178082,Incidence,2.20779566859071e-06
NbyGQVwzFc_loc12_loop6,12,ITN 0%/IRS 0%/Larvicide 0%,0;0.4;0.4_0;0;0_0;0;0_-100;2;5475_-100;2;5475_-100;2;5475,19.9835616438356,Incidence,2.21654668664051e-06
NbyGQVwzFc_loc12_loop6,12,ITN 0%/IRS 0%/Larvicide 0%,0;0.4;0.4_0;0;0_0;0;0_-100;2;5475_-100;2;5475_-100;2;5475,19.986301369863,Incidence,2.22533451465334e-06
NbyGQVwzFc_loc12_loop6,12,ITN 0%/IRS 0%/Larvicide 0%,0;0.4;0.4_0;0;0_0;0;0_-100;2;5475_-100;2;5475_-100;2;5475,19.9890410958904,Incidence,2.23415931074078e-06
NbyGQVwzFc_loc12_loop6,12,ITN 0%/IRS 0%/Larvicide 0%,0;0.4;0.4_0;0;0_0;0;0_-100;2;5475_-100;2;5475_-100;2;5475,19.9917808219178,Incidence,2.24302123368106e-06
NbyGQVwzFc_loc12_loop6,12,ITN 0%/IRS 0%/Larvicide 0%,0;0.4;0.4_0;0;0_0;0;0_-100;2;5475_-100;2;5475_-100;2;5475,19.9945205479452,Incidence,2.25192044292157e-06
NbyGQVwzFc_loc12_loop6,12,ITN 0%/IRS 0%/Larvicide 0%,0;0.4;0.4_0;0;0_0;0;0_-100;2;5475_-100;2;5475_-100;2;5475,19.9972602739726,Incidence,2.26085709858151e-06
NbyGQVwzFc_loc12_loop6,12,ITN 0%/IRS 0%/Larvicide 0%,0;0.4;0.4_0;0;0_0;0;0_-100;2;5475_-100;2;5475_-100;2;5475,20,Incidence,2.26983136145443e-06
NbyGQVwzFc_loc12_loop6,12,ITN 0%/IRS 0%/Larvicide 0%,0;0.4;0.4_0;0;0_0;0;0_-100;2;5475_-100;2;5475_-100;2;5475,20.0027397260274,Incidence,2.27884339301082e-06
NbyGQVwzFc_loc12_loop6,12,ITN 0%/IRS 0%/Larvicide 0%,0;0.4;0.4_0;0;0_0;0;0_-100;2;5475_-100;2;5475_-100;2;5475,20.0054794520548,Incidence,2.28789335540075e-06
NbyGQVwzFc_loc12_loop6,12,ITN 0%/IRS 0%/Larvicide 0%,0;0.4;0.4_0;0;0_0;0;0_-100;2;5475_-100;2;5475_-100;2;5475,20.0082191780822,Incidence,2.29698141145639e-06
NbyGQVwzFc_loc12_loop6,12,ITN 0%/IRS 0%/Larvicide 0%,0;0.4;0.4_0;0;0_0;0;0_-100;2;5475_-100;2;5475_-100;2;5475,20.0109589041096,Incidence,2.30610772469474e-06
NbyGQVwzFc_loc12_loop6,12,ITN 0%/IRS 0%/Larvicide 0%,0;0.4;0.4_0;0;0_0;0;0_-100;2;5475_-100;2;5475_-100;2;5475,20.013698630137,Incidence,2.31527245932015e-06
NbyGQVwzFc_loc12_loop6,12,ITN 0%/IRS 0%/Larvicide 0%,0;0.4;0.4_0;0;0_0;0;0_-100;2;5475_-100;2;5475_-100;2;5475,20.0164383561644,Incidence,2.32447578022701e-06
NbyGQVwzFc_loc12_loop6,12,ITN 0%/IRS 0%/Larvicide 0%,0;0.4;0.4_0;0;0_0;0;0_-100;2;5475_-100;2;5475_-100;2;5475,20.0191780821918,Incidence,2.33371785300236e-06
NbyGQVwzFc_loc12_loop6,12,ITN 0%/IRS 0%/Larvicide 0%,0;0.4;0.4_0;0;0_0;0;0_-100;2;5475_-100;2;5475_-100;2;5475,20.0219178082192,Incidence,2.34299884392852e-06
NbyGQVwzFc_loc12_loop6,12,ITN 0%/IRS 0%/Larvicide 0%,0;0.4;0.4_0;0;0_0;0;0_-100;2;5475_-100;2;5475_-100;2;5475,20.0246575342466,Incidence,2.35231891998576e-06
NbyGQVwzFc_loc12_loop6,12,ITN 0%/IRS 0%/Larvicide 0%,0;0.4;0.4_0;0;0_0;0;0_-100;2;5475_-100;2;5475_-100;2;5475,20.027397260274,Incidence,2.36167824885496e-06
NbyGQVwzFc_loc12_loop6,12,ITN 0%/IRS 0%/Larvicide 0%,0;0.4;0.4_0;0;0_0;0;0_-100;2;5475_-100;2;5475_-100;2;5475,20.0301369863014,Incidence,2.37107699892027e-06
NbyGQVwzFc_loc12_loop6,12,ITN 0%/IRS 0%/Larvicide 0%,0;0.4;0.4_0;0;0_0;0;0_-100;2;5475_-100;2;5475_-100;2;5475,20.0328767123288,Incidence,2.38051533927174e-06
NbyGQVwzFc_loc12_loop6,12,ITN 0%/IRS 0%/Larvicide 0%,0;0.4;0.4_0;0;0_0;0;0_-100;2;5475_-100;2;5475_-100;2;5475,20.0356164383562,Incidence,2.38999343970805e-06
NbyGQVwzFc_loc12_loop6,12,ITN 0%/IRS 0%/Larvicide 0%,0;0.4;0.4_0;0;0_0;0;0_-100;2;5475_-100;2;5475_-100;2;5475,20.0383561643836,Incidence,2.39951147073918e-06
NbyGQVwzFc_loc12_loop6,12,ITN 0%/IRS 0%/Larvicide 0%,0;0.4;0.4_0;0;0_0;0;0_-100;2;5475_-100;2;5475_-100;2;5475,20.041095890411,Incidence,2.40906960358913e-06
NbyGQVwzFc_loc12_loop6,12,ITN 0%/IRS 0%/Larvicide 0%,0;0.4;0.4_0;0;0_0;0;0_-100;2;5475_-100;2;5475_-100;2;5475,20.0438356164384,Incidence,2.41866801019851e-06
NbyGQVwzFc_loc12_loop6,12,ITN 0%/IRS 0%/Larvicide 0%,0;0.4;0.4_0;0;0_0;0;0_-100;2;5475_-100;2;5475_-100;2;5475,20.0465753424658,Incidence,2.42830686322737e-06
NbyGQVwzFc_loc12_loop6,12,ITN 0%/IRS 0%/Larvicide 0%,0;0.4;0.4_0;0;0_0;0;0_-100;2;5475_-100;2;5475_-100;2;5475,20.0493150684932,Incidence,2.43798633605789e-06
NbyGQVwzFc_loc12_loop6,12,ITN 0%/IRS 0%/Larvicide 0%,0;0.4;0.4_0;0;0_0;0;0_-100;2;5475_-100;2;5475_-100;2;5475,20.0520547945205,Incidence,2.44770660279702e-06
NbyGQVwzFc_loc12_loop6,12,ITN 0%/IRS 0%/Larvicide 0%,0;0.4;0.4_0;0;0_0;0;0_-100;2;5475_-100;2;5475_-100;2;5475,20.0547945205479,Incidence,2.45746783827929e-06
NbyGQVwzFc_loc12_loop6,12,ITN 0%/IRS 0%/Larvicide 0%,0;0.4;0.4_0;0;0_0;0;0_-100;2;5475_-100;2;5475_-100;2;5475,20.0575342465753,Incidence,2.46727021806954e-06
NbyGQVwzFc_loc12_loop6,12,ITN 0%/IRS 0%/Larvicide 0%,0;0.4;0.4_0;0;0_0;0;0_-100;2;5475_-100;2;5475_-100;2;5475,20.0602739726027,Incidence,2.47711391848346e-06
NbyGQVwzFc_loc12_loop6,12,ITN 0%/IRS 0%/Larvicide 0%,0;0.4;0.4_0;0;0_0;0;0_-100;2;5475_-100;2;5475_-100;2;5475,20.0630136986301,Incidence,2.48699911656382e-06
NbyGQVwzFc_loc12_loop6,12,ITN 0%/IRS 0%/Larvicide 0%,0;0.4;0.4_0;0;0_0;0;0_-100;2;5475_-100;2;5475_-100;2;5475,20.0657534246575,Incidence,2.49692599001563e-06
NbyGQVwzFc_loc12_loop6,12,ITN 0%/IRS 0%/Larvicide 0%,0;0.4;0.4_0;0;0_0;0;0_-100;2;5475_-100;2;5475_-100;2;5475,20.0684931506849,Incidence,2.50689471727886e-06
NbyGQVwzFc_loc12_loop6,12,ITN 0%/IRS 0%/Larvicide 0%,0;0.4;0.4_0;0;0_0;0;0_-100;2;5475_-100;2;5475_-100;2;5475,20.0712328767123,Incidence,2.51690547754572e-06
NbyGQVwzFc_loc12_loop6,12,ITN 0%/IRS 0%/Larvicide 0%,0;0.4;0.4_0;0;0_0;0;0_-100;2;5475_-100;2;5475_-100;2;5475,20.0739726027397,Incidence,2.52695845074353e-06
NbyGQVwzFc_loc12_loop6,12,ITN 0%/IRS 0%/Larvicide 0%,0;0.4;0.4_0;0;0_0;0;0_-100;2;5475_-100;2;5475_-100;2;5475,20.0767123287671,Incidence,2.53705381755119e-06
NbyGQVwzFc_loc12_loop6,12,ITN 0%/IRS 0%/Larvicide 0%,0;0.4;0.4_0;0;0_0;0;0_-100;2;5475_-100;2;5475_-100;2;5475,20.0794520547945,Incidence,2.5471917594042e-06
NbyGQVwzFc_loc12_loop6,12,ITN 0%/IRS 0%/Larvicide 0%,0;0.4;0.4_0;0;0_0;0;0_-100;2;5475_-100;2;5475_-100;2;5475,20.0821917808219,Incidence,2.55737245848795e-06
NbyGQVwzFc_loc12_loop6,12,ITN 0%/IRS 0%/Larvicide 0%,0;0.4;0.4_0;0;0_0;0;0_-100;2;5475_-100;2;5475_-100;2;5475,20.0849315068493,Incidence,2.5675960977446e-06
NbyGQVwzFc_loc12_loop6,12,ITN 0%/IRS 0%/Larvicide 0%,0;0.4;0.4_0;0;0_0;0;0_-100;2;5475_-100;2;5475_-100;2;5475,20.0876712328767,Incidence,2.57786286087894e-06
NbyGQVwzFc_loc12_loop6,12,ITN 0%/IRS 0%/Larvicide 0%,0;0.4;0.4_0;0;0_0;0;0_-100;2;5475_-100;2;5475_-100;2;5475,20.0904109589041,Incidence,2.58817293235744e-06
NbyGQVwzFc_loc12_loop6,12,ITN 0%/IRS 0%/Larvicide 0%,0;0.4;0.4_0;0;0_0;0;0_-100;2;5475_-100;2;5475_-100;2;5475,20.0931506849315,Incidence,2.59852649741712e-06
NbyGQVwzFc_loc12_loop6,12,ITN 0%/IRS 0%/Larvicide 0%,0;0.4;0.4_0;0;0_0;0;0_-100;2;5475_-100;2;5475_-100;2;5475,20.0958904109589,Incidence,2.60892374204018e-06
NbyGQVwzFc_loc12_loop6,12,ITN 0%/IRS 0%/Larvicide 0%,0;0.4;0.4_0;0;0_0;0;0_-100;2;5475_-100;2;5475_-100;2;5475,20.0986301369863,Incidence,2.61936485301495e-06
NbyGQVwzFc_loc12_loop6,12,ITN 0%/IRS 0%/Larvicide 0%,0;0.4;0.4_0;0;0_0;0;0_-100;2;5475_-100;2;5475_-100;2;5475,20.1013698630137,Incidence,2.62985001788824e-06
NbyGQVwzFc_loc12_loop6,12,ITN 0%/IRS 0%/Larvicide 0%,0;0.4;0.4_0;0;0_0;0;0_-100;2;5475_-100;2;5475_-100;2;5475,20.1041095890411,Incidence,2.64037942497023e-06
NbyGQVwzFc_loc12_loop6,12,ITN 0%/IRS 0%/Larvicide 0%,0;0.4;0.4_0;0;0_0;0;0_-100;2;5475_-100;2;5475_-100;2;5475,20.1068493150685,Incidence,2.65095326337009e-06
NbyGQVwzFc_loc12_loop6,12,ITN 0%/IRS 0%/Larvicide 0%,0;0.4;0.4_0;0;0_0;0;0_-100;2;5475_-100;2;5475_-100;2;5475,20.1095890410959,Incidence,2.66157172297678e-06
NbyGQVwzFc_loc12_loop6,12,ITN 0%/IRS 0%/Larvicide 0%,0;0.4;0.4_0;0;0_0;0;0_-100;2;5475_-100;2;5475_-100;2;5475,20.1123287671233,Incidence,2.67223499445389e-06
NbyGQVwzFc_loc12_loop6,12,ITN 0%/IRS 0%/Larvicide 0%,0;0.4;0.4_0;0;0_0;0;0_-100;2;5475_-100;2;5475_-100;2;5475,20.1150684931507,Incidence,2.68294326926211e-06
NbyGQVwzFc_loc12_loop6,12,ITN 0%/IRS 0%/Larvicide 0%,0;0.4;0.4_0;0;0_0;0;0_-100;2;5475_-100;2;5475_-100;2;5475,20.1178082191781,Incidence,2.69369673965491e-06
NbyGQVwzFc_loc12_loop6,12,ITN 0%/IRS 0%/Larvicide 0%,0;0.4;0.4_0;0;0_0;0;0_-100;2;5475_-100;2;5475_-100;2;5475,20.1205479452055,Incidence,2.70449559867356e-06
NbyGQVwzFc_loc12_loop6,12,ITN 0%/IRS 0%/Larvicide 0%,0;0.4;0.4_0;0;0_0;0;0_-100;2;5475_-100;2;5475_-100;2;5475,20.1232876712329,Incidence,2.71534004015944e-06
NbyGQVwzFc_loc12_loop6,12,ITN 0%/IRS 0%/Larvicide 0%,0;0.4;0.4_0;0;0_0;0;0_-100;2;5475_-100;2;5475_-100;2;5475,20.1260273972603,Incidence,2.72623025875593e-06
NbyGQVwzFc_loc12_loop6,12,ITN 0%/IRS 0%/Larvicide 0%,0;0.4;0.4_0;0;0_0;0;0_-100;2;5475_-100;2;5475_-100;2;5475,20.1287671232877,Incidence,2.73716644990618e-06
NbyGQVwzFc_loc12_loop6,12,ITN 0%/IRS 0%/Larvicide 0%,0;0.4;0.4_0;0;0_0;0;0_-100;2;5475_-100;2;5475_-100;2;5475,20.1315068493151,Incidence,2.74814880985984e-06
NbyGQVwzFc_loc12_loop6,12,ITN 0%/IRS 0%/Larvicide 0%,0;0.4;0.4_0;0;0_0;0;0_-100;2;5475_-100;2;5475_-100;2;5475,20.1342465753425,Incidence,2.75917753567669e-06
NbyGQVwzFc_loc12_loop6,12,ITN 0%/IRS 0%/Larvicide 0%,0;0.4;0.4_0;0;0_0;0;0_-100;2;5475_-100;2;5475_-100;2;5475,20.1369863013699,Incidence,2.77025282522688e-06
NbyGQVwzFc_loc12_loop6,12,ITN 0%/IRS 0%/Larvicide 0%,0;0.4;0.4_0;0;0_0;0;0_-100;2;5475_-100;2;5475_-100;2;5475,20.1397260273973,Incidence,2.7813748771951e-06
NbyGQVwzFc_loc12_loop6,12,ITN 0%/IRS 0%/Larvicide 0%,0;0.4;0.4_0;0;0_0;0;0_-100;2;5475_-100;2;5475_-100;2;5475,20.1424657534247,Incidence,2.79254389108432e-06
NbyGQVwzFc_loc12_loop6,12,ITN 0%/IRS 0%/Larvicide 0%,0;0.4;0.4_0;0;0_0;0;0_-100;2;5475_-100;2;5475_-100;2;5475,20.1452054794521,Incidence,2.80376006721754e-06
NbyGQVwzFc_loc12_loop6,12,ITN 0%/IRS 0%/Larvicide 0%,0;0.4;0.4_0;0;0_0;0;0_-100;2;5475_-100;2;5475_-100;2;5475,20.1479452054795,Incidence,2.81502360674106e-06
NbyGQVwzFc_loc12_loop6,12,ITN 0%/IRS 0%/Larvicide 0%,0;0.4;0.4_0;0;0_0;0;0_-100;2;5475_-100;2;5475_-100;2;5475,20.1506849315069,Incidence,2.82633471162784e-06
NbyGQVwzFc_loc12_loop6,12,ITN 0%/IRS 0%/Larvicide 0%,0;0.4;0.4_0;0;0_0;0;0_-100;2;5475_-100;2;5475_-100;2;5475,20.1534246575342,Incidence,2.83769358469778e-06
NbyGQVwzFc_loc12_loop6,12,ITN 0%/IRS 0%/Larvicide 0%,0;0.4;0.4_0;0;0_0;0;0_-100;2;5475_-100;2;5475_-100;2;5475,20.1561643835616,Incidence,2.84910042958428e-06
NbyGQVwzFc_loc12_loop6,12,ITN 0%/IRS 0%/Larvicide 0%,0;0.4;0.4_0;0;0_0;0;0_-100;2;5475_-100;2;5475_-100;2;5475,20.158904109589,Incidence,2.86055545068673e-06
NbyGQVwzFc_loc12_loop6,12,ITN 0%/IRS 0%/Larvicide 0%,0;0.4;0.4_0;0;0_0;0;0_-100;2;5475_-100;2;5475_-100;2;5475,20.1616438356164,Incidence,2.87205885324026e-06
NbyGQVwzFc_loc12_loop6,12,ITN 0%/IRS 0%/Larvicide 0%,0;0.4;0.4_0;0;0_0;0;0_-100;2;5475_-100;2;5475_-100;2;5475,20.1643835616438,Incidence,2.88361084332043e-06
NbyGQVwzFc_loc12_loop6,12,ITN 0%/IRS 0%/Larvicide 0%,0;0.4;0.4_0;0;0_0;0;0_-100;2;5475_-100;2;5475_-100;2;5475,20.1671232876712,Incidence,2.89521162784621e-06
NbyGQVwzFc_loc12_loop6,12,ITN 0%/IRS 0%/Larvicide 0%,0;0.4;0.4_0;0;0_0;0;0_-100;2;5475_-100;2;5475_-100;2;5475,20.1698630136986,Incidence,2.90686141458311e-06
NbyGQVwzFc_loc12_loop6,12,ITN 0%/IRS 0%/Larvicide 0%,0;0.4;0.4_0;0;0_0;0;0_-100;2;5475_-100;2;5475_-100;2;5475,20.172602739726,Incidence,2.91856041214609e-06
NbyGQVwzFc_loc12_loop6,12,ITN 0%/IRS 0%/Larvicide 0%,0;0.4;0.4_0;0;0_0;0;0_-100;2;5475_-100;2;5475_-100;2;5475,20.1753424657534,Incidence,2.93030883000255e-06
NbyGQVwzFc_loc12_loop6,12,ITN 0%/IRS 0%/Larvicide 0%,0;0.4;0.4_0;0;0_0;0;0_-100;2;5475_-100;2;5475_-100;2;5475,20.1780821917808,Incidence,2.94210687847544e-06
NbyGQVwzFc_loc12_loop6,12,ITN 0%/IRS 0%/Larvicide 0%,0;0.4;0.4_0;0;0_0;0;0_-100;2;5475_-100;2;5475_-100;2;5475,20.1808219178082,Incidence,2.95395476874623e-06
NbyGQVwzFc_loc12_loop6,12,ITN 0%/IRS 0%/Larvicide 0%,0;0.4;0.4_0;0;0_0;0;0_-100;2;5475_-100;2;5475_-100;2;5475,20.1835616438356,Incidence,2.96585271285794e-06
NbyGQVwzFc_loc12_loop6,12,ITN 0%/IRS 0%/Larvicide 0%,0;0.4;0.4_0;0;0_0;0;0_-100;2;5475_-100;2;5475_-100;2;5475,20.186301369863,Incidence,2.97780092371819e-06
NbyGQVwzFc_loc12_loop6,12,ITN 0%/IRS 0%/Larvicide 0%,0;0.4;0.4_0;0;0_0;0;0_-100;2;5475_-100;2;5475_-100;2;5475,20.1890410958904,Incidence,2.98979961510226e-06
NbyGQVwzFc_loc12_loop6,12,ITN 0%/IRS 0%/Larvicide 0%,0;0.4;0.4_0;0;0_0;0;0_-100;2;5475_-100;2;5475_-100;2;5475,20.1917808219178,Incidence,3.00184900165612e-06
NbyGQVwzFc_loc12_loop6,12,ITN 0%/IRS 0%/Larvicide 0%,0;0.4;0.4_0;0;0_0;0;0_-100;2;5475_-100;2;5475_-100;2;5475,20.1945205479452,Incidence,3.01394929889949e-06
NbyGQVwzFc_loc12_loop6,12,ITN 0%/IRS 0%/Larvicide 0%,0;0.4;0.4_0;0;0_0;0;0_-100;2;5475_-100;2;5475_-100;2;5475,20.1972602739726,Incidence,3.02610072322894e-06
NbyGQVwzFc_loc12_loop6,12,ITN 0%/IRS 0%/Larvicide 0%,0;0.4;0.4_0;0;0_0;0;0_-100;2;5475_-100;2;5475_-100;2;5475,20.2,Incidence,3.03830349192087e-06
NbyGQVwzFc_loc12_loop6,12,ITN 0%/IRS 0%/Larvicide 0%,0;0.4;0.4_0;0;0_0;0;0_-100;2;5475_-100;2;5475_-100;2;5475,20.2027397260274,Incidence,3.05055782313466e-06
NbyGQVwzFc_loc12_loop6,12,ITN 0%/IRS 0%/Larvicide 0%,0;0.4;0.4_0;0;0_0;0;0_-100;2;5475_-100;2;5475_-100;2;5475,20.2054794520548,Incidence,3.06286393591578e-06
NbyGQVwzFc_loc12_loop6,12,ITN 0%/IRS 0%/Larvicide 0%,0;0.4;0.4_0;0;0_0;0;0_-100;2;5475_-100;2;5475_-100;2;5475,20.2082191780822,Incidence,3.07522205019877e-06
NbyGQVwzFc_loc12_loop6,12,ITN 0%/IRS 0%/Larvicide 0%,0;0.4;0.4_0;0;0_0;0;0_-100;2;5475_-100;2;5475_-100;2;5475,20.2109589041096,Incidence,3.0876323868104e-06
NbyGQVwzFc_loc12_loop6,12,ITN 0%/IRS 0%/Larvicide 0%,0;0.4;0.4_0;0;0_0;0;0_-100;2;5475_-100;2;5475_-100;2;5475,20.213698630137,Incidence,3.10009516747276e-06
NbyGQVwzFc_loc12_loop6,12,ITN 0%/IRS 0%/Larvicide 0%,0;0.4;0.4_0;0;0_0;0;0_-100;2;5475_-100;2;5475_-100;2;5475,20.2164383561644,Incidence,3.11261061480637e-06
NbyGQVwzFc_loc12_loop6,12,ITN 0%/IRS 0%/Larvicide 0%,0;0.4;0.4_0;0;0_0;0;0_-100;2;5475_-100;2;5475_-100;2;5475,20.2191780821918,Incidence,3.12517895233326e-06
NbyGQVwzFc_loc12_loop6,12,ITN 0%/IRS 0%/Larvicide 0%,0;0.4;0.4_0;0;0_0;0;0_-100;2;5475_-100;2;5475_-100;2;5475,20.2219178082192,Incidence,3.13780040448011e-06
NbyGQVwzFc_loc12_loop6,12,ITN 0%/IRS 0%/Larvicide 0%,0;0.4;0.4_0;0;0_0;0;0_-100;2;5475_-100;2;5475_-100;2;5475,20.2246575342466,Incidence,3.15047519658137e-06
NbyGQVwzFc_loc12_loop6,12,ITN 0%/IRS 0%/Larvicide 0%,0;0.4;0.4_0;0;0_0;0;0_-100;2;5475_-100;2;5475_-100;2;5475,20.227397260274,Incidence,3.16320355488237e-06
NbyGQVwzFc_loc12_loop6,12,ITN 0%/IRS 0%/Larvicide 0%,0;0.4;0.4_0;0;0_0;0;0_-100;2;5475_-100;2;5475_-100;2;5475,20.2301369863014,Incidence,3.17598570654245e-06
NbyGQVwzFc_loc12_loop6,12,ITN 0%/IRS 0%/Larvicide 0%,0;0.4;0.4_0;0;0_0;0;0_-100;2;5475_-100;2;5475_-100;2;5475,20.2328767123288,Incidence,3.18882187963811e-06
NbyGQVwzFc_loc12_loop6,12,ITN 0%/IRS 0%/Larvicide 0%,0;0.4;0.4_0;0;0_0;0;0_-100;2;5475_-100;2;5475_-100;2;5475,20.2356164383562,Incidence,3.20171230316616e-06
NbyGQVwzFc_loc12_loop6,12,ITN 0%/IRS 0%/Larvicide 0%,0;0.4;0.4_0;0;0_0;0;0_-100;2;5475_-100;2;5475_-100;2;5475,20.2383561643836,Incidence,3.21465720704679e-06
NbyGQVwzFc_loc12_loop6,12,ITN 0%/IRS 0%/Larvicide 0%,0;0.4;0.4_0;0;0_0;0;0_-100;2;5475_-100;2;5475_-100;2;5475,20.241095890411,Incidence,3.2276568221269e-06
NbyGQVwzFc_loc12_loop6,12,ITN 0%/IRS 0%/Larvicide 0%,0;0.4;0.4_0;0;0_0;0;0_-100;2;5475_-100;2;5475_-100;2;5475,20.2438356164384,Incidence,3.24071138018302e-06
NbyGQVwzFc_loc12_loop6,12,ITN 0%/IRS 0%/Larvicide 0%,0;0.4;0.4_0;0;0_0;0;0_-100;2;5475_-100;2;5475_-100;2;5475,20.2465753424658,Incidence,3.25382111392468e-06
NbyGQVwzFc_loc12_loop6,12,ITN 0%/IRS 0%/Larvicide 0%,0;0.4;0.4_0;0;0_0;0;0_-100;2;5475_-100;2;5475_-100;2;5475,20.2493150684932,Incidence,3.26698625699889e-06
NbyGQVwzFc_loc12_loop6,12,ITN 0%/IRS 0%/Larvicide 0%,0;0.4;0.4_0;0;0_0;0;0_-100;2;5475_-100;2;5475_-100;2;5475,20.2520547945205,Incidence,3.28020704401398e-06
NbyGQVwzFc_loc12_loop6,12,ITN 0%/IRS 0%/Larvicide 0%,0;0.4;0.4_0;0;0_0;0;0_-100;2;5475_-100;2;5475_-100;2;5475,20.2547945205479,Incidence,3.29348371045018e-06
NbyGQVwzFc_loc12_loop6,12,ITN 0%/IRS 0%/Larvicide 0%,0;0.4;0.4_0;0;0_0;0;0_-100;2;5475_-100;2;5475_-100;2;5475,20.2575342465753,Incidence,3.30681649270613e-06
NbyGQVwzFc_loc12_loop6,12,ITN 0%/IRS 0%/Larvicide 0%,0;0.4;0.4_0;0;0_0;0;0_-100;2;5475_-100;2;5475_-100;2;5475,20.2602739726027,Incidence,3.32020562812848e-06
NbyGQVwzFc_loc12_loop6,12,ITN 0%/IRS 0%/Larvicide 0%,0;0.4;0.4_0;0;0_0;0;0_-100;2;5475_-100;2;5475_-100;2;5475,20.2630136986301,Incidence,3.33365135501508e-06
NbyGQVwzFc_loc12_loop6,12,ITN 0%/IRS 0%/Larvicide 0%,0;0.4;0.4_0;0;0_0;0;0_-100;2;5475_-100;2;5475_-100;2;5475,20.2657534246575,Incidence,3.34715391261819e-06
NbyGQVwzFc_loc12_loop6,12,ITN 0%/IRS 0%/Larvicide 0%,0;0.4;0.4_0;0;0_0;0;0_-100;2;5475_-100;2;5475_-100;2;5475,20.2684931506849,Incidence,3.36071354114769e-06
NbyGQVwzFc_loc12_loop6,12,ITN 0%/IRS 0%/Larvicide 0%,0;0.4;0.4_0;0;0_0;0;0_-100;2;5475_-100;2;5475_-100;2;5475,20.2712328767123,Incidence,3.37433048177423e-06
NbyGQVwzFc_loc12_loop6,12,ITN 0%/IRS 0%/Larvicide 0%,0;0.4;0.4_0;0;0_0;0;0_-100;2;5475_-100;2;5475_-100;2;5475,20.2739726027397,Incidence,3.38800497663253e-06
NbyGQVwzFc_loc12_loop6,12,ITN 0%/IRS 0%/Larvicide 0%,0;0.4;0.4_0;0;0_0;0;0_-100;2;5475_-100;2;5475_-100;2;5475,20.2767123287671,Incidence,3.40173726882447e-06
NbyGQVwzFc_loc12_loop6,12,ITN 0%/IRS 0%/Larvicide 0%,0;0.4;0.4_0;0;0_0;0;0_-100;2;5475_-100;2;5475_-100;2;5475,20.2794520547945,Incidence,3.41552760242247e-06
NbyGQVwzFc_loc12_loop6,12,ITN 0%/IRS 0%/Larvicide 0%,0;0.4;0.4_0;0;0_0;0;0_-100;2;5475_-100;2;5475_-100;2;5475,20.2821917808219,Incidence,3.42937622247256e-06
NbyGQVwzFc_loc12_loop6,12,ITN 0%/IRS 0%/Larvicide 0%,0;0.4;0.4_0;0;0_0;0;0_-100;2;5475_-100;2;5475_-100;2;5475,20.2849315068493,Incidence,3.4432833749977e-06
NbyGQVwzFc_loc12_loop6,12,ITN 0%/IRS 0%/Larvicide 0%,0;0.4;0.4_0;0;0_0;0;0_-100;2;5475_-100;2;5475_-100;2;5475,20.2876712328767,Incidence,3.45724930700096e-06
NbyGQVwzFc_loc12_loop6,12,ITN 0%/IRS 0%/Larvicide 0%,0;0.4;0.4_0;0;0_0;0;0_-100;2;5475_-100;2;5475_-100;2;5475,20.2904109589041,Incidence,3.47127426646882e-06
NbyGQVwzFc_loc12_loop6,12,ITN 0%/IRS 0%/Larvicide 0%,0;0.4;0.4_0;0;0_0;0;0_-100;2;5475_-100;2;5475_-100;2;5475,20.2931506849315,Incidence,3.48535850237435e-06
NbyGQVwzFc_loc12_loop6,12,ITN 0%/IRS 0%/Larvicide 0%,0;0.4;0.4_0;0;0_0;0;0_-100;2;5475_-100;2;5475_-100;2;5475,20.2958904109589,Incidence,3.49950226468049e-06
NbyGQVwzFc_loc12_loop6,12,ITN 0%/IRS 0%/Larvicide 0%,0;0.4;0.4_0;0;0_0;0;0_-100;2;5475_-100;2;5475_-100;2;5475,20.2986301369863,Incidence,3.51370580434328e-06
NbyGQVwzFc_loc12_loop6,12,ITN 0%/IRS 0%/Larvicide 0%,0;0.4;0.4_0;0;0_0;0;0_-100;2;5475_-100;2;5475_-100;2;5475,20.3013698630137,Incidence,3.52796937331512e-06
NbyGQVwzFc_loc12_loop6,12,ITN 0%/IRS 0%/Larvicide 0%,0;0.4;0.4_0;0;0_0;0;0_-100;2;5475_-100;2;5475_-100;2;5475,20.3041095890411,Incidence,3.54229322454805e-06
NbyGQVwzFc_loc12_loop6,12,ITN 0%/IRS 0%/Larvicide 0%,0;0.4;0.4_0;0;0_0;0;0_-100;2;5475_-100;2;5475_-100;2;5475,20.3068493150685,Incidence,3.55667761199696e-06
NbyGQVwzFc_loc12_loop6,12,ITN 0%/IRS 0%/Larvicide 0%,0;0.4;0.4_0;0;0_0;0;0_-100;2;5475_-100;2;5475_-100;2;5475,20.3095890410959,Incidence,3.57112279062294e-06
NbyGQVwzFc_loc12_loop6,12,ITN 0%/IRS 0%/Larvicide 0%,0;0.4;0.4_0;0;0_0;0;0_-100;2;5475_-100;2;5475_-100;2;5475,20.3123287671233,Incidence,3.58562901639646e-06
NbyGQVwzFc_loc12_loop6,12,ITN 0%/IRS 0%/Larvicide 0%,0;0.4;0.4_0;0;0_0;0;0_-100;2;5475_-100;2;5475_-100;2;5475,20.3150684931507,Incidence,3.60019654630069e-06
NbyGQVwzFc_loc12_loop6,12,ITN 0%/IRS 0%/Larvicide 0%,0;0.4;0.4_0;0;0_0;0;0_-100;2;5475_-100;2;5475_-100;2;5475,20.3178082191781,Incidence,3.61482563833479e-06
NbyGQVwzFc_loc12_loop6,12,ITN 0%/IRS 0%/Larvicide 0%,0;0.4;0.4_0;0;0_0;0;0_-100;2;5475_-100;2;5475_-100;2;5475,20.3205479452055,Incidence,3.62951655151713e-06
NbyGQVwzFc_loc12_loop6,12,ITN 0%/IRS 0%/Larvicide 0%,0;0.4;0.4_0;0;0_0;0;0_-100;2;5475_-100;2;5475_-100;2;5475,20.3232876712329,Incidence,3.64426954588865e-06
NbyGQVwzFc_loc12_loop6,12,ITN 0%/IRS 0%/Larvicide 0%,0;0.4;0.4_0;0;0_0;0;0_-100;2;5475_-100;2;5475_-100;2;5475,20.3260273972603,Incidence,3.65908488251613e-06
NbyGQVwzFc_loc12_loop6,12,ITN 0%/IRS 0%/Larvicide 0%,0;0.4;0.4_0;0;0_0;0;0_-100;2;5475_-100;2;5475_-100;2;5475,20.3287671232877,Incidence,3.67396282349543e-06
NbyGQVwzFc_loc12_loop6,12,ITN 0%/IRS 0%/Larvicide 0%,0;0.4;0.4_0;0;0_0;0;0_-100;2;5475_-100;2;5475_-100;2;5475,20.3315068493151,Incidence,3.68890363195485e-06
NbyGQVwzFc_loc12_loop6,12,ITN 0%/IRS 0%/Larvicide 0%,0;0.4;0.4_0;0;0_0;0;0_-100;2;5475_-100;2;5475_-100;2;5475,20.3342465753425,Incidence,3.7039075720584e-06
NbyGQVwzFc_loc12_loop6,12,ITN 0%/IRS 0%/Larvicide 0%,0;0.4;0.4_0;0;0_0;0;0_-100;2;5475_-100;2;5475_-100;2;5475,20.3369863013699,Incidence,3.71897490900909e-06
NbyGQVwzFc_loc12_loop6,12,ITN 0%/IRS 0%/Larvicide 0%,0;0.4;0.4_0;0;0_0;0;0_-100;2;5475_-100;2;5475_-100;2;5475,20.3397260273973,Incidence,3.73410590905227e-06
NbyGQVwzFc_loc12_loop6,12,ITN 0%/IRS 0%/Larvicide 0%,0;0.4;0.4_0;0;0_0;0;0_-100;2;5475_-100;2;5475_-100;2;5475,20.3424657534247,Incidence,3.74930083947892e-06
NbyGQVwzFc_loc12_loop6,12,ITN 0%/IRS 0%/Larvicide 0%,0;0.4;0.4_0;0;0_0;0;0_-100;2;5475_-100;2;5475_-100;2;5475,20.3452054794521,Incidence,3.76455996862892e-06
NbyGQVwzFc_loc12_loop6,12,ITN 0%/IRS 0%/Larvicide 0%,0;0.4;0.4_0;0;0_0;0;0_-100;2;5475_-100;2;5475_-100;2;5475,20.3479452054795,Incidence,3.77988356589449e-06
NbyGQVwzFc_loc12_loop6,12,ITN 0%/IRS 0%/Larvicide 0%,0;0.4;0.4_0;0;0_0;0;0_-100;2;5475_-100;2;5475_-100;2;5475,20.3506849315069,Incidence,3.79527190172335e-06
NbyGQVwzFc_loc12_loop6,12,ITN 0%/IRS 0%/Larvicide 0%,0;0.4;0.4_0;0;0_0;0;0_-100;2;5475_-100;2;5475_-100;2;5475,20.3534246575342,Incidence,3.81072524763482e-06
NbyGQVwzFc_loc12_loop6,12,ITN 0%/IRS 0%/Larvicide 0%,0;0.4;0.4_0;0;0_0;0;0_-100;2;5475_-100;2;5475_-100;2;5475,20.3561643835616,Incidence,3.82624387618105e-06
NbyGQVwzFc_loc12_loop6,12,ITN 0%/IRS 0%/Larvicide 0%,0;0.4;0.4_0;0;0_0;0;0_-100;2;5475_-100;2;5475_-100;2;5475,20.358904109589,Incidence,3.84182806092229e-06
NbyGQVwzFc_loc12_loop6,12,ITN 0%/IRS 0%/Larvicide 0%,0;0.4;0.4_0;0;0_0;0;0_-100;2;5475_-100;2;5475_-100;2;5475,20.3616438356164,Incidence,3.85747807648592e-06
NbyGQVwzFc_loc12_loop6,12,ITN 0%/IRS 0%/Larvicide 0%,0;0.4;0.4_0;0;0_0;0;0_-100;2;5475_-100;2;5475_-100;2;5475,20.3643835616438,Incidence,3.87319419857078e-06
NbyGQVwzFc_loc12_loop6,12,ITN 0%/IRS 0%/Larvicide 0%,0;0.4;0.4_0;0;0_0;0;0_-100;2;5475_-100;2;5475_-100;2;5475,20.3671232876712,Incidence,3.88897670395051e-06
NbyGQVwzFc_loc12_loop6,12,ITN 0%/IRS 0%/Larvicide 0%,0;0.4;0.4_0;0;0_0;0;0_-100;2;5475_-100;2;5475_-100;2;5475,20.3698630136986,Incidence,3.90482587047686e-06
NbyGQVwzFc_loc12_loop6,12,ITN 0%/IRS 0%/Larvicide 0%,0;0.4;0.4_0;0;0_0;0;0_-100;2;5475_-100;2;5475_-100;2;5475,20.372602739726,Incidence,3.92074197708309e-06
NbyGQVwzFc_loc12_loop6,12,ITN 0%/IRS 0%/Larvicide 0%,0;0.4;0.4_0;0;0_0;0;0_-100;2;5475_-100;2;5475_-100;2;5475,20.3753424657534,Incidence,3.93672530378722e-06
NbyGQVwzFc_loc12_loop6,12,ITN 0%/IRS 0%/Larvicide 0%,0;0.4;0.4_0;0;0_0;0;0_-100;2;5475_-100;2;5475_-100;2;5475,20.3780821917808,Incidence,3.95277613169547e-06
NbyGQVwzFc_loc12_loop6,12,ITN 0%/IRS 0%/Larvicide 0%,0;0.4;0.4_0;0;0_0;0;0_-100;2;5475_-100;2;5475_-100;2;5475,20.3808219178082,Incidence,3.96889474300551e-06
NbyGQVwzFc_loc12_loop6,12,ITN 0%/IRS 0%/Larvicide 0%,0;0.4;0.4_0;0;0_0;0;0_-100;2;5475_-100;2;5475_-100;2;5475,20.3835616438356,Incidence,3.98508142100988e-06
NbyGQVwzFc_loc12_loop6,12,ITN 0%/IRS 0%/Larvicide 0%,0;0.4;0.4_0;0;0_0;0;0_-100;2;5475_-100;2;5475_-100;2;5475,20.386301369863,Incidence,4.00133645009928e-06
NbyGQVwzFc_loc12_loop6,12,ITN 0%/IRS 0%/Larvicide 0%,0;0.4;0.4_0;0;0_0;0;0_-100;2;5475_-100;2;5475_-100;2;5475,20.3890410958904,Incidence,4.017660115766e-06
NbyGQVwzFc_loc12_loop6,12,ITN 0%/IRS 0%/Larvicide 0%,0;0.4;0.4_0;0;0_0;0;0_-100;2;5475_-100;2;5475_-100;2;5475,20.3917808219178,Incidence,4.03405270460719e-06
NbyGQVwzFc_loc12_loop6,12,ITN 0%/IRS 0%/Larvicide 0%,0;0.4;0.4_0;0;0_0;0;0_-100;2;5475_-100;2;5475_-100;2;5475,20.3945205479452,Incidence,4.0505145043282e-06
NbyGQVwzFc_loc12_loop6,12,ITN 0%/IRS 0%/Larvicide 0%,0;0.4;0.4_0;0;0_0;0;0_-100;2;5475_-100;2;5475_-100;2;5475,20.3972602739726,Incidence,4.06704580374609e-06
NbyGQVwzFc_loc12_loop6,12,ITN 0%/IRS 0%/Larvicide 0%,0;0.4;0.4_0;0;0_0;0;0_-100;2;5475_-100;2;5475_-100;2;5475,20.4,Incidence,4.08364689279278e-06
NbyGQVwzFc_loc12_loop6,12,ITN 0%/IRS 0%/Larvicide 0%,0;0.4;0.4_0;0;0_0;0;0_-100;2;5475_-100;2;5475_-100;2;5475,20.4027397260274,Incidence,4.10031806251856e-06
NbyGQVwzFc_loc12_loop6,12,ITN 0%/IRS 0%/Larvicide 0%,0;0.4;0.4_0;0;0_0;0;0_-100;2;5475_-100;2;5475_-100;2;5475,20.4054794520548,Incidence,4.11705960509537e-06
NbyGQVwzFc_loc12_loop6,12,ITN 0%/IRS 0%/Larvicide 0%,0;0.4;0.4_0;0;0_0;0;0_-100;2;5475_-100;2;5475_-100;2;5475,20.4082191780822,Incidence,4.13387181382021e-06
NbyGQVwzFc_loc12_loop6,12,ITN 0%/IRS 0%/Larvicide 0%,0;0.4;0.4_0;0;0_0;0;0_-100;2;5475_-100;2;5475_-100;2;5475,20.4109589041096,Incidence,4.15075498311847e-06
NbyGQVwzFc_loc12_loop6,12,ITN 0%/IRS 0%/Larvicide 0%,0;0.4;0.4_0;0;0_0;0;0_-100;2;5475_-100;2;5475_-100;2;5475,20.413698630137,Incidence,4.16770940854731e-06
NbyGQVwzFc_loc12_loop6,12,ITN 0%/IRS 0%/Larvicide 0%,0;0.4;0.4_0;0;0_0;0;0_-100;2;5475_-100;2;5475_-100;2;5475,20.4164383561644,Incidence,4.18473538679899e-06
NbyGQVwzFc_loc12_loop6,12,ITN 0%/IRS 0%/Larvicide 0%,0;0.4;0.4_0;0;0_0;0;0_-100;2;5475_-100;2;5475_-100;2;5475,20.4191780821918,Incidence,4.2018332157043e-06
NbyGQVwzFc_loc12_loop6,12,ITN 0%/IRS 0%/Larvicide 0%,0;0.4;0.4_0;0;0_0;0;0_-100;2;5475_-100;2;5475_-100;2;5475,20.4219178082192,Incidence,4.21900319423587e-06
NbyGQVwzFc_loc12_loop6,12,ITN 0%/IRS 0%/Larvicide 0%,0;0.4;0.4_0;0;0_0;0;0_-100;2;5475_-100;2;5475_-100;2;5475,20.4246575342466,Incidence,4.23624562251157e-06
NbyGQVwzFc_loc12_loop6,12,ITN 0%/IRS 0%/Larvicide 0%,0;0.4;0.4_0;0;0_0;0;0_-100;2;5475_-100;2;5475_-100;2;5475,20.427397260274,Incidence,4.25356080179783e-06
NbyGQVwzFc_loc12_loop6,12,ITN 0%/IRS 0%/Larvicide 0%,0;0.4;0.4_0;0;0_0;0;0_-100;2;5475_-100;2;5475_-100;2;5475,20.4301369863014,Incidence,4.27094903451307e-06
NbyGQVwzFc_loc12_loop6,12,ITN 0%/IRS 0%/Larvicide 0%,0;0.4;0.4_0;0;0_0;0;0_-100;2;5475_-100;2;5475_-100;2;5475,20.4328767123288,Incidence,4.28841062423106e-06
NbyGQVwzFc_loc12_loop6,12,ITN 0%/IRS 0%/Larvicide 0%,0;0.4;0.4_0;0;0_0;0;0_-100;2;5475_-100;2;5475_-100;2;5475,20.4356164383562,Incidence,4.30594587568423e-06
NbyGQVwzFc_loc12_loop6,12,ITN 0%/IRS 0%/Larvicide 0%,0;0.4;0.4_0;0;0_0;0;0_-100;2;5475_-100;2;5475_-100;2;5475,20.4383561643836,Incidence,4.32355509476709e-06
NbyGQVwzFc_loc12_loop6,12,ITN 0%/IRS 0%/Larvicide 0%,0;0.4;0.4_0;0;0_0;0;0_-100;2;5475_-100;2;5475_-100;2;5475,20.441095890411,Incidence,4.3412385885396e-06
NbyGQVwzFc_loc12_loop6,12,ITN 0%/IRS 0%/Larvicide 0%,0;0.4;0.4_0;0;0_0;0;0_-100;2;5475_-100;2;5475_-100;2;5475,20.4438356164384,Incidence,4.35899666523051e-06
NbyGQVwzFc_loc12_loop6,12,ITN 0%/IRS 0%/Larvicide 0%,0;0.4;0.4_0;0;0_0;0;0_-100;2;5475_-100;2;5475_-100;2;5475,20.4465753424658,Incidence,4.37682963424088e-06
NbyGQVwzFc_loc12_loop6,12,ITN 0%/IRS 0%/Larvicide 0%,0;0.4;0.4_0;0;0_0;0;0_-100;2;5475_-100;2;5475_-100;2;5475,20.4493150684932,Incidence,4.3947378061473e-06
NbyGQVwzFc_loc12_loop6,12,ITN 0%/IRS 0%/Larvicide 0%,0;0.4;0.4_0;0;0_0;0;0_-100;2;5475_-100;2;5475_-100;2;5475,20.4520547945206,Incidence,4.41272149270534e-06
NbyGQVwzFc_loc12_loop6,12,ITN 0%/IRS 0%/Larvicide 0%,0;0.4;0.4_0;0;0_0;0;0_-100;2;5475_-100;2;5475_-100;2;5475,20.4547945205479,Incidence,4.4307810068528e-06
NbyGQVwzFc_loc12_loop6,12,ITN 0%/IRS 0%/Larvicide 0%,0;0.4;0.4_0;0;0_0;0;0_-100;2;5475_-100;2;5475_-100;2;5475,20.4575342465753,Incidence,4.44891666271311e-06
NbyGQVwzFc_loc12_loop6,12,ITN 0%/IRS 0%/Larvicide 0%,0;0.4;0.4_0;0;0_0;0;0_-100;2;5475_-100;2;5475_-100;2;5475,20.4602739726027,Incidence,4.46712877560115e-06
NbyGQVwzFc_loc12_loop6,12,ITN 0%/IRS 0%/Larvicide 0%,0;0.4;0.4_0;0;0_0;0;0_-100;2;5475_-100;2;5475_-100;2;5475,20.4630136986301,Incidence,4.48541766202648e-06
NbyGQVwzFc_loc12_loop6,12,ITN 0%/IRS 0%/Larvicide 0%,0;0.4;0.4_0;0;0_0;0;0_-100;2;5475_-100;2;5475_-100;2;5475,20.4657534246575,Incidence,4.50378363962718e-06
NbyGQVwzFc_loc12_loop6,12,ITN 0%/IRS 0%/Larvicide 0%,0;0.4;0.4_0;0;0_0;0;0_-100;2;5475_-100;2;5475_-100;2;5475,20.4684931506849,Incidence,4.52222702722668e-06
NbyGQVwzFc_loc12_loop6,12,ITN 0%/IRS 0%/Larvicide 0%,0;0.4;0.4_0;0;0_0;0;0_-100;2;5475_-100;2;5475_-100;2;5475,20.4712328767123,Incidence,4.54074814485019e-06
NbyGQVwzFc_loc12_loop6,12,ITN 0%/IRS 0%/Larvicide 0%,0;0.4;0.4_0;0;0_0;0;0_-100;2;5475_-100;2;5475_-100;2;5475,20.4739726027397,Incidence,4.55934731372807e-06
NbyGQVwzFc_loc12_loop6,12,ITN 0%/IRS 0%/Larvicide 0%,0;0.4;0.4_0;0;0_0;0;0_-100;2;5475_-100;2;5475_-100;2;5475,20.4767123287671,Incidence,4.57802485629913e-06
NbyGQVwzFc_loc12_loop6,12,ITN 0%/IRS 0%/Larvicide 0%,0;0.4;0.4_0;0;0_0;0;0_-100;2;5475_-100;2;5475_-100;2;5475,20.4794520547945,Incidence,4.59678109621408e-06
NbyGQVwzFc_loc12_loop6,12,ITN 0%/IRS 0%/Larvicide 0%,0;0.4;0.4_0;0;0_0;0;0_-100;2;5475_-100;2;5475_-100;2;5475,20.4821917808219,Incidence,4.61561635833884e-06
NbyGQVwzFc_loc12_loop6,12,ITN 0%/IRS 0%/Larvicide 0%,0;0.4;0.4_0;0;0_0;0;0_-100;2;5475_-100;2;5475_-100;2;5475,20.4849315068493,Incidence,4.63453096875791e-06
NbyGQVwzFc_loc12_loop6,12,ITN 0%/IRS 0%/Larvicide 0%,0;0.4;0.4_0;0;0_0;0;0_-100;2;5475_-100;2;5475_-100;2;5475,20.4876712328767,Incidence,4.65352525477767e-06
NbyGQVwzFc_loc12_loop6,12,ITN 0%/IRS 0%/Larvicide 0%,0;0.4;0.4_0;0;0_0;0;0_-100;2;5475_-100;2;5475_-100;2;5475,20.4904109589041,Incidence,4.67259954492981e-06
NbyGQVwzFc_loc12_loop6,12,ITN 0%/IRS 0%/Larvicide 0%,0;0.4;0.4_0;0;0_0;0;0_-100;2;5475_-100;2;5475_-100;2;5475,20.4931506849315,Incidence,4.69175416897464e-06
NbyGQVwzFc_loc12_loop6,12,ITN 0%/IRS 0%/Larvicide 0%,0;0.4;0.4_0;0;0_0;0;0_-100;2;5475_-100;2;5475_-100;2;5475,20.4958904109589,Incidence,4.71098945790445e-06
NbyGQVwzFc_loc12_loop6,12,ITN 0%/IRS 0%/Larvicide 0%,0;0.4;0.4_0;0;0_0;0;0_-100;2;5475_-100;2;5475_-100;2;5475,20.4986301369863,Incidence,4.73030574394685e-06
NbyGQVwzFc_loc12_loop6,12,ITN 0%/IRS 0%/Larvicide 0%,0;0.4;0.4_0;0;0_0;0;0_-100;2;5475_-100;2;5475_-100;2;5475,20.5013698630137,Incidence,4.74970336056811e-06
NbyGQVwzFc_loc12_loop6,12,ITN 0%/IRS 0%/Larvicide 0%,0;0.4;0.4_0;0;0_0;0;0_-100;2;5475_-100;2;5475_-100;2;5475,20.5041095890411,Incidence,4.76918264247649e-06
NbyGQVwzFc_loc12_loop6,12,ITN 0%/IRS 0%/Larvicide 0%,0;0.4;0.4_0;0;0_0;0;0_-100;2;5475_-100;2;5475_-100;2;5475,20.5068493150685,Incidence,4.78874392562561e-06
NbyGQVwzFc_loc12_loop6,12,ITN 0%/IRS 0%/Larvicide 0%,0;0.4;0.4_0;0;0_0;0;0_-100;2;5475_-100;2;5475_-100;2;5475,20.5095890410959,Incidence,4.80838754721777e-06
NbyGQVwzFc_loc12_loop6,12,ITN 0%/IRS 0%/Larvicide 0%,0;0.4;0.4_0;0;0_0;0;0_-100;2;5475_-100;2;5475_-100;2;5475,20.5123287671233,Incidence,4.82811384570726e-06
NbyGQVwzFc_loc12_loop6,12,ITN 0%/IRS 0%/Larvicide 0%,0;0.4;0.4_0;0;0_0;0;0_-100;2;5475_-100;2;5475_-100;2;5475,20.5150684931507,Incidence,4.84792316080374e-06
NbyGQVwzFc_loc12_loop6,12,ITN 0%/IRS 0%/Larvicide 0%,0;0.4;0.4_0;0;0_0;0;0_-100;2;5475_-100;2;5475_-100;2;5475,20.5178082191781,Incidence,4.86781583347547e-06
NbyGQVwzFc_loc12_loop6,12,ITN 0%/IRS 0%/Larvicide 0%,0;0.4;0.4_0;0;0_0;0;0_-100;2;5475_-100;2;5475_-100;2;5475,20.5205479452055,Incidence,4.88779220595276e-06
NbyGQVwzFc_loc12_loop6,12,ITN 0%/IRS 0%/Larvicide 0%,0;0.4;0.4_0;0;0_0;0;0_-100;2;5475_-100;2;5475_-100;2;5475,20.5232876712329,Incidence,4.90785262173118e-06
NbyGQVwzFc_loc12_loop6,12,ITN 0%/IRS 0%/Larvicide 0%,0;0.4;0.4_0;0;0_0;0;0_-100;2;5475_-100;2;5475_-100;2;5475,20.5260273972603,Incidence,4.92799742557495e-06
NbyGQVwzFc_loc12_loop6,12,ITN 0%/IRS 0%/Larvicide 0%,0;0.4;0.4_0;0;0_0;0;0_-100;2;5475_-100;2;5475_-100;2;5475,20.5287671232877,Incidence,4.94822696352018e-06
NbyGQVwzFc_loc12_loop6,12,ITN 0%/IRS 0%/Larvicide 0%,0;0.4;0.4_0;0;0_0;0;0_-100;2;5475_-100;2;5475_-100;2;5475,20.5315068493151,Incidence,4.96854158287825e-06
NbyGQVwzFc_loc12_loop6,12,ITN 0%/IRS 0%/Larvicide 0%,0;0.4;0.4_0;0;0_0;0;0_-100;2;5475_-100;2;5475_-100;2;5475,20.5342465753425,Incidence,4.98894163223909e-06
NbyGQVwzFc_loc12_loop6,12,ITN 0%/IRS 0%/Larvicide 0%,0;0.4;0.4_0;0;0_0;0;0_-100;2;5475_-100;2;5475_-100;2;5475,20.5369863013699,Incidence,5.00942746147441e-06
NbyGQVwzFc_loc12_loop6,12,ITN 0%/IRS 0%/Larvicide 0%,0;0.4;0.4_0;0;0_0;0;0_-100;2;5475_-100;2;5475_-100;2;5475,20.5397260273973,Incidence,5.02999942174109e-06
NbyGQVwzFc_loc12_loop6,12,ITN 0%/IRS 0%/Larvicide 0%,0;0.4;0.4_0;0;0_0;0;0_-100;2;5475_-100;2;5475_-100;2;5475,20.5424657534247,Incidence,5.05065786548446e-06
NbyGQVwzFc_loc12_loop6,12,ITN 0%/IRS 0%/Larvicide 0%,0;0.4;0.4_0;0;0_0;0;0_-100;2;5475_-100;2;5475_-100;2;5475,20.5452054794521,Incidence,5.07140314644151e-06
NbyGQVwzFc_loc12_loop6,12,ITN 0%/IRS 0%/Larvicide 0%,0;0.4;0.4_0;0;0_0;0;0_-100;2;5475_-100;2;5475_-100;2;5475,20.5479452054795,Incidence,5.09223561964424e-06
NbyGQVwzFc_loc12_loop6,12,ITN 0%/IRS 0%/Larvicide 0%,0;0.4;0.4_0;0;0_0;0;0_-100;2;5475_-100;2;5475_-100;2;5475,20.5506849315069,Incidence,5.11315564142291e-06
NbyGQVwzFc_loc12_loop6,12,ITN 0%/IRS 0%/Larvicide 0%,0;0.4;0.4_0;0;0_0;0;0_-100;2;5475_-100;2;5475_-100;2;5475,20.5534246575342,Incidence,5.13416356940931e-06
NbyGQVwzFc_loc12_loop6,12,ITN 0%/IRS 0%/Larvicide 0%,0;0.4;0.4_0;0;0_0;0;0_-100;2;5475_-100;2;5475_-100;2;5475,20.5561643835616,Incidence,5.15525976254007e-06
NbyGQVwzFc_loc12_loop6,12,ITN 0%/IRS 0%/Larvicide 0%,0;0.4;0.4_0;0;0_0;0;0_-100;2;5475_-100;2;5475_-100;2;5475,20.558904109589,Incidence,5.17644458105984e-06
NbyGQVwzFc_loc12_loop6,12,ITN 0%/IRS 0%/Larvicide 0%,0;0.4;0.4_0;0;0_0;0;0_-100;2;5475_-100;2;5475_-100;2;5475,20.5616438356164,Incidence,5.1977183865246e-06
NbyGQVwzFc_loc12_loop6,12,ITN 0%/IRS 0%/Larvicide 0%,0;0.4;0.4_0;0;0_0;0;0_-100;2;5475_-100;2;5475_-100;2;5475,20.5643835616438,Incidence,5.21908154180489e-06
NbyGQVwzFc_loc12_loop6,12,ITN 0%/IRS 0%/Larvicide 0%,0;0.4;0.4_0;0;0_0;0;0_-100;2;5475_-100;2;5475_-100;2;5475,20.5671232876712,Incidence,5.24053441108903e-06
NbyGQVwzFc_loc12_loop6,12,ITN 0%/IRS 0%/Larvicide 0%,0;0.4;0.4_0;0;0_0;0;0_-100;2;5475_-100;2;5475_-100;2;5475,20.5698630136986,Incidence,5.26207735988645e-06
NbyGQVwzFc_loc12_loop6,12,ITN 0%/IRS 0%/Larvicide 0%,0;0.4;0.4_0;0;0_0;0;0_-100;2;5475_-100;2;5475_-100;2;5475,20.572602739726,Incidence,5.28371075503081e-06
NbyGQVwzFc_loc12_loop6,12,ITN 0%/IRS 0%/Larvicide 0%,0;0.4;0.4_0;0;0_0;0;0_-100;2;5475_-100;2;5475_-100;2;5475,20.5753424657534,Incidence,5.30543496468618e-06
NbyGQVwzFc_loc12_loop6,12,ITN 0%/IRS 0%/Larvicide 0%,0;0.4;0.4_0;0;0_0;0;0_-100;2;5475_-100;2;5475_-100;2;5475,20.5780821917808,Incidence,5.32725035833018e-06
NbyGQVwzFc_loc12_loop6,12,ITN 0%/IRS 0%/Larvicide 0%,0;0.4;0.4_0;0;0_0;0;0_-100;2;5475_-100;2;5475_-100;2;5475,20.5808219178082,Incidence,5.34915730671814e-06
NbyGQVwzFc_loc12_loop6,12,ITN 0%/IRS 0%/Larvicide 0%,0;0.4;0.4_0;0;0_0;0;0_-100;2;5475_-100;2;5475_-100;2;5475,20.5835616438356,Incidence,5.37115618193702e-06
NbyGQVwzFc_loc12_loop6,12,ITN 0%/IRS 0%/Larvicide 0%,0;0.4;0.4_0;0;0_0;0;0_-100;2;5475_-100;2;5475_-100;2;5475,20.586301369863,Incidence,5.39324735741355e-06
NbyGQVwzFc_loc12_loop6,12,ITN 0%/IRS 0%/Larvicide 0%,0;0.4;0.4_0;0;0_0;0;0_-100;2;5475_-100;2;5475_-100;2;5475,20.5890410958904,Incidence,5.41543120791733e-06
NbyGQVwzFc_loc12_loop6,12,ITN 0%/IRS 0%/Larvicide 0%,0;0.4;0.4_0;0;0_0;0;0_-100;2;5475_-100;2;5475_-100;2;5475,20.5917808219178,Incidence,5.43770810956414e-06
NbyGQVwzFc_loc12_loop6,12,ITN 0%/IRS 0%/Larvicide 0%,0;0.4;0.4_0;0;0_0;0;0_-100;2;5475_-100;2;5475_-100;2;5475,20.5945205479452,Incidence,5.46007843981901e-06
NbyGQVwzFc_loc12_loop6,12,ITN 0%/IRS 0%/Larvicide 0%,0;0.4;0.4_0;0;0_0;0;0_-100;2;5475_-100;2;5475_-100;2;5475,20.5972602739726,Incidence,5.48254257749948e-06
NbyGQVwzFc_loc12_loop6,12,ITN 0%/IRS 0%/Larvicide 0%,0;0.4;0.4_0;0;0_0;0;0_-100;2;5475_-100;2;5475_-100;2;5475,20.6,Incidence,5.50510090277871e-06
NbyGQVwzFc_loc12_loop6,12,ITN 0%/IRS 0%/Larvicide 0%,0;0.4;0.4_0;0;0_0;0;0_-100;2;5475_-100;2;5475_-100;2;5475,20.6027397260274,Incidence,5.52775379718862e-06
NbyGQVwzFc_loc12_loop6,12,ITN 0%/IRS 0%/Larvicide 0%,0;0.4;0.4_0;0;0_0;0;0_-100;2;5475_-100;2;5475_-100;2;5475,20.6054794520548,Incidence,5.55050164362306e-06
NbyGQVwzFc_loc12_loop6,12,ITN 0%/IRS 0%/Larvicide 0%,0;0.4;0.4_0;0;0_0;0;0_-100;2;5475_-100;2;5475_-100;2;5475,20.6082191780822,Incidence,5.57334482634098e-06
NbyGQVwzFc_loc12_loop6,12,ITN 0%/IRS 0%/Larvicide 0%,0;0.4;0.4_0;0;0_0;0;0_-100;2;5475_-100;2;5475_-100;2;5475,20.6109589041096,Incidence,5.59628373096951e-06
NbyGQVwzFc_loc12_loop6,12,ITN 0%/IRS 0%/Larvicide 0%,0;0.4;0.4_0;0;0_0;0;0_-100;2;5475_-100;2;5475_-100;2;5475,20.613698630137,Incidence,5.61931874450708e-06
NbyGQVwzFc_loc12_loop6,12,ITN 0%/IRS 0%/Larvicide 0%,0;0.4;0.4_0;0;0_0;0;0_-100;2;5475_-100;2;5475_-100;2;5475,20.6164383561644,Incidence,5.64245025532656e-06
NbyGQVwzFc_loc12_loop6,12,ITN 0%/IRS 0%/Larvicide 0%,0;0.4;0.4_0;0;0_0;0;0_-100;2;5475_-100;2;5475_-100;2;5475,20.6191780821918,Incidence,5.66567865317837e-06
NbyGQVwzFc_loc12_loop6,12,ITN 0%/IRS 0%/Larvicide 0%,0;0.4;0.4_0;0;0_0;0;0_-100;2;5475_-100;2;5475_-100;2;5475,20.6219178082192,Incidence,5.68900432919354e-06
NbyGQVwzFc_loc12_loop6,12,ITN 0%/IRS 0%/Larvicide 0%,0;0.4;0.4_0;0;0_0;0;0_-100;2;5475_-100;2;5475_-100;2;5475,20.6246575342466,Incidence,5.71242767588682e-06
NbyGQVwzFc_loc12_loop6,12,ITN 0%/IRS 0%/Larvicide 0%,0;0.4;0.4_0;0;0_0;0;0_-100;2;5475_-100;2;5475_-100;2;5475,20.627397260274,Incidence,5.73594908715974e-06
NbyGQVwzFc_loc12_loop6,12,ITN 0%/IRS 0%/Larvicide 0%,0;0.4;0.4_0;0;0_0;0;0_-100;2;5475_-100;2;5475_-100;2;5475,20.6301369863014,Incidence,5.75956895830367e-06
NbyGQVwzFc_loc12_loop6,12,ITN 0%/IRS 0%/Larvicide 0%,0;0.4;0.4_0;0;0_0;0;0_-100;2;5475_-100;2;5475_-100;2;5475,20.6328767123288,Incidence,5.78328768600294e-06
NbyGQVwzFc_loc12_loop6,12,ITN 0%/IRS 0%/Larvicide 0%,0;0.4;0.4_0;0;0_0;0;0_-100;2;5475_-100;2;5475_-100;2;5475,20.6356164383562,Incidence,5.80710566833778e-06
NbyGQVwzFc_loc12_loop6,12,ITN 0%/IRS 0%/Larvicide 0%,0;0.4;0.4_0;0;0_0;0;0_-100;2;5475_-100;2;5475_-100;2;5475,20.6383561643836,Incidence,5.83102330478741e-06
NbyGQVwzFc_loc12_loop6,12,ITN 0%/IRS 0%/Larvicide 0%,0;0.4;0.4_0;0;0_0;0;0_-100;2;5475_-100;2;5475_-100;2;5475,20.641095890411,Incidence,5.8550409962331e-06
NbyGQVwzFc_loc12_loop6,12,ITN 0%/IRS 0%/Larvicide 0%,0;0.4;0.4_0;0;0_0;0;0_-100;2;5475_-100;2;5475_-100;2;5475,20.6438356164384,Incidence,5.87915914496108e-06
NbyGQVwzFc_loc12_loop6,12,ITN 0%/IRS 0%/Larvicide 0%,0;0.4;0.4_0;0;0_0;0;0_-100;2;5475_-100;2;5475_-100;2;5475,20.6465753424658,Incidence,5.90337815466569e-06
NbyGQVwzFc_loc12_loop6,12,ITN 0%/IRS 0%/Larvicide 0%,0;0.4;0.4_0;0;0_0;0;0_-100;2;5475_-100;2;5475_-100;2;5475,20.6493150684932,Incidence,5.92769843045222e-06
NbyGQVwzFc_loc12_loop6,12,ITN 0%/IRS 0%/Larvicide 0%,0;0.4;0.4_0;0;0_0;0;0_-100;2;5475_-100;2;5475_-100;2;5475,20.6520547945206,Incidence,5.95212037884002e-06
NbyGQVwzFc_loc12_loop6,12,ITN 0%/IRS 0%/Larvicide 0%,0;0.4;0.4_0;0;0_0;0;0_-100;2;5475_-100;2;5475_-100;2;5475,20.6547945205479,Incidence,5.97664440776538e-06
NbyGQVwzFc_loc12_loop6,12,ITN 0%/IRS 0%/Larvicide 0%,0;0.4;0.4_0;0;0_0;0;0_-100;2;5475_-100;2;5475_-100;2;5475,20.6575342465753,Incidence,6.00127092658454e-06
NbyGQVwzFc_loc12_loop6,12,ITN 0%/IRS 0%/Larvicide 0%,0;0.4;0.4_0;0;0_0;0;0_-100;2;5475_-100;2;5475_-100;2;5475,20.6602739726027,Incidence,6.02600034607654e-06
NbyGQVwzFc_loc12_loop6,12,ITN 0%/IRS 0%/Larvicide 0%,0;0.4;0.4_0;0;0_0;0;0_-100;2;5475_-100;2;5475_-100;2;5475,20.6630136986301,Incidence,6.05083307844636e-06
NbyGQVwzFc_loc12_loop6,12,ITN 0%/IRS 0%/Larvicide 0%,0;0.4;0.4_0;0;0_0;0;0_-100;2;5475_-100;2;5475_-100;2;5475,20.6657534246575,Incidence,6.07576953732756e-06
NbyGQVwzFc_loc12_loop6,12,ITN 0%/IRS 0%/Larvicide 0%,0;0.4;0.4_0;0;0_0;0;0_-100;2;5475_-100;2;5475_-100;2;5475,20.6684931506849,Incidence,6.10081013778549e-06
NbyGQVwzFc_loc12_loop6,12,ITN 0%/IRS 0%/Larvicide 0%,0;0.4;0.4_0;0;0_0;0;0_-100;2;5475_-100;2;5475_-100;2;5475,20.6712328767123,Incidence,6.12595529631994e-06
NbyGQVwzFc_loc12_loop6,12,ITN 0%/IRS 0%/Larvicide 0%,0;0.4;0.4_0;0;0_0;0;0_-100;2;5475_-100;2;5475_-100;2;5475,20.6739726027397,Incidence,6.1512054308681e-06
NbyGQVwzFc_loc12_loop6,12,ITN 0%/IRS 0%/Larvicide 0%,0;0.4;0.4_0;0;0_0;0;0_-100;2;5475_-100;2;5475_-100;2;5475,20.6767123287671,Incidence,6.17656096080753e-06
NbyGQVwzFc_loc12_loop6,12,ITN 0%/IRS 0%/Larvicide 0%,0;0.4;0.4_0;0;0_0;0;0_-100;2;5475_-100;2;5475_-100;2;5475,20.6794520547945,Incidence,6.2020223069589e-06
NbyGQVwzFc_loc12_loop6,12,ITN 0%/IRS 0%/Larvicide 0%,0;0.4;0.4_0;0;0_0;0;0_-100;2;5475_-100;2;5475_-100;2;5475,20.6821917808219,Incidence,6.22758989158884e-06
NbyGQVwzFc_loc12_loop6,12,ITN 0%/IRS 0%/Larvicide 0%,0;0.4;0.4_0;0;0_0;0;0_-100;2;5475_-100;2;5475_-100;2;5475,20.6849315068493,Incidence,6.25326413841289e-06
NbyGQVwzFc_loc12_loop6,12,ITN 0%/IRS 0%/Larvicide 0%,0;0.4;0.4_0;0;0_0;0;0_-100;2;5475_-100;2;5475_-100;2;5475,20.6876712328767,Incidence,6.27904547259812e-06
NbyGQVwzFc_loc12_loop6,12,ITN 0%/IRS 0%/Larvicide 0%,0;0.4;0.4_0;0;0_0;0;0_-100;2;5475_-100;2;5475_-100;2;5475,20.6904109589041,Incidence,6.30493432076611e-06
NbyGQVwzFc_loc12_loop6,12,ITN 0%/IRS 0%/Larvicide 0%,0;0.4;0.4_0;0;0_0;0;0_-100;2;5475_-100;2;5475_-100;2;5475,20.6931506849315,Incidence,6.33093111099564e-06
NbyGQVwzFc_loc12_loop6,12,ITN 0%/IRS 0%/Larvicide 0%,0;0.4;0.4_0;0;0_0;0;0_-100;2;5475_-100;2;5475_-100;2;5475,20.6958904109589,Incidence,6.35703627282547e-06
NbyGQVwzFc_loc12_loop6,12,ITN 0%/IRS 0%/Larvicide 0%,0;0.4;0.4_0;0;0_0;0;0_-100;2;5475_-100;2;5475_-100;2;5475,20.6986301369863,Incidence,6.38325023725378e-06
NbyGQVwzFc_loc12_loop6,12,ITN 0%/IRS 0%/Larvicide 0%,0;0.4;0.4_0;0;0_0;0;0_-100;2;5475_-100;2;5475_-100;2;5475,20.7013698630137,Incidence,6.40957343669597e-06
NbyGQVwzFc_loc12_loop6,12,ITN 0%/IRS 0%/Larvicide 0%,0;0.4;0.4_0;0;0_0;0;0_-100;2;5475_-100;2;5475_-100;2;5475,20.7041095890411,Incidence,6.43600630501315e-06
NbyGQVwzFc_loc12_loop6,12,ITN 0%/IRS 0%/Larvicide 0%,0;0.4;0.4_0;0;0_0;0;0_-100;2;5475_-100;2;5475_-100;2;5475,20.7068493150685,Incidence,6.46254927753677e-06
NbyGQVwzFc_loc12_loop6,12,ITN 0%/IRS 0%/Larvicide 0%,0;0.4;0.4_0;0;0_0;0;0_-100;2;5475_-100;2;5475_-100;2;5475,20.7095890410959,Incidence,6.48920279107148e-06
NbyGQVwzFc_loc12_loop6,12,ITN 0%/IRS 0%/Larvicide 0%,0;0.4;0.4_0;0;0_0;0;0_-100;2;5475_-100;2;5475_-100;2;5475,20.7123287671233,Incidence,6.51596728389772e-06
NbyGQVwzFc_loc12_loop6,12,ITN 0%/IRS 0%/Larvicide 0%,0;0.4;0.4_0;0;0_0;0;0_-100;2;5475_-100;2;5475_-100;2;5475,20.7150684931507,Incidence,6.54284319577448e-06
NbyGQVwzFc_loc12_loop6,12,ITN 0%/IRS 0%/Larvicide 0%,0;0.4;0.4_0;0;0_0;0;0_-100;2;5475_-100;2;5475_-100;2;5475,20.7178082191781,Incidence,6.56983096794183e-06
NbyGQVwzFc_loc12_loop6,12,ITN 0%/IRS 0%/Larvicide 0%,0;0.4;0.4_0;0;0_0;0;0_-100;2;5475_-100;2;5475_-100;2;5475,20.7205479452055,Incidence,6.59693104312372e-06
NbyGQVwzFc_loc12_loop6,12,ITN 0%/IRS 0%/Larvicide 0%,0;0.4;0.4_0;0;0_0;0;0_-100;2;5475_-100;2;5475_-100;2;5475,20.7232876712329,Incidence,6.62414386553033e-06
NbyGQVwzFc_loc12_loop6,12,ITN 0%/IRS 0%/Larvicide 0%,0;0.4;0.4_0;0;0_0;0;0_-100;2;5475_-100;2;5475_-100;2;5475,20.7260273972603,Incidence,6.65146988086096e-06
NbyGQVwzFc_loc12_loop6,12,ITN 0%/IRS 0%/Larvicide 0%,0;0.4;0.4_0;0;0_0;0;0_-100;2;5475_-100;2;5475_-100;2;5475,20.7287671232877,Incidence,6.67890953630649e-06
NbyGQVwzFc_loc12_loop6,12,ITN 0%/IRS 0%/Larvicide 0%,0;0.4;0.4_0;0;0_0;0;0_-100;2;5475_-100;2;5475_-100;2;5475,20.7315068493151,Incidence,6.70646328055183e-06
NbyGQVwzFc_loc12_loop6,12,ITN 0%/IRS 0%/Larvicide 0%,0;0.4;0.4_0;0;0_0;0;0_-100;2;5475_-100;2;5475_-100;2;5475,20.7342465753425,Incidence,6.73413156377867e-06
NbyGQVwzFc_loc12_loop6,12,ITN 0%/IRS 0%/Larvicide 0%,0;0.4;0.4_0;0;0_0;0;0_-100;2;5475_-100;2;5475_-100;2;5475,20.7369863013699,Incidence,6.7619148376679e-06
NbyGQVwzFc_loc12_loop6,12,ITN 0%/IRS 0%/Larvicide 0%,0;0.4;0.4_0;0;0_0;0;0_-100;2;5475_-100;2;5475_-100;2;5475,20.7397260273973,Incidence,6.7898135554021e-06
NbyGQVwzFc_loc12_loop6,12,ITN 0%/IRS 0%/Larvicide 0%,0;0.4;0.4_0;0;0_0;0;0_-100;2;5475_-100;2;5475_-100;2;5475,20.7424657534247,Incidence,6.8178281716681e-06
NbyGQVwzFc_loc12_loop6,12,ITN 0%/IRS 0%/Larvicide 0%,0;0.4;0.4_0;0;0_0;0;0_-100;2;5475_-100;2;5475_-100;2;5475,20.7452054794521,Incidence,6.84595914265941e-06
NbyGQVwzFc_loc12_loop6,12,ITN 0%/IRS 0%/Larvicide 0%,0;0.4;0.4_0;0;0_0;0;0_-100;2;5475_-100;2;5475_-100;2;5475,20.7479452054795,Incidence,6.87420692607866e-06
NbyGQVwzFc_loc12_loop6,12,ITN 0%/IRS 0%/Larvicide 0%,0;0.4;0.4_0;0;0_0;0;0_-100;2;5475_-100;2;5475_-100;2;5475,20.7506849315069,Incidence,6.9025719811401e-06
NbyGQVwzFc_loc12_loop6,12,ITN 0%/IRS 0%/Larvicide 0%,0;0.4;0.4_0;0;0_0;0;0_-100;2;5475_-100;2;5475_-100;2;5475,20.7534246575342,Incidence,6.93105476857194e-06
NbyGQVwzFc_loc12_loop6,12,ITN 0%/IRS 0%/Larvicide 0%,0;0.4;0.4_0;0;0_0;0;0_-100;2;5475_-100;2;5475_-100;2;5475,20.7561643835616,Incidence,6.9596557506188e-06
NbyGQVwzFc_loc12_loop6,12,ITN 0%/IRS 0%/Larvicide 0%,0;0.4;0.4_0;0;0_0;0;0_-100;2;5475_-100;2;5475_-100;2;5475,20.758904109589,Incidence,6.98837539104407e-06
NbyGQVwzFc_loc12_loop6,12,ITN 0%/IRS 0%/Larvicide 0%,0;0.4;0.4_0;0;0_0;0;0_-100;2;5475_-100;2;5475_-100;2;5475,20.7616438356164,Incidence,7.01721415513223e-06
NbyGQVwzFc_loc12_loop6,12,ITN 0%/IRS 0%/Larvicide 0%,0;0.4;0.4_0;0;0_0;0;0_-100;2;5475_-100;2;5475_-100;2;5475,20.7643835616438,Incidence,7.0461725096912e-06
NbyGQVwzFc_loc12_loop6,12,ITN 0%/IRS 0%/Larvicide 0%,0;0.4;0.4_0;0;0_0;0;0_-100;2;5475_-100;2;5475_-100;2;5475,20.7671232876712,Incidence,7.07525092305474e-06
NbyGQVwzFc_loc12_loop6,12,ITN 0%/IRS 0%/Larvicide 0%,0;0.4;0.4_0;0;0_0;0;0_-100;2;5475_-100;2;5475_-100;2;5475,20.7698630136986,Incidence,7.10444986508462e-06
NbyGQVwzFc_loc12_loop6,12,ITN 0%/IRS 0%/Larvicide 0%,0;0.4;0.4_0;0;0_0;0;0_-100;2;5475_-100;2;5475_-100;2;5475,20.772602739726,Incidence,7.13376980717291e-06
NbyGQVwzFc_loc12_loop6,12,ITN 0%/IRS 0%/Larvicide 0%,0;0.4;0.4_0;0;0_0;0;0_-100;2;5475_-100;2;5475_-100;2;5475,20.7753424657534,Incidence,7.16321122224433e-06
NbyGQVwzFc_loc12_loop6,12,ITN 0%/IRS 0%/Larvicide 0%,0;0.4;0.4_0;0;0_0;0;0_-100;2;5475_-100;2;5475_-100;2;5475,20.7780821917808,Incidence,7.19277458475834e-06
NbyGQVwzFc_loc12_loop6,12,ITN 0%/IRS 0%/Larvicide 0%,0;0.4;0.4_0;0;0_0;0;0_-100;2;5475_-100;2;5475_-100;2;5475,20.7808219178082,Incidence,7.22246037071145e-06
NbyGQVwzFc_loc12_loop6,12,ITN 0%/IRS 0%/Larvicide 0%,0;0.4;0.4_0;0;0_0;0;0_-100;2;5475_-100;2;5475_-100;2;5475,20.7835616438356,Incidence,7.25226905763937e-06
NbyGQVwzFc_loc12_loop6,12,ITN 0%/IRS 0%/Larvicide 0%,0;0.4;0.4_0;0;0_0;0;0_-100;2;5475_-100;2;5475_-100;2;5475,20.786301369863,Incidence,7.2822011246192e-06
NbyGQVwzFc_loc12_loop6,12,ITN 0%/IRS 0%/Larvicide 0%,0;0.4;0.4_0;0;0_0;0;0_-100;2;5475_-100;2;5475_-100;2;5475,20.7890410958904,Incidence,7.31225705227145e-06
NbyGQVwzFc_loc12_loop6,12,ITN 0%/IRS 0%/Larvicide 0%,0;0.4;0.4_0;0;0_0;0;0_-100;2;5475_-100;2;5475_-100;2;5475,20.7917808219178,Incidence,7.34243732276224e-06
NbyGQVwzFc_loc12_loop6,12,ITN 0%/IRS 0%/Larvicide 0%,0;0.4;0.4_0;0;0_0;0;0_-100;2;5475_-100;2;5475_-100;2;5475,20.7945205479452,Incidence,7.3727424198055e-06
NbyGQVwzFc_loc12_loop6,12,ITN 0%/IRS 0%/Larvicide 0%,0;0.4;0.4_0;0;0_0;0;0_-100;2;5475_-100;2;5475_-100;2;5475,20.7972602739726,Incidence,7.4031728286648e-06
NbyGQVwzFc_loc12_loop6,12,ITN 0%/IRS 0%/Larvicide 0%,0;0.4;0.4_0;0;0_0;0;0_-100;2;5475_-100;2;5475_-100;2;5475,20.8,Incidence,7.43372903615557e-06
NbyGQVwzFc_loc12_loop6,12,ITN 0%/IRS 0%/Larvicide 0%,0;0.4;0.4_0;0;0_0;0;0_-100;2;5475_-100;2;5475_-100;2;5475,20.8027397260274,Incidence,7.4644115306471e-06
NbyGQVwzFc_loc12_loop6,12,ITN 0%/IRS 0%/Larvicide 0%,0;0.4;0.4_0;0;0_0;0;0_-100;2;5475_-100;2;5475_-100;2;5475,20.8054794520548,Incidence,7.49522080206444e-06
NbyGQVwzFc_loc12_loop6,12,ITN 0%/IRS 0%/Larvicide 0%,0;0.4;0.4_0;0;0_0;0;0_-100;2;5475_-100;2;5475_-100;2;5475,20.8082191780822,Incidence,7.52615734189044e-06
NbyGQVwzFc_loc12_loop6,12,ITN 0%/IRS 0%/Larvicide 0%,0;0.4;0.4_0;0;0_0;0;0_-100;2;5475_-100;2;5475_-100;2;5475,20.8109589041096,Incidence,7.55722164316773e-06
NbyGQVwzFc_loc12_loop6,12,ITN 0%/IRS 0%/Larvicide 0%,0;0.4;0.4_0;0;0_0;0;0_-100;2;5475_-100;2;5475_-100;2;5475,20.813698630137,Incidence,7.5884142005005e-06
NbyGQVwzFc_loc12_loop6,12,ITN 0%/IRS 0%/Larvicide 0%,0;0.4;0.4_0;0;0_0;0;0_-100;2;5475_-100;2;5475_-100;2;5475,20.8164383561644,Incidence,7.61973551005657e-06
NbyGQVwzFc_loc12_loop6,12,ITN 0%/IRS 0%/Larvicide 0%,0;0.4;0.4_0;0;0_0;0;0_-100;2;5475_-100;2;5475_-100;2;5475,20.8191780821918,Incidence,7.65118606956914e-06
NbyGQVwzFc_loc12_loop6,12,ITN 0%/IRS 0%/Larvicide 0%,0;0.4;0.4_0;0;0_0;0;0_-100;2;5475_-100;2;5475_-100;2;5475,20.8219178082192,Incidence,7.68276637833861e-06
NbyGQVwzFc_loc12_loop6,12,ITN 0%/IRS 0%/Larvicide 0%,0;0.4;0.4_0;0;0_0;0;0_-100;2;5475_-100;2;5475_-100;2;5475,20.8246575342466,Incidence,7.71447693723448e-06
NbyGQVwzFc_loc12_loop6,12,ITN 0%/IRS 0%/Larvicide 0%,0;0.4;0.4_0;0;0_0;0;0_-100;2;5475_-100;2;5475_-100;2;5475,20.827397260274,Incidence,7.74631824869697e-06
NbyGQVwzFc_loc12_loop6,12,ITN 0%/IRS 0%/Larvicide 0%,0;0.4;0.4_0;0;0_0;0;0_-100;2;5475_-100;2;5475_-100;2;5475,20.8301369863014,Incidence,7.77829081671686e-06
NbyGQVwzFc_loc12_loop6,12,ITN 0%/IRS 0%/Larvicide 0%,0;0.4;0.4_0;0;0_0;0;0_-100;2;5475_-100;2;5475_-100;2;5475,20.8328767123288,Incidence,7.81039514681527e-06
NbyGQVwzFc_loc12_loop6,12,ITN 0%/IRS 0%/Larvicide 0%,0;0.4;0.4_0;0;0_0;0;0_-100;2;5475_-100;2;5475_-100;2;5475,20.8356164383562,Incidence,7.8426317460839e-06
NbyGQVwzFc_loc12_loop6,12,ITN 0%/IRS 0%/Larvicide 0%,0;0.4;0.4_0;0;0_0;0;0_-100;2;5475_-100;2;5475_-100;2;5475,20.8383561643836,Incidence,7.87500112319176e-06
NbyGQVwzFc_loc12_loop6,12,ITN 0%/IRS 0%/Larvicide 0%,0;0.4;0.4_0;0;0_0;0;0_-100;2;5475_-100;2;5475_-100;2;5475,20.841095890411,Incidence,7.90750378838684e-06
NbyGQVwzFc_loc12_loop6,12,ITN 0%/IRS 0%/Larvicide 0%,0;0.4;0.4_0;0;0_0;0;0_-100;2;5475_-100;2;5475_-100;2;5475,20.8438356164384,Incidence,7.94014025349773e-06
NbyGQVwzFc_loc12_loop6,12,ITN 0%/IRS 0%/Larvicide 0%,0;0.4;0.4_0;0;0_0;0;0_-100;2;5475_-100;2;5475_-100;2;5475,20.8465753424658,Incidence,7.97291103193517e-06
NbyGQVwzFc_loc12_loop6,12,ITN 0%/IRS 0%/Larvicide 0%,0;0.4;0.4_0;0;0_0;0;0_-100;2;5475_-100;2;5475_-100;2;5475,20.8493150684932,Incidence,8.00581663869365e-06
NbyGQVwzFc_loc12_loop6,12,ITN 0%/IRS 0%/Larvicide 0%,0;0.4;0.4_0;0;0_0;0;0_-100;2;5475_-100;2;5475_-100;2;5475,20.8520547945205,Incidence,8.03885759035289e-06
NbyGQVwzFc_loc12_loop6,12,ITN 0%/IRS 0%/Larvicide 0%,0;0.4;0.4_0;0;0_0;0;0_-100;2;5475_-100;2;5475_-100;2;5475,20.8547945205479,Incidence,8.07203440507947e-06
NbyGQVwzFc_loc12_loop6,12,ITN 0%/IRS 0%/Larvicide 0%,0;0.4;0.4_0;0;0_0;0;0_-100;2;5475_-100;2;5475_-100;2;5475,20.8575342465753,Incidence,8.1053476026281e-06
NbyGQVwzFc_loc12_loop6,12,ITN 0%/IRS 0%/Larvicide 0%,0;0.4;0.4_0;0;0_0;0;0_-100;2;5475_-100;2;5475_-100;2;5475,20.8602739726027,Incidence,8.13879770434322e-06
NbyGQVwzFc_loc12_loop6,12,ITN 0%/IRS 0%/Larvicide 0%,0;0.4;0.4_0;0;0_0;0;0_-100;2;5475_-100;2;5475_-100;2;5475,20.8630136986301,Incidence,8.17238523316039e-06
NbyGQVwzFc_loc12_loop6,12,ITN 0%/IRS 0%/Larvicide 0%,0;0.4;0.4_0;0;0_0;0;0_-100;2;5475_-100;2;5475_-100;2;5475,20.8657534246575,Incidence,8.20611071360759e-06
NbyGQVwzFc_loc12_loop6,12,ITN 0%/IRS 0%/Larvicide 0%,0;0.4;0.4_0;0;0_0;0;0_-100;2;5475_-100;2;5475_-100;2;5475,20.8684931506849,Incidence,8.23997467180664e-06
NbyGQVwzFc_loc12_loop6,12,ITN 0%/IRS 0%/Larvicide 0%,0;0.4;0.4_0;0;0_0;0;0_-100;2;5475_-100;2;5475_-100;2;5475,20.8712328767123,Incidence,8.2739776354745e-06
NbyGQVwzFc_loc12_loop6,12,ITN 0%/IRS 0%/Larvicide 0%,0;0.4;0.4_0;0;0_0;0;0_-100;2;5475_-100;2;5475_-100;2;5475,20.8739726027397,Incidence,8.30812013392449e-06
NbyGQVwzFc_loc12_loop6,12,ITN 0%/IRS 0%/Larvicide 0%,0;0.4;0.4_0;0;0_0;0;0_-100;2;5475_-100;2;5475_-100;2;5475,20.8767123287671,Incidence,8.34240269806765e-06
NbyGQVwzFc_loc12_loop6,12,ITN 0%/IRS 0%/Larvicide 0%,0;0.4;0.4_0;0;0_0;0;0_-100;2;5475_-100;2;5475_-100;2;5475,20.8794520547945,Incidence,8.37682586041381e-06
NbyGQVwzFc_loc12_loop6,12,ITN 0%/IRS 0%/Larvicide 0%,0;0.4;0.4_0;0;0_0;0;0_-100;2;5475_-100;2;5475_-100;2;5475,20.8821917808219,Incidence,8.41139015507302e-06
NbyGQVwzFc_loc12_loop6,12,ITN 0%/IRS 0%/Larvicide 0%,0;0.4;0.4_0;0;0_0;0;0_-100;2;5475_-100;2;5475_-100;2;5475,20.8849315068493,Incidence,8.44609611775631e-06
NbyGQVwzFc_loc12_loop6,12,ITN 0%/IRS 0%/Larvicide 0%,0;0.4;0.4_0;0;0_0;0;0_-100;2;5475_-100;2;5475_-100;2;5475,20.8876712328767,Incidence,8.48094428577726e-06
NbyGQVwzFc_loc12_loop6,12,ITN 0%/IRS 0%/Larvicide 0%,0;0.4;0.4_0;0;0_0;0;0_-100;2;5475_-100;2;5475_-100;2;5475,20.8904109589041,Incidence,8.51593519805268e-06
NbyGQVwzFc_loc12_loop6,12,ITN 0%/IRS 0%/Larvicide 0%,0;0.4;0.4_0;0;0_0;0;0_-100;2;5475_-100;2;5475_-100;2;5475,20.8931506849315,Incidence,8.55106939510395e-06
NbyGQVwzFc_loc12_loop6,12,ITN 0%/IRS 0%/Larvicide 0%,0;0.4;0.4_0;0;0_0;0;0_-100;2;5475_-100;2;5475_-100;2;5475,20.8958904109589,Incidence,8.58634741905784e-06
NbyGQVwzFc_loc12_loop6,12,ITN 0%/IRS 0%/Larvicide 0%,0;0.4;0.4_0;0;0_0;0;0_-100;2;5475_-100;2;5475_-100;2;5475,20.8986301369863,Incidence,8.62176981364765e-06
NbyGQVwzFc_loc12_loop6,12,ITN 0%/IRS 0%/Larvicide 0%,0;0.4;0.4_0;0;0_0;0;0_-100;2;5475_-100;2;5475_-100;2;5475,20.9013698630137,Incidence,8.657337124214e-06
NbyGQVwzFc_loc12_loop6,12,ITN 0%/IRS 0%/Larvicide 0%,0;0.4;0.4_0;0;0_0;0;0_-100;2;5475_-100;2;5475_-100;2;5475,20.9041095890411,Incidence,8.69304989770576e-06
NbyGQVwzFc_loc12_loop6,12,ITN 0%/IRS 0%/Larvicide 0%,0;0.4;0.4_0;0;0_0;0;0_-100;2;5475_-100;2;5475_-100;2;5475,20.9068493150685,Incidence,8.72890868268105e-06
NbyGQVwzFc_loc12_loop6,12,ITN 0%/IRS 0%/Larvicide 0%,0;0.4;0.4_0;0;0_0;0;0_-100;2;5475_-100;2;5475_-100;2;5475,20.9095890410959,Incidence,8.76491402930793e-06
NbyGQVwzFc_loc12_loop6,12,ITN 0%/IRS 0%/Larvicide 0%,0;0.4;0.4_0;0;0_0;0;0_-100;2;5475_-100;2;5475_-100;2;5475,20.9123287671233,Incidence,8.80106648936523e-06
NbyGQVwzFc_loc12_loop6,12,ITN 0%/IRS 0%/Larvicide 0%,0;0.4;0.4_0;0;0_0;0;0_-100;2;5475_-100;2;5475_-100;2;5475,20.9150684931507,Incidence,8.83736661624337e-06
NbyGQVwzFc_loc12_loop6,12,ITN 0%/IRS 0%/Larvicide 0%,0;0.4;0.4_0;0;0_0;0;0_-100;2;5475_-100;2;5475_-100;2;5475,20.9178082191781,Incidence,8.87381496494494e-06
NbyGQVwzFc_loc12_loop6,12,ITN 0%/IRS 0%/Larvicide 0%,0;0.4;0.4_0;0;0_0;0;0_-100;2;5475_-100;2;5475_-100;2;5475,20.9205479452055,Incidence,8.91041209208558e-06
NbyGQVwzFc_loc12_loop6,12,ITN 0%/IRS 0%/Larvicide 0%,0;0.4;0.4_0;0;0_0;0;0_-100;2;5475_-100;2;5475_-100;2;5475,20.9232876712329,Incidence,8.94715855589448e-06
NbyGQVwzFc_loc12_loop6,12,ITN 0%/IRS 0%/Larvicide 0%,0;0.4;0.4_0;0;0_0;0;0_-100;2;5475_-100;2;5475_-100;2;5475,20.9260273972603,Incidence,8.98405491621497e-06
NbyGQVwzFc_loc12_loop6,12,ITN 0%/IRS 0%/Larvicide 0%,0;0.4;0.4_0;0;0_0;0;0_-100;2;5475_-100;2;5475_-100;2;5475,20.9287671232877,Incidence,9.02110173450519e-06
NbyGQVwzFc_loc12_loop6,12,ITN 0%/IRS 0%/Larvicide 0%,0;0.4;0.4_0;0;0_0;0;0_-100;2;5475_-100;2;5475_-100;2;5475,20.9315068493151,Incidence,9.05829957383857e-06
NbyGQVwzFc_loc12_loop6,12,ITN 0%/IRS 0%/Larvicide 0%,0;0.4;0.4_0;0;0_0;0;0_-100;2;5475_-100;2;5475_-100;2;5475,20.9342465753425,Incidence,9.09564899890426e-06
NbyGQVwzFc_loc12_loop6,12,ITN 0%/IRS 0%/Larvicide 0%,0;0.4;0.4_0;0;0_0;0;0_-100;2;5475_-100;2;5475_-100;2;5475,20.9369863013699,Incidence,9.13315057600766e-06
NbyGQVwzFc_loc12_loop6,12,ITN 0%/IRS 0%/Larvicide 0%,0;0.4;0.4_0;0;0_0;0;0_-100;2;5475_-100;2;5475_-100;2;5475,20.9397260273973,Incidence,9.1708048730708e-06
NbyGQVwzFc_loc12_loop6,12,ITN 0%/IRS 0%/Larvicide 0%,0;0.4;0.4_0;0;0_0;0;0_-100;2;5475_-100;2;5475_-100;2;5475,20.9424657534247,Incidence,9.20861245963268e-06
NbyGQVwzFc_loc12_loop6,12,ITN 0%/IRS 0%/Larvicide 0%,0;0.4;0.4_0;0;0_0;0;0_-100;2;5475_-100;2;5475_-100;2;5475,20.9452054794521,Incidence,9.24657390684963e-06
NbyGQVwzFc_loc12_loop6,12,ITN 0%/IRS 0%/Larvicide 0%,0;0.4;0.4_0;0;0_0;0;0_-100;2;5475_-100;2;5475_-100;2;5475,20.9479452054795,Incidence,9.28468978749549e-06
NbyGQVwzFc_loc12_loop6,12,ITN 0%/IRS 0%/Larvicide 0%,0;0.4;0.4_0;0;0_0;0;0_-100;2;5475_-100;2;5475_-100;2;5475,20.9506849315069,Incidence,9.32296067596205e-06
NbyGQVwzFc_loc12_loop6,12,ITN 0%/IRS 0%/Larvicide 0%,0;0.4;0.4_0;0;0_0;0;0_-100;2;5475_-100;2;5475_-100;2;5475,20.9534246575342,Incidence,9.36138714825899e-06
NbyGQVwzFc_loc12_loop6,12,ITN 0%/IRS 0%/Larvicide 0%,0;0.4;0.4_0;0;0_0;0;0_-100;2;5475_-100;2;5475_-100;2;5475,20.9561643835616,Incidence,9.39996978201427e-06
NbyGQVwzFc_loc12_loop6,12,ITN 0%/IRS 0%/Larvicide 0%,0;0.4;0.4_0;0;0_0;0;0_-100;2;5475_-100;2;5475_-100;2;5475,20.958904109589,Incidence,9.43870915647414e-06
NbyGQVwzFc_loc12_loop6,12,ITN 0%/IRS 0%/Larvicide 0%,0;0.4;0.4_0;0;0_0;0;0_-100;2;5475_-100;2;5475_-100;2;5475,20.9616438356164,Incidence,9.47760585250316e-06
NbyGQVwzFc_loc12_loop6,12,ITN 0%/IRS 0%/Larvicide 0%,0;0.4;0.4_0;0;0_0;0;0_-100;2;5475_-100;2;5475_-100;2;5475,20.9643835616438,Incidence,9.51666045258426e-06
NbyGQVwzFc_loc12_loop6,12,ITN 0%/IRS 0%/Larvicide 0%,0;0.4;0.4_0;0;0_0;0;0_-100;2;5475_-100;2;5475_-100;2;5475,20.9671232876712,Incidence,9.55587354081878e-06
NbyGQVwzFc_loc12_loop6,12,ITN 0%/IRS 0%/Larvicide 0%,0;0.4;0.4_0;0;0_0;0;0_-100;2;5475_-100;2;5475_-100;2;5475,20.9698630136986,Incidence,9.59524570292041e-06
NbyGQVwzFc_loc12_loop6,12,ITN 0%/IRS 0%/Larvicide 0%,0;0.4;0.4_0;0;0_0;0;0_-100;2;5475_-100;2;5475_-100;2;5475,20.972602739726,Incidence,9.63477752616998e-06
NbyGQVwzFc_loc12_loop6,12,ITN 0%/IRS 0%/Larvicide 0%,0;0.4;0.4_0;0;0_0;0;0_-100;2;5475_-100;2;5475_-100;2;5475,20.9753424657534,Incidence,9.67446959945405e-06
NbyGQVwzFc_loc12_loop6,12,ITN 0%/IRS 0%/Larvicide 0%,0;0.4;0.4_0;0;0_0;0;0_-100;2;5475_-100;2;5475_-100;2;5475,20.9780821917808,Incidence,9.71432251327861e-06
NbyGQVwzFc_loc12_loop6,12,ITN 0%/IRS 0%/Larvicide 0%,0;0.4;0.4_0;0;0_0;0;0_-100;2;5475_-100;2;5475_-100;2;5475,20.9808219178082,Incidence,9.75433685976693e-06
NbyGQVwzFc_loc12_loop6,12,ITN 0%/IRS 0%/Larvicide 0%,0;0.4;0.4_0;0;0_0;0;0_-100;2;5475_-100;2;5475_-100;2;5475,20.9835616438356,Incidence,9.79451323265931e-06
NbyGQVwzFc_loc12_loop6,12,ITN 0%/IRS 0%/Larvicide 0%,0;0.4;0.4_0;0;0_0;0;0_-100;2;5475_-100;2;5475_-100;2;5475,20.986301369863,Incidence,9.83485222731268e-06
NbyGQVwzFc_loc12_loop6,12,ITN 0%/IRS 0%/Larvicide 0%,0;0.4;0.4_0;0;0_0;0;0_-100;2;5475_-100;2;5475_-100;2;5475,20.9890410958904,Incidence,9.87535444070025e-06
NbyGQVwzFc_loc12_loop6,12,ITN 0%/IRS 0%/Larvicide 0%,0;0.4;0.4_0;0;0_0;0;0_-100;2;5475_-100;2;5475_-100;2;5475,20.9917808219178,Incidence,9.91602047141094e-06
NbyGQVwzFc_loc12_loop6,12,ITN 0%/IRS 0%/Larvicide 0%,0;0.4;0.4_0;0;0_0;0;0_-100;2;5475_-100;2;5475_-100;2;5475,20.9945205479452,Incidence,9.95685091964918e-06
NbyGQVwzFc_loc12_loop6,12,ITN 0%/IRS 0%/Larvicide 0%,0;0.4;0.4_0;0;0_0;0;0_-100;2;5475_-100;2;5475_-100;2;5475,20.9972602739726,Incidence,9.99784638723409e-06
NbyGQVwzFc_loc12_loop6,12,ITN 0%/IRS 0%/Larvicide 0%,0;0.4;0.4_0;0;0_0;0;0_-100;2;5475_-100;2;5475_-100;2;5475,21,Incidence,1.0039007477599e-05
NbyGQVwzFc_loc12_loop6,12,ITN 0%/IRS 0%/Larvicide 0%,0;0.4;0.4_0;0;0_0;0;0_-100;2;5475_-100;2;5475_-100;2;5475,21.0027397260274,Incidence,1.0080334795791e-05
NbyGQVwzFc_loc12_loop6,12,ITN 0%/IRS 0%/Larvicide 0%,0;0.4;0.4_0;0;0_0;0;0_-100;2;5475_-100;2;5475_-100;2;5475,21.0054794520548,Incidence,1.01218289484699e-05
NbyGQVwzFc_loc12_loop6,12,ITN 0%/IRS 0%/Larvicide 0%,0;0.4;0.4_0;0;0_0;0;0_-100;2;5475_-100;2;5475_-100;2;5475,21.0082191780822,Incidence,1.01634905439078e-05
NbyGQVwzFc_loc12_loop6,12,ITN 0%/IRS 0%/Larvicide 0%,0;0.4;0.4_0;0;0_0;0;0_-100;2;5475_-100;2;5475_-100;2;5475,21.0109589041096,Incidence,1.02053201919883e-05
NbyGQVwzFc_loc12_loop6,12,ITN 0%/IRS 0%/Larvicide 0%,0;0.4;0.4_0;0;0_0;0;0_-100;2;5475_-100;2;5475_-100;2;5475,21.013698630137,Incidence,1.02473185042053e-05
NbyGQVwzFc_loc12_loop6,12,ITN 0%/IRS 0%/Larvicide 0%,0;0.4;0.4_0;0;0_0;0;0_-100;2;5475_-100;2;5475_-100;2;5475,21.0164383561644,Incidence,1.02894860936626e-05
NbyGQVwzFc_loc12_loop6,12,ITN 0%/IRS 0%/Larvicide 0%,0;0.4;0.4_0;0;0_0;0;0_-100;2;5475_-100;2;5475_-100;2;5475,21.0191780821918,Incidence,1.03318235750727e-05
NbyGQVwzFc_loc12_loop6,12,ITN 0%/IRS 0%/Larvicide 0%,0;0.4;0.4_0;0;0_0;0;0_-100;2;5475_-100;2;5475_-100;2;5475,21.0219178082192,Incidence,1.03743315647558e-05
NbyGQVwzFc_loc12_loop6,12,ITN 0%/IRS 0%/Larvicide 0%,0;0.4;0.4_0;0;0_0;0;0_-100;2;5475_-100;2;5475_-100;2;5475,21.0246575342466,Incidence,1.0417010680639e-05
NbyGQVwzFc_loc12_loop6,12,ITN 0%/IRS 0%/Larvicide 0%,0;0.4;0.4_0;0;0_0;0;0_-100;2;5475_-100;2;5475_-100;2;5475,21.027397260274,Incidence,1.04598615422549e-05
NbyGQVwzFc_loc12_loop6,12,ITN 0%/IRS 0%/Larvicide 0%,0;0.4;0.4_0;0;0_0;0;0_-100;2;5475_-100;2;5475_-100;2;5475,21.0301369863014,Incidence,1.05028847707406e-05
NbyGQVwzFc_loc12_loop6,12,ITN 0%/IRS 0%/Larvicide 0%,0;0.4;0.4_0;0;0_0;0;0_-100;2;5475_-100;2;5475_-100;2;5475,21.0328767123288,Incidence,8.91615096071674e-06
NbyGQVwzFc_loc12_loop6,12,ITN 0%/IRS 0%/Larvicide 0%,0;0.4;0.4_0;0;0_0;0;0_-100;2;5475_-100;2;5475_-100;2;5475,21.0356164383562,Incidence,8.91713435232296e-06
NbyGQVwzFc_loc12_loop6,12,ITN 0%/IRS 0%/Larvicide 0%,0;0.4;0.4_0;0;0_0;0;0_-100;2;5475_-100;2;5475_-100;2;5475,21.0383561643836,Incidence,8.92127652417963e-06
NbyGQVwzFc_loc12_loop6,12,ITN 0%/IRS 0%/Larvicide 0%,0;0.4;0.4_0;0;0_0;0;0_-100;2;5475_-100;2;5475_-100;2;5475,21.041095890411,Incidence,8.92856853777714e-06
NbyGQVwzFc_loc12_loop6,12,ITN 0%/IRS 0%/Larvicide 0%,0;0.4;0.4_0;0;0_0;0;0_-100;2;5475_-100;2;5475_-100;2;5475,21.0438356164384,Incidence,8.93873824246575e-06
NbyGQVwzFc_loc12_loop6,12,ITN 0%/IRS 0%/Larvicide 0%,0;0.4;0.4_0;0;0_0;0;0_-100;2;5475_-100;2;5475_-100;2;5475,21.0465753424658,Incidence,8.9515383387153e-06
NbyGQVwzFc_loc12_loop6,12,ITN 0%/IRS 0%/Larvicide 0%,0;0.4;0.4_0;0;0_0;0;0_-100;2;5475_-100;2;5475_-100;2;5475,21.0493150684932,Incidence,8.96674411426927e-06
NbyGQVwzFc_loc12_loop6,12,ITN 0%/IRS 0%/Larvicide 0%,0;0.4;0.4_0;0;0_0;0;0_-100;2;5475_-100;2;5475_-100;2;5475,21.0520547945205,Incidence,8.9841513840318e-06
NbyGQVwzFc_loc12_loop6,12,ITN 0%/IRS 0%/Larvicide 0%,0;0.4;0.4_0;0;0_0;0;0_-100;2;5475_-100;2;5475_-100;2;5475,21.0547945205479,Incidence,9.00406895196736e-06
NbyGQVwzFc_loc12_loop6,12,ITN 0%/IRS 0%/Larvicide 0%,0;0.4;0.4_0;0;0_0;0;0_-100;2;5475_-100;2;5475_-100;2;5475,21.0575342465753,Incidence,8.99688832992174e-06
NbyGQVwzFc_loc12_loop6,12,ITN 0%/IRS 0%/Larvicide 0%,0;0.4;0.4_0;0;0_0;0;0_-100;2;5475_-100;2;5475_-100;2;5475,21.0602739726027,Incidence,8.98805641028069e-06
NbyGQVwzFc_loc12_loop6,12,ITN 0%/IRS 0%/Larvicide 0%,0;0.4;0.4_0;0;0_0;0;0_-100;2;5475_-100;2;5475_-100;2;5475,21.0630136986301,Incidence,8.9805681570091e-06
NbyGQVwzFc_loc12_loop6,12,ITN 0%/IRS 0%/Larvicide 0%,0;0.4;0.4_0;0;0_0;0;0_-100;2;5475_-100;2;5475_-100;2;5475,21.0657534246575,Incidence,8.97455700029901e-06
NbyGQVwzFc_loc12_loop6,12,ITN 0%/IRS 0%/Larvicide 0%,0;0.4;0.4_0;0;0_0;0;0_-100;2;5475_-100;2;5475_-100;2;5475,21.0684931506849,Incidence,8.97012240654597e-06
NbyGQVwzFc_loc12_loop6,12,ITN 0%/IRS 0%/Larvicide 0%,0;0.4;0.4_0;0;0_0;0;0_-100;2;5475_-100;2;5475_-100;2;5475,21.0712328767123,Incidence,8.96733584935512e-06
NbyGQVwzFc_loc12_loop6,12,ITN 0%/IRS 0%/Larvicide 0%,0;0.4;0.4_0;0;0_0;0;0_-100;2;5475_-100;2;5475_-100;2;5475,21.0739726027397,Incidence,8.96624536242017e-06
NbyGQVwzFc_loc12_loop6,12,ITN 0%/IRS 0%/Larvicide 0%,0;0.4;0.4_0;0;0_0;0;0_-100;2;5475_-100;2;5475_-100;2;5475,21.0767123287671,Incidence,8.96687924496652e-06
NbyGQVwzFc_loc12_loop6,12,ITN 0%/IRS 0%/Larvicide 0%,0;0.4;0.4_0;0;0_0;0;0_-100;2;5475_-100;2;5475_-100;2;5475,21.0794520547945,Incidence,8.96924920633261e-06
NbyGQVwzFc_loc12_loop6,12,ITN 0%/IRS 0%/Larvicide 0%,0;0.4;0.4_0;0;0_0;0;0_-100;2;5475_-100;2;5475_-100;2;5475,21.0821917808219,Incidence,8.97335307756636e-06
NbyGQVwzFc_loc12_loop6,12,ITN 0%/IRS 0%/Larvicide 0%,0;0.4;0.4_0;0;0_0;0;0_-100;2;5475_-100;2;5475_-100;2;5475,21.0849315068493,Incidence,8.97917716104093e-06
NbyGQVwzFc_loc12_loop6,12,ITN 0%/IRS 0%/Larvicide 0%,0;0.4;0.4_0;0;0_0;0;0_-100;2;5475_-100;2;5475_-100;2;5475,21.0876712328767,Incidence,8.98669827002915e-06
NbyGQVwzFc_loc12_loop6,12,ITN 0%/IRS 0%/Larvicide 0%,0;0.4;0.4_0;0;0_0;0;0_-100;2;5475_-100;2;5475_-100;2;5475,21.0904109589041,Incidence,8.95051814747319e-06
NbyGQVwzFc_loc12_loop6,12,ITN 0%/IRS 0%/Larvicide 0%,0;0.4;0.4_0;0;0_0;0;0_-100;2;5475_-100;2;5475_-100;2;5475,21.0931506849315,Incidence,8.88681201152646e-06
NbyGQVwzFc_loc12_loop6,12,ITN 0%/IRS 0%/Larvicide 0%,0;0.4;0.4_0;0;0_0;0;0_-100;2;5475_-100;2;5475_-100;2;5475,21.0958904109589,Incidence,8.83126578344565e-06
NbyGQVwzFc_loc12_loop6,12,ITN 0%/IRS 0%/Larvicide 0%,0;0.4;0.4_0;0;0_0;0;0_-100;2;5475_-100;2;5475_-100;2;5475,21.0986301369863,Incidence,8.78322657062661e-06
NbyGQVwzFc_loc12_loop6,12,ITN 0%/IRS 0%/Larvicide 0%,0;0.4;0.4_0;0;0_0;0;0_-100;2;5475_-100;2;5475_-100;2;5475,21.1013698630137,Incidence,8.74209472157378e-06
NbyGQVwzFc_loc12_loop6,12,ITN 0%/IRS 0%/Larvicide 0%,0;0.4;0.4_0;0;0_0;0;0_-100;2;5475_-100;2;5475_-100;2;5475,21.1041095890411,Incidence,8.7073194876268e-06
NbyGQVwzFc_loc12_loop6,12,ITN 0%/IRS 0%/Larvicide 0%,0;0.4;0.4_0;0;0_0;0;0_-100;2;5475_-100;2;5475_-100;2;5475,21.1068493150685,Incidence,8.67839503930119e-06
NbyGQVwzFc_loc12_loop6,12,ITN 0%/IRS 0%/Larvicide 0%,0;0.4;0.4_0;0;0_0;0;0_-100;2;5475_-100;2;5475_-100;2;5475,21.1095890410959,Incidence,8.65485680877407e-06
NbyGQVwzFc_loc12_loop6,12,ITN 0%/IRS 0%/Larvicide 0%,0;0.4;0.4_0;0;0_0;0;0_-100;2;5475_-100;2;5475_-100;2;5475,21.1123287671233,Incidence,8.63627813011803e-06
NbyGQVwzFc_loc12_loop6,12,ITN 0%/IRS 0%/Larvicide 0%,0;0.4;0.4_0;0;0_0;0;0_-100;2;5475_-100;2;5475_-100;2;5475,21.1150684931507,Incidence,8.62226715324669e-06
NbyGQVwzFc_loc12_loop6,12,ITN 0%/IRS 0%/Larvicide 0%,0;0.4;0.4_0;0;0_0;0;0_-100;2;5475_-100;2;5475_-100;2;5475,21.1178082191781,Incidence,8.61246400973422e-06
NbyGQVwzFc_loc12_loop6,12,ITN 0%/IRS 0%/Larvicide 0%,0;0.4;0.4_0;0;0_0;0;0_-100;2;5475_-100;2;5475_-100;2;5475,21.1205479452055,Incidence,8.60653821056171e-06
NbyGQVwzFc_loc12_loop6,12,ITN 0%/IRS 0%/Larvicide 0%,0;0.4;0.4_0;0;0_0;0;0_-100;2;5475_-100;2;5475_-100;2;5475,21.1232876712329,Incidence,8.60414288204709e-06
NbyGQVwzFc_loc12_loop6,12,ITN 0%/IRS 0%/Larvicide 0%,0;0.4;0.4_0;0;0_0;0;0_-100;2;5475_-100;2;5475_-100;2;5475,21.1260273972603,Incidence,8.60476077458268e-06
NbyGQVwzFc_loc12_loop6,12,ITN 0%/IRS 0%/Larvicide 0%,0;0.4;0.4_0;0;0_0;0;0_-100;2;5475_-100;2;5475_-100;2;5475,21.1287671232877,Incidence,8.60810639893318e-06
NbyGQVwzFc_loc12_loop6,12,ITN 0%/IRS 0%/Larvicide 0%,0;0.4;0.4_0;0;0_0;0;0_-100;2;5475_-100;2;5475_-100;2;5475,21.1315068493151,Incidence,8.61395215706589e-06
NbyGQVwzFc_loc12_loop6,12,ITN 0%/IRS 0%/Larvicide 0%,0;0.4;0.4_0;0;0_0;0;0_-100;2;5475_-100;2;5475_-100;2;5475,21.1342465753425,Incidence,8.62209103989511e-06
NbyGQVwzFc_loc12_loop6,12,ITN 0%/IRS 0%/Larvicide 0%,0;0.4;0.4_0;0;0_0;0;0_-100;2;5475_-100;2;5475_-100;2;5475,21.1369863013699,Incidence,8.63233470720638e-06
NbyGQVwzFc_loc12_loop6,12,ITN 0%/IRS 0%/Larvicide 0%,0;0.4;0.4_0;0;0_0;0;0_-100;2;5475_-100;2;5475_-100;2;5475,21.1397260273973,Incidence,8.64451175538768e-06
NbyGQVwzFc_loc12_loop6,12,ITN 0%/IRS 0%/Larvicide 0%,0;0.4;0.4_0;0;0_0;0;0_-100;2;5475_-100;2;5475_-100;2;5475,21.1424657534247,Incidence,8.65846615400638e-06
NbyGQVwzFc_loc12_loop6,12,ITN 0%/IRS 0%/Larvicide 0%,0;0.4;0.4_0;0;0_0;0;0_-100;2;5475_-100;2;5475_-100;2;5475,21.1452054794521,Incidence,8.67405557545368e-06
NbyGQVwzFc_loc12_loop6,12,ITN 0%/IRS 0%/Larvicide 0%,0;0.4;0.4_0;0;0_0;0;0_-100;2;5475_-100;2;5475_-100;2;5475,21.1479452054795,Incidence,8.69113863117751e-06
NbyGQVwzFc_loc12_loop6,12,ITN 0%/IRS 0%/Larvicide 0%,0;0.4;0.4_0;0;0_0;0;0_-100;2;5475_-100;2;5475_-100;2;5475,21.1506849315069,Incidence,8.70957172720355e-06
NbyGQVwzFc_loc12_loop6,12,ITN 0%/IRS 0%/Larvicide 0%,0;0.4;0.4_0;0;0_0;0;0_-100;2;5475_-100;2;5475_-100;2;5475,21.1534246575342,Incidence,8.72922385303919e-06
NbyGQVwzFc_loc12_loop6,12,ITN 0%/IRS 0%/Larvicide 0%,0;0.4;0.4_0;0;0_0;0;0_-100;2;5475_-100;2;5475_-100;2;5475,21.1561643835616,Incidence,8.74997652473406e-06
NbyGQVwzFc_loc12_loop6,12,ITN 0%/IRS 0%/Larvicide 0%,0;0.4;0.4_0;0;0_0;0;0_-100;2;5475_-100;2;5475_-100;2;5475,21.158904109589,Incidence,8.77172272202279e-06
NbyGQVwzFc_loc12_loop6,12,ITN 0%/IRS 0%/Larvicide 0%,0;0.4;0.4_0;0;0_0;0;0_-100;2;5475_-100;2;5475_-100;2;5475,21.1616438356164,Incidence,8.79436590448071e-06
NbyGQVwzFc_loc12_loop6,12,ITN 0%/IRS 0%/Larvicide 0%,0;0.4;0.4_0;0;0_0;0;0_-100;2;5475_-100;2;5475_-100;2;5475,21.1643835616438,Incidence,8.81781910292345e-06
NbyGQVwzFc_loc12_loop6,12,ITN 0%/IRS 0%/Larvicide 0%,0;0.4;0.4_0;0;0_0;0;0_-100;2;5475_-100;2;5475_-100;2;5475,21.1671232876712,Incidence,8.84200407517889e-06
NbyGQVwzFc_loc12_loop6,12,ITN 0%/IRS 0%/Larvicide 0%,0;0.4;0.4_0;0;0_0;0;0_-100;2;5475_-100;2;5475_-100;2;5475,21.1698630136986,Incidence,8.86685053275707e-06
NbyGQVwzFc_loc12_loop6,12,ITN 0%/IRS 0%/Larvicide 0%,0;0.4;0.4_0;0;0_0;0;0_-100;2;5475_-100;2;5475_-100;2;5475,21.172602739726,Incidence,8.89229542773877e-06
NbyGQVwzFc_loc12_loop6,12,ITN 0%/IRS 0%/Larvicide 0%,0;0.4;0.4_0;0;0_0;0;0_-100;2;5475_-100;2;5475_-100;2;5475,21.1753424657534,Incidence,8.91828229675596e-06
NbyGQVwzFc_loc12_loop6,12,ITN 0%/IRS 0%/Larvicide 0%,0;0.4;0.4_0;0;0_0;0;0_-100;2;5475_-100;2;5475_-100;2;5475,21.1780821917808,Incidence,8.94476066013349e-06
NbyGQVwzFc_loc12_loop6,12,ITN 0%/IRS 0%/Larvicide 0%,0;0.4;0.4_0;0;0_0;0;0_-100;2;5475_-100;2;5475_-100;2;5475,21.1808219178082,Incidence,8.97167060624358e-06
NbyGQVwzFc_loc12_loop6,12,ITN 0%/IRS 0%/Larvicide 0%,0;0.4;0.4_0;0;0_0;0;0_-100;2;5475_-100;2;5475_-100;2;5475,21.1835616438356,Incidence,8.99891371037928e-06
NbyGQVwzFc_loc12_loop6,12,ITN 0%/IRS 0%/Larvicide 0%,0;0.4;0.4_0;0;0_0;0;0_-100;2;5475_-100;2;5475_-100;2;5475,21.186301369863,Incidence,9.02640012338697e-06
NbyGQVwzFc_loc12_loop6,12,ITN 0%/IRS 0%/Larvicide 0%,0;0.4;0.4_0;0;0_0;0;0_-100;2;5475_-100;2;5475_-100;2;5475,21.1890410958904,Incidence,9.05405664705394e-06
NbyGQVwzFc_loc12_loop6,12,ITN 0%/IRS 0%/Larvicide 0%,0;0.4;0.4_0;0;0_0;0;0_-100;2;5475_-100;2;5475_-100;2;5475,21.1917808219178,Incidence,9.08182411609405e-06
NbyGQVwzFc_loc12_loop6,12,ITN 0%/IRS 0%/Larvicide 0%,0;0.4;0.4_0;0;0_0;0;0_-100;2;5475_-100;2;5475_-100;2;5475,21.1945205479452,Incidence,9.10965518458682e-06
NbyGQVwzFc_loc12_loop6,12,ITN 0%/IRS 0%/Larvicide 0%,0;0.4;0.4_0;0;0_0;0;0_-100;2;5475_-100;2;5475_-100;2;5475,21.1972602739726,Incidence,9.13751245165868e-06
NbyGQVwzFc_loc12_loop6,12,ITN 0%/IRS 0%/Larvicide 0%,0;0.4;0.4_0;0;0_0;0;0_-100;2;5475_-100;2;5475_-100;2;5475,21.2,Incidence,9.16536687317624e-06
NbyGQVwzFc_loc12_loop6,12,ITN 0%/IRS 0%/Larvicide 0%,0;0.4;0.4_0;0;0_0;0;0_-100;2;5475_-100;2;5475_-100;2;5475,21.2027397260274,Incidence,9.19319641553702e-06
NbyGQVwzFc_loc12_loop6,12,ITN 0%/IRS 0%/Larvicide 0%,0;0.4;0.4_0;0;0_0;0;0_-100;2;5475_-100;2;5475_-100;2;5475,21.2054794520548,Incidence,9.22098491517458e-06
NbyGQVwzFc_loc12_loop6,12,ITN 0%/IRS 0%/Larvicide 0%,0;0.4;0.4_0;0;0_0;0;0_-100;2;5475_-100;2;5475_-100;2;5475,21.2082191780822,Incidence,9.24872110443928e-06
NbyGQVwzFc_loc12_loop6,12,ITN 0%/IRS 0%/Larvicide 0%,0;0.4;0.4_0;0;0_0;0;0_-100;2;5475_-100;2;5475_-100;2;5475,21.2109589041096,Incidence,9.27639778918914e-06
NbyGQVwzFc_loc12_loop6,12,ITN 0%/IRS 0%/Larvicide 0%,0;0.4;0.4_0;0;0_0;0;0_-100;2;5475_-100;2;5475_-100;2;5475,21.213698630137,Incidence,9.30401113640791e-06
NbyGQVwzFc_loc12_loop6,12,ITN 0%/IRS 0%/Larvicide 0%,0;0.4;0.4_0;0;0_0;0;0_-100;2;5475_-100;2;5475_-100;2;5475,21.2164383561644,Incidence,9.33155994611447e-06
NbyGQVwzFc_loc12_loop6,12,ITN 0%/IRS 0%/Larvicide 0%,0;0.4;0.4_0;0;0_0;0;0_-100;2;5475_-100;2;5475_-100;2;5475,21.2191780821918,Incidence,9.35904504468883e-06
NbyGQVwzFc_loc12_loop6,12,ITN 0%/IRS 0%/Larvicide 0%,0;0.4;0.4_0;0;0_0;0;0_-100;2;5475_-100;2;5475_-100;2;5475,21.2219178082192,Incidence,9.38646888608143e-06
NbyGQVwzFc_loc12_loop6,12,ITN 0%/IRS 0%/Larvicide 0%,0;0.4;0.4_0;0;0_0;0;0_-100;2;5475_-100;2;5475_-100;2;5475,21.2246575342466,Incidence,9.41383522555206e-06
NbyGQVwzFc_loc12_loop6,12,ITN 0%/IRS 0%/Larvicide 0%,0;0.4;0.4_0;0;0_0;0;0_-100;2;5475_-100;2;5475_-100;2;5475,21.227397260274,Incidence,9.44114884516072e-06
NbyGQVwzFc_loc12_loop6,12,ITN 0%/IRS 0%/Larvicide 0%,0;0.4;0.4_0;0;0_0;0;0_-100;2;5475_-100;2;5475_-100;2;5475,21.2301369863014,Incidence,9.46841532317852e-06
NbyGQVwzFc_loc12_loop6,12,ITN 0%/IRS 0%/Larvicide 0%,0;0.4;0.4_0;0;0_0;0;0_-100;2;5475_-100;2;5475_-100;2;5475,21.2328767123288,Incidence,9.49564084079009e-06
NbyGQVwzFc_loc12_loop6,12,ITN 0%/IRS 0%/Larvicide 0%,0;0.4;0.4_0;0;0_0;0;0_-100;2;5475_-100;2;5475_-100;2;5475,21.2356164383562,Incidence,9.52283202035273e-06
NbyGQVwzFc_loc12_loop6,12,ITN 0%/IRS 0%/Larvicide 0%,0;0.4;0.4_0;0;0_0;0;0_-100;2;5475_-100;2;5475_-100;2;5475,21.2383561643836,Incidence,9.54999578600942e-06
NbyGQVwzFc_loc12_loop6,12,ITN 0%/IRS 0%/Larvicide 0%,0;0.4;0.4_0;0;0_0;0;0_-100;2;5475_-100;2;5475_-100;2;5475,21.241095890411,Incidence,9.57713923444915e-06
NbyGQVwzFc_loc12_loop6,12,ITN 0%/IRS 0%/Larvicide 0%,0;0.4;0.4_0;0;0_0;0;0_-100;2;5475_-100;2;5475_-100;2;5475,21.2438356164384,Incidence,9.60426952330793e-06
NbyGQVwzFc_loc12_loop6,12,ITN 0%/IRS 0%/Larvicide 0%,0;0.4;0.4_0;0;0_0;0;0_-100;2;5475_-100;2;5475_-100;2;5475,21.2465753424658,Incidence,9.63139378349273e-06
NbyGQVwzFc_loc12_loop6,12,ITN 0%/IRS 0%/Larvicide 0%,0;0.4;0.4_0;0;0_0;0;0_-100;2;5475_-100;2;5475_-100;2;5475,21.2493150684932,Incidence,9.65851904375442e-06
NbyGQVwzFc_loc12_loop6,12,ITN 0%/IRS 0%/Larvicide 0%,0;0.4;0.4_0;0;0_0;0;0_-100;2;5475_-100;2;5475_-100;2;5475,21.2520547945205,Incidence,9.68565217418513e-06
NbyGQVwzFc_loc12_loop6,12,ITN 0%/IRS 0%/Larvicide 0%,0;0.4;0.4_0;0;0_0;0;0_-100;2;5475_-100;2;5475_-100;2;5475,21.2547945205479,Incidence,9.71279984349569e-06
NbyGQVwzFc_loc12_loop6,12,ITN 0%/IRS 0%/Larvicide 0%,0;0.4;0.4_0;0;0_0;0;0_-100;2;5475_-100;2;5475_-100;2;5475,21.2575342465753,Incidence,9.73996848656184e-06
NbyGQVwzFc_loc12_loop6,12,ITN 0%/IRS 0%/Larvicide 0%,0;0.4;0.4_0;0;0_0;0;0_-100;2;5475_-100;2;5475_-100;2;5475,21.2602739726027,Incidence,9.76716428108565e-06
NbyGQVwzFc_loc12_loop6,12,ITN 0%/IRS 0%/Larvicide 0%,0;0.4;0.4_0;0;0_0;0;0_-100;2;5475_-100;2;5475_-100;2;5475,21.2630136986301,Incidence,9.79439313182841e-06
NbyGQVwzFc_loc12_loop6,12,ITN 0%/IRS 0%/Larvicide 0%,0;0.4;0.4_0;0;0_0;0;0_-100;2;5475_-100;2;5475_-100;2;5475,21.2657534246575,Incidence,9.82166066109735e-06
NbyGQVwzFc_loc12_loop6,12,ITN 0%/IRS 0%/Larvicide 0%,0;0.4;0.4_0;0;0_0;0;0_-100;2;5475_-100;2;5475_-100;2;5475,21.2684931506849,Incidence,9.84897220433175e-06
NbyGQVwzFc_loc12_loop6,12,ITN 0%/IRS 0%/Larvicide 0%,0;0.4;0.4_0;0;0_0;0;0_-100;2;5475_-100;2;5475_-100;2;5475,21.2712328767123,Incidence,9.87633280471573e-06
NbyGQVwzFc_loc12_loop6,12,ITN 0%/IRS 0%/Larvicide 0%,0;0.4;0.4_0;0;0_0;0;0_-100;2;5475_-100;2;5475_-100;2;5475,21.2739726027397,Incidence,9.90374718279395e-06
NbyGQVwzFc_loc12_loop6,12,ITN 0%/IRS 0%/Larvicide 0%,0;0.4;0.4_0;0;0_0;0;0_-100;2;5475_-100;2;5475_-100;2;5475,21.2767123287671,Incidence,9.93121969563489e-06
NbyGQVwzFc_loc12_loop6,12,ITN 0%/IRS 0%/Larvicide 0%,0;0.4;0.4_0;0;0_0;0;0_-100;2;5475_-100;2;5475_-100;2;5475,21.2794520547945,Incidence,9.95875431311246e-06
NbyGQVwzFc_loc12_loop6,12,ITN 0%/IRS 0%/Larvicide 0%,0;0.4;0.4_0;0;0_0;0;0_-100;2;5475_-100;2;5475_-100;2;5475,21.2821917808219,Incidence,9.98635461012925e-06
NbyGQVwzFc_loc12_loop6,12,ITN 0%/IRS 0%/Larvicide 0%,0;0.4;0.4_0;0;0_0;0;0_-100;2;5475_-100;2;5475_-100;2;5475,21.2849315068493,Incidence,1.00140237706443e-05
NbyGQVwzFc_loc12_loop6,12,ITN 0%/IRS 0%/Larvicide 0%,0;0.4;0.4_0;0;0_0;0;0_-100;2;5475_-100;2;5475_-100;2;5475,21.2876712328767,Incidence,1.00417646015984e-05
NbyGQVwzFc_loc12_loop6,12,ITN 0%/IRS 0%/Larvicide 0%,0;0.4;0.4_0;0;0_0;0;0_-100;2;5475_-100;2;5475_-100;2;5475,21.2904109589041,Incidence,1.00695795521855e-05
NbyGQVwzFc_loc12_loop6,12,ITN 0%/IRS 0%/Larvicide 0%,0;0.4;0.4_0;0;0_0;0;0_-100;2;5475_-100;2;5475_-100;2;5475,21.2931506849315,Incidence,1.00974707326688e-05
NbyGQVwzFc_loc12_loop6,12,ITN 0%/IRS 0%/Larvicide 0%,0;0.4;0.4_0;0;0_0;0;0_-100;2;5475_-100;2;5475_-100;2;5475,21.2958904109589,Incidence,1.01254399410648e-05
NbyGQVwzFc_loc12_loop6,12,ITN 0%/IRS 0%/Larvicide 0%,0;0.4;0.4_0;0;0_0;0;0_-100;2;5475_-100;2;5475_-100;2;5475,21.2986301369863,Incidence,1.01534886895397e-05
NbyGQVwzFc_loc12_loop6,12,ITN 0%/IRS 0%/Larvicide 0%,0;0.4;0.4_0;0;0_0;0;0_-100;2;5475_-100;2;5475_-100;2;5475,21.3013698630137,Incidence,1.01816182311713e-05
NbyGQVwzFc_loc12_loop6,12,ITN 0%/IRS 0%/Larvicide 0%,0;0.4;0.4_0;0;0_0;0;0_-100;2;5475_-100;2;5475_-100;2;5475,21.3041095890411,Incidence,1.02098295864551e-05
NbyGQVwzFc_loc12_loop6,12,ITN 0%/IRS 0%/Larvicide 0%,0;0.4;0.4_0;0;0_0;0;0_-100;2;5475_-100;2;5475_-100;2;5475,21.3068493150685,Incidence,1.02381235690061e-05
NbyGQVwzFc_loc12_loop6,12,ITN 0%/IRS 0%/Larvicide 0%,0;0.4;0.4_0;0;0_0;0;0_-100;2;5475_-100;2;5475_-100;2;5475,21.3095890410959,Incidence,1.02665008100022e-05
NbyGQVwzFc_loc12_loop6,12,ITN 0%/IRS 0%/Larvicide 0%,0;0.4;0.4_0;0;0_0;0;0_-100;2;5475_-100;2;5475_-100;2;5475,21.3123287671233,Incidence,1.02949617811309e-05
NbyGQVwzFc_loc12_loop6,12,ITN 0%/IRS 0%/Larvicide 0%,0;0.4;0.4_0;0;0_0;0;0_-100;2;5475_-100;2;5475_-100;2;5475,21.3150684931507,Incidence,1.03235068159467e-05
NbyGQVwzFc_loc12_loop6,12,ITN 0%/IRS 0%/Larvicide 0%,0;0.4;0.4_0;0;0_0;0;0_-100;2;5475_-100;2;5475_-100;2;5475,21.3178082191781,Incidence,1.03521361296004e-05
NbyGQVwzFc_loc12_loop6,12,ITN 0%/IRS 0%/Larvicide 0%,0;0.4;0.4_0;0;0_0;0;0_-100;2;5475_-100;2;5475_-100;2;5475,21.3205479452055,Incidence,1.03808498369469e-05
NbyGQVwzFc_loc12_loop6,12,ITN 0%/IRS 0%/Larvicide 0%,0;0.4;0.4_0;0;0_0;0;0_-100;2;5475_-100;2;5475_-100;2;5475,21.3232876712329,Incidence,1.04096479690631e-05
NbyGQVwzFc_loc12_loop6,12,ITN 0%/IRS 0%/Larvicide 0%,0;0.4;0.4_0;0;0_0;0;0_-100;2;5475_-100;2;5475_-100;2;5475,21.3260273972603,Incidence,1.04385304882341e-05
NbyGQVwzFc_loc12_loop6,12,ITN 0%/IRS 0%/Larvicide 0%,0;0.4;0.4_0;0;0_0;0;0_-100;2;5475_-100;2;5475_-100;2;5475,21.3287671232877,Incidence,1.04674973014896e-05
NbyGQVwzFc_loc12_loop6,12,ITN 0%/IRS 0%/Larvicide 0%,0;0.4;0.4_0;0;0_0;0;0_-100;2;5475_-100;2;5475_-100;2;5475,21.3315068493151,Incidence,1.04965482750609e-05
NbyGQVwzFc_loc12_loop6,12,ITN 0%/IRS 0%/Larvicide 0%,0;0.4;0.4_0;0;0_0;0;0_-100;2;5475_-100;2;5475_-100;2;5475,21.3342465753425,Incidence,1.05256832432396e-05
NbyGQVwzFc_loc12_loop6,12,ITN 0%/IRS 0%/Larvicide 0%,0;0.4;0.4_0;0;0_0;0;0_-100;2;5475_-100;2;5475_-100;2;5475,21.3369863013699,Incidence,1.05549020162666e-05
NbyGQVwzFc_loc12_loop6,12,ITN 0%/IRS 0%/Larvicide 0%,0;0.4;0.4_0;0;0_0;0;0_-100;2;5475_-100;2;5475_-100;2;5475,21.3397260273973,Incidence,1.05842043899643e-05
NbyGQVwzFc_loc12_loop6,12,ITN 0%/IRS 0%/Larvicide 0%,0;0.4;0.4_0;0;0_0;0;0_-100;2;5475_-100;2;5475_-100;2;5475,21.3424657534247,Incidence,1.06135901530548e-05
NbyGQVwzFc_loc12_loop6,12,ITN 0%/IRS 0%/Larvicide 0%,0;0.4;0.4_0;0;0_0;0;0_-100;2;5475_-100;2;5475_-100;2;5475,21.3452054794521,Incidence,1.06430590934872e-05
NbyGQVwzFc_loc12_loop6,12,ITN 0%/IRS 0%/Larvicide 0%,0;0.4;0.4_0;0;0_0;0;0_-100;2;5475_-100;2;5475_-100;2;5475,21.3479452054795,Incidence,1.0672611003861e-05
NbyGQVwzFc_loc12_loop6,12,ITN 0%/IRS 0%/Larvicide 0%,0;0.4;0.4_0;0;0_0;0;0_-100;2;5475_-100;2;5475_-100;2;5475,21.3506849315068,Incidence,1.07022456860296e-05
NbyGQVwzFc_loc12_loop6,12,ITN 0%/IRS 0%/Larvicide 0%,0;0.4;0.4_0;0;0_0;0;0_-100;2;5475_-100;2;5475_-100;2;5475,21.3534246575342,Incidence,1.07319629549615e-05
NbyGQVwzFc_loc12_loop6,12,ITN 0%/IRS 0%/Larvicide 0%,0;0.4;0.4_0;0;0_0;0;0_-100;2;5475_-100;2;5475_-100;2;5475,21.3561643835616,Incidence,1.07617626419376e-05
NbyGQVwzFc_loc12_loop6,12,ITN 0%/IRS 0%/Larvicide 0%,0;0.4;0.4_0;0;0_0;0;0_-100;2;5475_-100;2;5475_-100;2;5475,21.358904109589,Incidence,1.07916445971532e-05
NbyGQVwzFc_loc12_loop6,12,ITN 0%/IRS 0%/Larvicide 0%,0;0.4;0.4_0;0;0_0;0;0_-100;2;5475_-100;2;5475_-100;2;5475,21.3616438356164,Incidence,1.08216086917902e-05
NbyGQVwzFc_loc12_loop6,12,ITN 0%/IRS 0%/Larvicide 0%,0;0.4;0.4_0;0;0_0;0;0_-100;2;5475_-100;2;5475_-100;2;5475,21.3643835616438,Incidence,1.0851654819605e-05
NbyGQVwzFc_loc12_loop6,12,ITN 0%/IRS 0%/Larvicide 0%,0;0.4;0.4_0;0;0_0;0;0_-100;2;5475_-100;2;5475_-100;2;5475,21.3671232876712,Incidence,1.0881782898051e-05
NbyGQVwzFc_loc12_loop6,12,ITN 0%/IRS 0%/Larvicide 0%,0;0.4;0.4_0;0;0_0;0;0_-100;2;5475_-100;2;5475_-100;2;5475,21.3698630136986,Incidence,1.0911992868962e-05
NbyGQVwzFc_loc12_loop6,12,ITN 0%/IRS 0%/Larvicide 0%,0;0.4;0.4_0;0;0_0;0;0_-100;2;5475_-100;2;5475_-100;2;5475,21.372602739726,Incidence,1.09422846988423e-05
NbyGQVwzFc_loc12_loop6,12,ITN 0%/IRS 0%/Larvicide 0%,0;0.4;0.4_0;0;0_0;0;0_-100;2;5475_-100;2;5475_-100;2;5475,21.3753424657534,Incidence,1.09726583810951e-05
NbyGQVwzFc_loc12_loop6,12,ITN 0%/IRS 0%/Larvicide 0%,0;0.4;0.4_0;0;0_0;0;0_-100;2;5475_-100;2;5475_-100;2;5475,21.3780821917808,Incidence,1.10031139336403e-05
NbyGQVwzFc_loc12_loop6,12,ITN 0%/IRS 0%/Larvicide 0%,0;0.4;0.4_0;0;0_0;0;0_-100;2;5475_-100;2;5475_-100;2;5475,21.3808219178082,Incidence,1.10336513965845e-05
NbyGQVwzFc_loc12_loop6,12,ITN 0%/IRS 0%/Larvicide 0%,0;0.4;0.4_0;0;0_0;0;0_-100;2;5475_-100;2;5475_-100;2;5475,21.3835616438356,Incidence,1.1064270832657e-05
NbyGQVwzFc_loc12_loop6,12,ITN 0%/IRS 0%/Larvicide 0%,0;0.4;0.4_0;0;0_0;0;0_-100;2;5475_-100;2;5475_-100;2;5475,21.386301369863,Incidence,1.10949723261678e-05
NbyGQVwzFc_loc12_loop6,12,ITN 0%/IRS 0%/Larvicide 0%,0;0.4;0.4_0;0;0_0;0;0_-100;2;5475_-100;2;5475_-100;2;5475,21.3890410958904,Incidence,1.11257559818353e-05
NbyGQVwzFc_loc12_loop6,12,ITN 0%/IRS 0%/Larvicide 0%,0;0.4;0.4_0;0;0_0;0;0_-100;2;5475_-100;2;5475_-100;2;5475,21.3917808219178,Incidence,1.11566219235221e-05
NbyGQVwzFc_loc12_loop6,12,ITN 0%/IRS 0%/Larvicide 0%,0;0.4;0.4_0;0;0_0;0;0_-100;2;5475_-100;2;5475_-100;2;5475,21.3945205479452,Incidence,1.11875702929104e-05
NbyGQVwzFc_loc12_loop6,12,ITN 0%/IRS 0%/Larvicide 0%,0;0.4;0.4_0;0;0_0;0;0_-100;2;5475_-100;2;5475_-100;2;5475,21.3972602739726,Incidence,1.12186012481463e-05
NbyGQVwzFc_loc12_loop6,12,ITN 0%/IRS 0%/Larvicide 0%,0;0.4;0.4_0;0;0_0;0;0_-100;2;5475_-100;2;5475_-100;2;5475,21.4,Incidence,1.1249714962476e-05
NbyGQVwzFc_loc12_loop6,12,ITN 0%/IRS 0%/Larvicide 0%,0;0.4;0.4_0;0;0_0;0;0_-100;2;5475_-100;2;5475_-100;2;5475,21.4027397260274,Incidence,1.12809116228964e-05
NbyGQVwzFc_loc12_loop6,12,ITN 0%/IRS 0%/Larvicide 0%,0;0.4;0.4_0;0;0_0;0;0_-100;2;5475_-100;2;5475_-100;2;5475,21.4054794520548,Incidence,1.13121914288337e-05
NbyGQVwzFc_loc12_loop6,12,ITN 0%/IRS 0%/Larvicide 0%,0;0.4;0.4_0;0;0_0;0;0_-100;2;5475_-100;2;5475_-100;2;5475,21.4082191780822,Incidence,1.13435545908665e-05
NbyGQVwzFc_loc12_loop6,12,ITN 0%/IRS 0%/Larvicide 0%,0;0.4;0.4_0;0;0_0;0;0_-100;2;5475_-100;2;5475_-100;2;5475,21.4109589041096,Incidence,1.13750013295007e-05
NbyGQVwzFc_loc12_loop6,12,ITN 0%/IRS 0%/Larvicide 0%,0;0.4;0.4_0;0;0_0;0;0_-100;2;5475_-100;2;5475_-100;2;5475,21.413698630137,Incidence,1.14065318740073e-05
NbyGQVwzFc_loc12_loop6,12,ITN 0%/IRS 0%/Larvicide 0%,0;0.4;0.4_0;0;0_0;0;0_-100;2;5475_-100;2;5475_-100;2;5475,21.4164383561644,Incidence,1.14381464613266e-05
NbyGQVwzFc_loc12_loop6,12,ITN 0%/IRS 0%/Larvicide 0%,0;0.4;0.4_0;0;0_0;0;0_-100;2;5475_-100;2;5475_-100;2;5475,21.4191780821918,Incidence,1.14698453363003e-05
NbyGQVwzFc_loc12_loop6,12,ITN 0%/IRS 0%/Larvicide 0%,0;0.4;0.4_0;0;0_0;0;0_-100;2;5475_-100;2;5475_-100;2;5475,21.4219178082192,Incidence,1.1501628751446e-05
NbyGQVwzFc_loc12_loop6,12,ITN 0%/IRS 0%/Larvicide 0%,0;0.4;0.4_0;0;0_0;0;0_-100;2;5475_-100;2;5475_-100;2;5475,21.4246575342466,Incidence,1.15334969621065e-05
NbyGQVwzFc_loc12_loop6,12,ITN 0%/IRS 0%/Larvicide 0%,0;0.4;0.4_0;0;0_0;0;0_-100;2;5475_-100;2;5475_-100;2;5475,21.427397260274,Incidence,1.15654502275362e-05
NbyGQVwzFc_loc12_loop6,12,ITN 0%/IRS 0%/Larvicide 0%,0;0.4;0.4_0;0;0_0;0;0_-100;2;5475_-100;2;5475_-100;2;5475,21.4301369863014,Incidence,1.1597488810243e-05
NbyGQVwzFc_loc12_loop6,12,ITN 0%/IRS 0%/Larvicide 0%,0;0.4;0.4_0;0;0_0;0;0_-100;2;5475_-100;2;5475_-100;2;5475,21.4328767123288,Incidence,1.16296129753302e-05
NbyGQVwzFc_loc12_loop6,12,ITN 0%/IRS 0%/Larvicide 0%,0;0.4;0.4_0;0;0_0;0;0_-100;2;5475_-100;2;5475_-100;2;5475,21.4356164383562,Incidence,1.16618229899075e-05
NbyGQVwzFc_loc12_loop6,12,ITN 0%/IRS 0%/Larvicide 0%,0;0.4;0.4_0;0;0_0;0;0_-100;2;5475_-100;2;5475_-100;2;5475,21.4383561643836,Incidence,1.16941191225681e-05
NbyGQVwzFc_loc12_loop6,12,ITN 0%/IRS 0%/Larvicide 0%,0;0.4;0.4_0;0;0_0;0;0_-100;2;5475_-100;2;5475_-100;2;5475,21.441095890411,Incidence,1.17265016429283e-05
NbyGQVwzFc_loc12_loop6,12,ITN 0%/IRS 0%/Larvicide 0%,0;0.4;0.4_0;0;0_0;0;0_-100;2;5475_-100;2;5475_-100;2;5475,21.4438356164384,Incidence,1.17589708212263e-05
NbyGQVwzFc_loc12_loop6,12,ITN 0%/IRS 0%/Larvicide 0%,0;0.4;0.4_0;0;0_0;0;0_-100;2;5475_-100;2;5475_-100;2;5475,21.4465753424658,Incidence,1.17915269279758e-05
NbyGQVwzFc_loc12_loop6,12,ITN 0%/IRS 0%/Larvicide 0%,0;0.4;0.4_0;0;0_0;0;0_-100;2;5475_-100;2;5475_-100;2;5475,21.4493150684932,Incidence,1.18241702336721e-05
NbyGQVwzFc_loc12_loop6,12,ITN 0%/IRS 0%/Larvicide 0%,0;0.4;0.4_0;0;0_0;0;0_-100;2;5475_-100;2;5475_-100;2;5475,21.4520547945206,Incidence,1.1856901008545e-05
NbyGQVwzFc_loc12_loop6,12,ITN 0%/IRS 0%/Larvicide 0%,0;0.4;0.4_0;0;0_0;0;0_-100;2;5475_-100;2;5475_-100;2;5475,21.4547945205479,Incidence,1.18897195223564e-05
NbyGQVwzFc_loc12_loop6,12,ITN 0%/IRS 0%/Larvicide 0%,0;0.4;0.4_0;0;0_0;0;0_-100;2;5475_-100;2;5475_-100;2;5475,21.4575342465753,Incidence,1.19226260442376e-05
NbyGQVwzFc_loc12_loop6,12,ITN 0%/IRS 0%/Larvicide 0%,0;0.4;0.4_0;0;0_0;0;0_-100;2;5475_-100;2;5475_-100;2;5475,21.4602739726027,Incidence,1.19556208425635e-05
NbyGQVwzFc_loc12_loop6,12,ITN 0%/IRS 0%/Larvicide 0%,0;0.4;0.4_0;0;0_0;0;0_-100;2;5475_-100;2;5475_-100;2;5475,21.4630136986301,Incidence,1.19887041849569e-05
NbyGQVwzFc_loc12_loop6,12,ITN 0%/IRS 0%/Larvicide 0%,0;0.4;0.4_0;0;0_0;0;0_-100;2;5475_-100;2;5475_-100;2;5475,21.4657534246575,Incidence,1.20218763408213e-05
NbyGQVwzFc_loc12_loop6,12,ITN 0%/IRS 0%/Larvicide 0%,0;0.4;0.4_0;0;0_0;0;0_-100;2;5475_-100;2;5475_-100;2;5475,21.4684931506849,Incidence,1.2055137577856e-05
NbyGQVwzFc_loc12_loop6,12,ITN 0%/IRS 0%/Larvicide 0%,0;0.4;0.4_0;0;0_0;0;0_-100;2;5475_-100;2;5475_-100;2;5475,21.4712328767123,Incidence,1.20884881617538e-05
NbyGQVwzFc_loc12_loop6,12,ITN 0%/IRS 0%/Larvicide 0%,0;0.4;0.4_0;0;0_0;0;0_-100;2;5475_-100;2;5475_-100;2;5475,21.4739726027397,Incidence,1.21219283572115e-05
NbyGQVwzFc_loc12_loop6,12,ITN 0%/IRS 0%/Larvicide 0%,0;0.4;0.4_0;0;0_0;0;0_-100;2;5475_-100;2;5475_-100;2;5475,21.4767123287671,Incidence,1.21554584279515e-05
NbyGQVwzFc_loc12_loop6,12,ITN 0%/IRS 0%/Larvicide 0%,0;0.4;0.4_0;0;0_0;0;0_-100;2;5475_-100;2;5475_-100;2;5475,21.4794520547945,Incidence,1.2189078636756e-05
NbyGQVwzFc_loc12_loop6,12,ITN 0%/IRS 0%/Larvicide 0%,0;0.4;0.4_0;0;0_0;0;0_-100;2;5475_-100;2;5475_-100;2;5475,21.4821917808219,Incidence,1.22227892455131e-05
NbyGQVwzFc_loc12_loop6,12,ITN 0%/IRS 0%/Larvicide 0%,0;0.4;0.4_0;0;0_0;0;0_-100;2;5475_-100;2;5475_-100;2;5475,21.4849315068493,Incidence,1.22565905152726e-05
NbyGQVwzFc_loc12_loop6,12,ITN 0%/IRS 0%/Larvicide 0%,0;0.4;0.4_0;0;0_0;0;0_-100;2;5475_-100;2;5475_-100;2;5475,21.4876712328767,Incidence,1.22904827063079e-05
NbyGQVwzFc_loc12_loop6,12,ITN 0%/IRS 0%/Larvicide 0%,0;0.4;0.4_0;0;0_0;0;0_-100;2;5475_-100;2;5475_-100;2;5475,21.4904109589041,Incidence,1.23244660781835e-05
NbyGQVwzFc_loc12_loop6,12,ITN 0%/IRS 0%/Larvicide 0%,0;0.4;0.4_0;0;0_0;0;0_-100;2;5475_-100;2;5475_-100;2;5475,21.4931506849315,Incidence,1.2358540889827e-05
NbyGQVwzFc_loc12_loop6,12,ITN 0%/IRS 0%/Larvicide 0%,0;0.4;0.4_0;0;0_0;0;0_-100;2;5475_-100;2;5475_-100;2;5475,21.4958904109589,Incidence,1.23927073996012e-05
NbyGQVwzFc_loc12_loop6,12,ITN 0%/IRS 0%/Larvicide 0%,0;0.4;0.4_0;0;0_0;0;0_-100;2;5475_-100;2;5475_-100;2;5475,21.4986301369863,Incidence,1.24269658653797e-05
NbyGQVwzFc_loc12_loop6,12,ITN 0%/IRS 0%/Larvicide 0%,0;0.4;0.4_0;0;0_0;0;0_-100;2;5475_-100;2;5475_-100;2;5475,21.5013698630137,Incidence,1.24613165446197e-05
NbyGQVwzFc_loc12_loop6,12,ITN 0%/IRS 0%/Larvicide 0%,0;0.4;0.4_0;0;0_0;0;0_-100;2;5475_-100;2;5475_-100;2;5475,21.5041095890411,Incidence,1.24957596944359e-05
NbyGQVwzFc_loc12_loop6,12,ITN 0%/IRS 0%/Larvicide 0%,0;0.4;0.4_0;0;0_0;0;0_-100;2;5475_-100;2;5475_-100;2;5475,21.5068493150685,Incidence,1.25302955716711e-05
NbyGQVwzFc_loc12_loop6,12,ITN 0%/IRS 0%/Larvicide 0%,0;0.4;0.4_0;0;0_0;0;0_-100;2;5475_-100;2;5475_-100;2;5475,21.5095890410959,Incidence,1.25649244332098e-05
NbyGQVwzFc_loc12_loop6,12,ITN 0%/IRS 0%/Larvicide 0%,0;0.4;0.4_0;0;0_0;0;0_-100;2;5475_-100;2;5475_-100;2;5475,21.5123287671233,Incidence,1.25996465386074e-05
NbyGQVwzFc_loc12_loop6,12,ITN 0%/IRS 0%/Larvicide 0%,0;0.4;0.4_0;0;0_0;0;0_-100;2;5475_-100;2;5475_-100;2;5475,21.5150684931507,Incidence,1.2634462145879e-05
NbyGQVwzFc_loc12_loop6,12,ITN 0%/IRS 0%/Larvicide 0%,0;0.4;0.4_0;0;0_0;0;0_-100;2;5475_-100;2;5475_-100;2;5475,21.5178082191781,Incidence,1.26693715122663e-05
NbyGQVwzFc_loc12_loop6,12,ITN 0%/IRS 0%/Larvicide 0%,0;0.4;0.4_0;0;0_0;0;0_-100;2;5475_-100;2;5475_-100;2;5475,21.5205479452055,Incidence,1.27043748950159e-05
NbyGQVwzFc_loc12_loop6,12,ITN 0%/IRS 0%/Larvicide 0%,0;0.4;0.4_0;0;0_0;0;0_-100;2;5475_-100;2;5475_-100;2;5475,21.5232876712329,Incidence,1.27394725514299e-05
NbyGQVwzFc_loc12_loop6,12,ITN 0%/IRS 0%/Larvicide 0%,0;0.4;0.4_0;0;0_0;0;0_-100;2;5475_-100;2;5475_-100;2;5475,21.5260273972603,Incidence,1.27746647389127e-05
NbyGQVwzFc_loc12_loop6,12,ITN 0%/IRS 0%/Larvicide 0%,0;0.4;0.4_0;0;0_0;0;0_-100;2;5475_-100;2;5475_-100;2;5475,21.5287671232877,Incidence,1.28099517150143e-05
NbyGQVwzFc_loc12_loop6,12,ITN 0%/IRS 0%/Larvicide 0%,0;0.4;0.4_0;0;0_0;0;0_-100;2;5475_-100;2;5475_-100;2;5475,21.5315068493151,Incidence,1.28453337374688e-05
NbyGQVwzFc_loc12_loop6,12,ITN 0%/IRS 0%/Larvicide 0%,0;0.4;0.4_0;0;0_0;0;0_-100;2;5475_-100;2;5475_-100;2;5475,21.5342465753425,Incidence,1.28808110642297e-05
NbyGQVwzFc_loc12_loop6,12,ITN 0%/IRS 0%/Larvicide 0%,0;0.4;0.4_0;0;0_0;0;0_-100;2;5475_-100;2;5475_-100;2;5475,21.5369863013699,Incidence,1.29163839535018e-05
NbyGQVwzFc_loc12_loop6,12,ITN 0%/IRS 0%/Larvicide 0%,0;0.4;0.4_0;0;0_0;0;0_-100;2;5475_-100;2;5475_-100;2;5475,21.5397260273973,Incidence,1.29520526637689e-05
NbyGQVwzFc_loc12_loop6,12,ITN 0%/IRS 0%/Larvicide 0%,0;0.4;0.4_0;0;0_0;0;0_-100;2;5475_-100;2;5475_-100;2;5475,21.5424657534247,Incidence,1.29878174538184e-05
NbyGQVwzFc_loc12_loop6,12,ITN 0%/IRS 0%/Larvicide 0%,0;0.4;0.4_0;0;0_0;0;0_-100;2;5475_-100;2;5475_-100;2;5475,21.5452054794521,Incidence,1.30236785827633e-05
NbyGQVwzFc_loc12_loop6,12,ITN 0%/IRS 0%/Larvicide 0%,0;0.4;0.4_0;0;0_0;0;0_-100;2;5475_-100;2;5475_-100;2;5475,21.5479452054795,Incidence,1.30596363100607e-05
NbyGQVwzFc_loc12_loop6,12,ITN 0%/IRS 0%/Larvicide 0%,0;0.4;0.4_0;0;0_0;0;0_-100;2;5475_-100;2;5475_-100;2;5475,21.5506849315069,Incidence,1.30956908955276e-05
NbyGQVwzFc_loc12_loop6,12,ITN 0%/IRS 0%/Larvicide 0%,0;0.4;0.4_0;0;0_0;0;0_-100;2;5475_-100;2;5475_-100;2;5475,21.5534246575342,Incidence,1.31318425993549e-05
NbyGQVwzFc_loc12_loop6,12,ITN 0%/IRS 0%/Larvicide 0%,0;0.4;0.4_0;0;0_0;0;0_-100;2;5475_-100;2;5475_-100;2;5475,21.5561643835616,Incidence,1.31680916821773e-05
NbyGQVwzFc_loc12_loop6,12,ITN 0%/IRS 0%/Larvicide 0%,0;0.4;0.4_0;0;0_0;0;0_-100;2;5475_-100;2;5475_-100;2;5475,21.558904109589,Incidence,1.32044384075758e-05
NbyGQVwzFc_loc12_loop6,12,ITN 0%/IRS 0%/Larvicide 0%,0;0.4;0.4_0;0;0_0;0;0_-100;2;5475_-100;2;5475_-100;2;5475,21.5616438356164,Incidence,1.32408830388301e-05
NbyGQVwzFc_loc12_loop6,12,ITN 0%/IRS 0%/Larvicide 0%,0;0.4;0.4_0;0;0_0;0;0_-100;2;5475_-100;2;5475_-100;2;5475,21.5643835616438,Incidence,1.32774258383922e-05
NbyGQVwzFc_loc12_loop6,12,ITN 0%/IRS 0%/Larvicide 0%,0;0.4;0.4_0;0;0_0;0;0_-100;2;5475_-100;2;5475_-100;2;5475,21.5671232876712,Incidence,1.33140670690912e-05
NbyGQVwzFc_loc12_loop6,12,ITN 0%/IRS 0%/Larvicide 0%,0;0.4;0.4_0;0;0_0;0;0_-100;2;5475_-100;2;5475_-100;2;5475,21.5698630136986,Incidence,1.33508069941367e-05
NbyGQVwzFc_loc12_loop6,12,ITN 0%/IRS 0%/Larvicide 0%,0;0.4;0.4_0;0;0_0;0;0_-100;2;5475_-100;2;5475_-100;2;5475,21.572602739726,Incidence,1.33876458771198e-05
NbyGQVwzFc_loc12_loop6,12,ITN 0%/IRS 0%/Larvicide 0%,0;0.4;0.4_0;0;0_0;0;0_-100;2;5475_-100;2;5475_-100;2;5475,21.5753424657534,Incidence,1.34245839820147e-05
NbyGQVwzFc_loc12_loop6,12,ITN 0%/IRS 0%/Larvicide 0%,0;0.4;0.4_0;0;0_0;0;0_-100;2;5475_-100;2;5475_-100;2;5475,21.5780821917808,Incidence,1.3461621573178e-05
NbyGQVwzFc_loc12_loop6,12,ITN 0%/IRS 0%/Larvicide 0%,0;0.4;0.4_0;0;0_0;0;0_-100;2;5475_-100;2;5475_-100;2;5475,21.5808219178082,Incidence,1.34987589153489e-05
NbyGQVwzFc_loc12_loop6,12,ITN 0%/IRS 0%/Larvicide 0%,0;0.4;0.4_0;0;0_0;0;0_-100;2;5475_-100;2;5475_-100;2;5475,21.5835616438356,Incidence,1.35359962736472e-05
NbyGQVwzFc_loc12_loop6,12,ITN 0%/IRS 0%/Larvicide 0%,0;0.4;0.4_0;0;0_0;0;0_-100;2;5475_-100;2;5475_-100;2;5475,21.586301369863,Incidence,1.35733339135727e-05
NbyGQVwzFc_loc12_loop6,12,ITN 0%/IRS 0%/Larvicide 0%,0;0.4;0.4_0;0;0_0;0;0_-100;2;5475_-100;2;5475_-100;2;5475,21.5890410958904,Incidence,1.36107721010027e-05
NbyGQVwzFc_loc12_loop6,12,ITN 0%/IRS 0%/Larvicide 0%,0;0.4;0.4_0;0;0_0;0;0_-100;2;5475_-100;2;5475_-100;2;5475,21.5917808219178,Incidence,1.36483111021906e-05
NbyGQVwzFc_loc12_loop6,12,ITN 0%/IRS 0%/Larvicide 0%,0;0.4;0.4_0;0;0_0;0;0_-100;2;5475_-100;2;5475_-100;2;5475,21.5945205479452,Incidence,1.36859511837632e-05
NbyGQVwzFc_loc12_loop6,12,ITN 0%/IRS 0%/Larvicide 0%,0;0.4;0.4_0;0;0_0;0;0_-100;2;5475_-100;2;5475_-100;2;5475,21.5972602739726,Incidence,1.3723692612719e-05
NbyGQVwzFc_loc12_loop6,12,ITN 0%/IRS 0%/Larvicide 0%,0;0.4;0.4_0;0;0_0;0;0_-100;2;5475_-100;2;5475_-100;2;5475,21.6,Incidence,1.37615356564257e-05
NbyGQVwzFc_loc12_loop6,12,ITN 0%/IRS 0%/Larvicide 0%,0;0.4;0.4_0;0;0_0;0;0_-100;2;5475_-100;2;5475_-100;2;5475,21.6027397260274,Incidence,1.37994805826184e-05
NbyGQVwzFc_loc12_loop6,12,ITN 0%/IRS 0%/Larvicide 0%,0;0.4;0.4_0;0;0_0;0;0_-100;2;5475_-100;2;5475_-100;2;5475,21.6054794520548,Incidence,1.38375276602748e-05
NbyGQVwzFc_loc12_loop6,12,ITN 0%/IRS 0%/Larvicide 0%,0;0.4;0.4_0;0;0_0;0;0_-100;2;5475_-100;2;5475_-100;2;5475,21.6082191780822,Incidence,1.38756771609282e-05
NbyGQVwzFc_loc12_loop6,12,ITN 0%/IRS 0%/Larvicide 0%,0;0.4;0.4_0;0;0_0;0;0_-100;2;5475_-100;2;5475_-100;2;5475,21.6109589041096,Incidence,1.39139293541344e-05
NbyGQVwzFc_loc12_loop6,12,ITN 0%/IRS 0%/Larvicide 0%,0;0.4;0.4_0;0;0_0;0;0_-100;2;5475_-100;2;5475_-100;2;5475,21.613698630137,Incidence,1.39522845095736e-05
NbyGQVwzFc_loc12_loop6,12,ITN 0%/IRS 0%/Larvicide 0%,0;0.4;0.4_0;0;0_0;0;0_-100;2;5475_-100;2;5475_-100;2;5475,21.6164383561644,Incidence,1.39907428972503e-05
NbyGQVwzFc_loc12_loop6,12,ITN 0%/IRS 0%/Larvicide 0%,0;0.4;0.4_0;0;0_0;0;0_-100;2;5475_-100;2;5475_-100;2;5475,21.6191780821918,Incidence,1.40293047874922e-05
NbyGQVwzFc_loc12_loop6,12,ITN 0%/IRS 0%/Larvicide 0%,0;0.4;0.4_0;0;0_0;0;0_-100;2;5475_-100;2;5475_-100;2;5475,21.6219178082192,Incidence,1.4067970450949e-05
NbyGQVwzFc_loc12_loop6,12,ITN 0%/IRS 0%/Larvicide 0%,0;0.4;0.4_0;0;0_0;0;0_-100;2;5475_-100;2;5475_-100;2;5475,21.6246575342466,Incidence,1.41067401585914e-05
NbyGQVwzFc_loc12_loop6,12,ITN 0%/IRS 0%/Larvicide 0%,0;0.4;0.4_0;0;0_0;0;0_-100;2;5475_-100;2;5475_-100;2;5475,21.627397260274,Incidence,1.41456141817108e-05
NbyGQVwzFc_loc12_loop6,12,ITN 0%/IRS 0%/Larvicide 0%,0;0.4;0.4_0;0;0_0;0;0_-100;2;5475_-100;2;5475_-100;2;5475,21.6301369863014,Incidence,1.41845927919184e-05
NbyGQVwzFc_loc12_loop6,12,ITN 0%/IRS 0%/Larvicide 0%,0;0.4;0.4_0;0;0_0;0;0_-100;2;5475_-100;2;5475_-100;2;5475,21.6328767123288,Incidence,1.42236762611452e-05
NbyGQVwzFc_loc12_loop6,12,ITN 0%/IRS 0%/Larvicide 0%,0;0.4;0.4_0;0;0_0;0;0_-100;2;5475_-100;2;5475_-100;2;5475,21.6356164383562,Incidence,1.42628648616419e-05
NbyGQVwzFc_loc12_loop6,12,ITN 0%/IRS 0%/Larvicide 0%,0;0.4;0.4_0;0;0_0;0;0_-100;2;5475_-100;2;5475_-100;2;5475,21.6383561643836,Incidence,1.43021588659794e-05
NbyGQVwzFc_loc12_loop6,12,ITN 0%/IRS 0%/Larvicide 0%,0;0.4;0.4_0;0;0_0;0;0_-100;2;5475_-100;2;5475_-100;2;5475,21.641095890411,Incidence,1.43415585470483e-05
NbyGQVwzFc_loc12_loop6,12,ITN 0%/IRS 0%/Larvicide 0%,0;0.4;0.4_0;0;0_0;0;0_-100;2;5475_-100;2;5475_-100;2;5475,21.6438356164384,Incidence,1.43810641780602e-05
NbyGQVwzFc_loc12_loop6,12,ITN 0%/IRS 0%/Larvicide 0%,0;0.4;0.4_0;0;0_0;0;0_-100;2;5475_-100;2;5475_-100;2;5475,21.6465753424658,Incidence,1.4420676032548e-05
NbyGQVwzFc_loc12_loop6,12,ITN 0%/IRS 0%/Larvicide 0%,0;0.4;0.4_0;0;0_0;0;0_-100;2;5475_-100;2;5475_-100;2;5475,21.6493150684932,Incidence,1.44603943843667e-05
NbyGQVwzFc_loc12_loop6,12,ITN 0%/IRS 0%/Larvicide 0%,0;0.4;0.4_0;0;0_0;0;0_-100;2;5475_-100;2;5475_-100;2;5475,21.6520547945205,Incidence,1.45002195076944e-05
NbyGQVwzFc_loc12_loop6,12,ITN 0%/IRS 0%/Larvicide 0%,0;0.4;0.4_0;0;0_0;0;0_-100;2;5475_-100;2;5475_-100;2;5475,21.6547945205479,Incidence,1.45401516783666e-05
NbyGQVwzFc_loc12_loop6,12,ITN 0%/IRS 0%/Larvicide 0%,0;0.4;0.4_0;0;0_0;0;0_-100;2;5475_-100;2;5475_-100;2;5475,21.6575342465753,Incidence,1.45801911739451e-05
NbyGQVwzFc_loc12_loop6,12,ITN 0%/IRS 0%/Larvicide 0%,0;0.4;0.4_0;0;0_0;0;0_-100;2;5475_-100;2;5475_-100;2;5475,21.6602739726027,Incidence,1.46203382700047e-05
NbyGQVwzFc_loc12_loop6,12,ITN 0%/IRS 0%/Larvicide 0%,0;0.4;0.4_0;0;0_0;0;0_-100;2;5475_-100;2;5475_-100;2;5475,21.6630136986301,Incidence,1.46605932423568e-05
NbyGQVwzFc_loc12_loop6,12,ITN 0%/IRS 0%/Larvicide 0%,0;0.4;0.4_0;0;0_0;0;0_-100;2;5475_-100;2;5475_-100;2;5475,21.6657534246575,Incidence,1.47009563671074e-05
NbyGQVwzFc_loc12_loop6,12,ITN 0%/IRS 0%/Larvicide 0%,0;0.4;0.4_0;0;0_0;0;0_-100;2;5475_-100;2;5475_-100;2;5475,21.6684931506849,Incidence,1.47414279206591e-05
NbyGQVwzFc_loc12_loop6,12,ITN 0%/IRS 0%/Larvicide 0%,0;0.4;0.4_0;0;0_0;0;0_-100;2;5475_-100;2;5475_-100;2;5475,21.6712328767123,Incidence,1.4782008179712e-05
NbyGQVwzFc_loc12_loop6,12,ITN 0%/IRS 0%/Larvicide 0%,0;0.4;0.4_0;0;0_0;0;0_-100;2;5475_-100;2;5475_-100;2;5475,21.6739726027397,Incidence,1.48226974212655e-05
NbyGQVwzFc_loc12_loop6,12,ITN 0%/IRS 0%/Larvicide 0%,0;0.4;0.4_0;0;0_0;0;0_-100;2;5475_-100;2;5475_-100;2;5475,21.6767123287671,Incidence,1.48634959226194e-05
NbyGQVwzFc_loc12_loop6,12,ITN 0%/IRS 0%/Larvicide 0%,0;0.4;0.4_0;0;0_0;0;0_-100;2;5475_-100;2;5475_-100;2;5475,21.6794520547945,Incidence,1.49044039613756e-05
NbyGQVwzFc_loc12_loop6,12,ITN 0%/IRS 0%/Larvicide 0%,0;0.4;0.4_0;0;0_0;0;0_-100;2;5475_-100;2;5475_-100;2;5475,21.6821917808219,Incidence,1.49454218154394e-05
NbyGQVwzFc_loc12_loop6,12,ITN 0%/IRS 0%/Larvicide 0%,0;0.4;0.4_0;0;0_0;0;0_-100;2;5475_-100;2;5475_-100;2;5475,21.6849315068493,Incidence,1.49865497630211e-05
NbyGQVwzFc_loc12_loop6,12,ITN 0%/IRS 0%/Larvicide 0%,0;0.4;0.4_0;0;0_0;0;0_-100;2;5475_-100;2;5475_-100;2;5475,21.6876712328767,Incidence,1.50277880826375e-05
NbyGQVwzFc_loc12_loop6,12,ITN 0%/IRS 0%/Larvicide 0%,0;0.4;0.4_0;0;0_0;0;0_-100;2;5475_-100;2;5475_-100;2;5475,21.6904109589041,Incidence,1.50691370531133e-05
NbyGQVwzFc_loc12_loop6,12,ITN 0%/IRS 0%/Larvicide 0%,0;0.4;0.4_0;0;0_0;0;0_-100;2;5475_-100;2;5475_-100;2;5475,21.6931506849315,Incidence,1.51105969535826e-05
NbyGQVwzFc_loc12_loop6,12,ITN 0%/IRS 0%/Larvicide 0%,0;0.4;0.4_0;0;0_0;0;0_-100;2;5475_-100;2;5475_-100;2;5475,21.6958904109589,Incidence,1.51521680634907e-05
NbyGQVwzFc_loc12_loop6,12,ITN 0%/IRS 0%/Larvicide 0%,0;0.4;0.4_0;0;0_0;0;0_-100;2;5475_-100;2;5475_-100;2;5475,21.6986301369863,Incidence,1.51938506625947e-05
NbyGQVwzFc_loc12_loop6,12,ITN 0%/IRS 0%/Larvicide 0%,0;0.4;0.4_0;0;0_0;0;0_-100;2;5475_-100;2;5475_-100;2;5475,21.7013698630137,Incidence,1.52356450309662e-05
NbyGQVwzFc_loc12_loop6,12,ITN 0%/IRS 0%/Larvicide 0%,0;0.4;0.4_0;0;0_0;0;0_-100;2;5475_-100;2;5475_-100;2;5475,21.7041095890411,Incidence,1.52775514497511e-05
NbyGQVwzFc_loc12_loop6,12,ITN 0%/IRS 0%/Larvicide 0%,0;0.4;0.4_0;0;0_0;0;0_-100;2;5475_-100;2;5475_-100;2;5475,21.7068493150685,Incidence,1.5319570202595e-05
NbyGQVwzFc_loc12_loop6,12,ITN 0%/IRS 0%/Larvicide 0%,0;0.4;0.4_0;0;0_0;0;0_-100;2;5475_-100;2;5475_-100;2;5475,21.7095890410959,Incidence,1.53617015709947e-05
NbyGQVwzFc_loc12_loop6,12,ITN 0%/IRS 0%/Larvicide 0%,0;0.4;0.4_0;0;0_0;0;0_-100;2;5475_-100;2;5475_-100;2;5475,21.7123287671233,Incidence,1.54039458364688e-05
NbyGQVwzFc_loc12_loop6,12,ITN 0%/IRS 0%/Larvicide 0%,0;0.4;0.4_0;0;0_0;0;0_-100;2;5475_-100;2;5475_-100;2;5475,21.7150684931507,Incidence,1.54463032808225e-05
NbyGQVwzFc_loc12_loop6,12,ITN 0%/IRS 0%/Larvicide 0%,0;0.4;0.4_0;0;0_0;0;0_-100;2;5475_-100;2;5475_-100;2;5475,21.7178082191781,Incidence,1.54887741861489e-05
NbyGQVwzFc_loc12_loop6,12,ITN 0%/IRS 0%/Larvicide 0%,0;0.4;0.4_0;0;0_0;0;0_-100;2;5475_-100;2;5475_-100;2;5475,21.7205479452055,Incidence,1.55313588348301e-05
NbyGQVwzFc_loc12_loop6,12,ITN 0%/IRS 0%/Larvicide 0%,0;0.4;0.4_0;0;0_0;0;0_-100;2;5475_-100;2;5475_-100;2;5475,21.7232876712329,Incidence,1.55740575095385e-05
NbyGQVwzFc_loc12_loop6,12,ITN 0%/IRS 0%/Larvicide 0%,0;0.4;0.4_0;0;0_0;0;0_-100;2;5475_-100;2;5475_-100;2;5475,21.7260273972603,Incidence,1.56168704932378e-05
NbyGQVwzFc_loc12_loop6,12,ITN 0%/IRS 0%/Larvicide 0%,0;0.4;0.4_0;0;0_0;0;0_-100;2;5475_-100;2;5475_-100;2;5475,21.7287671232877,Incidence,1.5659798069184e-05
NbyGQVwzFc_loc12_loop6,12,ITN 0%/IRS 0%/Larvicide 0%,0;0.4;0.4_0;0;0_0;0;0_-100;2;5475_-100;2;5475_-100;2;5475,21.7315068493151,Incidence,1.57028405209265e-05
NbyGQVwzFc_loc12_loop6,12,ITN 0%/IRS 0%/Larvicide 0%,0;0.4;0.4_0;0;0_0;0;0_-100;2;5475_-100;2;5475_-100;2;5475,21.7342465753425,Incidence,1.57459981323092e-05
NbyGQVwzFc_loc12_loop6,12,ITN 0%/IRS 0%/Larvicide 0%,0;0.4;0.4_0;0;0_0;0;0_-100;2;5475_-100;2;5475_-100;2;5475,21.7369863013699,Incidence,1.57892711874713e-05
NbyGQVwzFc_loc12_loop6,12,ITN 0%/IRS 0%/Larvicide 0%,0;0.4;0.4_0;0;0_0;0;0_-100;2;5475_-100;2;5475_-100;2;5475,21.7397260273973,Incidence,1.58326599708485e-05
NbyGQVwzFc_loc12_loop6,12,ITN 0%/IRS 0%/Larvicide 0%,0;0.4;0.4_0;0;0_0;0;0_-100;2;5475_-100;2;5475_-100;2;5475,21.7424657534247,Incidence,1.58761647671737e-05
NbyGQVwzFc_loc12_loop6,12,ITN 0%/IRS 0%/Larvicide 0%,0;0.4;0.4_0;0;0_0;0;0_-100;2;5475_-100;2;5475_-100;2;5475,21.7452054794521,Incidence,1.59197858614782e-05
NbyGQVwzFc_loc12_loop6,12,ITN 0%/IRS 0%/Larvicide 0%,0;0.4;0.4_0;0;0_0;0;0_-100;2;5475_-100;2;5475_-100;2;5475,21.7479452054795,Incidence,1.59635235390923e-05
NbyGQVwzFc_loc12_loop6,12,ITN 0%/IRS 0%/Larvicide 0%,0;0.4;0.4_0;0;0_0;0;0_-100;2;5475_-100;2;5475_-100;2;5475,21.7506849315069,Incidence,1.60073780856462e-05
NbyGQVwzFc_loc12_loop6,12,ITN 0%/IRS 0%/Larvicide 0%,0;0.4;0.4_0;0;0_0;0;0_-100;2;5475_-100;2;5475_-100;2;5475,21.7534246575342,Incidence,1.60513497870774e-05
NbyGQVwzFc_loc12_loop6,12,ITN 0%/IRS 0%/Larvicide 0%,0;0.4;0.4_0;0;0_0;0;0_-100;2;5475_-100;2;5475_-100;2;5475,21.7561643835616,Incidence,1.60954389317554e-05
NbyGQVwzFc_loc12_loop6,12,ITN 0%/IRS 0%/Larvicide 0%,0;0.4;0.4_0;0;0_0;0;0_-100;2;5475_-100;2;5475_-100;2;5475,21.758904109589,Incidence,1.61396458079766e-05
NbyGQVwzFc_loc12_loop6,12,ITN 0%/IRS 0%/Larvicide 0%,0;0.4;0.4_0;0;0_0;0;0_-100;2;5475_-100;2;5475_-100;2;5475,21.7616438356164,Incidence,1.61839707026208e-05
NbyGQVwzFc_loc12_loop6,12,ITN 0%/IRS 0%/Larvicide 0%,0;0.4;0.4_0;0;0_0;0;0_-100;2;5475_-100;2;5475_-100;2;5475,21.7643835616438,Incidence,1.62284139028381e-05
NbyGQVwzFc_loc12_loop6,12,ITN 0%/IRS 0%/Larvicide 0%,0;0.4;0.4_0;0;0_0;0;0_-100;2;5475_-100;2;5475_-100;2;5475,21.7671232876712,Incidence,1.62729756960494e-05
NbyGQVwzFc_loc12_loop6,12,ITN 0%/IRS 0%/Larvicide 0%,0;0.4;0.4_0;0;0_0;0;0_-100;2;5475_-100;2;5475_-100;2;5475,21.7698630136986,Incidence,1.63176563699473e-05
NbyGQVwzFc_loc12_loop6,12,ITN 0%/IRS 0%/Larvicide 0%,0;0.4;0.4_0;0;0_0;0;0_-100;2;5475_-100;2;5475_-100;2;5475,21.772602739726,Incidence,1.63624562124965e-05
NbyGQVwzFc_loc12_loop6,12,ITN 0%/IRS 0%/Larvicide 0%,0;0.4;0.4_0;0;0_0;0;0_-100;2;5475_-100;2;5475_-100;2;5475,21.7753424657534,Incidence,1.64073755119344e-05
NbyGQVwzFc_loc12_loop6,12,ITN 0%/IRS 0%/Larvicide 0%,0;0.4;0.4_0;0;0_0;0;0_-100;2;5475_-100;2;5475_-100;2;5475,21.7780821917808,Incidence,1.64524145567716e-05
NbyGQVwzFc_loc12_loop6,12,ITN 0%/IRS 0%/Larvicide 0%,0;0.4;0.4_0;0;0_0;0;0_-100;2;5475_-100;2;5475_-100;2;5475,21.7808219178082,Incidence,1.64975736357926e-05
NbyGQVwzFc_loc12_loop6,12,ITN 0%/IRS 0%/Larvicide 0%,0;0.4;0.4_0;0;0_0;0;0_-100;2;5475_-100;2;5475_-100;2;5475,21.7835616438356,Incidence,1.6542853038056e-05
NbyGQVwzFc_loc12_loop6,12,ITN 0%/IRS 0%/Larvicide 0%,0;0.4;0.4_0;0;0_0;0;0_-100;2;5475_-100;2;5475_-100;2;5475,21.786301369863,Incidence,1.65882530528954e-05
NbyGQVwzFc_loc12_loop6,12,ITN 0%/IRS 0%/Larvicide 0%,0;0.4;0.4_0;0;0_0;0;0_-100;2;5475_-100;2;5475_-100;2;5475,21.7890410958904,Incidence,1.66337739699194e-05
NbyGQVwzFc_loc12_loop6,12,ITN 0%/IRS 0%/Larvicide 0%,0;0.4;0.4_0;0;0_0;0;0_-100;2;5475_-100;2;5475_-100;2;5475,21.7917808219178,Incidence,1.66794160790124e-05
NbyGQVwzFc_loc12_loop6,12,ITN 0%/IRS 0%/Larvicide 0%,0;0.4;0.4_0;0;0_0;0;0_-100;2;5475_-100;2;5475_-100;2;5475,21.7945205479452,Incidence,1.67251796703351e-05
NbyGQVwzFc_loc12_loop6,12,ITN 0%/IRS 0%/Larvicide 0%,0;0.4;0.4_0;0;0_0;0;0_-100;2;5475_-100;2;5475_-100;2;5475,21.7972602739726,Incidence,1.67710650343243e-05
NbyGQVwzFc_loc12_loop6,12,ITN 0%/IRS 0%/Larvicide 0%,0;0.4;0.4_0;0;0_0;0;0_-100;2;5475_-100;2;5475_-100;2;5475,21.8,Incidence,1.68170724616941e-05
NbyGQVwzFc_loc12_loop6,12,ITN 0%/IRS 0%/Larvicide 0%,0;0.4;0.4_0;0;0_0;0;0_-100;2;5475_-100;2;5475_-100;2;5475,21.8027397260274,Incidence,1.6863202243436e-05
NbyGQVwzFc_loc12_loop6,12,ITN 0%/IRS 0%/Larvicide 0%,0;0.4;0.4_0;0;0_0;0;0_-100;2;5475_-100;2;5475_-100;2;5475,21.8054794520548,Incidence,1.69094546708379e-05
NbyGQVwzFc_loc12_loop6,12,ITN 0%/IRS 0%/Larvicide 0%,0;0.4;0.4_0;0;0_0;0;0_-100;2;5475_-100;2;5475_-100;2;5475,21.8082191780822,Incidence,1.69558300376903e-05
NbyGQVwzFc_loc12_loop6,12,ITN 0%/IRS 0%/Larvicide 0%,0;0.4;0.4_0;0;0_0;0;0_-100;2;5475_-100;2;5475_-100;2;5475,21.8109589041096,Incidence,1.70023286372939e-05
NbyGQVwzFc_loc12_loop6,12,ITN 0%/IRS 0%/Larvicide 0%,0;0.4;0.4_0;0;0_0;0;0_-100;2;5475_-100;2;5475_-100;2;5475,21.813698630137,Incidence,1.70489507616401e-05
NbyGQVwzFc_loc12_loop6,12,ITN 0%/IRS 0%/Larvicide 0%,0;0.4;0.4_0;0;0_0;0;0_-100;2;5475_-100;2;5475_-100;2;5475,21.8164383561644,Incidence,1.70956967029657e-05
NbyGQVwzFc_loc12_loop6,12,ITN 0%/IRS 0%/Larvicide 0%,0;0.4;0.4_0;0;0_0;0;0_-100;2;5475_-100;2;5475_-100;2;5475,21.8191780821918,Incidence,1.71425667537538e-05
NbyGQVwzFc_loc12_loop6,12,ITN 0%/IRS 0%/Larvicide 0%,0;0.4;0.4_0;0;0_0;0;0_-100;2;5475_-100;2;5475_-100;2;5475,21.8219178082192,Incidence,1.71895612067331e-05
NbyGQVwzFc_loc12_loop6,12,ITN 0%/IRS 0%/Larvicide 0%,0;0.4;0.4_0;0;0_0;0;0_-100;2;5475_-100;2;5475_-100;2;5475,21.8246575342466,Incidence,1.72366803548787e-05
NbyGQVwzFc_loc12_loop6,12,ITN 0%/IRS 0%/Larvicide 0%,0;0.4;0.4_0;0;0_0;0;0_-100;2;5475_-100;2;5475_-100;2;5475,21.827397260274,Incidence,1.72839244914121e-05
NbyGQVwzFc_loc12_loop6,12,ITN 0%/IRS 0%/Larvicide 0%,0;0.4;0.4_0;0;0_0;0;0_-100;2;5475_-100;2;5475_-100;2;5475,21.8301369863014,Incidence,1.7331293909801e-05
NbyGQVwzFc_loc12_loop6,12,ITN 0%/IRS 0%/Larvicide 0%,0;0.4;0.4_0;0;0_0;0;0_-100;2;5475_-100;2;5475_-100;2;5475,21.8328767123288,Incidence,1.73787889037598e-05
NbyGQVwzFc_loc12_loop6,12,ITN 0%/IRS 0%/Larvicide 0%,0;0.4;0.4_0;0;0_0;0;0_-100;2;5475_-100;2;5475_-100;2;5475,21.8356164383562,Incidence,1.74264097672493e-05
NbyGQVwzFc_loc12_loop6,12,ITN 0%/IRS 0%/Larvicide 0%,0;0.4;0.4_0;0;0_0;0;0_-100;2;5475_-100;2;5475_-100;2;5475,21.8383561643836,Incidence,1.74741567944771e-05
NbyGQVwzFc_loc12_loop6,12,ITN 0%/IRS 0%/Larvicide 0%,0;0.4;0.4_0;0;0_0;0;0_-100;2;5475_-100;2;5475_-100;2;5475,21.841095890411,Incidence,1.75220302798973e-05
NbyGQVwzFc_loc12_loop6,12,ITN 0%/IRS 0%/Larvicide 0%,0;0.4;0.4_0;0;0_0;0;0_-100;2;5475_-100;2;5475_-100;2;5475,21.8438356164384,Incidence,1.75700305182107e-05
NbyGQVwzFc_loc12_loop6,12,ITN 0%/IRS 0%/Larvicide 0%,0;0.4;0.4_0;0;0_0;0;0_-100;2;5475_-100;2;5475_-100;2;5475,21.8465753424658,Incidence,1.76181578043648e-05
NbyGQVwzFc_loc12_loop6,12,ITN 0%/IRS 0%/Larvicide 0%,0;0.4;0.4_0;0;0_0;0;0_-100;2;5475_-100;2;5475_-100;2;5475,21.8493150684932,Incidence,1.76664124335537e-05
NbyGQVwzFc_loc12_loop6,12,ITN 0%/IRS 0%/Larvicide 0%,0;0.4;0.4_0;0;0_0;0;0_-100;2;5475_-100;2;5475_-100;2;5475,21.8520547945205,Incidence,1.77147947012181e-05
NbyGQVwzFc_loc12_loop6,12,ITN 0%/IRS 0%/Larvicide 0%,0;0.4;0.4_0;0;0_0;0;0_-100;2;5475_-100;2;5475_-100;2;5475,21.8547945205479,Incidence,1.77633049030451e-05
NbyGQVwzFc_loc12_loop6,12,ITN 0%/IRS 0%/Larvicide 0%,0;0.4;0.4_0;0;0_0;0;0_-100;2;5475_-100;2;5475_-100;2;5475,21.8575342465753,Incidence,1.78119433349683e-05
NbyGQVwzFc_loc12_loop6,12,ITN 0%/IRS 0%/Larvicide 0%,0;0.4;0.4_0;0;0_0;0;0_-100;2;5475_-100;2;5475_-100;2;5475,21.8602739726027,Incidence,1.78607102941888e-05
NbyGQVwzFc_loc12_loop6,12,ITN 0%/IRS 0%/Larvicide 0%,0;0.4;0.4_0;0;0_0;0;0_-100;2;5475_-100;2;5475_-100;2;5475,21.8630136986301,Incidence,1.79096060796297e-05
NbyGQVwzFc_loc12_loop6,12,ITN 0%/IRS 0%/Larvicide 0%,0;0.4;0.4_0;0;0_0;0;0_-100;2;5475_-100;2;5475_-100;2;5475,21.8657534246575,Incidence,1.79586309878466e-05
NbyGQVwzFc_loc12_loop6,12,ITN 0%/IRS 0%/Larvicide 0%,0;0.4;0.4_0;0;0_0;0;0_-100;2;5475_-100;2;5475_-100;2;5475,21.8684931506849,Incidence,1.80077853154749e-05
NbyGQVwzFc_loc12_loop6,12,ITN 0%/IRS 0%/Larvicide 0%,0;0.4;0.4_0;0;0_0;0;0_-100;2;5475_-100;2;5475_-100;2;5475,21.8712328767123,Incidence,1.80570693593631e-05
NbyGQVwzFc_loc12_loop6,12,ITN 0%/IRS 0%/Larvicide 0%,0;0.4;0.4_0;0;0_0;0;0_-100;2;5475_-100;2;5475_-100;2;5475,21.8739726027397,Incidence,1.81064834165723e-05
NbyGQVwzFc_loc12_loop6,12,ITN 0%/IRS 0%/Larvicide 0%,0;0.4;0.4_0;0;0_0;0;0_-100;2;5475_-100;2;5475_-100;2;5475,21.8767123287671,Incidence,1.81560277843759e-05
NbyGQVwzFc_loc12_loop6,12,ITN 0%/IRS 0%/Larvicide 0%,0;0.4;0.4_0;0;0_0;0;0_-100;2;5475_-100;2;5475_-100;2;5475,21.8794520547945,Incidence,1.82057027602591e-05
NbyGQVwzFc_loc12_loop6,12,ITN 0%/IRS 0%/Larvicide 0%,0;0.4;0.4_0;0;0_0;0;0_-100;2;5475_-100;2;5475_-100;2;5475,21.8821917808219,Incidence,1.8255508641919e-05
NbyGQVwzFc_loc12_loop6,12,ITN 0%/IRS 0%/Larvicide 0%,0;0.4;0.4_0;0;0_0;0;0_-100;2;5475_-100;2;5475_-100;2;5475,21.8849315068493,Incidence,1.83054457272639e-05
NbyGQVwzFc_loc12_loop6,12,ITN 0%/IRS 0%/Larvicide 0%,0;0.4;0.4_0;0;0_0;0;0_-100;2;5475_-100;2;5475_-100;2;5475,21.8876712328767,Incidence,1.83555143144126e-05
NbyGQVwzFc_loc12_loop6,12,ITN 0%/IRS 0%/Larvicide 0%,0;0.4;0.4_0;0;0_0;0;0_-100;2;5475_-100;2;5475_-100;2;5475,21.8904109589041,Incidence,1.84057147016948e-05
NbyGQVwzFc_loc12_loop6,12,ITN 0%/IRS 0%/Larvicide 0%,0;0.4;0.4_0;0;0_0;0;0_-100;2;5475_-100;2;5475_-100;2;5475,21.8931506849315,Incidence,1.84560471876499e-05
NbyGQVwzFc_loc12_loop6,12,ITN 0%/IRS 0%/Larvicide 0%,0;0.4;0.4_0;0;0_0;0;0_-100;2;5475_-100;2;5475_-100;2;5475,21.8958904109589,Incidence,1.85065120710271e-05
NbyGQVwzFc_loc12_loop6,12,ITN 0%/IRS 0%/Larvicide 0%,0;0.4;0.4_0;0;0_0;0;0_-100;2;5475_-100;2;5475_-100;2;5475,21.8986301369863,Incidence,1.85571096507843e-05
NbyGQVwzFc_loc12_loop6,12,ITN 0%/IRS 0%/Larvicide 0%,0;0.4;0.4_0;0;0_0;0;0_-100;2;5475_-100;2;5475_-100;2;5475,21.9013698630137,Incidence,1.86078402260882e-05
NbyGQVwzFc_loc12_loop6,12,ITN 0%/IRS 0%/Larvicide 0%,0;0.4;0.4_0;0;0_0;0;0_-100;2;5475_-100;2;5475_-100;2;5475,21.9041095890411,Incidence,1.86587040963137e-05
NbyGQVwzFc_loc12_loop6,12,ITN 0%/IRS 0%/Larvicide 0%,0;0.4;0.4_0;0;0_0;0;0_-100;2;5475_-100;2;5475_-100;2;5475,21.9068493150685,Incidence,1.87097015610428e-05
NbyGQVwzFc_loc12_loop6,12,ITN 0%/IRS 0%/Larvicide 0%,0;0.4;0.4_0;0;0_0;0;0_-100;2;5475_-100;2;5475_-100;2;5475,21.9095890410959,Incidence,1.87608329200647e-05
NbyGQVwzFc_loc12_loop6,12,ITN 0%/IRS 0%/Larvicide 0%,0;0.4;0.4_0;0;0_0;0;0_-100;2;5475_-100;2;5475_-100;2;5475,21.9123287671233,Incidence,1.88120984733749e-05
NbyGQVwzFc_loc12_loop6,12,ITN 0%/IRS 0%/Larvicide 0%,0;0.4;0.4_0;0;0_0;0;0_-100;2;5475_-100;2;5475_-100;2;5475,21.9150684931507,Incidence,1.88634985228227e-05
NbyGQVwzFc_loc12_loop6,12,ITN 0%/IRS 0%/Larvicide 0%,0;0.4;0.4_0;0;0_0;0;0_-100;2;5475_-100;2;5475_-100;2;5475,21.9178082191781,Incidence,1.89150333706066e-05
NbyGQVwzFc_loc12_loop6,12,ITN 0%/IRS 0%/Larvicide 0%,0;0.4;0.4_0;0;0_0;0;0_-100;2;5475_-100;2;5475_-100;2;5475,21.9205479452055,Incidence,1.89667033169417e-05
NbyGQVwzFc_loc12_loop6,12,ITN 0%/IRS 0%/Larvicide 0%,0;0.4;0.4_0;0;0_0;0;0_-100;2;5475_-100;2;5475_-100;2;5475,21.9232876712329,Incidence,1.90185086622093e-05
NbyGQVwzFc_loc12_loop6,12,ITN 0%/IRS 0%/Larvicide 0%,0;0.4;0.4_0;0;0_0;0;0_-100;2;5475_-100;2;5475_-100;2;5475,21.9260273972603,Incidence,1.90704497069615e-05
NbyGQVwzFc_loc12_loop6,12,ITN 0%/IRS 0%/Larvicide 0%,0;0.4;0.4_0;0;0_0;0;0_-100;2;5475_-100;2;5475_-100;2;5475,21.9287671232877,Incidence,1.91225267519207e-05
NbyGQVwzFc_loc12_loop6,12,ITN 0%/IRS 0%/Larvicide 0%,0;0.4;0.4_0;0;0_0;0;0_-100;2;5475_-100;2;5475_-100;2;5475,21.9315068493151,Incidence,1.91747400979785e-05
NbyGQVwzFc_loc12_loop6,12,ITN 0%/IRS 0%/Larvicide 0%,0;0.4;0.4_0;0;0_0;0;0_-100;2;5475_-100;2;5475_-100;2;5475,21.9342465753425,Incidence,1.92270900461948e-05
NbyGQVwzFc_loc12_loop6,12,ITN 0%/IRS 0%/Larvicide 0%,0;0.4;0.4_0;0;0_0;0;0_-100;2;5475_-100;2;5475_-100;2;5475,21.9369863013699,Incidence,1.92795768977974e-05
NbyGQVwzFc_loc12_loop6,12,ITN 0%/IRS 0%/Larvicide 0%,0;0.4;0.4_0;0;0_0;0;0_-100;2;5475_-100;2;5475_-100;2;5475,21.9397260273973,Incidence,1.93322009541807e-05
NbyGQVwzFc_loc12_loop6,12,ITN 0%/IRS 0%/Larvicide 0%,0;0.4;0.4_0;0;0_0;0;0_-100;2;5475_-100;2;5475_-100;2;5475,21.9424657534247,Incidence,1.93849625169047e-05
NbyGQVwzFc_loc12_loop6,12,ITN 0%/IRS 0%/Larvicide 0%,0;0.4;0.4_0;0;0_0;0;0_-100;2;5475_-100;2;5475_-100;2;5475,21.9452054794521,Incidence,1.94378618876947e-05
NbyGQVwzFc_loc12_loop6,12,ITN 0%/IRS 0%/Larvicide 0%,0;0.4;0.4_0;0;0_0;0;0_-100;2;5475_-100;2;5475_-100;2;5475,21.9479452054795,Incidence,1.94908993684397e-05
NbyGQVwzFc_loc12_loop6,12,ITN 0%/IRS 0%/Larvicide 0%,0;0.4;0.4_0;0;0_0;0;0_-100;2;5475_-100;2;5475_-100;2;5475,21.9506849315069,Incidence,1.95440752611916e-05
NbyGQVwzFc_loc12_loop6,12,ITN 0%/IRS 0%/Larvicide 0%,0;0.4;0.4_0;0;0_0;0;0_-100;2;5475_-100;2;5475_-100;2;5475,21.9534246575342,Incidence,1.95973898681646e-05
NbyGQVwzFc_loc12_loop6,12,ITN 0%/IRS 0%/Larvicide 0%,0;0.4;0.4_0;0;0_0;0;0_-100;2;5475_-100;2;5475_-100;2;5475,21.9561643835616,Incidence,1.96508434917335e-05
NbyGQVwzFc_loc12_loop6,12,ITN 0%/IRS 0%/Larvicide 0%,0;0.4;0.4_0;0;0_0;0;0_-100;2;5475_-100;2;5475_-100;2;5475,21.958904109589,Incidence,1.97044364344333e-05
NbyGQVwzFc_loc12_loop6,12,ITN 0%/IRS 0%/Larvicide 0%,0;0.4;0.4_0;0;0_0;0;0_-100;2;5475_-100;2;5475_-100;2;5475,21.9616438356164,Incidence,1.97581689989577e-05
NbyGQVwzFc_loc12_loop6,12,ITN 0%/IRS 0%/Larvicide 0%,0;0.4;0.4_0;0;0_0;0;0_-100;2;5475_-100;2;5475_-100;2;5475,21.9643835616438,Incidence,1.98120414881583e-05
NbyGQVwzFc_loc12_loop6,12,ITN 0%/IRS 0%/Larvicide 0%,0;0.4;0.4_0;0;0_0;0;0_-100;2;5475_-100;2;5475_-100;2;5475,21.9671232876712,Incidence,1.9866054205043e-05
NbyGQVwzFc_loc12_loop6,12,ITN 0%/IRS 0%/Larvicide 0%,0;0.4;0.4_0;0;0_0;0;0_-100;2;5475_-100;2;5475_-100;2;5475,21.9698630136986,Incidence,1.99202074536863e-05
NbyGQVwzFc_loc12_loop6,12,ITN 0%/IRS 0%/Larvicide 0%,0;0.4;0.4_0;0;0_0;0;0_-100;2;5475_-100;2;5475_-100;2;5475,21.972602739726,Incidence,1.99745015397409e-05
NbyGQVwzFc_loc12_loop6,12,ITN 0%/IRS 0%/Larvicide 0%,0;0.4;0.4_0;0;0_0;0;0_-100;2;5475_-100;2;5475_-100;2;5475,21.9753424657534,Incidence,2.00289367663094e-05
NbyGQVwzFc_loc12_loop6,12,ITN 0%/IRS 0%/Larvicide 0%,0;0.4;0.4_0;0;0_0;0;0_-100;2;5475_-100;2;5475_-100;2;5475,21.9780821917808,Incidence,2.00835134364507e-05
NbyGQVwzFc_loc12_loop6,12,ITN 0%/IRS 0%/Larvicide 0%,0;0.4;0.4_0;0;0_0;0;0_-100;2;5475_-100;2;5475_-100;2;5475,21.9808219178082,Incidence,2.01382318533427e-05
NbyGQVwzFc_loc12_loop6,12,ITN 0%/IRS 0%/Larvicide 0%,0;0.4;0.4_0;0;0_0;0;0_-100;2;5475_-100;2;5475_-100;2;5475,21.9835616438356,Incidence,2.01930923202814e-05
NbyGQVwzFc_loc12_loop6,12,ITN 0%/IRS 0%/Larvicide 0%,0;0.4;0.4_0;0;0_0;0;0_-100;2;5475_-100;2;5475_-100;2;5475,21.986301369863,Incidence,2.02480951406795e-05
NbyGQVwzFc_loc12_loop6,12,ITN 0%/IRS 0%/Larvicide 0%,0;0.4;0.4_0;0;0_0;0;0_-100;2;5475_-100;2;5475_-100;2;5475,21.9890410958904,Incidence,2.03032406180651e-05
NbyGQVwzFc_loc12_loop6,12,ITN 0%/IRS 0%/Larvicide 0%,0;0.4;0.4_0;0;0_0;0;0_-100;2;5475_-100;2;5475_-100;2;5475,21.9917808219178,Incidence,2.03585290560801e-05
NbyGQVwzFc_loc12_loop6,12,ITN 0%/IRS 0%/Larvicide 0%,0;0.4;0.4_0;0;0_0;0;0_-100;2;5475_-100;2;5475_-100;2;5475,21.9945205479452,Incidence,2.04139607584791e-05
NbyGQVwzFc_loc12_loop6,12,ITN 0%/IRS 0%/Larvicide 0%,0;0.4;0.4_0;0;0_0;0;0_-100;2;5475_-100;2;5475_-100;2;5475,21.9972602739726,Incidence,2.04695360291278e-05
NbyGQVwzFc_loc12_loop6,12,ITN 0%/IRS 0%/Larvicide 0%,0;0.4;0.4_0;0;0_0;0;0_-100;2;5475_-100;2;5475_-100;2;5475,22,Incidence,2.05252551720013e-05
NbyGQVwzFc_loc12_loop6,12,ITN 0%/IRS 0%/Larvicide 0%,0;0.4;0.4_0;0;0_0;0;0_-100;2;5475_-100;2;5475_-100;2;5475,22.0027397260274,Incidence,2.05811184911832e-05
NbyGQVwzFc_loc12_loop6,12,ITN 0%/IRS 0%/Larvicide 0%,0;0.4;0.4_0;0;0_0;0;0_-100;2;5475_-100;2;5475_-100;2;5475,22.0054794520548,Incidence,2.06371262908637e-05
NbyGQVwzFc_loc12_loop6,12,ITN 0%/IRS 0%/Larvicide 0%,0;0.4;0.4_0;0;0_0;0;0_-100;2;5475_-100;2;5475_-100;2;5475,22.0082191780822,Incidence,2.06932788753381e-05
NbyGQVwzFc_loc12_loop6,12,ITN 0%/IRS 0%/Larvicide 0%,0;0.4;0.4_0;0;0_0;0;0_-100;2;5475_-100;2;5475_-100;2;5475,22.0109589041096,Incidence,2.07495765490052e-05
NbyGQVwzFc_loc12_loop6,12,ITN 0%/IRS 0%/Larvicide 0%,0;0.4;0.4_0;0;0_0;0;0_-100;2;5475_-100;2;5475_-100;2;5475,22.013698630137,Incidence,2.0806019616366e-05
NbyGQVwzFc_loc12_loop6,12,ITN 0%/IRS 0%/Larvicide 0%,0;0.4;0.4_0;0;0_0;0;0_-100;2;5475_-100;2;5475_-100;2;5475,22.0164383561644,Incidence,2.08626083820219e-05
NbyGQVwzFc_loc12_loop6,12,ITN 0%/IRS 0%/Larvicide 0%,0;0.4;0.4_0;0;0_0;0;0_-100;2;5475_-100;2;5475_-100;2;5475,22.0191780821918,Incidence,2.09193431506729e-05
NbyGQVwzFc_loc12_loop6,12,ITN 0%/IRS 0%/Larvicide 0%,0;0.4;0.4_0;0;0_0;0;0_-100;2;5475_-100;2;5475_-100;2;5475,22.0219178082192,Incidence,2.09762242271165e-05
NbyGQVwzFc_loc12_loop6,12,ITN 0%/IRS 0%/Larvicide 0%,0;0.4;0.4_0;0;0_0;0;0_-100;2;5475_-100;2;5475_-100;2;5475,22.0246575342466,Incidence,2.10332519162452e-05
NbyGQVwzFc_loc12_loop6,12,ITN 0%/IRS 0%/Larvicide 0%,0;0.4;0.4_0;0;0_0;0;0_-100;2;5475_-100;2;5475_-100;2;5475,22.027397260274,Incidence,2.10904265247829e-05
NbyGQVwzFc_loc12_loop6,12,ITN 0%/IRS 0%/Larvicide 0%,0;0.4;0.4_0;0;0_0;0;0_-100;2;5475_-100;2;5475_-100;2;5475,22.0301369863014,Incidence,2.11477483591591e-05
NbyGQVwzFc_loc12_loop6,12,ITN 0%/IRS 0%/Larvicide 0%,0;0.4;0.4_0;0;0_0;0;0_-100;2;5475_-100;2;5475_-100;2;5475,22.0328767123288,Incidence,2.12052177238664e-05
NbyGQVwzFc_loc12_loop6,12,ITN 0%/IRS 0%/Larvicide 0%,0;0.4;0.4_0;0;0_0;0;0_-100;2;5475_-100;2;5475_-100;2;5475,22.0356164383562,Incidence,2.12628349211516e-05
NbyGQVwzFc_loc12_loop6,12,ITN 0%/IRS 0%/Larvicide 0%,0;0.4;0.4_0;0;0_0;0;0_-100;2;5475_-100;2;5475_-100;2;5475,22.0383561643836,Incidence,2.13206002623571e-05
NbyGQVwzFc_loc12_loop6,12,ITN 0%/IRS 0%/Larvicide 0%,0;0.4;0.4_0;0;0_0;0;0_-100;2;5475_-100;2;5475_-100;2;5475,22.041095890411,Incidence,2.13785140446026e-05
NbyGQVwzFc_loc12_loop6,12,ITN 0%/IRS 0%/Larvicide 0%,0;0.4;0.4_0;0;0_0;0;0_-100;2;5475_-100;2;5475_-100;2;5475,22.0438356164384,Incidence,2.1436576577157e-05
NbyGQVwzFc_loc12_loop6,12,ITN 0%/IRS 0%/Larvicide 0%,0;0.4;0.4_0;0;0_0;0;0_-100;2;5475_-100;2;5475_-100;2;5475,22.0465753424658,Incidence,2.14947881626403e-05
NbyGQVwzFc_loc12_loop6,12,ITN 0%/IRS 0%/Larvicide 0%,0;0.4;0.4_0;0;0_0;0;0_-100;2;5475_-100;2;5475_-100;2;5475,22.0493150684932,Incidence,2.15531491065189e-05
NbyGQVwzFc_loc12_loop6,12,ITN 0%/IRS 0%/Larvicide 0%,0;0.4;0.4_0;0;0_0;0;0_-100;2;5475_-100;2;5475_-100;2;5475,22.0520547945205,Incidence,2.16116597149397e-05
NbyGQVwzFc_loc12_loop6,12,ITN 0%/IRS 0%/Larvicide 0%,0;0.4;0.4_0;0;0_0;0;0_-100;2;5475_-100;2;5475_-100;2;5475,22.0547945205479,Incidence,2.16703202899427e-05
NbyGQVwzFc_loc12_loop6,12,ITN 0%/IRS 0%/Larvicide 0%,0;0.4;0.4_0;0;0_0;0;0_-100;2;5475_-100;2;5475_-100;2;5475,22.0575342465753,Incidence,2.1729131132529e-05
NbyGQVwzFc_loc12_loop6,12,ITN 0%/IRS 0%/Larvicide 0%,0;0.4;0.4_0;0;0_0;0;0_-100;2;5475_-100;2;5475_-100;2;5475,22.0602739726027,Incidence,2.17880925785056e-05
NbyGQVwzFc_loc12_loop6,12,ITN 0%/IRS 0%/Larvicide 0%,0;0.4;0.4_0;0;0_0;0;0_-100;2;5475_-100;2;5475_-100;2;5475,22.0630136986301,Incidence,2.1847204875873e-05
NbyGQVwzFc_loc12_loop6,12,ITN 0%/IRS 0%/Larvicide 0%,0;0.4;0.4_0;0;0_0;0;0_-100;2;5475_-100;2;5475_-100;2;5475,22.0657534246575,Incidence,2.19064683699891e-05
NbyGQVwzFc_loc12_loop6,12,ITN 0%/IRS 0%/Larvicide 0%,0;0.4;0.4_0;0;0_0;0;0_-100;2;5475_-100;2;5475_-100;2;5475,22.0684931506849,Incidence,2.19658833707204e-05
NbyGQVwzFc_loc12_loop6,12,ITN 0%/IRS 0%/Larvicide 0%,0;0.4;0.4_0;0;0_0;0;0_-100;2;5475_-100;2;5475_-100;2;5475,22.0712328767123,Incidence,2.20254501570948e-05
NbyGQVwzFc_loc12_loop6,12,ITN 0%/IRS 0%/Larvicide 0%,0;0.4;0.4_0;0;0_0;0;0_-100;2;5475_-100;2;5475_-100;2;5475,22.0739726027397,Incidence,2.20851690481454e-05
NbyGQVwzFc_loc12_loop6,12,ITN 0%/IRS 0%/Larvicide 0%,0;0.4;0.4_0;0;0_0;0;0_-100;2;5475_-100;2;5475_-100;2;5475,22.0767123287671,Incidence,2.21450403539973e-05
NbyGQVwzFc_loc12_loop6,12,ITN 0%/IRS 0%/Larvicide 0%,0;0.4;0.4_0;0;0_0;0;0_-100;2;5475_-100;2;5475_-100;2;5475,22.0794520547945,Incidence,2.22050643696449e-05
NbyGQVwzFc_loc12_loop6,12,ITN 0%/IRS 0%/Larvicide 0%,0;0.4;0.4_0;0;0_0;0;0_-100;2;5475_-100;2;5475_-100;2;5475,22.0821917808219,Incidence,2.22652414042283e-05
NbyGQVwzFc_loc12_loop6,12,ITN 0%/IRS 0%/Larvicide 0%,0;0.4;0.4_0;0;0_0;0;0_-100;2;5475_-100;2;5475_-100;2;5475,22.0849315068493,Incidence,2.23255717665168e-05
NbyGQVwzFc_loc12_loop6,12,ITN 0%/IRS 0%/Larvicide 0%,0;0.4;0.4_0;0;0_0;0;0_-100;2;5475_-100;2;5475_-100;2;5475,22.0876712328767,Incidence,2.23860557606357e-05
NbyGQVwzFc_loc12_loop6,12,ITN 0%/IRS 0%/Larvicide 0%,0;0.4;0.4_0;0;0_0;0;0_-100;2;5475_-100;2;5475_-100;2;5475,22.0904109589041,Incidence,2.24466936915261e-05
NbyGQVwzFc_loc12_loop6,12,ITN 0%/IRS 0%/Larvicide 0%,0;0.4;0.4_0;0;0_0;0;0_-100;2;5475_-100;2;5475_-100;2;5475,22.0931506849315,Incidence,2.25074858646955e-05
NbyGQVwzFc_loc12_loop6,12,ITN 0%/IRS 0%/Larvicide 0%,0;0.4;0.4_0;0;0_0;0;0_-100;2;5475_-100;2;5475_-100;2;5475,22.0958904109589,Incidence,2.25684325845502e-05
NbyGQVwzFc_loc12_loop6,12,ITN 0%/IRS 0%/Larvicide 0%,0;0.4;0.4_0;0;0_0;0;0_-100;2;5475_-100;2;5475_-100;2;5475,22.0986301369863,Incidence,2.26295341546023e-05
NbyGQVwzFc_loc12_loop6,12,ITN 0%/IRS 0%/Larvicide 0%,0;0.4;0.4_0;0;0_0;0;0_-100;2;5475_-100;2;5475_-100;2;5475,22.1013698630137,Incidence,2.26907908794907e-05
NbyGQVwzFc_loc12_loop6,12,ITN 0%/IRS 0%/Larvicide 0%,0;0.4;0.4_0;0;0_0;0;0_-100;2;5475_-100;2;5475_-100;2;5475,22.1041095890411,Incidence,2.27522030645748e-05
NbyGQVwzFc_loc12_loop6,12,ITN 0%/IRS 0%/Larvicide 0%,0;0.4;0.4_0;0;0_0;0;0_-100;2;5475_-100;2;5475_-100;2;5475,22.1068493150685,Incidence,2.28137710133439e-05
NbyGQVwzFc_loc12_loop6,12,ITN 0%/IRS 0%/Larvicide 0%,0;0.4;0.4_0;0;0_0;0;0_-100;2;5475_-100;2;5475_-100;2;5475,22.1095890410959,Incidence,2.28754950298481e-05
NbyGQVwzFc_loc12_loop6,12,ITN 0%/IRS 0%/Larvicide 0%,0;0.4;0.4_0;0;0_0;0;0_-100;2;5475_-100;2;5475_-100;2;5475,22.1123287671233,Incidence,2.29373754193072e-05
NbyGQVwzFc_loc12_loop6,12,ITN 0%/IRS 0%/Larvicide 0%,0;0.4;0.4_0;0;0_0;0;0_-100;2;5475_-100;2;5475_-100;2;5475,22.1150684931507,Incidence,2.2999412485567e-05
NbyGQVwzFc_loc12_loop6,12,ITN 0%/IRS 0%/Larvicide 0%,0;0.4;0.4_0;0;0_0;0;0_-100;2;5475_-100;2;5475_-100;2;5475,22.1178082191781,Incidence,2.30616065324676e-05
NbyGQVwzFc_loc12_loop6,12,ITN 0%/IRS 0%/Larvicide 0%,0;0.4;0.4_0;0;0_0;0;0_-100;2;5475_-100;2;5475_-100;2;5475,22.1205479452055,Incidence,2.3123957864736e-05
NbyGQVwzFc_loc12_loop6,12,ITN 0%/IRS 0%/Larvicide 0%,0;0.4;0.4_0;0;0_0;0;0_-100;2;5475_-100;2;5475_-100;2;5475,22.1232876712329,Incidence,2.31864667864015e-05
NbyGQVwzFc_loc12_loop6,12,ITN 0%/IRS 0%/Larvicide 0%,0;0.4;0.4_0;0;0_0;0;0_-100;2;5475_-100;2;5475_-100;2;5475,22.1260273972603,Incidence,2.32491336012916e-05
NbyGQVwzFc_loc12_loop6,12,ITN 0%/IRS 0%/Larvicide 0%,0;0.4;0.4_0;0;0_0;0;0_-100;2;5475_-100;2;5475_-100;2;5475,22.1287671232877,Incidence,2.33119586136894e-05
NbyGQVwzFc_loc12_loop6,12,ITN 0%/IRS 0%/Larvicide 0%,0;0.4;0.4_0;0;0_0;0;0_-100;2;5475_-100;2;5475_-100;2;5475,22.1315068493151,Incidence,2.33749421275843e-05
NbyGQVwzFc_loc12_loop6,12,ITN 0%/IRS 0%/Larvicide 0%,0;0.4;0.4_0;0;0_0;0;0_-100;2;5475_-100;2;5475_-100;2;5475,22.1342465753425,Incidence,2.34380844467859e-05
NbyGQVwzFc_loc12_loop6,12,ITN 0%/IRS 0%/Larvicide 0%,0;0.4;0.4_0;0;0_0;0;0_-100;2;5475_-100;2;5475_-100;2;5475,22.1369863013699,Incidence,2.35013858752592e-05
NbyGQVwzFc_loc12_loop6,12,ITN 0%/IRS 0%/Larvicide 0%,0;0.4;0.4_0;0;0_0;0;0_-100;2;5475_-100;2;5475_-100;2;5475,22.1397260273973,Incidence,2.35648467168363e-05
NbyGQVwzFc_loc12_loop6,12,ITN 0%/IRS 0%/Larvicide 0%,0;0.4;0.4_0;0;0_0;0;0_-100;2;5475_-100;2;5475_-100;2;5475,22.1424657534247,Incidence,2.36284672752311e-05
NbyGQVwzFc_loc12_loop6,12,ITN 0%/IRS 0%/Larvicide 0%,0;0.4;0.4_0;0;0_0;0;0_-100;2;5475_-100;2;5475_-100;2;5475,22.1452054794521,Incidence,2.36922478559691e-05
NbyGQVwzFc_loc12_loop6,12,ITN 0%/IRS 0%/Larvicide 0%,0;0.4;0.4_0;0;0_0;0;0_-100;2;5475_-100;2;5475_-100;2;5475,22.1479452054795,Incidence,2.37561887635435e-05
NbyGQVwzFc_loc12_loop6,12,ITN 0%/IRS 0%/Larvicide 0%,0;0.4;0.4_0;0;0_0;0;0_-100;2;5475_-100;2;5475_-100;2;5475,22.1506849315068,Incidence,2.38202903005742e-05
NbyGQVwzFc_loc12_loop6,12,ITN 0%/IRS 0%/Larvicide 0%,0;0.4;0.4_0;0;0_0;0;0_-100;2;5475_-100;2;5475_-100;2;5475,22.1534246575342,Incidence,2.38845527695821e-05
NbyGQVwzFc_loc12_loop6,12,ITN 0%/IRS 0%/Larvicide 0%,0;0.4;0.4_0;0;0_0;0;0_-100;2;5475_-100;2;5475_-100;2;5475,22.1561643835616,Incidence,2.39489764729813e-05
NbyGQVwzFc_loc12_loop6,12,ITN 0%/IRS 0%/Larvicide 0%,0;0.4;0.4_0;0;0_0;0;0_-100;2;5475_-100;2;5475_-100;2;5475,22.158904109589,Incidence,2.40135617130828e-05
NbyGQVwzFc_loc12_loop6,12,ITN 0%/IRS 0%/Larvicide 0%,0;0.4;0.4_0;0;0_0;0;0_-100;2;5475_-100;2;5475_-100;2;5475,22.1616438356164,Incidence,2.40783087920741e-05
NbyGQVwzFc_loc12_loop6,12,ITN 0%/IRS 0%/Larvicide 0%,0;0.4;0.4_0;0;0_0;0;0_-100;2;5475_-100;2;5475_-100;2;5475,22.1643835616438,Incidence,2.41432180120319e-05
NbyGQVwzFc_loc12_loop6,12,ITN 0%/IRS 0%/Larvicide 0%,0;0.4;0.4_0;0;0_0;0;0_-100;2;5475_-100;2;5475_-100;2;5475,22.1671232876712,Incidence,2.42082896749221e-05
NbyGQVwzFc_loc12_loop6,12,ITN 0%/IRS 0%/Larvicide 0%,0;0.4;0.4_0;0;0_0;0;0_-100;2;5475_-100;2;5475_-100;2;5475,22.1698630136986,Incidence,2.42735240825779e-05
NbyGQVwzFc_loc12_loop6,12,ITN 0%/IRS 0%/Larvicide 0%,0;0.4;0.4_0;0;0_0;0;0_-100;2;5475_-100;2;5475_-100;2;5475,22.172602739726,Incidence,2.43389215367093e-05
NbyGQVwzFc_loc12_loop6,12,ITN 0%/IRS 0%/Larvicide 0%,0;0.4;0.4_0;0;0_0;0;0_-100;2;5475_-100;2;5475_-100;2;5475,22.1753424657534,Incidence,2.44044823389058e-05
NbyGQVwzFc_loc12_loop6,12,ITN 0%/IRS 0%/Larvicide 0%,0;0.4;0.4_0;0;0_0;0;0_-100;2;5475_-100;2;5475_-100;2;5475,22.1780821917808,Incidence,2.44702067906182e-05
NbyGQVwzFc_loc12_loop6,12,ITN 0%/IRS 0%/Larvicide 0%,0;0.4;0.4_0;0;0_0;0;0_-100;2;5475_-100;2;5475_-100;2;5475,22.1808219178082,Incidence,2.45360951931629e-05
NbyGQVwzFc_loc12_loop6,12,ITN 0%/IRS 0%/Larvicide 0%,0;0.4;0.4_0;0;0_0;0;0_-100;2;5475_-100;2;5475_-100;2;5475,22.1835616438356,Incidence,2.46021478477229e-05
NbyGQVwzFc_loc12_loop6,12,ITN 0%/IRS 0%/Larvicide 0%,0;0.4;0.4_0;0;0_0;0;0_-100;2;5475_-100;2;5475_-100;2;5475,22.186301369863,Incidence,2.46683650553369e-05
NbyGQVwzFc_loc12_loop6,12,ITN 0%/IRS 0%/Larvicide 0%,0;0.4;0.4_0;0;0_0;0;0_-100;2;5475_-100;2;5475_-100;2;5475,22.1890410958904,Incidence,2.47347471168983e-05
NbyGQVwzFc_loc12_loop6,12,ITN 0%/IRS 0%/Larvicide 0%,0;0.4;0.4_0;0;0_0;0;0_-100;2;5475_-100;2;5475_-100;2;5475,22.1917808219178,Incidence,2.48012943331547e-05
NbyGQVwzFc_loc12_loop6,12,ITN 0%/IRS 0%/Larvicide 0%,0;0.4;0.4_0;0;0_0;0;0_-100;2;5475_-100;2;5475_-100;2;5475,22.1945205479452,Incidence,2.48680070047016e-05
NbyGQVwzFc_loc12_loop6,12,ITN 0%/IRS 0%/Larvicide 0%,0;0.4;0.4_0;0;0_0;0;0_-100;2;5475_-100;2;5475_-100;2;5475,22.1972602739726,Incidence,2.49348854319792e-05
NbyGQVwzFc_loc12_loop6,12,ITN 0%/IRS 0%/Larvicide 0%,0;0.4;0.4_0;0;0_0;0;0_-100;2;5475_-100;2;5475_-100;2;5475,22.2,Incidence,2.50019299152702e-05
NbyGQVwzFc_loc12_loop6,12,ITN 0%/IRS 0%/Larvicide 0%,0;0.4;0.4_0;0;0_0;0;0_-100;2;5475_-100;2;5475_-100;2;5475,22.2027397260274,Incidence,2.50691407546955e-05
NbyGQVwzFc_loc12_loop6,12,ITN 0%/IRS 0%/Larvicide 0%,0;0.4;0.4_0;0;0_0;0;0_-100;2;5475_-100;2;5475_-100;2;5475,22.2054794520548,Incidence,2.5136518251145e-05
NbyGQVwzFc_loc12_loop6,12,ITN 0%/IRS 0%/Larvicide 0%,0;0.4;0.4_0;0;0_0;0;0_-100;2;5475_-100;2;5475_-100;2;5475,22.2082191780822,Incidence,2.52040627061545e-05
NbyGQVwzFc_loc12_loop6,12,ITN 0%/IRS 0%/Larvicide 0%,0;0.4;0.4_0;0;0_0;0;0_-100;2;5475_-100;2;5475_-100;2;5475,22.2109589041096,Incidence,2.527177441842e-05
NbyGQVwzFc_loc12_loop6,12,ITN 0%/IRS 0%/Larvicide 0%,0;0.4;0.4_0;0;0_0;0;0_-100;2;5475_-100;2;5475_-100;2;5475,22.213698630137,Incidence,2.53396536863227e-05
NbyGQVwzFc_loc12_loop6,12,ITN 0%/IRS 0%/Larvicide 0%,0;0.4;0.4_0;0;0_0;0;0_-100;2;5475_-100;2;5475_-100;2;5475,22.2164383561644,Incidence,2.5407700808037e-05
NbyGQVwzFc_loc12_loop6,12,ITN 0%/IRS 0%/Larvicide 0%,0;0.4;0.4_0;0;0_0;0;0_-100;2;5475_-100;2;5475_-100;2;5475,22.2191780821918,Incidence,2.54759160815272e-05
NbyGQVwzFc_loc12_loop6,12,ITN 0%/IRS 0%/Larvicide 0%,0;0.4;0.4_0;0;0_0;0;0_-100;2;5475_-100;2;5475_-100;2;5475,22.2219178082192,Incidence,2.55442998045431e-05
NbyGQVwzFc_loc12_loop6,12,ITN 0%/IRS 0%/Larvicide 0%,0;0.4;0.4_0;0;0_0;0;0_-100;2;5475_-100;2;5475_-100;2;5475,22.2246575342466,Incidence,2.56128522746173e-05
NbyGQVwzFc_loc12_loop6,12,ITN 0%/IRS 0%/Larvicide 0%,0;0.4;0.4_0;0;0_0;0;0_-100;2;5475_-100;2;5475_-100;2;5475,22.227397260274,Incidence,2.56815737890607e-05
NbyGQVwzFc_loc12_loop6,12,ITN 0%/IRS 0%/Larvicide 0%,0;0.4;0.4_0;0;0_0;0;0_-100;2;5475_-100;2;5475_-100;2;5475,22.2301369863014,Incidence,2.57504646449589e-05
NbyGQVwzFc_loc12_loop6,12,ITN 0%/IRS 0%/Larvicide 0%,0;0.4;0.4_0;0;0_0;0;0_-100;2;5475_-100;2;5475_-100;2;5475,22.2328767123288,Incidence,2.58195251391688e-05
NbyGQVwzFc_loc12_loop6,12,ITN 0%/IRS 0%/Larvicide 0%,0;0.4;0.4_0;0;0_0;0;0_-100;2;5475_-100;2;5475_-100;2;5475,22.2356164383562,Incidence,2.58887555683145e-05
NbyGQVwzFc_loc12_loop6,12,ITN 0%/IRS 0%/Larvicide 0%,0;0.4;0.4_0;0;0_0;0;0_-100;2;5475_-100;2;5475_-100;2;5475,22.2383561643836,Incidence,2.59581562287834e-05
NbyGQVwzFc_loc12_loop6,12,ITN 0%/IRS 0%/Larvicide 0%,0;0.4;0.4_0;0;0_0;0;0_-100;2;5475_-100;2;5475_-100;2;5475,22.241095890411,Incidence,2.60277274167227e-05
NbyGQVwzFc_loc12_loop6,12,ITN 0%/IRS 0%/Larvicide 0%,0;0.4;0.4_0;0;0_0;0;0_-100;2;5475_-100;2;5475_-100;2;5475,22.2438356164384,Incidence,2.60974694280353e-05
NbyGQVwzFc_loc12_loop6,12,ITN 0%/IRS 0%/Larvicide 0%,0;0.4;0.4_0;0;0_0;0;0_-100;2;5475_-100;2;5475_-100;2;5475,22.2465753424658,Incidence,2.61673825583757e-05
NbyGQVwzFc_loc12_loop6,12,ITN 0%/IRS 0%/Larvicide 0%,0;0.4;0.4_0;0;0_0;0;0_-100;2;5475_-100;2;5475_-100;2;5475,22.2493150684932,Incidence,2.62374671031467e-05
NbyGQVwzFc_loc12_loop6,12,ITN 0%/IRS 0%/Larvicide 0%,0;0.4;0.4_0;0;0_0;0;0_-100;2;5475_-100;2;5475_-100;2;5475,22.2520547945205,Incidence,2.63077233574946e-05
NbyGQVwzFc_loc12_loop6,12,ITN 0%/IRS 0%/Larvicide 0%,0;0.4;0.4_0;0;0_0;0;0_-100;2;5475_-100;2;5475_-100;2;5475,22.254794520548,Incidence,2.63781516163059e-05
NbyGQVwzFc_loc12_loop6,12,ITN 0%/IRS 0%/Larvicide 0%,0;0.4;0.4_0;0;0_0;0;0_-100;2;5475_-100;2;5475_-100;2;5475,22.2575342465753,Incidence,2.64487521742032e-05
NbyGQVwzFc_loc12_loop6,12,ITN 0%/IRS 0%/Larvicide 0%,0;0.4;0.4_0;0;0_0;0;0_-100;2;5475_-100;2;5475_-100;2;5475,22.2602739726027,Incidence,2.65195253255405e-05
NbyGQVwzFc_loc12_loop6,12,ITN 0%/IRS 0%/Larvicide 0%,0;0.4;0.4_0;0;0_0;0;0_-100;2;5475_-100;2;5475_-100;2;5475,22.2630136986301,Incidence,2.65904713644002e-05
NbyGQVwzFc_loc12_loop6,12,ITN 0%/IRS 0%/Larvicide 0%,0;0.4;0.4_0;0;0_0;0;0_-100;2;5475_-100;2;5475_-100;2;5475,22.2657534246575,Incidence,2.6661590584588e-05
NbyGQVwzFc_loc12_loop6,12,ITN 0%/IRS 0%/Larvicide 0%,0;0.4;0.4_0;0;0_0;0;0_-100;2;5475_-100;2;5475_-100;2;5475,22.2684931506849,Incidence,2.67328832808019e-05
NbyGQVwzFc_loc12_loop6,12,ITN 0%/IRS 0%/Larvicide 0%,0;0.4;0.4_0;0;0_0;0;0_-100;2;5475_-100;2;5475_-100;2;5475,22.2712328767123,Incidence,2.68043497475863e-05
NbyGQVwzFc_loc12_loop6,12,ITN 0%/IRS 0%/Larvicide 0%,0;0.4;0.4_0;0;0_0;0;0_-100;2;5475_-100;2;5475_-100;2;5475,22.2739726027397,Incidence,2.68759902767886e-05
NbyGQVwzFc_loc12_loop6,12,ITN 0%/IRS 0%/Larvicide 0%,0;0.4;0.4_0;0;0_0;0;0_-100;2;5475_-100;2;5475_-100;2;5475,22.2767123287671,Incidence,2.6947805159904e-05
NbyGQVwzFc_loc12_loop6,12,ITN 0%/IRS 0%/Larvicide 0%,0;0.4;0.4_0;0;0_0;0;0_-100;2;5475_-100;2;5475_-100;2;5475,22.2794520547945,Incidence,2.70197946881044e-05
NbyGQVwzFc_loc12_loop6,12,ITN 0%/IRS 0%/Larvicide 0%,0;0.4;0.4_0;0;0_0;0;0_-100;2;5475_-100;2;5475_-100;2;5475,22.2821917808219,Incidence,2.70919591522343e-05
NbyGQVwzFc_loc12_loop6,12,ITN 0%/IRS 0%/Larvicide 0%,0;0.4;0.4_0;0;0_0;0;0_-100;2;5475_-100;2;5475_-100;2;5475,22.2849315068493,Incidence,2.71642988428066e-05
NbyGQVwzFc_loc12_loop6,12,ITN 0%/IRS 0%/Larvicide 0%,0;0.4;0.4_0;0;0_0;0;0_-100;2;5475_-100;2;5475_-100;2;5475,22.2876712328767,Incidence,2.72368140499979e-05
NbyGQVwzFc_loc12_loop6,12,ITN 0%/IRS 0%/Larvicide 0%,0;0.4;0.4_0;0;0_0;0;0_-100;2;5475_-100;2;5475_-100;2;5475,22.2904109589041,Incidence,2.7309505063645e-05
NbyGQVwzFc_loc12_loop6,12,ITN 0%/IRS 0%/Larvicide 0%,0;0.4;0.4_0;0;0_0;0;0_-100;2;5475_-100;2;5475_-100;2;5475,22.2931506849315,Incidence,2.73823721732397e-05
NbyGQVwzFc_loc12_loop6,12,ITN 0%/IRS 0%/Larvicide 0%,0;0.4;0.4_0;0;0_0;0;0_-100;2;5475_-100;2;5475_-100;2;5475,22.2958904109589,Incidence,2.7455415667925e-05
NbyGQVwzFc_loc12_loop6,12,ITN 0%/IRS 0%/Larvicide 0%,0;0.4;0.4_0;0;0_0;0;0_-100;2;5475_-100;2;5475_-100;2;5475,22.2986301369863,Incidence,2.75286358364902e-05
NbyGQVwzFc_loc12_loop6,12,ITN 0%/IRS 0%/Larvicide 0%,0;0.4;0.4_0;0;0_0;0;0_-100;2;5475_-100;2;5475_-100;2;5475,22.3013698630137,Incidence,2.7602032967367e-05
NbyGQVwzFc_loc12_loop6,12,ITN 0%/IRS 0%/Larvicide 0%,0;0.4;0.4_0;0;0_0;0;0_-100;2;5475_-100;2;5475_-100;2;5475,22.3041095890411,Incidence,2.7675607348625e-05
NbyGQVwzFc_loc12_loop6,12,ITN 0%/IRS 0%/Larvicide 0%,0;0.4;0.4_0;0;0_0;0;0_-100;2;5475_-100;2;5475_-100;2;5475,22.3068493150685,Incidence,2.77493592679665e-05
NbyGQVwzFc_loc12_loop6,12,ITN 0%/IRS 0%/Larvicide 0%,0;0.4;0.4_0;0;0_0;0;0_-100;2;5475_-100;2;5475_-100;2;5475,22.3095890410959,Incidence,2.7823289012723e-05
NbyGQVwzFc_loc12_loop6,12,ITN 0%/IRS 0%/Larvicide 0%,0;0.4;0.4_0;0;0_0;0;0_-100;2;5475_-100;2;5475_-100;2;5475,22.3123287671233,Incidence,2.78973968698502e-05
NbyGQVwzFc_loc12_loop6,12,ITN 0%/IRS 0%/Larvicide 0%,0;0.4;0.4_0;0;0_0;0;0_-100;2;5475_-100;2;5475_-100;2;5475,22.3150684931507,Incidence,2.79716831259232e-05
NbyGQVwzFc_loc12_loop6,12,ITN 0%/IRS 0%/Larvicide 0%,0;0.4;0.4_0;0;0_0;0;0_-100;2;5475_-100;2;5475_-100;2;5475,22.3178082191781,Incidence,2.80461480671324e-05
NbyGQVwzFc_loc12_loop6,12,ITN 0%/IRS 0%/Larvicide 0%,0;0.4;0.4_0;0;0_0;0;0_-100;2;5475_-100;2;5475_-100;2;5475,22.3205479452055,Incidence,2.81207919792786e-05
NbyGQVwzFc_loc12_loop6,12,ITN 0%/IRS 0%/Larvicide 0%,0;0.4;0.4_0;0;0_0;0;0_-100;2;5475_-100;2;5475_-100;2;5475,22.3232876712329,Incidence,2.81956151477685e-05
NbyGQVwzFc_loc12_loop6,12,ITN 0%/IRS 0%/Larvicide 0%,0;0.4;0.4_0;0;0_0;0;0_-100;2;5475_-100;2;5475_-100;2;5475,22.3260273972603,Incidence,2.82706178576098e-05
NbyGQVwzFc_loc12_loop6,12,ITN 0%/IRS 0%/Larvicide 0%,0;0.4;0.4_0;0;0_0;0;0_-100;2;5475_-100;2;5475_-100;2;5475,22.3287671232877,Incidence,2.8345800393407e-05
NbyGQVwzFc_loc12_loop6,12,ITN 0%/IRS 0%/Larvicide 0%,0;0.4;0.4_0;0;0_0;0;0_-100;2;5475_-100;2;5475_-100;2;5475,22.3315068493151,Incidence,2.8421163039546e-05
NbyGQVwzFc_loc12_loop6,12,ITN 0%/IRS 0%/Larvicide 0%,0;0.4;0.4_0;0;0_0;0;0_-100;2;5475_-100;2;5475_-100;2;5475,22.3342465753425,Incidence,2.84967060817963e-05
NbyGQVwzFc_loc12_loop6,12,ITN 0%/IRS 0%/Larvicide 0%,0;0.4;0.4_0;0;0_0;0;0_-100;2;5475_-100;2;5475_-100;2;5475,22.3369863013699,Incidence,2.85724298030892e-05
NbyGQVwzFc_loc12_loop6,12,ITN 0%/IRS 0%/Larvicide 0%,0;0.4;0.4_0;0;0_0;0;0_-100;2;5475_-100;2;5475_-100;2;5475,22.3397260273973,Incidence,2.86483344851219e-05
NbyGQVwzFc_loc12_loop6,12,ITN 0%/IRS 0%/Larvicide 0%,0;0.4;0.4_0;0;0_0;0;0_-100;2;5475_-100;2;5475_-100;2;5475,22.3424657534247,Incidence,2.87244204091395e-05
NbyGQVwzFc_loc12_loop6,12,ITN 0%/IRS 0%/Larvicide 0%,0;0.4;0.4_0;0;0_0;0;0_-100;2;5475_-100;2;5475_-100;2;5475,22.3452054794521,Incidence,2.88006878559302e-05
NbyGQVwzFc_loc12_loop6,12,ITN 0%/IRS 0%/Larvicide 0%,0;0.4;0.4_0;0;0_0;0;0_-100;2;5475_-100;2;5475_-100;2;5475,22.3479452054795,Incidence,2.88771371058204e-05
NbyGQVwzFc_loc12_loop6,12,ITN 0%/IRS 0%/Larvicide 0%,0;0.4;0.4_0;0;0_0;0;0_-100;2;5475_-100;2;5475_-100;2;5475,22.3506849315068,Incidence,2.89537684386702e-05
NbyGQVwzFc_loc12_loop6,12,ITN 0%/IRS 0%/Larvicide 0%,0;0.4;0.4_0;0;0_0;0;0_-100;2;5475_-100;2;5475_-100;2;5475,22.3534246575343,Incidence,2.90305821338682e-05
NbyGQVwzFc_loc12_loop6,12,ITN 0%/IRS 0%/Larvicide 0%,0;0.4;0.4_0;0;0_0;0;0_-100;2;5475_-100;2;5475_-100;2;5475,22.3561643835616,Incidence,2.91075784703264e-05
NbyGQVwzFc_loc12_loop6,12,ITN 0%/IRS 0%/Larvicide 0%,0;0.4;0.4_0;0;0_0;0;0_-100;2;5475_-100;2;5475_-100;2;5475,22.358904109589,Incidence,2.91847577264756e-05
NbyGQVwzFc_loc12_loop6,12,ITN 0%/IRS 0%/Larvicide 0%,0;0.4;0.4_0;0;0_0;0;0_-100;2;5475_-100;2;5475_-100;2;5475,22.3616438356164,Incidence,2.92621201802606e-05
NbyGQVwzFc_loc12_loop6,12,ITN 0%/IRS 0%/Larvicide 0%,0;0.4;0.4_0;0;0_0;0;0_-100;2;5475_-100;2;5475_-100;2;5475,22.3643835616438,Incidence,2.93396661091345e-05
NbyGQVwzFc_loc12_loop6,12,ITN 0%/IRS 0%/Larvicide 0%,0;0.4;0.4_0;0;0_0;0;0_-100;2;5475_-100;2;5475_-100;2;5475,22.3671232876712,Incidence,2.94173957900545e-05
NbyGQVwzFc_loc12_loop6,12,ITN 0%/IRS 0%/Larvicide 0%,0;0.4;0.4_0;0;0_0;0;0_-100;2;5475_-100;2;5475_-100;2;5475,22.3698630136986,Incidence,2.94953094994761e-05
NbyGQVwzFc_loc12_loop6,12,ITN 0%/IRS 0%/Larvicide 0%,0;0.4;0.4_0;0;0_0;0;0_-100;2;5475_-100;2;5475_-100;2;5475,22.372602739726,Incidence,2.95734075133487e-05
NbyGQVwzFc_loc12_loop6,12,ITN 0%/IRS 0%/Larvicide 0%,0;0.4;0.4_0;0;0_0;0;0_-100;2;5475_-100;2;5475_-100;2;5475,22.3753424657534,Incidence,2.96516901071101e-05
NbyGQVwzFc_loc12_loop6,12,ITN 0%/IRS 0%/Larvicide 0%,0;0.4;0.4_0;0;0_0;0;0_-100;2;5475_-100;2;5475_-100;2;5475,22.3780821917808,Incidence,2.97301575556818e-05
NbyGQVwzFc_loc12_loop6,12,ITN 0%/IRS 0%/Larvicide 0%,0;0.4;0.4_0;0;0_0;0;0_-100;2;5475_-100;2;5475_-100;2;5475,22.3808219178082,Incidence,2.98088101334631e-05
NbyGQVwzFc_loc12_loop6,12,ITN 0%/IRS 0%/Larvicide 0%,0;0.4;0.4_0;0;0_0;0;0_-100;2;5475_-100;2;5475_-100;2;5475,22.3835616438356,Incidence,2.98876481143267e-05
NbyGQVwzFc_loc12_loop6,12,ITN 0%/IRS 0%/Larvicide 0%,0;0.4;0.4_0;0;0_0;0;0_-100;2;5475_-100;2;5475_-100;2;5475,22.386301369863,Incidence,2.99666717716133e-05
NbyGQVwzFc_loc12_loop6,12,ITN 0%/IRS 0%/Larvicide 0%,0;0.4;0.4_0;0;0_0;0;0_-100;2;5475_-100;2;5475_-100;2;5475,22.3890410958904,Incidence,3.0045881378126e-05
NbyGQVwzFc_loc12_loop6,12,ITN 0%/IRS 0%/Larvicide 0%,0;0.4;0.4_0;0;0_0;0;0_-100;2;5475_-100;2;5475_-100;2;5475,22.3917808219178,Incidence,3.01252772061258e-05
NbyGQVwzFc_loc12_loop6,12,ITN 0%/IRS 0%/Larvicide 0%,0;0.4;0.4_0;0;0_0;0;0_-100;2;5475_-100;2;5475_-100;2;5475,22.3945205479452,Incidence,3.02048595273255e-05
NbyGQVwzFc_loc12_loop6,12,ITN 0%/IRS 0%/Larvicide 0%,0;0.4;0.4_0;0;0_0;0;0_-100;2;5475_-100;2;5475_-100;2;5475,22.3972602739726,Incidence,3.02846286129216e-05
NbyGQVwzFc_loc12_loop6,12,ITN 0%/IRS 0%/Larvicide 0%,0;0.4;0.4_0;0;0_0;0;0_-100;2;5475_-100;2;5475_-100;2;5475,22.4,Incidence,3.03645847352435e-05
NbyGQVwzFc_loc12_loop6,12,ITN 0%/IRS 0%/Larvicide 0%,0;0.4;0.4_0;0;0_0;0;0_-100;2;5475_-100;2;5475_-100;2;5475,22.4027397260274,Incidence,3.04447281643354e-05
NbyGQVwzFc_loc12_loop6,12,ITN 0%/IRS 0%/Larvicide 0%,0;0.4;0.4_0;0;0_0;0;0_-100;2;5475_-100;2;5475_-100;2;5475,22.4054794520548,Incidence,3.05250591683396e-05
NbyGQVwzFc_loc12_loop6,12,ITN 0%/IRS 0%/Larvicide 0%,0;0.4;0.4_0;0;0_0;0;0_-100;2;5475_-100;2;5475_-100;2;5475,22.4082191780822,Incidence,3.06055780148006e-05
NbyGQVwzFc_loc12_loop6,12,ITN 0%/IRS 0%/Larvicide 0%,0;0.4;0.4_0;0;0_0;0;0_-100;2;5475_-100;2;5475_-100;2;5475,22.4109589041096,Incidence,3.06862849706595e-05
NbyGQVwzFc_loc12_loop6,12,ITN 0%/IRS 0%/Larvicide 0%,0;0.4;0.4_0;0;0_0;0;0_-100;2;5475_-100;2;5475_-100;2;5475,22.413698630137,Incidence,3.07671803022492e-05
NbyGQVwzFc_loc12_loop6,12,ITN 0%/IRS 0%/Larvicide 0%,0;0.4;0.4_0;0;0_0;0;0_-100;2;5475_-100;2;5475_-100;2;5475,22.4164383561644,Incidence,3.08482642752887e-05
NbyGQVwzFc_loc12_loop6,12,ITN 0%/IRS 0%/Larvicide 0%,0;0.4;0.4_0;0;0_0;0;0_-100;2;5475_-100;2;5475_-100;2;5475,22.4191780821918,Incidence,3.09295371548774e-05
NbyGQVwzFc_loc12_loop6,12,ITN 0%/IRS 0%/Larvicide 0%,0;0.4;0.4_0;0;0_0;0;0_-100;2;5475_-100;2;5475_-100;2;5475,22.4219178082192,Incidence,3.10109992054901e-05
NbyGQVwzFc_loc12_loop6,12,ITN 0%/IRS 0%/Larvicide 0%,0;0.4;0.4_0;0;0_0;0;0_-100;2;5475_-100;2;5475_-100;2;5475,22.4246575342466,Incidence,3.10926506909712e-05
NbyGQVwzFc_loc12_loop6,12,ITN 0%/IRS 0%/Larvicide 0%,0;0.4;0.4_0;0;0_0;0;0_-100;2;5475_-100;2;5475_-100;2;5475,22.427397260274,Incidence,3.11744918745294e-05
NbyGQVwzFc_loc12_loop6,12,ITN 0%/IRS 0%/Larvicide 0%,0;0.4;0.4_0;0;0_0;0;0_-100;2;5475_-100;2;5475_-100;2;5475,22.4301369863014,Incidence,3.1256523018732e-05
NbyGQVwzFc_loc12_loop6,12,ITN 0%/IRS 0%/Larvicide 0%,0;0.4;0.4_0;0;0_0;0;0_-100;2;5475_-100;2;5475_-100;2;5475,22.4328767123288,Incidence,3.13387443854994e-05
NbyGQVwzFc_loc12_loop6,12,ITN 0%/IRS 0%/Larvicide 0%,0;0.4;0.4_0;0;0_0;0;0_-100;2;5475_-100;2;5475_-100;2;5475,22.4356164383562,Incidence,3.14211562360995e-05
NbyGQVwzFc_loc12_loop6,12,ITN 0%/IRS 0%/Larvicide 0%,0;0.4;0.4_0;0;0_0;0;0_-100;2;5475_-100;2;5475_-100;2;5475,22.4383561643836,Incidence,3.15037588311421e-05
NbyGQVwzFc_loc12_loop6,12,ITN 0%/IRS 0%/Larvicide 0%,0;0.4;0.4_0;0;0_0;0;0_-100;2;5475_-100;2;5475_-100;2;5475,22.441095890411,Incidence,3.15865524305735e-05
NbyGQVwzFc_loc12_loop6,12,ITN 0%/IRS 0%/Larvicide 0%,0;0.4;0.4_0;0;0_0;0;0_-100;2;5475_-100;2;5475_-100;2;5475,22.4438356164384,Incidence,3.16695372936704e-05
NbyGQVwzFc_loc12_loop6,12,ITN 0%/IRS 0%/Larvicide 0%,0;0.4;0.4_0;0;0_0;0;0_-100;2;5475_-100;2;5475_-100;2;5475,22.4465753424658,Incidence,3.17527136790348e-05
NbyGQVwzFc_loc12_loop6,12,ITN 0%/IRS 0%/Larvicide 0%,0;0.4;0.4_0;0;0_0;0;0_-100;2;5475_-100;2;5475_-100;2;5475,22.4493150684932,Incidence,3.1836081844588e-05
NbyGQVwzFc_loc12_loop6,12,ITN 0%/IRS 0%/Larvicide 0%,0;0.4;0.4_0;0;0_0;0;0_-100;2;5475_-100;2;5475_-100;2;5475,22.4520547945205,Incidence,3.19196420475645e-05
NbyGQVwzFc_loc12_loop6,12,ITN 0%/IRS 0%/Larvicide 0%,0;0.4;0.4_0;0;0_0;0;0_-100;2;5475_-100;2;5475_-100;2;5475,22.4547945205479,Incidence,3.20033945445073e-05
NbyGQVwzFc_loc12_loop6,12,ITN 0%/IRS 0%/Larvicide 0%,0;0.4;0.4_0;0;0_0;0;0_-100;2;5475_-100;2;5475_-100;2;5475,22.4575342465753,Incidence,3.20873395912611e-05
NbyGQVwzFc_loc12_loop6,12,ITN 0%/IRS 0%/Larvicide 0%,0;0.4;0.4_0;0;0_0;0;0_-100;2;5475_-100;2;5475_-100;2;5475,22.4602739726027,Incidence,3.21714774429671e-05
NbyGQVwzFc_loc12_loop6,12,ITN 0%/IRS 0%/Larvicide 0%,0;0.4;0.4_0;0;0_0;0;0_-100;2;5475_-100;2;5475_-100;2;5475,22.4630136986301,Incidence,3.22558083540572e-05
NbyGQVwzFc_loc12_loop6,12,ITN 0%/IRS 0%/Larvicide 0%,0;0.4;0.4_0;0;0_0;0;0_-100;2;5475_-100;2;5475_-100;2;5475,22.4657534246575,Incidence,3.23403325783367e-05
NbyGQVwzFc_loc12_loop6,12,ITN 0%/IRS 0%/Larvicide 0%,0;0.4;0.4_0;0;0_0;0;0_-100;2;5475_-100;2;5475_-100;2;5475,22.4684931506849,Incidence,3.24250503705262e-05
NbyGQVwzFc_loc12_loop6,12,ITN 0%/IRS 0%/Larvicide 0%,0;0.4;0.4_0;0;0_0;0;0_-100;2;5475_-100;2;5475_-100;2;5475,22.4712328767123,Incidence,3.25099619825164e-05
NbyGQVwzFc_loc12_loop6,12,ITN 0%/IRS 0%/Larvicide 0%,0;0.4;0.4_0;0;0_0;0;0_-100;2;5475_-100;2;5475_-100;2;5475,22.4739726027397,Incidence,3.25950676644396e-05
NbyGQVwzFc_loc12_loop6,12,ITN 0%/IRS 0%/Larvicide 0%,0;0.4;0.4_0;0;0_0;0;0_-100;2;5475_-100;2;5475_-100;2;5475,22.4767123287671,Incidence,3.26803676656676e-05
NbyGQVwzFc_loc12_loop6,12,ITN 0%/IRS 0%/Larvicide 0%,0;0.4;0.4_0;0;0_0;0;0_-100;2;5475_-100;2;5475_-100;2;5475,22.4794520547945,Incidence,3.27658622348055e-05
NbyGQVwzFc_loc12_loop6,12,ITN 0%/IRS 0%/Larvicide 0%,0;0.4;0.4_0;0;0_0;0;0_-100;2;5475_-100;2;5475_-100;2;5475,22.4821917808219,Incidence,3.28515516196867e-05
NbyGQVwzFc_loc12_loop6,12,ITN 0%/IRS 0%/Larvicide 0%,0;0.4;0.4_0;0;0_0;0;0_-100;2;5475_-100;2;5475_-100;2;5475,22.4849315068493,Incidence,3.29374360673659e-05
NbyGQVwzFc_loc12_loop6,12,ITN 0%/IRS 0%/Larvicide 0%,0;0.4;0.4_0;0;0_0;0;0_-100;2;5475_-100;2;5475_-100;2;5475,22.4876712328767,Incidence,3.30235158241142e-05
NbyGQVwzFc_loc12_loop6,12,ITN 0%/IRS 0%/Larvicide 0%,0;0.4;0.4_0;0;0_0;0;0_-100;2;5475_-100;2;5475_-100;2;5475,22.4904109589041,Incidence,3.31097911354122e-05
NbyGQVwzFc_loc12_loop6,12,ITN 0%/IRS 0%/Larvicide 0%,0;0.4;0.4_0;0;0_0;0;0_-100;2;5475_-100;2;5475_-100;2;5475,22.4931506849315,Incidence,3.31962622459448e-05
NbyGQVwzFc_loc12_loop6,12,ITN 0%/IRS 0%/Larvicide 0%,0;0.4;0.4_0;0;0_0;0;0_-100;2;5475_-100;2;5475_-100;2;5475,22.4958904109589,Incidence,3.32829293995946e-05
NbyGQVwzFc_loc12_loop6,12,ITN 0%/IRS 0%/Larvicide 0%,0;0.4;0.4_0;0;0_0;0;0_-100;2;5475_-100;2;5475_-100;2;5475,22.4986301369863,Incidence,3.33697928394362e-05
NbyGQVwzFc_loc12_loop6,12,ITN 0%/IRS 0%/Larvicide 0%,0;0.4;0.4_0;0;0_0;0;0_-100;2;5475_-100;2;5475_-100;2;5475,22.5013698630137,Incidence,3.34568528077302e-05
NbyGQVwzFc_loc12_loop6,12,ITN 0%/IRS 0%/Larvicide 0%,0;0.4;0.4_0;0;0_0;0;0_-100;2;5475_-100;2;5475_-100;2;5475,22.5041095890411,Incidence,3.35441095459171e-05
NbyGQVwzFc_loc12_loop6,12,ITN 0%/IRS 0%/Larvicide 0%,0;0.4;0.4_0;0;0_0;0;0_-100;2;5475_-100;2;5475_-100;2;5475,22.5068493150685,Incidence,3.3631563294611e-05
NbyGQVwzFc_loc12_loop6,12,ITN 0%/IRS 0%/Larvicide 0%,0;0.4;0.4_0;0;0_0;0;0_-100;2;5475_-100;2;5475_-100;2;5475,22.5095890410959,Incidence,3.37192142935939e-05
NbyGQVwzFc_loc12_loop6,12,ITN 0%/IRS 0%/Larvicide 0%,0;0.4;0.4_0;0;0_0;0;0_-100;2;5475_-100;2;5475_-100;2;5475,22.5123287671233,Incidence,3.38070627818093e-05
NbyGQVwzFc_loc12_loop6,12,ITN 0%/IRS 0%/Larvicide 0%,0;0.4;0.4_0;0;0_0;0;0_-100;2;5475_-100;2;5475_-100;2;5475,22.5150684931507,Incidence,3.3895108997356e-05
NbyGQVwzFc_loc12_loop6,12,ITN 0%/IRS 0%/Larvicide 0%,0;0.4;0.4_0;0;0_0;0;0_-100;2;5475_-100;2;5475_-100;2;5475,22.5178082191781,Incidence,3.39833531774823e-05
NbyGQVwzFc_loc12_loop6,12,ITN 0%/IRS 0%/Larvicide 0%,0;0.4;0.4_0;0;0_0;0;0_-100;2;5475_-100;2;5475_-100;2;5475,22.5205479452055,Incidence,3.40717955585794e-05
NbyGQVwzFc_loc12_loop6,12,ITN 0%/IRS 0%/Larvicide 0%,0;0.4;0.4_0;0;0_0;0;0_-100;2;5475_-100;2;5475_-100;2;5475,22.5232876712329,Incidence,3.41604363761759e-05
NbyGQVwzFc_loc12_loop6,12,ITN 0%/IRS 0%/Larvicide 0%,0;0.4;0.4_0;0;0_0;0;0_-100;2;5475_-100;2;5475_-100;2;5475,22.5260273972603,Incidence,3.42492758649307e-05
NbyGQVwzFc_loc12_loop6,12,ITN 0%/IRS 0%/Larvicide 0%,0;0.4;0.4_0;0;0_0;0;0_-100;2;5475_-100;2;5475_-100;2;5475,22.5287671232877,Incidence,3.43383142586273e-05
NbyGQVwzFc_loc12_loop6,12,ITN 0%/IRS 0%/Larvicide 0%,0;0.4;0.4_0;0;0_0;0;0_-100;2;5475_-100;2;5475_-100;2;5475,22.5315068493151,Incidence,3.44275517901678e-05
NbyGQVwzFc_loc12_loop6,12,ITN 0%/IRS 0%/Larvicide 0%,0;0.4;0.4_0;0;0_0;0;0_-100;2;5475_-100;2;5475_-100;2;5475,22.5342465753425,Incidence,3.45169886915661e-05
NbyGQVwzFc_loc12_loop6,12,ITN 0%/IRS 0%/Larvicide 0%,0;0.4;0.4_0;0;0_0;0;0_-100;2;5475_-100;2;5475_-100;2;5475,22.5369863013699,Incidence,3.4606625194379e-05
NbyGQVwzFc_loc12_loop6,12,ITN 0%/IRS 0%/Larvicide 0%,0;0.4;0.4_0;0;0_0;0;0_-100;2;5475_-100;2;5475_-100;2;5475,22.5397260273973,Incidence,3.46964615302872e-05
NbyGQVwzFc_loc12_loop6,12,ITN 0%/IRS 0%/Larvicide 0%,0;0.4;0.4_0;0;0_0;0;0_-100;2;5475_-100;2;5475_-100;2;5475,22.5424657534247,Incidence,3.4786497927456e-05
NbyGQVwzFc_loc12_loop6,12,ITN 0%/IRS 0%/Larvicide 0%,0;0.4;0.4_0;0;0_0;0;0_-100;2;5475_-100;2;5475_-100;2;5475,22.5452054794521,Incidence,3.48767346128113e-05
NbyGQVwzFc_loc12_loop6,12,ITN 0%/IRS 0%/Larvicide 0%,0;0.4;0.4_0;0;0_0;0;0_-100;2;5475_-100;2;5475_-100;2;5475,22.5479452054795,Incidence,3.49671718123392e-05
NbyGQVwzFc_loc12_loop6,12,ITN 0%/IRS 0%/Larvicide 0%,0;0.4;0.4_0;0;0_0;0;0_-100;2;5475_-100;2;5475_-100;2;5475,22.5506849315069,Incidence,3.50578097510801e-05
NbyGQVwzFc_loc12_loop6,12,ITN 0%/IRS 0%/Larvicide 0%,0;0.4;0.4_0;0;0_0;0;0_-100;2;5475_-100;2;5475_-100;2;5475,22.5534246575343,Incidence,3.51486486531218e-05
NbyGQVwzFc_loc12_loop6,12,ITN 0%/IRS 0%/Larvicide 0%,0;0.4;0.4_0;0;0_0;0;0_-100;2;5475_-100;2;5475_-100;2;5475,22.5561643835616,Incidence,3.52396887415939e-05
NbyGQVwzFc_loc12_loop6,12,ITN 0%/IRS 0%/Larvicide 0%,0;0.4;0.4_0;0;0_0;0;0_-100;2;5475_-100;2;5475_-100;2;5475,22.558904109589,Incidence,3.53309302386609e-05
NbyGQVwzFc_loc12_loop6,12,ITN 0%/IRS 0%/Larvicide 0%,0;0.4;0.4_0;0;0_0;0;0_-100;2;5475_-100;2;5475_-100;2;5475,22.5616438356164,Incidence,3.54223733655158e-05
NbyGQVwzFc_loc12_loop6,12,ITN 0%/IRS 0%/Larvicide 0%,0;0.4;0.4_0;0;0_0;0;0_-100;2;5475_-100;2;5475_-100;2;5475,22.5643835616438,Incidence,3.55140183423741e-05
NbyGQVwzFc_loc12_loop6,12,ITN 0%/IRS 0%/Larvicide 0%,0;0.4;0.4_0;0;0_0;0;0_-100;2;5475_-100;2;5475_-100;2;5475,22.5671232876712,Incidence,3.56058653884671e-05
NbyGQVwzFc_loc12_loop6,12,ITN 0%/IRS 0%/Larvicide 0%,0;0.4;0.4_0;0;0_0;0;0_-100;2;5475_-100;2;5475_-100;2;5475,22.5698630136986,Incidence,3.56979147220358e-05
NbyGQVwzFc_loc12_loop6,12,ITN 0%/IRS 0%/Larvicide 0%,0;0.4;0.4_0;0;0_0;0;0_-100;2;5475_-100;2;5475_-100;2;5475,22.572602739726,Incidence,3.57901665603241e-05
NbyGQVwzFc_loc12_loop6,12,ITN 0%/IRS 0%/Larvicide 0%,0;0.4;0.4_0;0;0_0;0;0_-100;2;5475_-100;2;5475_-100;2;5475,22.5753424657534,Incidence,3.58826211195723e-05
NbyGQVwzFc_loc12_loop6,12,ITN 0%/IRS 0%/Larvicide 0%,0;0.4;0.4_0;0;0_0;0;0_-100;2;5475_-100;2;5475_-100;2;5475,22.5780821917808,Incidence,3.59752786150112e-05
NbyGQVwzFc_loc12_loop6,12,ITN 0%/IRS 0%/Larvicide 0%,0;0.4;0.4_0;0;0_0;0;0_-100;2;5475_-100;2;5475_-100;2;5475,22.5808219178082,Incidence,3.60681392608549e-05
NbyGQVwzFc_loc12_loop6,12,ITN 0%/IRS 0%/Larvicide 0%,0;0.4;0.4_0;0;0_0;0;0_-100;2;5475_-100;2;5475_-100;2;5475,22.5835616438356,Incidence,3.61612032702952e-05
NbyGQVwzFc_loc12_loop6,12,ITN 0%/IRS 0%/Larvicide 0%,0;0.4;0.4_0;0;0_0;0;0_-100;2;5475_-100;2;5475_-100;2;5475,22.586301369863,Incidence,3.62544708554941e-05
NbyGQVwzFc_loc12_loop6,12,ITN 0%/IRS 0%/Larvicide 0%,0;0.4;0.4_0;0;0_0;0;0_-100;2;5475_-100;2;5475_-100;2;5475,22.5890410958904,Incidence,3.63479422275782e-05
NbyGQVwzFc_loc12_loop6,12,ITN 0%/IRS 0%/Larvicide 0%,0;0.4;0.4_0;0;0_0;0;0_-100;2;5475_-100;2;5475_-100;2;5475,22.5917808219178,Incidence,3.64416175966314e-05
NbyGQVwzFc_loc12_loop6,12,ITN 0%/IRS 0%/Larvicide 0%,0;0.4;0.4_0;0;0_0;0;0_-100;2;5475_-100;2;5475_-100;2;5475,22.5945205479452,Incidence,3.65354971716889e-05
NbyGQVwzFc_loc12_loop6,12,ITN 0%/IRS 0%/Larvicide 0%,0;0.4;0.4_0;0;0_0;0;0_-100;2;5475_-100;2;5475_-100;2;5475,22.5972602739726,Incidence,3.66295811607301e-05
NbyGQVwzFc_loc12_loop6,12,ITN 0%/IRS 0%/Larvicide 0%,0;0.4;0.4_0;0;0_0;0;0_-100;2;5475_-100;2;5475_-100;2;5475,22.6,Incidence,3.67238697706728e-05
NbyGQVwzFc_loc12_loop6,12,ITN 0%/IRS 0%/Larvicide 0%,0;0.4;0.4_0;0;0_0;0;0_-100;2;5475_-100;2;5475_-100;2;5475,22.6027397260274,Incidence,3.68183632073661e-05
NbyGQVwzFc_loc12_loop6,12,ITN 0%/IRS 0%/Larvicide 0%,0;0.4;0.4_0;0;0_0;0;0_-100;2;5475_-100;2;5475_-100;2;5475,22.6054794520548,Incidence,3.69130616755835e-05
NbyGQVwzFc_loc12_loop6,12,ITN 0%/IRS 0%/Larvicide 0%,0;0.4;0.4_0;0;0_0;0;0_-100;2;5475_-100;2;5475_-100;2;5475,22.6082191780822,Incidence,3.70079653790222e-05
NbyGQVwzFc_loc12_loop6,12,ITN 0%/IRS 0%/Larvicide 0%,0;0.4;0.4_0;0;0_0;0;0_-100;2;5475_-100;2;5475_-100;2;5475,22.6109589041096,Incidence,3.7103074521588e-05
NbyGQVwzFc_loc12_loop6,12,ITN 0%/IRS 0%/Larvicide 0%,0;0.4;0.4_0;0;0_0;0;0_-100;2;5475_-100;2;5475_-100;2;5475,22.613698630137,Incidence,3.71983893047654e-05
NbyGQVwzFc_loc12_loop6,12,ITN 0%/IRS 0%/Larvicide 0%,0;0.4;0.4_0;0;0_0;0;0_-100;2;5475_-100;2;5475_-100;2;5475,22.6164383561644,Incidence,3.72939099274469e-05
NbyGQVwzFc_loc12_loop6,12,ITN 0%/IRS 0%/Larvicide 0%,0;0.4;0.4_0;0;0_0;0;0_-100;2;5475_-100;2;5475_-100;2;5475,22.6191780821918,Incidence,3.73896365873976e-05
NbyGQVwzFc_loc12_loop6,12,ITN 0%/IRS 0%/Larvicide 0%,0;0.4;0.4_0;0;0_0;0;0_-100;2;5475_-100;2;5475_-100;2;5475,22.6219178082192,Incidence,3.74855694812494e-05
NbyGQVwzFc_loc12_loop6,12,ITN 0%/IRS 0%/Larvicide 0%,0;0.4;0.4_0;0;0_0;0;0_-100;2;5475_-100;2;5475_-100;2;5475,22.6246575342466,Incidence,3.75817088044945e-05
NbyGQVwzFc_loc12_loop6,12,ITN 0%/IRS 0%/Larvicide 0%,0;0.4;0.4_0;0;0_0;0;0_-100;2;5475_-100;2;5475_-100;2;5475,22.627397260274,Incidence,3.76780547514779e-05
NbyGQVwzFc_loc12_loop6,12,ITN 0%/IRS 0%/Larvicide 0%,0;0.4;0.4_0;0;0_0;0;0_-100;2;5475_-100;2;5475_-100;2;5475,22.6301369863014,Incidence,3.77746075153918e-05
NbyGQVwzFc_loc12_loop6,12,ITN 0%/IRS 0%/Larvicide 0%,0;0.4;0.4_0;0;0_0;0;0_-100;2;5475_-100;2;5475_-100;2;5475,22.6328767123288,Incidence,3.78713672882678e-05
NbyGQVwzFc_loc12_loop6,12,ITN 0%/IRS 0%/Larvicide 0%,0;0.4;0.4_0;0;0_0;0;0_-100;2;5475_-100;2;5475_-100;2;5475,22.6356164383562,Incidence,3.79683342609716e-05
NbyGQVwzFc_loc12_loop6,12,ITN 0%/IRS 0%/Larvicide 0%,0;0.4;0.4_0;0;0_0;0;0_-100;2;5475_-100;2;5475_-100;2;5475,22.6383561643836,Incidence,3.8065508623195e-05
NbyGQVwzFc_loc12_loop6,12,ITN 0%/IRS 0%/Larvicide 0%,0;0.4;0.4_0;0;0_0;0;0_-100;2;5475_-100;2;5475_-100;2;5475,22.641095890411,Incidence,3.81628905634503e-05
NbyGQVwzFc_loc12_loop6,12,ITN 0%/IRS 0%/Larvicide 0%,0;0.4;0.4_0;0;0_0;0;0_-100;2;5475_-100;2;5475_-100;2;5475,22.6438356164384,Incidence,3.82604802690629e-05
NbyGQVwzFc_loc12_loop6,12,ITN 0%/IRS 0%/Larvicide 0%,0;0.4;0.4_0;0;0_0;0;0_-100;2;5475_-100;2;5475_-100;2;5475,22.6465753424658,Incidence,3.83582779261651e-05
NbyGQVwzFc_loc12_loop6,12,ITN 0%/IRS 0%/Larvicide 0%,0;0.4;0.4_0;0;0_0;0;0_-100;2;5475_-100;2;5475_-100;2;5475,22.6493150684932,Incidence,3.84562837196887e-05
NbyGQVwzFc_loc12_loop6,12,ITN 0%/IRS 0%/Larvicide 0%,0;0.4;0.4_0;0;0_0;0;0_-100;2;5475_-100;2;5475_-100;2;5475,22.6520547945206,Incidence,3.85544978333594e-05
NbyGQVwzFc_loc12_loop6,12,ITN 0%/IRS 0%/Larvicide 0%,0;0.4;0.4_0;0;0_0;0;0_-100;2;5475_-100;2;5475_-100;2;5475,22.6547945205479,Incidence,3.8652920449689e-05
NbyGQVwzFc_loc12_loop6,12,ITN 0%/IRS 0%/Larvicide 0%,0;0.4;0.4_0;0;0_0;0;0_-100;2;5475_-100;2;5475_-100;2;5475,22.6575342465753,Incidence,3.87515517499687e-05
NbyGQVwzFc_loc12_loop6,12,ITN 0%/IRS 0%/Larvicide 0%,0;0.4;0.4_0;0;0_0;0;0_-100;2;5475_-100;2;5475_-100;2;5475,22.6602739726027,Incidence,3.88503919142636e-05
NbyGQVwzFc_loc12_loop6,12,ITN 0%/IRS 0%/Larvicide 0%,0;0.4;0.4_0;0;0_0;0;0_-100;2;5475_-100;2;5475_-100;2;5475,22.6630136986301,Incidence,3.89494411214045e-05
NbyGQVwzFc_loc12_loop6,12,ITN 0%/IRS 0%/Larvicide 0%,0;0.4;0.4_0;0;0_0;0;0_-100;2;5475_-100;2;5475_-100;2;5475,22.6657534246575,Incidence,3.90486995489818e-05
NbyGQVwzFc_loc12_loop6,12,ITN 0%/IRS 0%/Larvicide 0%,0;0.4;0.4_0;0;0_0;0;0_-100;2;5475_-100;2;5475_-100;2;5475,22.6684931506849,Incidence,3.9148167373339e-05
NbyGQVwzFc_loc12_loop6,12,ITN 0%/IRS 0%/Larvicide 0%,0;0.4;0.4_0;0;0_0;0;0_-100;2;5475_-100;2;5475_-100;2;5475,22.6712328767123,Incidence,3.9247844769565e-05
NbyGQVwzFc_loc12_loop6,12,ITN 0%/IRS 0%/Larvicide 0%,0;0.4;0.4_0;0;0_0;0;0_-100;2;5475_-100;2;5475_-100;2;5475,22.6739726027397,Incidence,3.93477319114886e-05
NbyGQVwzFc_loc12_loop6,12,ITN 0%/IRS 0%/Larvicide 0%,0;0.4;0.4_0;0;0_0;0;0_-100;2;5475_-100;2;5475_-100;2;5475,22.6767123287671,Incidence,3.94478289716703e-05
NbyGQVwzFc_loc12_loop6,12,ITN 0%/IRS 0%/Larvicide 0%,0;0.4;0.4_0;0;0_0;0;0_-100;2;5475_-100;2;5475_-100;2;5475,22.6794520547945,Incidence,3.95481361213969e-05
NbyGQVwzFc_loc12_loop6,12,ITN 0%/IRS 0%/Larvicide 0%,0;0.4;0.4_0;0;0_0;0;0_-100;2;5475_-100;2;5475_-100;2;5475,22.6821917808219,Incidence,3.96486535306739e-05
NbyGQVwzFc_loc12_loop6,12,ITN 0%/IRS 0%/Larvicide 0%,0;0.4;0.4_0;0;0_0;0;0_-100;2;5475_-100;2;5475_-100;2;5475,22.6849315068493,Incidence,3.9749381368743e-05
NbyGQVwzFc_loc12_loop6,12,ITN 0%/IRS 0%/Larvicide 0%,0;0.4;0.4_0;0;0_0;0;0_-100;2;5475_-100;2;5475_-100;2;5475,22.6876712328767,Incidence,3.98503198040297e-05
NbyGQVwzFc_loc12_loop6,12,ITN 0%/IRS 0%/Larvicide 0%,0;0.4;0.4_0;0;0_0;0;0_-100;2;5475_-100;2;5475_-100;2;5475,22.6904109589041,Incidence,3.995146900127e-05
NbyGQVwzFc_loc12_loop6,12,ITN 0%/IRS 0%/Larvicide 0%,0;0.4;0.4_0;0;0_0;0;0_-100;2;5475_-100;2;5475_-100;2;5475,22.6931506849315,Incidence,4.00528291237133e-05
NbyGQVwzFc_loc12_loop6,12,ITN 0%/IRS 0%/Larvicide 0%,0;0.4;0.4_0;0;0_0;0;0_-100;2;5475_-100;2;5475_-100;2;5475,22.6958904109589,Incidence,4.01544003332771e-05
NbyGQVwzFc_loc12_loop6,12,ITN 0%/IRS 0%/Larvicide 0%,0;0.4;0.4_0;0;0_0;0;0_-100;2;5475_-100;2;5475_-100;2;5475,22.6986301369863,Incidence,4.02561827905405e-05
NbyGQVwzFc_loc12_loop6,12,ITN 0%/IRS 0%/Larvicide 0%,0;0.4;0.4_0;0;0_0;0;0_-100;2;5475_-100;2;5475_-100;2;5475,22.7013698630137,Incidence,4.03581766547371e-05
NbyGQVwzFc_loc12_loop6,12,ITN 0%/IRS 0%/Larvicide 0%,0;0.4;0.4_0;0;0_0;0;0_-100;2;5475_-100;2;5475_-100;2;5475,22.7041095890411,Incidence,4.04603820837482e-05
NbyGQVwzFc_loc12_loop6,12,ITN 0%/IRS 0%/Larvicide 0%,0;0.4;0.4_0;0;0_0;0;0_-100;2;5475_-100;2;5475_-100;2;5475,22.7068493150685,Incidence,4.05627992340962e-05
NbyGQVwzFc_loc12_loop6,12,ITN 0%/IRS 0%/Larvicide 0%,0;0.4;0.4_0;0;0_0;0;0_-100;2;5475_-100;2;5475_-100;2;5475,22.7095890410959,Incidence,4.06654282609379e-05
NbyGQVwzFc_loc12_loop6,12,ITN 0%/IRS 0%/Larvicide 0%,0;0.4;0.4_0;0;0_0;0;0_-100;2;5475_-100;2;5475_-100;2;5475,22.7123287671233,Incidence,4.07682693180578e-05
NbyGQVwzFc_loc12_loop6,12,ITN 0%/IRS 0%/Larvicide 0%,0;0.4;0.4_0;0;0_0;0;0_-100;2;5475_-100;2;5475_-100;2;5475,22.7150684931507,Incidence,4.08713225578606e-05
NbyGQVwzFc_loc12_loop6,12,ITN 0%/IRS 0%/Larvicide 0%,0;0.4;0.4_0;0;0_0;0;0_-100;2;5475_-100;2;5475_-100;2;5475,22.7178082191781,Incidence,4.09745881313655e-05
NbyGQVwzFc_loc12_loop6,12,ITN 0%/IRS 0%/Larvicide 0%,0;0.4;0.4_0;0;0_0;0;0_-100;2;5475_-100;2;5475_-100;2;5475,22.7205479452055,Incidence,4.10780661881984e-05
NbyGQVwzFc_loc12_loop6,12,ITN 0%/IRS 0%/Larvicide 0%,0;0.4;0.4_0;0;0_0;0;0_-100;2;5475_-100;2;5475_-100;2;5475,22.7232876712329,Incidence,4.11817568765859e-05
NbyGQVwzFc_loc12_loop6,12,ITN 0%/IRS 0%/Larvicide 0%,0;0.4;0.4_0;0;0_0;0;0_-100;2;5475_-100;2;5475_-100;2;5475,22.7260273972603,Incidence,4.12856603433479e-05
NbyGQVwzFc_loc12_loop6,12,ITN 0%/IRS 0%/Larvicide 0%,0;0.4;0.4_0;0;0_0;0;0_-100;2;5475_-100;2;5475_-100;2;5475,22.7287671232877,Incidence,4.13897767338913e-05
NbyGQVwzFc_loc12_loop6,12,ITN 0%/IRS 0%/Larvicide 0%,0;0.4;0.4_0;0;0_0;0;0_-100;2;5475_-100;2;5475_-100;2;5475,22.7315068493151,Incidence,4.14941061922027e-05
NbyGQVwzFc_loc12_loop6,12,ITN 0%/IRS 0%/Larvicide 0%,0;0.4;0.4_0;0;0_0;0;0_-100;2;5475_-100;2;5475_-100;2;5475,22.7342465753425,Incidence,4.1598648860842e-05
NbyGQVwzFc_loc12_loop6,12,ITN 0%/IRS 0%/Larvicide 0%,0;0.4;0.4_0;0;0_0;0;0_-100;2;5475_-100;2;5475_-100;2;5475,22.7369863013699,Incidence,4.17034048809356e-05
NbyGQVwzFc_loc12_loop6,12,ITN 0%/IRS 0%/Larvicide 0%,0;0.4;0.4_0;0;0_0;0;0_-100;2;5475_-100;2;5475_-100;2;5475,22.7397260273973,Incidence,4.18083743921695e-05
NbyGQVwzFc_loc12_loop6,12,ITN 0%/IRS 0%/Larvicide 0%,0;0.4;0.4_0;0;0_0;0;0_-100;2;5475_-100;2;5475_-100;2;5475,22.7424657534247,Incidence,4.19135575327823e-05
NbyGQVwzFc_loc12_loop6,12,ITN 0%/IRS 0%/Larvicide 0%,0;0.4;0.4_0;0;0_0;0;0_-100;2;5475_-100;2;5475_-100;2;5475,22.7452054794521,Incidence,4.20189544395586e-05
NbyGQVwzFc_loc12_loop6,12,ITN 0%/IRS 0%/Larvicide 0%,0;0.4;0.4_0;0;0_0;0;0_-100;2;5475_-100;2;5475_-100;2;5475,22.7479452054795,Incidence,4.21245652478222e-05
NbyGQVwzFc_loc12_loop6,12,ITN 0%/IRS 0%/Larvicide 0%,0;0.4;0.4_0;0;0_0;0;0_-100;2;5475_-100;2;5475_-100;2;5475,22.7506849315069,Incidence,4.22303900914294e-05
NbyGQVwzFc_loc12_loop6,12,ITN 0%/IRS 0%/Larvicide 0%,0;0.4;0.4_0;0;0_0;0;0_-100;2;5475_-100;2;5475_-100;2;5475,22.7534246575343,Incidence,4.23364291027621e-05
NbyGQVwzFc_loc12_loop6,12,ITN 0%/IRS 0%/Larvicide 0%,0;0.4;0.4_0;0;0_0;0;0_-100;2;5475_-100;2;5475_-100;2;5475,22.7561643835616,Incidence,4.24426824127207e-05
NbyGQVwzFc_loc12_loop6,12,ITN 0%/IRS 0%/Larvicide 0%,0;0.4;0.4_0;0;0_0;0;0_-100;2;5475_-100;2;5475_-100;2;5475,22.758904109589,Incidence,4.25491501507178e-05
NbyGQVwzFc_loc12_loop6,12,ITN 0%/IRS 0%/Larvicide 0%,0;0.4;0.4_0;0;0_0;0;0_-100;2;5475_-100;2;5475_-100;2;5475,22.7616438356164,Incidence,4.26558324447825e-05
NbyGQVwzFc_loc12_loop6,12,ITN 0%/IRS 0%/Larvicide 0%,0;0.4;0.4_0;0;0_0;0;0_-100;2;5475_-100;2;5475_-100;2;5475,22.7643835616438,Incidence,4.27627294225795e-05
NbyGQVwzFc_loc12_loop6,12,ITN 0%/IRS 0%/Larvicide 0%,0;0.4;0.4_0;0;0_0;0;0_-100;2;5475_-100;2;5475_-100;2;5475,22.7671232876712,Incidence,4.28698412081463e-05
NbyGQVwzFc_loc12_loop6,12,ITN 0%/IRS 0%/Larvicide 0%,0;0.4;0.4_0;0;0_0;0;0_-100;2;5475_-100;2;5475_-100;2;5475,22.7698630136986,Incidence,4.29771679232939e-05
NbyGQVwzFc_loc12_loop6,12,ITN 0%/IRS 0%/Larvicide 0%,0;0.4;0.4_0;0;0_0;0;0_-100;2;5475_-100;2;5475_-100;2;5475,22.772602739726,Incidence,4.30847096882965e-05
NbyGQVwzFc_loc12_loop6,12,ITN 0%/IRS 0%/Larvicide 0%,0;0.4;0.4_0;0;0_0;0;0_-100;2;5475_-100;2;5475_-100;2;5475,22.7753424657534,Incidence,4.31924666218845e-05
NbyGQVwzFc_loc12_loop6,12,ITN 0%/IRS 0%/Larvicide 0%,0;0.4;0.4_0;0;0_0;0;0_-100;2;5475_-100;2;5475_-100;2;5475,22.7780821917808,Incidence,4.33004388412386e-05
NbyGQVwzFc_loc12_loop6,12,ITN 0%/IRS 0%/Larvicide 0%,0;0.4;0.4_0;0;0_0;0;0_-100;2;5475_-100;2;5475_-100;2;5475,22.7808219178082,Incidence,4.34086264619819e-05
NbyGQVwzFc_loc12_loop6,12,ITN 0%/IRS 0%/Larvicide 0%,0;0.4;0.4_0;0;0_0;0;0_-100;2;5475_-100;2;5475_-100;2;5475,22.7835616438356,Incidence,4.35170295981744e-05
NbyGQVwzFc_loc12_loop6,12,ITN 0%/IRS 0%/Larvicide 0%,0;0.4;0.4_0;0;0_0;0;0_-100;2;5475_-100;2;5475_-100;2;5475,22.786301369863,Incidence,4.36256483623058e-05
NbyGQVwzFc_loc12_loop6,12,ITN 0%/IRS 0%/Larvicide 0%,0;0.4;0.4_0;0;0_0;0;0_-100;2;5475_-100;2;5475_-100;2;5475,22.7890410958904,Incidence,4.37344828652884e-05
NbyGQVwzFc_loc12_loop6,12,ITN 0%/IRS 0%/Larvicide 0%,0;0.4;0.4_0;0;0_0;0;0_-100;2;5475_-100;2;5475_-100;2;5475,22.7917808219178,Incidence,4.38435332164513e-05
NbyGQVwzFc_loc12_loop6,12,ITN 0%/IRS 0%/Larvicide 0%,0;0.4;0.4_0;0;0_0;0;0_-100;2;5475_-100;2;5475_-100;2;5475,22.7945205479452,Incidence,4.3952799523533e-05
NbyGQVwzFc_loc12_loop6,12,ITN 0%/IRS 0%/Larvicide 0%,0;0.4;0.4_0;0;0_0;0;0_-100;2;5475_-100;2;5475_-100;2;5475,22.7972602739726,Incidence,4.40622818926751e-05
NbyGQVwzFc_loc12_loop6,12,ITN 0%/IRS 0%/Larvicide 0%,0;0.4;0.4_0;0;0_0;0;0_-100;2;5475_-100;2;5475_-100;2;5475,22.8,Incidence,4.41719804284153e-05
NbyGQVwzFc_loc12_loop6,12,ITN 0%/IRS 0%/Larvicide 0%,0;0.4;0.4_0;0;0_0;0;0_-100;2;5475_-100;2;5475_-100;2;5475,22.8027397260274,Incidence,4.4281895233681e-05
NbyGQVwzFc_loc12_loop6,12,ITN 0%/IRS 0%/Larvicide 0%,0;0.4;0.4_0;0;0_0;0;0_-100;2;5475_-100;2;5475_-100;2;5475,22.8054794520548,Incidence,4.43920264097827e-05
NbyGQVwzFc_loc12_loop6,12,ITN 0%/IRS 0%/Larvicide 0%,0;0.4;0.4_0;0;0_0;0;0_-100;2;5475_-100;2;5475_-100;2;5475,22.8082191780822,Incidence,4.45023740564074e-05
NbyGQVwzFc_loc12_loop6,12,ITN 0%/IRS 0%/Larvicide 0%,0;0.4;0.4_0;0;0_0;0;0_-100;2;5475_-100;2;5475_-100;2;5475,22.8109589041096,Incidence,4.46129382716114e-05
NbyGQVwzFc_loc12_loop6,12,ITN 0%/IRS 0%/Larvicide 0%,0;0.4;0.4_0;0;0_0;0;0_-100;2;5475_-100;2;5475_-100;2;5475,22.813698630137,Incidence,4.47237191518143e-05
NbyGQVwzFc_loc12_loop6,12,ITN 0%/IRS 0%/Larvicide 0%,0;0.4;0.4_0;0;0_0;0;0_-100;2;5475_-100;2;5475_-100;2;5475,22.8164383561644,Incidence,4.48347167917922e-05
NbyGQVwzFc_loc12_loop6,12,ITN 0%/IRS 0%/Larvicide 0%,0;0.4;0.4_0;0;0_0;0;0_-100;2;5475_-100;2;5475_-100;2;5475,22.8191780821918,Incidence,4.4945931284671e-05
NbyGQVwzFc_loc12_loop6,12,ITN 0%/IRS 0%/Larvicide 0%,0;0.4;0.4_0;0;0_0;0;0_-100;2;5475_-100;2;5475_-100;2;5475,22.8219178082192,Incidence,4.50573627219197e-05
NbyGQVwzFc_loc12_loop6,12,ITN 0%/IRS 0%/Larvicide 0%,0;0.4;0.4_0;0;0_0;0;0_-100;2;5475_-100;2;5475_-100;2;5475,22.8246575342466,Incidence,4.51690111933441e-05
NbyGQVwzFc_loc12_loop6,12,ITN 0%/IRS 0%/Larvicide 0%,0;0.4;0.4_0;0;0_0;0;0_-100;2;5475_-100;2;5475_-100;2;5475,22.827397260274,Incidence,4.52808767870797e-05
NbyGQVwzFc_loc12_loop6,12,ITN 0%/IRS 0%/Larvicide 0%,0;0.4;0.4_0;0;0_0;0;0_-100;2;5475_-100;2;5475_-100;2;5475,22.8301369863014,Incidence,4.5392959589586e-05
NbyGQVwzFc_loc12_loop6,12,ITN 0%/IRS 0%/Larvicide 0%,0;0.4;0.4_0;0;0_0;0;0_-100;2;5475_-100;2;5475_-100;2;5475,22.8328767123288,Incidence,4.55052596856386e-05
NbyGQVwzFc_loc12_loop6,12,ITN 0%/IRS 0%/Larvicide 0%,0;0.4;0.4_0;0;0_0;0;0_-100;2;5475_-100;2;5475_-100;2;5475,22.8356164383562,Incidence,4.56177771583242e-05
NbyGQVwzFc_loc12_loop6,12,ITN 0%/IRS 0%/Larvicide 0%,0;0.4;0.4_0;0;0_0;0;0_-100;2;5475_-100;2;5475_-100;2;5475,22.8383561643836,Incidence,4.57305120890327e-05
NbyGQVwzFc_loc12_loop6,12,ITN 0%/IRS 0%/Larvicide 0%,0;0.4;0.4_0;0;0_0;0;0_-100;2;5475_-100;2;5475_-100;2;5475,22.841095890411,Incidence,4.58434645574512e-05
NbyGQVwzFc_loc12_loop6,12,ITN 0%/IRS 0%/Larvicide 0%,0;0.4;0.4_0;0;0_0;0;0_-100;2;5475_-100;2;5475_-100;2;5475,22.8438356164384,Incidence,4.59566346423156e-05
NbyGQVwzFc_loc12_loop6,12,ITN 0%/IRS 0%/Larvicide 0%,0;0.4;0.4_0;0;0_0;0;0_-100;2;5475_-100;2;5475_-100;2;5475,22.8465753424658,Incidence,4.60700224200458e-05
NbyGQVwzFc_loc12_loop6,12,ITN 0%/IRS 0%/Larvicide 0%,0;0.4;0.4_0;0;0_0;0;0_-100;2;5475_-100;2;5475_-100;2;5475,22.8493150684932,Incidence,4.61836279636074e-05
NbyGQVwzFc_loc12_loop6,12,ITN 0%/IRS 0%/Larvicide 0%,0;0.4;0.4_0;0;0_0;0;0_-100;2;5475_-100;2;5475_-100;2;5475,22.8520547945206,Incidence,4.62974513442117e-05
NbyGQVwzFc_loc12_loop6,12,ITN 0%/IRS 0%/Larvicide 0%,0;0.4;0.4_0;0;0_0;0;0_-100;2;5475_-100;2;5475_-100;2;5475,22.8547945205479,Incidence,4.64114926313219e-05
NbyGQVwzFc_loc12_loop6,12,ITN 0%/IRS 0%/Larvicide 0%,0;0.4;0.4_0;0;0_0;0;0_-100;2;5475_-100;2;5475_-100;2;5475,22.8575342465753,Incidence,4.65257518926465e-05
NbyGQVwzFc_loc12_loop6,12,ITN 0%/IRS 0%/Larvicide 0%,0;0.4;0.4_0;0;0_0;0;0_-100;2;5475_-100;2;5475_-100;2;5475,22.8602739726027,Incidence,4.6640229194133e-05
NbyGQVwzFc_loc12_loop6,12,ITN 0%/IRS 0%/Larvicide 0%,0;0.4;0.4_0;0;0_0;0;0_-100;2;5475_-100;2;5475_-100;2;5475,22.8630136986301,Incidence,4.67549245999613e-05
NbyGQVwzFc_loc12_loop6,12,ITN 0%/IRS 0%/Larvicide 0%,0;0.4;0.4_0;0;0_0;0;0_-100;2;5475_-100;2;5475_-100;2;5475,22.8657534246575,Incidence,4.68698381725377e-05
NbyGQVwzFc_loc12_loop6,12,ITN 0%/IRS 0%/Larvicide 0%,0;0.4;0.4_0;0;0_0;0;0_-100;2;5475_-100;2;5475_-100;2;5475,22.8684931506849,Incidence,4.69849699724882e-05
NbyGQVwzFc_loc12_loop6,12,ITN 0%/IRS 0%/Larvicide 0%,0;0.4;0.4_0;0;0_0;0;0_-100;2;5475_-100;2;5475_-100;2;5475,22.8712328767123,Incidence,4.71003200586529e-05
NbyGQVwzFc_loc12_loop6,12,ITN 0%/IRS 0%/Larvicide 0%,0;0.4;0.4_0;0;0_0;0;0_-100;2;5475_-100;2;5475_-100;2;5475,22.8739726027397,Incidence,4.72158884880783e-05
NbyGQVwzFc_loc12_loop6,12,ITN 0%/IRS 0%/Larvicide 0%,0;0.4;0.4_0;0;0_0;0;0_-100;2;5475_-100;2;5475_-100;2;5475,22.8767123287671,Incidence,4.73316753160124e-05
NbyGQVwzFc_loc12_loop6,12,ITN 0%/IRS 0%/Larvicide 0%,0;0.4;0.4_0;0;0_0;0;0_-100;2;5475_-100;2;5475_-100;2;5475,22.8794520547945,Incidence,4.74476805958978e-05
NbyGQVwzFc_loc12_loop6,12,ITN 0%/IRS 0%/Larvicide 0%,0;0.4;0.4_0;0;0_0;0;0_-100;2;5475_-100;2;5475_-100;2;5475,22.8821917808219,Incidence,4.75639043793655e-05
NbyGQVwzFc_loc12_loop6,12,ITN 0%/IRS 0%/Larvicide 0%,0;0.4;0.4_0;0;0_0;0;0_-100;2;5475_-100;2;5475_-100;2;5475,22.8849315068493,Incidence,4.76803467162282e-05
NbyGQVwzFc_loc12_loop6,12,ITN 0%/IRS 0%/Larvicide 0%,0;0.4;0.4_0;0;0_0;0;0_-100;2;5475_-100;2;5475_-100;2;5475,22.8876712328767,Incidence,4.77970076544748e-05
NbyGQVwzFc_loc12_loop6,12,ITN 0%/IRS 0%/Larvicide 0%,0;0.4;0.4_0;0;0_0;0;0_-100;2;5475_-100;2;5475_-100;2;5475,22.8904109589041,Incidence,4.79138872402642e-05
NbyGQVwzFc_loc12_loop6,12,ITN 0%/IRS 0%/Larvicide 0%,0;0.4;0.4_0;0;0_0;0;0_-100;2;5475_-100;2;5475_-100;2;5475,22.8931506849315,Incidence,4.80309855179184e-05
NbyGQVwzFc_loc12_loop6,12,ITN 0%/IRS 0%/Larvicide 0%,0;0.4;0.4_0;0;0_0;0;0_-100;2;5475_-100;2;5475_-100;2;5475,22.8958904109589,Incidence,4.81483025299162e-05
NbyGQVwzFc_loc12_loop6,12,ITN 0%/IRS 0%/Larvicide 0%,0;0.4;0.4_0;0;0_0;0;0_-100;2;5475_-100;2;5475_-100;2;5475,22.8986301369863,Incidence,4.82658383168887e-05
NbyGQVwzFc_loc12_loop6,12,ITN 0%/IRS 0%/Larvicide 0%,0;0.4;0.4_0;0;0_0;0;0_-100;2;5475_-100;2;5475_-100;2;5475,22.9013698630137,Incidence,4.83835929176109e-05
NbyGQVwzFc_loc12_loop6,12,ITN 0%/IRS 0%/Larvicide 0%,0;0.4;0.4_0;0;0_0;0;0_-100;2;5475_-100;2;5475_-100;2;5475,22.9041095890411,Incidence,4.85015663689973e-05
NbyGQVwzFc_loc12_loop6,12,ITN 0%/IRS 0%/Larvicide 0%,0;0.4;0.4_0;0;0_0;0;0_-100;2;5475_-100;2;5475_-100;2;5475,22.9068493150685,Incidence,4.86197587060949e-05
NbyGQVwzFc_loc12_loop6,12,ITN 0%/IRS 0%/Larvicide 0%,0;0.4;0.4_0;0;0_0;0;0_-100;2;5475_-100;2;5475_-100;2;5475,22.9095890410959,Incidence,4.87381699620768e-05
NbyGQVwzFc_loc12_loop6,12,ITN 0%/IRS 0%/Larvicide 0%,0;0.4;0.4_0;0;0_0;0;0_-100;2;5475_-100;2;5475_-100;2;5475,22.9123287671233,Incidence,4.8856800168237e-05
NbyGQVwzFc_loc12_loop6,12,ITN 0%/IRS 0%/Larvicide 0%,0;0.4;0.4_0;0;0_0;0;0_-100;2;5475_-100;2;5475_-100;2;5475,22.9150684931507,Incidence,4.89756493539842e-05
NbyGQVwzFc_loc12_loop6,12,ITN 0%/IRS 0%/Larvicide 0%,0;0.4;0.4_0;0;0_0;0;0_-100;2;5475_-100;2;5475_-100;2;5475,22.9178082191781,Incidence,4.90947175468352e-05
NbyGQVwzFc_loc12_loop6,12,ITN 0%/IRS 0%/Larvicide 0%,0;0.4;0.4_0;0;0_0;0;0_-100;2;5475_-100;2;5475_-100;2;5475,22.9205479452055,Incidence,4.9214004772409e-05
NbyGQVwzFc_loc12_loop6,12,ITN 0%/IRS 0%/Larvicide 0%,0;0.4;0.4_0;0;0_0;0;0_-100;2;5475_-100;2;5475_-100;2;5475,22.9232876712329,Incidence,4.93335110544214e-05
NbyGQVwzFc_loc12_loop6,12,ITN 0%/IRS 0%/Larvicide 0%,0;0.4;0.4_0;0;0_0;0;0_-100;2;5475_-100;2;5475_-100;2;5475,22.9260273972603,Incidence,4.94532364147979e-05
NbyGQVwzFc_loc12_loop6,12,ITN 0%/IRS 0%/Larvicide 0%,0;0.4;0.4_0;0;0_0;0;0_-100;2;5475_-100;2;5475_-100;2;5475,22.9287671232877,Incidence,4.95731808743764e-05
NbyGQVwzFc_loc12_loop6,12,ITN 0%/IRS 0%/Larvicide 0%,0;0.4;0.4_0;0;0_0;0;0_-100;2;5475_-100;2;5475_-100;2;5475,22.9315068493151,Incidence,4.96933444500744e-05
NbyGQVwzFc_loc12_loop6,12,ITN 0%/IRS 0%/Larvicide 0%,0;0.4;0.4_0;0;0_0;0;0_-100;2;5475_-100;2;5475_-100;2;5475,22.9342465753425,Incidence,4.98137271563468e-05
NbyGQVwzFc_loc12_loop6,12,ITN 0%/IRS 0%/Larvicide 0%,0;0.4;0.4_0;0;0_0;0;0_-100;2;5475_-100;2;5475_-100;2;5475,22.9369863013699,Incidence,4.99343290057034e-05
NbyGQVwzFc_loc12_loop6,12,ITN 0%/IRS 0%/Larvicide 0%,0;0.4;0.4_0;0;0_0;0;0_-100;2;5475_-100;2;5475_-100;2;5475,22.9397260273973,Incidence,5.00551500087041e-05
NbyGQVwzFc_loc12_loop6,12,ITN 0%/IRS 0%/Larvicide 0%,0;0.4;0.4_0;0;0_0;0;0_-100;2;5475_-100;2;5475_-100;2;5475,22.9424657534247,Incidence,5.01761901739529e-05
NbyGQVwzFc_loc12_loop6,12,ITN 0%/IRS 0%/Larvicide 0%,0;0.4;0.4_0;0;0_0;0;0_-100;2;5475_-100;2;5475_-100;2;5475,22.9452054794521,Incidence,5.02974495080918e-05
NbyGQVwzFc_loc12_loop6,12,ITN 0%/IRS 0%/Larvicide 0%,0;0.4;0.4_0;0;0_0;0;0_-100;2;5475_-100;2;5475_-100;2;5475,22.9479452054795,Incidence,5.04189280157961e-05
NbyGQVwzFc_loc12_loop6,12,ITN 0%/IRS 0%/Larvicide 0%,0;0.4;0.4_0;0;0_0;0;0_-100;2;5475_-100;2;5475_-100;2;5475,22.9506849315069,Incidence,5.0540625699767e-05
NbyGQVwzFc_loc12_loop6,12,ITN 0%/IRS 0%/Larvicide 0%,0;0.4;0.4_0;0;0_0;0;0_-100;2;5475_-100;2;5475_-100;2;5475,22.9534246575342,Incidence,5.06625425607277e-05
NbyGQVwzFc_loc12_loop6,12,ITN 0%/IRS 0%/Larvicide 0%,0;0.4;0.4_0;0;0_0;0;0_-100;2;5475_-100;2;5475_-100;2;5475,22.9561643835616,Incidence,5.07846785974168e-05
NbyGQVwzFc_loc12_loop6,12,ITN 0%/IRS 0%/Larvicide 0%,0;0.4;0.4_0;0;0_0;0;0_-100;2;5475_-100;2;5475_-100;2;5475,22.958904109589,Incidence,5.09070338065827e-05
NbyGQVwzFc_loc12_loop6,12,ITN 0%/IRS 0%/Larvicide 0%,0;0.4;0.4_0;0;0_0;0;0_-100;2;5475_-100;2;5475_-100;2;5475,22.9616438356164,Incidence,5.10296081829783e-05
NbyGQVwzFc_loc12_loop6,12,ITN 0%/IRS 0%/Larvicide 0%,0;0.4;0.4_0;0;0_0;0;0_-100;2;5475_-100;2;5475_-100;2;5475,22.9643835616438,Incidence,5.11524017193556e-05
NbyGQVwzFc_loc12_loop6,12,ITN 0%/IRS 0%/Larvicide 0%,0;0.4;0.4_0;0;0_0;0;0_-100;2;5475_-100;2;5475_-100;2;5475,22.9671232876712,Incidence,5.12754144064592e-05
NbyGQVwzFc_loc12_loop6,12,ITN 0%/IRS 0%/Larvicide 0%,0;0.4;0.4_0;0;0_0;0;0_-100;2;5475_-100;2;5475_-100;2;5475,22.9698630136986,Incidence,5.13986462330215e-05
NbyGQVwzFc_loc12_loop6,12,ITN 0%/IRS 0%/Larvicide 0%,0;0.4;0.4_0;0;0_0;0;0_-100;2;5475_-100;2;5475_-100;2;5475,22.972602739726,Incidence,5.15220971857575e-05
NbyGQVwzFc_loc12_loop6,12,ITN 0%/IRS 0%/Larvicide 0%,0;0.4;0.4_0;0;0_0;0;0_-100;2;5475_-100;2;5475_-100;2;5475,22.9753424657534,Incidence,5.16457672493588e-05
NbyGQVwzFc_loc12_loop6,12,ITN 0%/IRS 0%/Larvicide 0%,0;0.4;0.4_0;0;0_0;0;0_-100;2;5475_-100;2;5475_-100;2;5475,22.9780821917808,Incidence,5.17696564064882e-05
NbyGQVwzFc_loc12_loop6,12,ITN 0%/IRS 0%/Larvicide 0%,0;0.4;0.4_0;0;0_0;0;0_-100;2;5475_-100;2;5475_-100;2;5475,22.9808219178082,Incidence,5.18937646377745e-05
NbyGQVwzFc_loc12_loop6,12,ITN 0%/IRS 0%/Larvicide 0%,0;0.4;0.4_0;0;0_0;0;0_-100;2;5475_-100;2;5475_-100;2;5475,22.9835616438356,Incidence,5.20180919218065e-05
NbyGQVwzFc_loc12_loop6,12,ITN 0%/IRS 0%/Larvicide 0%,0;0.4;0.4_0;0;0_0;0;0_-100;2;5475_-100;2;5475_-100;2;5475,22.986301369863,Incidence,5.2142638235129e-05
NbyGQVwzFc_loc12_loop6,12,ITN 0%/IRS 0%/Larvicide 0%,0;0.4;0.4_0;0;0_0;0;0_-100;2;5475_-100;2;5475_-100;2;5475,22.9890410958904,Incidence,5.22674035522358e-05
NbyGQVwzFc_loc12_loop6,12,ITN 0%/IRS 0%/Larvicide 0%,0;0.4;0.4_0;0;0_0;0;0_-100;2;5475_-100;2;5475_-100;2;5475,22.9917808219178,Incidence,5.23923878455658e-05
NbyGQVwzFc_loc12_loop6,12,ITN 0%/IRS 0%/Larvicide 0%,0;0.4;0.4_0;0;0_0;0;0_-100;2;5475_-100;2;5475_-100;2;5475,22.9945205479452,Incidence,5.25175910854967e-05
NbyGQVwzFc_loc12_loop6,12,ITN 0%/IRS 0%/Larvicide 0%,0;0.4;0.4_0;0;0_0;0;0_-100;2;5475_-100;2;5475_-100;2;5475,22.9972602739726,Incidence,5.26430132403404e-05
NbyGQVwzFc_loc12_loop6,12,ITN 0%/IRS 0%/Larvicide 0%,0;0.4;0.4_0;0;0_0;0;0_-100;2;5475_-100;2;5475_-100;2;5475,23,Incidence,5.27686542763376e-05
NbyGQVwzFc_loc12_loop6,12,ITN 0%/IRS 0%/Larvicide 0%,0;0.4;0.4_0;0;0_0;0;0_-100;2;5475_-100;2;5475_-100;2;5475,23.0027397260274,Incidence,5.28945141576522e-05
NbyGQVwzFc_loc12_loop6,12,ITN 0%/IRS 0%/Larvicide 0%,0;0.4;0.4_0;0;0_0;0;0_-100;2;5475_-100;2;5475_-100;2;5475,23.0054794520548,Incidence,5.3020592846367e-05
NbyGQVwzFc_loc12_loop6,12,ITN 0%/IRS 0%/Larvicide 0%,0;0.4;0.4_0;0;0_0;0;0_-100;2;5475_-100;2;5475_-100;2;5475,23.0082191780822,Incidence,5.31468903024775e-05
NbyGQVwzFc_loc12_loop6,12,ITN 0%/IRS 0%/Larvicide 0%,0;0.4;0.4_0;0;0_0;0;0_-100;2;5475_-100;2;5475_-100;2;5475,23.0109589041096,Incidence,5.32734064838877e-05
NbyGQVwzFc_loc12_loop6,12,ITN 0%/IRS 0%/Larvicide 0%,0;0.4;0.4_0;0;0_0;0;0_-100;2;5475_-100;2;5475_-100;2;5475,23.013698630137,Incidence,5.34001413466486e-05
NbyGQVwzFc_loc12_loop6,12,ITN 0%/IRS 0%/Larvicide 0%,0;0.4;0.4_0;0;0_0;0;0_-100;2;5475_-100;2;5475_-100;2;5475,23.0164383561644,Incidence,5.35270948450745e-05
NbyGQVwzFc_loc12_loop6,12,ITN 0%/IRS 0%/Larvicide 0%,0;0.4;0.4_0;0;0_0;0;0_-100;2;5475_-100;2;5475_-100;2;5475,23.0191780821918,Incidence,5.36542669294279e-05
NbyGQVwzFc_loc12_loop6,12,ITN 0%/IRS 0%/Larvicide 0%,0;0.4;0.4_0;0;0_0;0;0_-100;2;5475_-100;2;5475_-100;2;5475,23.0219178082192,Incidence,5.37816575476268e-05
NbyGQVwzFc_loc12_loop6,12,ITN 0%/IRS 0%/Larvicide 0%,0;0.4;0.4_0;0;0_0;0;0_-100;2;5475_-100;2;5475_-100;2;5475,23.0246575342466,Incidence,5.39092666454638e-05
NbyGQVwzFc_loc12_loop6,12,ITN 0%/IRS 0%/Larvicide 0%,0;0.4;0.4_0;0;0_0;0;0_-100;2;5475_-100;2;5475_-100;2;5475,23.027397260274,Incidence,5.40370941666e-05
NbyGQVwzFc_loc12_loop6,12,ITN 0%/IRS 0%/Larvicide 0%,0;0.4;0.4_0;0;0_0;0;0_-100;2;5475_-100;2;5475_-100;2;5475,23.0301369863014,Incidence,5.41651400525619e-05
NbyGQVwzFc_loc12_loop6,12,ITN 0%/IRS 0%/Larvicide 0%,0;0.4;0.4_0;0;0_0;0;0_-100;2;5475_-100;2;5475_-100;2;5475,23.0328767123288,Incidence,5.42934042427345e-05
NbyGQVwzFc_loc12_loop6,12,ITN 0%/IRS 0%/Larvicide 0%,0;0.4;0.4_0;0;0_0;0;0_-100;2;5475_-100;2;5475_-100;2;5475,23.0356164383562,Incidence,5.44218866739064e-05
NbyGQVwzFc_loc12_loop6,12,ITN 0%/IRS 0%/Larvicide 0%,0;0.4;0.4_0;0;0_0;0;0_-100;2;5475_-100;2;5475_-100;2;5475,23.0383561643836,Incidence,5.45505872822255e-05
NbyGQVwzFc_loc12_loop6,12,ITN 0%/IRS 0%/Larvicide 0%,0;0.4;0.4_0;0;0_0;0;0_-100;2;5475_-100;2;5475_-100;2;5475,23.041095890411,Incidence,5.46795060000825e-05
NbyGQVwzFc_loc12_loop6,12,ITN 0%/IRS 0%/Larvicide 0%,0;0.4;0.4_0;0;0_0;0;0_-100;2;5475_-100;2;5475_-100;2;5475,23.0438356164384,Incidence,5.48086427578748e-05
NbyGQVwzFc_loc12_loop6,12,ITN 0%/IRS 0%/Larvicide 0%,0;0.4;0.4_0;0;0_0;0;0_-100;2;5475_-100;2;5475_-100;2;5475,23.0465753424658,Incidence,5.49379974845956e-05
NbyGQVwzFc_loc12_loop6,12,ITN 0%/IRS 0%/Larvicide 0%,0;0.4;0.4_0;0;0_0;0;0_-100;2;5475_-100;2;5475_-100;2;5475,23.0493150684932,Incidence,5.50675701068085e-05
NbyGQVwzFc_loc12_loop6,12,ITN 0%/IRS 0%/Larvicide 0%,0;0.4;0.4_0;0;0_0;0;0_-100;2;5475_-100;2;5475_-100;2;5475,23.0520547945206,Incidence,5.5197360548525e-05
NbyGQVwzFc_loc12_loop6,12,ITN 0%/IRS 0%/Larvicide 0%,0;0.4;0.4_0;0;0_0;0;0_-100;2;5475_-100;2;5475_-100;2;5475,23.0547945205479,Incidence,5.53273687318351e-05
NbyGQVwzFc_loc12_loop6,12,ITN 0%/IRS 0%/Larvicide 0%,0;0.4;0.4_0;0;0_0;0;0_-100;2;5475_-100;2;5475_-100;2;5475,23.0575342465753,Incidence,5.54575945768125e-05
NbyGQVwzFc_loc12_loop6,12,ITN 0%/IRS 0%/Larvicide 0%,0;0.4;0.4_0;0;0_0;0;0_-100;2;5475_-100;2;5475_-100;2;5475,23.0602739726027,Incidence,5.5588038002724e-05
NbyGQVwzFc_loc12_loop6,12,ITN 0%/IRS 0%/Larvicide 0%,0;0.4;0.4_0;0;0_0;0;0_-100;2;5475_-100;2;5475_-100;2;5475,23.0630136986301,Incidence,5.57186989205563e-05
NbyGQVwzFc_loc12_loop6,12,ITN 0%/IRS 0%/Larvicide 0%,0;0.4;0.4_0;0;0_0;0;0_-100;2;5475_-100;2;5475_-100;2;5475,23.0657534246575,Incidence,5.58495772476815e-05
NbyGQVwzFc_loc12_loop6,12,ITN 0%/IRS 0%/Larvicide 0%,0;0.4;0.4_0;0;0_0;0;0_-100;2;5475_-100;2;5475_-100;2;5475,23.0684931506849,Incidence,5.59806728952923e-05
NbyGQVwzFc_loc12_loop6,12,ITN 0%/IRS 0%/Larvicide 0%,0;0.4;0.4_0;0;0_0;0;0_-100;2;5475_-100;2;5475_-100;2;5475,23.0712328767123,Incidence,5.61119857694958e-05
NbyGQVwzFc_loc12_loop6,12,ITN 0%/IRS 0%/Larvicide 0%,0;0.4;0.4_0;0;0_0;0;0_-100;2;5475_-100;2;5475_-100;2;5475,23.0739726027397,Incidence,5.62435157795542e-05
NbyGQVwzFc_loc12_loop6,12,ITN 0%/IRS 0%/Larvicide 0%,0;0.4;0.4_0;0;0_0;0;0_-100;2;5475_-100;2;5475_-100;2;5475,23.0767123287671,Incidence,5.63752628297875e-05
NbyGQVwzFc_loc12_loop6,12,ITN 0%/IRS 0%/Larvicide 0%,0;0.4;0.4_0;0;0_0;0;0_-100;2;5475_-100;2;5475_-100;2;5475,23.0794520547945,Incidence,5.65072268209856e-05
NbyGQVwzFc_loc12_loop6,12,ITN 0%/IRS 0%/Larvicide 0%,0;0.4;0.4_0;0;0_0;0;0_-100;2;5475_-100;2;5475_-100;2;5475,23.0821917808219,Incidence,5.66394076543496e-05
NbyGQVwzFc_loc12_loop6,12,ITN 0%/IRS 0%/Larvicide 0%,0;0.4;0.4_0;0;0_0;0;0_-100;2;5475_-100;2;5475_-100;2;5475,23.0849315068493,Incidence,5.67718052279649e-05
NbyGQVwzFc_loc12_loop6,12,ITN 0%/IRS 0%/Larvicide 0%,0;0.4;0.4_0;0;0_0;0;0_-100;2;5475_-100;2;5475_-100;2;5475,23.0876712328767,Incidence,5.69044194366411e-05
NbyGQVwzFc_loc12_loop6,12,ITN 0%/IRS 0%/Larvicide 0%,0;0.4;0.4_0;0;0_0;0;0_-100;2;5475_-100;2;5475_-100;2;5475,23.0904109589041,Incidence,5.70372501745676e-05
NbyGQVwzFc_loc12_loop6,12,ITN 0%/IRS 0%/Larvicide 0%,0;0.4;0.4_0;0;0_0;0;0_-100;2;5475_-100;2;5475_-100;2;5475,23.0931506849315,Incidence,5.71702973331057e-05
NbyGQVwzFc_loc12_loop6,12,ITN 0%/IRS 0%/Larvicide 0%,0;0.4;0.4_0;0;0_0;0;0_-100;2;5475_-100;2;5475_-100;2;5475,23.0958904109589,Incidence,5.73035607988805e-05
NbyGQVwzFc_loc12_loop6,12,ITN 0%/IRS 0%/Larvicide 0%,0;0.4;0.4_0;0;0_0;0;0_-100;2;5475_-100;2;5475_-100;2;5475,23.0986301369863,Incidence,5.74370404611686e-05
NbyGQVwzFc_loc12_loop6,12,ITN 0%/IRS 0%/Larvicide 0%,0;0.4;0.4_0;0;0_0;0;0_-100;2;5475_-100;2;5475_-100;2;5475,23.1013698630137,Incidence,5.75707362040466e-05
NbyGQVwzFc_loc12_loop6,12,ITN 0%/IRS 0%/Larvicide 0%,0;0.4;0.4_0;0;0_0;0;0_-100;2;5475_-100;2;5475_-100;2;5475,23.1041095890411,Incidence,5.77046479085862e-05
NbyGQVwzFc_loc12_loop6,12,ITN 0%/IRS 0%/Larvicide 0%,0;0.4;0.4_0;0;0_0;0;0_-100;2;5475_-100;2;5475_-100;2;5475,23.1068493150685,Incidence,5.78387754561741e-05
NbyGQVwzFc_loc12_loop6,12,ITN 0%/IRS 0%/Larvicide 0%,0;0.4;0.4_0;0;0_0;0;0_-100;2;5475_-100;2;5475_-100;2;5475,23.1095890410959,Incidence,5.79731187236666e-05
NbyGQVwzFc_loc12_loop6,12,ITN 0%/IRS 0%/Larvicide 0%,0;0.4;0.4_0;0;0_0;0;0_-100;2;5475_-100;2;5475_-100;2;5475,23.1123287671233,Incidence,5.81076775843611e-05
NbyGQVwzFc_loc12_loop6,12,ITN 0%/IRS 0%/Larvicide 0%,0;0.4;0.4_0;0;0_0;0;0_-100;2;5475_-100;2;5475_-100;2;5475,23.1150684931507,Incidence,5.82424519099334e-05
NbyGQVwzFc_loc12_loop6,12,ITN 0%/IRS 0%/Larvicide 0%,0;0.4;0.4_0;0;0_0;0;0_-100;2;5475_-100;2;5475_-100;2;5475,23.1178082191781,Incidence,5.83774415700632e-05
NbyGQVwzFc_loc12_loop6,12,ITN 0%/IRS 0%/Larvicide 0%,0;0.4;0.4_0;0;0_0;0;0_-100;2;5475_-100;2;5475_-100;2;5475,23.1205479452055,Incidence,5.85126464316378e-05
NbyGQVwzFc_loc12_loop6,12,ITN 0%/IRS 0%/Larvicide 0%,0;0.4;0.4_0;0;0_0;0;0_-100;2;5475_-100;2;5475_-100;2;5475,23.1232876712329,Incidence,5.864806635925e-05
NbyGQVwzFc_loc12_loop6,12,ITN 0%/IRS 0%/Larvicide 0%,0;0.4;0.4_0;0;0_0;0;0_-100;2;5475_-100;2;5475_-100;2;5475,23.1260273972603,Incidence,5.8783701215594e-05
NbyGQVwzFc_loc12_loop6,12,ITN 0%/IRS 0%/Larvicide 0%,0;0.4;0.4_0;0;0_0;0;0_-100;2;5475_-100;2;5475_-100;2;5475,23.1287671232877,Incidence,5.89195508609053e-05
NbyGQVwzFc_loc12_loop6,12,ITN 0%/IRS 0%/Larvicide 0%,0;0.4;0.4_0;0;0_0;0;0_-100;2;5475_-100;2;5475_-100;2;5475,23.1315068493151,Incidence,5.90556151529091e-05
NbyGQVwzFc_loc12_loop6,12,ITN 0%/IRS 0%/Larvicide 0%,0;0.4;0.4_0;0;0_0;0;0_-100;2;5475_-100;2;5475_-100;2;5475,23.1342465753425,Incidence,5.91918939472861e-05
NbyGQVwzFc_loc12_loop6,12,ITN 0%/IRS 0%/Larvicide 0%,0;0.4;0.4_0;0;0_0;0;0_-100;2;5475_-100;2;5475_-100;2;5475,23.1369863013699,Incidence,5.93283870974394e-05
NbyGQVwzFc_loc12_loop6,12,ITN 0%/IRS 0%/Larvicide 0%,0;0.4;0.4_0;0;0_0;0;0_-100;2;5475_-100;2;5475_-100;2;5475,23.1397260273973,Incidence,5.94650944542683e-05
NbyGQVwzFc_loc12_loop6,12,ITN 0%/IRS 0%/Larvicide 0%,0;0.4;0.4_0;0;0_0;0;0_-100;2;5475_-100;2;5475_-100;2;5475,23.1424657534247,Incidence,5.96020158664732e-05
NbyGQVwzFc_loc12_loop6,12,ITN 0%/IRS 0%/Larvicide 0%,0;0.4;0.4_0;0;0_0;0;0_-100;2;5475_-100;2;5475_-100;2;5475,23.1452054794521,Incidence,5.97391511805259e-05
NbyGQVwzFc_loc12_loop6,12,ITN 0%/IRS 0%/Larvicide 0%,0;0.4;0.4_0;0;0_0;0;0_-100;2;5475_-100;2;5475_-100;2;5475,23.1479452054795,Incidence,5.98765002404626e-05
NbyGQVwzFc_loc12_loop6,12,ITN 0%/IRS 0%/Larvicide 0%,0;0.4;0.4_0;0;0_0;0;0_-100;2;5475_-100;2;5475_-100;2;5475,23.1506849315069,Incidence,6.00140628880287e-05
NbyGQVwzFc_loc12_loop6,12,ITN 0%/IRS 0%/Larvicide 0%,0;0.4;0.4_0;0;0_0;0;0_-100;2;5475_-100;2;5475_-100;2;5475,23.1534246575342,Incidence,6.01518389627215e-05
NbyGQVwzFc_loc12_loop6,12,ITN 0%/IRS 0%/Larvicide 0%,0;0.4;0.4_0;0;0_0;0;0_-100;2;5475_-100;2;5475_-100;2;5475,23.1561643835616,Incidence,6.02898283016598e-05
NbyGQVwzFc_loc12_loop6,12,ITN 0%/IRS 0%/Larvicide 0%,0;0.4;0.4_0;0;0_0;0;0_-100;2;5475_-100;2;5475_-100;2;5475,23.158904109589,Incidence,6.04280307396308e-05
NbyGQVwzFc_loc12_loop6,12,ITN 0%/IRS 0%/Larvicide 0%,0;0.4;0.4_0;0;0_0;0;0_-100;2;5475_-100;2;5475_-100;2;5475,23.1616438356164,Incidence,6.05664461091399e-05
NbyGQVwzFc_loc12_loop6,12,ITN 0%/IRS 0%/Larvicide 0%,0;0.4;0.4_0;0;0_0;0;0_-100;2;5475_-100;2;5475_-100;2;5475,23.1643835616438,Incidence,6.07050742403432e-05
NbyGQVwzFc_loc12_loop6,12,ITN 0%/IRS 0%/Larvicide 0%,0;0.4;0.4_0;0;0_0;0;0_-100;2;5475_-100;2;5475_-100;2;5475,23.1671232876712,Incidence,6.08439149610529e-05
NbyGQVwzFc_loc12_loop6,12,ITN 0%/IRS 0%/Larvicide 0%,0;0.4;0.4_0;0;0_0;0;0_-100;2;5475_-100;2;5475_-100;2;5475,23.1698630136986,Incidence,6.09829680967688e-05
NbyGQVwzFc_loc12_loop6,12,ITN 0%/IRS 0%/Larvicide 0%,0;0.4;0.4_0;0;0_0;0;0_-100;2;5475_-100;2;5475_-100;2;5475,23.172602739726,Incidence,6.11222334706507e-05
NbyGQVwzFc_loc12_loop6,12,ITN 0%/IRS 0%/Larvicide 0%,0;0.4;0.4_0;0;0_0;0;0_-100;2;5475_-100;2;5475_-100;2;5475,23.1753424657534,Incidence,6.12617109035097e-05
NbyGQVwzFc_loc12_loop6,12,ITN 0%/IRS 0%/Larvicide 0%,0;0.4;0.4_0;0;0_0;0;0_-100;2;5475_-100;2;5475_-100;2;5475,23.1780821917808,Incidence,6.14014002138262e-05
NbyGQVwzFc_loc12_loop6,12,ITN 0%/IRS 0%/Larvicide 0%,0;0.4;0.4_0;0;0_0;0;0_-100;2;5475_-100;2;5475_-100;2;5475,23.1808219178082,Incidence,6.1541301217737e-05
NbyGQVwzFc_loc12_loop6,12,ITN 0%/IRS 0%/Larvicide 0%,0;0.4;0.4_0;0;0_0;0;0_-100;2;5475_-100;2;5475_-100;2;5475,23.1835616438356,Incidence,6.16814137290292e-05
NbyGQVwzFc_loc12_loop6,12,ITN 0%/IRS 0%/Larvicide 0%,0;0.4;0.4_0;0;0_0;0;0_-100;2;5475_-100;2;5475_-100;2;5475,23.186301369863,Incidence,6.18217375591455e-05
NbyGQVwzFc_loc12_loop6,12,ITN 0%/IRS 0%/Larvicide 0%,0;0.4;0.4_0;0;0_0;0;0_-100;2;5475_-100;2;5475_-100;2;5475,23.1890410958904,Incidence,6.19622725171783e-05
NbyGQVwzFc_loc12_loop6,12,ITN 0%/IRS 0%/Larvicide 0%,0;0.4;0.4_0;0;0_0;0;0_-100;2;5475_-100;2;5475_-100;2;5475,23.1917808219178,Incidence,6.21030184098668e-05
NbyGQVwzFc_loc12_loop6,12,ITN 0%/IRS 0%/Larvicide 0%,0;0.4;0.4_0;0;0_0;0;0_-100;2;5475_-100;2;5475_-100;2;5475,23.1945205479452,Incidence,6.2243975041597e-05
NbyGQVwzFc_loc12_loop6,12,ITN 0%/IRS 0%/Larvicide 0%,0;0.4;0.4_0;0;0_0;0;0_-100;2;5475_-100;2;5475_-100;2;5475,23.1972602739726,Incidence,6.23851422143986e-05
NbyGQVwzFc_loc12_loop6,12,ITN 0%/IRS 0%/Larvicide 0%,0;0.4;0.4_0;0;0_0;0;0_-100;2;5475_-100;2;5475_-100;2;5475,23.2,Incidence,6.25265197281735e-05
NbyGQVwzFc_loc12_loop6,12,ITN 0%/IRS 0%/Larvicide 0%,0;0.4;0.4_0;0;0_0;0;0_-100;2;5475_-100;2;5475_-100;2;5475,23.2027397260274,Incidence,6.266810738041e-05
NbyGQVwzFc_loc12_loop6,12,ITN 0%/IRS 0%/Larvicide 0%,0;0.4;0.4_0;0;0_0;0;0_-100;2;5475_-100;2;5475_-100;2;5475,23.2054794520548,Incidence,6.28099049646926e-05
NbyGQVwzFc_loc12_loop6,12,ITN 0%/IRS 0%/Larvicide 0%,0;0.4;0.4_0;0;0_0;0;0_-100;2;5475_-100;2;5475_-100;2;5475,23.2082191780822,Incidence,6.29519122721289e-05
NbyGQVwzFc_loc12_loop6,12,ITN 0%/IRS 0%/Larvicide 0%,0;0.4;0.4_0;0;0_0;0;0_-100;2;5475_-100;2;5475_-100;2;5475,23.2109589041096,Incidence,6.30941290914552e-05
NbyGQVwzFc_loc12_loop6,12,ITN 0%/IRS 0%/Larvicide 0%,0;0.4;0.4_0;0;0_0;0;0_-100;2;5475_-100;2;5475_-100;2;5475,23.213698630137,Incidence,6.32365552090355e-05
NbyGQVwzFc_loc12_loop6,12,ITN 0%/IRS 0%/Larvicide 0%,0;0.4;0.4_0;0;0_0;0;0_-100;2;5475_-100;2;5475_-100;2;5475,23.2164383561644,Incidence,6.33791904088595e-05
NbyGQVwzFc_loc12_loop6,12,ITN 0%/IRS 0%/Larvicide 0%,0;0.4;0.4_0;0;0_0;0;0_-100;2;5475_-100;2;5475_-100;2;5475,23.2191780821918,Incidence,6.35220344725401e-05
NbyGQVwzFc_loc12_loop6,12,ITN 0%/IRS 0%/Larvicide 0%,0;0.4;0.4_0;0;0_0;0;0_-100;2;5475_-100;2;5475_-100;2;5475,23.2219178082192,Incidence,6.36650871793141e-05
NbyGQVwzFc_loc12_loop6,12,ITN 0%/IRS 0%/Larvicide 0%,0;0.4;0.4_0;0;0_0;0;0_-100;2;5475_-100;2;5475_-100;2;5475,23.2246575342466,Incidence,6.38083483060391e-05
NbyGQVwzFc_loc12_loop6,12,ITN 0%/IRS 0%/Larvicide 0%,0;0.4;0.4_0;0;0_0;0;0_-100;2;5475_-100;2;5475_-100;2;5475,23.227397260274,Incidence,6.39518176271919e-05
NbyGQVwzFc_loc12_loop6,12,ITN 0%/IRS 0%/Larvicide 0%,0;0.4;0.4_0;0;0_0;0;0_-100;2;5475_-100;2;5475_-100;2;5475,23.2301369863014,Incidence,6.40954949148684e-05
NbyGQVwzFc_loc12_loop6,12,ITN 0%/IRS 0%/Larvicide 0%,0;0.4;0.4_0;0;0_0;0;0_-100;2;5475_-100;2;5475_-100;2;5475,23.2328767123288,Incidence,6.42393799387812e-05
NbyGQVwzFc_loc12_loop6,12,ITN 0%/IRS 0%/Larvicide 0%,0;0.4;0.4_0;0;0_0;0;0_-100;2;5475_-100;2;5475_-100;2;5475,23.2356164383562,Incidence,6.43834724662591e-05
NbyGQVwzFc_loc12_loop6,12,ITN 0%/IRS 0%/Larvicide 0%,0;0.4;0.4_0;0;0_0;0;0_-100;2;5475_-100;2;5475_-100;2;5475,23.2383561643836,Incidence,6.45277722622457e-05
NbyGQVwzFc_loc12_loop6,12,ITN 0%/IRS 0%/Larvicide 0%,0;0.4;0.4_0;0;0_0;0;0_-100;2;5475_-100;2;5475_-100;2;5475,23.241095890411,Incidence,6.46722790892983e-05
NbyGQVwzFc_loc12_loop6,12,ITN 0%/IRS 0%/Larvicide 0%,0;0.4;0.4_0;0;0_0;0;0_-100;2;5475_-100;2;5475_-100;2;5475,23.2438356164384,Incidence,6.48169927075867e-05
NbyGQVwzFc_loc12_loop6,12,ITN 0%/IRS 0%/Larvicide 0%,0;0.4;0.4_0;0;0_0;0;0_-100;2;5475_-100;2;5475_-100;2;5475,23.2465753424658,Incidence,6.4961912874892e-05
NbyGQVwzFc_loc12_loop6,12,ITN 0%/IRS 0%/Larvicide 0%,0;0.4;0.4_0;0;0_0;0;0_-100;2;5475_-100;2;5475_-100;2;5475,23.2493150684932,Incidence,6.51070393466068e-05
NbyGQVwzFc_loc12_loop6,12,ITN 0%/IRS 0%/Larvicide 0%,0;0.4;0.4_0;0;0_0;0;0_-100;2;5475_-100;2;5475_-100;2;5475,23.2520547945206,Incidence,6.52523718757325e-05
NbyGQVwzFc_loc12_loop6,12,ITN 0%/IRS 0%/Larvicide 0%,0;0.4;0.4_0;0;0_0;0;0_-100;2;5475_-100;2;5475_-100;2;5475,23.2547945205479,Incidence,6.53979102128801e-05
NbyGQVwzFc_loc12_loop6,12,ITN 0%/IRS 0%/Larvicide 0%,0;0.4;0.4_0;0;0_0;0;0_-100;2;5475_-100;2;5475_-100;2;5475,23.2575342465753,Incidence,6.55436541062682e-05
NbyGQVwzFc_loc12_loop6,12,ITN 0%/IRS 0%/Larvicide 0%,0;0.4;0.4_0;0;0_0;0;0_-100;2;5475_-100;2;5475_-100;2;5475,23.2602739726027,Incidence,6.56896033017236e-05
NbyGQVwzFc_loc12_loop6,12,ITN 0%/IRS 0%/Larvicide 0%,0;0.4;0.4_0;0;0_0;0;0_-100;2;5475_-100;2;5475_-100;2;5475,23.2630136986301,Incidence,6.5835757542679e-05
NbyGQVwzFc_loc12_loop6,12,ITN 0%/IRS 0%/Larvicide 0%,0;0.4;0.4_0;0;0_0;0;0_-100;2;5475_-100;2;5475_-100;2;5475,23.2657534246575,Incidence,6.59821165701736e-05
NbyGQVwzFc_loc12_loop6,12,ITN 0%/IRS 0%/Larvicide 0%,0;0.4;0.4_0;0;0_0;0;0_-100;2;5475_-100;2;5475_-100;2;5475,23.2684931506849,Incidence,6.61286801228525e-05
NbyGQVwzFc_loc12_loop6,12,ITN 0%/IRS 0%/Larvicide 0%,0;0.4;0.4_0;0;0_0;0;0_-100;2;5475_-100;2;5475_-100;2;5475,23.2712328767123,Incidence,6.62754479369655e-05
NbyGQVwzFc_loc12_loop6,12,ITN 0%/IRS 0%/Larvicide 0%,0;0.4;0.4_0;0;0_0;0;0_-100;2;5475_-100;2;5475_-100;2;5475,23.2739726027397,Incidence,6.64224197463675e-05
NbyGQVwzFc_loc12_loop6,12,ITN 0%/IRS 0%/Larvicide 0%,0;0.4;0.4_0;0;0_0;0;0_-100;2;5475_-100;2;5475_-100;2;5475,23.2767123287671,Incidence,6.65695952825174e-05
NbyGQVwzFc_loc12_loop6,12,ITN 0%/IRS 0%/Larvicide 0%,0;0.4;0.4_0;0;0_0;0;0_-100;2;5475_-100;2;5475_-100;2;5475,23.2794520547945,Incidence,6.67169742744786e-05
NbyGQVwzFc_loc12_loop6,12,ITN 0%/IRS 0%/Larvicide 0%,0;0.4;0.4_0;0;0_0;0;0_-100;2;5475_-100;2;5475_-100;2;5475,23.2821917808219,Incidence,6.68645564489175e-05
NbyGQVwzFc_loc12_loop6,12,ITN 0%/IRS 0%/Larvicide 0%,0;0.4;0.4_0;0;0_0;0;0_-100;2;5475_-100;2;5475_-100;2;5475,23.2849315068493,Incidence,6.7012341530105e-05
NbyGQVwzFc_loc12_loop6,12,ITN 0%/IRS 0%/Larvicide 0%,0;0.4;0.4_0;0;0_0;0;0_-100;2;5475_-100;2;5475_-100;2;5475,23.2876712328767,Incidence,6.71603292399148e-05
NbyGQVwzFc_loc12_loop6,12,ITN 0%/IRS 0%/Larvicide 0%,0;0.4;0.4_0;0;0_0;0;0_-100;2;5475_-100;2;5475_-100;2;5475,23.2904109589041,Incidence,6.73085192978243e-05
NbyGQVwzFc_loc12_loop6,12,ITN 0%/IRS 0%/Larvicide 0%,0;0.4;0.4_0;0;0_0;0;0_-100;2;5475_-100;2;5475_-100;2;5475,23.2931506849315,Incidence,6.74569114209138e-05
NbyGQVwzFc_loc12_loop6,12,ITN 0%/IRS 0%/Larvicide 0%,0;0.4;0.4_0;0;0_0;0;0_-100;2;5475_-100;2;5475_-100;2;5475,23.2958904109589,Incidence,6.76055053238675e-05
NbyGQVwzFc_loc12_loop6,12,ITN 0%/IRS 0%/Larvicide 0%,0;0.4;0.4_0;0;0_0;0;0_-100;2;5475_-100;2;5475_-100;2;5475,23.2986301369863,Incidence,6.77543007189946e-05
NbyGQVwzFc_loc12_loop6,12,ITN 0%/IRS 0%/Larvicide 0%,0;0.4;0.4_0;0;0_0;0;0_-100;2;5475_-100;2;5475_-100;2;5475,23.3013698630137,Incidence,6.79032973165774e-05
NbyGQVwzFc_loc12_loop6,12,ITN 0%/IRS 0%/Larvicide 0%,0;0.4;0.4_0;0;0_0;0;0_-100;2;5475_-100;2;5475_-100;2;5475,23.3041095890411,Incidence,6.8052494823213e-05
NbyGQVwzFc_loc12_loop6,12,ITN 0%/IRS 0%/Larvicide 0%,0;0.4;0.4_0;0;0_0;0;0_-100;2;5475_-100;2;5475_-100;2;5475,23.3068493150685,Incidence,6.82018929425946e-05
NbyGQVwzFc_loc12_loop6,12,ITN 0%/IRS 0%/Larvicide 0%,0;0.4;0.4_0;0;0_0;0;0_-100;2;5475_-100;2;5475_-100;2;5475,23.3095890410959,Incidence,6.83514913760157e-05
NbyGQVwzFc_loc12_loop6,12,ITN 0%/IRS 0%/Larvicide 0%,0;0.4;0.4_0;0;0_0;0;0_-100;2;5475_-100;2;5475_-100;2;5475,23.3123287671233,Incidence,6.85012898223712e-05
NbyGQVwzFc_loc12_loop6,12,ITN 0%/IRS 0%/Larvicide 0%,0;0.4;0.4_0;0;0_0;0;0_-100;2;5475_-100;2;5475_-100;2;5475,23.3150684931507,Incidence,6.86512879781584e-05
NbyGQVwzFc_loc12_loop6,12,ITN 0%/IRS 0%/Larvicide 0%,0;0.4;0.4_0;0;0_0;0;0_-100;2;5475_-100;2;5475_-100;2;5475,23.3178082191781,Incidence,6.88014855374769e-05
NbyGQVwzFc_loc12_loop6,12,ITN 0%/IRS 0%/Larvicide 0%,0;0.4;0.4_0;0;0_0;0;0_-100;2;5475_-100;2;5475_-100;2;5475,23.3205479452055,Incidence,6.89518821920294e-05
NbyGQVwzFc_loc12_loop6,12,ITN 0%/IRS 0%/Larvicide 0%,0;0.4;0.4_0;0;0_0;0;0_-100;2;5475_-100;2;5475_-100;2;5475,23.3232876712329,Incidence,6.91024776311231e-05
NbyGQVwzFc_loc12_loop6,12,ITN 0%/IRS 0%/Larvicide 0%,0;0.4;0.4_0;0;0_0;0;0_-100;2;5475_-100;2;5475_-100;2;5475,23.3260273972603,Incidence,6.92532715416694e-05
NbyGQVwzFc_loc12_loop6,12,ITN 0%/IRS 0%/Larvicide 0%,0;0.4;0.4_0;0;0_0;0;0_-100;2;5475_-100;2;5475_-100;2;5475,23.3287671232877,Incidence,6.94042636081859e-05
NbyGQVwzFc_loc12_loop6,12,ITN 0%/IRS 0%/Larvicide 0%,0;0.4;0.4_0;0;0_0;0;0_-100;2;5475_-100;2;5475_-100;2;5475,23.3315068493151,Incidence,6.95554535127965e-05
NbyGQVwzFc_loc12_loop6,12,ITN 0%/IRS 0%/Larvicide 0%,0;0.4;0.4_0;0;0_0;0;0_-100;2;5475_-100;2;5475_-100;2;5475,23.3342465753425,Incidence,6.97068409352326e-05
NbyGQVwzFc_loc12_loop6,12,ITN 0%/IRS 0%/Larvicide 0%,0;0.4;0.4_0;0;0_0;0;0_-100;2;5475_-100;2;5475_-100;2;5475,23.3369863013699,Incidence,6.98584255528339e-05
NbyGQVwzFc_loc12_loop6,12,ITN 0%/IRS 0%/Larvicide 0%,0;0.4;0.4_0;0;0_0;0;0_-100;2;5475_-100;2;5475_-100;2;5475,23.3397260273973,Incidence,7.00102070405504e-05
NbyGQVwzFc_loc12_loop6,12,ITN 0%/IRS 0%/Larvicide 0%,0;0.4;0.4_0;0;0_0;0;0_-100;2;5475_-100;2;5475_-100;2;5475,23.3424657534247,Incidence,7.01621850709431e-05
NbyGQVwzFc_loc12_loop6,12,ITN 0%/IRS 0%/Larvicide 0%,0;0.4;0.4_0;0;0_0;0;0_-100;2;5475_-100;2;5475_-100;2;5475,23.3452054794521,Incidence,7.03143593141842e-05
NbyGQVwzFc_loc12_loop6,12,ITN 0%/IRS 0%/Larvicide 0%,0;0.4;0.4_0;0;0_0;0;0_-100;2;5475_-100;2;5475_-100;2;5475,23.3479452054795,Incidence,7.04667294380602e-05
NbyGQVwzFc_loc12_loop6,12,ITN 0%/IRS 0%/Larvicide 0%,0;0.4;0.4_0;0;0_0;0;0_-100;2;5475_-100;2;5475_-100;2;5475,23.3506849315069,Incidence,7.06192951079721e-05
NbyGQVwzFc_loc12_loop6,12,ITN 0%/IRS 0%/Larvicide 0%,0;0.4;0.4_0;0;0_0;0;0_-100;2;5475_-100;2;5475_-100;2;5475,23.3534246575343,Incidence,7.07720559869368e-05
NbyGQVwzFc_loc12_loop6,12,ITN 0%/IRS 0%/Larvicide 0%,0;0.4;0.4_0;0;0_0;0;0_-100;2;5475_-100;2;5475_-100;2;5475,23.3561643835616,Incidence,7.09250117355894e-05
NbyGQVwzFc_loc12_loop6,12,ITN 0%/IRS 0%/Larvicide 0%,0;0.4;0.4_0;0;0_0;0;0_-100;2;5475_-100;2;5475_-100;2;5475,23.358904109589,Incidence,7.10781620121837e-05
NbyGQVwzFc_loc12_loop6,12,ITN 0%/IRS 0%/Larvicide 0%,0;0.4;0.4_0;0;0_0;0;0_-100;2;5475_-100;2;5475_-100;2;5475,23.3616438356164,Incidence,7.12315064725946e-05
NbyGQVwzFc_loc12_loop6,12,ITN 0%/IRS 0%/Larvicide 0%,0;0.4;0.4_0;0;0_0;0;0_-100;2;5475_-100;2;5475_-100;2;5475,23.3643835616438,Incidence,7.13850447703195e-05
NbyGQVwzFc_loc12_loop6,12,ITN 0%/IRS 0%/Larvicide 0%,0;0.4;0.4_0;0;0_0;0;0_-100;2;5475_-100;2;5475_-100;2;5475,23.3671232876712,Incidence,7.15387765564803e-05
NbyGQVwzFc_loc12_loop6,12,ITN 0%/IRS 0%/Larvicide 0%,0;0.4;0.4_0;0;0_0;0;0_-100;2;5475_-100;2;5475_-100;2;5475,23.3698630136986,Incidence,7.16927014798247e-05
NbyGQVwzFc_loc12_loop6,12,ITN 0%/IRS 0%/Larvicide 0%,0;0.4;0.4_0;0;0_0;0;0_-100;2;5475_-100;2;5475_-100;2;5475,23.372602739726,Incidence,7.18468191867282e-05
NbyGQVwzFc_loc12_loop6,12,ITN 0%/IRS 0%/Larvicide 0%,0;0.4;0.4_0;0;0_0;0;0_-100;2;5475_-100;2;5475_-100;2;5475,23.3753424657534,Incidence,7.20011293211962e-05
NbyGQVwzFc_loc12_loop6,12,ITN 0%/IRS 0%/Larvicide 0%,0;0.4;0.4_0;0;0_0;0;0_-100;2;5475_-100;2;5475_-100;2;5475,23.3780821917808,Incidence,7.21556315248659e-05
NbyGQVwzFc_loc12_loop6,12,ITN 0%/IRS 0%/Larvicide 0%,0;0.4;0.4_0;0;0_0;0;0_-100;2;5475_-100;2;5475_-100;2;5475,23.3808219178082,Incidence,7.2310325437009e-05
NbyGQVwzFc_loc12_loop6,12,ITN 0%/IRS 0%/Larvicide 0%,0;0.4;0.4_0;0;0_0;0;0_-100;2;5475_-100;2;5475_-100;2;5475,23.3835616438356,Incidence,7.24652106945323e-05
NbyGQVwzFc_loc12_loop6,12,ITN 0%/IRS 0%/Larvicide 0%,0;0.4;0.4_0;0;0_0;0;0_-100;2;5475_-100;2;5475_-100;2;5475,23.386301369863,Incidence,7.26202869319816e-05
NbyGQVwzFc_loc12_loop6,12,ITN 0%/IRS 0%/Larvicide 0%,0;0.4;0.4_0;0;0_0;0;0_-100;2;5475_-100;2;5475_-100;2;5475,23.3890410958904,Incidence,7.27755537815428e-05
NbyGQVwzFc_loc12_loop6,12,ITN 0%/IRS 0%/Larvicide 0%,0;0.4;0.4_0;0;0_0;0;0_-100;2;5475_-100;2;5475_-100;2;5475,23.3917808219178,Incidence,7.29310108730446e-05
NbyGQVwzFc_loc12_loop6,12,ITN 0%/IRS 0%/Larvicide 0%,0;0.4;0.4_0;0;0_0;0;0_-100;2;5475_-100;2;5475_-100;2;5475,23.3945205479452,Incidence,7.30866578339612e-05
NbyGQVwzFc_loc12_loop6,12,ITN 0%/IRS 0%/Larvicide 0%,0;0.4;0.4_0;0;0_0;0;0_-100;2;5475_-100;2;5475_-100;2;5475,23.3972602739726,Incidence,7.32424942894136e-05
NbyGQVwzFc_loc12_loop6,12,ITN 0%/IRS 0%/Larvicide 0%,0;0.4;0.4_0;0;0_0;0;0_-100;2;5475_-100;2;5475_-100;2;5475,23.4,Incidence,7.33985198621736e-05
NbyGQVwzFc_loc12_loop6,12,ITN 0%/IRS 0%/Larvicide 0%,0;0.4;0.4_0;0;0_0;0;0_-100;2;5475_-100;2;5475_-100;2;5475,23.4027397260274,Incidence,7.35547341726651e-05
NbyGQVwzFc_loc12_loop6,12,ITN 0%/IRS 0%/Larvicide 0%,0;0.4;0.4_0;0;0_0;0;0_-100;2;5475_-100;2;5475_-100;2;5475,23.4054794520548,Incidence,7.37111368391629e-05
NbyGQVwzFc_loc12_loop6,12,ITN 0%/IRS 0%/Larvicide 0%,0;0.4;0.4_0;0;0_0;0;0_-100;2;5475_-100;2;5475_-100;2;5475,23.4082191780822,Incidence,7.38677274770398e-05
NbyGQVwzFc_loc12_loop6,12,ITN 0%/IRS 0%/Larvicide 0%,0;0.4;0.4_0;0;0_0;0;0_-100;2;5475_-100;2;5475_-100;2;5475,23.4109589041096,Incidence,7.40245056983893e-05
NbyGQVwzFc_loc12_loop6,12,ITN 0%/IRS 0%/Larvicide 0%,0;0.4;0.4_0;0;0_0;0;0_-100;2;5475_-100;2;5475_-100;2;5475,23.413698630137,Incidence,7.41814711129511e-05
NbyGQVwzFc_loc12_loop6,12,ITN 0%/IRS 0%/Larvicide 0%,0;0.4;0.4_0;0;0_0;0;0_-100;2;5475_-100;2;5475_-100;2;5475,23.4164383561644,Incidence,7.43386233281294e-05
NbyGQVwzFc_loc12_loop6,12,ITN 0%/IRS 0%/Larvicide 0%,0;0.4;0.4_0;0;0_0;0;0_-100;2;5475_-100;2;5475_-100;2;5475,23.4191780821918,Incidence,7.44959619489965e-05
NbyGQVwzFc_loc12_loop6,12,ITN 0%/IRS 0%/Larvicide 0%,0;0.4;0.4_0;0;0_0;0;0_-100;2;5475_-100;2;5475_-100;2;5475,23.4219178082192,Incidence,7.46534865782944e-05
NbyGQVwzFc_loc12_loop6,12,ITN 0%/IRS 0%/Larvicide 0%,0;0.4;0.4_0;0;0_0;0;0_-100;2;5475_-100;2;5475_-100;2;5475,23.4246575342466,Incidence,7.48111968164403e-05
NbyGQVwzFc_loc12_loop6,12,ITN 0%/IRS 0%/Larvicide 0%,0;0.4;0.4_0;0;0_0;0;0_-100;2;5475_-100;2;5475_-100;2;5475,23.427397260274,Incidence,7.49690922615283e-05
NbyGQVwzFc_loc12_loop6,12,ITN 0%/IRS 0%/Larvicide 0%,0;0.4;0.4_0;0;0_0;0;0_-100;2;5475_-100;2;5475_-100;2;5475,23.4301369863014,Incidence,7.51271725093327e-05
NbyGQVwzFc_loc12_loop6,12,ITN 0%/IRS 0%/Larvicide 0%,0;0.4;0.4_0;0;0_0;0;0_-100;2;5475_-100;2;5475_-100;2;5475,23.4328767123288,Incidence,7.52854371533118e-05
NbyGQVwzFc_loc12_loop6,12,ITN 0%/IRS 0%/Larvicide 0%,0;0.4;0.4_0;0;0_0;0;0_-100;2;5475_-100;2;5475_-100;2;5475,23.4356164383562,Incidence,7.54438857846109e-05
NbyGQVwzFc_loc12_loop6,12,ITN 0%/IRS 0%/Larvicide 0%,0;0.4;0.4_0;0;0_0;0;0_-100;2;5475_-100;2;5475_-100;2;5475,23.4383561643836,Incidence,7.56025179920669e-05
NbyGQVwzFc_loc12_loop6,12,ITN 0%/IRS 0%/Larvicide 0%,0;0.4;0.4_0;0;0_0;0;0_-100;2;5475_-100;2;5475_-100;2;5475,23.441095890411,Incidence,7.57613333622101e-05
NbyGQVwzFc_loc12_loop6,12,ITN 0%/IRS 0%/Larvicide 0%,0;0.4;0.4_0;0;0_0;0;0_-100;2;5475_-100;2;5475_-100;2;5475,23.4438356164384,Incidence,7.59203314792693e-05
NbyGQVwzFc_loc12_loop6,12,ITN 0%/IRS 0%/Larvicide 0%,0;0.4;0.4_0;0;0_0;0;0_-100;2;5475_-100;2;5475_-100;2;5475,23.4465753424658,Incidence,7.6079511925176e-05
NbyGQVwzFc_loc12_loop6,12,ITN 0%/IRS 0%/Larvicide 0%,0;0.4;0.4_0;0;0_0;0;0_-100;2;5475_-100;2;5475_-100;2;5475,23.4493150684932,Incidence,7.62388742795683e-05
NbyGQVwzFc_loc12_loop6,12,ITN 0%/IRS 0%/Larvicide 0%,0;0.4;0.4_0;0;0_0;0;0_-100;2;5475_-100;2;5475_-100;2;5475,23.4520547945206,Incidence,7.63984181197933e-05
NbyGQVwzFc_loc12_loop6,12,ITN 0%/IRS 0%/Larvicide 0%,0;0.4;0.4_0;0;0_0;0;0_-100;2;5475_-100;2;5475_-100;2;5475,23.4547945205479,Incidence,7.65581430209117e-05
NbyGQVwzFc_loc12_loop6,12,ITN 0%/IRS 0%/Larvicide 0%,0;0.4;0.4_0;0;0_0;0;0_-100;2;5475_-100;2;5475_-100;2;5475,23.4575342465753,Incidence,7.67180485556999e-05
NbyGQVwzFc_loc12_loop6,12,ITN 0%/IRS 0%/Larvicide 0%,0;0.4;0.4_0;0;0_0;0;0_-100;2;5475_-100;2;5475_-100;2;5475,23.4602739726027,Incidence,7.6878134294656e-05
NbyGQVwzFc_loc12_loop6,12,ITN 0%/IRS 0%/Larvicide 0%,0;0.4;0.4_0;0;0_0;0;0_-100;2;5475_-100;2;5475_-100;2;5475,23.4630136986301,Incidence,7.70383998060033e-05
NbyGQVwzFc_loc12_loop6,12,ITN 0%/IRS 0%/Larvicide 0%,0;0.4;0.4_0;0;0_0;0;0_-100;2;5475_-100;2;5475_-100;2;5475,23.4657534246575,Incidence,7.71988446556939e-05
NbyGQVwzFc_loc12_loop6,12,ITN 0%/IRS 0%/Larvicide 0%,0;0.4;0.4_0;0;0_0;0;0_-100;2;5475_-100;2;5475_-100;2;5475,23.4684931506849,Incidence,7.73594684074139e-05
NbyGQVwzFc_loc12_loop6,12,ITN 0%/IRS 0%/Larvicide 0%,0;0.4;0.4_0;0;0_0;0;0_-100;2;5475_-100;2;5475_-100;2;5475,23.4712328767123,Incidence,7.75202706225862e-05
NbyGQVwzFc_loc12_loop6,12,ITN 0%/IRS 0%/Larvicide 0%,0;0.4;0.4_0;0;0_0;0;0_-100;2;5475_-100;2;5475_-100;2;5475,23.4739726027397,Incidence,7.76812508603766e-05
NbyGQVwzFc_loc12_loop6,12,ITN 0%/IRS 0%/Larvicide 0%,0;0.4;0.4_0;0;0_0;0;0_-100;2;5475_-100;2;5475_-100;2;5475,23.4767123287671,Incidence,7.78424086776974e-05
NbyGQVwzFc_loc12_loop6,12,ITN 0%/IRS 0%/Larvicide 0%,0;0.4;0.4_0;0;0_0;0;0_-100;2;5475_-100;2;5475_-100;2;5475,23.4794520547945,Incidence,7.80037436292112e-05
NbyGQVwzFc_loc12_loop6,12,ITN 0%/IRS 0%/Larvicide 0%,0;0.4;0.4_0;0;0_0;0;0_-100;2;5475_-100;2;5475_-100;2;5475,23.4821917808219,Incidence,7.81652552673366e-05
NbyGQVwzFc_loc12_loop6,12,ITN 0%/IRS 0%/Larvicide 0%,0;0.4;0.4_0;0;0_0;0;0_-100;2;5475_-100;2;5475_-100;2;5475,23.4849315068493,Incidence,7.83269431422521e-05
NbyGQVwzFc_loc12_loop6,12,ITN 0%/IRS 0%/Larvicide 0%,0;0.4;0.4_0;0;0_0;0;0_-100;2;5475_-100;2;5475_-100;2;5475,23.4876712328767,Incidence,7.84888068019003e-05
NbyGQVwzFc_loc12_loop6,12,ITN 0%/IRS 0%/Larvicide 0%,0;0.4;0.4_0;0;0_0;0;0_-100;2;5475_-100;2;5475_-100;2;5475,23.4904109589041,Incidence,7.86508457919946e-05
NbyGQVwzFc_loc12_loop6,12,ITN 0%/IRS 0%/Larvicide 0%,0;0.4;0.4_0;0;0_0;0;0_-100;2;5475_-100;2;5475_-100;2;5475,23.4931506849315,Incidence,7.88130596560218e-05
NbyGQVwzFc_loc12_loop6,12,ITN 0%/IRS 0%/Larvicide 0%,0;0.4;0.4_0;0;0_0;0;0_-100;2;5475_-100;2;5475_-100;2;5475,23.4958904109589,Incidence,7.89754479352479e-05
NbyGQVwzFc_loc12_loop6,12,ITN 0%/IRS 0%/Larvicide 0%,0;0.4;0.4_0;0;0_0;0;0_-100;2;5475_-100;2;5475_-100;2;5475,23.4986301369863,Incidence,7.91380101687226e-05
NbyGQVwzFc_loc12_loop6,12,ITN 0%/IRS 0%/Larvicide 0%,0;0.4;0.4_0;0;0_0;0;0_-100;2;5475_-100;2;5475_-100;2;5475,23.5013698630137,Incidence,7.93007458932851e-05
NbyGQVwzFc_loc12_loop6,12,ITN 0%/IRS 0%/Larvicide 0%,0;0.4;0.4_0;0;0_0;0;0_-100;2;5475_-100;2;5475_-100;2;5475,23.5041095890411,Incidence,7.94636546435682e-05
NbyGQVwzFc_loc12_loop6,12,ITN 0%/IRS 0%/Larvicide 0%,0;0.4;0.4_0;0;0_0;0;0_-100;2;5475_-100;2;5475_-100;2;5475,23.5068493150685,Incidence,7.96267359520044e-05
NbyGQVwzFc_loc12_loop6,12,ITN 0%/IRS 0%/Larvicide 0%,0;0.4;0.4_0;0;0_0;0;0_-100;2;5475_-100;2;5475_-100;2;5475,23.5095890410959,Incidence,7.97899893488296e-05
NbyGQVwzFc_loc12_loop6,12,ITN 0%/IRS 0%/Larvicide 0%,0;0.4;0.4_0;0;0_0;0;0_-100;2;5475_-100;2;5475_-100;2;5475,23.5123287671233,Incidence,7.99534143620894e-05
NbyGQVwzFc_loc12_loop6,12,ITN 0%/IRS 0%/Larvicide 0%,0;0.4;0.4_0;0;0_0;0;0_-100;2;5475_-100;2;5475_-100;2;5475,23.5150684931507,Incidence,8.01170105176623e-05
NbyGQVwzFc_loc12_loop6,12,ITN 0%/IRS 0%/Larvicide 0%,0;0.4;0.4_0;0;0_0;0;0_-100;2;5475_-100;2;5475_-100;2;5475,23.5178082191781,Incidence,8.02807773392987e-05
NbyGQVwzFc_loc12_loop6,12,ITN 0%/IRS 0%/Larvicide 0%,0;0.4;0.4_0;0;0_0;0;0_-100;2;5475_-100;2;5475_-100;2;5475,23.5205479452055,Incidence,8.04447143475572e-05
NbyGQVwzFc_loc12_loop6,12,ITN 0%/IRS 0%/Larvicide 0%,0;0.4;0.4_0;0;0_0;0;0_-100;2;5475_-100;2;5475_-100;2;5475,23.5232876712329,Incidence,8.06088210605559e-05
NbyGQVwzFc_loc12_loop6,12,ITN 0%/IRS 0%/Larvicide 0%,0;0.4;0.4_0;0;0_0;0;0_-100;2;5475_-100;2;5475_-100;2;5475,23.5260273972603,Incidence,8.07730969942496e-05
NbyGQVwzFc_loc12_loop6,12,ITN 0%/IRS 0%/Larvicide 0%,0;0.4;0.4_0;0;0_0;0;0_-100;2;5475_-100;2;5475_-100;2;5475,23.5287671232877,Incidence,8.09375416624355e-05
NbyGQVwzFc_loc12_loop6,12,ITN 0%/IRS 0%/Larvicide 0%,0;0.4;0.4_0;0;0_0;0;0_-100;2;5475_-100;2;5475_-100;2;5475,23.5315068493151,Incidence,8.11021545767586e-05
NbyGQVwzFc_loc12_loop6,12,ITN 0%/IRS 0%/Larvicide 0%,0;0.4;0.4_0;0;0_0;0;0_-100;2;5475_-100;2;5475_-100;2;5475,23.5342465753425,Incidence,8.12669352467185e-05
NbyGQVwzFc_loc12_loop6,12,ITN 0%/IRS 0%/Larvicide 0%,0;0.4;0.4_0;0;0_0;0;0_-100;2;5475_-100;2;5475_-100;2;5475,23.5369863013699,Incidence,8.14318831796736e-05
NbyGQVwzFc_loc12_loop6,12,ITN 0%/IRS 0%/Larvicide 0%,0;0.4;0.4_0;0;0_0;0;0_-100;2;5475_-100;2;5475_-100;2;5475,23.5397260273973,Incidence,8.15969978808488e-05
NbyGQVwzFc_loc12_loop6,12,ITN 0%/IRS 0%/Larvicide 0%,0;0.4;0.4_0;0;0_0;0;0_-100;2;5475_-100;2;5475_-100;2;5475,23.5424657534247,Incidence,8.17622788533408e-05
NbyGQVwzFc_loc12_loop6,12,ITN 0%/IRS 0%/Larvicide 0%,0;0.4;0.4_0;0;0_0;0;0_-100;2;5475_-100;2;5475_-100;2;5475,23.5452054794521,Incidence,8.19277255981236e-05
NbyGQVwzFc_loc12_loop6,12,ITN 0%/IRS 0%/Larvicide 0%,0;0.4;0.4_0;0;0_0;0;0_-100;2;5475_-100;2;5475_-100;2;5475,23.5479452054795,Incidence,8.20933376140554e-05
NbyGQVwzFc_loc12_loop6,12,ITN 0%/IRS 0%/Larvicide 0%,0;0.4;0.4_0;0;0_0;0;0_-100;2;5475_-100;2;5475_-100;2;5475,23.5506849315069,Incidence,8.22591143978847e-05
NbyGQVwzFc_loc12_loop6,12,ITN 0%/IRS 0%/Larvicide 0%,0;0.4;0.4_0;0;0_0;0;0_-100;2;5475_-100;2;5475_-100;2;5475,23.5534246575343,Incidence,8.24250554442564e-05
NbyGQVwzFc_loc12_loop6,12,ITN 0%/IRS 0%/Larvicide 0%,0;0.4;0.4_0;0;0_0;0;0_-100;2;5475_-100;2;5475_-100;2;5475,23.5561643835616,Incidence,8.2591160245718e-05
NbyGQVwzFc_loc12_loop6,12,ITN 0%/IRS 0%/Larvicide 0%,0;0.4;0.4_0;0;0_0;0;0_-100;2;5475_-100;2;5475_-100;2;5475,23.558904109589,Incidence,8.27574282927266e-05
NbyGQVwzFc_loc12_loop6,12,ITN 0%/IRS 0%/Larvicide 0%,0;0.4;0.4_0;0;0_0;0;0_-100;2;5475_-100;2;5475_-100;2;5475,23.5616438356164,Incidence,8.29238590736547e-05
NbyGQVwzFc_loc12_loop6,12,ITN 0%/IRS 0%/Larvicide 0%,0;0.4;0.4_0;0;0_0;0;0_-100;2;5475_-100;2;5475_-100;2;5475,23.5643835616438,Incidence,8.30904520747966e-05
NbyGQVwzFc_loc12_loop6,12,ITN 0%/IRS 0%/Larvicide 0%,0;0.4;0.4_0;0;0_0;0;0_-100;2;5475_-100;2;5475_-100;2;5475,23.5671232876712,Incidence,8.32572067803756e-05
NbyGQVwzFc_loc12_loop6,12,ITN 0%/IRS 0%/Larvicide 0%,0;0.4;0.4_0;0;0_0;0;0_-100;2;5475_-100;2;5475_-100;2;5475,23.5698630136986,Incidence,8.34241226725502e-05
NbyGQVwzFc_loc12_loop6,12,ITN 0%/IRS 0%/Larvicide 0%,0;0.4;0.4_0;0;0_0;0;0_-100;2;5475_-100;2;5475_-100;2;5475,23.572602739726,Incidence,8.35911992314208e-05
NbyGQVwzFc_loc12_loop6,12,ITN 0%/IRS 0%/Larvicide 0%,0;0.4;0.4_0;0;0_0;0;0_-100;2;5475_-100;2;5475_-100;2;5475,23.5753424657534,Incidence,8.3758435935037e-05
NbyGQVwzFc_loc12_loop6,12,ITN 0%/IRS 0%/Larvicide 0%,0;0.4;0.4_0;0;0_0;0;0_-100;2;5475_-100;2;5475_-100;2;5475,23.5780821917808,Incidence,8.39258322594031e-05
NbyGQVwzFc_loc12_loop6,12,ITN 0%/IRS 0%/Larvicide 0%,0;0.4;0.4_0;0;0_0;0;0_-100;2;5475_-100;2;5475_-100;2;5475,23.5808219178082,Incidence,8.40933876784862e-05
NbyGQVwzFc_loc12_loop6,12,ITN 0%/IRS 0%/Larvicide 0%,0;0.4;0.4_0;0;0_0;0;0_-100;2;5475_-100;2;5475_-100;2;5475,23.5835616438356,Incidence,8.42611016642231e-05
NbyGQVwzFc_loc12_loop6,12,ITN 0%/IRS 0%/Larvicide 0%,0;0.4;0.4_0;0;0_0;0;0_-100;2;5475_-100;2;5475_-100;2;5475,23.586301369863,Incidence,8.44289736865268e-05
NbyGQVwzFc_loc12_loop6,12,ITN 0%/IRS 0%/Larvicide 0%,0;0.4;0.4_0;0;0_0;0;0_-100;2;5475_-100;2;5475_-100;2;5475,23.5890410958904,Incidence,8.45970032132926e-05
NbyGQVwzFc_loc12_loop6,12,ITN 0%/IRS 0%/Larvicide 0%,0;0.4;0.4_0;0;0_0;0;0_-100;2;5475_-100;2;5475_-100;2;5475,23.5917808219178,Incidence,8.47651897104078e-05
NbyGQVwzFc_loc12_loop6,12,ITN 0%/IRS 0%/Larvicide 0%,0;0.4;0.4_0;0;0_0;0;0_-100;2;5475_-100;2;5475_-100;2;5475,23.5945205479452,Incidence,8.49335326417563e-05
NbyGQVwzFc_loc12_loop6,12,ITN 0%/IRS 0%/Larvicide 0%,0;0.4;0.4_0;0;0_0;0;0_-100;2;5475_-100;2;5475_-100;2;5475,23.5972602739726,Incidence,8.51020314692278e-05
NbyGQVwzFc_loc12_loop6,12,ITN 0%/IRS 0%/Larvicide 0%,0;0.4;0.4_0;0;0_0;0;0_-100;2;5475_-100;2;5475_-100;2;5475,23.6,Incidence,8.5270685652723e-05
NbyGQVwzFc_loc12_loop6,12,ITN 0%/IRS 0%/Larvicide 0%,0;0.4;0.4_0;0;0_0;0;0_-100;2;5475_-100;2;5475_-100;2;5475,23.6027397260274,Incidence,8.54394946501625e-05
NbyGQVwzFc_loc12_loop6,12,ITN 0%/IRS 0%/Larvicide 0%,0;0.4;0.4_0;0;0_0;0;0_-100;2;5475_-100;2;5475_-100;2;5475,23.6054794520548,Incidence,8.56084579174944e-05
NbyGQVwzFc_loc12_loop6,12,ITN 0%/IRS 0%/Larvicide 0%,0;0.4;0.4_0;0;0_0;0;0_-100;2;5475_-100;2;5475_-100;2;5475,23.6082191780822,Incidence,8.57775749087003e-05
NbyGQVwzFc_loc12_loop6,12,ITN 0%/IRS 0%/Larvicide 0%,0;0.4;0.4_0;0;0_0;0;0_-100;2;5475_-100;2;5475_-100;2;5475,23.6109589041096,Incidence,8.59468450758045e-05
NbyGQVwzFc_loc12_loop6,12,ITN 0%/IRS 0%/Larvicide 0%,0;0.4;0.4_0;0;0_0;0;0_-100;2;5475_-100;2;5475_-100;2;5475,23.613698630137,Incidence,8.61162678688796e-05
NbyGQVwzFc_loc12_loop6,12,ITN 0%/IRS 0%/Larvicide 0%,0;0.4;0.4_0;0;0_0;0;0_-100;2;5475_-100;2;5475_-100;2;5475,23.6164383561644,Incidence,8.62858427360566e-05
NbyGQVwzFc_loc12_loop6,12,ITN 0%/IRS 0%/Larvicide 0%,0;0.4;0.4_0;0;0_0;0;0_-100;2;5475_-100;2;5475_-100;2;5475,23.6191780821918,Incidence,8.64555691235297e-05
NbyGQVwzFc_loc12_loop6,12,ITN 0%/IRS 0%/Larvicide 0%,0;0.4;0.4_0;0;0_0;0;0_-100;2;5475_-100;2;5475_-100;2;5475,23.6219178082192,Incidence,8.66254464755673e-05
NbyGQVwzFc_loc12_loop6,12,ITN 0%/IRS 0%/Larvicide 0%,0;0.4;0.4_0;0;0_0;0;0_-100;2;5475_-100;2;5475_-100;2;5475,23.6246575342466,Incidence,8.67954742345168e-05
NbyGQVwzFc_loc12_loop6,12,ITN 0%/IRS 0%/Larvicide 0%,0;0.4;0.4_0;0;0_0;0;0_-100;2;5475_-100;2;5475_-100;2;5475,23.627397260274,Incidence,8.69656518408144e-05
NbyGQVwzFc_loc12_loop6,12,ITN 0%/IRS 0%/Larvicide 0%,0;0.4;0.4_0;0;0_0;0;0_-100;2;5475_-100;2;5475_-100;2;5475,23.6301369863014,Incidence,8.71359787329923e-05
NbyGQVwzFc_loc12_loop6,12,ITN 0%/IRS 0%/Larvicide 0%,0;0.4;0.4_0;0;0_0;0;0_-100;2;5475_-100;2;5475_-100;2;5475,23.6328767123288,Incidence,8.73064543476902e-05
NbyGQVwzFc_loc12_loop6,12,ITN 0%/IRS 0%/Larvicide 0%,0;0.4;0.4_0;0;0_0;0;0_-100;2;5475_-100;2;5475_-100;2;5475,23.6356164383562,Incidence,8.74770781196226e-05
NbyGQVwzFc_loc12_loop6,12,ITN 0%/IRS 0%/Larvicide 0%,0;0.4;0.4_0;0;0_0;0;0_-100;2;5475_-100;2;5475_-100;2;5475,23.6383561643836,Incidence,8.76478494808151e-05
NbyGQVwzFc_loc12_loop6,12,ITN 0%/IRS 0%/Larvicide 0%,0;0.4;0.4_0;0;0_0;0;0_-100;2;5475_-100;2;5475_-100;2;5475,23.641095890411,Incidence,8.7818767861167e-05
NbyGQVwzFc_loc12_loop6,12,ITN 0%/IRS 0%/Larvicide 0%,0;0.4;0.4_0;0;0_0;0;0_-100;2;5475_-100;2;5475_-100;2;5475,23.6438356164384,Incidence,8.79898326887152e-05
NbyGQVwzFc_loc12_loop6,12,ITN 0%/IRS 0%/Larvicide 0%,0;0.4;0.4_0;0;0_0;0;0_-100;2;5475_-100;2;5475_-100;2;5475,23.6465753424658,Incidence,8.81610433896446e-05
NbyGQVwzFc_loc12_loop6,12,ITN 0%/IRS 0%/Larvicide 0%,0;0.4;0.4_0;0;0_0;0;0_-100;2;5475_-100;2;5475_-100;2;5475,23.6493150684932,Incidence,8.83323993882939e-05
NbyGQVwzFc_loc12_loop6,12,ITN 0%/IRS 0%/Larvicide 0%,0;0.4;0.4_0;0;0_0;0;0_-100;2;5475_-100;2;5475_-100;2;5475,23.6520547945206,Incidence,8.85039001071659e-05
NbyGQVwzFc_loc12_loop6,12,ITN 0%/IRS 0%/Larvicide 0%,0;0.4;0.4_0;0;0_0;0;0_-100;2;5475_-100;2;5475_-100;2;5475,23.6547945205479,Incidence,8.86755449669357e-05
NbyGQVwzFc_loc12_loop6,12,ITN 0%/IRS 0%/Larvicide 0%,0;0.4;0.4_0;0;0_0;0;0_-100;2;5475_-100;2;5475_-100;2;5475,23.6575342465753,Incidence,8.88473333864585e-05
NbyGQVwzFc_loc12_loop6,12,ITN 0%/IRS 0%/Larvicide 0%,0;0.4;0.4_0;0;0_0;0;0_-100;2;5475_-100;2;5475_-100;2;5475,23.6602739726027,Incidence,8.90192647827789e-05
NbyGQVwzFc_loc12_loop6,12,ITN 0%/IRS 0%/Larvicide 0%,0;0.4;0.4_0;0;0_0;0;0_-100;2;5475_-100;2;5475_-100;2;5475,23.6630136986301,Incidence,8.91913385711387e-05
NbyGQVwzFc_loc12_loop6,12,ITN 0%/IRS 0%/Larvicide 0%,0;0.4;0.4_0;0;0_0;0;0_-100;2;5475_-100;2;5475_-100;2;5475,23.6657534246575,Incidence,8.93635541649875e-05
NbyGQVwzFc_loc12_loop6,12,ITN 0%/IRS 0%/Larvicide 0%,0;0.4;0.4_0;0;0_0;0;0_-100;2;5475_-100;2;5475_-100;2;5475,23.6684931506849,Incidence,8.95359109759897e-05
NbyGQVwzFc_loc12_loop6,12,ITN 0%/IRS 0%/Larvicide 0%,0;0.4;0.4_0;0;0_0;0;0_-100;2;5475_-100;2;5475_-100;2;5475,23.6712328767123,Incidence,8.97084084140329e-05
NbyGQVwzFc_loc12_loop6,12,ITN 0%/IRS 0%/Larvicide 0%,0;0.4;0.4_0;0;0_0;0;0_-100;2;5475_-100;2;5475_-100;2;5475,23.6739726027397,Incidence,8.98810458872394e-05
NbyGQVwzFc_loc12_loop6,12,ITN 0%/IRS 0%/Larvicide 0%,0;0.4;0.4_0;0;0_0;0;0_-100;2;5475_-100;2;5475_-100;2;5475,23.6767123287671,Incidence,9.00538228019723e-05
NbyGQVwzFc_loc12_loop6,12,ITN 0%/IRS 0%/Larvicide 0%,0;0.4;0.4_0;0;0_0;0;0_-100;2;5475_-100;2;5475_-100;2;5475,23.6794520547945,Incidence,9.02267385628461e-05
NbyGQVwzFc_loc12_loop6,12,ITN 0%/IRS 0%/Larvicide 0%,0;0.4;0.4_0;0;0_0;0;0_-100;2;5475_-100;2;5475_-100;2;5475,23.6821917808219,Incidence,9.03997925727349e-05
NbyGQVwzFc_loc12_loop6,12,ITN 0%/IRS 0%/Larvicide 0%,0;0.4;0.4_0;0;0_0;0;0_-100;2;5475_-100;2;5475_-100;2;5475,23.6849315068493,Incidence,9.05729842327826e-05
NbyGQVwzFc_loc12_loop6,12,ITN 0%/IRS 0%/Larvicide 0%,0;0.4;0.4_0;0;0_0;0;0_-100;2;5475_-100;2;5475_-100;2;5475,23.6876712328767,Incidence,9.07463129424104e-05
NbyGQVwzFc_loc12_loop6,12,ITN 0%/IRS 0%/Larvicide 0%,0;0.4;0.4_0;0;0_0;0;0_-100;2;5475_-100;2;5475_-100;2;5475,23.6904109589041,Incidence,9.09197780993277e-05
NbyGQVwzFc_loc12_loop6,12,ITN 0%/IRS 0%/Larvicide 0%,0;0.4;0.4_0;0;0_0;0;0_-100;2;5475_-100;2;5475_-100;2;5475,23.6931506849315,Incidence,9.10933790995399e-05
NbyGQVwzFc_loc12_loop6,12,ITN 0%/IRS 0%/Larvicide 0%,0;0.4;0.4_0;0;0_0;0;0_-100;2;5475_-100;2;5475_-100;2;5475,23.6958904109589,Incidence,9.12671153373589e-05
NbyGQVwzFc_loc12_loop6,12,ITN 0%/IRS 0%/Larvicide 0%,0;0.4;0.4_0;0;0_0;0;0_-100;2;5475_-100;2;5475_-100;2;5475,23.6986301369863,Incidence,9.14409862054112e-05
NbyGQVwzFc_loc12_loop6,12,ITN 0%/IRS 0%/Larvicide 0%,0;0.4;0.4_0;0;0_0;0;0_-100;2;5475_-100;2;5475_-100;2;5475,23.7013698630137,Incidence,9.16149910946482e-05
NbyGQVwzFc_loc12_loop6,12,ITN 0%/IRS 0%/Larvicide 0%,0;0.4;0.4_0;0;0_0;0;0_-100;2;5475_-100;2;5475_-100;2;5475,23.7041095890411,Incidence,9.17891293943558e-05
NbyGQVwzFc_loc12_loop6,12,ITN 0%/IRS 0%/Larvicide 0%,0;0.4;0.4_0;0;0_0;0;0_-100;2;5475_-100;2;5475_-100;2;5475,23.7068493150685,Incidence,9.19634004921624e-05
NbyGQVwzFc_loc12_loop6,12,ITN 0%/IRS 0%/Larvicide 0%,0;0.4;0.4_0;0;0_0;0;0_-100;2;5475_-100;2;5475_-100;2;5475,23.7095890410959,Incidence,9.21378037740507e-05
NbyGQVwzFc_loc12_loop6,12,ITN 0%/IRS 0%/Larvicide 0%,0;0.4;0.4_0;0;0_0;0;0_-100;2;5475_-100;2;5475_-100;2;5475,23.7123287671233,Incidence,9.23123386243652e-05
NbyGQVwzFc_loc12_loop6,12,ITN 0%/IRS 0%/Larvicide 0%,0;0.4;0.4_0;0;0_0;0;0_-100;2;5475_-100;2;5475_-100;2;5475,23.7150684931507,Incidence,9.24870044258232e-05
NbyGQVwzFc_loc12_loop6,12,ITN 0%/IRS 0%/Larvicide 0%,0;0.4;0.4_0;0;0_0;0;0_-100;2;5475_-100;2;5475_-100;2;5475,23.7178082191781,Incidence,9.26618005595235e-05
NbyGQVwzFc_loc12_loop6,12,ITN 0%/IRS 0%/Larvicide 0%,0;0.4;0.4_0;0;0_0;0;0_-100;2;5475_-100;2;5475_-100;2;5475,23.7205479452055,Incidence,9.28367264049573e-05
NbyGQVwzFc_loc12_loop6,12,ITN 0%/IRS 0%/Larvicide 0%,0;0.4;0.4_0;0;0_0;0;0_-100;2;5475_-100;2;5475_-100;2;5475,23.7232876712329,Incidence,9.30117813400163e-05
NbyGQVwzFc_loc12_loop6,12,ITN 0%/IRS 0%/Larvicide 0%,0;0.4;0.4_0;0;0_0;0;0_-100;2;5475_-100;2;5475_-100;2;5475,23.7260273972603,Incidence,9.31869647410042e-05
NbyGQVwzFc_loc12_loop6,12,ITN 0%/IRS 0%/Larvicide 0%,0;0.4;0.4_0;0;0_0;0;0_-100;2;5475_-100;2;5475_-100;2;5475,23.7287671232877,Incidence,9.33622759826462e-05
NbyGQVwzFc_loc12_loop6,12,ITN 0%/IRS 0%/Larvicide 0%,0;0.4;0.4_0;0;0_0;0;0_-100;2;5475_-100;2;5475_-100;2;5475,23.7315068493151,Incidence,9.35377144380973e-05
NbyGQVwzFc_loc12_loop6,12,ITN 0%/IRS 0%/Larvicide 0%,0;0.4;0.4_0;0;0_0;0;0_-100;2;5475_-100;2;5475_-100;2;5475,23.7342465753425,Incidence,9.3713279478955e-05
NbyGQVwzFc_loc12_loop6,12,ITN 0%/IRS 0%/Larvicide 0%,0;0.4;0.4_0;0;0_0;0;0_-100;2;5475_-100;2;5475_-100;2;5475,23.7369863013699,Incidence,9.38889704752669e-05
NbyGQVwzFc_loc12_loop6,12,ITN 0%/IRS 0%/Larvicide 0%,0;0.4;0.4_0;0;0_0;0;0_-100;2;5475_-100;2;5475_-100;2;5475,23.7397260273973,Incidence,9.40647867955416e-05
NbyGQVwzFc_loc12_loop6,12,ITN 0%/IRS 0%/Larvicide 0%,0;0.4;0.4_0;0;0_0;0;0_-100;2;5475_-100;2;5475_-100;2;5475,23.7424657534247,Incidence,9.42407278067597e-05
NbyGQVwzFc_loc12_loop6,12,ITN 0%/IRS 0%/Larvicide 0%,0;0.4;0.4_0;0;0_0;0;0_-100;2;5475_-100;2;5475_-100;2;5475,23.7452054794521,Incidence,9.44167928743823e-05
NbyGQVwzFc_loc12_loop6,12,ITN 0%/IRS 0%/Larvicide 0%,0;0.4;0.4_0;0;0_0;0;0_-100;2;5475_-100;2;5475_-100;2;5475,23.7479452054795,Incidence,9.45929813623622e-05
NbyGQVwzFc_loc12_loop6,12,ITN 0%/IRS 0%/Larvicide 0%,0;0.4;0.4_0;0;0_0;0;0_-100;2;5475_-100;2;5475_-100;2;5475,23.7506849315069,Incidence,9.47692926331545e-05
NbyGQVwzFc_loc12_loop6,12,ITN 0%/IRS 0%/Larvicide 0%,0;0.4;0.4_0;0;0_0;0;0_-100;2;5475_-100;2;5475_-100;2;5475,23.7534246575342,Incidence,9.49457260477256e-05
NbyGQVwzFc_loc12_loop6,12,ITN 0%/IRS 0%/Larvicide 0%,0;0.4;0.4_0;0;0_0;0;0_-100;2;5475_-100;2;5475_-100;2;5475,23.7561643835616,Incidence,9.51222809655642e-05
NbyGQVwzFc_loc12_loop6,12,ITN 0%/IRS 0%/Larvicide 0%,0;0.4;0.4_0;0;0_0;0;0_-100;2;5475_-100;2;5475_-100;2;5475,23.758904109589,Incidence,9.52989567446923e-05
NbyGQVwzFc_loc12_loop6,12,ITN 0%/IRS 0%/Larvicide 0%,0;0.4;0.4_0;0;0_0;0;0_-100;2;5475_-100;2;5475_-100;2;5475,23.7616438356164,Incidence,9.54757527415299e-05
NbyGQVwzFc_loc12_loop6,12,ITN 0%/IRS 0%/Larvicide 0%,0;0.4;0.4_0;0;0_0;0;0_-100;2;5475_-100;2;5475_-100;2;5475,23.7643835616438,Incidence,9.56526683103989e-05
NbyGQVwzFc_loc12_loop6,12,ITN 0%/IRS 0%/Larvicide 0%,0;0.4;0.4_0;0;0_0;0;0_-100;2;5475_-100;2;5475_-100;2;5475,23.7671232876712,Incidence,9.58297028040206e-05
NbyGQVwzFc_loc12_loop6,12,ITN 0%/IRS 0%/Larvicide 0%,0;0.4;0.4_0;0;0_0;0;0_-100;2;5475_-100;2;5475_-100;2;5475,23.7698630136986,Incidence,9.6006855573693e-05
NbyGQVwzFc_loc12_loop6,12,ITN 0%/IRS 0%/Larvicide 0%,0;0.4;0.4_0;0;0_0;0;0_-100;2;5475_-100;2;5475_-100;2;5475,23.772602739726,Incidence,9.61841259693034e-05
NbyGQVwzFc_loc12_loop6,12,ITN 0%/IRS 0%/Larvicide 0%,0;0.4;0.4_0;0;0_0;0;0_-100;2;5475_-100;2;5475_-100;2;5475,23.7753424657534,Incidence,9.63615133393368e-05
NbyGQVwzFc_loc12_loop6,12,ITN 0%/IRS 0%/Larvicide 0%,0;0.4;0.4_0;0;0_0;0;0_-100;2;5475_-100;2;5475_-100;2;5475,23.7780821917808,Incidence,9.6539017030888e-05
NbyGQVwzFc_loc12_loop6,12,ITN 0%/IRS 0%/Larvicide 0%,0;0.4;0.4_0;0;0_0;0;0_-100;2;5475_-100;2;5475_-100;2;5475,23.7808219178082,Incidence,9.67166363896732e-05
NbyGQVwzFc_loc12_loop6,12,ITN 0%/IRS 0%/Larvicide 0%,0;0.4;0.4_0;0;0_0;0;0_-100;2;5475_-100;2;5475_-100;2;5475,23.7835616438356,Incidence,9.68943707600383e-05
NbyGQVwzFc_loc12_loop6,12,ITN 0%/IRS 0%/Larvicide 0%,0;0.4;0.4_0;0;0_0;0;0_-100;2;5475_-100;2;5475_-100;2;5475,23.786301369863,Incidence,9.70722194849722e-05
NbyGQVwzFc_loc12_loop6,12,ITN 0%/IRS 0%/Larvicide 0%,0;0.4;0.4_0;0;0_0;0;0_-100;2;5475_-100;2;5475_-100;2;5475,23.7890410958904,Incidence,9.72501819061157e-05
NbyGQVwzFc_loc12_loop6,12,ITN 0%/IRS 0%/Larvicide 0%,0;0.4;0.4_0;0;0_0;0;0_-100;2;5475_-100;2;5475_-100;2;5475,23.7917808219178,Incidence,9.74282573637737e-05
NbyGQVwzFc_loc12_loop6,12,ITN 0%/IRS 0%/Larvicide 0%,0;0.4;0.4_0;0;0_0;0;0_-100;2;5475_-100;2;5475_-100;2;5475,23.7945205479452,Incidence,9.7606445196926e-05
NbyGQVwzFc_loc12_loop6,12,ITN 0%/IRS 0%/Larvicide 0%,0;0.4;0.4_0;0;0_0;0;0_-100;2;5475_-100;2;5475_-100;2;5475,23.7972602739726,Incidence,9.77847447432374e-05
NbyGQVwzFc_loc12_loop6,12,ITN 0%/IRS 0%/Larvicide 0%,0;0.4;0.4_0;0;0_0;0;0_-100;2;5475_-100;2;5475_-100;2;5475,23.8,Incidence,9.79631553390692e-05
NbyGQVwzFc_loc12_loop6,12,ITN 0%/IRS 0%/Larvicide 0%,0;0.4;0.4_0;0;0_0;0;0_-100;2;5475_-100;2;5475_-100;2;5475,23.8027397260274,Incidence,9.81416763194908e-05
NbyGQVwzFc_loc12_loop6,12,ITN 0%/IRS 0%/Larvicide 0%,0;0.4;0.4_0;0;0_0;0;0_-100;2;5475_-100;2;5475_-100;2;5475,23.8054794520548,Incidence,9.83203070182905e-05
NbyGQVwzFc_loc12_loop6,12,ITN 0%/IRS 0%/Larvicide 0%,0;0.4;0.4_0;0;0_0;0;0_-100;2;5475_-100;2;5475_-100;2;5475,23.8082191780822,Incidence,9.84990467679859e-05
NbyGQVwzFc_loc12_loop6,12,ITN 0%/IRS 0%/Larvicide 0%,0;0.4;0.4_0;0;0_0;0;0_-100;2;5475_-100;2;5475_-100;2;5475,23.8109589041096,Incidence,9.86778948998355e-05
NbyGQVwzFc_loc12_loop6,12,ITN 0%/IRS 0%/Larvicide 0%,0;0.4;0.4_0;0;0_0;0;0_-100;2;5475_-100;2;5475_-100;2;5475,23.813698630137,Incidence,9.88568507438507e-05
NbyGQVwzFc_loc12_loop6,12,ITN 0%/IRS 0%/Larvicide 0%,0;0.4;0.4_0;0;0_0;0;0_-100;2;5475_-100;2;5475_-100;2;5475,23.8164383561644,Incidence,9.90359136288057e-05
NbyGQVwzFc_loc12_loop6,12,ITN 0%/IRS 0%/Larvicide 0%,0;0.4;0.4_0;0;0_0;0;0_-100;2;5475_-100;2;5475_-100;2;5475,23.8191780821918,Incidence,9.92150828822498e-05
NbyGQVwzFc_loc12_loop6,12,ITN 0%/IRS 0%/Larvicide 0%,0;0.4;0.4_0;0;0_0;0;0_-100;2;5475_-100;2;5475_-100;2;5475,23.8219178082192,Incidence,9.93943578305172e-05
NbyGQVwzFc_loc12_loop6,12,ITN 0%/IRS 0%/Larvicide 0%,0;0.4;0.4_0;0;0_0;0;0_-100;2;5475_-100;2;5475_-100;2;5475,23.8246575342466,Incidence,9.95737377987409e-05
NbyGQVwzFc_loc12_loop6,12,ITN 0%/IRS 0%/Larvicide 0%,0;0.4;0.4_0;0;0_0;0;0_-100;2;5475_-100;2;5475_-100;2;5475,23.827397260274,Incidence,9.9753222110861e-05
NbyGQVwzFc_loc12_loop6,12,ITN 0%/IRS 0%/Larvicide 0%,0;0.4;0.4_0;0;0_0;0;0_-100;2;5475_-100;2;5475_-100;2;5475,23.8301369863014,Incidence,9.99328100896384e-05
NbyGQVwzFc_loc12_loop6,12,ITN 0%/IRS 0%/Larvicide 0%,0;0.4;0.4_0;0;0_0;0;0_-100;2;5475_-100;2;5475_-100;2;5475,23.8328767123288,Incidence,0.000100112501056666
NbyGQVwzFc_loc12_loop6,12,ITN 0%/IRS 0%/Larvicide 0%,0;0.4;0.4_0;0;0_0;0;0_-100;2;5475_-100;2;5475_-100;2;5475,23.8356164383562,Incidence,0.000100292294332378
NbyGQVwzFc_loc12_loop6,12,ITN 0%/IRS 0%/Larvicide 0%,0;0.4;0.4_0;0;0_0;0;0_-100;2;5475_-100;2;5475_-100;2;5475,23.8383561643836,Incidence,0.000100472189236064
NbyGQVwzFc_loc12_loop6,12,ITN 0%/IRS 0%/Larvicide 0%,0;0.4;0.4_0;0;0_0;0;0_-100;2;5475_-100;2;5475_-100;2;5475,23.841095890411,Incidence,0.00010065218508588
NbyGQVwzFc_loc12_loop6,12,ITN 0%/IRS 0%/Larvicide 0%,0;0.4;0.4_0;0;0_0;0;0_-100;2;5475_-100;2;5475_-100;2;5475,23.8438356164384,Incidence,0.000100832281198858
NbyGQVwzFc_loc12_loop6,12,ITN 0%/IRS 0%/Larvicide 0%,0;0.4;0.4_0;0;0_0;0;0_-100;2;5475_-100;2;5475_-100;2;5475,23.8465753424658,Incidence,0.000101012476890918
NbyGQVwzFc_loc12_loop6,12,ITN 0%/IRS 0%/Larvicide 0%,0;0.4;0.4_0;0;0_0;0;0_-100;2;5475_-100;2;5475_-100;2;5475,23.8493150684932,Incidence,0.000101192771476884
NbyGQVwzFc_loc12_loop6,12,ITN 0%/IRS 0%/Larvicide 0%,0;0.4;0.4_0;0;0_0;0;0_-100;2;5475_-100;2;5475_-100;2;5475,23.8520547945206,Incidence,0.00010137316427049
NbyGQVwzFc_loc12_loop6,12,ITN 0%/IRS 0%/Larvicide 0%,0;0.4;0.4_0;0;0_0;0;0_-100;2;5475_-100;2;5475_-100;2;5475,23.8547945205479,Incidence,0.000101553654584394
NbyGQVwzFc_loc12_loop6,12,ITN 0%/IRS 0%/Larvicide 0%,0;0.4;0.4_0;0;0_0;0;0_-100;2;5475_-100;2;5475_-100;2;5475,23.8575342465753,Incidence,0.00010173424173019
NbyGQVwzFc_loc12_loop6,12,ITN 0%/IRS 0%/Larvicide 0%,0;0.4;0.4_0;0;0_0;0;0_-100;2;5475_-100;2;5475_-100;2;5475,23.8602739726027,Incidence,0.000101914925018417
NbyGQVwzFc_loc12_loop6,12,ITN 0%/IRS 0%/Larvicide 0%,0;0.4;0.4_0;0;0_0;0;0_-100;2;5475_-100;2;5475_-100;2;5475,23.8630136986301,Incidence,0.000102095703758577
NbyGQVwzFc_loc12_loop6,12,ITN 0%/IRS 0%/Larvicide 0%,0;0.4;0.4_0;0;0_0;0;0_-100;2;5475_-100;2;5475_-100;2;5475,23.8657534246575,Incidence,0.00010227657725914
NbyGQVwzFc_loc12_loop6,12,ITN 0%/IRS 0%/Larvicide 0%,0;0.4;0.4_0;0;0_0;0;0_-100;2;5475_-100;2;5475_-100;2;5475,23.8684931506849,Incidence,0.000102457544827557
NbyGQVwzFc_loc12_loop6,12,ITN 0%/IRS 0%/Larvicide 0%,0;0.4;0.4_0;0;0_0;0;0_-100;2;5475_-100;2;5475_-100;2;5475,23.8712328767123,Incidence,0.000102638605770279
NbyGQVwzFc_loc12_loop6,12,ITN 0%/IRS 0%/Larvicide 0%,0;0.4;0.4_0;0;0_0;0;0_-100;2;5475_-100;2;5475_-100;2;5475,23.8739726027397,Incidence,0.000102819759392757
NbyGQVwzFc_loc12_loop6,12,ITN 0%/IRS 0%/Larvicide 0%,0;0.4;0.4_0;0;0_0;0;0_-100;2;5475_-100;2;5475_-100;2;5475,23.8767123287671,Incidence,0.000103001004999462
NbyGQVwzFc_loc12_loop6,12,ITN 0%/IRS 0%/Larvicide 0%,0;0.4;0.4_0;0;0_0;0;0_-100;2;5475_-100;2;5475_-100;2;5475,23.8794520547945,Incidence,0.000103182341893898
NbyGQVwzFc_loc12_loop6,12,ITN 0%/IRS 0%/Larvicide 0%,0;0.4;0.4_0;0;0_0;0;0_-100;2;5475_-100;2;5475_-100;2;5475,23.8821917808219,Incidence,0.000103363769378607
NbyGQVwzFc_loc12_loop6,12,ITN 0%/IRS 0%/Larvicide 0%,0;0.4;0.4_0;0;0_0;0;0_-100;2;5475_-100;2;5475_-100;2;5475,23.8849315068493,Incidence,0.000103545286755186
NbyGQVwzFc_loc12_loop6,12,ITN 0%/IRS 0%/Larvicide 0%,0;0.4;0.4_0;0;0_0;0;0_-100;2;5475_-100;2;5475_-100;2;5475,23.8876712328767,Incidence,0.000103726893324298
NbyGQVwzFc_loc12_loop6,12,ITN 0%/IRS 0%/Larvicide 0%,0;0.4;0.4_0;0;0_0;0;0_-100;2;5475_-100;2;5475_-100;2;5475,23.8904109589041,Incidence,0.000103908588385683
NbyGQVwzFc_loc12_loop6,12,ITN 0%/IRS 0%/Larvicide 0%,0;0.4;0.4_0;0;0_0;0;0_-100;2;5475_-100;2;5475_-100;2;5475,23.8931506849315,Incidence,0.000104090371238173
NbyGQVwzFc_loc12_loop6,12,ITN 0%/IRS 0%/Larvicide 0%,0;0.4;0.4_0;0;0_0;0;0_-100;2;5475_-100;2;5475_-100;2;5475,23.8958904109589,Incidence,0.000104272241179659
NbyGQVwzFc_loc12_loop6,12,ITN 0%/IRS 0%/Larvicide 0%,0;0.4;0.4_0;0;0_0;0;0_-100;2;5475_-100;2;5475_-100;2;5475,23.8986301369863,Incidence,0.000104454197506644
NbyGQVwzFc_loc12_loop6,12,ITN 0%/IRS 0%/Larvicide 0%,0;0.4;0.4_0;0;0_0;0;0_-100;2;5475_-100;2;5475_-100;2;5475,23.9013698630137,Incidence,0.000104636239514477
NbyGQVwzFc_loc12_loop6,12,ITN 0%/IRS 0%/Larvicide 0%,0;0.4;0.4_0;0;0_0;0;0_-100;2;5475_-100;2;5475_-100;2;5475,23.9041095890411,Incidence,0.000104818366497655
NbyGQVwzFc_loc12_loop6,12,ITN 0%/IRS 0%/Larvicide 0%,0;0.4;0.4_0;0;0_0;0;0_-100;2;5475_-100;2;5475_-100;2;5475,23.9068493150685,Incidence,0.00010500057774983
NbyGQVwzFc_loc12_loop6,12,ITN 0%/IRS 0%/Larvicide 0%,0;0.4;0.4_0;0;0_0;0;0_-100;2;5475_-100;2;5475_-100;2;5475,23.9095890410959,Incidence,0.000105182872563818
NbyGQVwzFc_loc12_loop6,12,ITN 0%/IRS 0%/Larvicide 0%,0;0.4;0.4_0;0;0_0;0;0_-100;2;5475_-100;2;5475_-100;2;5475,23.9123287671233,Incidence,0.000105365250231615
NbyGQVwzFc_loc12_loop6,12,ITN 0%/IRS 0%/Larvicide 0%,0;0.4;0.4_0;0;0_0;0;0_-100;2;5475_-100;2;5475_-100;2;5475,23.9150684931507,Incidence,0.000105547710044407
NbyGQVwzFc_loc12_loop6,12,ITN 0%/IRS 0%/Larvicide 0%,0;0.4;0.4_0;0;0_0;0;0_-100;2;5475_-100;2;5475_-100;2;5475,23.9178082191781,Incidence,0.000105730251292582
NbyGQVwzFc_loc12_loop6,12,ITN 0%/IRS 0%/Larvicide 0%,0;0.4;0.4_0;0;0_0;0;0_-100;2;5475_-100;2;5475_-100;2;5475,23.9205479452055,Incidence,0.000105912873265744
NbyGQVwzFc_loc12_loop6,12,ITN 0%/IRS 0%/Larvicide 0%,0;0.4;0.4_0;0;0_0;0;0_-100;2;5475_-100;2;5475_-100;2;5475,23.9232876712329,Incidence,0.000106095575252723
NbyGQVwzFc_loc12_loop6,12,ITN 0%/IRS 0%/Larvicide 0%,0;0.4;0.4_0;0;0_0;0;0_-100;2;5475_-100;2;5475_-100;2;5475,23.9260273972603,Incidence,0.000106278356541591
NbyGQVwzFc_loc12_loop6,12,ITN 0%/IRS 0%/Larvicide 0%,0;0.4;0.4_0;0;0_0;0;0_-100;2;5475_-100;2;5475_-100;2;5475,23.9287671232877,Incidence,0.000106461216419668
NbyGQVwzFc_loc12_loop6,12,ITN 0%/IRS 0%/Larvicide 0%,0;0.4;0.4_0;0;0_0;0;0_-100;2;5475_-100;2;5475_-100;2;5475,23.9315068493151,Incidence,0.000106644154173541
NbyGQVwzFc_loc12_loop6,12,ITN 0%/IRS 0%/Larvicide 0%,0;0.4;0.4_0;0;0_0;0;0_-100;2;5475_-100;2;5475_-100;2;5475,23.9342465753425,Incidence,0.000106827169089073
NbyGQVwzFc_loc12_loop6,12,ITN 0%/IRS 0%/Larvicide 0%,0;0.4;0.4_0;0;0_0;0;0_-100;2;5475_-100;2;5475_-100;2;5475,23.9369863013699,Incidence,0.000107010260451414
NbyGQVwzFc_loc12_loop6,12,ITN 0%/IRS 0%/Larvicide 0%,0;0.4;0.4_0;0;0_0;0;0_-100;2;5475_-100;2;5475_-100;2;5475,23.9397260273973,Incidence,0.000107193427545017
NbyGQVwzFc_loc12_loop6,12,ITN 0%/IRS 0%/Larvicide 0%,0;0.4;0.4_0;0;0_0;0;0_-100;2;5475_-100;2;5475_-100;2;5475,23.9424657534247,Incidence,0.000107376669653647
NbyGQVwzFc_loc12_loop6,12,ITN 0%/IRS 0%/Larvicide 0%,0;0.4;0.4_0;0;0_0;0;0_-100;2;5475_-100;2;5475_-100;2;5475,23.9452054794521,Incidence,0.000107559986060396
NbyGQVwzFc_loc12_loop6,12,ITN 0%/IRS 0%/Larvicide 0%,0;0.4;0.4_0;0;0_0;0;0_-100;2;5475_-100;2;5475_-100;2;5475,23.9479452054795,Incidence,0.000107743376047693
NbyGQVwzFc_loc12_loop6,12,ITN 0%/IRS 0%/Larvicide 0%,0;0.4;0.4_0;0;0_0;0;0_-100;2;5475_-100;2;5475_-100;2;5475,23.9506849315069,Incidence,0.000107926838897319
NbyGQVwzFc_loc12_loop6,12,ITN 0%/IRS 0%/Larvicide 0%,0;0.4;0.4_0;0;0_0;0;0_-100;2;5475_-100;2;5475_-100;2;5475,23.9534246575342,Incidence,0.000108110373890417
NbyGQVwzFc_loc12_loop6,12,ITN 0%/IRS 0%/Larvicide 0%,0;0.4;0.4_0;0;0_0;0;0_-100;2;5475_-100;2;5475_-100;2;5475,23.9561643835616,Incidence,0.000108293980307505
NbyGQVwzFc_loc12_loop6,12,ITN 0%/IRS 0%/Larvicide 0%,0;0.4;0.4_0;0;0_0;0;0_-100;2;5475_-100;2;5475_-100;2;5475,23.958904109589,Incidence,0.00010847765742849
NbyGQVwzFc_loc12_loop6,12,ITN 0%/IRS 0%/Larvicide 0%,0;0.4;0.4_0;0;0_0;0;0_-100;2;5475_-100;2;5475_-100;2;5475,23.9616438356164,Incidence,0.000108661404532678
NbyGQVwzFc_loc12_loop6,12,ITN 0%/IRS 0%/Larvicide 0%,0;0.4;0.4_0;0;0_0;0;0_-100;2;5475_-100;2;5475_-100;2;5475,23.9643835616438,Incidence,0.000108845220898789
NbyGQVwzFc_loc12_loop6,12,ITN 0%/IRS 0%/Larvicide 0%,0;0.4;0.4_0;0;0_0;0;0_-100;2;5475_-100;2;5475_-100;2;5475,23.9671232876712,Incidence,0.000109029105804966
NbyGQVwzFc_loc12_loop6,12,ITN 0%/IRS 0%/Larvicide 0%,0;0.4;0.4_0;0;0_0;0;0_-100;2;5475_-100;2;5475_-100;2;5475,23.9698630136986,Incidence,0.000109213058528793
NbyGQVwzFc_loc12_loop6,12,ITN 0%/IRS 0%/Larvicide 0%,0;0.4;0.4_0;0;0_0;0;0_-100;2;5475_-100;2;5475_-100;2;5475,23.972602739726,Incidence,0.000109397078347301
NbyGQVwzFc_loc12_loop6,12,ITN 0%/IRS 0%/Larvicide 0%,0;0.4;0.4_0;0;0_0;0;0_-100;2;5475_-100;2;5475_-100;2;5475,23.9753424657534,Incidence,0.000109581164536985
NbyGQVwzFc_loc12_loop6,12,ITN 0%/IRS 0%/Larvicide 0%,0;0.4;0.4_0;0;0_0;0;0_-100;2;5475_-100;2;5475_-100;2;5475,23.9780821917808,Incidence,0.000109765316373815
NbyGQVwzFc_loc12_loop6,12,ITN 0%/IRS 0%/Larvicide 0%,0;0.4;0.4_0;0;0_0;0;0_-100;2;5475_-100;2;5475_-100;2;5475,23.9808219178082,Incidence,0.000109949533133248
NbyGQVwzFc_loc12_loop6,12,ITN 0%/IRS 0%/Larvicide 0%,0;0.4;0.4_0;0;0_0;0;0_-100;2;5475_-100;2;5475_-100;2;5475,23.9835616438356,Incidence,0.000110133814090241
NbyGQVwzFc_loc12_loop6,12,ITN 0%/IRS 0%/Larvicide 0%,0;0.4;0.4_0;0;0_0;0;0_-100;2;5475_-100;2;5475_-100;2;5475,23.986301369863,Incidence,0.000110318158519266
NbyGQVwzFc_loc12_loop6,12,ITN 0%/IRS 0%/Larvicide 0%,0;0.4;0.4_0;0;0_0;0;0_-100;2;5475_-100;2;5475_-100;2;5475,23.9890410958904,Incidence,0.000110502565694315
NbyGQVwzFc_loc12_loop6,12,ITN 0%/IRS 0%/Larvicide 0%,0;0.4;0.4_0;0;0_0;0;0_-100;2;5475_-100;2;5475_-100;2;5475,23.9917808219178,Incidence,0.000110687034888923
NbyGQVwzFc_loc12_loop6,12,ITN 0%/IRS 0%/Larvicide 0%,0;0.4;0.4_0;0;0_0;0;0_-100;2;5475_-100;2;5475_-100;2;5475,23.9945205479452,Incidence,0.000110871565376172
NbyGQVwzFc_loc12_loop6,12,ITN 0%/IRS 0%/Larvicide 0%,0;0.4;0.4_0;0;0_0;0;0_-100;2;5475_-100;2;5475_-100;2;5475,23.9972602739726,Incidence,0.000111056156428707
NbyGQVwzFc_loc12_loop6,12,ITN 0%/IRS 0%/Larvicide 0%,0;0.4;0.4_0;0;0_0;0;0_-100;2;5475_-100;2;5475_-100;2;5475,24,Incidence,0.000111240807318749
NbyGQVwzFc_loc12_loop6,12,ITN 0%/IRS 0%/Larvicide 0%,0;0.4;0.4_0;0;0_0;0;0_-100;2;5475_-100;2;5475_-100;2;5475,24.0027397260274,Incidence,0.000111425517318104
NbyGQVwzFc_loc12_loop6,12,ITN 0%/IRS 0%/Larvicide 0%,0;0.4;0.4_0;0;0_0;0;0_-100;2;5475_-100;2;5475_-100;2;5475,24.0054794520548,Incidence,0.00011161028569818
NbyGQVwzFc_loc12_loop6,12,ITN 0%/IRS 0%/Larvicide 0%,0;0.4;0.4_0;0;0_0;0;0_-100;2;5475_-100;2;5475_-100;2;5475,24.0082191780822,Incidence,0.000111795111730006
NbyGQVwzFc_loc12_loop6,12,ITN 0%/IRS 0%/Larvicide 0%,0;0.4;0.4_0;0;0_0;0;0_-100;2;5475_-100;2;5475_-100;2;5475,24.0109589041096,Incidence,0.000111979994684223
NbyGQVwzFc_loc12_loop6,12,ITN 0%/IRS 0%/Larvicide 0%,0;0.4;0.4_0;0;0_0;0;0_-100;2;5475_-100;2;5475_-100;2;5475,24.013698630137,Incidence,0.000112164933831113
NbyGQVwzFc_loc12_loop6,12,ITN 0%/IRS 0%/Larvicide 0%,0;0.4;0.4_0;0;0_0;0;0_-100;2;5475_-100;2;5475_-100;2;5475,24.0164383561644,Incidence,0.000112349928440615
NbyGQVwzFc_loc12_loop6,12,ITN 0%/IRS 0%/Larvicide 0%,0;0.4;0.4_0;0;0_0;0;0_-100;2;5475_-100;2;5475_-100;2;5475,24.0191780821918,Incidence,0.000112534977782322
NbyGQVwzFc_loc12_loop6,12,ITN 0%/IRS 0%/Larvicide 0%,0;0.4;0.4_0;0;0_0;0;0_-100;2;5475_-100;2;5475_-100;2;5475,24.0219178082192,Incidence,0.00011272008112551
NbyGQVwzFc_loc12_loop6,12,ITN 0%/IRS 0%/Larvicide 0%,0;0.4;0.4_0;0;0_0;0;0_-100;2;5475_-100;2;5475_-100;2;5475,24.0246575342466,Incidence,0.000112905237739138
NbyGQVwzFc_loc12_loop6,12,ITN 0%/IRS 0%/Larvicide 0%,0;0.4;0.4_0;0;0_0;0;0_-100;2;5475_-100;2;5475_-100;2;5475,24.027397260274,Incidence,0.000113090446891865
NbyGQVwzFc_loc12_loop6,12,ITN 0%/IRS 0%/Larvicide 0%,0;0.4;0.4_0;0;0_0;0;0_-100;2;5475_-100;2;5475_-100;2;5475,24.0301369863014,Incidence,0.000113275707852068
NbyGQVwzFc_loc12_loop6,12,ITN 0%/IRS 0%/Larvicide 0%,0;0.4;0.4_0;0;0_0;0;0_-100;2;5475_-100;2;5475_-100;2;5475,24.0328767123288,Incidence,9.5882045797093e-05
NbyGQVwzFc_loc12_loop6,12,ITN 0%/IRS 0%/Larvicide 0%,0;0.4;0.4_0;0;0_0;0;0_-100;2;5475_-100;2;5475_-100;2;5475,24.0356164383562,Incidence,9.56619143591205e-05
NbyGQVwzFc_loc12_loop6,12,ITN 0%/IRS 0%/Larvicide 0%,0;0.4;0.4_0;0;0_0;0;0_-100;2;5475_-100;2;5475_-100;2;5475,24.0383561643836,Incidence,9.54695395068402e-05
NbyGQVwzFc_loc12_loop6,12,ITN 0%/IRS 0%/Larvicide 0%,0;0.4;0.4_0;0;0_0;0;0_-100;2;5475_-100;2;5475_-100;2;5475,24.041095890411,Incidence,9.53103646822842e-05
NbyGQVwzFc_loc12_loop6,12,ITN 0%/IRS 0%/Larvicide 0%,0;0.4;0.4_0;0;0_0;0;0_-100;2;5475_-100;2;5475_-100;2;5475,24.0438356164384,Incidence,9.51813616890982e-05
NbyGQVwzFc_loc12_loop6,12,ITN 0%/IRS 0%/Larvicide 0%,0;0.4;0.4_0;0;0_0;0;0_-100;2;5475_-100;2;5475_-100;2;5475,24.0465753424658,Incidence,9.50797793903043e-05
NbyGQVwzFc_loc12_loop6,12,ITN 0%/IRS 0%/Larvicide 0%,0;0.4;0.4_0;0;0_0;0;0_-100;2;5475_-100;2;5475_-100;2;5475,24.0493150684932,Incidence,9.50031182249875e-05
NbyGQVwzFc_loc12_loop6,12,ITN 0%/IRS 0%/Larvicide 0%,0;0.4;0.4_0;0;0_0;0;0_-100;2;5475_-100;2;5475_-100;2;5475,24.0520547945206,Incidence,9.49491072963563e-05
NbyGQVwzFc_loc12_loop6,12,ITN 0%/IRS 0%/Larvicide 0%,0;0.4;0.4_0;0;0_0;0;0_-100;2;5475_-100;2;5475_-100;2;5475,24.0547945205479,Incidence,9.49522492305447e-05
NbyGQVwzFc_loc12_loop6,12,ITN 0%/IRS 0%/Larvicide 0%,0;0.4;0.4_0;0;0_0;0;0_-100;2;5475_-100;2;5475_-100;2;5475,24.0575342465753,Incidence,9.46290199409532e-05
NbyGQVwzFc_loc12_loop6,12,ITN 0%/IRS 0%/Larvicide 0%,0;0.4;0.4_0;0;0_0;0;0_-100;2;5475_-100;2;5475_-100;2;5475,24.0602739726027,Incidence,9.43059859190236e-05
NbyGQVwzFc_loc12_loop6,12,ITN 0%/IRS 0%/Larvicide 0%,0;0.4;0.4_0;0;0_0;0;0_-100;2;5475_-100;2;5475_-100;2;5475,24.0630136986301,Incidence,9.39972975566876e-05
NbyGQVwzFc_loc12_loop6,12,ITN 0%/IRS 0%/Larvicide 0%,0;0.4;0.4_0;0;0_0;0;0_-100;2;5475_-100;2;5475_-100;2;5475,24.0657534246575,Incidence,9.37042627043052e-05
NbyGQVwzFc_loc12_loop6,12,ITN 0%/IRS 0%/Larvicide 0%,0;0.4;0.4_0;0;0_0;0;0_-100;2;5475_-100;2;5475_-100;2;5475,24.0684931506849,Incidence,9.34278281103522e-05
NbyGQVwzFc_loc12_loop6,12,ITN 0%/IRS 0%/Larvicide 0%,0;0.4;0.4_0;0;0_0;0;0_-100;2;5475_-100;2;5475_-100;2;5475,24.0712328767123,Incidence,9.31686436940658e-05
NbyGQVwzFc_loc12_loop6,12,ITN 0%/IRS 0%/Larvicide 0%,0;0.4;0.4_0;0;0_0;0;0_-100;2;5475_-100;2;5475_-100;2;5475,24.0739726027397,Incidence,9.29271119118305e-05
NbyGQVwzFc_loc12_loop6,12,ITN 0%/IRS 0%/Larvicide 0%,0;0.4;0.4_0;0;0_0;0;0_-100;2;5475_-100;2;5475_-100;2;5475,24.0767123287671,Incidence,9.27034286234349e-05
NbyGQVwzFc_loc12_loop6,12,ITN 0%/IRS 0%/Larvicide 0%,0;0.4;0.4_0;0;0_0;0;0_-100;2;5475_-100;2;5475_-100;2;5475,24.0794520547945,Incidence,9.24976170386802e-05
NbyGQVwzFc_loc12_loop6,12,ITN 0%/IRS 0%/Larvicide 0%,0;0.4;0.4_0;0;0_0;0;0_-100;2;5475_-100;2;5475_-100;2;5475,24.0821917808219,Incidence,9.23095567196543e-05
NbyGQVwzFc_loc12_loop6,12,ITN 0%/IRS 0%/Larvicide 0%,0;0.4;0.4_0;0;0_0;0;0_-100;2;5475_-100;2;5475_-100;2;5475,24.0849315068493,Incidence,9.21390092184328e-05
NbyGQVwzFc_loc12_loop6,12,ITN 0%/IRS 0%/Larvicide 0%,0;0.4;0.4_0;0;0_0;0;0_-100;2;5475_-100;2;5475_-100;2;5475,24.0876712328767,Incidence,9.1985640019611e-05
NbyGQVwzFc_loc12_loop6,12,ITN 0%/IRS 0%/Larvicide 0%,0;0.4;0.4_0;0;0_0;0;0_-100;2;5475_-100;2;5475_-100;2;5475,24.0904109589041,Incidence,9.13482989584612e-05
NbyGQVwzFc_loc12_loop6,12,ITN 0%/IRS 0%/Larvicide 0%,0;0.4;0.4_0;0;0_0;0;0_-100;2;5475_-100;2;5475_-100;2;5475,24.0931506849315,Incidence,9.04020551647071e-05
NbyGQVwzFc_loc12_loop6,12,ITN 0%/IRS 0%/Larvicide 0%,0;0.4;0.4_0;0;0_0;0;0_-100;2;5475_-100;2;5475_-100;2;5475,24.0958904109589,Incidence,8.9547087068866e-05
NbyGQVwzFc_loc12_loop6,12,ITN 0%/IRS 0%/Larvicide 0%,0;0.4;0.4_0;0;0_0;0;0_-100;2;5475_-100;2;5475_-100;2;5475,24.0986301369863,Incidence,8.87758193500358e-05
NbyGQVwzFc_loc12_loop6,12,ITN 0%/IRS 0%/Larvicide 0%,0;0.4;0.4_0;0;0_0;0;0_-100;2;5475_-100;2;5475_-100;2;5475,24.1013698630137,Incidence,8.80813097773392e-05
NbyGQVwzFc_loc12_loop6,12,ITN 0%/IRS 0%/Larvicide 0%,0;0.4;0.4_0;0;0_0;0;0_-100;2;5475_-100;2;5475_-100;2;5475,24.1041095890411,Incidence,8.74571951795564e-05
NbyGQVwzFc_loc12_loop6,12,ITN 0%/IRS 0%/Larvicide 0%,0;0.4;0.4_0;0;0_0;0;0_-100;2;5475_-100;2;5475_-100;2;5475,24.1068493150685,Incidence,8.68976422829577e-05
NbyGQVwzFc_loc12_loop6,12,ITN 0%/IRS 0%/Larvicide 0%,0;0.4;0.4_0;0;0_0;0;0_-100;2;5475_-100;2;5475_-100;2;5475,24.1095890410959,Incidence,8.63973029417837e-05
NbyGQVwzFc_loc12_loop6,12,ITN 0%/IRS 0%/Larvicide 0%,0;0.4;0.4_0;0;0_0;0;0_-100;2;5475_-100;2;5475_-100;2;5475,24.1123287671233,Incidence,8.59512733066345e-05
NbyGQVwzFc_loc12_loop6,12,ITN 0%/IRS 0%/Larvicide 0%,0;0.4;0.4_0;0;0_0;0;0_-100;2;5475_-100;2;5475_-100;2;5475,24.1150684931507,Incidence,8.55550565550923e-05
NbyGQVwzFc_loc12_loop6,12,ITN 0%/IRS 0%/Larvicide 0%,0;0.4;0.4_0;0;0_0;0;0_-100;2;5475_-100;2;5475_-100;2;5475,24.1178082191781,Incidence,8.520452884325e-05
NbyGQVwzFc_loc12_loop6,12,ITN 0%/IRS 0%/Larvicide 0%,0;0.4;0.4_0;0;0_0;0;0_-100;2;5475_-100;2;5475_-100;2;5475,24.1205479452055,Incidence,8.48959082827876e-05
NbyGQVwzFc_loc12_loop6,12,ITN 0%/IRS 0%/Larvicide 0%,0;0.4;0.4_0;0;0_0;0;0_-100;2;5475_-100;2;5475_-100;2;5475,24.1232876712329,Incidence,8.46252446663002e-05
NbyGQVwzFc_loc12_loop6,12,ITN 0%/IRS 0%/Larvicide 0%,0;0.4;0.4_0;0;0_0;0;0_-100;2;5475_-100;2;5475_-100;2;5475,24.1260273972603,Incidence,8.43872256985187e-05
NbyGQVwzFc_loc12_loop6,12,ITN 0%/IRS 0%/Larvicide 0%,0;0.4;0.4_0;0;0_0;0;0_-100;2;5475_-100;2;5475_-100;2;5475,24.1287671232877,Incidence,8.41788138976733e-05
NbyGQVwzFc_loc12_loop6,12,ITN 0%/IRS 0%/Larvicide 0%,0;0.4;0.4_0;0;0_0;0;0_-100;2;5475_-100;2;5475_-100;2;5475,24.1315068493151,Incidence,8.39974762151704e-05
NbyGQVwzFc_loc12_loop6,12,ITN 0%/IRS 0%/Larvicide 0%,0;0.4;0.4_0;0;0_0;0;0_-100;2;5475_-100;2;5475_-100;2;5475,24.1342465753425,Incidence,8.38409029295083e-05
NbyGQVwzFc_loc12_loop6,12,ITN 0%/IRS 0%/Larvicide 0%,0;0.4;0.4_0;0;0_0;0;0_-100;2;5475_-100;2;5475_-100;2;5475,24.1369863013699,Incidence,8.37069869550991e-05
NbyGQVwzFc_loc12_loop6,12,ITN 0%/IRS 0%/Larvicide 0%,0;0.4;0.4_0;0;0_0;0;0_-100;2;5475_-100;2;5475_-100;2;5475,24.1397260273973,Incidence,8.35938052516049e-05
NbyGQVwzFc_loc12_loop6,12,ITN 0%/IRS 0%/Larvicide 0%,0;0.4;0.4_0;0;0_0;0;0_-100;2;5475_-100;2;5475_-100;2;5475,24.1424657534247,Incidence,8.34996021041698e-05
NbyGQVwzFc_loc12_loop6,12,ITN 0%/IRS 0%/Larvicide 0%,0;0.4;0.4_0;0;0_0;0;0_-100;2;5475_-100;2;5475_-100;2;5475,24.1452054794521,Incidence,8.34227739236496e-05
NbyGQVwzFc_loc12_loop6,12,ITN 0%/IRS 0%/Larvicide 0%,0;0.4;0.4_0;0;0_0;0;0_-100;2;5475_-100;2;5475_-100;2;5475,24.1479452054795,Incidence,8.3361768019864e-05
NbyGQVwzFc_loc12_loop6,12,ITN 0%/IRS 0%/Larvicide 0%,0;0.4;0.4_0;0;0_0;0;0_-100;2;5475_-100;2;5475_-100;2;5475,24.1506849315069,Incidence,8.33150429630983e-05
NbyGQVwzFc_loc12_loop6,12,ITN 0%/IRS 0%/Larvicide 0%,0;0.4;0.4_0;0;0_0;0;0_-100;2;5475_-100;2;5475_-100;2;5475,24.1534246575342,Incidence,8.32811963236173e-05
NbyGQVwzFc_loc12_loop6,12,ITN 0%/IRS 0%/Larvicide 0%,0;0.4;0.4_0;0;0_0;0;0_-100;2;5475_-100;2;5475_-100;2;5475,24.1561643835616,Incidence,8.32589599460971e-05
NbyGQVwzFc_loc12_loop6,12,ITN 0%/IRS 0%/Larvicide 0%,0;0.4;0.4_0;0;0_0;0;0_-100;2;5475_-100;2;5475_-100;2;5475,24.158904109589,Incidence,8.32471876139459e-05
NbyGQVwzFc_loc12_loop6,12,ITN 0%/IRS 0%/Larvicide 0%,0;0.4;0.4_0;0;0_0;0;0_-100;2;5475_-100;2;5475_-100;2;5475,24.1616438356164,Incidence,8.32448437993077e-05
NbyGQVwzFc_loc12_loop6,12,ITN 0%/IRS 0%/Larvicide 0%,0;0.4;0.4_0;0;0_0;0;0_-100;2;5475_-100;2;5475_-100;2;5475,24.1643835616438,Incidence,8.32509934109458e-05
NbyGQVwzFc_loc12_loop6,12,ITN 0%/IRS 0%/Larvicide 0%,0;0.4;0.4_0;0;0_0;0;0_-100;2;5475_-100;2;5475_-100;2;5475,24.1671232876712,Incidence,8.32647924568935e-05
NbyGQVwzFc_loc12_loop6,12,ITN 0%/IRS 0%/Larvicide 0%,0;0.4;0.4_0;0;0_0;0;0_-100;2;5475_-100;2;5475_-100;2;5475,24.1698630136986,Incidence,8.32854795439516e-05
NbyGQVwzFc_loc12_loop6,12,ITN 0%/IRS 0%/Larvicide 0%,0;0.4;0.4_0;0;0_0;0;0_-100;2;5475_-100;2;5475_-100;2;5475,24.172602739726,Incidence,8.33123681409944e-05
NbyGQVwzFc_loc12_loop6,12,ITN 0%/IRS 0%/Larvicide 0%,0;0.4;0.4_0;0;0_0;0;0_-100;2;5475_-100;2;5475_-100;2;5475,24.1753424657534,Incidence,8.33448395398306e-05
NbyGQVwzFc_loc12_loop6,12,ITN 0%/IRS 0%/Larvicide 0%,0;0.4;0.4_0;0;0_0;0;0_-100;2;5475_-100;2;5475_-100;2;5475,24.1780821917808,Incidence,8.33823365885999e-05
NbyGQVwzFc_loc12_loop6,12,ITN 0%/IRS 0%/Larvicide 0%,0;0.4;0.4_0;0;0_0;0;0_-100;2;5475_-100;2;5475_-100;2;5475,24.1808219178082,Incidence,8.34242298457286e-05
NbyGQVwzFc_loc12_loop6,12,ITN 0%/IRS 0%/Larvicide 0%,0;0.4;0.4_0;0;0_0;0;0_-100;2;5475_-100;2;5475_-100;2;5475,24.1835616438356,Incidence,8.34695718851215e-05
NbyGQVwzFc_loc12_loop6,12,ITN 0%/IRS 0%/Larvicide 0%,0;0.4;0.4_0;0;0_0;0;0_-100;2;5475_-100;2;5475_-100;2;5475,24.186301369863,Incidence,8.35175130241733e-05
NbyGQVwzFc_loc12_loop6,12,ITN 0%/IRS 0%/Larvicide 0%,0;0.4;0.4_0;0;0_0;0;0_-100;2;5475_-100;2;5475_-100;2;5475,24.1890410958904,Incidence,8.35673666316352e-05
NbyGQVwzFc_loc12_loop6,12,ITN 0%/IRS 0%/Larvicide 0%,0;0.4;0.4_0;0;0_0;0;0_-100;2;5475_-100;2;5475_-100;2;5475,24.1917808219178,Incidence,8.36185804738758e-05
NbyGQVwzFc_loc12_loop6,12,ITN 0%/IRS 0%/Larvicide 0%,0;0.4;0.4_0;0;0_0;0;0_-100;2;5475_-100;2;5475_-100;2;5475,24.1945205479452,Incidence,8.36707130212098e-05
NbyGQVwzFc_loc12_loop6,12,ITN 0%/IRS 0%/Larvicide 0%,0;0.4;0.4_0;0;0_0;0;0_-100;2;5475_-100;2;5475_-100;2;5475,24.1972602739726,Incidence,8.37234138546263e-05
NbyGQVwzFc_loc12_loop6,12,ITN 0%/IRS 0%/Larvicide 0%,0;0.4;0.4_0;0;0_0;0;0_-100;2;5475_-100;2;5475_-100;2;5475,24.2,Incidence,8.37764074600728e-05
NbyGQVwzFc_loc12_loop6,12,ITN 0%/IRS 0%/Larvicide 0%,0;0.4;0.4_0;0;0_0;0;0_-100;2;5475_-100;2;5475_-100;2;5475,24.2027397260274,Incidence,8.38294798206291e-05
NbyGQVwzFc_loc12_loop6,12,ITN 0%/IRS 0%/Larvicide 0%,0;0.4;0.4_0;0;0_0;0;0_-100;2;5475_-100;2;5475_-100;2;5475,24.2054794520548,Incidence,8.38824673209541e-05
NbyGQVwzFc_loc12_loop6,12,ITN 0%/IRS 0%/Larvicide 0%,0;0.4;0.4_0;0;0_0;0;0_-100;2;5475_-100;2;5475_-100;2;5475,24.2082191780822,Incidence,8.39352475638106e-05
NbyGQVwzFc_loc12_loop6,12,ITN 0%/IRS 0%/Larvicide 0%,0;0.4;0.4_0;0;0_0;0;0_-100;2;5475_-100;2;5475_-100;2;5475,24.2109589041096,Incidence,8.3987731768689e-05
NbyGQVwzFc_loc12_loop6,12,ITN 0%/IRS 0%/Larvicide 0%,0;0.4;0.4_0;0;0_0;0;0_-100;2;5475_-100;2;5475_-100;2;5475,24.213698630137,Incidence,8.40398583634088e-05
NbyGQVwzFc_loc12_loop6,12,ITN 0%/IRS 0%/Larvicide 0%,0;0.4;0.4_0;0;0_0;0;0_-100;2;5475_-100;2;5475_-100;2;5475,24.2164383561644,Incidence,8.40915867876967e-05
NbyGQVwzFc_loc12_loop6,12,ITN 0%/IRS 0%/Larvicide 0%,0;0.4;0.4_0;0;0_0;0;0_-100;2;5475_-100;2;5475_-100;2;5475,24.2191780821918,Incidence,8.41428926048668e-05
NbyGQVwzFc_loc12_loop6,12,ITN 0%/IRS 0%/Larvicide 0%,0;0.4;0.4_0;0;0_0;0;0_-100;2;5475_-100;2;5475_-100;2;5475,24.2219178082192,Incidence,8.41937642556538e-05
NbyGQVwzFc_loc12_loop6,12,ITN 0%/IRS 0%/Larvicide 0%,0;0.4;0.4_0;0;0_0;0;0_-100;2;5475_-100;2;5475_-100;2;5475,24.2246575342466,Incidence,8.42442004396174e-05
NbyGQVwzFc_loc12_loop6,12,ITN 0%/IRS 0%/Larvicide 0%,0;0.4;0.4_0;0;0_0;0;0_-100;2;5475_-100;2;5475_-100;2;5475,24.227397260274,Incidence,8.42942079799761e-05
NbyGQVwzFc_loc12_loop6,12,ITN 0%/IRS 0%/Larvicide 0%,0;0.4;0.4_0;0;0_0;0;0_-100;2;5475_-100;2;5475_-100;2;5475,24.2301369863014,Incidence,8.43438000181723e-05
NbyGQVwzFc_loc12_loop6,12,ITN 0%/IRS 0%/Larvicide 0%,0;0.4;0.4_0;0;0_0;0;0_-100;2;5475_-100;2;5475_-100;2;5475,24.2328767123288,Incidence,8.43929945510392e-05
NbyGQVwzFc_loc12_loop6,12,ITN 0%/IRS 0%/Larvicide 0%,0;0.4;0.4_0;0;0_0;0;0_-100;2;5475_-100;2;5475_-100;2;5475,24.2356164383562,Incidence,8.44418132381011e-05
NbyGQVwzFc_loc12_loop6,12,ITN 0%/IRS 0%/Larvicide 0%,0;0.4;0.4_0;0;0_0;0;0_-100;2;5475_-100;2;5475_-100;2;5475,24.2383561643836,Incidence,8.44902803953441e-05
NbyGQVwzFc_loc12_loop6,12,ITN 0%/IRS 0%/Larvicide 0%,0;0.4;0.4_0;0;0_0;0;0_-100;2;5475_-100;2;5475_-100;2;5475,24.241095890411,Incidence,8.45384220895587e-05
NbyGQVwzFc_loc12_loop6,12,ITN 0%/IRS 0%/Larvicide 0%,0;0.4;0.4_0;0;0_0;0;0_-100;2;5475_-100;2;5475_-100;2;5475,24.2438356164384,Incidence,8.4586265374349e-05
NbyGQVwzFc_loc12_loop6,12,ITN 0%/IRS 0%/Larvicide 0%,0;0.4;0.4_0;0;0_0;0;0_-100;2;5475_-100;2;5475_-100;2;5475,24.2465753424658,Incidence,8.463383768754e-05
NbyGQVwzFc_loc12_loop6,12,ITN 0%/IRS 0%/Larvicide 0%,0;0.4;0.4_0;0;0_0;0;0_-100;2;5475_-100;2;5475_-100;2;5475,24.2493150684932,Incidence,8.46811663825522e-05
NbyGQVwzFc_loc12_loop6,12,ITN 0%/IRS 0%/Larvicide 0%,0;0.4;0.4_0;0;0_0;0;0_-100;2;5475_-100;2;5475_-100;2;5475,24.2520547945206,Incidence,8.47282783689867e-05
NbyGQVwzFc_loc12_loop6,12,ITN 0%/IRS 0%/Larvicide 0%,0;0.4;0.4_0;0;0_0;0;0_-100;2;5475_-100;2;5475_-100;2;5475,24.2547945205479,Incidence,8.47751998419897e-05
NbyGQVwzFc_loc12_loop6,12,ITN 0%/IRS 0%/Larvicide 0%,0;0.4;0.4_0;0;0_0;0;0_-100;2;5475_-100;2;5475_-100;2;5475,24.2575342465753,Incidence,8.48219560835513e-05
NbyGQVwzFc_loc12_loop6,12,ITN 0%/IRS 0%/Larvicide 0%,0;0.4;0.4_0;0;0_0;0;0_-100;2;5475_-100;2;5475_-100;2;5475,24.2602739726027,Incidence,8.4868571321854e-05
NbyGQVwzFc_loc12_loop6,12,ITN 0%/IRS 0%/Larvicide 0%,0;0.4;0.4_0;0;0_0;0;0_-100;2;5475_-100;2;5475_-100;2;5475,24.2630136986301,Incidence,8.49150686372413e-05
NbyGQVwzFc_loc12_loop6,12,ITN 0%/IRS 0%/Larvicide 0%,0;0.4;0.4_0;0;0_0;0;0_-100;2;5475_-100;2;5475_-100;2;5475,24.2657534246575,Incidence,8.49614699053976e-05
NbyGQVwzFc_loc12_loop6,12,ITN 0%/IRS 0%/Larvicide 0%,0;0.4;0.4_0;0;0_0;0;0_-100;2;5475_-100;2;5475_-100;2;5475,24.2684931506849,Incidence,8.50077957836722e-05
NbyGQVwzFc_loc12_loop6,12,ITN 0%/IRS 0%/Larvicide 0%,0;0.4;0.4_0;0;0_0;0;0_-100;2;5475_-100;2;5475_-100;2;5475,24.2712328767123,Incidence,8.5054065672191e-05
NbyGQVwzFc_loc12_loop6,12,ITN 0%/IRS 0%/Larvicide 0%,0;0.4;0.4_0;0;0_0;0;0_-100;2;5475_-100;2;5475_-100;2;5475,24.2739726027397,Incidence,8.51002974780016e-05
NbyGQVwzFc_loc12_loop6,12,ITN 0%/IRS 0%/Larvicide 0%,0;0.4;0.4_0;0;0_0;0;0_-100;2;5475_-100;2;5475_-100;2;5475,24.2767123287671,Incidence,8.51465073615368e-05
NbyGQVwzFc_loc12_loop6,12,ITN 0%/IRS 0%/Larvicide 0%,0;0.4;0.4_0;0;0_0;0;0_-100;2;5475_-100;2;5475_-100;2;5475,24.2794520547945,Incidence,8.51927095988389e-05
NbyGQVwzFc_loc12_loop6,12,ITN 0%/IRS 0%/Larvicide 0%,0;0.4;0.4_0;0;0_0;0;0_-100;2;5475_-100;2;5475_-100;2;5475,24.2821917808219,Incidence,8.52389165554311e-05
NbyGQVwzFc_loc12_loop6,12,ITN 0%/IRS 0%/Larvicide 0%,0;0.4;0.4_0;0;0_0;0;0_-100;2;5475_-100;2;5475_-100;2;5475,24.2849315068493,Incidence,8.52851387371631e-05
NbyGQVwzFc_loc12_loop6,12,ITN 0%/IRS 0%/Larvicide 0%,0;0.4;0.4_0;0;0_0;0;0_-100;2;5475_-100;2;5475_-100;2;5475,24.2876712328767,Incidence,8.53313848919386e-05
NbyGQVwzFc_loc12_loop6,12,ITN 0%/IRS 0%/Larvicide 0%,0;0.4;0.4_0;0;0_0;0;0_-100;2;5475_-100;2;5475_-100;2;5475,24.2904109589041,Incidence,8.53776621429781e-05
NbyGQVwzFc_loc12_loop6,12,ITN 0%/IRS 0%/Larvicide 0%,0;0.4;0.4_0;0;0_0;0;0_-100;2;5475_-100;2;5475_-100;2;5475,24.2931506849315,Incidence,8.54239761394366e-05
NbyGQVwzFc_loc12_loop6,12,ITN 0%/IRS 0%/Larvicide 0%,0;0.4;0.4_0;0;0_0;0;0_-100;2;5475_-100;2;5475_-100;2;5475,24.2958904109589,Incidence,8.5470331214162e-05
NbyGQVwzFc_loc12_loop6,12,ITN 0%/IRS 0%/Larvicide 0%,0;0.4;0.4_0;0;0_0;0;0_-100;2;5475_-100;2;5475_-100;2;5475,24.2986301369863,Incidence,8.55167305413839e-05
NbyGQVwzFc_loc12_loop6,12,ITN 0%/IRS 0%/Larvicide 0%,0;0.4;0.4_0;0;0_0;0;0_-100;2;5475_-100;2;5475_-100;2;5475,24.3013698630137,Incidence,8.55631762893876e-05
NbyGQVwzFc_loc12_loop6,12,ITN 0%/IRS 0%/Larvicide 0%,0;0.4;0.4_0;0;0_0;0;0_-100;2;5475_-100;2;5475_-100;2;5475,24.3041095890411,Incidence,8.56096697649031e-05
NbyGQVwzFc_loc12_loop6,12,ITN 0%/IRS 0%/Larvicide 0%,0;0.4;0.4_0;0;0_0;0;0_-100;2;5475_-100;2;5475_-100;2;5475,24.3068493150685,Incidence,8.56562115468486e-05
NbyGQVwzFc_loc12_loop6,12,ITN 0%/IRS 0%/Larvicide 0%,0;0.4;0.4_0;0;0_0;0;0_-100;2;5475_-100;2;5475_-100;2;5475,24.3095890410959,Incidence,8.57028016090478e-05
NbyGQVwzFc_loc12_loop6,12,ITN 0%/IRS 0%/Larvicide 0%,0;0.4;0.4_0;0;0_0;0;0_-100;2;5475_-100;2;5475_-100;2;5475,24.3123287671233,Incidence,8.5749439450964e-05
NbyGQVwzFc_loc12_loop6,12,ITN 0%/IRS 0%/Larvicide 0%,0;0.4;0.4_0;0;0_0;0;0_-100;2;5475_-100;2;5475_-100;2;5475,24.3150684931507,Incidence,8.57961241661578e-05
NbyGQVwzFc_loc12_loop6,12,ITN 0%/IRS 0%/Larvicide 0%,0;0.4;0.4_0;0;0_0;0;0_-100;2;5475_-100;2;5475_-100;2;5475,24.3178082191781,Incidence,8.58428545262831e-05
NbyGQVwzFc_loc12_loop6,12,ITN 0%/IRS 0%/Larvicide 0%,0;0.4;0.4_0;0;0_0;0;0_-100;2;5475_-100;2;5475_-100;2;5475,24.3205479452055,Incidence,8.58896290620883e-05
NbyGQVwzFc_loc12_loop6,12,ITN 0%/IRS 0%/Larvicide 0%,0;0.4;0.4_0;0;0_0;0;0_-100;2;5475_-100;2;5475_-100;2;5475,24.3232876712329,Incidence,8.59364461283285e-05
NbyGQVwzFc_loc12_loop6,12,ITN 0%/IRS 0%/Larvicide 0%,0;0.4;0.4_0;0;0_0;0;0_-100;2;5475_-100;2;5475_-100;2;5475,24.3260273972603,Incidence,8.5983303959761e-05
NbyGQVwzFc_loc12_loop6,12,ITN 0%/IRS 0%/Larvicide 0%,0;0.4;0.4_0;0;0_0;0;0_-100;2;5475_-100;2;5475_-100;2;5475,24.3287671232877,Incidence,8.60302007190974e-05
NbyGQVwzFc_loc12_loop6,12,ITN 0%/IRS 0%/Larvicide 0%,0;0.4;0.4_0;0;0_0;0;0_-100;2;5475_-100;2;5475_-100;2;5475,24.3315068493151,Incidence,8.60771345376971e-05
NbyGQVwzFc_loc12_loop6,12,ITN 0%/IRS 0%/Larvicide 0%,0;0.4;0.4_0;0;0_0;0;0_-100;2;5475_-100;2;5475_-100;2;5475,24.3342465753425,Incidence,8.61241035497263e-05
NbyGQVwzFc_loc12_loop6,12,ITN 0%/IRS 0%/Larvicide 0%,0;0.4;0.4_0;0;0_0;0;0_-100;2;5475_-100;2;5475_-100;2;5475,24.3369863013699,Incidence,8.61711059204711e-05
NbyGQVwzFc_loc12_loop6,12,ITN 0%/IRS 0%/Larvicide 0%,0;0.4;0.4_0;0;0_0;0;0_-100;2;5475_-100;2;5475_-100;2;5475,24.3397260273973,Incidence,8.62181398694678e-05
NbyGQVwzFc_loc12_loop6,12,ITN 0%/IRS 0%/Larvicide 0%,0;0.4;0.4_0;0;0_0;0;0_-100;2;5475_-100;2;5475_-100;2;5475,24.3424657534247,Incidence,8.62652036890796e-05
NbyGQVwzFc_loc12_loop6,12,ITN 0%/IRS 0%/Larvicide 0%,0;0.4;0.4_0;0;0_0;0;0_-100;2;5475_-100;2;5475_-100;2;5475,24.3452054794521,Incidence,8.63122957590944e-05
NbyGQVwzFc_loc12_loop6,12,ITN 0%/IRS 0%/Larvicide 0%,0;0.4;0.4_0;0;0_0;0;0_-100;2;5475_-100;2;5475_-100;2;5475,24.3479452054795,Incidence,8.63594145578817e-05
NbyGQVwzFc_loc12_loop6,12,ITN 0%/IRS 0%/Larvicide 0%,0;0.4;0.4_0;0;0_0;0;0_-100;2;5475_-100;2;5475_-100;2;5475,24.3506849315069,Incidence,8.64065586705881e-05
NbyGQVwzFc_loc12_loop6,12,ITN 0%/IRS 0%/Larvicide 0%,0;0.4;0.4_0;0;0_0;0;0_-100;2;5475_-100;2;5475_-100;2;5475,24.3534246575343,Incidence,8.64537267971889e-05
NbyGQVwzFc_loc12_loop6,12,ITN 0%/IRS 0%/Larvicide 0%,0;0.4;0.4_0;0;0_0;0;0_-100;2;5475_-100;2;5475_-100;2;5475,24.3561643835616,Incidence,8.65009177765308e-05
NbyGQVwzFc_loc12_loop6,12,ITN 0%/IRS 0%/Larvicide 0%,0;0.4;0.4_0;0;0_0;0;0_-100;2;5475_-100;2;5475_-100;2;5475,24.358904109589,Incidence,8.65481305553445e-05
NbyGQVwzFc_loc12_loop6,12,ITN 0%/IRS 0%/Larvicide 0%,0;0.4;0.4_0;0;0_0;0;0_-100;2;5475_-100;2;5475_-100;2;5475,24.3616438356164,Incidence,8.65953641934217e-05
NbyGQVwzFc_loc12_loop6,12,ITN 0%/IRS 0%/Larvicide 0%,0;0.4;0.4_0;0;0_0;0;0_-100;2;5475_-100;2;5475_-100;2;5475,24.3643835616438,Incidence,8.66426178670312e-05
NbyGQVwzFc_loc12_loop6,12,ITN 0%/IRS 0%/Larvicide 0%,0;0.4;0.4_0;0;0_0;0;0_-100;2;5475_-100;2;5475_-100;2;5475,24.3671232876712,Incidence,8.66898908665467e-05
NbyGQVwzFc_loc12_loop6,12,ITN 0%/IRS 0%/Larvicide 0%,0;0.4;0.4_0;0;0_0;0;0_-100;2;5475_-100;2;5475_-100;2;5475,24.3698630136986,Incidence,8.67371825928807e-05
NbyGQVwzFc_loc12_loop6,12,ITN 0%/IRS 0%/Larvicide 0%,0;0.4;0.4_0;0;0_0;0;0_-100;2;5475_-100;2;5475_-100;2;5475,24.372602739726,Incidence,8.67844925528751e-05
NbyGQVwzFc_loc12_loop6,12,ITN 0%/IRS 0%/Larvicide 0%,0;0.4;0.4_0;0;0_0;0;0_-100;2;5475_-100;2;5475_-100;2;5475,24.3753424657534,Incidence,8.68318203538418e-05
NbyGQVwzFc_loc12_loop6,12,ITN 0%/IRS 0%/Larvicide 0%,0;0.4;0.4_0;0;0_0;0;0_-100;2;5475_-100;2;5475_-100;2;5475,24.3780821917808,Incidence,8.68791656974553e-05
NbyGQVwzFc_loc12_loop6,12,ITN 0%/IRS 0%/Larvicide 0%,0;0.4;0.4_0;0;0_0;0;0_-100;2;5475_-100;2;5475_-100;2;5475,24.3808219178082,Incidence,8.6926528373195e-05
NbyGQVwzFc_loc12_loop6,12,ITN 0%/IRS 0%/Larvicide 0%,0;0.4;0.4_0;0;0_0;0;0_-100;2;5475_-100;2;5475_-100;2;5475,24.3835616438356,Incidence,8.6973908251524e-05
NbyGQVwzFc_loc12_loop6,12,ITN 0%/IRS 0%/Larvicide 0%,0;0.4;0.4_0;0;0_0;0;0_-100;2;5475_-100;2;5475_-100;2;5475,24.386301369863,Incidence,8.70213052769579e-05
NbyGQVwzFc_loc12_loop6,12,ITN 0%/IRS 0%/Larvicide 0%,0;0.4;0.4_0;0;0_0;0;0_-100;2;5475_-100;2;5475_-100;2;5475,24.3890410958904,Incidence,8.70687194611695e-05
NbyGQVwzFc_loc12_loop6,12,ITN 0%/IRS 0%/Larvicide 0%,0;0.4;0.4_0;0;0_0;0;0_-100;2;5475_-100;2;5475_-100;2;5475,24.3917808219178,Incidence,8.7116150876236e-05
NbyGQVwzFc_loc12_loop6,12,ITN 0%/IRS 0%/Larvicide 0%,0;0.4;0.4_0;0;0_0;0;0_-100;2;5475_-100;2;5475_-100;2;5475,24.3945205479452,Incidence,8.71635996481221e-05
NbyGQVwzFc_loc12_loop6,12,ITN 0%/IRS 0%/Larvicide 0%,0;0.4;0.4_0;0;0_0;0;0_-100;2;5475_-100;2;5475_-100;2;5475,24.3972602739726,Incidence,8.72110659513205e-05
NbyGQVwzFc_loc12_loop6,12,ITN 0%/IRS 0%/Larvicide 0%,0;0.4;0.4_0;0;0_0;0;0_-100;2;5475_-100;2;5475_-100;2;5475,24.4,Incidence,8.72585500229558e-05
NbyGQVwzFc_loc12_loop6,12,ITN 0%/IRS 0%/Larvicide 0%,0;0.4;0.4_0;0;0_0;0;0_-100;2;5475_-100;2;5475_-100;2;5475,24.4027397260274,Incidence,8.73060521312364e-05
NbyGQVwzFc_loc12_loop6,12,ITN 0%/IRS 0%/Larvicide 0%,0;0.4;0.4_0;0;0_0;0;0_-100;2;5475_-100;2;5475_-100;2;5475,24.4054794520548,Incidence,8.73535725682858e-05
NbyGQVwzFc_loc12_loop6,12,ITN 0%/IRS 0%/Larvicide 0%,0;0.4;0.4_0;0;0_0;0;0_-100;2;5475_-100;2;5475_-100;2;5475,24.4082191780822,Incidence,8.74011116525087e-05
NbyGQVwzFc_loc12_loop6,12,ITN 0%/IRS 0%/Larvicide 0%,0;0.4;0.4_0;0;0_0;0;0_-100;2;5475_-100;2;5475_-100;2;5475,24.4109589041096,Incidence,8.7448669724347e-05
NbyGQVwzFc_loc12_loop6,12,ITN 0%/IRS 0%/Larvicide 0%,0;0.4;0.4_0;0;0_0;0;0_-100;2;5475_-100;2;5475_-100;2;5475,24.413698630137,Incidence,8.74962471424396e-05
NbyGQVwzFc_loc12_loop6,12,ITN 0%/IRS 0%/Larvicide 0%,0;0.4;0.4_0;0;0_0;0;0_-100;2;5475_-100;2;5475_-100;2;5475,24.4164383561644,Incidence,8.75438442801678e-05
NbyGQVwzFc_loc12_loop6,12,ITN 0%/IRS 0%/Larvicide 0%,0;0.4;0.4_0;0;0_0;0;0_-100;2;5475_-100;2;5475_-100;2;5475,24.4191780821918,Incidence,8.75914615225727e-05
NbyGQVwzFc_loc12_loop6,12,ITN 0%/IRS 0%/Larvicide 0%,0;0.4;0.4_0;0;0_0;0;0_-100;2;5475_-100;2;5475_-100;2;5475,24.4219178082192,Incidence,8.76390992636261e-05
NbyGQVwzFc_loc12_loop6,12,ITN 0%/IRS 0%/Larvicide 0%,0;0.4;0.4_0;0;0_0;0;0_-100;2;5475_-100;2;5475_-100;2;5475,24.4246575342466,Incidence,8.76867579038249e-05
NbyGQVwzFc_loc12_loop6,12,ITN 0%/IRS 0%/Larvicide 0%,0;0.4;0.4_0;0;0_0;0;0_-100;2;5475_-100;2;5475_-100;2;5475,24.427397260274,Incidence,8.77344378480941e-05
NbyGQVwzFc_loc12_loop6,12,ITN 0%/IRS 0%/Larvicide 0%,0;0.4;0.4_0;0;0_0;0;0_-100;2;5475_-100;2;5475_-100;2;5475,24.4301369863014,Incidence,8.77821395039691e-05
NbyGQVwzFc_loc12_loop6,12,ITN 0%/IRS 0%/Larvicide 0%,0;0.4;0.4_0;0;0_0;0;0_-100;2;5475_-100;2;5475_-100;2;5475,24.4328767123288,Incidence,8.78298632800368e-05
NbyGQVwzFc_loc12_loop6,12,ITN 0%/IRS 0%/Larvicide 0%,0;0.4;0.4_0;0;0_0;0;0_-100;2;5475_-100;2;5475_-100;2;5475,24.4356164383562,Incidence,8.78776095846108e-05
NbyGQVwzFc_loc12_loop6,12,ITN 0%/IRS 0%/Larvicide 0%,0;0.4;0.4_0;0;0_0;0;0_-100;2;5475_-100;2;5475_-100;2;5475,24.4383561643836,Incidence,8.79253788246178e-05
NbyGQVwzFc_loc12_loop6,12,ITN 0%/IRS 0%/Larvicide 0%,0;0.4;0.4_0;0;0_0;0;0_-100;2;5475_-100;2;5475_-100;2;5475,24.441095890411,Incidence,8.79731714046775e-05
NbyGQVwzFc_loc12_loop6,12,ITN 0%/IRS 0%/Larvicide 0%,0;0.4;0.4_0;0;0_0;0;0_-100;2;5475_-100;2;5475_-100;2;5475,24.4438356164384,Incidence,8.8020987735752e-05
NbyGQVwzFc_loc12_loop6,12,ITN 0%/IRS 0%/Larvicide 0%,0;0.4;0.4_0;0;0_0;0;0_-100;2;5475_-100;2;5475_-100;2;5475,24.4465753424658,Incidence,8.80688282389328e-05
NbyGQVwzFc_loc12_loop6,12,ITN 0%/IRS 0%/Larvicide 0%,0;0.4;0.4_0;0;0_0;0;0_-100;2;5475_-100;2;5475_-100;2;5475,24.4493150684932,Incidence,8.81166933161786e-05
NbyGQVwzFc_loc12_loop6,12,ITN 0%/IRS 0%/Larvicide 0%,0;0.4;0.4_0;0;0_0;0;0_-100;2;5475_-100;2;5475_-100;2;5475,24.4520547945206,Incidence,8.81645833641814e-05
NbyGQVwzFc_loc12_loop6,12,ITN 0%/IRS 0%/Larvicide 0%,0;0.4;0.4_0;0;0_0;0;0_-100;2;5475_-100;2;5475_-100;2;5475,24.4547945205479,Incidence,8.82124987746066e-05
NbyGQVwzFc_loc12_loop6,12,ITN 0%/IRS 0%/Larvicide 0%,0;0.4;0.4_0;0;0_0;0;0_-100;2;5475_-100;2;5475_-100;2;5475,24.4575342465753,Incidence,8.82604399339414e-05
NbyGQVwzFc_loc12_loop6,12,ITN 0%/IRS 0%/Larvicide 0%,0;0.4;0.4_0;0;0_0;0;0_-100;2;5475_-100;2;5475_-100;2;5475,24.4602739726027,Incidence,8.83084072234155e-05
NbyGQVwzFc_loc12_loop6,12,ITN 0%/IRS 0%/Larvicide 0%,0;0.4;0.4_0;0;0_0;0;0_-100;2;5475_-100;2;5475_-100;2;5475,24.4630136986301,Incidence,8.83564010189904e-05
NbyGQVwzFc_loc12_loop6,12,ITN 0%/IRS 0%/Larvicide 0%,0;0.4;0.4_0;0;0_0;0;0_-100;2;5475_-100;2;5475_-100;2;5475,24.4657534246575,Incidence,8.84044216914005e-05
NbyGQVwzFc_loc12_loop6,12,ITN 0%/IRS 0%/Larvicide 0%,0;0.4;0.4_0;0;0_0;0;0_-100;2;5475_-100;2;5475_-100;2;5475,24.4684931506849,Incidence,8.84524696062384e-05
NbyGQVwzFc_loc12_loop6,12,ITN 0%/IRS 0%/Larvicide 0%,0;0.4;0.4_0;0;0_0;0;0_-100;2;5475_-100;2;5475_-100;2;5475,24.4712328767123,Incidence,8.85005451240769e-05
NbyGQVwzFc_loc12_loop6,12,ITN 0%/IRS 0%/Larvicide 0%,0;0.4;0.4_0;0;0_0;0;0_-100;2;5475_-100;2;5475_-100;2;5475,24.4739726027397,Incidence,8.8548648600615e-05
NbyGQVwzFc_loc12_loop6,12,ITN 0%/IRS 0%/Larvicide 0%,0;0.4;0.4_0;0;0_0;0;0_-100;2;5475_-100;2;5475_-100;2;5475,24.4767123287671,Incidence,8.85967803868466e-05
NbyGQVwzFc_loc12_loop6,12,ITN 0%/IRS 0%/Larvicide 0%,0;0.4;0.4_0;0;0_0;0;0_-100;2;5475_-100;2;5475_-100;2;5475,24.4794520547945,Incidence,8.86449408292428e-05
NbyGQVwzFc_loc12_loop6,12,ITN 0%/IRS 0%/Larvicide 0%,0;0.4;0.4_0;0;0_0;0;0_-100;2;5475_-100;2;5475_-100;2;5475,24.4821917808219,Incidence,8.86931302699393e-05
NbyGQVwzFc_loc12_loop6,12,ITN 0%/IRS 0%/Larvicide 0%,0;0.4;0.4_0;0;0_0;0;0_-100;2;5475_-100;2;5475_-100;2;5475,24.4849315068493,Incidence,8.87413490469337e-05
NbyGQVwzFc_loc12_loop6,12,ITN 0%/IRS 0%/Larvicide 0%,0;0.4;0.4_0;0;0_0;0;0_-100;2;5475_-100;2;5475_-100;2;5475,24.4876712328767,Incidence,8.8789597494352e-05
NbyGQVwzFc_loc12_loop6,12,ITN 0%/IRS 0%/Larvicide 0%,0;0.4;0.4_0;0;0_0;0;0_-100;2;5475_-100;2;5475_-100;2;5475,24.4904109589041,Incidence,8.88378759586824e-05
NbyGQVwzFc_loc12_loop6,12,ITN 0%/IRS 0%/Larvicide 0%,0;0.4;0.4_0;0;0_0;0;0_-100;2;5475_-100;2;5475_-100;2;5475,24.4931506849315,Incidence,8.88861847834011e-05
NbyGQVwzFc_loc12_loop6,12,ITN 0%/IRS 0%/Larvicide 0%,0;0.4;0.4_0;0;0_0;0;0_-100;2;5475_-100;2;5475_-100;2;5475,24.4958904109589,Incidence,8.89345242980506e-05
NbyGQVwzFc_loc12_loop6,12,ITN 0%/IRS 0%/Larvicide 0%,0;0.4;0.4_0;0;0_0;0;0_-100;2;5475_-100;2;5475_-100;2;5475,24.4986301369863,Incidence,8.89828948286628e-05
NbyGQVwzFc_loc12_loop6,12,ITN 0%/IRS 0%/Larvicide 0%,0;0.4;0.4_0;0;0_0;0;0_-100;2;5475_-100;2;5475_-100;2;5475,24.5013698630137,Incidence,8.90312966979243e-05
NbyGQVwzFc_loc12_loop6,12,ITN 0%/IRS 0%/Larvicide 0%,0;0.4;0.4_0;0;0_0;0;0_-100;2;5475_-100;2;5475_-100;2;5475,24.5041095890411,Incidence,8.90797302253278e-05
NbyGQVwzFc_loc12_loop6,12,ITN 0%/IRS 0%/Larvicide 0%,0;0.4;0.4_0;0;0_0;0;0_-100;2;5475_-100;2;5475_-100;2;5475,24.5068493150685,Incidence,8.91281957273162e-05
NbyGQVwzFc_loc12_loop6,12,ITN 0%/IRS 0%/Larvicide 0%,0;0.4;0.4_0;0;0_0;0;0_-100;2;5475_-100;2;5475_-100;2;5475,24.5095890410959,Incidence,8.91766935174129e-05
NbyGQVwzFc_loc12_loop6,12,ITN 0%/IRS 0%/Larvicide 0%,0;0.4;0.4_0;0;0_0;0;0_-100;2;5475_-100;2;5475_-100;2;5475,24.5123287671233,Incidence,8.92252239063441e-05
NbyGQVwzFc_loc12_loop6,12,ITN 0%/IRS 0%/Larvicide 0%,0;0.4;0.4_0;0;0_0;0;0_-100;2;5475_-100;2;5475_-100;2;5475,24.5150684931507,Incidence,8.92737872021503e-05
NbyGQVwzFc_loc12_loop6,12,ITN 0%/IRS 0%/Larvicide 0%,0;0.4;0.4_0;0;0_0;0;0_-100;2;5475_-100;2;5475_-100;2;5475,24.5178082191781,Incidence,8.93223837102865e-05
NbyGQVwzFc_loc12_loop6,12,ITN 0%/IRS 0%/Larvicide 0%,0;0.4;0.4_0;0;0_0;0;0_-100;2;5475_-100;2;5475_-100;2;5475,24.5205479452055,Incidence,8.93710137337156e-05
NbyGQVwzFc_loc12_loop6,12,ITN 0%/IRS 0%/Larvicide 0%,0;0.4;0.4_0;0;0_0;0;0_-100;2;5475_-100;2;5475_-100;2;5475,24.5232876712329,Incidence,8.941967757299e-05
NbyGQVwzFc_loc12_loop6,12,ITN 0%/IRS 0%/Larvicide 0%,0;0.4;0.4_0;0;0_0;0;0_-100;2;5475_-100;2;5475_-100;2;5475,24.5260273972603,Incidence,8.94683755263275e-05
NbyGQVwzFc_loc12_loop6,12,ITN 0%/IRS 0%/Larvicide 0%,0;0.4;0.4_0;0;0_0;0;0_-100;2;5475_-100;2;5475_-100;2;5475,24.5287671232877,Incidence,8.95171078896779e-05
NbyGQVwzFc_loc12_loop6,12,ITN 0%/IRS 0%/Larvicide 0%,0;0.4;0.4_0;0;0_0;0;0_-100;2;5475_-100;2;5475_-100;2;5475,24.5315068493151,Incidence,8.95658749567828e-05
NbyGQVwzFc_loc12_loop6,12,ITN 0%/IRS 0%/Larvicide 0%,0;0.4;0.4_0;0;0_0;0;0_-100;2;5475_-100;2;5475_-100;2;5475,24.5342465753425,Incidence,8.96146770192474e-05
NbyGQVwzFc_loc12_loop6,12,ITN 0%/IRS 0%/Larvicide 0%,0;0.4;0.4_0;0;0_0;0;0_-100;2;5475_-100;2;5475_-100;2;5475,24.5369863013699,Incidence,8.96635143811094e-05
NbyGQVwzFc_loc12_loop6,12,ITN 0%/IRS 0%/Larvicide 0%,0;0.4;0.4_0;0;0_0;0;0_-100;2;5475_-100;2;5475_-100;2;5475,24.5397260273973,Incidence,8.97123873459171e-05
NbyGQVwzFc_loc12_loop6,12,ITN 0%/IRS 0%/Larvicide 0%,0;0.4;0.4_0;0;0_0;0;0_-100;2;5475_-100;2;5475_-100;2;5475,24.5424657534247,Incidence,8.97612962039468e-05
NbyGQVwzFc_loc12_loop6,12,ITN 0%/IRS 0%/Larvicide 0%,0;0.4;0.4_0;0;0_0;0;0_-100;2;5475_-100;2;5475_-100;2;5475,24.5452054794521,Incidence,8.98102412432107e-05
NbyGQVwzFc_loc12_loop6,12,ITN 0%/IRS 0%/Larvicide 0%,0;0.4;0.4_0;0;0_0;0;0_-100;2;5475_-100;2;5475_-100;2;5475,24.5479452054795,Incidence,8.98592227494889e-05
NbyGQVwzFc_loc12_loop6,12,ITN 0%/IRS 0%/Larvicide 0%,0;0.4;0.4_0;0;0_0;0;0_-100;2;5475_-100;2;5475_-100;2;5475,24.5506849315069,Incidence,8.99082410063595e-05
NbyGQVwzFc_loc12_loop6,12,ITN 0%/IRS 0%/Larvicide 0%,0;0.4;0.4_0;0;0_0;0;0_-100;2;5475_-100;2;5475_-100;2;5475,24.5534246575343,Incidence,8.9957296295226e-05
NbyGQVwzFc_loc12_loop6,12,ITN 0%/IRS 0%/Larvicide 0%,0;0.4;0.4_0;0;0_0;0;0_-100;2;5475_-100;2;5475_-100;2;5475,24.5561643835616,Incidence,9.0006388895342e-05
NbyGQVwzFc_loc12_loop6,12,ITN 0%/IRS 0%/Larvicide 0%,0;0.4;0.4_0;0;0_0;0;0_-100;2;5475_-100;2;5475_-100;2;5475,24.558904109589,Incidence,9.00555190838341e-05
NbyGQVwzFc_loc12_loop6,12,ITN 0%/IRS 0%/Larvicide 0%,0;0.4;0.4_0;0;0_0;0;0_-100;2;5475_-100;2;5475_-100;2;5475,24.5616438356164,Incidence,9.01046871357254e-05
NbyGQVwzFc_loc12_loop6,12,ITN 0%/IRS 0%/Larvicide 0%,0;0.4;0.4_0;0;0_0;0;0_-100;2;5475_-100;2;5475_-100;2;5475,24.5643835616438,Incidence,9.0153893323955e-05
NbyGQVwzFc_loc12_loop6,12,ITN 0%/IRS 0%/Larvicide 0%,0;0.4;0.4_0;0;0_0;0;0_-100;2;5475_-100;2;5475_-100;2;5475,24.5671232876712,Incidence,9.02031379193989e-05
NbyGQVwzFc_loc12_loop6,12,ITN 0%/IRS 0%/Larvicide 0%,0;0.4;0.4_0;0;0_0;0;0_-100;2;5475_-100;2;5475_-100;2;5475,24.5698630136986,Incidence,9.02524211908897e-05
NbyGQVwzFc_loc12_loop6,12,ITN 0%/IRS 0%/Larvicide 0%,0;0.4;0.4_0;0;0_0;0;0_-100;2;5475_-100;2;5475_-100;2;5475,24.572602739726,Incidence,9.03017434052354e-05
NbyGQVwzFc_loc12_loop6,12,ITN 0%/IRS 0%/Larvicide 0%,0;0.4;0.4_0;0;0_0;0;0_-100;2;5475_-100;2;5475_-100;2;5475,24.5753424657534,Incidence,9.03511048272382e-05
NbyGQVwzFc_loc12_loop6,12,ITN 0%/IRS 0%/Larvicide 0%,0;0.4;0.4_0;0;0_0;0;0_-100;2;5475_-100;2;5475_-100;2;5475,24.5780821917808,Incidence,9.04005057197142e-05
NbyGQVwzFc_loc12_loop6,12,ITN 0%/IRS 0%/Larvicide 0%,0;0.4;0.4_0;0;0_0;0;0_-100;2;5475_-100;2;5475_-100;2;5475,24.5808219178082,Incidence,9.0449946343511e-05
NbyGQVwzFc_loc12_loop6,12,ITN 0%/IRS 0%/Larvicide 0%,0;0.4;0.4_0;0;0_0;0;0_-100;2;5475_-100;2;5475_-100;2;5475,24.5835616438356,Incidence,9.04994269634368e-05
NbyGQVwzFc_loc12_loop6,12,ITN 0%/IRS 0%/Larvicide 0%,0;0.4;0.4_0;0;0_0;0;0_-100;2;5475_-100;2;5475_-100;2;5475,24.586301369863,Incidence,9.05489478566346e-05
NbyGQVwzFc_loc12_loop6,12,ITN 0%/IRS 0%/Larvicide 0%,0;0.4;0.4_0;0;0_0;0;0_-100;2;5475_-100;2;5475_-100;2;5475,24.5890410958904,Incidence,9.05985092831445e-05
NbyGQVwzFc_loc12_loop6,12,ITN 0%/IRS 0%/Larvicide 0%,0;0.4;0.4_0;0;0_0;0;0_-100;2;5475_-100;2;5475_-100;2;5475,24.5917808219178,Incidence,9.06481114996207e-05
NbyGQVwzFc_loc12_loop6,12,ITN 0%/IRS 0%/Larvicide 0%,0;0.4;0.4_0;0;0_0;0;0_-100;2;5475_-100;2;5475_-100;2;5475,24.5945205479452,Incidence,9.06977547605937e-05
NbyGQVwzFc_loc12_loop6,12,ITN 0%/IRS 0%/Larvicide 0%,0;0.4;0.4_0;0;0_0;0;0_-100;2;5475_-100;2;5475_-100;2;5475,24.5972602739726,Incidence,9.07474393184912e-05
NbyGQVwzFc_loc12_loop6,12,ITN 0%/IRS 0%/Larvicide 0%,0;0.4;0.4_0;0;0_0;0;0_-100;2;5475_-100;2;5475_-100;2;5475,24.6,Incidence,9.07971654236624e-05
NbyGQVwzFc_loc12_loop6,12,ITN 0%/IRS 0%/Larvicide 0%,0;0.4;0.4_0;0;0_0;0;0_-100;2;5475_-100;2;5475_-100;2;5475,24.6027397260274,Incidence,9.08469333244001e-05
NbyGQVwzFc_loc12_loop6,12,ITN 0%/IRS 0%/Larvicide 0%,0;0.4;0.4_0;0;0_0;0;0_-100;2;5475_-100;2;5475_-100;2;5475,24.6054794520548,Incidence,9.08967432669632e-05
NbyGQVwzFc_loc12_loop6,12,ITN 0%/IRS 0%/Larvicide 0%,0;0.4;0.4_0;0;0_0;0;0_-100;2;5475_-100;2;5475_-100;2;5475,24.6082191780822,Incidence,9.0946595495601e-05
NbyGQVwzFc_loc12_loop6,12,ITN 0%/IRS 0%/Larvicide 0%,0;0.4;0.4_0;0;0_0;0;0_-100;2;5475_-100;2;5475_-100;2;5475,24.6109589041096,Incidence,9.09964902525769e-05
NbyGQVwzFc_loc12_loop6,12,ITN 0%/IRS 0%/Larvicide 0%,0;0.4;0.4_0;0;0_0;0;0_-100;2;5475_-100;2;5475_-100;2;5475,24.613698630137,Incidence,9.10464277781921e-05
NbyGQVwzFc_loc12_loop6,12,ITN 0%/IRS 0%/Larvicide 0%,0;0.4;0.4_0;0;0_0;0;0_-100;2;5475_-100;2;5475_-100;2;5475,24.6164383561644,Incidence,9.10964083108106e-05
NbyGQVwzFc_loc12_loop6,12,ITN 0%/IRS 0%/Larvicide 0%,0;0.4;0.4_0;0;0_0;0;0_-100;2;5475_-100;2;5475_-100;2;5475,24.6191780821918,Incidence,9.11464320868823e-05
NbyGQVwzFc_loc12_loop6,12,ITN 0%/IRS 0%/Larvicide 0%,0;0.4;0.4_0;0;0_0;0;0_-100;2;5475_-100;2;5475_-100;2;5475,24.6219178082192,Incidence,9.11964993409693e-05
NbyGQVwzFc_loc12_loop6,12,ITN 0%/IRS 0%/Larvicide 0%,0;0.4;0.4_0;0;0_0;0;0_-100;2;5475_-100;2;5475_-100;2;5475,24.6246575342466,Incidence,9.1246610305769e-05
NbyGQVwzFc_loc12_loop6,12,ITN 0%/IRS 0%/Larvicide 0%,0;0.4;0.4_0;0;0_0;0;0_-100;2;5475_-100;2;5475_-100;2;5475,24.627397260274,Incidence,9.12967652121404e-05
NbyGQVwzFc_loc12_loop6,12,ITN 0%/IRS 0%/Larvicide 0%,0;0.4;0.4_0;0;0_0;0;0_-100;2;5475_-100;2;5475_-100;2;5475,24.6301369863014,Incidence,9.13469642891276e-05
NbyGQVwzFc_loc12_loop6,12,ITN 0%/IRS 0%/Larvicide 0%,0;0.4;0.4_0;0;0_0;0;0_-100;2;5475_-100;2;5475_-100;2;5475,24.6328767123288,Incidence,9.13972077761713e-05
NbyGQVwzFc_loc12_loop6,12,ITN 0%/IRS 0%/Larvicide 0%,0;0.4;0.4_0;0;0_0;0;0_-100;2;5475_-100;2;5475_-100;2;5475,24.6356164383562,Incidence,9.14474959131749e-05
NbyGQVwzFc_loc12_loop6,12,ITN 0%/IRS 0%/Larvicide 0%,0;0.4;0.4_0;0;0_0;0;0_-100;2;5475_-100;2;5475_-100;2;5475,24.6383561643836,Incidence,9.1497828926408e-05
NbyGQVwzFc_loc12_loop6,12,ITN 0%/IRS 0%/Larvicide 0%,0;0.4;0.4_0;0;0_0;0;0_-100;2;5475_-100;2;5475_-100;2;5475,24.641095890411,Incidence,9.15482070401878e-05
NbyGQVwzFc_loc12_loop6,12,ITN 0%/IRS 0%/Larvicide 0%,0;0.4;0.4_0;0;0_0;0;0_-100;2;5475_-100;2;5475_-100;2;5475,24.6438356164384,Incidence,9.15986304769075e-05
NbyGQVwzFc_loc12_loop6,12,ITN 0%/IRS 0%/Larvicide 0%,0;0.4;0.4_0;0;0_0;0;0_-100;2;5475_-100;2;5475_-100;2;5475,24.6465753424658,Incidence,9.16490994570612e-05
NbyGQVwzFc_loc12_loop6,12,ITN 0%/IRS 0%/Larvicide 0%,0;0.4;0.4_0;0;0_0;0;0_-100;2;5475_-100;2;5475_-100;2;5475,24.6493150684932,Incidence,9.16996141992714e-05
NbyGQVwzFc_loc12_loop6,12,ITN 0%/IRS 0%/Larvicide 0%,0;0.4;0.4_0;0;0_0;0;0_-100;2;5475_-100;2;5475_-100;2;5475,24.6520547945206,Incidence,9.17501749203141e-05
NbyGQVwzFc_loc12_loop6,12,ITN 0%/IRS 0%/Larvicide 0%,0;0.4;0.4_0;0;0_0;0;0_-100;2;5475_-100;2;5475_-100;2;5475,24.6547945205479,Incidence,9.1800781835145e-05
NbyGQVwzFc_loc12_loop6,12,ITN 0%/IRS 0%/Larvicide 0%,0;0.4;0.4_0;0;0_0;0;0_-100;2;5475_-100;2;5475_-100;2;5475,24.6575342465753,Incidence,9.1851435156925e-05
NbyGQVwzFc_loc12_loop6,12,ITN 0%/IRS 0%/Larvicide 0%,0;0.4;0.4_0;0;0_0;0;0_-100;2;5475_-100;2;5475_-100;2;5475,24.6602739726027,Incidence,9.19021350970463e-05
NbyGQVwzFc_loc12_loop6,12,ITN 0%/IRS 0%/Larvicide 0%,0;0.4;0.4_0;0;0_0;0;0_-100;2;5475_-100;2;5475_-100;2;5475,24.6630136986301,Incidence,9.19528818651571e-05
NbyGQVwzFc_loc12_loop6,12,ITN 0%/IRS 0%/Larvicide 0%,0;0.4;0.4_0;0;0_0;0;0_-100;2;5475_-100;2;5475_-100;2;5475,24.6657534246575,Incidence,9.20036756691877e-05
NbyGQVwzFc_loc12_loop6,12,ITN 0%/IRS 0%/Larvicide 0%,0;0.4;0.4_0;0;0_0;0;0_-100;2;5475_-100;2;5475_-100;2;5475,24.6684931506849,Incidence,9.20545167153743e-05
NbyGQVwzFc_loc12_loop6,12,ITN 0%/IRS 0%/Larvicide 0%,0;0.4;0.4_0;0;0_0;0;0_-100;2;5475_-100;2;5475_-100;2;5475,24.6712328767123,Incidence,9.2105405208285e-05
NbyGQVwzFc_loc12_loop6,12,ITN 0%/IRS 0%/Larvicide 0%,0;0.4;0.4_0;0;0_0;0;0_-100;2;5475_-100;2;5475_-100;2;5475,24.6739726027397,Incidence,9.21563413508436e-05
NbyGQVwzFc_loc12_loop6,12,ITN 0%/IRS 0%/Larvicide 0%,0;0.4;0.4_0;0;0_0;0;0_-100;2;5475_-100;2;5475_-100;2;5475,24.6767123287671,Incidence,9.22073253443533e-05
NbyGQVwzFc_loc12_loop6,12,ITN 0%/IRS 0%/Larvicide 0%,0;0.4;0.4_0;0;0_0;0;0_-100;2;5475_-100;2;5475_-100;2;5475,24.6794520547945,Incidence,9.22583573885218e-05
NbyGQVwzFc_loc12_loop6,12,ITN 0%/IRS 0%/Larvicide 0%,0;0.4;0.4_0;0;0_0;0;0_-100;2;5475_-100;2;5475_-100;2;5475,24.6821917808219,Incidence,9.23094376922657e-05
NbyGQVwzFc_loc12_loop6,12,ITN 0%/IRS 0%/Larvicide 0%,0;0.4;0.4_0;0;0_0;0;0_-100;2;5475_-100;2;5475_-100;2;5475,24.6849315068493,Incidence,9.23605664660482e-05
NbyGQVwzFc_loc12_loop6,12,ITN 0%/IRS 0%/Larvicide 0%,0;0.4;0.4_0;0;0_0;0;0_-100;2;5475_-100;2;5475_-100;2;5475,24.6876712328767,Incidence,9.24117439064295e-05
NbyGQVwzFc_loc12_loop6,12,ITN 0%/IRS 0%/Larvicide 0%,0;0.4;0.4_0;0;0_0;0;0_-100;2;5475_-100;2;5475_-100;2;5475,24.6904109589041,Incidence,9.24629702082264e-05
NbyGQVwzFc_loc12_loop6,12,ITN 0%/IRS 0%/Larvicide 0%,0;0.4;0.4_0;0;0_0;0;0_-100;2;5475_-100;2;5475_-100;2;5475,24.6931506849315,Incidence,9.25142455645605e-05
NbyGQVwzFc_loc12_loop6,12,ITN 0%/IRS 0%/Larvicide 0%,0;0.4;0.4_0;0;0_0;0;0_-100;2;5475_-100;2;5475_-100;2;5475,24.6958904109589,Incidence,9.25655701668814e-05
NbyGQVwzFc_loc12_loop6,12,ITN 0%/IRS 0%/Larvicide 0%,0;0.4;0.4_0;0;0_0;0;0_-100;2;5475_-100;2;5475_-100;2;5475,24.6986301369863,Incidence,9.26169442049914e-05
NbyGQVwzFc_loc12_loop6,12,ITN 0%/IRS 0%/Larvicide 0%,0;0.4;0.4_0;0;0_0;0;0_-100;2;5475_-100;2;5475_-100;2;5475,24.7013698630137,Incidence,9.26683678670697e-05
NbyGQVwzFc_loc12_loop6,12,ITN 0%/IRS 0%/Larvicide 0%,0;0.4;0.4_0;0;0_0;0;0_-100;2;5475_-100;2;5475_-100;2;5475,24.7041095890411,Incidence,9.27198413396943e-05
NbyGQVwzFc_loc12_loop6,12,ITN 0%/IRS 0%/Larvicide 0%,0;0.4;0.4_0;0;0_0;0;0_-100;2;5475_-100;2;5475_-100;2;5475,24.7068493150685,Incidence,9.27713648078665e-05
NbyGQVwzFc_loc12_loop6,12,ITN 0%/IRS 0%/Larvicide 0%,0;0.4;0.4_0;0;0_0;0;0_-100;2;5475_-100;2;5475_-100;2;5475,24.7095890410959,Incidence,9.28229384550334e-05
NbyGQVwzFc_loc12_loop6,12,ITN 0%/IRS 0%/Larvicide 0%,0;0.4;0.4_0;0;0_0;0;0_-100;2;5475_-100;2;5475_-100;2;5475,24.7123287671233,Incidence,9.28745624631109e-05
NbyGQVwzFc_loc12_loop6,12,ITN 0%/IRS 0%/Larvicide 0%,0;0.4;0.4_0;0;0_0;0;0_-100;2;5475_-100;2;5475_-100;2;5475,24.7150684931507,Incidence,9.29262370125059e-05
NbyGQVwzFc_loc12_loop6,12,ITN 0%/IRS 0%/Larvicide 0%,0;0.4;0.4_0;0;0_0;0;0_-100;2;5475_-100;2;5475_-100;2;5475,24.7178082191781,Incidence,9.29779622821391e-05
NbyGQVwzFc_loc12_loop6,12,ITN 0%/IRS 0%/Larvicide 0%,0;0.4;0.4_0;0;0_0;0;0_-100;2;5475_-100;2;5475_-100;2;5475,24.7205479452055,Incidence,9.30297384494665e-05
NbyGQVwzFc_loc12_loop6,12,ITN 0%/IRS 0%/Larvicide 0%,0;0.4;0.4_0;0;0_0;0;0_-100;2;5475_-100;2;5475_-100;2;5475,24.7232876712329,Incidence,9.30815656905018e-05
NbyGQVwzFc_loc12_loop6,12,ITN 0%/IRS 0%/Larvicide 0%,0;0.4;0.4_0;0;0_0;0;0_-100;2;5475_-100;2;5475_-100;2;5475,24.7260273972603,Incidence,9.31334441798372e-05
NbyGQVwzFc_loc12_loop6,12,ITN 0%/IRS 0%/Larvicide 0%,0;0.4;0.4_0;0;0_0;0;0_-100;2;5475_-100;2;5475_-100;2;5475,24.7287671232877,Incidence,9.31853740906652e-05
NbyGQVwzFc_loc12_loop6,12,ITN 0%/IRS 0%/Larvicide 0%,0;0.4;0.4_0;0;0_0;0;0_-100;2;5475_-100;2;5475_-100;2;5475,24.7315068493151,Incidence,9.32373555982661e-05
NbyGQVwzFc_loc12_loop6,12,ITN 0%/IRS 0%/Larvicide 0%,0;0.4;0.4_0;0;0_0;0;0_-100;2;5475_-100;2;5475_-100;2;5475,24.7342465753425,Incidence,9.32893888901001e-05
NbyGQVwzFc_loc12_loop6,12,ITN 0%/IRS 0%/Larvicide 0%,0;0.4;0.4_0;0;0_0;0;0_-100;2;5475_-100;2;5475_-100;2;5475,24.7369863013699,Incidence,9.33414741380581e-05
NbyGQVwzFc_loc12_loop6,12,ITN 0%/IRS 0%/Larvicide 0%,0;0.4;0.4_0;0;0_0;0;0_-100;2;5475_-100;2;5475_-100;2;5475,24.7397260273973,Incidence,9.33936115103382e-05
NbyGQVwzFc_loc12_loop6,12,ITN 0%/IRS 0%/Larvicide 0%,0;0.4;0.4_0;0;0_0;0;0_-100;2;5475_-100;2;5475_-100;2;5475,24.7424657534247,Incidence,9.34458011736423e-05
NbyGQVwzFc_loc12_loop6,12,ITN 0%/IRS 0%/Larvicide 0%,0;0.4;0.4_0;0;0_0;0;0_-100;2;5475_-100;2;5475_-100;2;5475,24.7452054794521,Incidence,9.34980432931996e-05
NbyGQVwzFc_loc12_loop6,12,ITN 0%/IRS 0%/Larvicide 0%,0;0.4;0.4_0;0;0_0;0;0_-100;2;5475_-100;2;5475_-100;2;5475,24.7479452054795,Incidence,9.35503380327864e-05
NbyGQVwzFc_loc12_loop6,12,ITN 0%/IRS 0%/Larvicide 0%,0;0.4;0.4_0;0;0_0;0;0_-100;2;5475_-100;2;5475_-100;2;5475,24.7506849315069,Incidence,9.36026855547481e-05
NbyGQVwzFc_loc12_loop6,12,ITN 0%/IRS 0%/Larvicide 0%,0;0.4;0.4_0;0;0_0;0;0_-100;2;5475_-100;2;5475_-100;2;5475,24.7534246575342,Incidence,9.365508602002e-05
NbyGQVwzFc_loc12_loop6,12,ITN 0%/IRS 0%/Larvicide 0%,0;0.4;0.4_0;0;0_0;0;0_-100;2;5475_-100;2;5475_-100;2;5475,24.7561643835616,Incidence,9.37075395881473e-05
NbyGQVwzFc_loc12_loop6,12,ITN 0%/IRS 0%/Larvicide 0%,0;0.4;0.4_0;0;0_0;0;0_-100;2;5475_-100;2;5475_-100;2;5475,24.758904109589,Incidence,9.37600464173063e-05
NbyGQVwzFc_loc12_loop6,12,ITN 0%/IRS 0%/Larvicide 0%,0;0.4;0.4_0;0;0_0;0;0_-100;2;5475_-100;2;5475_-100;2;5475,24.7616438356164,Incidence,9.38126066643249e-05
NbyGQVwzFc_loc12_loop6,12,ITN 0%/IRS 0%/Larvicide 0%,0;0.4;0.4_0;0;0_0;0;0_-100;2;5475_-100;2;5475_-100;2;5475,24.7643835616438,Incidence,9.38652204847017e-05
NbyGQVwzFc_loc12_loop6,12,ITN 0%/IRS 0%/Larvicide 0%,0;0.4;0.4_0;0;0_0;0;0_-100;2;5475_-100;2;5475_-100;2;5475,24.7671232876712,Incidence,9.3917888032627e-05
NbyGQVwzFc_loc12_loop6,12,ITN 0%/IRS 0%/Larvicide 0%,0;0.4;0.4_0;0;0_0;0;0_-100;2;5475_-100;2;5475_-100;2;5475,24.7698630136986,Incidence,9.39706094610017e-05
NbyGQVwzFc_loc12_loop6,12,ITN 0%/IRS 0%/Larvicide 0%,0;0.4;0.4_0;0;0_0;0;0_-100;2;5475_-100;2;5475_-100;2;5475,24.772602739726,Incidence,9.40233849214565e-05
NbyGQVwzFc_loc12_loop6,12,ITN 0%/IRS 0%/Larvicide 0%,0;0.4;0.4_0;0;0_0;0;0_-100;2;5475_-100;2;5475_-100;2;5475,24.7753424657534,Incidence,9.40762145643726e-05
NbyGQVwzFc_loc12_loop6,12,ITN 0%/IRS 0%/Larvicide 0%,0;0.4;0.4_0;0;0_0;0;0_-100;2;5475_-100;2;5475_-100;2;5475,24.7780821917808,Incidence,9.41290985388987e-05
NbyGQVwzFc_loc12_loop6,12,ITN 0%/IRS 0%/Larvicide 0%,0;0.4;0.4_0;0;0_0;0;0_-100;2;5475_-100;2;5475_-100;2;5475,24.7808219178082,Incidence,9.41820369929713e-05
NbyGQVwzFc_loc12_loop6,12,ITN 0%/IRS 0%/Larvicide 0%,0;0.4;0.4_0;0;0_0;0;0_-100;2;5475_-100;2;5475_-100;2;5475,24.7835616438356,Incidence,9.42350300797943e-05
NbyGQVwzFc_loc12_loop6,12,ITN 0%/IRS 0%/Larvicide 0%,0;0.4;0.4_0;0;0_0;0;0_-100;2;5475_-100;2;5475_-100;2;5475,24.786301369863,Incidence,9.42880779591807e-05
NbyGQVwzFc_loc12_loop6,12,ITN 0%/IRS 0%/Larvicide 0%,0;0.4;0.4_0;0;0_0;0;0_-100;2;5475_-100;2;5475_-100;2;5475,24.7890410958904,Incidence,9.43411807757439e-05
NbyGQVwzFc_loc12_loop6,12,ITN 0%/IRS 0%/Larvicide 0%,0;0.4;0.4_0;0;0_0;0;0_-100;2;5475_-100;2;5475_-100;2;5475,24.7917808219178,Incidence,9.43943386722487e-05
NbyGQVwzFc_loc12_loop6,12,ITN 0%/IRS 0%/Larvicide 0%,0;0.4;0.4_0;0;0_0;0;0_-100;2;5475_-100;2;5475_-100;2;5475,24.7945205479452,Incidence,9.44475517901576e-05
NbyGQVwzFc_loc12_loop6,12,ITN 0%/IRS 0%/Larvicide 0%,0;0.4;0.4_0;0;0_0;0;0_-100;2;5475_-100;2;5475_-100;2;5475,24.7972602739726,Incidence,9.45008202696496e-05
NbyGQVwzFc_loc12_loop6,12,ITN 0%/IRS 0%/Larvicide 0%,0;0.4;0.4_0;0;0_0;0;0_-100;2;5475_-100;2;5475_-100;2;5475,24.8,Incidence,9.4554144249639e-05
NbyGQVwzFc_loc12_loop6,12,ITN 0%/IRS 0%/Larvicide 0%,0;0.4;0.4_0;0;0_0;0;0_-100;2;5475_-100;2;5475_-100;2;5475,24.8027397260274,Incidence,9.46075238677939e-05
NbyGQVwzFc_loc12_loop6,12,ITN 0%/IRS 0%/Larvicide 0%,0;0.4;0.4_0;0;0_0;0;0_-100;2;5475_-100;2;5475_-100;2;5475,24.8054794520548,Incidence,9.46609592605556e-05
NbyGQVwzFc_loc12_loop6,12,ITN 0%/IRS 0%/Larvicide 0%,0;0.4;0.4_0;0;0_0;0;0_-100;2;5475_-100;2;5475_-100;2;5475,24.8082191780822,Incidence,9.47144505631558e-05
NbyGQVwzFc_loc12_loop6,12,ITN 0%/IRS 0%/Larvicide 0%,0;0.4;0.4_0;0;0_0;0;0_-100;2;5475_-100;2;5475_-100;2;5475,24.8109589041096,Incidence,9.47679979096355e-05
NbyGQVwzFc_loc12_loop6,12,ITN 0%/IRS 0%/Larvicide 0%,0;0.4;0.4_0;0;0_0;0;0_-100;2;5475_-100;2;5475_-100;2;5475,24.813698630137,Incidence,9.48216014328621e-05
NbyGQVwzFc_loc12_loop6,12,ITN 0%/IRS 0%/Larvicide 0%,0;0.4;0.4_0;0;0_0;0;0_-100;2;5475_-100;2;5475_-100;2;5475,24.8164383561644,Incidence,9.48752612645486e-05
NbyGQVwzFc_loc12_loop6,12,ITN 0%/IRS 0%/Larvicide 0%,0;0.4;0.4_0;0;0_0;0;0_-100;2;5475_-100;2;5475_-100;2;5475,24.8191780821918,Incidence,9.49289775352696e-05
NbyGQVwzFc_loc12_loop6,12,ITN 0%/IRS 0%/Larvicide 0%,0;0.4;0.4_0;0;0_0;0;0_-100;2;5475_-100;2;5475_-100;2;5475,24.8219178082192,Incidence,9.49827503744794e-05
NbyGQVwzFc_loc12_loop6,12,ITN 0%/IRS 0%/Larvicide 0%,0;0.4;0.4_0;0;0_0;0;0_-100;2;5475_-100;2;5475_-100;2;5475,24.8246575342466,Incidence,9.50365799105294e-05
NbyGQVwzFc_loc12_loop6,12,ITN 0%/IRS 0%/Larvicide 0%,0;0.4;0.4_0;0;0_0;0;0_-100;2;5475_-100;2;5475_-100;2;5475,24.827397260274,Incidence,9.50904662706843e-05
NbyGQVwzFc_loc12_loop6,12,ITN 0%/IRS 0%/Larvicide 0%,0;0.4;0.4_0;0;0_0;0;0_-100;2;5475_-100;2;5475_-100;2;5475,24.8301369863014,Incidence,9.51444095811397e-05
NbyGQVwzFc_loc12_loop6,12,ITN 0%/IRS 0%/Larvicide 0%,0;0.4;0.4_0;0;0_0;0;0_-100;2;5475_-100;2;5475_-100;2;5475,24.8328767123288,Incidence,9.51984099670375e-05
NbyGQVwzFc_loc12_loop6,12,ITN 0%/IRS 0%/Larvicide 0%,0;0.4;0.4_0;0;0_0;0;0_-100;2;5475_-100;2;5475_-100;2;5475,24.8356164383562,Incidence,9.5252467556161e-05
NbyGQVwzFc_loc12_loop6,12,ITN 0%/IRS 0%/Larvicide 0%,0;0.4;0.4_0;0;0_0;0;0_-100;2;5475_-100;2;5475_-100;2;5475,24.8383561643836,Incidence,9.53065824861807e-05
NbyGQVwzFc_loc12_loop6,12,ITN 0%/IRS 0%/Larvicide 0%,0;0.4;0.4_0;0;0_0;0;0_-100;2;5475_-100;2;5475_-100;2;5475,24.841095890411,Incidence,9.53607548797313e-05
NbyGQVwzFc_loc12_loop6,12,ITN 0%/IRS 0%/Larvicide 0%,0;0.4;0.4_0;0;0_0;0;0_-100;2;5475_-100;2;5475_-100;2;5475,24.8438356164384,Incidence,9.54149848566623e-05
NbyGQVwzFc_loc12_loop6,12,ITN 0%/IRS 0%/Larvicide 0%,0;0.4;0.4_0;0;0_0;0;0_-100;2;5475_-100;2;5475_-100;2;5475,24.8465753424658,Incidence,9.54692725356862e-05
NbyGQVwzFc_loc12_loop6,12,ITN 0%/IRS 0%/Larvicide 0%,0;0.4;0.4_0;0;0_0;0;0_-100;2;5475_-100;2;5475_-100;2;5475,24.8493150684932,Incidence,9.55236180343952e-05
NbyGQVwzFc_loc12_loop6,12,ITN 0%/IRS 0%/Larvicide 0%,0;0.4;0.4_0;0;0_0;0;0_-100;2;5475_-100;2;5475_-100;2;5475,24.8520547945206,Incidence,9.55780214692782e-05
NbyGQVwzFc_loc12_loop6,12,ITN 0%/IRS 0%/Larvicide 0%,0;0.4;0.4_0;0;0_0;0;0_-100;2;5475_-100;2;5475_-100;2;5475,24.8547945205479,Incidence,9.56324829557366e-05
NbyGQVwzFc_loc12_loop6,12,ITN 0%/IRS 0%/Larvicide 0%,0;0.4;0.4_0;0;0_0;0;0_-100;2;5475_-100;2;5475_-100;2;5475,24.8575342465753,Incidence,9.56870026081014e-05
NbyGQVwzFc_loc12_loop6,12,ITN 0%/IRS 0%/Larvicide 0%,0;0.4;0.4_0;0;0_0;0;0_-100;2;5475_-100;2;5475_-100;2;5475,24.8602739726027,Incidence,9.57415805396493e-05
NbyGQVwzFc_loc12_loop6,12,ITN 0%/IRS 0%/Larvicide 0%,0;0.4;0.4_0;0;0_0;0;0_-100;2;5475_-100;2;5475_-100;2;5475,24.8630136986301,Incidence,9.57962168626179e-05
NbyGQVwzFc_loc12_loop6,12,ITN 0%/IRS 0%/Larvicide 0%,0;0.4;0.4_0;0;0_0;0;0_-100;2;5475_-100;2;5475_-100;2;5475,24.8657534246575,Incidence,9.58509116882226e-05
NbyGQVwzFc_loc12_loop6,12,ITN 0%/IRS 0%/Larvicide 0%,0;0.4;0.4_0;0;0_0;0;0_-100;2;5475_-100;2;5475_-100;2;5475,24.8684931506849,Incidence,9.59056651266716e-05
NbyGQVwzFc_loc12_loop6,12,ITN 0%/IRS 0%/Larvicide 0%,0;0.4;0.4_0;0;0_0;0;0_-100;2;5475_-100;2;5475_-100;2;5475,24.8712328767123,Incidence,9.59604772871813e-05
NbyGQVwzFc_loc12_loop6,12,ITN 0%/IRS 0%/Larvicide 0%,0;0.4;0.4_0;0;0_0;0;0_-100;2;5475_-100;2;5475_-100;2;5475,24.8739726027397,Incidence,9.60153482779923e-05
NbyGQVwzFc_loc12_loop6,12,ITN 0%/IRS 0%/Larvicide 0%,0;0.4;0.4_0;0;0_0;0;0_-100;2;5475_-100;2;5475_-100;2;5475,24.8767123287671,Incidence,9.60702782063835e-05
NbyGQVwzFc_loc12_loop6,12,ITN 0%/IRS 0%/Larvicide 0%,0;0.4;0.4_0;0;0_0;0;0_-100;2;5475_-100;2;5475_-100;2;5475,24.8794520547945,Incidence,9.6125267178688e-05
NbyGQVwzFc_loc12_loop6,12,ITN 0%/IRS 0%/Larvicide 0%,0;0.4;0.4_0;0;0_0;0;0_-100;2;5475_-100;2;5475_-100;2;5475,24.8821917808219,Incidence,9.6180315300307e-05
NbyGQVwzFc_loc12_loop6,12,ITN 0%/IRS 0%/Larvicide 0%,0;0.4;0.4_0;0;0_0;0;0_-100;2;5475_-100;2;5475_-100;2;5475,24.8849315068493,Incidence,9.62354226757248e-05
NbyGQVwzFc_loc12_loop6,12,ITN 0%/IRS 0%/Larvicide 0%,0;0.4;0.4_0;0;0_0;0;0_-100;2;5475_-100;2;5475_-100;2;5475,24.8876712328767,Incidence,9.62905894085239e-05
NbyGQVwzFc_loc12_loop6,12,ITN 0%/IRS 0%/Larvicide 0%,0;0.4;0.4_0;0;0_0;0;0_-100;2;5475_-100;2;5475_-100;2;5475,24.8904109589041,Incidence,9.63458156110548e-05
NbyGQVwzFc_loc12_loop6,12,ITN 0%/IRS 0%/Larvicide 0%,0;0.4;0.4_0;0;0_0;0;0_-100;2;5475_-100;2;5475_-100;2;5475,24.8931506849315,Incidence,9.64011013933187e-05
NbyGQVwzFc_loc12_loop6,12,ITN 0%/IRS 0%/Larvicide 0%,0;0.4;0.4_0;0;0_0;0;0_-100;2;5475_-100;2;5475_-100;2;5475,24.8958904109589,Incidence,9.64564468544361e-05
NbyGQVwzFc_loc12_loop6,12,ITN 0%/IRS 0%/Larvicide 0%,0;0.4;0.4_0;0;0_0;0;0_-100;2;5475_-100;2;5475_-100;2;5475,24.8986301369863,Incidence,9.65118520925315e-05
NbyGQVwzFc_loc12_loop6,12,ITN 0%/IRS 0%/Larvicide 0%,0;0.4;0.4_0;0;0_0;0;0_-100;2;5475_-100;2;5475_-100;2;5475,24.9013698630137,Incidence,9.65673172047492e-05
NbyGQVwzFc_loc12_loop6,12,ITN 0%/IRS 0%/Larvicide 0%,0;0.4;0.4_0;0;0_0;0;0_-100;2;5475_-100;2;5475_-100;2;5475,24.9041095890411,Incidence,9.66228422872672e-05
NbyGQVwzFc_loc12_loop6,12,ITN 0%/IRS 0%/Larvicide 0%,0;0.4;0.4_0;0;0_0;0;0_-100;2;5475_-100;2;5475_-100;2;5475,24.9068493150685,Incidence,9.66784274353132e-05
NbyGQVwzFc_loc12_loop6,12,ITN 0%/IRS 0%/Larvicide 0%,0;0.4;0.4_0;0;0_0;0;0_-100;2;5475_-100;2;5475_-100;2;5475,24.9095890410959,Incidence,9.67340727431771e-05
NbyGQVwzFc_loc12_loop6,12,ITN 0%/IRS 0%/Larvicide 0%,0;0.4;0.4_0;0;0_0;0;0_-100;2;5475_-100;2;5475_-100;2;5475,24.9123287671233,Incidence,9.67897783042271e-05
NbyGQVwzFc_loc12_loop6,12,ITN 0%/IRS 0%/Larvicide 0%,0;0.4;0.4_0;0;0_0;0;0_-100;2;5475_-100;2;5475_-100;2;5475,24.9150684931507,Incidence,9.68455442109219e-05
NbyGQVwzFc_loc12_loop6,12,ITN 0%/IRS 0%/Larvicide 0%,0;0.4;0.4_0;0;0_0;0;0_-100;2;5475_-100;2;5475_-100;2;5475,24.9178082191781,Incidence,9.69013705548265e-05
NbyGQVwzFc_loc12_loop6,12,ITN 0%/IRS 0%/Larvicide 0%,0;0.4;0.4_0;0;0_0;0;0_-100;2;5475_-100;2;5475_-100;2;5475,24.9205479452055,Incidence,9.69572574266248e-05
NbyGQVwzFc_loc12_loop6,12,ITN 0%/IRS 0%/Larvicide 0%,0;0.4;0.4_0;0;0_0;0;0_-100;2;5475_-100;2;5475_-100;2;5475,24.9232876712329,Incidence,9.70132049161332e-05
NbyGQVwzFc_loc12_loop6,12,ITN 0%/IRS 0%/Larvicide 0%,0;0.4;0.4_0;0;0_0;0;0_-100;2;5475_-100;2;5475_-100;2;5475,24.9260273972603,Incidence,9.70692131123154e-05
NbyGQVwzFc_loc12_loop6,12,ITN 0%/IRS 0%/Larvicide 0%,0;0.4;0.4_0;0;0_0;0;0_-100;2;5475_-100;2;5475_-100;2;5475,24.9287671232877,Incidence,9.71252821032934e-05
NbyGQVwzFc_loc12_loop6,12,ITN 0%/IRS 0%/Larvicide 0%,0;0.4;0.4_0;0;0_0;0;0_-100;2;5475_-100;2;5475_-100;2;5475,24.9315068493151,Incidence,9.7181411976363e-05
NbyGQVwzFc_loc12_loop6,12,ITN 0%/IRS 0%/Larvicide 0%,0;0.4;0.4_0;0;0_0;0;0_-100;2;5475_-100;2;5475_-100;2;5475,24.9342465753425,Incidence,9.72376028180048e-05
NbyGQVwzFc_loc12_loop6,12,ITN 0%/IRS 0%/Larvicide 0%,0;0.4;0.4_0;0;0_0;0;0_-100;2;5475_-100;2;5475_-100;2;5475,24.9369863013699,Incidence,9.72938547138988e-05
NbyGQVwzFc_loc12_loop6,12,ITN 0%/IRS 0%/Larvicide 0%,0;0.4;0.4_0;0;0_0;0;0_-100;2;5475_-100;2;5475_-100;2;5475,24.9397260273973,Incidence,9.7350167748935e-05
NbyGQVwzFc_loc12_loop6,12,ITN 0%/IRS 0%/Larvicide 0%,0;0.4;0.4_0;0;0_0;0;0_-100;2;5475_-100;2;5475_-100;2;5475,24.9424657534247,Incidence,9.74065420072276e-05
NbyGQVwzFc_loc12_loop6,12,ITN 0%/IRS 0%/Larvicide 0%,0;0.4;0.4_0;0;0_0;0;0_-100;2;5475_-100;2;5475_-100;2;5475,24.9452054794521,Incidence,9.74629775806373e-05
NbyGQVwzFc_loc12_loop6,12,ITN 0%/IRS 0%/Larvicide 0%,0;0.4;0.4_0;0;0_0;0;0_-100;2;5475_-100;2;5475_-100;2;5475,24.9479452054795,Incidence,9.75194745595944e-05
NbyGQVwzFc_loc12_loop6,12,ITN 0%/IRS 0%/Larvicide 0%,0;0.4;0.4_0;0;0_0;0;0_-100;2;5475_-100;2;5475_-100;2;5475,24.9506849315069,Incidence,9.75760330235191e-05
NbyGQVwzFc_loc12_loop6,12,ITN 0%/IRS 0%/Larvicide 0%,0;0.4;0.4_0;0;0_0;0;0_-100;2;5475_-100;2;5475_-100;2;5475,24.9534246575342,Incidence,9.76326530509643e-05
NbyGQVwzFc_loc12_loop6,12,ITN 0%/IRS 0%/Larvicide 0%,0;0.4;0.4_0;0;0_0;0;0_-100;2;5475_-100;2;5475_-100;2;5475,24.9561643835616,Incidence,9.76893347196343e-05
NbyGQVwzFc_loc12_loop6,12,ITN 0%/IRS 0%/Larvicide 0%,0;0.4;0.4_0;0;0_0;0;0_-100;2;5475_-100;2;5475_-100;2;5475,24.958904109589,Incidence,9.7746078106399e-05
NbyGQVwzFc_loc12_loop6,12,ITN 0%/IRS 0%/Larvicide 0%,0;0.4;0.4_0;0;0_0;0;0_-100;2;5475_-100;2;5475_-100;2;5475,24.9616438356164,Incidence,9.78028832873042e-05
NbyGQVwzFc_loc12_loop6,12,ITN 0%/IRS 0%/Larvicide 0%,0;0.4;0.4_0;0;0_0;0;0_-100;2;5475_-100;2;5475_-100;2;5475,24.9643835616438,Incidence,9.78597503375867e-05
NbyGQVwzFc_loc12_loop6,12,ITN 0%/IRS 0%/Larvicide 0%,0;0.4;0.4_0;0;0_0;0;0_-100;2;5475_-100;2;5475_-100;2;5475,24.9671232876712,Incidence,9.79166793316846e-05
NbyGQVwzFc_loc12_loop6,12,ITN 0%/IRS 0%/Larvicide 0%,0;0.4;0.4_0;0;0_0;0;0_-100;2;5475_-100;2;5475_-100;2;5475,24.9698630136986,Incidence,9.79736703432509e-05
NbyGQVwzFc_loc12_loop6,12,ITN 0%/IRS 0%/Larvicide 0%,0;0.4;0.4_0;0;0_0;0;0_-100;2;5475_-100;2;5475_-100;2;5475,24.972602739726,Incidence,9.80307234451649e-05
NbyGQVwzFc_loc12_loop6,12,ITN 0%/IRS 0%/Larvicide 0%,0;0.4;0.4_0;0;0_0;0;0_-100;2;5475_-100;2;5475_-100;2;5475,24.9753424657534,Incidence,9.80878387095441e-05
NbyGQVwzFc_loc12_loop6,12,ITN 0%/IRS 0%/Larvicide 0%,0;0.4;0.4_0;0;0_0;0;0_-100;2;5475_-100;2;5475_-100;2;5475,24.9780821917808,Incidence,9.81450162077574e-05
NbyGQVwzFc_loc12_loop6,12,ITN 0%/IRS 0%/Larvicide 0%,0;0.4;0.4_0;0;0_0;0;0_-100;2;5475_-100;2;5475_-100;2;5475,24.9808219178082,Incidence,9.82022560104345e-05
NbyGQVwzFc_loc12_loop6,12,ITN 0%/IRS 0%/Larvicide 0%,0;0.4;0.4_0;0;0_0;0;0_-100;2;5475_-100;2;5475_-100;2;5475,24.9835616438356,Incidence,9.82595581874793e-05
NbyGQVwzFc_loc12_loop6,12,ITN 0%/IRS 0%/Larvicide 0%,0;0.4;0.4_0;0;0_0;0;0_-100;2;5475_-100;2;5475_-100;2;5475,24.986301369863,Incidence,9.8316922808081e-05
NbyGQVwzFc_loc12_loop6,12,ITN 0%/IRS 0%/Larvicide 0%,0;0.4;0.4_0;0;0_0;0;0_-100;2;5475_-100;2;5475_-100;2;5475,24.9890410958904,Incidence,9.83743499407239e-05
NbyGQVwzFc_loc12_loop6,12,ITN 0%/IRS 0%/Larvicide 0%,0;0.4;0.4_0;0;0_0;0;0_-100;2;5475_-100;2;5475_-100;2;5475,24.9917808219178,Incidence,9.84318396532006e-05
NbyGQVwzFc_loc12_loop6,12,ITN 0%/IRS 0%/Larvicide 0%,0;0.4;0.4_0;0;0_0;0;0_-100;2;5475_-100;2;5475_-100;2;5475,24.9945205479452,Incidence,9.84893920126212e-05
NbyGQVwzFc_loc12_loop6,12,ITN 0%/IRS 0%/Larvicide 0%,0;0.4;0.4_0;0;0_0;0;0_-100;2;5475_-100;2;5475_-100;2;5475,24.9972602739726,Incidence,9.85470070854254e-05
NbyGQVwzFc_loc12_loop6,12,ITN 0%/IRS 0%/Larvicide 0%,0;0.4;0.4_0;0;0_0;0;0_-100;2;5475_-100;2;5475_-100;2;5475,25,Incidence,9.86046849393865e-05
NbyGQVwzFc_loc12_loop6,12,ITN 0%/IRS 0%/Larvicide 0%,0;0.4;0.4_0;0;0_0;0;0_-100;2;5475_-100;2;5475_-100;2;5475,25.0027397260274,Incidence,9.86624256514914e-05
NbyGQVwzFc_loc12_loop6,12,ITN 0%/IRS 0%/Larvicide 0%,0;0.4;0.4_0;0;0_0;0;0_-100;2;5475_-100;2;5475_-100;2;5475,25.0054794520548,Incidence,9.87202292857562e-05
NbyGQVwzFc_loc12_loop6,12,ITN 0%/IRS 0%/Larvicide 0%,0;0.4;0.4_0;0;0_0;0;0_-100;2;5475_-100;2;5475_-100;2;5475,25.0082191780822,Incidence,9.87780959030087e-05
NbyGQVwzFc_loc12_loop6,12,ITN 0%/IRS 0%/Larvicide 0%,0;0.4;0.4_0;0;0_0;0;0_-100;2;5475_-100;2;5475_-100;2;5475,25.0109589041096,Incidence,9.88360255633409e-05
NbyGQVwzFc_loc12_loop6,12,ITN 0%/IRS 0%/Larvicide 0%,0;0.4;0.4_0;0;0_0;0;0_-100;2;5475_-100;2;5475_-100;2;5475,25.013698630137,Incidence,9.8894018326118e-05
NbyGQVwzFc_loc12_loop6,12,ITN 0%/IRS 0%/Larvicide 0%,0;0.4;0.4_0;0;0_0;0;0_-100;2;5475_-100;2;5475_-100;2;5475,25.0164383561644,Incidence,9.89520742499915e-05
NbyGQVwzFc_loc12_loop6,12,ITN 0%/IRS 0%/Larvicide 0%,0;0.4;0.4_0;0;0_0;0;0_-100;2;5475_-100;2;5475_-100;2;5475,25.0191780821918,Incidence,9.90101933929082e-05
NbyGQVwzFc_loc12_loop6,12,ITN 0%/IRS 0%/Larvicide 0%,0;0.4;0.4_0;0;0_0;0;0_-100;2;5475_-100;2;5475_-100;2;5475,25.0219178082192,Incidence,9.90683758121228e-05
NbyGQVwzFc_loc12_loop6,12,ITN 0%/IRS 0%/Larvicide 0%,0;0.4;0.4_0;0;0_0;0;0_-100;2;5475_-100;2;5475_-100;2;5475,25.0246575342466,Incidence,9.91266215642066e-05
NbyGQVwzFc_loc12_loop6,12,ITN 0%/IRS 0%/Larvicide 0%,0;0.4;0.4_0;0;0_0;0;0_-100;2;5475_-100;2;5475_-100;2;5475,25.027397260274,Incidence,9.91849307050602e-05
NbyGQVwzFc_loc12_loop6,12,ITN 0%/IRS 0%/Larvicide 0%,0;0.4;0.4_0;0;0_0;0;0_-100;2;5475_-100;2;5475_-100;2;5475,25.0301369863014,Incidence,9.92433032899215e-05
NbyGQVwzFc_loc12_loop6,12,ITN 0%/IRS 0%/Larvicide 0%,0;0.4;0.4_0;0;0_0;0;0_-100;2;5475_-100;2;5475_-100;2;5475,25.0328767123288,Incidence,9.93017393733776e-05
NbyGQVwzFc_loc12_loop6,12,ITN 0%/IRS 0%/Larvicide 0%,0;0.4;0.4_0;0;0_0;0;0_-100;2;5475_-100;2;5475_-100;2;5475,25.0356164383562,Incidence,9.93602390094741e-05
NbyGQVwzFc_loc12_loop6,12,ITN 0%/IRS 0%/Larvicide 0%,0;0.4;0.4_0;0;0_0;0;0_-100;2;5475_-100;2;5475_-100;2;5475,25.0383561643836,Incidence,9.94188022509215e-05
NbyGQVwzFc_loc12_loop6,12,ITN 0%/IRS 0%/Larvicide 0%,0;0.4;0.4_0;0;0_0;0;0_-100;2;5475_-100;2;5475_-100;2;5475,25.041095890411,Incidence,9.94774291516578e-05
NbyGQVwzFc_loc12_loop6,12,ITN 0%/IRS 0%/Larvicide 0%,0;0.4;0.4_0;0;0_0;0;0_-100;2;5475_-100;2;5475_-100;2;5475,25.0438356164384,Incidence,9.95361197626318e-05
NbyGQVwzFc_loc12_loop6,12,ITN 0%/IRS 0%/Larvicide 0%,0;0.4;0.4_0;0;0_0;0;0_-100;2;5475_-100;2;5475_-100;2;5475,25.0465753424658,Incidence,9.95948741356493e-05
NbyGQVwzFc_loc12_loop6,12,ITN 0%/IRS 0%/Larvicide 0%,0;0.4;0.4_0;0;0_0;0;0_-100;2;5475_-100;2;5475_-100;2;5475,25.0493150684932,Incidence,9.96536923219832e-05
NbyGQVwzFc_loc12_loop6,12,ITN 0%/IRS 0%/Larvicide 0%,0;0.4;0.4_0;0;0_0;0;0_-100;2;5475_-100;2;5475_-100;2;5475,25.0520547945206,Incidence,9.97125743713667e-05
NbyGQVwzFc_loc12_loop6,12,ITN 0%/IRS 0%/Larvicide 0%,0;0.4;0.4_0;0;0_0;0;0_-100;2;5475_-100;2;5475_-100;2;5475,25.0547945205479,Incidence,9.97715203338038e-05
NbyGQVwzFc_loc12_loop6,12,ITN 0%/IRS 0%/Larvicide 0%,0;0.4;0.4_0;0;0_0;0;0_-100;2;5475_-100;2;5475_-100;2;5475,25.0575342465753,Incidence,9.98305302607199e-05
NbyGQVwzFc_loc12_loop6,12,ITN 0%/IRS 0%/Larvicide 0%,0;0.4;0.4_0;0;0_0;0;0_-100;2;5475_-100;2;5475_-100;2;5475,25.0602739726027,Incidence,9.98896042118217e-05
NbyGQVwzFc_loc12_loop6,12,ITN 0%/IRS 0%/Larvicide 0%,0;0.4;0.4_0;0;0_0;0;0_-100;2;5475_-100;2;5475_-100;2;5475,25.0630136986301,Incidence,9.99487422322101e-05
NbyGQVwzFc_loc12_loop6,12,ITN 0%/IRS 0%/Larvicide 0%,0;0.4;0.4_0;0;0_0;0;0_-100;2;5475_-100;2;5475_-100;2;5475,25.0657534246575,Incidence,0.000100007944367402
NbyGQVwzFc_loc12_loop6,12,ITN 0%/IRS 0%/Larvicide 0%,0;0.4;0.4_0;0;0_0;0;0_-100;2;5475_-100;2;5475_-100;2;5475,25.0684931506849,Incidence,0.00010006721061776
NbyGQVwzFc_loc12_loop6,12,ITN 0%/IRS 0%/Larvicide 0%,0;0.4;0.4_0;0;0_0;0;0_-100;2;5475_-100;2;5475_-100;2;5475,25.0712328767123,Incidence,0.000100126541138518
NbyGQVwzFc_loc12_loop6,12,ITN 0%/IRS 0%/Larvicide 0%,0;0.4;0.4_0;0;0_0;0;0_-100;2;5475_-100;2;5475_-100;2;5475,25.0739726027397,Incidence,0.000100185935863264
NbyGQVwzFc_loc12_loop6,12,ITN 0%/IRS 0%/Larvicide 0%,0;0.4;0.4_0;0;0_0;0;0_-100;2;5475_-100;2;5475_-100;2;5475,25.0767123287671,Incidence,0.000100245394892217
NbyGQVwzFc_loc12_loop6,12,ITN 0%/IRS 0%/Larvicide 0%,0;0.4;0.4_0;0;0_0;0;0_-100;2;5475_-100;2;5475_-100;2;5475,25.0794520547945,Incidence,0.000100304918235494
NbyGQVwzFc_loc12_loop6,12,ITN 0%/IRS 0%/Larvicide 0%,0;0.4;0.4_0;0;0_0;0;0_-100;2;5475_-100;2;5475_-100;2;5475,25.0821917808219,Incidence,0.000100364505946506
NbyGQVwzFc_loc12_loop6,12,ITN 0%/IRS 0%/Larvicide 0%,0;0.4;0.4_0;0;0_0;0;0_-100;2;5475_-100;2;5475_-100;2;5475,25.0849315068493,Incidence,0.000100424158080184
NbyGQVwzFc_loc12_loop6,12,ITN 0%/IRS 0%/Larvicide 0%,0;0.4;0.4_0;0;0_0;0;0_-100;2;5475_-100;2;5475_-100;2;5475,25.0876712328767,Incidence,0.000100483874635928
NbyGQVwzFc_loc12_loop6,12,ITN 0%/IRS 0%/Larvicide 0%,0;0.4;0.4_0;0;0_0;0;0_-100;2;5475_-100;2;5475_-100;2;5475,25.0904109589041,Incidence,0.000100543655603394
NbyGQVwzFc_loc12_loop6,12,ITN 0%/IRS 0%/Larvicide 0%,0;0.4;0.4_0;0;0_0;0;0_-100;2;5475_-100;2;5475_-100;2;5475,25.0931506849315,Incidence,0.000100603501422944
NbyGQVwzFc_loc12_loop6,12,ITN 0%/IRS 0%/Larvicide 0%,0;0.4;0.4_0;0;0_0;0;0_-100;2;5475_-100;2;5475_-100;2;5475,25.0958904109589,Incidence,0.000100663411351595
NbyGQVwzFc_loc12_loop6,12,ITN 0%/IRS 0%/Larvicide 0%,0;0.4;0.4_0;0;0_0;0;0_-100;2;5475_-100;2;5475_-100;2;5475,25.0986301369863,Incidence,0.000100723386029402
NbyGQVwzFc_loc12_loop6,12,ITN 0%/IRS 0%/Larvicide 0%,0;0.4;0.4_0;0;0_0;0;0_-100;2;5475_-100;2;5475_-100;2;5475,25.1013698630137,Incidence,0.000100783425504153
NbyGQVwzFc_loc12_loop6,12,ITN 0%/IRS 0%/Larvicide 0%,0;0.4;0.4_0;0;0_0;0;0_-100;2;5475_-100;2;5475_-100;2;5475,25.1041095890411,Incidence,0.000100843529478989
NbyGQVwzFc_loc12_loop6,12,ITN 0%/IRS 0%/Larvicide 0%,0;0.4;0.4_0;0;0_0;0;0_-100;2;5475_-100;2;5475_-100;2;5475,25.1068493150685,Incidence,0.000100903698181122
NbyGQVwzFc_loc12_loop6,12,ITN 0%/IRS 0%/Larvicide 0%,0;0.4;0.4_0;0;0_0;0;0_-100;2;5475_-100;2;5475_-100;2;5475,25.1095890410959,Incidence,0.000100963931696855
NbyGQVwzFc_loc12_loop6,12,ITN 0%/IRS 0%/Larvicide 0%,0;0.4;0.4_0;0;0_0;0;0_-100;2;5475_-100;2;5475_-100;2;5475,25.1123287671233,Incidence,0.000101024229932216
NbyGQVwzFc_loc12_loop6,12,ITN 0%/IRS 0%/Larvicide 0%,0;0.4;0.4_0;0;0_0;0;0_-100;2;5475_-100;2;5475_-100;2;5475,25.1150684931507,Incidence,0.00010108459297321
NbyGQVwzFc_loc12_loop6,12,ITN 0%/IRS 0%/Larvicide 0%,0;0.4;0.4_0;0;0_0;0;0_-100;2;5475_-100;2;5475_-100;2;5475,25.1178082191781,Incidence,0.000101145020890514
NbyGQVwzFc_loc12_loop6,12,ITN 0%/IRS 0%/Larvicide 0%,0;0.4;0.4_0;0;0_0;0;0_-100;2;5475_-100;2;5475_-100;2;5475,25.1205479452055,Incidence,0.000101205513682876
NbyGQVwzFc_loc12_loop6,12,ITN 0%/IRS 0%/Larvicide 0%,0;0.4;0.4_0;0;0_0;0;0_-100;2;5475_-100;2;5475_-100;2;5475,25.1232876712329,Incidence,0.000101266071382539
NbyGQVwzFc_loc12_loop6,12,ITN 0%/IRS 0%/Larvicide 0%,0;0.4;0.4_0;0;0_0;0;0_-100;2;5475_-100;2;5475_-100;2;5475,25.1260273972603,Incidence,0.000101326694031313
NbyGQVwzFc_loc12_loop6,12,ITN 0%/IRS 0%/Larvicide 0%,0;0.4;0.4_0;0;0_0;0;0_-100;2;5475_-100;2;5475_-100;2;5475,25.1287671232877,Incidence,0.000101387381657588
NbyGQVwzFc_loc12_loop6,12,ITN 0%/IRS 0%/Larvicide 0%,0;0.4;0.4_0;0;0_0;0;0_-100;2;5475_-100;2;5475_-100;2;5475,25.1315068493151,Incidence,0.000101448134275159
NbyGQVwzFc_loc12_loop6,12,ITN 0%/IRS 0%/Larvicide 0%,0;0.4;0.4_0;0;0_0;0;0_-100;2;5475_-100;2;5475_-100;2;5475,25.1342465753425,Incidence,0.000101508951913644
NbyGQVwzFc_loc12_loop6,12,ITN 0%/IRS 0%/Larvicide 0%,0;0.4;0.4_0;0;0_0;0;0_-100;2;5475_-100;2;5475_-100;2;5475,25.1369863013699,Incidence,0.0001015698346126
NbyGQVwzFc_loc12_loop6,12,ITN 0%/IRS 0%/Larvicide 0%,0;0.4;0.4_0;0;0_0;0;0_-100;2;5475_-100;2;5475_-100;2;5475,25.1397260273973,Incidence,0.000101630782385861
NbyGQVwzFc_loc12_loop6,12,ITN 0%/IRS 0%/Larvicide 0%,0;0.4;0.4_0;0;0_0;0;0_-100;2;5475_-100;2;5475_-100;2;5475,25.1424657534247,Incidence,0.00010169179525481
NbyGQVwzFc_loc12_loop6,12,ITN 0%/IRS 0%/Larvicide 0%,0;0.4;0.4_0;0;0_0;0;0_-100;2;5475_-100;2;5475_-100;2;5475,25.1452054794521,Incidence,0.00010175287325634
NbyGQVwzFc_loc12_loop6,12,ITN 0%/IRS 0%/Larvicide 0%,0;0.4;0.4_0;0;0_0;0;0_-100;2;5475_-100;2;5475_-100;2;5475,25.1479452054795,Incidence,0.000101814016409127
NbyGQVwzFc_loc12_loop6,12,ITN 0%/IRS 0%/Larvicide 0%,0;0.4;0.4_0;0;0_0;0;0_-100;2;5475_-100;2;5475_-100;2;5475,25.1506849315069,Incidence,0.000101875224731853
NbyGQVwzFc_loc12_loop6,12,ITN 0%/IRS 0%/Larvicide 0%,0;0.4;0.4_0;0;0_0;0;0_-100;2;5475_-100;2;5475_-100;2;5475,25.1534246575342,Incidence,0.000101936498254814
NbyGQVwzFc_loc12_loop6,12,ITN 0%/IRS 0%/Larvicide 0%,0;0.4;0.4_0;0;0_0;0;0_-100;2;5475_-100;2;5475_-100;2;5475,25.1561643835617,Incidence,0.000101997836999335
NbyGQVwzFc_loc12_loop6,12,ITN 0%/IRS 0%/Larvicide 0%,0;0.4;0.4_0;0;0_0;0;0_-100;2;5475_-100;2;5475_-100;2;5475,25.158904109589,Incidence,0.000102059240984298
NbyGQVwzFc_loc12_loop6,12,ITN 0%/IRS 0%/Larvicide 0%,0;0.4;0.4_0;0;0_0;0;0_-100;2;5475_-100;2;5475_-100;2;5475,25.1616438356164,Incidence,0.000102120710234618
NbyGQVwzFc_loc12_loop6,12,ITN 0%/IRS 0%/Larvicide 0%,0;0.4;0.4_0;0;0_0;0;0_-100;2;5475_-100;2;5475_-100;2;5475,25.1643835616438,Incidence,0.000102182244771668
NbyGQVwzFc_loc12_loop6,12,ITN 0%/IRS 0%/Larvicide 0%,0;0.4;0.4_0;0;0_0;0;0_-100;2;5475_-100;2;5475_-100;2;5475,25.1671232876712,Incidence,0.000102243844614783
NbyGQVwzFc_loc12_loop6,12,ITN 0%/IRS 0%/Larvicide 0%,0;0.4;0.4_0;0;0_0;0;0_-100;2;5475_-100;2;5475_-100;2;5475,25.1698630136986,Incidence,0.000102305509785588
NbyGQVwzFc_loc12_loop6,12,ITN 0%/IRS 0%/Larvicide 0%,0;0.4;0.4_0;0;0_0;0;0_-100;2;5475_-100;2;5475_-100;2;5475,25.172602739726,Incidence,0.00010236724030436
NbyGQVwzFc_loc12_loop6,12,ITN 0%/IRS 0%/Larvicide 0%,0;0.4;0.4_0;0;0_0;0;0_-100;2;5475_-100;2;5475_-100;2;5475,25.1753424657534,Incidence,0.000102429036190202
NbyGQVwzFc_loc12_loop6,12,ITN 0%/IRS 0%/Larvicide 0%,0;0.4;0.4_0;0;0_0;0;0_-100;2;5475_-100;2;5475_-100;2;5475,25.1780821917808,Incidence,0.000102490897469733
NbyGQVwzFc_loc12_loop6,12,ITN 0%/IRS 0%/Larvicide 0%,0;0.4;0.4_0;0;0_0;0;0_-100;2;5475_-100;2;5475_-100;2;5475,25.1808219178082,Incidence,0.000102552824165521
NbyGQVwzFc_loc12_loop6,12,ITN 0%/IRS 0%/Larvicide 0%,0;0.4;0.4_0;0;0_0;0;0_-100;2;5475_-100;2;5475_-100;2;5475,25.1835616438356,Incidence,0.000102614816291874
NbyGQVwzFc_loc12_loop6,12,ITN 0%/IRS 0%/Larvicide 0%,0;0.4;0.4_0;0;0_0;0;0_-100;2;5475_-100;2;5475_-100;2;5475,25.186301369863,Incidence,0.000102676873862707
NbyGQVwzFc_loc12_loop6,12,ITN 0%/IRS 0%/Larvicide 0%,0;0.4;0.4_0;0;0_0;0;0_-100;2;5475_-100;2;5475_-100;2;5475,25.1890410958904,Incidence,0.00010273899689148
NbyGQVwzFc_loc12_loop6,12,ITN 0%/IRS 0%/Larvicide 0%,0;0.4;0.4_0;0;0_0;0;0_-100;2;5475_-100;2;5475_-100;2;5475,25.1917808219178,Incidence,0.000102801185391263
NbyGQVwzFc_loc12_loop6,12,ITN 0%/IRS 0%/Larvicide 0%,0;0.4;0.4_0;0;0_0;0;0_-100;2;5475_-100;2;5475_-100;2;5475,25.1945205479452,Incidence,0.000102863439374543
NbyGQVwzFc_loc12_loop6,12,ITN 0%/IRS 0%/Larvicide 0%,0;0.4;0.4_0;0;0_0;0;0_-100;2;5475_-100;2;5475_-100;2;5475,25.1972602739726,Incidence,0.000102925758853426
NbyGQVwzFc_loc12_loop6,12,ITN 0%/IRS 0%/Larvicide 0%,0;0.4;0.4_0;0;0_0;0;0_-100;2;5475_-100;2;5475_-100;2;5475,25.2,Incidence,0.000102988143839681
NbyGQVwzFc_loc12_loop6,12,ITN 0%/IRS 0%/Larvicide 0%,0;0.4;0.4_0;0;0_0;0;0_-100;2;5475_-100;2;5475_-100;2;5475,25.2027397260274,Incidence,0.000103050594344502
NbyGQVwzFc_loc12_loop6,12,ITN 0%/IRS 0%/Larvicide 0%,0;0.4;0.4_0;0;0_0;0;0_-100;2;5475_-100;2;5475_-100;2;5475,25.2054794520548,Incidence,0.000103113110378691
NbyGQVwzFc_loc12_loop6,12,ITN 0%/IRS 0%/Larvicide 0%,0;0.4;0.4_0;0;0_0;0;0_-100;2;5475_-100;2;5475_-100;2;5475,25.2082191780822,Incidence,0.00010317569195272
NbyGQVwzFc_loc12_loop6,12,ITN 0%/IRS 0%/Larvicide 0%,0;0.4;0.4_0;0;0_0;0;0_-100;2;5475_-100;2;5475_-100;2;5475,25.2109589041096,Incidence,0.000103238339076565
NbyGQVwzFc_loc12_loop6,12,ITN 0%/IRS 0%/Larvicide 0%,0;0.4;0.4_0;0;0_0;0;0_-100;2;5475_-100;2;5475_-100;2;5475,25.213698630137,Incidence,0.000103301051759792
NbyGQVwzFc_loc12_loop6,12,ITN 0%/IRS 0%/Larvicide 0%,0;0.4;0.4_0;0;0_0;0;0_-100;2;5475_-100;2;5475_-100;2;5475,25.2164383561644,Incidence,0.000103363830011628
NbyGQVwzFc_loc12_loop6,12,ITN 0%/IRS 0%/Larvicide 0%,0;0.4;0.4_0;0;0_0;0;0_-100;2;5475_-100;2;5475_-100;2;5475,25.2191780821918,Incidence,0.000103426673840869
NbyGQVwzFc_loc12_loop6,12,ITN 0%/IRS 0%/Larvicide 0%,0;0.4;0.4_0;0;0_0;0;0_-100;2;5475_-100;2;5475_-100;2;5475,25.2219178082192,Incidence,0.00010348958325591
NbyGQVwzFc_loc12_loop6,12,ITN 0%/IRS 0%/Larvicide 0%,0;0.4;0.4_0;0;0_0;0;0_-100;2;5475_-100;2;5475_-100;2;5475,25.2246575342466,Incidence,0.000103552558264798
NbyGQVwzFc_loc12_loop6,12,ITN 0%/IRS 0%/Larvicide 0%,0;0.4;0.4_0;0;0_0;0;0_-100;2;5475_-100;2;5475_-100;2;5475,25.227397260274,Incidence,0.000103615598875186
NbyGQVwzFc_loc12_loop6,12,ITN 0%/IRS 0%/Larvicide 0%,0;0.4;0.4_0;0;0_0;0;0_-100;2;5475_-100;2;5475_-100;2;5475,25.2301369863014,Incidence,0.000103678705094352
NbyGQVwzFc_loc12_loop6,12,ITN 0%/IRS 0%/Larvicide 0%,0;0.4;0.4_0;0;0_0;0;0_-100;2;5475_-100;2;5475_-100;2;5475,25.2328767123288,Incidence,0.000103741876929219
NbyGQVwzFc_loc12_loop6,12,ITN 0%/IRS 0%/Larvicide 0%,0;0.4;0.4_0;0;0_0;0;0_-100;2;5475_-100;2;5475_-100;2;5475,25.2356164383562,Incidence,0.000103805114386348
NbyGQVwzFc_loc12_loop6,12,ITN 0%/IRS 0%/Larvicide 0%,0;0.4;0.4_0;0;0_0;0;0_-100;2;5475_-100;2;5475_-100;2;5475,25.2383561643836,Incidence,0.00010386841747306
NbyGQVwzFc_loc12_loop6,12,ITN 0%/IRS 0%/Larvicide 0%,0;0.4;0.4_0;0;0_0;0;0_-100;2;5475_-100;2;5475_-100;2;5475,25.241095890411,Incidence,0.000103931786203594
NbyGQVwzFc_loc12_loop6,12,ITN 0%/IRS 0%/Larvicide 0%,0;0.4;0.4_0;0;0_0;0;0_-100;2;5475_-100;2;5475_-100;2;5475,25.2438356164384,Incidence,0.000103995220581702
NbyGQVwzFc_loc12_loop6,12,ITN 0%/IRS 0%/Larvicide 0%,0;0.4;0.4_0;0;0_0;0;0_-100;2;5475_-100;2;5475_-100;2;5475,25.2465753424658,Incidence,0.000104058720608201
NbyGQVwzFc_loc12_loop6,12,ITN 0%/IRS 0%/Larvicide 0%,0;0.4;0.4_0;0;0_0;0;0_-100;2;5475_-100;2;5475_-100;2;5475,25.2493150684932,Incidence,0.000104122286283509
NbyGQVwzFc_loc12_loop6,12,ITN 0%/IRS 0%/Larvicide 0%,0;0.4;0.4_0;0;0_0;0;0_-100;2;5475_-100;2;5475_-100;2;5475,25.2520547945205,Incidence,0.000104185917607646
NbyGQVwzFc_loc12_loop6,12,ITN 0%/IRS 0%/Larvicide 0%,0;0.4;0.4_0;0;0_0;0;0_-100;2;5475_-100;2;5475_-100;2;5475,25.2547945205479,Incidence,0.000104249614580247
NbyGQVwzFc_loc12_loop6,12,ITN 0%/IRS 0%/Larvicide 0%,0;0.4;0.4_0;0;0_0;0;0_-100;2;5475_-100;2;5475_-100;2;5475,25.2575342465753,Incidence,0.000104313377200558
NbyGQVwzFc_loc12_loop6,12,ITN 0%/IRS 0%/Larvicide 0%,0;0.4;0.4_0;0;0_0;0;0_-100;2;5475_-100;2;5475_-100;2;5475,25.2602739726027,Incidence,0.00010437720546745
NbyGQVwzFc_loc12_loop6,12,ITN 0%/IRS 0%/Larvicide 0%,0;0.4;0.4_0;0;0_0;0;0_-100;2;5475_-100;2;5475_-100;2;5475,25.2630136986301,Incidence,0.000104441099379418
NbyGQVwzFc_loc12_loop6,12,ITN 0%/IRS 0%/Larvicide 0%,0;0.4;0.4_0;0;0_0;0;0_-100;2;5475_-100;2;5475_-100;2;5475,25.2657534246575,Incidence,0.000104505058934592
NbyGQVwzFc_loc12_loop6,12,ITN 0%/IRS 0%/Larvicide 0%,0;0.4;0.4_0;0;0_0;0;0_-100;2;5475_-100;2;5475_-100;2;5475,25.2684931506849,Incidence,0.000104569084130736
NbyGQVwzFc_loc12_loop6,12,ITN 0%/IRS 0%/Larvicide 0%,0;0.4;0.4_0;0;0_0;0;0_-100;2;5475_-100;2;5475_-100;2;5475,25.2712328767123,Incidence,0.000104633174965261
NbyGQVwzFc_loc12_loop6,12,ITN 0%/IRS 0%/Larvicide 0%,0;0.4;0.4_0;0;0_0;0;0_-100;2;5475_-100;2;5475_-100;2;5475,25.2739726027397,Incidence,0.000104697331435222
NbyGQVwzFc_loc12_loop6,12,ITN 0%/IRS 0%/Larvicide 0%,0;0.4;0.4_0;0;0_0;0;0_-100;2;5475_-100;2;5475_-100;2;5475,25.2767123287671,Incidence,0.000104761553537328
NbyGQVwzFc_loc12_loop6,12,ITN 0%/IRS 0%/Larvicide 0%,0;0.4;0.4_0;0;0_0;0;0_-100;2;5475_-100;2;5475_-100;2;5475,25.2794520547945,Incidence,0.000104825841267945
NbyGQVwzFc_loc12_loop6,12,ITN 0%/IRS 0%/Larvicide 0%,0;0.4;0.4_0;0;0_0;0;0_-100;2;5475_-100;2;5475_-100;2;5475,25.2821917808219,Incidence,0.000104890194623103
NbyGQVwzFc_loc12_loop6,12,ITN 0%/IRS 0%/Larvicide 0%,0;0.4;0.4_0;0;0_0;0;0_-100;2;5475_-100;2;5475_-100;2;5475,25.2849315068493,Incidence,0.000104954613598499
NbyGQVwzFc_loc12_loop6,12,ITN 0%/IRS 0%/Larvicide 0%,0;0.4;0.4_0;0;0_0;0;0_-100;2;5475_-100;2;5475_-100;2;5475,25.2876712328767,Incidence,0.0001050190981895
NbyGQVwzFc_loc12_loop6,12,ITN 0%/IRS 0%/Larvicide 0%,0;0.4;0.4_0;0;0_0;0;0_-100;2;5475_-100;2;5475_-100;2;5475,25.2904109589041,Incidence,0.000105083648391152
NbyGQVwzFc_loc12_loop6,12,ITN 0%/IRS 0%/Larvicide 0%,0;0.4;0.4_0;0;0_0;0;0_-100;2;5475_-100;2;5475_-100;2;5475,25.2931506849315,Incidence,0.000105148264198181
NbyGQVwzFc_loc12_loop6,12,ITN 0%/IRS 0%/Larvicide 0%,0;0.4;0.4_0;0;0_0;0;0_-100;2;5475_-100;2;5475_-100;2;5475,25.2958904109589,Incidence,0.000105212945604999
NbyGQVwzFc_loc12_loop6,12,ITN 0%/IRS 0%/Larvicide 0%,0;0.4;0.4_0;0;0_0;0;0_-100;2;5475_-100;2;5475_-100;2;5475,25.2986301369863,Incidence,0.000105277692605707
NbyGQVwzFc_loc12_loop6,12,ITN 0%/IRS 0%/Larvicide 0%,0;0.4;0.4_0;0;0_0;0;0_-100;2;5475_-100;2;5475_-100;2;5475,25.3013698630137,Incidence,0.000105342505194316
NbyGQVwzFc_loc12_loop6,12,ITN 0%/IRS 0%/Larvicide 0%,0;0.4;0.4_0;0;0_0;0;0_-100;2;5475_-100;2;5475_-100;2;5475,25.3041095890411,Incidence,0.000105407383371442
NbyGQVwzFc_loc12_loop6,12,ITN 0%/IRS 0%/Larvicide 0%,0;0.4;0.4_0;0;0_0;0;0_-100;2;5475_-100;2;5475_-100;2;5475,25.3068493150685,Incidence,0.000105472327130488
NbyGQVwzFc_loc12_loop6,12,ITN 0%/IRS 0%/Larvicide 0%,0;0.4;0.4_0;0;0_0;0;0_-100;2;5475_-100;2;5475_-100;2;5475,25.3095890410959,Incidence,0.000105537336459854
NbyGQVwzFc_loc12_loop6,12,ITN 0%/IRS 0%/Larvicide 0%,0;0.4;0.4_0;0;0_0;0;0_-100;2;5475_-100;2;5475_-100;2;5475,25.3123287671233,Incidence,0.000105602411347596
NbyGQVwzFc_loc12_loop6,12,ITN 0%/IRS 0%/Larvicide 0%,0;0.4;0.4_0;0;0_0;0;0_-100;2;5475_-100;2;5475_-100;2;5475,25.3150684931507,Incidence,0.000105667551781429
NbyGQVwzFc_loc12_loop6,12,ITN 0%/IRS 0%/Larvicide 0%,0;0.4;0.4_0;0;0_0;0;0_-100;2;5475_-100;2;5475_-100;2;5475,25.3178082191781,Incidence,0.000105732757748732
NbyGQVwzFc_loc12_loop6,12,ITN 0%/IRS 0%/Larvicide 0%,0;0.4;0.4_0;0;0_0;0;0_-100;2;5475_-100;2;5475_-100;2;5475,25.3205479452055,Incidence,0.000105798029236552
NbyGQVwzFc_loc12_loop6,12,ITN 0%/IRS 0%/Larvicide 0%,0;0.4;0.4_0;0;0_0;0;0_-100;2;5475_-100;2;5475_-100;2;5475,25.3232876712329,Incidence,0.000105863366231607
NbyGQVwzFc_loc12_loop6,12,ITN 0%/IRS 0%/Larvicide 0%,0;0.4;0.4_0;0;0_0;0;0_-100;2;5475_-100;2;5475_-100;2;5475,25.3260273972603,Incidence,0.000105928768720295
NbyGQVwzFc_loc12_loop6,12,ITN 0%/IRS 0%/Larvicide 0%,0;0.4;0.4_0;0;0_0;0;0_-100;2;5475_-100;2;5475_-100;2;5475,25.3287671232877,Incidence,0.000105994236688695
NbyGQVwzFc_loc12_loop6,12,ITN 0%/IRS 0%/Larvicide 0%,0;0.4;0.4_0;0;0_0;0;0_-100;2;5475_-100;2;5475_-100;2;5475,25.3315068493151,Incidence,0.000106059770122571
NbyGQVwzFc_loc12_loop6,12,ITN 0%/IRS 0%/Larvicide 0%,0;0.4;0.4_0;0;0_0;0;0_-100;2;5475_-100;2;5475_-100;2;5475,25.3342465753425,Incidence,0.000106125369007377
NbyGQVwzFc_loc12_loop6,12,ITN 0%/IRS 0%/Larvicide 0%,0;0.4;0.4_0;0;0_0;0;0_-100;2;5475_-100;2;5475_-100;2;5475,25.3369863013699,Incidence,0.000106191033328262
NbyGQVwzFc_loc12_loop6,12,ITN 0%/IRS 0%/Larvicide 0%,0;0.4;0.4_0;0;0_0;0;0_-100;2;5475_-100;2;5475_-100;2;5475,25.3397260273973,Incidence,0.000106256763070074
NbyGQVwzFc_loc12_loop6,12,ITN 0%/IRS 0%/Larvicide 0%,0;0.4;0.4_0;0;0_0;0;0_-100;2;5475_-100;2;5475_-100;2;5475,25.3424657534247,Incidence,0.000106322558217362
NbyGQVwzFc_loc12_loop6,12,ITN 0%/IRS 0%/Larvicide 0%,0;0.4;0.4_0;0;0_0;0;0_-100;2;5475_-100;2;5475_-100;2;5475,25.3452054794521,Incidence,0.000106388418754384
NbyGQVwzFc_loc12_loop6,12,ITN 0%/IRS 0%/Larvicide 0%,0;0.4;0.4_0;0;0_0;0;0_-100;2;5475_-100;2;5475_-100;2;5475,25.3479452054795,Incidence,0.000106454344665105
NbyGQVwzFc_loc12_loop6,12,ITN 0%/IRS 0%/Larvicide 0%,0;0.4;0.4_0;0;0_0;0;0_-100;2;5475_-100;2;5475_-100;2;5475,25.3506849315069,Incidence,0.000106520335933207
NbyGQVwzFc_loc12_loop6,12,ITN 0%/IRS 0%/Larvicide 0%,0;0.4;0.4_0;0;0_0;0;0_-100;2;5475_-100;2;5475_-100;2;5475,25.3534246575343,Incidence,0.000106586392542089
NbyGQVwzFc_loc12_loop6,12,ITN 0%/IRS 0%/Larvicide 0%,0;0.4;0.4_0;0;0_0;0;0_-100;2;5475_-100;2;5475_-100;2;5475,25.3561643835617,Incidence,0.000106652514474872
NbyGQVwzFc_loc12_loop6,12,ITN 0%/IRS 0%/Larvicide 0%,0;0.4;0.4_0;0;0_0;0;0_-100;2;5475_-100;2;5475_-100;2;5475,25.358904109589,Incidence,0.000106718701714402
NbyGQVwzFc_loc12_loop6,12,ITN 0%/IRS 0%/Larvicide 0%,0;0.4;0.4_0;0;0_0;0;0_-100;2;5475_-100;2;5475_-100;2;5475,25.3616438356164,Incidence,0.000106784954243254
NbyGQVwzFc_loc12_loop6,12,ITN 0%/IRS 0%/Larvicide 0%,0;0.4;0.4_0;0;0_0;0;0_-100;2;5475_-100;2;5475_-100;2;5475,25.3643835616438,Incidence,0.000106851272043736
NbyGQVwzFc_loc12_loop6,12,ITN 0%/IRS 0%/Larvicide 0%,0;0.4;0.4_0;0;0_0;0;0_-100;2;5475_-100;2;5475_-100;2;5475,25.3671232876712,Incidence,0.000106917655098424
NbyGQVwzFc_loc12_loop6,12,ITN 0%/IRS 0%/Larvicide 0%,0;0.4;0.4_0;0;0_0;0;0_-100;2;5475_-100;2;5475_-100;2;5475,25.3698630136986,Incidence,0.000106984103395919
NbyGQVwzFc_loc12_loop6,12,ITN 0%/IRS 0%/Larvicide 0%,0;0.4;0.4_0;0;0_0;0;0_-100;2;5475_-100;2;5475_-100;2;5475,25.372602739726,Incidence,0.000107050616916283
NbyGQVwzFc_loc12_loop6,12,ITN 0%/IRS 0%/Larvicide 0%,0;0.4;0.4_0;0;0_0;0;0_-100;2;5475_-100;2;5475_-100;2;5475,25.3753424657534,Incidence,0.000107117195636177
NbyGQVwzFc_loc12_loop6,12,ITN 0%/IRS 0%/Larvicide 0%,0;0.4;0.4_0;0;0_0;0;0_-100;2;5475_-100;2;5475_-100;2;5475,25.3780821917808,Incidence,0.000107183839531967
NbyGQVwzFc_loc12_loop6,12,ITN 0%/IRS 0%/Larvicide 0%,0;0.4;0.4_0;0;0_0;0;0_-100;2;5475_-100;2;5475_-100;2;5475,25.3808219178082,Incidence,0.000107250548579721
NbyGQVwzFc_loc12_loop6,12,ITN 0%/IRS 0%/Larvicide 0%,0;0.4;0.4_0;0;0_0;0;0_-100;2;5475_-100;2;5475_-100;2;5475,25.3835616438356,Incidence,0.000107317322755219
NbyGQVwzFc_loc12_loop6,12,ITN 0%/IRS 0%/Larvicide 0%,0;0.4;0.4_0;0;0_0;0;0_-100;2;5475_-100;2;5475_-100;2;5475,25.386301369863,Incidence,0.000107384162033957
NbyGQVwzFc_loc12_loop6,12,ITN 0%/IRS 0%/Larvicide 0%,0;0.4;0.4_0;0;0_0;0;0_-100;2;5475_-100;2;5475_-100;2;5475,25.3890410958904,Incidence,0.000107451066391143
NbyGQVwzFc_loc12_loop6,12,ITN 0%/IRS 0%/Larvicide 0%,0;0.4;0.4_0;0;0_0;0;0_-100;2;5475_-100;2;5475_-100;2;5475,25.3917808219178,Incidence,0.000107518035801711
NbyGQVwzFc_loc12_loop6,12,ITN 0%/IRS 0%/Larvicide 0%,0;0.4;0.4_0;0;0_0;0;0_-100;2;5475_-100;2;5475_-100;2;5475,25.3945205479452,Incidence,0.000107585070240318
NbyGQVwzFc_loc12_loop6,12,ITN 0%/IRS 0%/Larvicide 0%,0;0.4;0.4_0;0;0_0;0;0_-100;2;5475_-100;2;5475_-100;2;5475,25.3972602739726,Incidence,0.000107652169681346
NbyGQVwzFc_loc12_loop6,12,ITN 0%/IRS 0%/Larvicide 0%,0;0.4;0.4_0;0;0_0;0;0_-100;2;5475_-100;2;5475_-100;2;5475,25.4,Incidence,0.000107719334098912
NbyGQVwzFc_loc12_loop6,12,ITN 0%/IRS 0%/Larvicide 0%,0;0.4;0.4_0;0;0_0;0;0_-100;2;5475_-100;2;5475_-100;2;5475,25.4027397260274,Incidence,0.000107786563466867
NbyGQVwzFc_loc12_loop6,12,ITN 0%/IRS 0%/Larvicide 0%,0;0.4;0.4_0;0;0_0;0;0_-100;2;5475_-100;2;5475_-100;2;5475,25.4054794520548,Incidence,0.000107853857758799
NbyGQVwzFc_loc12_loop6,12,ITN 0%/IRS 0%/Larvicide 0%,0;0.4;0.4_0;0;0_0;0;0_-100;2;5475_-100;2;5475_-100;2;5475,25.4082191780822,Incidence,0.000107921216948037
NbyGQVwzFc_loc12_loop6,12,ITN 0%/IRS 0%/Larvicide 0%,0;0.4;0.4_0;0;0_0;0;0_-100;2;5475_-100;2;5475_-100;2;5475,25.4109589041096,Incidence,0.000107988641007656
NbyGQVwzFc_loc12_loop6,12,ITN 0%/IRS 0%/Larvicide 0%,0;0.4;0.4_0;0;0_0;0;0_-100;2;5475_-100;2;5475_-100;2;5475,25.413698630137,Incidence,0.000108056129910478
NbyGQVwzFc_loc12_loop6,12,ITN 0%/IRS 0%/Larvicide 0%,0;0.4;0.4_0;0;0_0;0;0_-100;2;5475_-100;2;5475_-100;2;5475,25.4164383561644,Incidence,0.000108123683629075
NbyGQVwzFc_loc12_loop6,12,ITN 0%/IRS 0%/Larvicide 0%,0;0.4;0.4_0;0;0_0;0;0_-100;2;5475_-100;2;5475_-100;2;5475,25.4191780821918,Incidence,0.000108191302135773
NbyGQVwzFc_loc12_loop6,12,ITN 0%/IRS 0%/Larvicide 0%,0;0.4;0.4_0;0;0_0;0;0_-100;2;5475_-100;2;5475_-100;2;5475,25.4219178082192,Incidence,0.000108258985402654
NbyGQVwzFc_loc12_loop6,12,ITN 0%/IRS 0%/Larvicide 0%,0;0.4;0.4_0;0;0_0;0;0_-100;2;5475_-100;2;5475_-100;2;5475,25.4246575342466,Incidence,0.000108326733401563
NbyGQVwzFc_loc12_loop6,12,ITN 0%/IRS 0%/Larvicide 0%,0;0.4;0.4_0;0;0_0;0;0_-100;2;5475_-100;2;5475_-100;2;5475,25.427397260274,Incidence,0.000108394546104102
NbyGQVwzFc_loc12_loop6,12,ITN 0%/IRS 0%/Larvicide 0%,0;0.4;0.4_0;0;0_0;0;0_-100;2;5475_-100;2;5475_-100;2;5475,25.4301369863014,Incidence,0.000108462423481642
NbyGQVwzFc_loc12_loop6,12,ITN 0%/IRS 0%/Larvicide 0%,0;0.4;0.4_0;0;0_0;0;0_-100;2;5475_-100;2;5475_-100;2;5475,25.4328767123288,Incidence,0.000108530365505321
NbyGQVwzFc_loc12_loop6,12,ITN 0%/IRS 0%/Larvicide 0%,0;0.4;0.4_0;0;0_0;0;0_-100;2;5475_-100;2;5475_-100;2;5475,25.4356164383562,Incidence,0.000108598372148661
NbyGQVwzFc_loc12_loop6,12,ITN 0%/IRS 0%/Larvicide 0%,0;0.4;0.4_0;0;0_0;0;0_-100;2;5475_-100;2;5475_-100;2;5475,25.4383561643836,Incidence,0.000108666443386845
NbyGQVwzFc_loc12_loop6,12,ITN 0%/IRS 0%/Larvicide 0%,0;0.4;0.4_0;0;0_0;0;0_-100;2;5475_-100;2;5475_-100;2;5475,25.441095890411,Incidence,0.000108734579186106
NbyGQVwzFc_loc12_loop6,12,ITN 0%/IRS 0%/Larvicide 0%,0;0.4;0.4_0;0;0_0;0;0_-100;2;5475_-100;2;5475_-100;2;5475,25.4438356164384,Incidence,0.000108802779512011
NbyGQVwzFc_loc12_loop6,12,ITN 0%/IRS 0%/Larvicide 0%,0;0.4;0.4_0;0;0_0;0;0_-100;2;5475_-100;2;5475_-100;2;5475,25.4465753424658,Incidence,0.000108871044329872
NbyGQVwzFc_loc12_loop6,12,ITN 0%/IRS 0%/Larvicide 0%,0;0.4;0.4_0;0;0_0;0;0_-100;2;5475_-100;2;5475_-100;2;5475,25.4493150684932,Incidence,0.000108939373604746
NbyGQVwzFc_loc12_loop6,12,ITN 0%/IRS 0%/Larvicide 0%,0;0.4;0.4_0;0;0_0;0;0_-100;2;5475_-100;2;5475_-100;2;5475,25.4520547945206,Incidence,0.000109007767301439
NbyGQVwzFc_loc12_loop6,12,ITN 0%/IRS 0%/Larvicide 0%,0;0.4;0.4_0;0;0_0;0;0_-100;2;5475_-100;2;5475_-100;2;5475,25.454794520548,Incidence,0.00010907622538451
NbyGQVwzFc_loc12_loop6,12,ITN 0%/IRS 0%/Larvicide 0%,0;0.4;0.4_0;0;0_0;0;0_-100;2;5475_-100;2;5475_-100;2;5475,25.4575342465753,Incidence,0.000109144747818273
NbyGQVwzFc_loc12_loop6,12,ITN 0%/IRS 0%/Larvicide 0%,0;0.4;0.4_0;0;0_0;0;0_-100;2;5475_-100;2;5475_-100;2;5475,25.4602739726027,Incidence,0.0001092133345668
NbyGQVwzFc_loc12_loop6,12,ITN 0%/IRS 0%/Larvicide 0%,0;0.4;0.4_0;0;0_0;0;0_-100;2;5475_-100;2;5475_-100;2;5475,25.4630136986301,Incidence,0.000109281985593924
NbyGQVwzFc_loc12_loop6,12,ITN 0%/IRS 0%/Larvicide 0%,0;0.4;0.4_0;0;0_0;0;0_-100;2;5475_-100;2;5475_-100;2;5475,25.4657534246575,Incidence,0.000109350700863241
NbyGQVwzFc_loc12_loop6,12,ITN 0%/IRS 0%/Larvicide 0%,0;0.4;0.4_0;0;0_0;0;0_-100;2;5475_-100;2;5475_-100;2;5475,25.4684931506849,Incidence,0.000109419480338113
NbyGQVwzFc_loc12_loop6,12,ITN 0%/IRS 0%/Larvicide 0%,0;0.4;0.4_0;0;0_0;0;0_-100;2;5475_-100;2;5475_-100;2;5475,25.4712328767123,Incidence,0.000109488323981673
NbyGQVwzFc_loc12_loop6,12,ITN 0%/IRS 0%/Larvicide 0%,0;0.4;0.4_0;0;0_0;0;0_-100;2;5475_-100;2;5475_-100;2;5475,25.4739726027397,Incidence,0.000109557231756822
NbyGQVwzFc_loc12_loop6,12,ITN 0%/IRS 0%/Larvicide 0%,0;0.4;0.4_0;0;0_0;0;0_-100;2;5475_-100;2;5475_-100;2;5475,25.4767123287671,Incidence,0.000109626203626237
NbyGQVwzFc_loc12_loop6,12,ITN 0%/IRS 0%/Larvicide 0%,0;0.4;0.4_0;0;0_0;0;0_-100;2;5475_-100;2;5475_-100;2;5475,25.4794520547945,Incidence,0.000109695239552373
NbyGQVwzFc_loc12_loop6,12,ITN 0%/IRS 0%/Larvicide 0%,0;0.4;0.4_0;0;0_0;0;0_-100;2;5475_-100;2;5475_-100;2;5475,25.4821917808219,Incidence,0.00010976433949746
NbyGQVwzFc_loc12_loop6,12,ITN 0%/IRS 0%/Larvicide 0%,0;0.4;0.4_0;0;0_0;0;0_-100;2;5475_-100;2;5475_-100;2;5475,25.4849315068493,Incidence,0.000109833503423513
NbyGQVwzFc_loc12_loop6,12,ITN 0%/IRS 0%/Larvicide 0%,0;0.4;0.4_0;0;0_0;0;0_-100;2;5475_-100;2;5475_-100;2;5475,25.4876712328767,Incidence,0.00010990273129233
NbyGQVwzFc_loc12_loop6,12,ITN 0%/IRS 0%/Larvicide 0%,0;0.4;0.4_0;0;0_0;0;0_-100;2;5475_-100;2;5475_-100;2;5475,25.4904109589041,Incidence,0.000109972023065493
NbyGQVwzFc_loc12_loop6,12,ITN 0%/IRS 0%/Larvicide 0%,0;0.4;0.4_0;0;0_0;0;0_-100;2;5475_-100;2;5475_-100;2;5475,25.4931506849315,Incidence,0.000110041378704374
NbyGQVwzFc_loc12_loop6,12,ITN 0%/IRS 0%/Larvicide 0%,0;0.4;0.4_0;0;0_0;0;0_-100;2;5475_-100;2;5475_-100;2;5475,25.4958904109589,Incidence,0.000110110798170135
NbyGQVwzFc_loc12_loop6,12,ITN 0%/IRS 0%/Larvicide 0%,0;0.4;0.4_0;0;0_0;0;0_-100;2;5475_-100;2;5475_-100;2;5475,25.4986301369863,Incidence,0.000110180281423731
NbyGQVwzFc_loc12_loop6,12,ITN 0%/IRS 0%/Larvicide 0%,0;0.4;0.4_0;0;0_0;0;0_-100;2;5475_-100;2;5475_-100;2;5475,25.5013698630137,Incidence,0.000110249828425911
NbyGQVwzFc_loc12_loop6,12,ITN 0%/IRS 0%/Larvicide 0%,0;0.4;0.4_0;0;0_0;0;0_-100;2;5475_-100;2;5475_-100;2;5475,25.5041095890411,Incidence,0.000110319439138013
NbyGQVwzFc_loc12_loop6,12,ITN 0%/IRS 0%/Larvicide 0%,0;0.4;0.4_0;0;0_0;0;0_-100;2;5475_-100;2;5475_-100;2;5475,25.5068493150685,Incidence,0.00011038911352577
NbyGQVwzFc_loc12_loop6,12,ITN 0%/IRS 0%/Larvicide 0%,0;0.4;0.4_0;0;0_0;0;0_-100;2;5475_-100;2;5475_-100;2;5475,25.5095890410959,Incidence,0.000110458851546584
NbyGQVwzFc_loc12_loop6,12,ITN 0%/IRS 0%/Larvicide 0%,0;0.4;0.4_0;0;0_0;0;0_-100;2;5475_-100;2;5475_-100;2;5475,25.5123287671233,Incidence,0.000110528653155761
NbyGQVwzFc_loc12_loop6,12,ITN 0%/IRS 0%/Larvicide 0%,0;0.4;0.4_0;0;0_0;0;0_-100;2;5475_-100;2;5475_-100;2;5475,25.5150684931507,Incidence,0.00011059851830838
NbyGQVwzFc_loc12_loop6,12,ITN 0%/IRS 0%/Larvicide 0%,0;0.4;0.4_0;0;0_0;0;0_-100;2;5475_-100;2;5475_-100;2;5475,25.5178082191781,Incidence,0.000110668446959299
NbyGQVwzFc_loc12_loop6,12,ITN 0%/IRS 0%/Larvicide 0%,0;0.4;0.4_0;0;0_0;0;0_-100;2;5475_-100;2;5475_-100;2;5475,25.5205479452055,Incidence,0.000110738439063156
NbyGQVwzFc_loc12_loop6,12,ITN 0%/IRS 0%/Larvicide 0%,0;0.4;0.4_0;0;0_0;0;0_-100;2;5475_-100;2;5475_-100;2;5475,25.5232876712329,Incidence,0.000110808494574369
NbyGQVwzFc_loc12_loop6,12,ITN 0%/IRS 0%/Larvicide 0%,0;0.4;0.4_0;0;0_0;0;0_-100;2;5475_-100;2;5475_-100;2;5475,25.5260273972603,Incidence,0.000110878613447142
NbyGQVwzFc_loc12_loop6,12,ITN 0%/IRS 0%/Larvicide 0%,0;0.4;0.4_0;0;0_0;0;0_-100;2;5475_-100;2;5475_-100;2;5475,25.5287671232877,Incidence,0.000110948795635465
NbyGQVwzFc_loc12_loop6,12,ITN 0%/IRS 0%/Larvicide 0%,0;0.4;0.4_0;0;0_0;0;0_-100;2;5475_-100;2;5475_-100;2;5475,25.5315068493151,Incidence,0.000111019041093119
NbyGQVwzFc_loc12_loop6,12,ITN 0%/IRS 0%/Larvicide 0%,0;0.4;0.4_0;0;0_0;0;0_-100;2;5475_-100;2;5475_-100;2;5475,25.5342465753425,Incidence,0.000111089349773673
NbyGQVwzFc_loc12_loop6,12,ITN 0%/IRS 0%/Larvicide 0%,0;0.4;0.4_0;0;0_0;0;0_-100;2;5475_-100;2;5475_-100;2;5475,25.5369863013699,Incidence,0.000111159721630489
NbyGQVwzFc_loc12_loop6,12,ITN 0%/IRS 0%/Larvicide 0%,0;0.4;0.4_0;0;0_0;0;0_-100;2;5475_-100;2;5475_-100;2;5475,25.5397260273973,Incidence,0.000111230156616728
NbyGQVwzFc_loc12_loop6,12,ITN 0%/IRS 0%/Larvicide 0%,0;0.4;0.4_0;0;0_0;0;0_-100;2;5475_-100;2;5475_-100;2;5475,25.5424657534247,Incidence,0.000111300654685344
NbyGQVwzFc_loc12_loop6,12,ITN 0%/IRS 0%/Larvicide 0%,0;0.4;0.4_0;0;0_0;0;0_-100;2;5475_-100;2;5475_-100;2;5475,25.5452054794521,Incidence,0.000111371215789091
NbyGQVwzFc_loc12_loop6,12,ITN 0%/IRS 0%/Larvicide 0%,0;0.4;0.4_0;0;0_0;0;0_-100;2;5475_-100;2;5475_-100;2;5475,25.5479452054795,Incidence,0.000111441839880526
NbyGQVwzFc_loc12_loop6,12,ITN 0%/IRS 0%/Larvicide 0%,0;0.4;0.4_0;0;0_0;0;0_-100;2;5475_-100;2;5475_-100;2;5475,25.5506849315069,Incidence,0.000111512526912008
NbyGQVwzFc_loc12_loop6,12,ITN 0%/IRS 0%/Larvicide 0%,0;0.4;0.4_0;0;0_0;0;0_-100;2;5475_-100;2;5475_-100;2;5475,25.5534246575342,Incidence,0.000111583276835699
NbyGQVwzFc_loc12_loop6,12,ITN 0%/IRS 0%/Larvicide 0%,0;0.4;0.4_0;0;0_0;0;0_-100;2;5475_-100;2;5475_-100;2;5475,25.5561643835616,Incidence,0.000111654089603571
NbyGQVwzFc_loc12_loop6,12,ITN 0%/IRS 0%/Larvicide 0%,0;0.4;0.4_0;0;0_0;0;0_-100;2;5475_-100;2;5475_-100;2;5475,25.558904109589,Incidence,0.000111724965167402
NbyGQVwzFc_loc12_loop6,12,ITN 0%/IRS 0%/Larvicide 0%,0;0.4;0.4_0;0;0_0;0;0_-100;2;5475_-100;2;5475_-100;2;5475,25.5616438356164,Incidence,0.000111795903478781
NbyGQVwzFc_loc12_loop6,12,ITN 0%/IRS 0%/Larvicide 0%,0;0.4;0.4_0;0;0_0;0;0_-100;2;5475_-100;2;5475_-100;2;5475,25.5643835616438,Incidence,0.000111866904489109
NbyGQVwzFc_loc12_loop6,12,ITN 0%/IRS 0%/Larvicide 0%,0;0.4;0.4_0;0;0_0;0;0_-100;2;5475_-100;2;5475_-100;2;5475,25.5671232876712,Incidence,0.0001119379681496
NbyGQVwzFc_loc12_loop6,12,ITN 0%/IRS 0%/Larvicide 0%,0;0.4;0.4_0;0;0_0;0;0_-100;2;5475_-100;2;5475_-100;2;5475,25.5698630136986,Incidence,0.000112009094411284
NbyGQVwzFc_loc12_loop6,12,ITN 0%/IRS 0%/Larvicide 0%,0;0.4;0.4_0;0;0_0;0;0_-100;2;5475_-100;2;5475_-100;2;5475,25.572602739726,Incidence,0.000112080283225007
NbyGQVwzFc_loc12_loop6,12,ITN 0%/IRS 0%/Larvicide 0%,0;0.4;0.4_0;0;0_0;0;0_-100;2;5475_-100;2;5475_-100;2;5475,25.5753424657534,Incidence,0.000112151534541804
NbyGQVwzFc_loc12_loop6,12,ITN 0%/IRS 0%/Larvicide 0%,0;0.4;0.4_0;0;0_0;0;0_-100;2;5475_-100;2;5475_-100;2;5475,25.5780821917808,Incidence,0.000112222848316961
NbyGQVwzFc_loc12_loop6,12,ITN 0%/IRS 0%/Larvicide 0%,0;0.4;0.4_0;0;0_0;0;0_-100;2;5475_-100;2;5475_-100;2;5475,25.5808219178082,Incidence,0.000112294224498739
NbyGQVwzFc_loc12_loop6,12,ITN 0%/IRS 0%/Larvicide 0%,0;0.4;0.4_0;0;0_0;0;0_-100;2;5475_-100;2;5475_-100;2;5475,25.5835616438356,Incidence,0.00011236566303269
NbyGQVwzFc_loc12_loop6,12,ITN 0%/IRS 0%/Larvicide 0%,0;0.4;0.4_0;0;0_0;0;0_-100;2;5475_-100;2;5475_-100;2;5475,25.586301369863,Incidence,0.000112437163864164
NbyGQVwzFc_loc12_loop6,12,ITN 0%/IRS 0%/Larvicide 0%,0;0.4;0.4_0;0;0_0;0;0_-100;2;5475_-100;2;5475_-100;2;5475,25.5890410958904,Incidence,0.000112508726938315
NbyGQVwzFc_loc12_loop6,12,ITN 0%/IRS 0%/Larvicide 0%,0;0.4;0.4_0;0;0_0;0;0_-100;2;5475_-100;2;5475_-100;2;5475,25.5917808219178,Incidence,0.000112580352200105
NbyGQVwzFc_loc12_loop6,12,ITN 0%/IRS 0%/Larvicide 0%,0;0.4;0.4_0;0;0_0;0;0_-100;2;5475_-100;2;5475_-100;2;5475,25.5945205479452,Incidence,0.000112652039594299
NbyGQVwzFc_loc12_loop6,12,ITN 0%/IRS 0%/Larvicide 0%,0;0.4;0.4_0;0;0_0;0;0_-100;2;5475_-100;2;5475_-100;2;5475,25.5972602739726,Incidence,0.000112723789065476
NbyGQVwzFc_loc12_loop6,12,ITN 0%/IRS 0%/Larvicide 0%,0;0.4;0.4_0;0;0_0;0;0_-100;2;5475_-100;2;5475_-100;2;5475,25.6,Incidence,0.000112795600558022
NbyGQVwzFc_loc12_loop6,12,ITN 0%/IRS 0%/Larvicide 0%,0;0.4;0.4_0;0;0_0;0;0_-100;2;5475_-100;2;5475_-100;2;5475,25.6027397260274,Incidence,0.000112867474016137
NbyGQVwzFc_loc12_loop6,12,ITN 0%/IRS 0%/Larvicide 0%,0;0.4;0.4_0;0;0_0;0;0_-100;2;5475_-100;2;5475_-100;2;5475,25.6054794520548,Incidence,0.000112939409383833
NbyGQVwzFc_loc12_loop6,12,ITN 0%/IRS 0%/Larvicide 0%,0;0.4;0.4_0;0;0_0;0;0_-100;2;5475_-100;2;5475_-100;2;5475,25.6082191780822,Incidence,0.000113011406604941
NbyGQVwzFc_loc12_loop6,12,ITN 0%/IRS 0%/Larvicide 0%,0;0.4;0.4_0;0;0_0;0;0_-100;2;5475_-100;2;5475_-100;2;5475,25.6109589041096,Incidence,0.000113083465623106
NbyGQVwzFc_loc12_loop6,12,ITN 0%/IRS 0%/Larvicide 0%,0;0.4;0.4_0;0;0_0;0;0_-100;2;5475_-100;2;5475_-100;2;5475,25.613698630137,Incidence,0.000113155586381793
NbyGQVwzFc_loc12_loop6,12,ITN 0%/IRS 0%/Larvicide 0%,0;0.4;0.4_0;0;0_0;0;0_-100;2;5475_-100;2;5475_-100;2;5475,25.6164383561644,Incidence,0.000113227768824289
NbyGQVwzFc_loc12_loop6,12,ITN 0%/IRS 0%/Larvicide 0%,0;0.4;0.4_0;0;0_0;0;0_-100;2;5475_-100;2;5475_-100;2;5475,25.6191780821918,Incidence,0.000113300012893699
NbyGQVwzFc_loc12_loop6,12,ITN 0%/IRS 0%/Larvicide 0%,0;0.4;0.4_0;0;0_0;0;0_-100;2;5475_-100;2;5475_-100;2;5475,25.6219178082192,Incidence,0.000113372318532954
NbyGQVwzFc_loc12_loop6,12,ITN 0%/IRS 0%/Larvicide 0%,0;0.4;0.4_0;0;0_0;0;0_-100;2;5475_-100;2;5475_-100;2;5475,25.6246575342466,Incidence,0.000113444685684808
NbyGQVwzFc_loc12_loop6,12,ITN 0%/IRS 0%/Larvicide 0%,0;0.4;0.4_0;0;0_0;0;0_-100;2;5475_-100;2;5475_-100;2;5475,25.627397260274,Incidence,0.000113517114291841
NbyGQVwzFc_loc12_loop6,12,ITN 0%/IRS 0%/Larvicide 0%,0;0.4;0.4_0;0;0_0;0;0_-100;2;5475_-100;2;5475_-100;2;5475,25.6301369863014,Incidence,0.000113589604296463
NbyGQVwzFc_loc12_loop6,12,ITN 0%/IRS 0%/Larvicide 0%,0;0.4;0.4_0;0;0_0;0;0_-100;2;5475_-100;2;5475_-100;2;5475,25.6328767123288,Incidence,0.000113662155640908
NbyGQVwzFc_loc12_loop6,12,ITN 0%/IRS 0%/Larvicide 0%,0;0.4;0.4_0;0;0_0;0;0_-100;2;5475_-100;2;5475_-100;2;5475,25.6356164383562,Incidence,0.000113734768267244
NbyGQVwzFc_loc12_loop6,12,ITN 0%/IRS 0%/Larvicide 0%,0;0.4;0.4_0;0;0_0;0;0_-100;2;5475_-100;2;5475_-100;2;5475,25.6383561643836,Incidence,0.000113807442117367
NbyGQVwzFc_loc12_loop6,12,ITN 0%/IRS 0%/Larvicide 0%,0;0.4;0.4_0;0;0_0;0;0_-100;2;5475_-100;2;5475_-100;2;5475,25.641095890411,Incidence,0.000113880177133007
NbyGQVwzFc_loc12_loop6,12,ITN 0%/IRS 0%/Larvicide 0%,0;0.4;0.4_0;0;0_0;0;0_-100;2;5475_-100;2;5475_-100;2;5475,25.6438356164384,Incidence,0.000113952973255727
NbyGQVwzFc_loc12_loop6,12,ITN 0%/IRS 0%/Larvicide 0%,0;0.4;0.4_0;0;0_0;0;0_-100;2;5475_-100;2;5475_-100;2;5475,25.6465753424658,Incidence,0.000114025830426924
NbyGQVwzFc_loc12_loop6,12,ITN 0%/IRS 0%/Larvicide 0%,0;0.4;0.4_0;0;0_0;0;0_-100;2;5475_-100;2;5475_-100;2;5475,25.6493150684932,Incidence,0.000114098748588211
NbyGQVwzFc_loc12_loop6,12,ITN 0%/IRS 0%/Larvicide 0%,0;0.4;0.4_0;0;0_0;0;0_-100;2;5475_-100;2;5475_-100;2;5475,25.6520547945206,Incidence,0.000114171727684853
NbyGQVwzFc_loc12_loop6,12,ITN 0%/IRS 0%/Larvicide 0%,0;0.4;0.4_0;0;0_0;0;0_-100;2;5475_-100;2;5475_-100;2;5475,25.654794520548,Incidence,0.00011424476765544
NbyGQVwzFc_loc12_loop6,12,ITN 0%/IRS 0%/Larvicide 0%,0;0.4;0.4_0;0;0_0;0;0_-100;2;5475_-100;2;5475_-100;2;5475,25.6575342465753,Incidence,0.000114317868436247
NbyGQVwzFc_loc12_loop6,12,ITN 0%/IRS 0%/Larvicide 0%,0;0.4;0.4_0;0;0_0;0;0_-100;2;5475_-100;2;5475_-100;2;5475,25.6602739726027,Incidence,0.000114391029963371
NbyGQVwzFc_loc12_loop6,12,ITN 0%/IRS 0%/Larvicide 0%,0;0.4;0.4_0;0;0_0;0;0_-100;2;5475_-100;2;5475_-100;2;5475,25.6630136986301,Incidence,0.000114464252172736
NbyGQVwzFc_loc12_loop6,12,ITN 0%/IRS 0%/Larvicide 0%,0;0.4;0.4_0;0;0_0;0;0_-100;2;5475_-100;2;5475_-100;2;5475,25.6657534246575,Incidence,0.000114537535000091
NbyGQVwzFc_loc12_loop6,12,ITN 0%/IRS 0%/Larvicide 0%,0;0.4;0.4_0;0;0_0;0;0_-100;2;5475_-100;2;5475_-100;2;5475,25.6684931506849,Incidence,0.000114610878381014
NbyGQVwzFc_loc12_loop6,12,ITN 0%/IRS 0%/Larvicide 0%,0;0.4;0.4_0;0;0_0;0;0_-100;2;5475_-100;2;5475_-100;2;5475,25.6712328767123,Incidence,0.000114684282250913
NbyGQVwzFc_loc12_loop6,12,ITN 0%/IRS 0%/Larvicide 0%,0;0.4;0.4_0;0;0_0;0;0_-100;2;5475_-100;2;5475_-100;2;5475,25.6739726027397,Incidence,0.000114757746545026
NbyGQVwzFc_loc12_loop6,12,ITN 0%/IRS 0%/Larvicide 0%,0;0.4;0.4_0;0;0_0;0;0_-100;2;5475_-100;2;5475_-100;2;5475,25.6767123287671,Incidence,0.000114831271198423
NbyGQVwzFc_loc12_loop6,12,ITN 0%/IRS 0%/Larvicide 0%,0;0.4;0.4_0;0;0_0;0;0_-100;2;5475_-100;2;5475_-100;2;5475,25.6794520547945,Incidence,0.000114904856146007
NbyGQVwzFc_loc12_loop6,12,ITN 0%/IRS 0%/Larvicide 0%,0;0.4;0.4_0;0;0_0;0;0_-100;2;5475_-100;2;5475_-100;2;5475,25.6821917808219,Incidence,0.000114978501322516
NbyGQVwzFc_loc12_loop6,12,ITN 0%/IRS 0%/Larvicide 0%,0;0.4;0.4_0;0;0_0;0;0_-100;2;5475_-100;2;5475_-100;2;5475,25.6849315068493,Incidence,0.000115052206662523
NbyGQVwzFc_loc12_loop6,12,ITN 0%/IRS 0%/Larvicide 0%,0;0.4;0.4_0;0;0_0;0;0_-100;2;5475_-100;2;5475_-100;2;5475,25.6876712328767,Incidence,0.000115125972100439
NbyGQVwzFc_loc12_loop6,12,ITN 0%/IRS 0%/Larvicide 0%,0;0.4;0.4_0;0;0_0;0;0_-100;2;5475_-100;2;5475_-100;2;5475,25.6904109589041,Incidence,0.00011519979757051
NbyGQVwzFc_loc12_loop6,12,ITN 0%/IRS 0%/Larvicide 0%,0;0.4;0.4_0;0;0_0;0;0_-100;2;5475_-100;2;5475_-100;2;5475,25.6931506849315,Incidence,0.000115273683006823
NbyGQVwzFc_loc12_loop6,12,ITN 0%/IRS 0%/Larvicide 0%,0;0.4;0.4_0;0;0_0;0;0_-100;2;5475_-100;2;5475_-100;2;5475,25.6958904109589,Incidence,0.000115347628343304
NbyGQVwzFc_loc12_loop6,12,ITN 0%/IRS 0%/Larvicide 0%,0;0.4;0.4_0;0;0_0;0;0_-100;2;5475_-100;2;5475_-100;2;5475,25.6986301369863,Incidence,0.000115421633513721
NbyGQVwzFc_loc12_loop6,12,ITN 0%/IRS 0%/Larvicide 0%,0;0.4;0.4_0;0;0_0;0;0_-100;2;5475_-100;2;5475_-100;2;5475,25.7013698630137,Incidence,0.000115495698451683
NbyGQVwzFc_loc12_loop6,12,ITN 0%/IRS 0%/Larvicide 0%,0;0.4;0.4_0;0;0_0;0;0_-100;2;5475_-100;2;5475_-100;2;5475,25.7041095890411,Incidence,0.000115569823090642
NbyGQVwzFc_loc12_loop6,12,ITN 0%/IRS 0%/Larvicide 0%,0;0.4;0.4_0;0;0_0;0;0_-100;2;5475_-100;2;5475_-100;2;5475,25.7068493150685,Incidence,0.000115644007363894
NbyGQVwzFc_loc12_loop6,12,ITN 0%/IRS 0%/Larvicide 0%,0;0.4;0.4_0;0;0_0;0;0_-100;2;5475_-100;2;5475_-100;2;5475,25.7095890410959,Incidence,0.000115718251204579
NbyGQVwzFc_loc12_loop6,12,ITN 0%/IRS 0%/Larvicide 0%,0;0.4;0.4_0;0;0_0;0;0_-100;2;5475_-100;2;5475_-100;2;5475,25.7123287671233,Incidence,0.000115792554545685
NbyGQVwzFc_loc12_loop6,12,ITN 0%/IRS 0%/Larvicide 0%,0;0.4;0.4_0;0;0_0;0;0_-100;2;5475_-100;2;5475_-100;2;5475,25.7150684931507,Incidence,0.000115866917320044
NbyGQVwzFc_loc12_loop6,12,ITN 0%/IRS 0%/Larvicide 0%,0;0.4;0.4_0;0;0_0;0;0_-100;2;5475_-100;2;5475_-100;2;5475,25.7178082191781,Incidence,0.000115941339460337
NbyGQVwzFc_loc12_loop6,12,ITN 0%/IRS 0%/Larvicide 0%,0;0.4;0.4_0;0;0_0;0;0_-100;2;5475_-100;2;5475_-100;2;5475,25.7205479452055,Incidence,0.000116015820899091
NbyGQVwzFc_loc12_loop6,12,ITN 0%/IRS 0%/Larvicide 0%,0;0.4;0.4_0;0;0_0;0;0_-100;2;5475_-100;2;5475_-100;2;5475,25.7232876712329,Incidence,0.000116090361568685
NbyGQVwzFc_loc12_loop6,12,ITN 0%/IRS 0%/Larvicide 0%,0;0.4;0.4_0;0;0_0;0;0_-100;2;5475_-100;2;5475_-100;2;5475,25.7260273972603,Incidence,0.000116164961401896
NbyGQVwzFc_loc12_loop6,12,ITN 0%/IRS 0%/Larvicide 0%,0;0.4;0.4_0;0;0_0;0;0_-100;2;5475_-100;2;5475_-100;2;5475,25.7287671232877,Incidence,0.000116239620334311
NbyGQVwzFc_loc12_loop6,12,ITN 0%/IRS 0%/Larvicide 0%,0;0.4;0.4_0;0;0_0;0;0_-100;2;5475_-100;2;5475_-100;2;5475,25.7315068493151,Incidence,0.000116314338294965
NbyGQVwzFc_loc12_loop6,12,ITN 0%/IRS 0%/Larvicide 0%,0;0.4;0.4_0;0;0_0;0;0_-100;2;5475_-100;2;5475_-100;2;5475,25.7342465753425,Incidence,0.000116389115211311
NbyGQVwzFc_loc12_loop6,12,ITN 0%/IRS 0%/Larvicide 0%,0;0.4;0.4_0;0;0_0;0;0_-100;2;5475_-100;2;5475_-100;2;5475,25.7369863013699,Incidence,0.000116463951010647
NbyGQVwzFc_loc12_loop6,12,ITN 0%/IRS 0%/Larvicide 0%,0;0.4;0.4_0;0;0_0;0;0_-100;2;5475_-100;2;5475_-100;2;5475,25.7397260273973,Incidence,0.000116538845620113
NbyGQVwzFc_loc12_loop6,12,ITN 0%/IRS 0%/Larvicide 0%,0;0.4;0.4_0;0;0_0;0;0_-100;2;5475_-100;2;5475_-100;2;5475,25.7424657534247,Incidence,0.000116613798966694
NbyGQVwzFc_loc12_loop6,12,ITN 0%/IRS 0%/Larvicide 0%,0;0.4;0.4_0;0;0_0;0;0_-100;2;5475_-100;2;5475_-100;2;5475,25.7452054794521,Incidence,0.00011668881097722
NbyGQVwzFc_loc12_loop6,12,ITN 0%/IRS 0%/Larvicide 0%,0;0.4;0.4_0;0;0_0;0;0_-100;2;5475_-100;2;5475_-100;2;5475,25.7479452054795,Incidence,0.000116763881578369
NbyGQVwzFc_loc12_loop6,12,ITN 0%/IRS 0%/Larvicide 0%,0;0.4;0.4_0;0;0_0;0;0_-100;2;5475_-100;2;5475_-100;2;5475,25.7506849315069,Incidence,0.000116839010696664
NbyGQVwzFc_loc12_loop6,12,ITN 0%/IRS 0%/Larvicide 0%,0;0.4;0.4_0;0;0_0;0;0_-100;2;5475_-100;2;5475_-100;2;5475,25.7534246575342,Incidence,0.000116914198258479
NbyGQVwzFc_loc12_loop6,12,ITN 0%/IRS 0%/Larvicide 0%,0;0.4;0.4_0;0;0_0;0;0_-100;2;5475_-100;2;5475_-100;2;5475,25.7561643835616,Incidence,0.000116989444190034
NbyGQVwzFc_loc12_loop6,12,ITN 0%/IRS 0%/Larvicide 0%,0;0.4;0.4_0;0;0_0;0;0_-100;2;5475_-100;2;5475_-100;2;5475,25.758904109589,Incidence,0.000117064748417401
NbyGQVwzFc_loc12_loop6,12,ITN 0%/IRS 0%/Larvicide 0%,0;0.4;0.4_0;0;0_0;0;0_-100;2;5475_-100;2;5475_-100;2;5475,25.7616438356164,Incidence,0.000117140110866503
NbyGQVwzFc_loc12_loop6,12,ITN 0%/IRS 0%/Larvicide 0%,0;0.4;0.4_0;0;0_0;0;0_-100;2;5475_-100;2;5475_-100;2;5475,25.7643835616438,Incidence,0.000117215531463113
NbyGQVwzFc_loc12_loop6,12,ITN 0%/IRS 0%/Larvicide 0%,0;0.4;0.4_0;0;0_0;0;0_-100;2;5475_-100;2;5475_-100;2;5475,25.7671232876712,Incidence,0.000117291010132859
NbyGQVwzFc_loc12_loop6,12,ITN 0%/IRS 0%/Larvicide 0%,0;0.4;0.4_0;0;0_0;0;0_-100;2;5475_-100;2;5475_-100;2;5475,25.7698630136986,Incidence,0.000117366546801221
NbyGQVwzFc_loc12_loop6,12,ITN 0%/IRS 0%/Larvicide 0%,0;0.4;0.4_0;0;0_0;0;0_-100;2;5475_-100;2;5475_-100;2;5475,25.772602739726,Incidence,0.000117442141393532
NbyGQVwzFc_loc12_loop6,12,ITN 0%/IRS 0%/Larvicide 0%,0;0.4;0.4_0;0;0_0;0;0_-100;2;5475_-100;2;5475_-100;2;5475,25.7753424657534,Incidence,0.00011751779383498
NbyGQVwzFc_loc12_loop6,12,ITN 0%/IRS 0%/Larvicide 0%,0;0.4;0.4_0;0;0_0;0;0_-100;2;5475_-100;2;5475_-100;2;5475,25.7780821917808,Incidence,0.000117593504050609
NbyGQVwzFc_loc12_loop6,12,ITN 0%/IRS 0%/Larvicide 0%,0;0.4;0.4_0;0;0_0;0;0_-100;2;5475_-100;2;5475_-100;2;5475,25.7808219178082,Incidence,0.00011766927196532
NbyGQVwzFc_loc12_loop6,12,ITN 0%/IRS 0%/Larvicide 0%,0;0.4;0.4_0;0;0_0;0;0_-100;2;5475_-100;2;5475_-100;2;5475,25.7835616438356,Incidence,0.000117745097503868
NbyGQVwzFc_loc12_loop6,12,ITN 0%/IRS 0%/Larvicide 0%,0;0.4;0.4_0;0;0_0;0;0_-100;2;5475_-100;2;5475_-100;2;5475,25.786301369863,Incidence,0.000117820980590869
NbyGQVwzFc_loc12_loop6,12,ITN 0%/IRS 0%/Larvicide 0%,0;0.4;0.4_0;0;0_0;0;0_-100;2;5475_-100;2;5475_-100;2;5475,25.7890410958904,Incidence,0.000117896921150794
NbyGQVwzFc_loc12_loop6,12,ITN 0%/IRS 0%/Larvicide 0%,0;0.4;0.4_0;0;0_0;0;0_-100;2;5475_-100;2;5475_-100;2;5475,25.7917808219178,Incidence,0.000117972919107975
NbyGQVwzFc_loc12_loop6,12,ITN 0%/IRS 0%/Larvicide 0%,0;0.4;0.4_0;0;0_0;0;0_-100;2;5475_-100;2;5475_-100;2;5475,25.7945205479452,Incidence,0.0001180489743866
NbyGQVwzFc_loc12_loop6,12,ITN 0%/IRS 0%/Larvicide 0%,0;0.4;0.4_0;0;0_0;0;0_-100;2;5475_-100;2;5475_-100;2;5475,25.7972602739726,Incidence,0.000118125086910719
NbyGQVwzFc_loc12_loop6,12,ITN 0%/IRS 0%/Larvicide 0%,0;0.4;0.4_0;0;0_0;0;0_-100;2;5475_-100;2;5475_-100;2;5475,25.8,Incidence,0.000118201256604243
NbyGQVwzFc_loc12_loop6,12,ITN 0%/IRS 0%/Larvicide 0%,0;0.4;0.4_0;0;0_0;0;0_-100;2;5475_-100;2;5475_-100;2;5475,25.8027397260274,Incidence,0.000118277483390941
NbyGQVwzFc_loc12_loop6,12,ITN 0%/IRS 0%/Larvicide 0%,0;0.4;0.4_0;0;0_0;0;0_-100;2;5475_-100;2;5475_-100;2;5475,25.8054794520548,Incidence,0.000118353767195132
NbyGQVwzFc_loc12_loop6,12,ITN 0%/IRS 0%/Larvicide 0%,0;0.4;0.4_0;0;0_0;0;0_-100;2;5475_-100;2;5475_-100;2;5475,25.8082191780822,Incidence,0.000118430107943058
NbyGQVwzFc_loc12_loop6,12,ITN 0%/IRS 0%/Larvicide 0%,0;0.4;0.4_0;0;0_0;0;0_-100;2;5475_-100;2;5475_-100;2;5475,25.8109589041096,Incidence,0.000118506505554855
NbyGQVwzFc_loc12_loop6,12,ITN 0%/IRS 0%/Larvicide 0%,0;0.4;0.4_0;0;0_0;0;0_-100;2;5475_-100;2;5475_-100;2;5475,25.813698630137,Incidence,0.000118582959949599
NbyGQVwzFc_loc12_loop6,12,ITN 0%/IRS 0%/Larvicide 0%,0;0.4;0.4_0;0;0_0;0;0_-100;2;5475_-100;2;5475_-100;2;5475,25.8164383561644,Incidence,0.000118659471046225
NbyGQVwzFc_loc12_loop6,12,ITN 0%/IRS 0%/Larvicide 0%,0;0.4;0.4_0;0;0_0;0;0_-100;2;5475_-100;2;5475_-100;2;5475,25.8191780821918,Incidence,0.000118736038763526
NbyGQVwzFc_loc12_loop6,12,ITN 0%/IRS 0%/Larvicide 0%,0;0.4;0.4_0;0;0_0;0;0_-100;2;5475_-100;2;5475_-100;2;5475,25.8219178082192,Incidence,0.000118812663020153
NbyGQVwzFc_loc12_loop6,12,ITN 0%/IRS 0%/Larvicide 0%,0;0.4;0.4_0;0;0_0;0;0_-100;2;5475_-100;2;5475_-100;2;5475,25.8246575342466,Incidence,0.000118889343734621
NbyGQVwzFc_loc12_loop6,12,ITN 0%/IRS 0%/Larvicide 0%,0;0.4;0.4_0;0;0_0;0;0_-100;2;5475_-100;2;5475_-100;2;5475,25.827397260274,Incidence,0.000118966080825302
NbyGQVwzFc_loc12_loop6,12,ITN 0%/IRS 0%/Larvicide 0%,0;0.4;0.4_0;0;0_0;0;0_-100;2;5475_-100;2;5475_-100;2;5475,25.8301369863014,Incidence,0.000119042874210431
NbyGQVwzFc_loc12_loop6,12,ITN 0%/IRS 0%/Larvicide 0%,0;0.4;0.4_0;0;0_0;0;0_-100;2;5475_-100;2;5475_-100;2;5475,25.8328767123288,Incidence,0.000119119723808106
NbyGQVwzFc_loc12_loop6,12,ITN 0%/IRS 0%/Larvicide 0%,0;0.4;0.4_0;0;0_0;0;0_-100;2;5475_-100;2;5475_-100;2;5475,25.8356164383562,Incidence,0.000119196629536285
NbyGQVwzFc_loc12_loop6,12,ITN 0%/IRS 0%/Larvicide 0%,0;0.4;0.4_0;0;0_0;0;0_-100;2;5475_-100;2;5475_-100;2;5475,25.8383561643836,Incidence,0.000119273591312793
NbyGQVwzFc_loc12_loop6,12,ITN 0%/IRS 0%/Larvicide 0%,0;0.4;0.4_0;0;0_0;0;0_-100;2;5475_-100;2;5475_-100;2;5475,25.841095890411,Incidence,0.000119350609055315
NbyGQVwzFc_loc12_loop6,12,ITN 0%/IRS 0%/Larvicide 0%,0;0.4;0.4_0;0;0_0;0;0_-100;2;5475_-100;2;5475_-100;2;5475,25.8438356164384,Incidence,0.000119427682681405
NbyGQVwzFc_loc12_loop6,12,ITN 0%/IRS 0%/Larvicide 0%,0;0.4;0.4_0;0;0_0;0;0_-100;2;5475_-100;2;5475_-100;2;5475,25.8465753424658,Incidence,0.000119504812108477
NbyGQVwzFc_loc12_loop6,12,ITN 0%/IRS 0%/Larvicide 0%,0;0.4;0.4_0;0;0_0;0;0_-100;2;5475_-100;2;5475_-100;2;5475,25.8493150684932,Incidence,0.000119581997253815
NbyGQVwzFc_loc12_loop6,12,ITN 0%/IRS 0%/Larvicide 0%,0;0.4;0.4_0;0;0_0;0;0_-100;2;5475_-100;2;5475_-100;2;5475,25.8520547945206,Incidence,0.000119659238034567
NbyGQVwzFc_loc12_loop6,12,ITN 0%/IRS 0%/Larvicide 0%,0;0.4;0.4_0;0;0_0;0;0_-100;2;5475_-100;2;5475_-100;2;5475,25.854794520548,Incidence,0.000119736534367747
NbyGQVwzFc_loc12_loop6,12,ITN 0%/IRS 0%/Larvicide 0%,0;0.4;0.4_0;0;0_0;0;0_-100;2;5475_-100;2;5475_-100;2;5475,25.8575342465753,Incidence,0.000119813886170237
NbyGQVwzFc_loc12_loop6,12,ITN 0%/IRS 0%/Larvicide 0%,0;0.4;0.4_0;0;0_0;0;0_-100;2;5475_-100;2;5475_-100;2;5475,25.8602739726027,Incidence,0.000119891293358786
NbyGQVwzFc_loc12_loop6,12,ITN 0%/IRS 0%/Larvicide 0%,0;0.4;0.4_0;0;0_0;0;0_-100;2;5475_-100;2;5475_-100;2;5475,25.8630136986301,Incidence,0.000119968755850012
NbyGQVwzFc_loc12_loop6,12,ITN 0%/IRS 0%/Larvicide 0%,0;0.4;0.4_0;0;0_0;0;0_-100;2;5475_-100;2;5475_-100;2;5475,25.8657534246575,Incidence,0.0001200462735604
NbyGQVwzFc_loc12_loop6,12,ITN 0%/IRS 0%/Larvicide 0%,0;0.4;0.4_0;0;0_0;0;0_-100;2;5475_-100;2;5475_-100;2;5475,25.8684931506849,Incidence,0.000120123846406305
NbyGQVwzFc_loc12_loop6,12,ITN 0%/IRS 0%/Larvicide 0%,0;0.4;0.4_0;0;0_0;0;0_-100;2;5475_-100;2;5475_-100;2;5475,25.8712328767123,Incidence,0.00012020147430395
NbyGQVwzFc_loc12_loop6,12,ITN 0%/IRS 0%/Larvicide 0%,0;0.4;0.4_0;0;0_0;0;0_-100;2;5475_-100;2;5475_-100;2;5475,25.8739726027397,Incidence,0.00012027915716943
NbyGQVwzFc_loc12_loop6,12,ITN 0%/IRS 0%/Larvicide 0%,0;0.4;0.4_0;0;0_0;0;0_-100;2;5475_-100;2;5475_-100;2;5475,25.8767123287671,Incidence,0.000120356894918706
NbyGQVwzFc_loc12_loop6,12,ITN 0%/IRS 0%/Larvicide 0%,0;0.4;0.4_0;0;0_0;0;0_-100;2;5475_-100;2;5475_-100;2;5475,25.8794520547945,Incidence,0.000120434687467613
NbyGQVwzFc_loc12_loop6,12,ITN 0%/IRS 0%/Larvicide 0%,0;0.4;0.4_0;0;0_0;0;0_-100;2;5475_-100;2;5475_-100;2;5475,25.8821917808219,Incidence,0.000120512534731854
NbyGQVwzFc_loc12_loop6,12,ITN 0%/IRS 0%/Larvicide 0%,0;0.4;0.4_0;0;0_0;0;0_-100;2;5475_-100;2;5475_-100;2;5475,25.8849315068493,Incidence,0.000120590436627004
NbyGQVwzFc_loc12_loop6,12,ITN 0%/IRS 0%/Larvicide 0%,0;0.4;0.4_0;0;0_0;0;0_-100;2;5475_-100;2;5475_-100;2;5475,25.8876712328767,Incidence,0.000120668393069071
NbyGQVwzFc_loc12_loop6,12,ITN 0%/IRS 0%/Larvicide 0%,0;0.4;0.4_0;0;0_0;0;0_-100;2;5475_-100;2;5475_-100;2;5475,25.8904109589041,Incidence,0.00012074640397564
NbyGQVwzFc_loc12_loop6,12,ITN 0%/IRS 0%/Larvicide 0%,0;0.4;0.4_0;0;0_0;0;0_-100;2;5475_-100;2;5475_-100;2;5475,25.8931506849315,Incidence,0.000120824469258832
NbyGQVwzFc_loc12_loop6,12,ITN 0%/IRS 0%/Larvicide 0%,0;0.4;0.4_0;0;0_0;0;0_-100;2;5475_-100;2;5475_-100;2;5475,25.8958904109589,Incidence,0.000120902588829783
NbyGQVwzFc_loc12_loop6,12,ITN 0%/IRS 0%/Larvicide 0%,0;0.4;0.4_0;0;0_0;0;0_-100;2;5475_-100;2;5475_-100;2;5475,25.8986301369863,Incidence,0.0001209807625995
NbyGQVwzFc_loc12_loop6,12,ITN 0%/IRS 0%/Larvicide 0%,0;0.4;0.4_0;0;0_0;0;0_-100;2;5475_-100;2;5475_-100;2;5475,25.9013698630137,Incidence,0.000121058990478864
NbyGQVwzFc_loc12_loop6,12,ITN 0%/IRS 0%/Larvicide 0%,0;0.4;0.4_0;0;0_0;0;0_-100;2;5475_-100;2;5475_-100;2;5475,25.9041095890411,Incidence,0.000121137272378626
NbyGQVwzFc_loc12_loop6,12,ITN 0%/IRS 0%/Larvicide 0%,0;0.4;0.4_0;0;0_0;0;0_-100;2;5475_-100;2;5475_-100;2;5475,25.9068493150685,Incidence,0.000121215608209411
NbyGQVwzFc_loc12_loop6,12,ITN 0%/IRS 0%/Larvicide 0%,0;0.4;0.4_0;0;0_0;0;0_-100;2;5475_-100;2;5475_-100;2;5475,25.9095890410959,Incidence,0.000121293997881718
NbyGQVwzFc_loc12_loop6,12,ITN 0%/IRS 0%/Larvicide 0%,0;0.4;0.4_0;0;0_0;0;0_-100;2;5475_-100;2;5475_-100;2;5475,25.9123287671233,Incidence,0.000121372441305918
NbyGQVwzFc_loc12_loop6,12,ITN 0%/IRS 0%/Larvicide 0%,0;0.4;0.4_0;0;0_0;0;0_-100;2;5475_-100;2;5475_-100;2;5475,25.9150684931507,Incidence,0.00012145093839226
NbyGQVwzFc_loc12_loop6,12,ITN 0%/IRS 0%/Larvicide 0%,0;0.4;0.4_0;0;0_0;0;0_-100;2;5475_-100;2;5475_-100;2;5475,25.9178082191781,Incidence,0.000121529489050863
NbyGQVwzFc_loc12_loop6,12,ITN 0%/IRS 0%/Larvicide 0%,0;0.4;0.4_0;0;0_0;0;0_-100;2;5475_-100;2;5475_-100;2;5475,25.9205479452055,Incidence,0.000121608093191725
NbyGQVwzFc_loc12_loop6,12,ITN 0%/IRS 0%/Larvicide 0%,0;0.4;0.4_0;0;0_0;0;0_-100;2;5475_-100;2;5475_-100;2;5475,25.9232876712329,Incidence,0.000121686750724719
NbyGQVwzFc_loc12_loop6,12,ITN 0%/IRS 0%/Larvicide 0%,0;0.4;0.4_0;0;0_0;0;0_-100;2;5475_-100;2;5475_-100;2;5475,25.9260273972603,Incidence,0.000121765461559591
NbyGQVwzFc_loc12_loop6,12,ITN 0%/IRS 0%/Larvicide 0%,0;0.4;0.4_0;0;0_0;0;0_-100;2;5475_-100;2;5475_-100;2;5475,25.9287671232877,Incidence,0.000121844225605967
NbyGQVwzFc_loc12_loop6,12,ITN 0%/IRS 0%/Larvicide 0%,0;0.4;0.4_0;0;0_0;0;0_-100;2;5475_-100;2;5475_-100;2;5475,25.9315068493151,Incidence,0.000121923042773347
NbyGQVwzFc_loc12_loop6,12,ITN 0%/IRS 0%/Larvicide 0%,0;0.4;0.4_0;0;0_0;0;0_-100;2;5475_-100;2;5475_-100;2;5475,25.9342465753425,Incidence,0.00012200191297111
NbyGQVwzFc_loc12_loop6,12,ITN 0%/IRS 0%/Larvicide 0%,0;0.4;0.4_0;0;0_0;0;0_-100;2;5475_-100;2;5475_-100;2;5475,25.9369863013699,Incidence,0.000122080836108511
NbyGQVwzFc_loc12_loop6,12,ITN 0%/IRS 0%/Larvicide 0%,0;0.4;0.4_0;0;0_0;0;0_-100;2;5475_-100;2;5475_-100;2;5475,25.9397260273973,Incidence,0.000122159812094684
NbyGQVwzFc_loc12_loop6,12,ITN 0%/IRS 0%/Larvicide 0%,0;0.4;0.4_0;0;0_0;0;0_-100;2;5475_-100;2;5475_-100;2;5475,25.9424657534247,Incidence,0.000122238840838639
NbyGQVwzFc_loc12_loop6,12,ITN 0%/IRS 0%/Larvicide 0%,0;0.4;0.4_0;0;0_0;0;0_-100;2;5475_-100;2;5475_-100;2;5475,25.9452054794521,Incidence,0.000122317922249266
NbyGQVwzFc_loc12_loop6,12,ITN 0%/IRS 0%/Larvicide 0%,0;0.4;0.4_0;0;0_0;0;0_-100;2;5475_-100;2;5475_-100;2;5475,25.9479452054795,Incidence,0.000122397056235333
NbyGQVwzFc_loc12_loop6,12,ITN 0%/IRS 0%/Larvicide 0%,0;0.4;0.4_0;0;0_0;0;0_-100;2;5475_-100;2;5475_-100;2;5475,25.9506849315069,Incidence,0.000122476242705486
NbyGQVwzFc_loc12_loop6,12,ITN 0%/IRS 0%/Larvicide 0%,0;0.4;0.4_0;0;0_0;0;0_-100;2;5475_-100;2;5475_-100;2;5475,25.9534246575343,Incidence,0.000122555481568252
NbyGQVwzFc_loc12_loop6,12,ITN 0%/IRS 0%/Larvicide 0%,0;0.4;0.4_0;0;0_0;0;0_-100;2;5475_-100;2;5475_-100;2;5475,25.9561643835616,Incidence,0.000122634772732035
NbyGQVwzFc_loc12_loop6,12,ITN 0%/IRS 0%/Larvicide 0%,0;0.4;0.4_0;0;0_0;0;0_-100;2;5475_-100;2;5475_-100;2;5475,25.958904109589,Incidence,0.00012271411610512
NbyGQVwzFc_loc12_loop6,12,ITN 0%/IRS 0%/Larvicide 0%,0;0.4;0.4_0;0;0_0;0;0_-100;2;5475_-100;2;5475_-100;2;5475,25.9616438356164,Incidence,0.000122793511595673
NbyGQVwzFc_loc12_loop6,12,ITN 0%/IRS 0%/Larvicide 0%,0;0.4;0.4_0;0;0_0;0;0_-100;2;5475_-100;2;5475_-100;2;5475,25.9643835616438,Incidence,0.000122872959111737
NbyGQVwzFc_loc12_loop6,12,ITN 0%/IRS 0%/Larvicide 0%,0;0.4;0.4_0;0;0_0;0;0_-100;2;5475_-100;2;5475_-100;2;5475,25.9671232876712,Incidence,0.000122952458561237
NbyGQVwzFc_loc12_loop6,12,ITN 0%/IRS 0%/Larvicide 0%,0;0.4;0.4_0;0;0_0;0;0_-100;2;5475_-100;2;5475_-100;2;5475,25.9698630136986,Incidence,0.000123032009851978
NbyGQVwzFc_loc12_loop6,12,ITN 0%/IRS 0%/Larvicide 0%,0;0.4;0.4_0;0;0_0;0;0_-100;2;5475_-100;2;5475_-100;2;5475,25.972602739726,Incidence,0.000123111612891796
NbyGQVwzFc_loc12_loop6,12,ITN 0%/IRS 0%/Larvicide 0%,0;0.4;0.4_0;0;0_0;0;0_-100;2;5475_-100;2;5475_-100;2;5475,25.9753424657534,Incidence,0.000123191267590358
NbyGQVwzFc_loc12_loop6,12,ITN 0%/IRS 0%/Larvicide 0%,0;0.4;0.4_0;0;0_0;0;0_-100;2;5475_-100;2;5475_-100;2;5475,25.9780821917808,Incidence,0.000123270973852973
NbyGQVwzFc_loc12_loop6,12,ITN 0%/IRS 0%/Larvicide 0%,0;0.4;0.4_0;0;0_0;0;0_-100;2;5475_-100;2;5475_-100;2;5475,25.9808219178082,Incidence,0.000123350731583287
NbyGQVwzFc_loc12_loop6,12,ITN 0%/IRS 0%/Larvicide 0%,0;0.4;0.4_0;0;0_0;0;0_-100;2;5475_-100;2;5475_-100;2;5475,25.9835616438356,Incidence,0.000123430540684828
NbyGQVwzFc_loc12_loop6,12,ITN 0%/IRS 0%/Larvicide 0%,0;0.4;0.4_0;0;0_0;0;0_-100;2;5475_-100;2;5475_-100;2;5475,25.986301369863,Incidence,0.000123510401061012
NbyGQVwzFc_loc12_loop6,12,ITN 0%/IRS 0%/Larvicide 0%,0;0.4;0.4_0;0;0_0;0;0_-100;2;5475_-100;2;5475_-100;2;5475,25.9890410958904,Incidence,0.000123590312615135
NbyGQVwzFc_loc12_loop6,12,ITN 0%/IRS 0%/Larvicide 0%,0;0.4;0.4_0;0;0_0;0;0_-100;2;5475_-100;2;5475_-100;2;5475,25.9917808219178,Incidence,0.000123670275250382
NbyGQVwzFc_loc12_loop6,12,ITN 0%/IRS 0%/Larvicide 0%,0;0.4;0.4_0;0;0_0;0;0_-100;2;5475_-100;2;5475_-100;2;5475,25.9945205479452,Incidence,0.000123750288869819
NbyGQVwzFc_loc12_loop6,12,ITN 0%/IRS 0%/Larvicide 0%,0;0.4;0.4_0;0;0_0;0;0_-100;2;5475_-100;2;5475_-100;2;5475,25.9972602739726,Incidence,0.0001238303533764
NbyGQVwzFc_loc12_loop6,12,ITN 0%/IRS 0%/Larvicide 0%,0;0.4;0.4_0;0;0_0;0;0_-100;2;5475_-100;2;5475_-100;2;5475,26,Incidence,0.000123910468672966
NbyGQVwzFc_loc12_loop6,12,ITN 0%/IRS 0%/Larvicide 0%,0;0.4;0.4_0;0;0_0;0;0_-100;2;5475_-100;2;5475_-100;2;5475,26.0027397260274,Incidence,0.00012399063466224
NbyGQVwzFc_loc12_loop6,12,ITN 0%/IRS 0%/Larvicide 0%,0;0.4;0.4_0;0;0_0;0;0_-100;2;5475_-100;2;5475_-100;2;5475,26.0054794520548,Incidence,0.000124070851246835
NbyGQVwzFc_loc12_loop6,12,ITN 0%/IRS 0%/Larvicide 0%,0;0.4;0.4_0;0;0_0;0;0_-100;2;5475_-100;2;5475_-100;2;5475,26.0082191780822,Incidence,0.000124151118329249
NbyGQVwzFc_loc12_loop6,12,ITN 0%/IRS 0%/Larvicide 0%,0;0.4;0.4_0;0;0_0;0;0_-100;2;5475_-100;2;5475_-100;2;5475,26.0109589041096,Incidence,0.000124231435811866
NbyGQVwzFc_loc12_loop6,12,ITN 0%/IRS 0%/Larvicide 0%,0;0.4;0.4_0;0;0_0;0;0_-100;2;5475_-100;2;5475_-100;2;5475,26.013698630137,Incidence,0.00012431180359696
NbyGQVwzFc_loc12_loop6,12,ITN 0%/IRS 0%/Larvicide 0%,0;0.4;0.4_0;0;0_0;0;0_-100;2;5475_-100;2;5475_-100;2;5475,26.0164383561644,Incidence,0.00012439222158669
NbyGQVwzFc_loc12_loop6,12,ITN 0%/IRS 0%/Larvicide 0%,0;0.4;0.4_0;0;0_0;0;0_-100;2;5475_-100;2;5475_-100;2;5475,26.0191780821918,Incidence,0.000124472689683103
NbyGQVwzFc_loc12_loop6,12,ITN 0%/IRS 0%/Larvicide 0%,0;0.4;0.4_0;0;0_0;0;0_-100;2;5475_-100;2;5475_-100;2;5475,26.0219178082192,Incidence,0.000124553207788133
NbyGQVwzFc_loc12_loop6,12,ITN 0%/IRS 0%/Larvicide 0%,0;0.4;0.4_0;0;0_0;0;0_-100;2;5475_-100;2;5475_-100;2;5475,26.0246575342466,Incidence,0.000124633775803605
NbyGQVwzFc_loc12_loop6,12,ITN 0%/IRS 0%/Larvicide 0%,0;0.4;0.4_0;0;0_0;0;0_-100;2;5475_-100;2;5475_-100;2;5475,26.027397260274,Incidence,0.000124714393631229
NbyGQVwzFc_loc12_loop6,12,ITN 0%/IRS 0%/Larvicide 0%,0;0.4;0.4_0;0;0_0;0;0_-100;2;5475_-100;2;5475_-100;2;5475,26.0301369863014,Incidence,0.000124795061172605
NbyGQVwzFc_loc12_loop6,12,ITN 0%/IRS 0%/Larvicide 0%,0;0.4;0.4_0;0;0_0;0;0_-100;2;5475_-100;2;5475_-100;2;5475,26.0328767123288,Incidence,0.00012487577832922
NbyGQVwzFc_loc12_loop6,12,ITN 0%/IRS 0%/Larvicide 0%,0;0.4;0.4_0;0;0_0;0;0_-100;2;5475_-100;2;5475_-100;2;5475,26.0356164383562,Incidence,0.000124956545002307
NbyGQVwzFc_loc12_loop6,12,ITN 0%/IRS 0%/Larvicide 0%,0;0.4;0.4_0;0;0_0;0;0_-100;2;5475_-100;2;5475_-100;2;5475,26.0383561643836,Incidence,0.000125037361092324
NbyGQVwzFc_loc12_loop6,12,ITN 0%/IRS 0%/Larvicide 0%,0;0.4;0.4_0;0;0_0;0;0_-100;2;5475_-100;2;5475_-100;2;5475,26.041095890411,Incidence,0.000125118226503257
NbyGQVwzFc_loc12_loop6,12,ITN 0%/IRS 0%/Larvicide 0%,0;0.4;0.4_0;0;0_0;0;0_-100;2;5475_-100;2;5475_-100;2;5475,26.0438356164384,Incidence,0.000125199141133819
NbyGQVwzFc_loc12_loop6,12,ITN 0%/IRS 0%/Larvicide 0%,0;0.4;0.4_0;0;0_0;0;0_-100;2;5475_-100;2;5475_-100;2;5475,26.0465753424658,Incidence,0.000125280104884505
NbyGQVwzFc_loc12_loop6,12,ITN 0%/IRS 0%/Larvicide 0%,0;0.4;0.4_0;0;0_0;0;0_-100;2;5475_-100;2;5475_-100;2;5475,26.0493150684932,Incidence,0.000125361117657854
NbyGQVwzFc_loc12_loop6,12,ITN 0%/IRS 0%/Larvicide 0%,0;0.4;0.4_0;0;0_0;0;0_-100;2;5475_-100;2;5475_-100;2;5475,26.0520547945205,Incidence,0.000125442179353766
NbyGQVwzFc_loc12_loop6,12,ITN 0%/IRS 0%/Larvicide 0%,0;0.4;0.4_0;0;0_0;0;0_-100;2;5475_-100;2;5475_-100;2;5475,26.0547945205479,Incidence,0.000125523289872318
NbyGQVwzFc_loc12_loop6,12,ITN 0%/IRS 0%/Larvicide 0%,0;0.4;0.4_0;0;0_0;0;0_-100;2;5475_-100;2;5475_-100;2;5475,26.0575342465753,Incidence,0.000125604449115863
NbyGQVwzFc_loc12_loop6,12,ITN 0%/IRS 0%/Larvicide 0%,0;0.4;0.4_0;0;0_0;0;0_-100;2;5475_-100;2;5475_-100;2;5475,26.0602739726027,Incidence,0.000125685656983965
NbyGQVwzFc_loc12_loop6,12,ITN 0%/IRS 0%/Larvicide 0%,0;0.4;0.4_0;0;0_0;0;0_-100;2;5475_-100;2;5475_-100;2;5475,26.0630136986301,Incidence,0.000125766913373732
NbyGQVwzFc_loc12_loop6,12,ITN 0%/IRS 0%/Larvicide 0%,0;0.4;0.4_0;0;0_0;0;0_-100;2;5475_-100;2;5475_-100;2;5475,26.0657534246575,Incidence,0.000125848218190944
NbyGQVwzFc_loc12_loop6,12,ITN 0%/IRS 0%/Larvicide 0%,0;0.4;0.4_0;0;0_0;0;0_-100;2;5475_-100;2;5475_-100;2;5475,26.0684931506849,Incidence,0.000125929571292475
NbyGQVwzFc_loc12_loop6,12,ITN 0%/IRS 0%/Larvicide 0%,0;0.4;0.4_0;0;0_0;0;0_-100;2;5475_-100;2;5475_-100;2;5475,26.0712328767123,Incidence,0.000126010972673529
NbyGQVwzFc_loc12_loop6,12,ITN 0%/IRS 0%/Larvicide 0%,0;0.4;0.4_0;0;0_0;0;0_-100;2;5475_-100;2;5475_-100;2;5475,26.0739726027397,Incidence,0.000126092422162994
NbyGQVwzFc_loc12_loop6,12,ITN 0%/IRS 0%/Larvicide 0%,0;0.4;0.4_0;0;0_0;0;0_-100;2;5475_-100;2;5475_-100;2;5475,26.0767123287671,Incidence,0.00012617391963138
NbyGQVwzFc_loc12_loop6,12,ITN 0%/IRS 0%/Larvicide 0%,0;0.4;0.4_0;0;0_0;0;0_-100;2;5475_-100;2;5475_-100;2;5475,26.0794520547945,Incidence,0.000126255465031891
NbyGQVwzFc_loc12_loop6,12,ITN 0%/IRS 0%/Larvicide 0%,0;0.4;0.4_0;0;0_0;0;0_-100;2;5475_-100;2;5475_-100;2;5475,26.0821917808219,Incidence,0.000126337058241937
NbyGQVwzFc_loc12_loop6,12,ITN 0%/IRS 0%/Larvicide 0%,0;0.4;0.4_0;0;0_0;0;0_-100;2;5475_-100;2;5475_-100;2;5475,26.0849315068493,Incidence,0.000126418699136136
NbyGQVwzFc_loc12_loop6,12,ITN 0%/IRS 0%/Larvicide 0%,0;0.4;0.4_0;0;0_0;0;0_-100;2;5475_-100;2;5475_-100;2;5475,26.0876712328767,Incidence,0.000126500387634037
NbyGQVwzFc_loc12_loop6,12,ITN 0%/IRS 0%/Larvicide 0%,0;0.4;0.4_0;0;0_0;0;0_-100;2;5475_-100;2;5475_-100;2;5475,26.0904109589041,Incidence,0.000126582123632336
NbyGQVwzFc_loc12_loop6,12,ITN 0%/IRS 0%/Larvicide 0%,0;0.4;0.4_0;0;0_0;0;0_-100;2;5475_-100;2;5475_-100;2;5475,26.0931506849315,Incidence,0.000126663907097058
NbyGQVwzFc_loc12_loop6,12,ITN 0%/IRS 0%/Larvicide 0%,0;0.4;0.4_0;0;0_0;0;0_-100;2;5475_-100;2;5475_-100;2;5475,26.0958904109589,Incidence,0.000126745737662339
NbyGQVwzFc_loc12_loop6,12,ITN 0%/IRS 0%/Larvicide 0%,0;0.4;0.4_0;0;0_0;0;0_-100;2;5475_-100;2;5475_-100;2;5475,26.0986301369863,Incidence,0.000126827615481507
NbyGQVwzFc_loc12_loop6,12,ITN 0%/IRS 0%/Larvicide 0%,0;0.4;0.4_0;0;0_0;0;0_-100;2;5475_-100;2;5475_-100;2;5475,26.1013698630137,Incidence,0.000126909540458194
NbyGQVwzFc_loc12_loop6,12,ITN 0%/IRS 0%/Larvicide 0%,0;0.4;0.4_0;0;0_0;0;0_-100;2;5475_-100;2;5475_-100;2;5475,26.1041095890411,Incidence,0.000126991512306131
NbyGQVwzFc_loc12_loop6,12,ITN 0%/IRS 0%/Larvicide 0%,0;0.4;0.4_0;0;0_0;0;0_-100;2;5475_-100;2;5475_-100;2;5475,26.1068493150685,Incidence,0.000127073531023145
NbyGQVwzFc_loc12_loop6,12,ITN 0%/IRS 0%/Larvicide 0%,0;0.4;0.4_0;0;0_0;0;0_-100;2;5475_-100;2;5475_-100;2;5475,26.1095890410959,Incidence,0.000127155596563224
NbyGQVwzFc_loc12_loop6,12,ITN 0%/IRS 0%/Larvicide 0%,0;0.4;0.4_0;0;0_0;0;0_-100;2;5475_-100;2;5475_-100;2;5475,26.1123287671233,Incidence,0.000127237708717303
NbyGQVwzFc_loc12_loop6,12,ITN 0%/IRS 0%/Larvicide 0%,0;0.4;0.4_0;0;0_0;0;0_-100;2;5475_-100;2;5475_-100;2;5475,26.1150684931507,Incidence,0.000127319867405666
NbyGQVwzFc_loc12_loop6,12,ITN 0%/IRS 0%/Larvicide 0%,0;0.4;0.4_0;0;0_0;0;0_-100;2;5475_-100;2;5475_-100;2;5475,26.1178082191781,Incidence,0.000127402072574073
NbyGQVwzFc_loc12_loop6,12,ITN 0%/IRS 0%/Larvicide 0%,0;0.4;0.4_0;0;0_0;0;0_-100;2;5475_-100;2;5475_-100;2;5475,26.1205479452055,Incidence,0.000127484324069515
NbyGQVwzFc_loc12_loop6,12,ITN 0%/IRS 0%/Larvicide 0%,0;0.4;0.4_0;0;0_0;0;0_-100;2;5475_-100;2;5475_-100;2;5475,26.1232876712329,Incidence,0.000127566621784445
NbyGQVwzFc_loc12_loop6,12,ITN 0%/IRS 0%/Larvicide 0%,0;0.4;0.4_0;0;0_0;0;0_-100;2;5475_-100;2;5475_-100;2;5475,26.1260273972603,Incidence,0.000127648965643807
NbyGQVwzFc_loc12_loop6,12,ITN 0%/IRS 0%/Larvicide 0%,0;0.4;0.4_0;0;0_0;0;0_-100;2;5475_-100;2;5475_-100;2;5475,26.1287671232877,Incidence,0.000127731355524396
NbyGQVwzFc_loc12_loop6,12,ITN 0%/IRS 0%/Larvicide 0%,0;0.4;0.4_0;0;0_0;0;0_-100;2;5475_-100;2;5475_-100;2;5475,26.1315068493151,Incidence,0.000127813791313265
NbyGQVwzFc_loc12_loop6,12,ITN 0%/IRS 0%/Larvicide 0%,0;0.4;0.4_0;0;0_0;0;0_-100;2;5475_-100;2;5475_-100;2;5475,26.1342465753425,Incidence,0.000127896272919356
NbyGQVwzFc_loc12_loop6,12,ITN 0%/IRS 0%/Larvicide 0%,0;0.4;0.4_0;0;0_0;0;0_-100;2;5475_-100;2;5475_-100;2;5475,26.1369863013699,Incidence,0.000127978800231881
NbyGQVwzFc_loc12_loop6,12,ITN 0%/IRS 0%/Larvicide 0%,0;0.4;0.4_0;0;0_0;0;0_-100;2;5475_-100;2;5475_-100;2;5475,26.1397260273973,Incidence,0.000128061373139356
NbyGQVwzFc_loc12_loop6,12,ITN 0%/IRS 0%/Larvicide 0%,0;0.4;0.4_0;0;0_0;0;0_-100;2;5475_-100;2;5475_-100;2;5475,26.1424657534247,Incidence,0.000128143991541737
NbyGQVwzFc_loc12_loop6,12,ITN 0%/IRS 0%/Larvicide 0%,0;0.4;0.4_0;0;0_0;0;0_-100;2;5475_-100;2;5475_-100;2;5475,26.1452054794521,Incidence,0.000128226655332242
NbyGQVwzFc_loc12_loop6,12,ITN 0%/IRS 0%/Larvicide 0%,0;0.4;0.4_0;0;0_0;0;0_-100;2;5475_-100;2;5475_-100;2;5475,26.1479452054795,Incidence,0.000128309364401521
NbyGQVwzFc_loc12_loop6,12,ITN 0%/IRS 0%/Larvicide 0%,0;0.4;0.4_0;0;0_0;0;0_-100;2;5475_-100;2;5475_-100;2;5475,26.1506849315069,Incidence,0.000128392118645223
NbyGQVwzFc_loc12_loop6,12,ITN 0%/IRS 0%/Larvicide 0%,0;0.4;0.4_0;0;0_0;0;0_-100;2;5475_-100;2;5475_-100;2;5475,26.1534246575343,Incidence,0.000128474917957358
NbyGQVwzFc_loc12_loop6,12,ITN 0%/IRS 0%/Larvicide 0%,0;0.4;0.4_0;0;0_0;0;0_-100;2;5475_-100;2;5475_-100;2;5475,26.1561643835617,Incidence,0.000128557762230596
NbyGQVwzFc_loc12_loop6,12,ITN 0%/IRS 0%/Larvicide 0%,0;0.4;0.4_0;0;0_0;0;0_-100;2;5475_-100;2;5475_-100;2;5475,26.158904109589,Incidence,0.000128640651358783
NbyGQVwzFc_loc12_loop6,12,ITN 0%/IRS 0%/Larvicide 0%,0;0.4;0.4_0;0;0_0;0;0_-100;2;5475_-100;2;5475_-100;2;5475,26.1616438356164,Incidence,0.000128723585232686
NbyGQVwzFc_loc12_loop6,12,ITN 0%/IRS 0%/Larvicide 0%,0;0.4;0.4_0;0;0_0;0;0_-100;2;5475_-100;2;5475_-100;2;5475,26.1643835616438,Incidence,0.000128806563741793
NbyGQVwzFc_loc12_loop6,12,ITN 0%/IRS 0%/Larvicide 0%,0;0.4;0.4_0;0;0_0;0;0_-100;2;5475_-100;2;5475_-100;2;5475,26.1671232876712,Incidence,0.000128889586775812
NbyGQVwzFc_loc12_loop6,12,ITN 0%/IRS 0%/Larvicide 0%,0;0.4;0.4_0;0;0_0;0;0_-100;2;5475_-100;2;5475_-100;2;5475,26.1698630136986,Incidence,0.000128972654224892
NbyGQVwzFc_loc12_loop6,12,ITN 0%/IRS 0%/Larvicide 0%,0;0.4;0.4_0;0;0_0;0;0_-100;2;5475_-100;2;5475_-100;2;5475,26.172602739726,Incidence,0.0001290557659787
NbyGQVwzFc_loc12_loop6,12,ITN 0%/IRS 0%/Larvicide 0%,0;0.4;0.4_0;0;0_0;0;0_-100;2;5475_-100;2;5475_-100;2;5475,26.1753424657534,Incidence,0.000129138921926574
NbyGQVwzFc_loc12_loop6,12,ITN 0%/IRS 0%/Larvicide 0%,0;0.4;0.4_0;0;0_0;0;0_-100;2;5475_-100;2;5475_-100;2;5475,26.1780821917808,Incidence,0.000129222121958163
NbyGQVwzFc_loc12_loop6,12,ITN 0%/IRS 0%/Larvicide 0%,0;0.4;0.4_0;0;0_0;0;0_-100;2;5475_-100;2;5475_-100;2;5475,26.1808219178082,Incidence,0.000129305365963011
NbyGQVwzFc_loc12_loop6,12,ITN 0%/IRS 0%/Larvicide 0%,0;0.4;0.4_0;0;0_0;0;0_-100;2;5475_-100;2;5475_-100;2;5475,26.1835616438356,Incidence,0.000129388653830324
NbyGQVwzFc_loc12_loop6,12,ITN 0%/IRS 0%/Larvicide 0%,0;0.4;0.4_0;0;0_0;0;0_-100;2;5475_-100;2;5475_-100;2;5475,26.186301369863,Incidence,0.000129471985449315
NbyGQVwzFc_loc12_loop6,12,ITN 0%/IRS 0%/Larvicide 0%,0;0.4;0.4_0;0;0_0;0;0_-100;2;5475_-100;2;5475_-100;2;5475,26.1890410958904,Incidence,0.000129555360709217
NbyGQVwzFc_loc12_loop6,12,ITN 0%/IRS 0%/Larvicide 0%,0;0.4;0.4_0;0;0_0;0;0_-100;2;5475_-100;2;5475_-100;2;5475,26.1917808219178,Incidence,0.000129638779499035
NbyGQVwzFc_loc12_loop6,12,ITN 0%/IRS 0%/Larvicide 0%,0;0.4;0.4_0;0;0_0;0;0_-100;2;5475_-100;2;5475_-100;2;5475,26.1945205479452,Incidence,0.000129722241707697
NbyGQVwzFc_loc12_loop6,12,ITN 0%/IRS 0%/Larvicide 0%,0;0.4;0.4_0;0;0_0;0;0_-100;2;5475_-100;2;5475_-100;2;5475,26.1972602739726,Incidence,0.000129805747224136
NbyGQVwzFc_loc12_loop6,12,ITN 0%/IRS 0%/Larvicide 0%,0;0.4;0.4_0;0;0_0;0;0_-100;2;5475_-100;2;5475_-100;2;5475,26.2,Incidence,0.000129889295937129
NbyGQVwzFc_loc12_loop6,12,ITN 0%/IRS 0%/Larvicide 0%,0;0.4;0.4_0;0;0_0;0;0_-100;2;5475_-100;2;5475_-100;2;5475,26.2027397260274,Incidence,0.00012997288773534
NbyGQVwzFc_loc12_loop6,12,ITN 0%/IRS 0%/Larvicide 0%,0;0.4;0.4_0;0;0_0;0;0_-100;2;5475_-100;2;5475_-100;2;5475,26.2054794520548,Incidence,0.000130056522507409
NbyGQVwzFc_loc12_loop6,12,ITN 0%/IRS 0%/Larvicide 0%,0;0.4;0.4_0;0;0_0;0;0_-100;2;5475_-100;2;5475_-100;2;5475,26.2082191780822,Incidence,0.000130140200141858
NbyGQVwzFc_loc12_loop6,12,ITN 0%/IRS 0%/Larvicide 0%,0;0.4;0.4_0;0;0_0;0;0_-100;2;5475_-100;2;5475_-100;2;5475,26.2109589041096,Incidence,0.0001302239205271
NbyGQVwzFc_loc12_loop6,12,ITN 0%/IRS 0%/Larvicide 0%,0;0.4;0.4_0;0;0_0;0;0_-100;2;5475_-100;2;5475_-100;2;5475,26.213698630137,Incidence,0.000130307683551488
NbyGQVwzFc_loc12_loop6,12,ITN 0%/IRS 0%/Larvicide 0%,0;0.4;0.4_0;0;0_0;0;0_-100;2;5475_-100;2;5475_-100;2;5475,26.2164383561644,Incidence,0.000130391489103284
NbyGQVwzFc_loc12_loop6,12,ITN 0%/IRS 0%/Larvicide 0%,0;0.4;0.4_0;0;0_0;0;0_-100;2;5475_-100;2;5475_-100;2;5475,26.2191780821918,Incidence,0.000130475337070643
NbyGQVwzFc_loc12_loop6,12,ITN 0%/IRS 0%/Larvicide 0%,0;0.4;0.4_0;0;0_0;0;0_-100;2;5475_-100;2;5475_-100;2;5475,26.2219178082192,Incidence,0.000130559227341645
NbyGQVwzFc_loc12_loop6,12,ITN 0%/IRS 0%/Larvicide 0%,0;0.4;0.4_0;0;0_0;0;0_-100;2;5475_-100;2;5475_-100;2;5475,26.2246575342466,Incidence,0.000130643159804286
NbyGQVwzFc_loc12_loop6,12,ITN 0%/IRS 0%/Larvicide 0%,0;0.4;0.4_0;0;0_0;0;0_-100;2;5475_-100;2;5475_-100;2;5475,26.227397260274,Incidence,0.000130727134346463
NbyGQVwzFc_loc12_loop6,12,ITN 0%/IRS 0%/Larvicide 0%,0;0.4;0.4_0;0;0_0;0;0_-100;2;5475_-100;2;5475_-100;2;5475,26.2301369863014,Incidence,0.000130811150855988
NbyGQVwzFc_loc12_loop6,12,ITN 0%/IRS 0%/Larvicide 0%,0;0.4;0.4_0;0;0_0;0;0_-100;2;5475_-100;2;5475_-100;2;5475,26.2328767123288,Incidence,0.00013089520922059
NbyGQVwzFc_loc12_loop6,12,ITN 0%/IRS 0%/Larvicide 0%,0;0.4;0.4_0;0;0_0;0;0_-100;2;5475_-100;2;5475_-100;2;5475,26.2356164383562,Incidence,0.000130979309327905
NbyGQVwzFc_loc12_loop6,12,ITN 0%/IRS 0%/Larvicide 0%,0;0.4;0.4_0;0;0_0;0;0_-100;2;5475_-100;2;5475_-100;2;5475,26.2383561643836,Incidence,0.000131063451065482
NbyGQVwzFc_loc12_loop6,12,ITN 0%/IRS 0%/Larvicide 0%,0;0.4;0.4_0;0;0_0;0;0_-100;2;5475_-100;2;5475_-100;2;5475,26.241095890411,Incidence,0.000131147634320786
NbyGQVwzFc_loc12_loop6,12,ITN 0%/IRS 0%/Larvicide 0%,0;0.4;0.4_0;0;0_0;0;0_-100;2;5475_-100;2;5475_-100;2;5475,26.2438356164384,Incidence,0.000131231858981188
NbyGQVwzFc_loc12_loop6,12,ITN 0%/IRS 0%/Larvicide 0%,0;0.4;0.4_0;0;0_0;0;0_-100;2;5475_-100;2;5475_-100;2;5475,26.2465753424658,Incidence,0.000131316124933977
NbyGQVwzFc_loc12_loop6,12,ITN 0%/IRS 0%/Larvicide 0%,0;0.4;0.4_0;0;0_0;0;0_-100;2;5475_-100;2;5475_-100;2;5475,26.2493150684932,Incidence,0.000131400432066352
NbyGQVwzFc_loc12_loop6,12,ITN 0%/IRS 0%/Larvicide 0%,0;0.4;0.4_0;0;0_0;0;0_-100;2;5475_-100;2;5475_-100;2;5475,26.2520547945205,Incidence,0.00013148478026544
NbyGQVwzFc_loc12_loop6,12,ITN 0%/IRS 0%/Larvicide 0%,0;0.4;0.4_0;0;0_0;0;0_-100;2;5475_-100;2;5475_-100;2;5475,26.254794520548,Incidence,0.000131569169419177
NbyGQVwzFc_loc12_loop6,12,ITN 0%/IRS 0%/Larvicide 0%,0;0.4;0.4_0;0;0_0;0;0_-100;2;5475_-100;2;5475_-100;2;5475,26.2575342465753,Incidence,0.000131653599413023
NbyGQVwzFc_loc12_loop6,12,ITN 0%/IRS 0%/Larvicide 0%,0;0.4;0.4_0;0;0_0;0;0_-100;2;5475_-100;2;5475_-100;2;5475,26.2602739726027,Incidence,0.000131738070130989
NbyGQVwzFc_loc12_loop6,12,ITN 0%/IRS 0%/Larvicide 0%,0;0.4;0.4_0;0;0_0;0;0_-100;2;5475_-100;2;5475_-100;2;5475,26.2630136986301,Incidence,0.00013182258145701
NbyGQVwzFc_loc12_loop6,12,ITN 0%/IRS 0%/Larvicide 0%,0;0.4;0.4_0;0;0_0;0;0_-100;2;5475_-100;2;5475_-100;2;5475,26.2657534246575,Incidence,0.000131907133274942
NbyGQVwzFc_loc12_loop6,12,ITN 0%/IRS 0%/Larvicide 0%,0;0.4;0.4_0;0;0_0;0;0_-100;2;5475_-100;2;5475_-100;2;5475,26.2684931506849,Incidence,0.000131991725468565
NbyGQVwzFc_loc12_loop6,12,ITN 0%/IRS 0%/Larvicide 0%,0;0.4;0.4_0;0;0_0;0;0_-100;2;5475_-100;2;5475_-100;2;5475,26.2712328767123,Incidence,0.00013207635792158
NbyGQVwzFc_loc12_loop6,12,ITN 0%/IRS 0%/Larvicide 0%,0;0.4;0.4_0;0;0_0;0;0_-100;2;5475_-100;2;5475_-100;2;5475,26.2739726027397,Incidence,0.000132161030517612
NbyGQVwzFc_loc12_loop6,12,ITN 0%/IRS 0%/Larvicide 0%,0;0.4;0.4_0;0;0_0;0;0_-100;2;5475_-100;2;5475_-100;2;5475,26.2767123287671,Incidence,0.00013224574314021
NbyGQVwzFc_loc12_loop6,12,ITN 0%/IRS 0%/Larvicide 0%,0;0.4;0.4_0;0;0_0;0;0_-100;2;5475_-100;2;5475_-100;2;5475,26.2794520547945,Incidence,0.000132330495672843
NbyGQVwzFc_loc12_loop6,12,ITN 0%/IRS 0%/Larvicide 0%,0;0.4;0.4_0;0;0_0;0;0_-100;2;5475_-100;2;5475_-100;2;5475,26.2821917808219,Incidence,0.000132415287998908
NbyGQVwzFc_loc12_loop6,12,ITN 0%/IRS 0%/Larvicide 0%,0;0.4;0.4_0;0;0_0;0;0_-100;2;5475_-100;2;5475_-100;2;5475,26.2849315068493,Incidence,0.000132500120001721
NbyGQVwzFc_loc12_loop6,12,ITN 0%/IRS 0%/Larvicide 0%,0;0.4;0.4_0;0;0_0;0;0_-100;2;5475_-100;2;5475_-100;2;5475,26.2876712328767,Incidence,0.000132584991564525
NbyGQVwzFc_loc12_loop6,12,ITN 0%/IRS 0%/Larvicide 0%,0;0.4;0.4_0;0;0_0;0;0_-100;2;5475_-100;2;5475_-100;2;5475,26.2904109589041,Incidence,0.000132669902570485
NbyGQVwzFc_loc12_loop6,12,ITN 0%/IRS 0%/Larvicide 0%,0;0.4;0.4_0;0;0_0;0;0_-100;2;5475_-100;2;5475_-100;2;5475,26.2931506849315,Incidence,0.000132754852902692
NbyGQVwzFc_loc12_loop6,12,ITN 0%/IRS 0%/Larvicide 0%,0;0.4;0.4_0;0;0_0;0;0_-100;2;5475_-100;2;5475_-100;2;5475,26.2958904109589,Incidence,0.000132839842444158
NbyGQVwzFc_loc12_loop6,12,ITN 0%/IRS 0%/Larvicide 0%,0;0.4;0.4_0;0;0_0;0;0_-100;2;5475_-100;2;5475_-100;2;5475,26.2986301369863,Incidence,0.000132924871077823
NbyGQVwzFc_loc12_loop6,12,ITN 0%/IRS 0%/Larvicide 0%,0;0.4;0.4_0;0;0_0;0;0_-100;2;5475_-100;2;5475_-100;2;5475,26.3013698630137,Incidence,0.000133009938686549
NbyGQVwzFc_loc12_loop6,12,ITN 0%/IRS 0%/Larvicide 0%,0;0.4;0.4_0;0;0_0;0;0_-100;2;5475_-100;2;5475_-100;2;5475,26.3041095890411,Incidence,0.000133095045153123
NbyGQVwzFc_loc12_loop6,12,ITN 0%/IRS 0%/Larvicide 0%,0;0.4;0.4_0;0;0_0;0;0_-100;2;5475_-100;2;5475_-100;2;5475,26.3068493150685,Incidence,0.000133180190360258
NbyGQVwzFc_loc12_loop6,12,ITN 0%/IRS 0%/Larvicide 0%,0;0.4;0.4_0;0;0_0;0;0_-100;2;5475_-100;2;5475_-100;2;5475,26.3095890410959,Incidence,0.00013326537419059
NbyGQVwzFc_loc12_loop6,12,ITN 0%/IRS 0%/Larvicide 0%,0;0.4;0.4_0;0;0_0;0;0_-100;2;5475_-100;2;5475_-100;2;5475,26.3123287671233,Incidence,0.000133350596526681
NbyGQVwzFc_loc12_loop6,12,ITN 0%/IRS 0%/Larvicide 0%,0;0.4;0.4_0;0;0_0;0;0_-100;2;5475_-100;2;5475_-100;2;5475,26.3150684931507,Incidence,0.000133435857251019
NbyGQVwzFc_loc12_loop6,12,ITN 0%/IRS 0%/Larvicide 0%,0;0.4;0.4_0;0;0_0;0;0_-100;2;5475_-100;2;5475_-100;2;5475,26.3178082191781,Incidence,0.000133521156246015
NbyGQVwzFc_loc12_loop6,12,ITN 0%/IRS 0%/Larvicide 0%,0;0.4;0.4_0;0;0_0;0;0_-100;2;5475_-100;2;5475_-100;2;5475,26.3205479452055,Incidence,0.000133606493394008
NbyGQVwzFc_loc12_loop6,12,ITN 0%/IRS 0%/Larvicide 0%,0;0.4;0.4_0;0;0_0;0;0_-100;2;5475_-100;2;5475_-100;2;5475,26.3232876712329,Incidence,0.000133691868577261
NbyGQVwzFc_loc12_loop6,12,ITN 0%/IRS 0%/Larvicide 0%,0;0.4;0.4_0;0;0_0;0;0_-100;2;5475_-100;2;5475_-100;2;5475,26.3260273972603,Incidence,0.000133777281677963
NbyGQVwzFc_loc12_loop6,12,ITN 0%/IRS 0%/Larvicide 0%,0;0.4;0.4_0;0;0_0;0;0_-100;2;5475_-100;2;5475_-100;2;5475,26.3287671232877,Incidence,0.000133862732578228
NbyGQVwzFc_loc12_loop6,12,ITN 0%/IRS 0%/Larvicide 0%,0;0.4;0.4_0;0;0_0;0;0_-100;2;5475_-100;2;5475_-100;2;5475,26.3315068493151,Incidence,0.000133948221160098
NbyGQVwzFc_loc12_loop6,12,ITN 0%/IRS 0%/Larvicide 0%,0;0.4;0.4_0;0;0_0;0;0_-100;2;5475_-100;2;5475_-100;2;5475,26.3342465753425,Incidence,0.00013403374730554
NbyGQVwzFc_loc12_loop6,12,ITN 0%/IRS 0%/Larvicide 0%,0;0.4;0.4_0;0;0_0;0;0_-100;2;5475_-100;2;5475_-100;2;5475,26.3369863013699,Incidence,0.000134119310896446
NbyGQVwzFc_loc12_loop6,12,ITN 0%/IRS 0%/Larvicide 0%,0;0.4;0.4_0;0;0_0;0;0_-100;2;5475_-100;2;5475_-100;2;5475,26.3397260273973,Incidence,0.000134204911814636
NbyGQVwzFc_loc12_loop6,12,ITN 0%/IRS 0%/Larvicide 0%,0;0.4;0.4_0;0;0_0;0;0_-100;2;5475_-100;2;5475_-100;2;5475,26.3424657534247,Incidence,0.000134290549941856
NbyGQVwzFc_loc12_loop6,12,ITN 0%/IRS 0%/Larvicide 0%,0;0.4;0.4_0;0;0_0;0;0_-100;2;5475_-100;2;5475_-100;2;5475,26.3452054794521,Incidence,0.000134376225159777
NbyGQVwzFc_loc12_loop6,12,ITN 0%/IRS 0%/Larvicide 0%,0;0.4;0.4_0;0;0_0;0;0_-100;2;5475_-100;2;5475_-100;2;5475,26.3479452054795,Incidence,0.000134461937349999
NbyGQVwzFc_loc12_loop6,12,ITN 0%/IRS 0%/Larvicide 0%,0;0.4;0.4_0;0;0_0;0;0_-100;2;5475_-100;2;5475_-100;2;5475,26.3506849315069,Incidence,0.000134547686394047
NbyGQVwzFc_loc12_loop6,12,ITN 0%/IRS 0%/Larvicide 0%,0;0.4;0.4_0;0;0_0;0;0_-100;2;5475_-100;2;5475_-100;2;5475,26.3534246575343,Incidence,0.000134633472173373
NbyGQVwzFc_loc12_loop6,12,ITN 0%/IRS 0%/Larvicide 0%,0;0.4;0.4_0;0;0_0;0;0_-100;2;5475_-100;2;5475_-100;2;5475,26.3561643835616,Incidence,0.000134719294569661
NbyGQVwzFc_loc12_loop6,12,ITN 0%/IRS 0%/Larvicide 0%,0;0.4;0.4_0;0;0_0;0;0_-100;2;5475_-100;2;5475_-100;2;5475,26.358904109589,Incidence,0.000134805153464094
NbyGQVwzFc_loc12_loop6,12,ITN 0%/IRS 0%/Larvicide 0%,0;0.4;0.4_0;0;0_0;0;0_-100;2;5475_-100;2;5475_-100;2;5475,26.3616438356164,Incidence,0.000134891048735504
NbyGQVwzFc_loc12_loop6,12,ITN 0%/IRS 0%/Larvicide 0%,0;0.4;0.4_0;0;0_0;0;0_-100;2;5475_-100;2;5475_-100;2;5475,26.3643835616438,Incidence,0.000134976980262524
NbyGQVwzFc_loc12_loop6,12,ITN 0%/IRS 0%/Larvicide 0%,0;0.4;0.4_0;0;0_0;0;0_-100;2;5475_-100;2;5475_-100;2;5475,26.3671232876712,Incidence,0.000135062947923726
NbyGQVwzFc_loc12_loop6,12,ITN 0%/IRS 0%/Larvicide 0%,0;0.4;0.4_0;0;0_0;0;0_-100;2;5475_-100;2;5475_-100;2;5475,26.3698630136986,Incidence,0.000135148951597618
NbyGQVwzFc_loc12_loop6,12,ITN 0%/IRS 0%/Larvicide 0%,0;0.4;0.4_0;0;0_0;0;0_-100;2;5475_-100;2;5475_-100;2;5475,26.372602739726,Incidence,0.000135234991162647
NbyGQVwzFc_loc12_loop6,12,ITN 0%/IRS 0%/Larvicide 0%,0;0.4;0.4_0;0;0_0;0;0_-100;2;5475_-100;2;5475_-100;2;5475,26.3753424657534,Incidence,0.0001353210664972
NbyGQVwzFc_loc12_loop6,12,ITN 0%/IRS 0%/Larvicide 0%,0;0.4;0.4_0;0;0_0;0;0_-100;2;5475_-100;2;5475_-100;2;5475,26.3780821917808,Incidence,0.0001354071774796
NbyGQVwzFc_loc12_loop6,12,ITN 0%/IRS 0%/Larvicide 0%,0;0.4;0.4_0;0;0_0;0;0_-100;2;5475_-100;2;5475_-100;2;5475,26.3808219178082,Incidence,0.000135493323988112
NbyGQVwzFc_loc12_loop6,12,ITN 0%/IRS 0%/Larvicide 0%,0;0.4;0.4_0;0;0_0;0;0_-100;2;5475_-100;2;5475_-100;2;5475,26.3835616438356,Incidence,0.000135579505900936
NbyGQVwzFc_loc12_loop6,12,ITN 0%/IRS 0%/Larvicide 0%,0;0.4;0.4_0;0;0_0;0;0_-100;2;5475_-100;2;5475_-100;2;5475,26.386301369863,Incidence,0.000135665723096215
NbyGQVwzFc_loc12_loop6,12,ITN 0%/IRS 0%/Larvicide 0%,0;0.4;0.4_0;0;0_0;0;0_-100;2;5475_-100;2;5475_-100;2;5475,26.3890410958904,Incidence,0.00013575197545203
NbyGQVwzFc_loc12_loop6,12,ITN 0%/IRS 0%/Larvicide 0%,0;0.4;0.4_0;0;0_0;0;0_-100;2;5475_-100;2;5475_-100;2;5475,26.3917808219178,Incidence,0.000135838262846399
NbyGQVwzFc_loc12_loop6,12,ITN 0%/IRS 0%/Larvicide 0%,0;0.4;0.4_0;0;0_0;0;0_-100;2;5475_-100;2;5475_-100;2;5475,26.3945205479452,Incidence,0.000135924585157284
NbyGQVwzFc_loc12_loop6,12,ITN 0%/IRS 0%/Larvicide 0%,0;0.4;0.4_0;0;0_0;0;0_-100;2;5475_-100;2;5475_-100;2;5475,26.3972602739726,Incidence,0.000136010942262585
NbyGQVwzFc_loc12_loop6,12,ITN 0%/IRS 0%/Larvicide 0%,0;0.4;0.4_0;0;0_0;0;0_-100;2;5475_-100;2;5475_-100;2;5475,26.4,Incidence,0.000136097334040142
NbyGQVwzFc_loc12_loop6,12,ITN 0%/IRS 0%/Larvicide 0%,0;0.4;0.4_0;0;0_0;0;0_-100;2;5475_-100;2;5475_-100;2;5475,26.4027397260274,Incidence,0.000136183760367734
NbyGQVwzFc_loc12_loop6,12,ITN 0%/IRS 0%/Larvicide 0%,0;0.4;0.4_0;0;0_0;0;0_-100;2;5475_-100;2;5475_-100;2;5475,26.4054794520548,Incidence,0.000136270221123082
NbyGQVwzFc_loc12_loop6,12,ITN 0%/IRS 0%/Larvicide 0%,0;0.4;0.4_0;0;0_0;0;0_-100;2;5475_-100;2;5475_-100;2;5475,26.4082191780822,Incidence,0.000136356716183849
NbyGQVwzFc_loc12_loop6,12,ITN 0%/IRS 0%/Larvicide 0%,0;0.4;0.4_0;0;0_0;0;0_-100;2;5475_-100;2;5475_-100;2;5475,26.4109589041096,Incidence,0.000136443245427635
NbyGQVwzFc_loc12_loop6,12,ITN 0%/IRS 0%/Larvicide 0%,0;0.4;0.4_0;0;0_0;0;0_-100;2;5475_-100;2;5475_-100;2;5475,26.413698630137,Incidence,0.000136529808731984
NbyGQVwzFc_loc12_loop6,12,ITN 0%/IRS 0%/Larvicide 0%,0;0.4;0.4_0;0;0_0;0;0_-100;2;5475_-100;2;5475_-100;2;5475,26.4164383561644,Incidence,0.000136616405974381
NbyGQVwzFc_loc12_loop6,12,ITN 0%/IRS 0%/Larvicide 0%,0;0.4;0.4_0;0;0_0;0;0_-100;2;5475_-100;2;5475_-100;2;5475,26.4191780821918,Incidence,0.00013670303703225
NbyGQVwzFc_loc12_loop6,12,ITN 0%/IRS 0%/Larvicide 0%,0;0.4;0.4_0;0;0_0;0;0_-100;2;5475_-100;2;5475_-100;2;5475,26.4219178082192,Incidence,0.000136789701782959
NbyGQVwzFc_loc12_loop6,12,ITN 0%/IRS 0%/Larvicide 0%,0;0.4;0.4_0;0;0_0;0;0_-100;2;5475_-100;2;5475_-100;2;5475,26.4246575342466,Incidence,0.000136876400103816
NbyGQVwzFc_loc12_loop6,12,ITN 0%/IRS 0%/Larvicide 0%,0;0.4;0.4_0;0;0_0;0;0_-100;2;5475_-100;2;5475_-100;2;5475,26.427397260274,Incidence,0.000136963131872071
NbyGQVwzFc_loc12_loop6,12,ITN 0%/IRS 0%/Larvicide 0%,0;0.4;0.4_0;0;0_0;0;0_-100;2;5475_-100;2;5475_-100;2;5475,26.4301369863014,Incidence,0.000137049896964917
NbyGQVwzFc_loc12_loop6,12,ITN 0%/IRS 0%/Larvicide 0%,0;0.4;0.4_0;0;0_0;0;0_-100;2;5475_-100;2;5475_-100;2;5475,26.4328767123288,Incidence,0.000137136695259489
NbyGQVwzFc_loc12_loop6,12,ITN 0%/IRS 0%/Larvicide 0%,0;0.4;0.4_0;0;0_0;0;0_-100;2;5475_-100;2;5475_-100;2;5475,26.4356164383562,Incidence,0.000137223526632863
NbyGQVwzFc_loc12_loop6,12,ITN 0%/IRS 0%/Larvicide 0%,0;0.4;0.4_0;0;0_0;0;0_-100;2;5475_-100;2;5475_-100;2;5475,26.4383561643836,Incidence,0.000137310390962058
NbyGQVwzFc_loc12_loop6,12,ITN 0%/IRS 0%/Larvicide 0%,0;0.4;0.4_0;0;0_0;0;0_-100;2;5475_-100;2;5475_-100;2;5475,26.441095890411,Incidence,0.000137397288124037
NbyGQVwzFc_loc12_loop6,12,ITN 0%/IRS 0%/Larvicide 0%,0;0.4;0.4_0;0;0_0;0;0_-100;2;5475_-100;2;5475_-100;2;5475,26.4438356164384,Incidence,0.000137484217995704
NbyGQVwzFc_loc12_loop6,12,ITN 0%/IRS 0%/Larvicide 0%,0;0.4;0.4_0;0;0_0;0;0_-100;2;5475_-100;2;5475_-100;2;5475,26.4465753424658,Incidence,0.000137571180453911
NbyGQVwzFc_loc12_loop6,12,ITN 0%/IRS 0%/Larvicide 0%,0;0.4;0.4_0;0;0_0;0;0_-100;2;5475_-100;2;5475_-100;2;5475,26.4493150684932,Incidence,0.000137658175375453
NbyGQVwzFc_loc12_loop6,12,ITN 0%/IRS 0%/Larvicide 0%,0;0.4;0.4_0;0;0_0;0;0_-100;2;5475_-100;2;5475_-100;2;5475,26.4520547945206,Incidence,0.000137745202637068
NbyGQVwzFc_loc12_loop6,12,ITN 0%/IRS 0%/Larvicide 0%,0;0.4;0.4_0;0;0_0;0;0_-100;2;5475_-100;2;5475_-100;2;5475,26.454794520548,Incidence,0.000137832262115439
NbyGQVwzFc_loc12_loop6,12,ITN 0%/IRS 0%/Larvicide 0%,0;0.4;0.4_0;0;0_0;0;0_-100;2;5475_-100;2;5475_-100;2;5475,26.4575342465753,Incidence,0.000137919353687189
NbyGQVwzFc_loc12_loop6,12,ITN 0%/IRS 0%/Larvicide 0%,0;0.4;0.4_0;0;0_0;0;0_-100;2;5475_-100;2;5475_-100;2;5475,26.4602739726027,Incidence,0.000138006477228888
NbyGQVwzFc_loc12_loop6,12,ITN 0%/IRS 0%/Larvicide 0%,0;0.4;0.4_0;0;0_0;0;0_-100;2;5475_-100;2;5475_-100;2;5475,26.4630136986301,Incidence,0.000138093632617057
NbyGQVwzFc_loc12_loop6,12,ITN 0%/IRS 0%/Larvicide 0%,0;0.4;0.4_0;0;0_0;0;0_-100;2;5475_-100;2;5475_-100;2;5475,26.4657534246575,Incidence,0.000138180819728477
NbyGQVwzFc_loc12_loop6,12,ITN 0%/IRS 0%/Larvicide 0%,0;0.4;0.4_0;0;0_0;0;0_-100;2;5475_-100;2;5475_-100;2;5475,26.4684931506849,Incidence,0.000138268038438099
NbyGQVwzFc_loc12_loop6,12,ITN 0%/IRS 0%/Larvicide 0%,0;0.4;0.4_0;0;0_0;0;0_-100;2;5475_-100;2;5475_-100;2;5475,26.4712328767123,Incidence,0.000138355288620041
NbyGQVwzFc_loc12_loop6,12,ITN 0%/IRS 0%/Larvicide 0%,0;0.4;0.4_0;0;0_0;0;0_-100;2;5475_-100;2;5475_-100;2;5475,26.4739726027397,Incidence,0.000138442570148378
NbyGQVwzFc_loc12_loop6,12,ITN 0%/IRS 0%/Larvicide 0%,0;0.4;0.4_0;0;0_0;0;0_-100;2;5475_-100;2;5475_-100;2;5475,26.4767123287671,Incidence,0.000138529882897139
NbyGQVwzFc_loc12_loop6,12,ITN 0%/IRS 0%/Larvicide 0%,0;0.4;0.4_0;0;0_0;0;0_-100;2;5475_-100;2;5475_-100;2;5475,26.4794520547945,Incidence,0.00013861722674031
NbyGQVwzFc_loc12_loop6,12,ITN 0%/IRS 0%/Larvicide 0%,0;0.4;0.4_0;0;0_0;0;0_-100;2;5475_-100;2;5475_-100;2;5475,26.4821917808219,Incidence,0.000138704601551832
NbyGQVwzFc_loc12_loop6,12,ITN 0%/IRS 0%/Larvicide 0%,0;0.4;0.4_0;0;0_0;0;0_-100;2;5475_-100;2;5475_-100;2;5475,26.4849315068493,Incidence,0.000138792007205603
NbyGQVwzFc_loc12_loop6,12,ITN 0%/IRS 0%/Larvicide 0%,0;0.4;0.4_0;0;0_0;0;0_-100;2;5475_-100;2;5475_-100;2;5475,26.4876712328767,Incidence,0.00013887944357548
NbyGQVwzFc_loc12_loop6,12,ITN 0%/IRS 0%/Larvicide 0%,0;0.4;0.4_0;0;0_0;0;0_-100;2;5475_-100;2;5475_-100;2;5475,26.4904109589041,Incidence,0.000138966910535272
NbyGQVwzFc_loc12_loop6,12,ITN 0%/IRS 0%/Larvicide 0%,0;0.4;0.4_0;0;0_0;0;0_-100;2;5475_-100;2;5475_-100;2;5475,26.4931506849315,Incidence,0.00013905440795875
NbyGQVwzFc_loc12_loop6,12,ITN 0%/IRS 0%/Larvicide 0%,0;0.4;0.4_0;0;0_0;0;0_-100;2;5475_-100;2;5475_-100;2;5475,26.4958904109589,Incidence,0.00013914193571964
NbyGQVwzFc_loc12_loop6,12,ITN 0%/IRS 0%/Larvicide 0%,0;0.4;0.4_0;0;0_0;0;0_-100;2;5475_-100;2;5475_-100;2;5475,26.4986301369863,Incidence,0.000139229493691627
NbyGQVwzFc_loc12_loop6,12,ITN 0%/IRS 0%/Larvicide 0%,0;0.4;0.4_0;0;0_0;0;0_-100;2;5475_-100;2;5475_-100;2;5475,26.5013698630137,Incidence,0.000139317081748354
NbyGQVwzFc_loc12_loop6,12,ITN 0%/IRS 0%/Larvicide 0%,0;0.4;0.4_0;0;0_0;0;0_-100;2;5475_-100;2;5475_-100;2;5475,26.5041095890411,Incidence,0.00013940469976342
NbyGQVwzFc_loc12_loop6,12,ITN 0%/IRS 0%/Larvicide 0%,0;0.4;0.4_0;0;0_0;0;0_-100;2;5475_-100;2;5475_-100;2;5475,26.5068493150685,Incidence,0.000139492347610384
NbyGQVwzFc_loc12_loop6,12,ITN 0%/IRS 0%/Larvicide 0%,0;0.4;0.4_0;0;0_0;0;0_-100;2;5475_-100;2;5475_-100;2;5475,26.5095890410959,Incidence,0.000139580025162765
NbyGQVwzFc_loc12_loop6,12,ITN 0%/IRS 0%/Larvicide 0%,0;0.4;0.4_0;0;0_0;0;0_-100;2;5475_-100;2;5475_-100;2;5475,26.5123287671233,Incidence,0.000139667732294038
NbyGQVwzFc_loc12_loop6,12,ITN 0%/IRS 0%/Larvicide 0%,0;0.4;0.4_0;0;0_0;0;0_-100;2;5475_-100;2;5475_-100;2;5475,26.5150684931507,Incidence,0.000139755468877639
NbyGQVwzFc_loc12_loop6,12,ITN 0%/IRS 0%/Larvicide 0%,0;0.4;0.4_0;0;0_0;0;0_-100;2;5475_-100;2;5475_-100;2;5475,26.5178082191781,Incidence,0.000139843234786962
NbyGQVwzFc_loc12_loop6,12,ITN 0%/IRS 0%/Larvicide 0%,0;0.4;0.4_0;0;0_0;0;0_-100;2;5475_-100;2;5475_-100;2;5475,26.5205479452055,Incidence,0.000139931029895362
NbyGQVwzFc_loc12_loop6,12,ITN 0%/IRS 0%/Larvicide 0%,0;0.4;0.4_0;0;0_0;0;0_-100;2;5475_-100;2;5475_-100;2;5475,26.5232876712329,Incidence,0.000140018854076153
NbyGQVwzFc_loc12_loop6,12,ITN 0%/IRS 0%/Larvicide 0%,0;0.4;0.4_0;0;0_0;0;0_-100;2;5475_-100;2;5475_-100;2;5475,26.5260273972603,Incidence,0.000140106707202608
NbyGQVwzFc_loc12_loop6,12,ITN 0%/IRS 0%/Larvicide 0%,0;0.4;0.4_0;0;0_0;0;0_-100;2;5475_-100;2;5475_-100;2;5475,26.5287671232877,Incidence,0.000140194589147961
NbyGQVwzFc_loc12_loop6,12,ITN 0%/IRS 0%/Larvicide 0%,0;0.4;0.4_0;0;0_0;0;0_-100;2;5475_-100;2;5475_-100;2;5475,26.5315068493151,Incidence,0.000140282499785406
NbyGQVwzFc_loc12_loop6,12,ITN 0%/IRS 0%/Larvicide 0%,0;0.4;0.4_0;0;0_0;0;0_-100;2;5475_-100;2;5475_-100;2;5475,26.5342465753425,Incidence,0.000140370438988099
NbyGQVwzFc_loc12_loop6,12,ITN 0%/IRS 0%/Larvicide 0%,0;0.4;0.4_0;0;0_0;0;0_-100;2;5475_-100;2;5475_-100;2;5475,26.5369863013699,Incidence,0.000140458406629153
NbyGQVwzFc_loc12_loop6,12,ITN 0%/IRS 0%/Larvicide 0%,0;0.4;0.4_0;0;0_0;0;0_-100;2;5475_-100;2;5475_-100;2;5475,26.5397260273973,Incidence,0.000140546402581647
NbyGQVwzFc_loc12_loop6,12,ITN 0%/IRS 0%/Larvicide 0%,0;0.4;0.4_0;0;0_0;0;0_-100;2;5475_-100;2;5475_-100;2;5475,26.5424657534247,Incidence,0.000140634426718616
NbyGQVwzFc_loc12_loop6,12,ITN 0%/IRS 0%/Larvicide 0%,0;0.4;0.4_0;0;0_0;0;0_-100;2;5475_-100;2;5475_-100;2;5475,26.5452054794521,Incidence,0.00014072247891306
NbyGQVwzFc_loc12_loop6,12,ITN 0%/IRS 0%/Larvicide 0%,0;0.4;0.4_0;0;0_0;0;0_-100;2;5475_-100;2;5475_-100;2;5475,26.5479452054795,Incidence,0.000140810559037938
NbyGQVwzFc_loc12_loop6,12,ITN 0%/IRS 0%/Larvicide 0%,0;0.4;0.4_0;0;0_0;0;0_-100;2;5475_-100;2;5475_-100;2;5475,26.5506849315069,Incidence,0.000140898666966174
NbyGQVwzFc_loc12_loop6,12,ITN 0%/IRS 0%/Larvicide 0%,0;0.4;0.4_0;0;0_0;0;0_-100;2;5475_-100;2;5475_-100;2;5475,26.5534246575343,Incidence,0.00014098680257065
NbyGQVwzFc_loc12_loop6,12,ITN 0%/IRS 0%/Larvicide 0%,0;0.4;0.4_0;0;0_0;0;0_-100;2;5475_-100;2;5475_-100;2;5475,26.5561643835616,Incidence,0.000141074965724213
NbyGQVwzFc_loc12_loop6,12,ITN 0%/IRS 0%/Larvicide 0%,0;0.4;0.4_0;0;0_0;0;0_-100;2;5475_-100;2;5475_-100;2;5475,26.558904109589,Incidence,0.00014116315629967
NbyGQVwzFc_loc12_loop6,12,ITN 0%/IRS 0%/Larvicide 0%,0;0.4;0.4_0;0;0_0;0;0_-100;2;5475_-100;2;5475_-100;2;5475,26.5616438356164,Incidence,0.000141251374169793
NbyGQVwzFc_loc12_loop6,12,ITN 0%/IRS 0%/Larvicide 0%,0;0.4;0.4_0;0;0_0;0;0_-100;2;5475_-100;2;5475_-100;2;5475,26.5643835616438,Incidence,0.000141339619207315
NbyGQVwzFc_loc12_loop6,12,ITN 0%/IRS 0%/Larvicide 0%,0;0.4;0.4_0;0;0_0;0;0_-100;2;5475_-100;2;5475_-100;2;5475,26.5671232876712,Incidence,0.000141427891284932
NbyGQVwzFc_loc12_loop6,12,ITN 0%/IRS 0%/Larvicide 0%,0;0.4;0.4_0;0;0_0;0;0_-100;2;5475_-100;2;5475_-100;2;5475,26.5698630136986,Incidence,0.000141516190275304
NbyGQVwzFc_loc12_loop6,12,ITN 0%/IRS 0%/Larvicide 0%,0;0.4;0.4_0;0;0_0;0;0_-100;2;5475_-100;2;5475_-100;2;5475,26.572602739726,Incidence,0.000141604516051053
NbyGQVwzFc_loc12_loop6,12,ITN 0%/IRS 0%/Larvicide 0%,0;0.4;0.4_0;0;0_0;0;0_-100;2;5475_-100;2;5475_-100;2;5475,26.5753424657534,Incidence,0.000141692868484764
NbyGQVwzFc_loc12_loop6,12,ITN 0%/IRS 0%/Larvicide 0%,0;0.4;0.4_0;0;0_0;0;0_-100;2;5475_-100;2;5475_-100;2;5475,26.5780821917808,Incidence,0.000141781247449005
NbyGQVwzFc_loc12_loop6,12,ITN 0%/IRS 0%/Larvicide 0%,0;0.4;0.4_0;0;0_0;0;0_-100;2;5475_-100;2;5475_-100;2;5475,26.5808219178082,Incidence,0.000141869652816292
NbyGQVwzFc_loc12_loop6,12,ITN 0%/IRS 0%/Larvicide 0%,0;0.4;0.4_0;0;0_0;0;0_-100;2;5475_-100;2;5475_-100;2;5475,26.5835616438356,Incidence,0.00014195808445759
NbyGQVwzFc_loc12_loop6,12,ITN 0%/IRS 0%/Larvicide 0%,0;0.4;0.4_0;0;0_0;0;0_-100;2;5475_-100;2;5475_-100;2;5475,26.586301369863,Incidence,0.000142046542243432
NbyGQVwzFc_loc12_loop6,12,ITN 0%/IRS 0%/Larvicide 0%,0;0.4;0.4_0;0;0_0;0;0_-100;2;5475_-100;2;5475_-100;2;5475,26.5890410958904,Incidence,0.000142135026044323
NbyGQVwzFc_loc12_loop6,12,ITN 0%/IRS 0%/Larvicide 0%,0;0.4;0.4_0;0;0_0;0;0_-100;2;5475_-100;2;5475_-100;2;5475,26.5917808219178,Incidence,0.00014222353573075
NbyGQVwzFc_loc12_loop6,12,ITN 0%/IRS 0%/Larvicide 0%,0;0.4;0.4_0;0;0_0;0;0_-100;2;5475_-100;2;5475_-100;2;5475,26.5945205479452,Incidence,0.000142312071173172
NbyGQVwzFc_loc12_loop6,12,ITN 0%/IRS 0%/Larvicide 0%,0;0.4;0.4_0;0;0_0;0;0_-100;2;5475_-100;2;5475_-100;2;5475,26.5972602739726,Incidence,0.000142400632242029
NbyGQVwzFc_loc12_loop6,12,ITN 0%/IRS 0%/Larvicide 0%,0;0.4;0.4_0;0;0_0;0;0_-100;2;5475_-100;2;5475_-100;2;5475,26.6,Incidence,0.000142489218807738
NbyGQVwzFc_loc12_loop6,12,ITN 0%/IRS 0%/Larvicide 0%,0;0.4;0.4_0;0;0_0;0;0_-100;2;5475_-100;2;5475_-100;2;5475,26.6027397260274,Incidence,0.000142577830740692
NbyGQVwzFc_loc12_loop6,12,ITN 0%/IRS 0%/Larvicide 0%,0;0.4;0.4_0;0;0_0;0;0_-100;2;5475_-100;2;5475_-100;2;5475,26.6054794520548,Incidence,0.000142666467911264
NbyGQVwzFc_loc12_loop6,12,ITN 0%/IRS 0%/Larvicide 0%,0;0.4;0.4_0;0;0_0;0;0_-100;2;5475_-100;2;5475_-100;2;5475,26.6082191780822,Incidence,0.000142755130189805
NbyGQVwzFc_loc12_loop6,12,ITN 0%/IRS 0%/Larvicide 0%,0;0.4;0.4_0;0;0_0;0;0_-100;2;5475_-100;2;5475_-100;2;5475,26.6109589041096,Incidence,0.000142843817446643
NbyGQVwzFc_loc12_loop6,12,ITN 0%/IRS 0%/Larvicide 0%,0;0.4;0.4_0;0;0_0;0;0_-100;2;5475_-100;2;5475_-100;2;5475,26.613698630137,Incidence,0.000142932529552087
NbyGQVwzFc_loc12_loop6,12,ITN 0%/IRS 0%/Larvicide 0%,0;0.4;0.4_0;0;0_0;0;0_-100;2;5475_-100;2;5475_-100;2;5475,26.6164383561644,Incidence,0.000143021266376424
NbyGQVwzFc_loc12_loop6,12,ITN 0%/IRS 0%/Larvicide 0%,0;0.4;0.4_0;0;0_0;0;0_-100;2;5475_-100;2;5475_-100;2;5475,26.6191780821918,Incidence,0.00014311002778992
NbyGQVwzFc_loc12_loop6,12,ITN 0%/IRS 0%/Larvicide 0%,0;0.4;0.4_0;0;0_0;0;0_-100;2;5475_-100;2;5475_-100;2;5475,26.6219178082192,Incidence,0.000143198813662822
NbyGQVwzFc_loc12_loop6,12,ITN 0%/IRS 0%/Larvicide 0%,0;0.4;0.4_0;0;0_0;0;0_-100;2;5475_-100;2;5475_-100;2;5475,26.6246575342466,Incidence,0.000143287623865355
NbyGQVwzFc_loc12_loop6,12,ITN 0%/IRS 0%/Larvicide 0%,0;0.4;0.4_0;0;0_0;0;0_-100;2;5475_-100;2;5475_-100;2;5475,26.627397260274,Incidence,0.000143376458267726
NbyGQVwzFc_loc12_loop6,12,ITN 0%/IRS 0%/Larvicide 0%,0;0.4;0.4_0;0;0_0;0;0_-100;2;5475_-100;2;5475_-100;2;5475,26.6301369863014,Incidence,0.000143465316740122
NbyGQVwzFc_loc12_loop6,12,ITN 0%/IRS 0%/Larvicide 0%,0;0.4;0.4_0;0;0_0;0;0_-100;2;5475_-100;2;5475_-100;2;5475,26.6328767123288,Incidence,0.000143554199152709
NbyGQVwzFc_loc12_loop6,12,ITN 0%/IRS 0%/Larvicide 0%,0;0.4;0.4_0;0;0_0;0;0_-100;2;5475_-100;2;5475_-100;2;5475,26.6356164383562,Incidence,0.000143643105375635
NbyGQVwzFc_loc12_loop6,12,ITN 0%/IRS 0%/Larvicide 0%,0;0.4;0.4_0;0;0_0;0;0_-100;2;5475_-100;2;5475_-100;2;5475,26.6383561643836,Incidence,0.000143732035279029
NbyGQVwzFc_loc12_loop6,12,ITN 0%/IRS 0%/Larvicide 0%,0;0.4;0.4_0;0;0_0;0;0_-100;2;5475_-100;2;5475_-100;2;5475,26.641095890411,Incidence,0.000143820988733002
NbyGQVwzFc_loc12_loop6,12,ITN 0%/IRS 0%/Larvicide 0%,0;0.4;0.4_0;0;0_0;0;0_-100;2;5475_-100;2;5475_-100;2;5475,26.6438356164384,Incidence,0.000143909965607645
NbyGQVwzFc_loc12_loop6,12,ITN 0%/IRS 0%/Larvicide 0%,0;0.4;0.4_0;0;0_0;0;0_-100;2;5475_-100;2;5475_-100;2;5475,26.6465753424658,Incidence,0.000143998965773032
NbyGQVwzFc_loc12_loop6,12,ITN 0%/IRS 0%/Larvicide 0%,0;0.4;0.4_0;0;0_0;0;0_-100;2;5475_-100;2;5475_-100;2;5475,26.6493150684932,Incidence,0.000144087989099219
NbyGQVwzFc_loc12_loop6,12,ITN 0%/IRS 0%/Larvicide 0%,0;0.4;0.4_0;0;0_0;0;0_-100;2;5475_-100;2;5475_-100;2;5475,26.6520547945206,Incidence,0.000144177035456245
NbyGQVwzFc_loc12_loop6,12,ITN 0%/IRS 0%/Larvicide 0%,0;0.4;0.4_0;0;0_0;0;0_-100;2;5475_-100;2;5475_-100;2;5475,26.654794520548,Incidence,0.00014426610471413
NbyGQVwzFc_loc12_loop6,12,ITN 0%/IRS 0%/Larvicide 0%,0;0.4;0.4_0;0;0_0;0;0_-100;2;5475_-100;2;5475_-100;2;5475,26.6575342465753,Incidence,0.000144355196742877
NbyGQVwzFc_loc12_loop6,12,ITN 0%/IRS 0%/Larvicide 0%,0;0.4;0.4_0;0;0_0;0;0_-100;2;5475_-100;2;5475_-100;2;5475,26.6602739726027,Incidence,0.000144444311412474
NbyGQVwzFc_loc12_loop6,12,ITN 0%/IRS 0%/Larvicide 0%,0;0.4;0.4_0;0;0_0;0;0_-100;2;5475_-100;2;5475_-100;2;5475,26.6630136986301,Incidence,0.000144533448592889
NbyGQVwzFc_loc12_loop6,12,ITN 0%/IRS 0%/Larvicide 0%,0;0.4;0.4_0;0;0_0;0;0_-100;2;5475_-100;2;5475_-100;2;5475,26.6657534246575,Incidence,0.000144622608154078
NbyGQVwzFc_loc12_loop6,12,ITN 0%/IRS 0%/Larvicide 0%,0;0.4;0.4_0;0;0_0;0;0_-100;2;5475_-100;2;5475_-100;2;5475,26.6684931506849,Incidence,0.000144711789965977
NbyGQVwzFc_loc12_loop6,12,ITN 0%/IRS 0%/Larvicide 0%,0;0.4;0.4_0;0;0_0;0;0_-100;2;5475_-100;2;5475_-100;2;5475,26.6712328767123,Incidence,0.000144800993898508
NbyGQVwzFc_loc12_loop6,12,ITN 0%/IRS 0%/Larvicide 0%,0;0.4;0.4_0;0;0_0;0;0_-100;2;5475_-100;2;5475_-100;2;5475,26.6739726027397,Incidence,0.000144890219821576
NbyGQVwzFc_loc12_loop6,12,ITN 0%/IRS 0%/Larvicide 0%,0;0.4;0.4_0;0;0_0;0;0_-100;2;5475_-100;2;5475_-100;2;5475,26.6767123287671,Incidence,0.000144979467605073
NbyGQVwzFc_loc12_loop6,12,ITN 0%/IRS 0%/Larvicide 0%,0;0.4;0.4_0;0;0_0;0;0_-100;2;5475_-100;2;5475_-100;2;5475,26.6794520547945,Incidence,0.000145068737118872
NbyGQVwzFc_loc12_loop6,12,ITN 0%/IRS 0%/Larvicide 0%,0;0.4;0.4_0;0;0_0;0;0_-100;2;5475_-100;2;5475_-100;2;5475,26.6821917808219,Incidence,0.000145158028232836
NbyGQVwzFc_loc12_loop6,12,ITN 0%/IRS 0%/Larvicide 0%,0;0.4;0.4_0;0;0_0;0;0_-100;2;5475_-100;2;5475_-100;2;5475,26.6849315068493,Incidence,0.00014524734081681
NbyGQVwzFc_loc12_loop6,12,ITN 0%/IRS 0%/Larvicide 0%,0;0.4;0.4_0;0;0_0;0;0_-100;2;5475_-100;2;5475_-100;2;5475,26.6876712328767,Incidence,0.000145336674740625
NbyGQVwzFc_loc12_loop6,12,ITN 0%/IRS 0%/Larvicide 0%,0;0.4;0.4_0;0;0_0;0;0_-100;2;5475_-100;2;5475_-100;2;5475,26.6904109589041,Incidence,0.000145426029874098
NbyGQVwzFc_loc12_loop6,12,ITN 0%/IRS 0%/Larvicide 0%,0;0.4;0.4_0;0;0_0;0;0_-100;2;5475_-100;2;5475_-100;2;5475,26.6931506849315,Incidence,0.000145515406087033
NbyGQVwzFc_loc12_loop6,12,ITN 0%/IRS 0%/Larvicide 0%,0;0.4;0.4_0;0;0_0;0;0_-100;2;5475_-100;2;5475_-100;2;5475,26.6958904109589,Incidence,0.00014560480324922
NbyGQVwzFc_loc12_loop6,12,ITN 0%/IRS 0%/Larvicide 0%,0;0.4;0.4_0;0;0_0;0;0_-100;2;5475_-100;2;5475_-100;2;5475,26.6986301369863,Incidence,0.000145694221230435
NbyGQVwzFc_loc12_loop6,12,ITN 0%/IRS 0%/Larvicide 0%,0;0.4;0.4_0;0;0_0;0;0_-100;2;5475_-100;2;5475_-100;2;5475,26.7013698630137,Incidence,0.00014578365990045
NbyGQVwzFc_loc12_loop6,12,ITN 0%/IRS 0%/Larvicide 0%,0;0.4;0.4_0;0;0_0;0;0_-100;2;5475_-100;2;5475_-100;2;5475,26.7041095890411,Incidence,0.000145873119128393
NbyGQVwzFc_loc12_loop6,12,ITN 0%/IRS 0%/Larvicide 0%,0;0.4;0.4_0;0;0_0;0;0_-100;2;5475_-100;2;5475_-100;2;5475,26.7068493150685,Incidence,0.000145962598782452
NbyGQVwzFc_loc12_loop6,12,ITN 0%/IRS 0%/Larvicide 0%,0;0.4;0.4_0;0;0_0;0;0_-100;2;5475_-100;2;5475_-100;2;5475,26.7095890410959,Incidence,0.000146052098730758
NbyGQVwzFc_loc12_loop6,12,ITN 0%/IRS 0%/Larvicide 0%,0;0.4;0.4_0;0;0_0;0;0_-100;2;5475_-100;2;5475_-100;2;5475,26.7123287671233,Incidence,0.000146141618841443
NbyGQVwzFc_loc12_loop6,12,ITN 0%/IRS 0%/Larvicide 0%,0;0.4;0.4_0;0;0_0;0;0_-100;2;5475_-100;2;5475_-100;2;5475,26.7150684931507,Incidence,0.000146231158982639
NbyGQVwzFc_loc12_loop6,12,ITN 0%/IRS 0%/Larvicide 0%,0;0.4;0.4_0;0;0_0;0;0_-100;2;5475_-100;2;5475_-100;2;5475,26.7178082191781,Incidence,0.000146320719022479
NbyGQVwzFc_loc12_loop6,12,ITN 0%/IRS 0%/Larvicide 0%,0;0.4;0.4_0;0;0_0;0;0_-100;2;5475_-100;2;5475_-100;2;5475,26.7205479452055,Incidence,0.000146410298829097
NbyGQVwzFc_loc12_loop6,12,ITN 0%/IRS 0%/Larvicide 0%,0;0.4;0.4_0;0;0_0;0;0_-100;2;5475_-100;2;5475_-100;2;5475,26.7232876712329,Incidence,0.000146499898270629
NbyGQVwzFc_loc12_loop6,12,ITN 0%/IRS 0%/Larvicide 0%,0;0.4;0.4_0;0;0_0;0;0_-100;2;5475_-100;2;5475_-100;2;5475,26.7260273972603,Incidence,0.000146589517215211
NbyGQVwzFc_loc12_loop6,12,ITN 0%/IRS 0%/Larvicide 0%,0;0.4;0.4_0;0;0_0;0;0_-100;2;5475_-100;2;5475_-100;2;5475,26.7287671232877,Incidence,0.000146679155530983
NbyGQVwzFc_loc12_loop6,12,ITN 0%/IRS 0%/Larvicide 0%,0;0.4;0.4_0;0;0_0;0;0_-100;2;5475_-100;2;5475_-100;2;5475,26.7315068493151,Incidence,0.000146768813086084
NbyGQVwzFc_loc12_loop6,12,ITN 0%/IRS 0%/Larvicide 0%,0;0.4;0.4_0;0;0_0;0;0_-100;2;5475_-100;2;5475_-100;2;5475,26.7342465753425,Incidence,0.000146858489748658
NbyGQVwzFc_loc12_loop6,12,ITN 0%/IRS 0%/Larvicide 0%,0;0.4;0.4_0;0;0_0;0;0_-100;2;5475_-100;2;5475_-100;2;5475,26.7369863013699,Incidence,0.000146948185386851
NbyGQVwzFc_loc12_loop6,12,ITN 0%/IRS 0%/Larvicide 0%,0;0.4;0.4_0;0;0_0;0;0_-100;2;5475_-100;2;5475_-100;2;5475,26.7397260273973,Incidence,0.000147037899868813
NbyGQVwzFc_loc12_loop6,12,ITN 0%/IRS 0%/Larvicide 0%,0;0.4;0.4_0;0;0_0;0;0_-100;2;5475_-100;2;5475_-100;2;5475,26.7424657534247,Incidence,0.000147127633062696
NbyGQVwzFc_loc12_loop6,12,ITN 0%/IRS 0%/Larvicide 0%,0;0.4;0.4_0;0;0_0;0;0_-100;2;5475_-100;2;5475_-100;2;5475,26.7452054794521,Incidence,0.000147217384836655
NbyGQVwzFc_loc12_loop6,12,ITN 0%/IRS 0%/Larvicide 0%,0;0.4;0.4_0;0;0_0;0;0_-100;2;5475_-100;2;5475_-100;2;5475,26.7479452054795,Incidence,0.000147307155058852
NbyGQVwzFc_loc12_loop6,12,ITN 0%/IRS 0%/Larvicide 0%,0;0.4;0.4_0;0;0_0;0;0_-100;2;5475_-100;2;5475_-100;2;5475,26.7506849315069,Incidence,0.00014739694359745
NbyGQVwzFc_loc12_loop6,12,ITN 0%/IRS 0%/Larvicide 0%,0;0.4;0.4_0;0;0_0;0;0_-100;2;5475_-100;2;5475_-100;2;5475,26.7534246575343,Incidence,0.000147486750320619
NbyGQVwzFc_loc12_loop6,12,ITN 0%/IRS 0%/Larvicide 0%,0;0.4;0.4_0;0;0_0;0;0_-100;2;5475_-100;2;5475_-100;2;5475,26.7561643835616,Incidence,0.000147576575096532
NbyGQVwzFc_loc12_loop6,12,ITN 0%/IRS 0%/Larvicide 0%,0;0.4;0.4_0;0;0_0;0;0_-100;2;5475_-100;2;5475_-100;2;5475,26.758904109589,Incidence,0.000147666417793368
NbyGQVwzFc_loc12_loop6,12,ITN 0%/IRS 0%/Larvicide 0%,0;0.4;0.4_0;0;0_0;0;0_-100;2;5475_-100;2;5475_-100;2;5475,26.7616438356164,Incidence,0.000147756278279311
NbyGQVwzFc_loc12_loop6,12,ITN 0%/IRS 0%/Larvicide 0%,0;0.4;0.4_0;0;0_0;0;0_-100;2;5475_-100;2;5475_-100;2;5475,26.7643835616438,Incidence,0.000147846156422552
NbyGQVwzFc_loc12_loop6,12,ITN 0%/IRS 0%/Larvicide 0%,0;0.4;0.4_0;0;0_0;0;0_-100;2;5475_-100;2;5475_-100;2;5475,26.7671232876712,Incidence,0.000147936052091286
NbyGQVwzFc_loc12_loop6,12,ITN 0%/IRS 0%/Larvicide 0%,0;0.4;0.4_0;0;0_0;0;0_-100;2;5475_-100;2;5475_-100;2;5475,26.7698630136986,Incidence,0.000148025965153717
NbyGQVwzFc_loc12_loop6,12,ITN 0%/IRS 0%/Larvicide 0%,0;0.4;0.4_0;0;0_0;0;0_-100;2;5475_-100;2;5475_-100;2;5475,26.772602739726,Incidence,0.000148115895478053
NbyGQVwzFc_loc12_loop6,12,ITN 0%/IRS 0%/Larvicide 0%,0;0.4;0.4_0;0;0_0;0;0_-100;2;5475_-100;2;5475_-100;2;5475,26.7753424657534,Incidence,0.000148205842932511
NbyGQVwzFc_loc12_loop6,12,ITN 0%/IRS 0%/Larvicide 0%,0;0.4;0.4_0;0;0_0;0;0_-100;2;5475_-100;2;5475_-100;2;5475,26.7780821917808,Incidence,0.000148295807385314
NbyGQVwzFc_loc12_loop6,12,ITN 0%/IRS 0%/Larvicide 0%,0;0.4;0.4_0;0;0_0;0;0_-100;2;5475_-100;2;5475_-100;2;5475,26.7808219178082,Incidence,0.000148385788704692
NbyGQVwzFc_loc12_loop6,12,ITN 0%/IRS 0%/Larvicide 0%,0;0.4;0.4_0;0;0_0;0;0_-100;2;5475_-100;2;5475_-100;2;5475,26.7835616438356,Incidence,0.000148475786758886
NbyGQVwzFc_loc12_loop6,12,ITN 0%/IRS 0%/Larvicide 0%,0;0.4;0.4_0;0;0_0;0;0_-100;2;5475_-100;2;5475_-100;2;5475,26.786301369863,Incidence,0.000148565801416142
NbyGQVwzFc_loc12_loop6,12,ITN 0%/IRS 0%/Larvicide 0%,0;0.4;0.4_0;0;0_0;0;0_-100;2;5475_-100;2;5475_-100;2;5475,26.7890410958904,Incidence,0.000148655832544716
NbyGQVwzFc_loc12_loop6,12,ITN 0%/IRS 0%/Larvicide 0%,0;0.4;0.4_0;0;0_0;0;0_-100;2;5475_-100;2;5475_-100;2;5475,26.7917808219178,Incidence,0.000148745880012872
NbyGQVwzFc_loc12_loop6,12,ITN 0%/IRS 0%/Larvicide 0%,0;0.4;0.4_0;0;0_0;0;0_-100;2;5475_-100;2;5475_-100;2;5475,26.7945205479452,Incidence,0.000148835943688885
NbyGQVwzFc_loc12_loop6,12,ITN 0%/IRS 0%/Larvicide 0%,0;0.4;0.4_0;0;0_0;0;0_-100;2;5475_-100;2;5475_-100;2;5475,26.7972602739726,Incidence,0.000148926023441037
NbyGQVwzFc_loc12_loop6,12,ITN 0%/IRS 0%/Larvicide 0%,0;0.4;0.4_0;0;0_0;0;0_-100;2;5475_-100;2;5475_-100;2;5475,26.8,Incidence,0.00014901611913762
NbyGQVwzFc_loc12_loop6,12,ITN 0%/IRS 0%/Larvicide 0%,0;0.4;0.4_0;0;0_0;0;0_-100;2;5475_-100;2;5475_-100;2;5475,26.8027397260274,Incidence,0.000149106230646939
NbyGQVwzFc_loc12_loop6,12,ITN 0%/IRS 0%/Larvicide 0%,0;0.4;0.4_0;0;0_0;0;0_-100;2;5475_-100;2;5475_-100;2;5475,26.8054794520548,Incidence,0.000149196357837306
NbyGQVwzFc_loc12_loop6,12,ITN 0%/IRS 0%/Larvicide 0%,0;0.4;0.4_0;0;0_0;0;0_-100;2;5475_-100;2;5475_-100;2;5475,26.8082191780822,Incidence,0.000149286500577047
NbyGQVwzFc_loc12_loop6,12,ITN 0%/IRS 0%/Larvicide 0%,0;0.4;0.4_0;0;0_0;0;0_-100;2;5475_-100;2;5475_-100;2;5475,26.8109589041096,Incidence,0.000149376658734495
NbyGQVwzFc_loc12_loop6,12,ITN 0%/IRS 0%/Larvicide 0%,0;0.4;0.4_0;0;0_0;0;0_-100;2;5475_-100;2;5475_-100;2;5475,26.813698630137,Incidence,0.000149466832177999
NbyGQVwzFc_loc12_loop6,12,ITN 0%/IRS 0%/Larvicide 0%,0;0.4;0.4_0;0;0_0;0;0_-100;2;5475_-100;2;5475_-100;2;5475,26.8164383561644,Incidence,0.000149557020775915
NbyGQVwzFc_loc12_loop6,12,ITN 0%/IRS 0%/Larvicide 0%,0;0.4;0.4_0;0;0_0;0;0_-100;2;5475_-100;2;5475_-100;2;5475,26.8191780821918,Incidence,0.000149647224396615
NbyGQVwzFc_loc12_loop6,12,ITN 0%/IRS 0%/Larvicide 0%,0;0.4;0.4_0;0;0_0;0;0_-100;2;5475_-100;2;5475_-100;2;5475,26.8219178082192,Incidence,0.000149737442908482
NbyGQVwzFc_loc12_loop6,12,ITN 0%/IRS 0%/Larvicide 0%,0;0.4;0.4_0;0;0_0;0;0_-100;2;5475_-100;2;5475_-100;2;5475,26.8246575342466,Incidence,0.000149827676179911
NbyGQVwzFc_loc12_loop6,12,ITN 0%/IRS 0%/Larvicide 0%,0;0.4;0.4_0;0;0_0;0;0_-100;2;5475_-100;2;5475_-100;2;5475,26.827397260274,Incidence,0.000149917924079309
NbyGQVwzFc_loc12_loop6,12,ITN 0%/IRS 0%/Larvicide 0%,0;0.4;0.4_0;0;0_0;0;0_-100;2;5475_-100;2;5475_-100;2;5475,26.8301369863014,Incidence,0.0001500081864751
NbyGQVwzFc_loc12_loop6,12,ITN 0%/IRS 0%/Larvicide 0%,0;0.4;0.4_0;0;0_0;0;0_-100;2;5475_-100;2;5475_-100;2;5475,26.8328767123288,Incidence,0.000150098463235632
NbyGQVwzFc_loc12_loop6,12,ITN 0%/IRS 0%/Larvicide 0%,0;0.4;0.4_0;0;0_0;0;0_-100;2;5475_-100;2;5475_-100;2;5475,26.8356164383562,Incidence,0.000150188754228467
NbyGQVwzFc_loc12_loop6,12,ITN 0%/IRS 0%/Larvicide 0%,0;0.4;0.4_0;0;0_0;0;0_-100;2;5475_-100;2;5475_-100;2;5475,26.8383561643836,Incidence,0.000150279059320772
NbyGQVwzFc_loc12_loop6,12,ITN 0%/IRS 0%/Larvicide 0%,0;0.4;0.4_0;0;0_0;0;0_-100;2;5475_-100;2;5475_-100;2;5475,26.841095890411,Incidence,0.000150369378379733
NbyGQVwzFc_loc12_loop6,12,ITN 0%/IRS 0%/Larvicide 0%,0;0.4;0.4_0;0;0_0;0;0_-100;2;5475_-100;2;5475_-100;2;5475,26.8438356164384,Incidence,0.000150459711272564
NbyGQVwzFc_loc12_loop6,12,ITN 0%/IRS 0%/Larvicide 0%,0;0.4;0.4_0;0;0_0;0;0_-100;2;5475_-100;2;5475_-100;2;5475,26.8465753424658,Incidence,0.000150550057866505
NbyGQVwzFc_loc12_loop6,12,ITN 0%/IRS 0%/Larvicide 0%,0;0.4;0.4_0;0;0_0;0;0_-100;2;5475_-100;2;5475_-100;2;5475,26.8493150684932,Incidence,0.000150640418028824
NbyGQVwzFc_loc12_loop6,12,ITN 0%/IRS 0%/Larvicide 0%,0;0.4;0.4_0;0;0_0;0;0_-100;2;5475_-100;2;5475_-100;2;5475,26.8520547945206,Incidence,0.000150730791626817
NbyGQVwzFc_loc12_loop6,12,ITN 0%/IRS 0%/Larvicide 0%,0;0.4;0.4_0;0;0_0;0;0_-100;2;5475_-100;2;5475_-100;2;5475,26.8547945205479,Incidence,0.000150821178527804
NbyGQVwzFc_loc12_loop6,12,ITN 0%/IRS 0%/Larvicide 0%,0;0.4;0.4_0;0;0_0;0;0_-100;2;5475_-100;2;5475_-100;2;5475,26.8575342465753,Incidence,0.000150911578599139
NbyGQVwzFc_loc12_loop6,12,ITN 0%/IRS 0%/Larvicide 0%,0;0.4;0.4_0;0;0_0;0;0_-100;2;5475_-100;2;5475_-100;2;5475,26.8602739726027,Incidence,0.000151001991708198
NbyGQVwzFc_loc12_loop6,12,ITN 0%/IRS 0%/Larvicide 0%,0;0.4;0.4_0;0;0_0;0;0_-100;2;5475_-100;2;5475_-100;2;5475,26.8630136986301,Incidence,0.000151092417722391
NbyGQVwzFc_loc12_loop6,12,ITN 0%/IRS 0%/Larvicide 0%,0;0.4;0.4_0;0;0_0;0;0_-100;2;5475_-100;2;5475_-100;2;5475,26.8657534246575,Incidence,0.000151182856509156
NbyGQVwzFc_loc12_loop6,12,ITN 0%/IRS 0%/Larvicide 0%,0;0.4;0.4_0;0;0_0;0;0_-100;2;5475_-100;2;5475_-100;2;5475,26.8684931506849,Incidence,0.000151273307935957
NbyGQVwzFc_loc12_loop6,12,ITN 0%/IRS 0%/Larvicide 0%,0;0.4;0.4_0;0;0_0;0;0_-100;2;5475_-100;2;5475_-100;2;5475,26.8712328767123,Incidence,0.000151363771870291
NbyGQVwzFc_loc12_loop6,12,ITN 0%/IRS 0%/Larvicide 0%,0;0.4;0.4_0;0;0_0;0;0_-100;2;5475_-100;2;5475_-100;2;5475,26.8739726027397,Incidence,0.000151454248179686
NbyGQVwzFc_loc12_loop6,12,ITN 0%/IRS 0%/Larvicide 0%,0;0.4;0.4_0;0;0_0;0;0_-100;2;5475_-100;2;5475_-100;2;5475,26.8767123287671,Incidence,0.000151544736731697
NbyGQVwzFc_loc12_loop6,12,ITN 0%/IRS 0%/Larvicide 0%,0;0.4;0.4_0;0;0_0;0;0_-100;2;5475_-100;2;5475_-100;2;5475,26.8794520547945,Incidence,0.000151635237393913
NbyGQVwzFc_loc12_loop6,12,ITN 0%/IRS 0%/Larvicide 0%,0;0.4;0.4_0;0;0_0;0;0_-100;2;5475_-100;2;5475_-100;2;5475,26.8821917808219,Incidence,0.000151725750033953
NbyGQVwzFc_loc12_loop6,12,ITN 0%/IRS 0%/Larvicide 0%,0;0.4;0.4_0;0;0_0;0;0_-100;2;5475_-100;2;5475_-100;2;5475,26.8849315068493,Incidence,0.000151816274519468
NbyGQVwzFc_loc12_loop6,12,ITN 0%/IRS 0%/Larvicide 0%,0;0.4;0.4_0;0;0_0;0;0_-100;2;5475_-100;2;5475_-100;2;5475,26.8876712328767,Incidence,0.000151906810718139
NbyGQVwzFc_loc12_loop6,12,ITN 0%/IRS 0%/Larvicide 0%,0;0.4;0.4_0;0;0_0;0;0_-100;2;5475_-100;2;5475_-100;2;5475,26.8904109589041,Incidence,0.000151997358497682
NbyGQVwzFc_loc12_loop6,12,ITN 0%/IRS 0%/Larvicide 0%,0;0.4;0.4_0;0;0_0;0;0_-100;2;5475_-100;2;5475_-100;2;5475,26.8931506849315,Incidence,0.000152087917725844
NbyGQVwzFc_loc12_loop6,12,ITN 0%/IRS 0%/Larvicide 0%,0;0.4;0.4_0;0;0_0;0;0_-100;2;5475_-100;2;5475_-100;2;5475,26.8958904109589,Incidence,0.000152178488270404
NbyGQVwzFc_loc12_loop6,12,ITN 0%/IRS 0%/Larvicide 0%,0;0.4;0.4_0;0;0_0;0;0_-100;2;5475_-100;2;5475_-100;2;5475,26.8986301369863,Incidence,0.000152269069999178
NbyGQVwzFc_loc12_loop6,12,ITN 0%/IRS 0%/Larvicide 0%,0;0.4;0.4_0;0;0_0;0;0_-100;2;5475_-100;2;5475_-100;2;5475,26.9013698630137,Incidence,0.000152359662780011
NbyGQVwzFc_loc12_loop6,12,ITN 0%/IRS 0%/Larvicide 0%,0;0.4;0.4_0;0;0_0;0;0_-100;2;5475_-100;2;5475_-100;2;5475,26.9041095890411,Incidence,0.000152450266480785
NbyGQVwzFc_loc12_loop6,12,ITN 0%/IRS 0%/Larvicide 0%,0;0.4;0.4_0;0;0_0;0;0_-100;2;5475_-100;2;5475_-100;2;5475,26.9068493150685,Incidence,0.000152540880969416
NbyGQVwzFc_loc12_loop6,12,ITN 0%/IRS 0%/Larvicide 0%,0;0.4;0.4_0;0;0_0;0;0_-100;2;5475_-100;2;5475_-100;2;5475,26.9095890410959,Incidence,0.000152631506113854
NbyGQVwzFc_loc12_loop6,12,ITN 0%/IRS 0%/Larvicide 0%,0;0.4;0.4_0;0;0_0;0;0_-100;2;5475_-100;2;5475_-100;2;5475,26.9123287671233,Incidence,0.000152722141782084
NbyGQVwzFc_loc12_loop6,12,ITN 0%/IRS 0%/Larvicide 0%,0;0.4;0.4_0;0;0_0;0;0_-100;2;5475_-100;2;5475_-100;2;5475,26.9150684931507,Incidence,0.000152812787842128
NbyGQVwzFc_loc12_loop6,12,ITN 0%/IRS 0%/Larvicide 0%,0;0.4;0.4_0;0;0_0;0;0_-100;2;5475_-100;2;5475_-100;2;5475,26.9178082191781,Incidence,0.000152903444162042
NbyGQVwzFc_loc12_loop6,12,ITN 0%/IRS 0%/Larvicide 0%,0;0.4;0.4_0;0;0_0;0;0_-100;2;5475_-100;2;5475_-100;2;5475,26.9205479452055,Incidence,0.000152994110609919
NbyGQVwzFc_loc12_loop6,12,ITN 0%/IRS 0%/Larvicide 0%,0;0.4;0.4_0;0;0_0;0;0_-100;2;5475_-100;2;5475_-100;2;5475,26.9232876712329,Incidence,0.000153084787053888
NbyGQVwzFc_loc12_loop6,12,ITN 0%/IRS 0%/Larvicide 0%,0;0.4;0.4_0;0;0_0;0;0_-100;2;5475_-100;2;5475_-100;2;5475,26.9260273972603,Incidence,0.000153175473362117
NbyGQVwzFc_loc12_loop6,12,ITN 0%/IRS 0%/Larvicide 0%,0;0.4;0.4_0;0;0_0;0;0_-100;2;5475_-100;2;5475_-100;2;5475,26.9287671232877,Incidence,0.000153266169402808
NbyGQVwzFc_loc12_loop6,12,ITN 0%/IRS 0%/Larvicide 0%,0;0.4;0.4_0;0;0_0;0;0_-100;2;5475_-100;2;5475_-100;2;5475,26.9315068493151,Incidence,0.000153356875044204
NbyGQVwzFc_loc12_loop6,12,ITN 0%/IRS 0%/Larvicide 0%,0;0.4;0.4_0;0;0_0;0;0_-100;2;5475_-100;2;5475_-100;2;5475,26.9342465753425,Incidence,0.000153447590154582
NbyGQVwzFc_loc12_loop6,12,ITN 0%/IRS 0%/Larvicide 0%,0;0.4;0.4_0;0;0_0;0;0_-100;2;5475_-100;2;5475_-100;2;5475,26.9369863013699,Incidence,0.000153538314602262
NbyGQVwzFc_loc12_loop6,12,ITN 0%/IRS 0%/Larvicide 0%,0;0.4;0.4_0;0;0_0;0;0_-100;2;5475_-100;2;5475_-100;2;5475,26.9397260273973,Incidence,0.000153629048255599
NbyGQVwzFc_loc12_loop6,12,ITN 0%/IRS 0%/Larvicide 0%,0;0.4;0.4_0;0;0_0;0;0_-100;2;5475_-100;2;5475_-100;2;5475,26.9424657534247,Incidence,0.00015371979098299
NbyGQVwzFc_loc12_loop6,12,ITN 0%/IRS 0%/Larvicide 0%,0;0.4;0.4_0;0;0_0;0;0_-100;2;5475_-100;2;5475_-100;2;5475,26.9452054794521,Incidence,0.000153810542652869
NbyGQVwzFc_loc12_loop6,12,ITN 0%/IRS 0%/Larvicide 0%,0;0.4;0.4_0;0;0_0;0;0_-100;2;5475_-100;2;5475_-100;2;5475,26.9479452054795,Incidence,0.000153901303133712
NbyGQVwzFc_loc12_loop6,12,ITN 0%/IRS 0%/Larvicide 0%,0;0.4;0.4_0;0;0_0;0;0_-100;2;5475_-100;2;5475_-100;2;5475,26.9506849315069,Incidence,0.000153992072294035
NbyGQVwzFc_loc12_loop6,12,ITN 0%/IRS 0%/Larvicide 0%,0;0.4;0.4_0;0;0_0;0;0_-100;2;5475_-100;2;5475_-100;2;5475,26.9534246575343,Incidence,0.000154082850002393
NbyGQVwzFc_loc12_loop6,12,ITN 0%/IRS 0%/Larvicide 0%,0;0.4;0.4_0;0;0_0;0;0_-100;2;5475_-100;2;5475_-100;2;5475,26.9561643835616,Incidence,0.000154173636127383
NbyGQVwzFc_loc12_loop6,12,ITN 0%/IRS 0%/Larvicide 0%,0;0.4;0.4_0;0;0_0;0;0_-100;2;5475_-100;2;5475_-100;2;5475,26.958904109589,Incidence,0.000154264430537645
NbyGQVwzFc_loc12_loop6,12,ITN 0%/IRS 0%/Larvicide 0%,0;0.4;0.4_0;0;0_0;0;0_-100;2;5475_-100;2;5475_-100;2;5475,26.9616438356164,Incidence,0.000154355233101858
NbyGQVwzFc_loc12_loop6,12,ITN 0%/IRS 0%/Larvicide 0%,0;0.4;0.4_0;0;0_0;0;0_-100;2;5475_-100;2;5475_-100;2;5475,26.9643835616438,Incidence,0.000154446043688745
NbyGQVwzFc_loc12_loop6,12,ITN 0%/IRS 0%/Larvicide 0%,0;0.4;0.4_0;0;0_0;0;0_-100;2;5475_-100;2;5475_-100;2;5475,26.9671232876712,Incidence,0.00015453686216707
NbyGQVwzFc_loc12_loop6,12,ITN 0%/IRS 0%/Larvicide 0%,0;0.4;0.4_0;0;0_0;0;0_-100;2;5475_-100;2;5475_-100;2;5475,26.9698630136986,Incidence,0.000154627688405643
NbyGQVwzFc_loc12_loop6,12,ITN 0%/IRS 0%/Larvicide 0%,0;0.4;0.4_0;0;0_0;0;0_-100;2;5475_-100;2;5475_-100;2;5475,26.972602739726,Incidence,0.000154718522273315
NbyGQVwzFc_loc12_loop6,12,ITN 0%/IRS 0%/Larvicide 0%,0;0.4;0.4_0;0;0_0;0;0_-100;2;5475_-100;2;5475_-100;2;5475,26.9753424657534,Incidence,0.00015480936363867
NbyGQVwzFc_loc12_loop6,12,ITN 0%/IRS 0%/Larvicide 0%,0;0.4;0.4_0;0;0_0;0;0_-100;2;5475_-100;2;5475_-100;2;5475,26.9780821917808,Incidence,0.000154900212369586
NbyGQVwzFc_loc12_loop6,12,ITN 0%/IRS 0%/Larvicide 0%,0;0.4;0.4_0;0;0_0;0;0_-100;2;5475_-100;2;5475_-100;2;5475,26.9808219178082,Incidence,0.000154991068334027
NbyGQVwzFc_loc12_loop6,12,ITN 0%/IRS 0%/Larvicide 0%,0;0.4;0.4_0;0;0_0;0;0_-100;2;5475_-100;2;5475_-100;2;5475,26.9835616438356,Incidence,0.000155081931400014
NbyGQVwzFc_loc12_loop6,12,ITN 0%/IRS 0%/Larvicide 0%,0;0.4;0.4_0;0;0_0;0;0_-100;2;5475_-100;2;5475_-100;2;5475,26.986301369863,Incidence,0.000155172801435625
NbyGQVwzFc_loc12_loop6,12,ITN 0%/IRS 0%/Larvicide 0%,0;0.4;0.4_0;0;0_0;0;0_-100;2;5475_-100;2;5475_-100;2;5475,26.9890410958904,Incidence,0.000155263678308993
NbyGQVwzFc_loc12_loop6,12,ITN 0%/IRS 0%/Larvicide 0%,0;0.4;0.4_0;0;0_0;0;0_-100;2;5475_-100;2;5475_-100;2;5475,26.9917808219178,Incidence,0.000155354561888305
NbyGQVwzFc_loc12_loop6,12,ITN 0%/IRS 0%/Larvicide 0%,0;0.4;0.4_0;0;0_0;0;0_-100;2;5475_-100;2;5475_-100;2;5475,26.9945205479452,Incidence,0.000155445452041809
NbyGQVwzFc_loc12_loop6,12,ITN 0%/IRS 0%/Larvicide 0%,0;0.4;0.4_0;0;0_0;0;0_-100;2;5475_-100;2;5475_-100;2;5475,26.9972602739726,Incidence,0.000155536348637806
NbyGQVwzFc_loc12_loop6,12,ITN 0%/IRS 0%/Larvicide 0%,0;0.4;0.4_0;0;0_0;0;0_-100;2;5475_-100;2;5475_-100;2;5475,27,Incidence,0.000155627251544656
NbyGQVwzFc_loc12_loop6,12,ITN 0%/IRS 0%/Larvicide 0%,0;0.4;0.4_0;0;0_0;0;0_-100;2;5475_-100;2;5475_-100;2;5475,27.0027397260274,Incidence,0.000155718160630777
NbyGQVwzFc_loc12_loop6,12,ITN 0%/IRS 0%/Larvicide 0%,0;0.4;0.4_0;0;0_0;0;0_-100;2;5475_-100;2;5475_-100;2;5475,27.0054794520548,Incidence,0.000155809075764641
NbyGQVwzFc_loc12_loop6,12,ITN 0%/IRS 0%/Larvicide 0%,0;0.4;0.4_0;0;0_0;0;0_-100;2;5475_-100;2;5475_-100;2;5475,27.0082191780822,Incidence,0.000155899996814785
NbyGQVwzFc_loc12_loop6,12,ITN 0%/IRS 0%/Larvicide 0%,0;0.4;0.4_0;0;0_0;0;0_-100;2;5475_-100;2;5475_-100;2;5475,27.0109589041096,Incidence,0.000155990923649799
NbyGQVwzFc_loc12_loop6,12,ITN 0%/IRS 0%/Larvicide 0%,0;0.4;0.4_0;0;0_0;0;0_-100;2;5475_-100;2;5475_-100;2;5475,27.013698630137,Incidence,0.000156081856138336
NbyGQVwzFc_loc12_loop6,12,ITN 0%/IRS 0%/Larvicide 0%,0;0.4;0.4_0;0;0_0;0;0_-100;2;5475_-100;2;5475_-100;2;5475,27.0164383561644,Incidence,0.000156172794149106
NbyGQVwzFc_loc12_loop6,12,ITN 0%/IRS 0%/Larvicide 0%,0;0.4;0.4_0;0;0_0;0;0_-100;2;5475_-100;2;5475_-100;2;5475,27.0191780821918,Incidence,0.000156263737550878
NbyGQVwzFc_loc12_loop6,12,ITN 0%/IRS 0%/Larvicide 0%,0;0.4;0.4_0;0;0_0;0;0_-100;2;5475_-100;2;5475_-100;2;5475,27.0219178082192,Incidence,0.000156354686212486
NbyGQVwzFc_loc12_loop6,12,ITN 0%/IRS 0%/Larvicide 0%,0;0.4;0.4_0;0;0_0;0;0_-100;2;5475_-100;2;5475_-100;2;5475,27.0246575342466,Incidence,0.000156445640002818
NbyGQVwzFc_loc12_loop6,12,ITN 0%/IRS 0%/Larvicide 0%,0;0.4;0.4_0;0;0_0;0;0_-100;2;5475_-100;2;5475_-100;2;5475,27.027397260274,Incidence,0.000156536598790829
NbyGQVwzFc_loc12_loop6,12,ITN 0%/IRS 0%/Larvicide 0%,0;0.4;0.4_0;0;0_0;0;0_-100;2;5475_-100;2;5475_-100;2;5475,27.0301369863014,Incidence,0.000156627562445533
NbyGQVwzFc_loc12_loop6,12,ITN 0%/IRS 0%/Larvicide 0%,0;0.4;0.4_0;0;0_0;0;0_-100;2;5475_-100;2;5475_-100;2;5475,27.0328767123288,Incidence,0.000132234929222254
NbyGQVwzFc_loc12_loop6,12,ITN 0%/IRS 0%/Larvicide 0%,0;0.4;0.4_0;0;0_0;0;0_-100;2;5475_-100;2;5475_-100;2;5475,27.0356164383562,Incidence,0.000131785395496759
NbyGQVwzFc_loc12_loop6,12,ITN 0%/IRS 0%/Larvicide 0%,0;0.4;0.4_0;0;0_0;0;0_-100;2;5475_-100;2;5475_-100;2;5475,27.0383561643836,Incidence,0.000131385169069114
NbyGQVwzFc_loc12_loop6,12,ITN 0%/IRS 0%/Larvicide 0%,0;0.4;0.4_0;0;0_0;0;0_-100;2;5475_-100;2;5475_-100;2;5475,27.041095890411,Incidence,0.000131030880176828
NbyGQVwzFc_loc12_loop6,12,ITN 0%/IRS 0%/Larvicide 0%,0;0.4;0.4_0;0;0_0;0;0_-100;2;5475_-100;2;5475_-100;2;5475,27.0438356164384,Incidence,0.000130718325550247
NbyGQVwzFc_loc12_loop6,12,ITN 0%/IRS 0%/Larvicide 0%,0;0.4;0.4_0;0;0_0;0;0_-100;2;5475_-100;2;5475_-100;2;5475,27.0465753424658,Incidence,0.000130443686829006
NbyGQVwzFc_loc12_loop6,12,ITN 0%/IRS 0%/Larvicide 0%,0;0.4;0.4_0;0;0_0;0;0_-100;2;5475_-100;2;5475_-100;2;5475,27.0493150684932,Incidence,0.000130203495224319
NbyGQVwzFc_loc12_loop6,12,ITN 0%/IRS 0%/Larvicide 0%,0;0.4;0.4_0;0;0_0;0;0_-100;2;5475_-100;2;5475_-100;2;5475,27.0520547945206,Incidence,0.000129994599419763
NbyGQVwzFc_loc12_loop6,12,ITN 0%/IRS 0%/Larvicide 0%,0;0.4;0.4_0;0;0_0;0;0_-100;2;5475_-100;2;5475_-100;2;5475,27.0547945205479,Incidence,0.0001298205042142
NbyGQVwzFc_loc12_loop6,12,ITN 0%/IRS 0%/Larvicide 0%,0;0.4;0.4_0;0;0_0;0;0_-100;2;5475_-100;2;5475_-100;2;5475,27.0575342465753,Incidence,0.000129265329570943
NbyGQVwzFc_loc12_loop6,12,ITN 0%/IRS 0%/Larvicide 0%,0;0.4;0.4_0;0;0_0;0;0_-100;2;5475_-100;2;5475_-100;2;5475,27.0602739726027,Incidence,0.000128695313812365
NbyGQVwzFc_loc12_loop6,12,ITN 0%/IRS 0%/Larvicide 0%,0;0.4;0.4_0;0;0_0;0;0_-100;2;5475_-100;2;5475_-100;2;5475,27.0630136986301,Incidence,0.000128145838924543
NbyGQVwzFc_loc12_loop6,12,ITN 0%/IRS 0%/Larvicide 0%,0;0.4;0.4_0;0;0_0;0;0_-100;2;5475_-100;2;5475_-100;2;5475,27.0657534246575,Incidence,0.000127618611637153
NbyGQVwzFc_loc12_loop6,12,ITN 0%/IRS 0%/Larvicide 0%,0;0.4;0.4_0;0;0_0;0;0_-100;2;5475_-100;2;5475_-100;2;5475,27.0684931506849,Incidence,0.000127114848105782
NbyGQVwzFc_loc12_loop6,12,ITN 0%/IRS 0%/Larvicide 0%,0;0.4;0.4_0;0;0_0;0;0_-100;2;5475_-100;2;5475_-100;2;5475,27.0712328767123,Incidence,0.000126635362272406
NbyGQVwzFc_loc12_loop6,12,ITN 0%/IRS 0%/Larvicide 0%,0;0.4;0.4_0;0;0_0;0;0_-100;2;5475_-100;2;5475_-100;2;5475,27.0739726027397,Incidence,0.000126180633652228
NbyGQVwzFc_loc12_loop6,12,ITN 0%/IRS 0%/Larvicide 0%,0;0.4;0.4_0;0;0_0;0;0_-100;2;5475_-100;2;5475_-100;2;5475,27.0767123287671,Incidence,0.000125750862501653
NbyGQVwzFc_loc12_loop6,12,ITN 0%/IRS 0%/Larvicide 0%,0;0.4;0.4_0;0;0_0;0;0_-100;2;5475_-100;2;5475_-100;2;5475,27.0794520547945,Incidence,0.000125346016636855
NbyGQVwzFc_loc12_loop6,12,ITN 0%/IRS 0%/Larvicide 0%,0;0.4;0.4_0;0;0_0;0;0_-100;2;5475_-100;2;5475_-100;2;5475,27.0821917808219,Incidence,0.000124965871596471
NbyGQVwzFc_loc12_loop6,12,ITN 0%/IRS 0%/Larvicide 0%,0;0.4;0.4_0;0;0_0;0;0_-100;2;5475_-100;2;5475_-100;2;5475,27.0849315068493,Incidence,0.000124610045309663
NbyGQVwzFc_loc12_loop6,12,ITN 0%/IRS 0%/Larvicide 0%,0;0.4;0.4_0;0;0_0;0;0_-100;2;5475_-100;2;5475_-100;2;5475,27.0876712328767,Incidence,0.000124278028039575
NbyGQVwzFc_loc12_loop6,12,ITN 0%/IRS 0%/Larvicide 0%,0;0.4;0.4_0;0;0_0;0;0_-100;2;5475_-100;2;5475_-100;2;5475,27.0904109589041,Incidence,0.000123244194140159
NbyGQVwzFc_loc12_loop6,12,ITN 0%/IRS 0%/Larvicide 0%,0;0.4;0.4_0;0;0_0;0;0_-100;2;5475_-100;2;5475_-100;2;5475,27.0931506849315,Incidence,0.000121803410250577
NbyGQVwzFc_loc12_loop6,12,ITN 0%/IRS 0%/Larvicide 0%,0;0.4;0.4_0;0;0_0;0;0_-100;2;5475_-100;2;5475_-100;2;5475,27.0958904109589,Incidence,0.000120491467974808
NbyGQVwzFc_loc12_loop6,12,ITN 0%/IRS 0%/Larvicide 0%,0;0.4;0.4_0;0;0_0;0;0_-100;2;5475_-100;2;5475_-100;2;5475,27.0986301369863,Incidence,0.000119297585152528
NbyGQVwzFc_loc12_loop6,12,ITN 0%/IRS 0%/Larvicide 0%,0;0.4;0.4_0;0;0_0;0;0_-100;2;5475_-100;2;5475_-100;2;5475,27.1013698630137,Incidence,0.000118211889640255
NbyGQVwzFc_loc12_loop6,12,ITN 0%/IRS 0%/Larvicide 0%,0;0.4;0.4_0;0;0_0;0;0_-100;2;5475_-100;2;5475_-100;2;5475,27.1041095890411,Incidence,0.000117225340361556
NbyGQVwzFc_loc12_loop6,12,ITN 0%/IRS 0%/Larvicide 0%,0;0.4;0.4_0;0;0_0;0;0_-100;2;5475_-100;2;5475_-100;2;5475,27.1068493150685,Incidence,0.000116329655732816
NbyGQVwzFc_loc12_loop6,12,ITN 0%/IRS 0%/Larvicide 0%,0;0.4;0.4_0;0;0_0;0;0_-100;2;5475_-100;2;5475_-100;2;5475,27.1095890410959,Incidence,0.000115517248652723
NbyGQVwzFc_loc12_loop6,12,ITN 0%/IRS 0%/Larvicide 0%,0;0.4;0.4_0;0;0_0;0;0_-100;2;5475_-100;2;5475_-100;2;5475,27.1123287671233,Incidence,0.000114781167333779
NbyGQVwzFc_loc12_loop6,12,ITN 0%/IRS 0%/Larvicide 0%,0;0.4;0.4_0;0;0_0;0;0_-100;2;5475_-100;2;5475_-100;2;5475,27.1150684931507,Incidence,0.000114115041408003
NbyGQVwzFc_loc12_loop6,12,ITN 0%/IRS 0%/Larvicide 0%,0;0.4;0.4_0;0;0_0;0;0_-100;2;5475_-100;2;5475_-100;2;5475,27.1178082191781,Incidence,0.000113513032790662
NbyGQVwzFc_loc12_loop6,12,ITN 0%/IRS 0%/Larvicide 0%,0;0.4;0.4_0;0;0_0;0;0_-100;2;5475_-100;2;5475_-100;2;5475,27.1205479452055,Incidence,0.000112969790828303
NbyGQVwzFc_loc12_loop6,12,ITN 0%/IRS 0%/Larvicide 0%,0;0.4;0.4_0;0;0_0;0;0_-100;2;5475_-100;2;5475_-100;2;5475,27.1232876712329,Incidence,0.000112479858199381
NbyGQVwzFc_loc12_loop6,12,ITN 0%/IRS 0%/Larvicide 0%,0;0.4;0.4_0;0;0_0;0;0_-100;2;5475_-100;2;5475_-100;2;5475,27.1260273972603,Incidence,0.000112035952248686
NbyGQVwzFc_loc12_loop6,12,ITN 0%/IRS 0%/Larvicide 0%,0;0.4;0.4_0;0;0_0;0;0_-100;2;5475_-100;2;5475_-100;2;5475,27.1287671232877,Incidence,0.000111633800167552
NbyGQVwzFc_loc12_loop6,12,ITN 0%/IRS 0%/Larvicide 0%,0;0.4;0.4_0;0;0_0;0;0_-100;2;5475_-100;2;5475_-100;2;5475,27.1315068493151,Incidence,0.000111269868894991
NbyGQVwzFc_loc12_loop6,12,ITN 0%/IRS 0%/Larvicide 0%,0;0.4;0.4_0;0;0_0;0;0_-100;2;5475_-100;2;5475_-100;2;5475,27.1342465753425,Incidence,0.000110940931144735
NbyGQVwzFc_loc12_loop6,12,ITN 0%/IRS 0%/Larvicide 0%,0;0.4;0.4_0;0;0_0;0;0_-100;2;5475_-100;2;5475_-100;2;5475,27.1369863013699,Incidence,0.000110644037752681
NbyGQVwzFc_loc12_loop6,12,ITN 0%/IRS 0%/Larvicide 0%,0;0.4;0.4_0;0;0_0;0;0_-100;2;5475_-100;2;5475_-100;2;5475,27.1397260273973,Incidence,0.000110376492748989
NbyGQVwzFc_loc12_loop6,12,ITN 0%/IRS 0%/Larvicide 0%,0;0.4;0.4_0;0;0_0;0;0_-100;2;5475_-100;2;5475_-100;2;5475,27.1424657534247,Incidence,0.000110135830852137
NbyGQVwzFc_loc12_loop6,12,ITN 0%/IRS 0%/Larvicide 0%,0;0.4;0.4_0;0;0_0;0;0_-100;2;5475_-100;2;5475_-100;2;5475,27.1452054794521,Incidence,0.000109919794190099
NbyGQVwzFc_loc12_loop6,12,ITN 0%/IRS 0%/Larvicide 0%,0;0.4;0.4_0;0;0_0;0;0_-100;2;5475_-100;2;5475_-100;2;5475,27.1479452054795,Incidence,0.000109726198647222
NbyGQVwzFc_loc12_loop6,12,ITN 0%/IRS 0%/Larvicide 0%,0;0.4;0.4_0;0;0_0;0;0_-100;2;5475_-100;2;5475_-100;2;5475,27.1506849315069,Incidence,0.000109552911257414
NbyGQVwzFc_loc12_loop6,12,ITN 0%/IRS 0%/Larvicide 0%,0;0.4;0.4_0;0;0_0;0;0_-100;2;5475_-100;2;5475_-100;2;5475,27.1534246575343,Incidence,0.000109397992436952
NbyGQVwzFc_loc12_loop6,12,ITN 0%/IRS 0%/Larvicide 0%,0;0.4;0.4_0;0;0_0;0;0_-100;2;5475_-100;2;5475_-100;2;5475,27.1561643835616,Incidence,0.000109259687212696
NbyGQVwzFc_loc12_loop6,12,ITN 0%/IRS 0%/Larvicide 0%,0;0.4;0.4_0;0;0_0;0;0_-100;2;5475_-100;2;5475_-100;2;5475,27.158904109589,Incidence,0.000109136407999918
NbyGQVwzFc_loc12_loop6,12,ITN 0%/IRS 0%/Larvicide 0%,0;0.4;0.4_0;0;0_0;0;0_-100;2;5475_-100;2;5475_-100;2;5475,27.1616438356164,Incidence,0.00010902671894856
NbyGQVwzFc_loc12_loop6,12,ITN 0%/IRS 0%/Larvicide 0%,0;0.4;0.4_0;0;0_0;0;0_-100;2;5475_-100;2;5475_-100;2;5475,27.1643835616438,Incidence,0.000108929321753322
NbyGQVwzFc_loc12_loop6,12,ITN 0%/IRS 0%/Larvicide 0%,0;0.4;0.4_0;0;0_0;0;0_-100;2;5475_-100;2;5475_-100;2;5475,27.1671232876712,Incidence,0.000108843042708253
NbyGQVwzFc_loc12_loop6,12,ITN 0%/IRS 0%/Larvicide 0%,0;0.4;0.4_0;0;0_0;0;0_-100;2;5475_-100;2;5475_-100;2;5475,27.1698630136986,Incidence,0.000108766820977679
NbyGQVwzFc_loc12_loop6,12,ITN 0%/IRS 0%/Larvicide 0%,0;0.4;0.4_0;0;0_0;0;0_-100;2;5475_-100;2;5475_-100;2;5475,27.172602739726,Incidence,0.000108699697965976
NbyGQVwzFc_loc12_loop6,12,ITN 0%/IRS 0%/Larvicide 0%,0;0.4;0.4_0;0;0_0;0;0_-100;2;5475_-100;2;5475_-100;2;5475,27.1753424657534,Incidence,0.000108640807662895
NbyGQVwzFc_loc12_loop6,12,ITN 0%/IRS 0%/Larvicide 0%,0;0.4;0.4_0;0;0_0;0;0_-100;2;5475_-100;2;5475_-100;2;5475,27.1780821917808,Incidence,0.000108589367874994
NbyGQVwzFc_loc12_loop6,12,ITN 0%/IRS 0%/Larvicide 0%,0;0.4;0.4_0;0;0_0;0;0_-100;2;5475_-100;2;5475_-100;2;5475,27.1808219178082,Incidence,0.000108544500144621
NbyGQVwzFc_loc12_loop6,12,ITN 0%/IRS 0%/Larvicide 0%,0;0.4;0.4_0;0;0_0;0;0_-100;2;5475_-100;2;5475_-100;2;5475,27.1835616438356,Incidence,0.000108504931512226
NbyGQVwzFc_loc12_loop6,12,ITN 0%/IRS 0%/Larvicide 0%,0;0.4;0.4_0;0;0_0;0;0_-100;2;5475_-100;2;5475_-100;2;5475,27.186301369863,Incidence,0.000108469534804091
NbyGQVwzFc_loc12_loop6,12,ITN 0%/IRS 0%/Larvicide 0%,0;0.4;0.4_0;0;0_0;0;0_-100;2;5475_-100;2;5475_-100;2;5475,27.1890410958904,Incidence,0.000108437401146668
NbyGQVwzFc_loc12_loop6,12,ITN 0%/IRS 0%/Larvicide 0%,0;0.4;0.4_0;0;0_0;0;0_-100;2;5475_-100;2;5475_-100;2;5475,27.1917808219178,Incidence,0.000108407800060986
NbyGQVwzFc_loc12_loop6,12,ITN 0%/IRS 0%/Larvicide 0%,0;0.4;0.4_0;0;0_0;0;0_-100;2;5475_-100;2;5475_-100;2;5475,27.1945205479452,Incidence,0.000108380146749706
NbyGQVwzFc_loc12_loop6,12,ITN 0%/IRS 0%/Larvicide 0%,0;0.4;0.4_0;0;0_0;0;0_-100;2;5475_-100;2;5475_-100;2;5475,27.1972602739726,Incidence,0.000108353975282324
NbyGQVwzFc_loc12_loop6,12,ITN 0%/IRS 0%/Larvicide 0%,0;0.4;0.4_0;0;0_0;0;0_-100;2;5475_-100;2;5475_-100;2;5475,27.2,Incidence,0.000108328916615368
NbyGQVwzFc_loc12_loop6,12,ITN 0%/IRS 0%/Larvicide 0%,0;0.4;0.4_0;0;0_0;0;0_-100;2;5475_-100;2;5475_-100;2;5475,27.2027397260274,Incidence,0.000108304680577272
NbyGQVwzFc_loc12_loop6,12,ITN 0%/IRS 0%/Larvicide 0%,0;0.4;0.4_0;0;0_0;0;0_-100;2;5475_-100;2;5475_-100;2;5475,27.2054794520548,Incidence,0.000108281041131452
NbyGQVwzFc_loc12_loop6,12,ITN 0%/IRS 0%/Larvicide 0%,0;0.4;0.4_0;0;0_0;0;0_-100;2;5475_-100;2;5475_-100;2;5475,27.2082191780822,Incidence,0.000108257824254625
NbyGQVwzFc_loc12_loop6,12,ITN 0%/IRS 0%/Larvicide 0%,0;0.4;0.4_0;0;0_0;0;0_-100;2;5475_-100;2;5475_-100;2;5475,27.2109589041096,Incidence,0.000108234898010567
NbyGQVwzFc_loc12_loop6,12,ITN 0%/IRS 0%/Larvicide 0%,0;0.4;0.4_0;0;0_0;0;0_-100;2;5475_-100;2;5475_-100;2;5475,27.213698630137,Incidence,0.000108212164322799
NbyGQVwzFc_loc12_loop6,12,ITN 0%/IRS 0%/Larvicide 0%,0;0.4;0.4_0;0;0_0;0;0_-100;2;5475_-100;2;5475_-100;2;5475,27.2164383561644,Incidence,0.00010818955119059
NbyGQVwzFc_loc12_loop6,12,ITN 0%/IRS 0%/Larvicide 0%,0;0.4;0.4_0;0;0_0;0;0_-100;2;5475_-100;2;5475_-100;2;5475,27.2191780821918,Incidence,0.000108167006548694
NbyGQVwzFc_loc12_loop6,12,ITN 0%/IRS 0%/Larvicide 0%,0;0.4;0.4_0;0;0_0;0;0_-100;2;5475_-100;2;5475_-100;2;5475,27.2219178082192,Incidence,0.000108144494249277
NbyGQVwzFc_loc12_loop6,12,ITN 0%/IRS 0%/Larvicide 0%,0;0.4;0.4_0;0;0_0;0;0_-100;2;5475_-100;2;5475_-100;2;5475,27.2246575342466,Incidence,0.000108121990858981
NbyGQVwzFc_loc12_loop6,12,ITN 0%/IRS 0%/Larvicide 0%,0;0.4;0.4_0;0;0_0;0;0_-100;2;5475_-100;2;5475_-100;2;5475,27.227397260274,Incidence,0.000108099483044152
NbyGQVwzFc_loc12_loop6,12,ITN 0%/IRS 0%/Larvicide 0%,0;0.4;0.4_0;0;0_0;0;0_-100;2;5475_-100;2;5475_-100;2;5475,27.2301369863014,Incidence,0.000108076965438012
NbyGQVwzFc_loc12_loop6,12,ITN 0%/IRS 0%/Larvicide 0%,0;0.4;0.4_0;0;0_0;0;0_-100;2;5475_-100;2;5475_-100;2;5475,27.2328767123288,Incidence,0.000108054438902825
NbyGQVwzFc_loc12_loop6,12,ITN 0%/IRS 0%/Larvicide 0%,0;0.4;0.4_0;0;0_0;0;0_-100;2;5475_-100;2;5475_-100;2;5475,27.2356164383562,Incidence,0.000108031909114912
NbyGQVwzFc_loc12_loop6,12,ITN 0%/IRS 0%/Larvicide 0%,0;0.4;0.4_0;0;0_0;0;0_-100;2;5475_-100;2;5475_-100;2;5475,27.2383561643836,Incidence,0.000108009385381986
NbyGQVwzFc_loc12_loop6,12,ITN 0%/IRS 0%/Larvicide 0%,0;0.4;0.4_0;0;0_0;0;0_-100;2;5475_-100;2;5475_-100;2;5475,27.241095890411,Incidence,0.0001079868795934
NbyGQVwzFc_loc12_loop6,12,ITN 0%/IRS 0%/Larvicide 0%,0;0.4;0.4_0;0;0_0;0;0_-100;2;5475_-100;2;5475_-100;2;5475,27.2438356164384,Incidence,0.000107964405348572
NbyGQVwzFc_loc12_loop6,12,ITN 0%/IRS 0%/Larvicide 0%,0;0.4;0.4_0;0;0_0;0;0_-100;2;5475_-100;2;5475_-100;2;5475,27.2465753424658,Incidence,0.00010794197729223
NbyGQVwzFc_loc12_loop6,12,ITN 0%/IRS 0%/Larvicide 0%,0;0.4;0.4_0;0;0_0;0;0_-100;2;5475_-100;2;5475_-100;2;5475,27.2493150684932,Incidence,0.000107919610594321
NbyGQVwzFc_loc12_loop6,12,ITN 0%/IRS 0%/Larvicide 0%,0;0.4;0.4_0;0;0_0;0;0_-100;2;5475_-100;2;5475_-100;2;5475,27.2520547945206,Incidence,0.000107897320511628
NbyGQVwzFc_loc12_loop6,12,ITN 0%/IRS 0%/Larvicide 0%,0;0.4;0.4_0;0;0_0;0;0_-100;2;5475_-100;2;5475_-100;2;5475,27.254794520548,Incidence,0.000107875122104658
NbyGQVwzFc_loc12_loop6,12,ITN 0%/IRS 0%/Larvicide 0%,0;0.4;0.4_0;0;0_0;0;0_-100;2;5475_-100;2;5475_-100;2;5475,27.2575342465753,Incidence,0.00010785303001767
NbyGQVwzFc_loc12_loop6,12,ITN 0%/IRS 0%/Larvicide 0%,0;0.4;0.4_0;0;0_0;0;0_-100;2;5475_-100;2;5475_-100;2;5475,27.2602739726027,Incidence,0.000107831058321582
NbyGQVwzFc_loc12_loop6,12,ITN 0%/IRS 0%/Larvicide 0%,0;0.4;0.4_0;0;0_0;0;0_-100;2;5475_-100;2;5475_-100;2;5475,27.2630136986301,Incidence,0.000107809220406713
NbyGQVwzFc_loc12_loop6,12,ITN 0%/IRS 0%/Larvicide 0%,0;0.4;0.4_0;0;0_0;0;0_-100;2;5475_-100;2;5475_-100;2;5475,27.2657534246575,Incidence,0.000107787528914539
NbyGQVwzFc_loc12_loop6,12,ITN 0%/IRS 0%/Larvicide 0%,0;0.4;0.4_0;0;0_0;0;0_-100;2;5475_-100;2;5475_-100;2;5475,27.2684931506849,Incidence,0.000107765995699464
NbyGQVwzFc_loc12_loop6,12,ITN 0%/IRS 0%/Larvicide 0%,0;0.4;0.4_0;0;0_0;0;0_-100;2;5475_-100;2;5475_-100;2;5475,27.2712328767123,Incidence,0.00010774463177076
NbyGQVwzFc_loc12_loop6,12,ITN 0%/IRS 0%/Larvicide 0%,0;0.4;0.4_0;0;0_0;0;0_-100;2;5475_-100;2;5475_-100;2;5475,27.2739726027397,Incidence,0.000107723447031157
NbyGQVwzFc_loc12_loop6,12,ITN 0%/IRS 0%/Larvicide 0%,0;0.4;0.4_0;0;0_0;0;0_-100;2;5475_-100;2;5475_-100;2;5475,27.2767123287671,Incidence,0.000107702449958243
NbyGQVwzFc_loc12_loop6,12,ITN 0%/IRS 0%/Larvicide 0%,0;0.4;0.4_0;0;0_0;0;0_-100;2;5475_-100;2;5475_-100;2;5475,27.2794520547945,Incidence,0.00010768164744397
NbyGQVwzFc_loc12_loop6,12,ITN 0%/IRS 0%/Larvicide 0%,0;0.4;0.4_0;0;0_0;0;0_-100;2;5475_-100;2;5475_-100;2;5475,27.2821917808219,Incidence,0.000107661044765734
NbyGQVwzFc_loc12_loop6,12,ITN 0%/IRS 0%/Larvicide 0%,0;0.4;0.4_0;0;0_0;0;0_-100;2;5475_-100;2;5475_-100;2;5475,27.2849315068493,Incidence,0.000107640645645139
NbyGQVwzFc_loc12_loop6,12,ITN 0%/IRS 0%/Larvicide 0%,0;0.4;0.4_0;0;0_0;0;0_-100;2;5475_-100;2;5475_-100;2;5475,27.2876712328767,Incidence,0.000107620452364851
NbyGQVwzFc_loc12_loop6,12,ITN 0%/IRS 0%/Larvicide 0%,0;0.4;0.4_0;0;0_0;0;0_-100;2;5475_-100;2;5475_-100;2;5475,27.2904109589041,Incidence,0.000107600465942557
NbyGQVwzFc_loc12_loop6,12,ITN 0%/IRS 0%/Larvicide 0%,0;0.4;0.4_0;0;0_0;0;0_-100;2;5475_-100;2;5475_-100;2;5475,27.2931506849315,Incidence,0.000107580686252415
NbyGQVwzFc_loc12_loop6,12,ITN 0%/IRS 0%/Larvicide 0%,0;0.4;0.4_0;0;0_0;0;0_-100;2;5475_-100;2;5475_-100;2;5475,27.2958904109589,Incidence,0.00010756111219368
NbyGQVwzFc_loc12_loop6,12,ITN 0%/IRS 0%/Larvicide 0%,0;0.4;0.4_0;0;0_0;0;0_-100;2;5475_-100;2;5475_-100;2;5475,27.2986301369863,Incidence,0.000107541741858301
NbyGQVwzFc_loc12_loop6,12,ITN 0%/IRS 0%/Larvicide 0%,0;0.4;0.4_0;0;0_0;0;0_-100;2;5475_-100;2;5475_-100;2;5475,27.3013698630137,Incidence,0.000107522572683148
NbyGQVwzFc_loc12_loop6,12,ITN 0%/IRS 0%/Larvicide 0%,0;0.4;0.4_0;0;0_0;0;0_-100;2;5475_-100;2;5475_-100;2;5475,27.3041095890411,Incidence,0.000107503601589998
NbyGQVwzFc_loc12_loop6,12,ITN 0%/IRS 0%/Larvicide 0%,0;0.4;0.4_0;0;0_0;0;0_-100;2;5475_-100;2;5475_-100;2;5475,27.3068493150685,Incidence,0.000107484825111312
NbyGQVwzFc_loc12_loop6,12,ITN 0%/IRS 0%/Larvicide 0%,0;0.4;0.4_0;0;0_0;0;0_-100;2;5475_-100;2;5475_-100;2;5475,27.3095890410959,Incidence,0.000107466239500638
NbyGQVwzFc_loc12_loop6,12,ITN 0%/IRS 0%/Larvicide 0%,0;0.4;0.4_0;0;0_0;0;0_-100;2;5475_-100;2;5475_-100;2;5475,27.3123287671233,Incidence,0.000107447840827909
NbyGQVwzFc_loc12_loop6,12,ITN 0%/IRS 0%/Larvicide 0%,0;0.4;0.4_0;0;0_0;0;0_-100;2;5475_-100;2;5475_-100;2;5475,27.3150684931507,Incidence,0.000107429625060704
NbyGQVwzFc_loc12_loop6,12,ITN 0%/IRS 0%/Larvicide 0%,0;0.4;0.4_0;0;0_0;0;0_-100;2;5475_-100;2;5475_-100;2;5475,27.3178082191781,Incidence,0.000107411588132676
NbyGQVwzFc_loc12_loop6,12,ITN 0%/IRS 0%/Larvicide 0%,0;0.4;0.4_0;0;0_0;0;0_-100;2;5475_-100;2;5475_-100;2;5475,27.3205479452055,Incidence,0.00010739372600044
NbyGQVwzFc_loc12_loop6,12,ITN 0%/IRS 0%/Larvicide 0%,0;0.4;0.4_0;0;0_0;0;0_-100;2;5475_-100;2;5475_-100;2;5475,27.3232876712329,Incidence,0.000107376034690212
NbyGQVwzFc_loc12_loop6,12,ITN 0%/IRS 0%/Larvicide 0%,0;0.4;0.4_0;0;0_0;0;0_-100;2;5475_-100;2;5475_-100;2;5475,27.3260273972603,Incidence,0.00010735851033541
NbyGQVwzFc_loc12_loop6,12,ITN 0%/IRS 0%/Larvicide 0%,0;0.4;0.4_0;0;0_0;0;0_-100;2;5475_-100;2;5475_-100;2;5475,27.3287671232877,Incidence,0.000107341149206383
NbyGQVwzFc_loc12_loop6,12,ITN 0%/IRS 0%/Larvicide 0%,0;0.4;0.4_0;0;0_0;0;0_-100;2;5475_-100;2;5475_-100;2;5475,27.3315068493151,Incidence,0.000107323947740614
NbyGQVwzFc_loc12_loop6,12,ITN 0%/IRS 0%/Larvicide 0%,0;0.4;0.4_0;0;0_0;0;0_-100;2;5475_-100;2;5475_-100;2;5475,27.3342465753425,Incidence,0.000107306902579115
NbyGQVwzFc_loc12_loop6,12,ITN 0%/IRS 0%/Larvicide 0%,0;0.4;0.4_0;0;0_0;0;0_-100;2;5475_-100;2;5475_-100;2;5475,27.3369863013699,Incidence,0.00010729001053405
NbyGQVwzFc_loc12_loop6,12,ITN 0%/IRS 0%/Larvicide 0%,0;0.4;0.4_0;0;0_0;0;0_-100;2;5475_-100;2;5475_-100;2;5475,27.3397260273973,Incidence,0.00010727326861079
NbyGQVwzFc_loc12_loop6,12,ITN 0%/IRS 0%/Larvicide 0%,0;0.4;0.4_0;0;0_0;0;0_-100;2;5475_-100;2;5475_-100;2;5475,27.3424657534247,Incidence,0.000107256674014053
NbyGQVwzFc_loc12_loop6,12,ITN 0%/IRS 0%/Larvicide 0%,0;0.4;0.4_0;0;0_0;0;0_-100;2;5475_-100;2;5475_-100;2;5475,27.3452054794521,Incidence,0.00010724022414871
NbyGQVwzFc_loc12_loop6,12,ITN 0%/IRS 0%/Larvicide 0%,0;0.4;0.4_0;0;0_0;0;0_-100;2;5475_-100;2;5475_-100;2;5475,27.3479452054795,Incidence,0.000107223916618125
NbyGQVwzFc_loc12_loop6,12,ITN 0%/IRS 0%/Larvicide 0%,0;0.4;0.4_0;0;0_0;0;0_-100;2;5475_-100;2;5475_-100;2;5475,27.3506849315069,Incidence,0.000107207749220518
NbyGQVwzFc_loc12_loop6,12,ITN 0%/IRS 0%/Larvicide 0%,0;0.4;0.4_0;0;0_0;0;0_-100;2;5475_-100;2;5475_-100;2;5475,27.3534246575343,Incidence,0.000107191719943779
NbyGQVwzFc_loc12_loop6,12,ITN 0%/IRS 0%/Larvicide 0%,0;0.4;0.4_0;0;0_0;0;0_-100;2;5475_-100;2;5475_-100;2;5475,27.3561643835616,Incidence,0.000107175826959076
NbyGQVwzFc_loc12_loop6,12,ITN 0%/IRS 0%/Larvicide 0%,0;0.4;0.4_0;0;0_0;0;0_-100;2;5475_-100;2;5475_-100;2;5475,27.358904109589,Incidence,0.000107160068613583
NbyGQVwzFc_loc12_loop6,12,ITN 0%/IRS 0%/Larvicide 0%,0;0.4;0.4_0;0;0_0;0;0_-100;2;5475_-100;2;5475_-100;2;5475,27.3616438356164,Incidence,0.000107144443422568
NbyGQVwzFc_loc12_loop6,12,ITN 0%/IRS 0%/Larvicide 0%,0;0.4;0.4_0;0;0_0;0;0_-100;2;5475_-100;2;5475_-100;2;5475,27.3643835616438,Incidence,0.000107128950060956
NbyGQVwzFc_loc12_loop6,12,ITN 0%/IRS 0%/Larvicide 0%,0;0.4;0.4_0;0;0_0;0;0_-100;2;5475_-100;2;5475_-100;2;5475,27.3671232876712,Incidence,0.00010711358735437
NbyGQVwzFc_loc12_loop6,12,ITN 0%/IRS 0%/Larvicide 0%,0;0.4;0.4_0;0;0_0;0;0_-100;2;5475_-100;2;5475_-100;2;5475,27.3698630136986,Incidence,0.000107098354269673
NbyGQVwzFc_loc12_loop6,12,ITN 0%/IRS 0%/Larvicide 0%,0;0.4;0.4_0;0;0_0;0;0_-100;2;5475_-100;2;5475_-100;2;5475,27.372602739726,Incidence,0.000107083249905126
NbyGQVwzFc_loc12_loop6,12,ITN 0%/IRS 0%/Larvicide 0%,0;0.4;0.4_0;0;0_0;0;0_-100;2;5475_-100;2;5475_-100;2;5475,27.3753424657534,Incidence,0.000107068273486996
NbyGQVwzFc_loc12_loop6,12,ITN 0%/IRS 0%/Larvicide 0%,0;0.4;0.4_0;0;0_0;0;0_-100;2;5475_-100;2;5475_-100;2;5475,27.3780821917808,Incidence,0.00010705342437819
NbyGQVwzFc_loc12_loop6,12,ITN 0%/IRS 0%/Larvicide 0%,0;0.4;0.4_0;0;0_0;0;0_-100;2;5475_-100;2;5475_-100;2;5475,27.3808219178082,Incidence,0.00010703870202537
NbyGQVwzFc_loc12_loop6,12,ITN 0%/IRS 0%/Larvicide 0%,0;0.4;0.4_0;0;0_0;0;0_-100;2;5475_-100;2;5475_-100;2;5475,27.3835616438356,Incidence,0.000107024105963663
NbyGQVwzFc_loc12_loop6,12,ITN 0%/IRS 0%/Larvicide 0%,0;0.4;0.4_0;0;0_0;0;0_-100;2;5475_-100;2;5475_-100;2;5475,27.386301369863,Incidence,0.000107009635809702
NbyGQVwzFc_loc12_loop6,12,ITN 0%/IRS 0%/Larvicide 0%,0;0.4;0.4_0;0;0_0;0;0_-100;2;5475_-100;2;5475_-100;2;5475,27.3890410958904,Incidence,0.000106995291252674
NbyGQVwzFc_loc12_loop6,12,ITN 0%/IRS 0%/Larvicide 0%,0;0.4;0.4_0;0;0_0;0;0_-100;2;5475_-100;2;5475_-100;2;5475,27.3917808219178,Incidence,0.00010698107204588
NbyGQVwzFc_loc12_loop6,12,ITN 0%/IRS 0%/Larvicide 0%,0;0.4;0.4_0;0;0_0;0;0_-100;2;5475_-100;2;5475_-100;2;5475,27.3945205479452,Incidence,0.000106966977998882
NbyGQVwzFc_loc12_loop6,12,ITN 0%/IRS 0%/Larvicide 0%,0;0.4;0.4_0;0;0_0;0;0_-100;2;5475_-100;2;5475_-100;2;5475,27.3972602739726,Incidence,0.000106953008970253
NbyGQVwzFc_loc12_loop6,12,ITN 0%/IRS 0%/Larvicide 0%,0;0.4;0.4_0;0;0_0;0;0_-100;2;5475_-100;2;5475_-100;2;5475,27.4,Incidence,0.000106939164860929
NbyGQVwzFc_loc12_loop6,12,ITN 0%/IRS 0%/Larvicide 0%,0;0.4;0.4_0;0;0_0;0;0_-100;2;5475_-100;2;5475_-100;2;5475,27.4027397260274,Incidence,0.000106925445608178
NbyGQVwzFc_loc12_loop6,12,ITN 0%/IRS 0%/Larvicide 0%,0;0.4;0.4_0;0;0_0;0;0_-100;2;5475_-100;2;5475_-100;2;5475,27.4054794520548,Incidence,0.000106911851180158
NbyGQVwzFc_loc12_loop6,12,ITN 0%/IRS 0%/Larvicide 0%,0;0.4;0.4_0;0;0_0;0;0_-100;2;5475_-100;2;5475_-100;2;5475,27.4082191780822,Incidence,0.000106898381571036
NbyGQVwzFc_loc12_loop6,12,ITN 0%/IRS 0%/Larvicide 0%,0;0.4;0.4_0;0;0_0;0;0_-100;2;5475_-100;2;5475_-100;2;5475,27.4109589041096,Incidence,0.000106885036796653
NbyGQVwzFc_loc12_loop6,12,ITN 0%/IRS 0%/Larvicide 0%,0;0.4;0.4_0;0;0_0;0;0_-100;2;5475_-100;2;5475_-100;2;5475,27.413698630137,Incidence,0.000106871816890685
NbyGQVwzFc_loc12_loop6,12,ITN 0%/IRS 0%/Larvicide 0%,0;0.4;0.4_0;0;0_0;0;0_-100;2;5475_-100;2;5475_-100;2;5475,27.4164383561644,Incidence,0.000106858721901273
NbyGQVwzFc_loc12_loop6,12,ITN 0%/IRS 0%/Larvicide 0%,0;0.4;0.4_0;0;0_0;0;0_-100;2;5475_-100;2;5475_-100;2;5475,27.4191780821918,Incidence,0.000106845751889761
NbyGQVwzFc_loc12_loop6,12,ITN 0%/IRS 0%/Larvicide 0%,0;0.4;0.4_0;0;0_0;0;0_-100;2;5475_-100;2;5475_-100;2;5475,27.4219178082192,Incidence,0.000106832906952004
NbyGQVwzFc_loc12_loop6,12,ITN 0%/IRS 0%/Larvicide 0%,0;0.4;0.4_0;0;0_0;0;0_-100;2;5475_-100;2;5475_-100;2;5475,27.4246575342466,Incidence,0.000106820187180881
NbyGQVwzFc_loc12_loop6,12,ITN 0%/IRS 0%/Larvicide 0%,0;0.4;0.4_0;0;0_0;0;0_-100;2;5475_-100;2;5475_-100;2;5475,27.427397260274,Incidence,0.000106807592666681
NbyGQVwzFc_loc12_loop6,12,ITN 0%/IRS 0%/Larvicide 0%,0;0.4;0.4_0;0;0_0;0;0_-100;2;5475_-100;2;5475_-100;2;5475,27.4301369863014,Incidence,0.000106795123502606
NbyGQVwzFc_loc12_loop6,12,ITN 0%/IRS 0%/Larvicide 0%,0;0.4;0.4_0;0;0_0;0;0_-100;2;5475_-100;2;5475_-100;2;5475,27.4328767123288,Incidence,0.000106782779783448
NbyGQVwzFc_loc12_loop6,12,ITN 0%/IRS 0%/Larvicide 0%,0;0.4;0.4_0;0;0_0;0;0_-100;2;5475_-100;2;5475_-100;2;5475,27.4356164383562,Incidence,0.000106770561604485
NbyGQVwzFc_loc12_loop6,12,ITN 0%/IRS 0%/Larvicide 0%,0;0.4;0.4_0;0;0_0;0;0_-100;2;5475_-100;2;5475_-100;2;5475,27.4383561643836,Incidence,0.000106758469060585
NbyGQVwzFc_loc12_loop6,12,ITN 0%/IRS 0%/Larvicide 0%,0;0.4;0.4_0;0;0_0;0;0_-100;2;5475_-100;2;5475_-100;2;5475,27.441095890411,Incidence,0.00010674650224548
NbyGQVwzFc_loc12_loop6,12,ITN 0%/IRS 0%/Larvicide 0%,0;0.4;0.4_0;0;0_0;0;0_-100;2;5475_-100;2;5475_-100;2;5475,27.4438356164384,Incidence,0.000106734661251189
NbyGQVwzFc_loc12_loop6,12,ITN 0%/IRS 0%/Larvicide 0%,0;0.4;0.4_0;0;0_0;0;0_-100;2;5475_-100;2;5475_-100;2;5475,27.4465753424658,Incidence,0.00010672294616758
NbyGQVwzFc_loc12_loop6,12,ITN 0%/IRS 0%/Larvicide 0%,0;0.4;0.4_0;0;0_0;0;0_-100;2;5475_-100;2;5475_-100;2;5475,27.4493150684932,Incidence,0.000106711357082036
NbyGQVwzFc_loc12_loop6,12,ITN 0%/IRS 0%/Larvicide 0%,0;0.4;0.4_0;0;0_0;0;0_-100;2;5475_-100;2;5475_-100;2;5475,27.4520547945206,Incidence,0.00010669989407922
NbyGQVwzFc_loc12_loop6,12,ITN 0%/IRS 0%/Larvicide 0%,0;0.4;0.4_0;0;0_0;0;0_-100;2;5475_-100;2;5475_-100;2;5475,27.454794520548,Incidence,0.00010668855724093
NbyGQVwzFc_loc12_loop6,12,ITN 0%/IRS 0%/Larvicide 0%,0;0.4;0.4_0;0;0_0;0;0_-100;2;5475_-100;2;5475_-100;2;5475,27.4575342465753,Incidence,0.000106677346646007
NbyGQVwzFc_loc12_loop6,12,ITN 0%/IRS 0%/Larvicide 0%,0;0.4;0.4_0;0;0_0;0;0_-100;2;5475_-100;2;5475_-100;2;5475,27.4602739726027,Incidence,0.000106666262370312
NbyGQVwzFc_loc12_loop6,12,ITN 0%/IRS 0%/Larvicide 0%,0;0.4;0.4_0;0;0_0;0;0_-100;2;5475_-100;2;5475_-100;2;5475,27.4630136986301,Incidence,0.000106655304486742
NbyGQVwzFc_loc12_loop6,12,ITN 0%/IRS 0%/Larvicide 0%,0;0.4;0.4_0;0;0_0;0;0_-100;2;5475_-100;2;5475_-100;2;5475,27.4657534246575,Incidence,0.000106644473074407
NbyGQVwzFc_loc12_loop6,12,ITN 0%/IRS 0%/Larvicide 0%,0;0.4;0.4_0;0;0_0;0;0_-100;2;5475_-100;2;5475_-100;2;5475,27.4684931506849,Incidence,0.000106633768228222
NbyGQVwzFc_loc12_loop6,12,ITN 0%/IRS 0%/Larvicide 0%,0;0.4;0.4_0;0;0_0;0;0_-100;2;5475_-100;2;5475_-100;2;5475,27.4712328767123,Incidence,0.000106623190022051
NbyGQVwzFc_loc12_loop6,12,ITN 0%/IRS 0%/Larvicide 0%,0;0.4;0.4_0;0;0_0;0;0_-100;2;5475_-100;2;5475_-100;2;5475,27.4739726027397,Incidence,0.000106612738525691
NbyGQVwzFc_loc12_loop6,12,ITN 0%/IRS 0%/Larvicide 0%,0;0.4;0.4_0;0;0_0;0;0_-100;2;5475_-100;2;5475_-100;2;5475,27.4767123287671,Incidence,0.000106602413806091
NbyGQVwzFc_loc12_loop6,12,ITN 0%/IRS 0%/Larvicide 0%,0;0.4;0.4_0;0;0_0;0;0_-100;2;5475_-100;2;5475_-100;2;5475,27.4794520547945,Incidence,0.000106592215927483
NbyGQVwzFc_loc12_loop6,12,ITN 0%/IRS 0%/Larvicide 0%,0;0.4;0.4_0;0;0_0;0;0_-100;2;5475_-100;2;5475_-100;2;5475,27.4821917808219,Incidence,0.000106582144951525
NbyGQVwzFc_loc12_loop6,12,ITN 0%/IRS 0%/Larvicide 0%,0;0.4;0.4_0;0;0_0;0;0_-100;2;5475_-100;2;5475_-100;2;5475,27.4849315068493,Incidence,0.000106572200937437
NbyGQVwzFc_loc12_loop6,12,ITN 0%/IRS 0%/Larvicide 0%,0;0.4;0.4_0;0;0_0;0;0_-100;2;5475_-100;2;5475_-100;2;5475,27.4876712328767,Incidence,0.000106562383942129
NbyGQVwzFc_loc12_loop6,12,ITN 0%/IRS 0%/Larvicide 0%,0;0.4;0.4_0;0;0_0;0;0_-100;2;5475_-100;2;5475_-100;2;5475,27.4904109589041,Incidence,0.000106552694020333
NbyGQVwzFc_loc12_loop6,12,ITN 0%/IRS 0%/Larvicide 0%,0;0.4;0.4_0;0;0_0;0;0_-100;2;5475_-100;2;5475_-100;2;5475,27.4931506849315,Incidence,0.000106543131224717
NbyGQVwzFc_loc12_loop6,12,ITN 0%/IRS 0%/Larvicide 0%,0;0.4;0.4_0;0;0_0;0;0_-100;2;5475_-100;2;5475_-100;2;5475,27.4958904109589,Incidence,0.000106533695606001
NbyGQVwzFc_loc12_loop6,12,ITN 0%/IRS 0%/Larvicide 0%,0;0.4;0.4_0;0;0_0;0;0_-100;2;5475_-100;2;5475_-100;2;5475,27.4986301369863,Incidence,0.000106524387213054
NbyGQVwzFc_loc12_loop6,12,ITN 0%/IRS 0%/Larvicide 0%,0;0.4;0.4_0;0;0_0;0;0_-100;2;5475_-100;2;5475_-100;2;5475,27.5013698630137,Incidence,0.000106515206092993
NbyGQVwzFc_loc12_loop6,12,ITN 0%/IRS 0%/Larvicide 0%,0;0.4;0.4_0;0;0_0;0;0_-100;2;5475_-100;2;5475_-100;2;5475,27.5041095890411,Incidence,0.000106506152291266
NbyGQVwzFc_loc12_loop6,12,ITN 0%/IRS 0%/Larvicide 0%,0;0.4;0.4_0;0;0_0;0;0_-100;2;5475_-100;2;5475_-100;2;5475,27.5068493150685,Incidence,0.00010649722585173
NbyGQVwzFc_loc12_loop6,12,ITN 0%/IRS 0%/Larvicide 0%,0;0.4;0.4_0;0;0_0;0;0_-100;2;5475_-100;2;5475_-100;2;5475,27.5095890410959,Incidence,0.000106488426816718
NbyGQVwzFc_loc12_loop6,12,ITN 0%/IRS 0%/Larvicide 0%,0;0.4;0.4_0;0;0_0;0;0_-100;2;5475_-100;2;5475_-100;2;5475,27.5123287671233,Incidence,0.000106479755239005
NbyGQVwzFc_loc12_loop6,12,ITN 0%/IRS 0%/Larvicide 0%,0;0.4;0.4_0;0;0_0;0;0_-100;2;5475_-100;2;5475_-100;2;5475,27.5150684931507,Incidence,0.000106471211182236
NbyGQVwzFc_loc12_loop6,12,ITN 0%/IRS 0%/Larvicide 0%,0;0.4;0.4_0;0;0_0;0;0_-100;2;5475_-100;2;5475_-100;2;5475,27.5178082191781,Incidence,0.000106462794691405
NbyGQVwzFc_loc12_loop6,12,ITN 0%/IRS 0%/Larvicide 0%,0;0.4;0.4_0;0;0_0;0;0_-100;2;5475_-100;2;5475_-100;2;5475,27.5205479452055,Incidence,0.000106454505809525
NbyGQVwzFc_loc12_loop6,12,ITN 0%/IRS 0%/Larvicide 0%,0;0.4;0.4_0;0;0_0;0;0_-100;2;5475_-100;2;5475_-100;2;5475,27.5232876712329,Incidence,0.000106446344577978
NbyGQVwzFc_loc12_loop6,12,ITN 0%/IRS 0%/Larvicide 0%,0;0.4;0.4_0;0;0_0;0;0_-100;2;5475_-100;2;5475_-100;2;5475,27.5260273972603,Incidence,0.000106438311036555
NbyGQVwzFc_loc12_loop6,12,ITN 0%/IRS 0%/Larvicide 0%,0;0.4;0.4_0;0;0_0;0;0_-100;2;5475_-100;2;5475_-100;2;5475,27.5287671232877,Incidence,0.000106430405223488
NbyGQVwzFc_loc12_loop6,12,ITN 0%/IRS 0%/Larvicide 0%,0;0.4;0.4_0;0;0_0;0;0_-100;2;5475_-100;2;5475_-100;2;5475,27.5315068493151,Incidence,0.000106422627175477
NbyGQVwzFc_loc12_loop6,12,ITN 0%/IRS 0%/Larvicide 0%,0;0.4;0.4_0;0;0_0;0;0_-100;2;5475_-100;2;5475_-100;2;5475,27.5342465753425,Incidence,0.000106414976927716
NbyGQVwzFc_loc12_loop6,12,ITN 0%/IRS 0%/Larvicide 0%,0;0.4;0.4_0;0;0_0;0;0_-100;2;5475_-100;2;5475_-100;2;5475,27.5369863013699,Incidence,0.000106407454513916
NbyGQVwzFc_loc12_loop6,12,ITN 0%/IRS 0%/Larvicide 0%,0;0.4;0.4_0;0;0_0;0;0_-100;2;5475_-100;2;5475_-100;2;5475,27.5397260273973,Incidence,0.000106400059966331
NbyGQVwzFc_loc12_loop6,12,ITN 0%/IRS 0%/Larvicide 0%,0;0.4;0.4_0;0;0_0;0;0_-100;2;5475_-100;2;5475_-100;2;5475,27.5424657534247,Incidence,0.00010639279331577
NbyGQVwzFc_loc12_loop6,12,ITN 0%/IRS 0%/Larvicide 0%,0;0.4;0.4_0;0;0_0;0;0_-100;2;5475_-100;2;5475_-100;2;5475,27.5452054794521,Incidence,0.000106385654591626
NbyGQVwzFc_loc12_loop6,12,ITN 0%/IRS 0%/Larvicide 0%,0;0.4;0.4_0;0;0_0;0;0_-100;2;5475_-100;2;5475_-100;2;5475,27.5479452054795,Incidence,0.000106378643821884
NbyGQVwzFc_loc12_loop6,12,ITN 0%/IRS 0%/Larvicide 0%,0;0.4;0.4_0;0;0_0;0;0_-100;2;5475_-100;2;5475_-100;2;5475,27.5506849315069,Incidence,0.000106371761033146
NbyGQVwzFc_loc12_loop6,12,ITN 0%/IRS 0%/Larvicide 0%,0;0.4;0.4_0;0;0_0;0;0_-100;2;5475_-100;2;5475_-100;2;5475,27.5534246575343,Incidence,0.000106365006250643
NbyGQVwzFc_loc12_loop6,12,ITN 0%/IRS 0%/Larvicide 0%,0;0.4;0.4_0;0;0_0;0;0_-100;2;5475_-100;2;5475_-100;2;5475,27.5561643835616,Incidence,0.000106358379498259
NbyGQVwzFc_loc12_loop6,12,ITN 0%/IRS 0%/Larvicide 0%,0;0.4;0.4_0;0;0_0;0;0_-100;2;5475_-100;2;5475_-100;2;5475,27.558904109589,Incidence,0.000106351880805294
NbyGQVwzFc_loc12_loop6,12,ITN 0%/IRS 0%/Larvicide 0%,0;0.4;0.4_0;0;0_0;0;0_-100;2;5475_-100;2;5475_-100;2;5475,27.5616438356164,Incidence,0.000106345510217514
NbyGQVwzFc_loc12_loop6,12,ITN 0%/IRS 0%/Larvicide 0%,0;0.4;0.4_0;0;0_0;0;0_-100;2;5475_-100;2;5475_-100;2;5475,27.5643835616438,Incidence,0.000106339267761533
NbyGQVwzFc_loc12_loop6,12,ITN 0%/IRS 0%/Larvicide 0%,0;0.4;0.4_0;0;0_0;0;0_-100;2;5475_-100;2;5475_-100;2;5475,27.5671232876712,Incidence,0.000106333153460743
NbyGQVwzFc_loc12_loop6,12,ITN 0%/IRS 0%/Larvicide 0%,0;0.4;0.4_0;0;0_0;0;0_-100;2;5475_-100;2;5475_-100;2;5475,27.5698630136986,Incidence,0.000106327167336955
NbyGQVwzFc_loc12_loop6,12,ITN 0%/IRS 0%/Larvicide 0%,0;0.4;0.4_0;0;0_0;0;0_-100;2;5475_-100;2;5475_-100;2;5475,27.572602739726,Incidence,0.000106321309410416
NbyGQVwzFc_loc12_loop6,12,ITN 0%/IRS 0%/Larvicide 0%,0;0.4;0.4_0;0;0_0;0;0_-100;2;5475_-100;2;5475_-100;2;5475,27.5753424657534,Incidence,0.00010631557969984
NbyGQVwzFc_loc12_loop6,12,ITN 0%/IRS 0%/Larvicide 0%,0;0.4;0.4_0;0;0_0;0;0_-100;2;5475_-100;2;5475_-100;2;5475,27.5780821917808,Incidence,0.000106309978222422
NbyGQVwzFc_loc12_loop6,12,ITN 0%/IRS 0%/Larvicide 0%,0;0.4;0.4_0;0;0_0;0;0_-100;2;5475_-100;2;5475_-100;2;5475,27.5808219178082,Incidence,0.000106304504993869
NbyGQVwzFc_loc12_loop6,12,ITN 0%/IRS 0%/Larvicide 0%,0;0.4;0.4_0;0;0_0;0;0_-100;2;5475_-100;2;5475_-100;2;5475,27.5835616438356,Incidence,0.000106299160028423
NbyGQVwzFc_loc12_loop6,12,ITN 0%/IRS 0%/Larvicide 0%,0;0.4;0.4_0;0;0_0;0;0_-100;2;5475_-100;2;5475_-100;2;5475,27.586301369863,Incidence,0.000106293943338883
NbyGQVwzFc_loc12_loop6,12,ITN 0%/IRS 0%/Larvicide 0%,0;0.4;0.4_0;0;0_0;0;0_-100;2;5475_-100;2;5475_-100;2;5475,27.5890410958904,Incidence,0.000106288854936635
NbyGQVwzFc_loc12_loop6,12,ITN 0%/IRS 0%/Larvicide 0%,0;0.4;0.4_0;0;0_0;0;0_-100;2;5475_-100;2;5475_-100;2;5475,27.5917808219178,Incidence,0.000106283894831674
NbyGQVwzFc_loc12_loop6,12,ITN 0%/IRS 0%/Larvicide 0%,0;0.4;0.4_0;0;0_0;0;0_-100;2;5475_-100;2;5475_-100;2;5475,27.5945205479452,Incidence,0.000106279063032634
NbyGQVwzFc_loc12_loop6,12,ITN 0%/IRS 0%/Larvicide 0%,0;0.4;0.4_0;0;0_0;0;0_-100;2;5475_-100;2;5475_-100;2;5475,27.5972602739726,Incidence,0.000106274359546813
NbyGQVwzFc_loc12_loop6,12,ITN 0%/IRS 0%/Larvicide 0%,0;0.4;0.4_0;0;0_0;0;0_-100;2;5475_-100;2;5475_-100;2;5475,27.6,Incidence,0.0001062697843802
NbyGQVwzFc_loc12_loop6,12,ITN 0%/IRS 0%/Larvicide 0%,0;0.4;0.4_0;0;0_0;0;0_-100;2;5475_-100;2;5475_-100;2;5475,27.6027397260274,Incidence,0.000106265337537504
NbyGQVwzFc_loc12_loop6,12,ITN 0%/IRS 0%/Larvicide 0%,0;0.4;0.4_0;0;0_0;0;0_-100;2;5475_-100;2;5475_-100;2;5475,27.6054794520548,Incidence,0.000106261019022494
NbyGQVwzFc_loc12_loop6,12,ITN 0%/IRS 0%/Larvicide 0%,0;0.4;0.4_0;0;0_0;0;0_-100;2;5475_-100;2;5475_-100;2;5475,27.6082191780822,Incidence,0.00010625682885606
NbyGQVwzFc_loc12_loop6,12,ITN 0%/IRS 0%/Larvicide 0%,0;0.4;0.4_0;0;0_0;0;0_-100;2;5475_-100;2;5475_-100;2;5475,27.6109589041096,Incidence,0.000106252767052834
NbyGQVwzFc_loc12_loop6,12,ITN 0%/IRS 0%/Larvicide 0%,0;0.4;0.4_0;0;0_0;0;0_-100;2;5475_-100;2;5475_-100;2;5475,27.613698630137,Incidence,0.000106248833616166
NbyGQVwzFc_loc12_loop6,12,ITN 0%/IRS 0%/Larvicide 0%,0;0.4;0.4_0;0;0_0;0;0_-100;2;5475_-100;2;5475_-100;2;5475,27.6164383561644,Incidence,0.000106245028547974
NbyGQVwzFc_loc12_loop6,12,ITN 0%/IRS 0%/Larvicide 0%,0;0.4;0.4_0;0;0_0;0;0_-100;2;5475_-100;2;5475_-100;2;5475,27.6191780821918,Incidence,0.000106241351848772
NbyGQVwzFc_loc12_loop6,12,ITN 0%/IRS 0%/Larvicide 0%,0;0.4;0.4_0;0;0_0;0;0_-100;2;5475_-100;2;5475_-100;2;5475,27.6219178082192,Incidence,0.000106237803517701
NbyGQVwzFc_loc12_loop6,12,ITN 0%/IRS 0%/Larvicide 0%,0;0.4;0.4_0;0;0_0;0;0_-100;2;5475_-100;2;5475_-100;2;5475,27.6246575342466,Incidence,0.00010623438355256
NbyGQVwzFc_loc12_loop6,12,ITN 0%/IRS 0%/Larvicide 0%,0;0.4;0.4_0;0;0_0;0;0_-100;2;5475_-100;2;5475_-100;2;5475,27.627397260274,Incidence,0.00010623109194984
NbyGQVwzFc_loc12_loop6,12,ITN 0%/IRS 0%/Larvicide 0%,0;0.4;0.4_0;0;0_0;0;0_-100;2;5475_-100;2;5475_-100;2;5475,27.6301369863014,Incidence,0.00010622792870475
NbyGQVwzFc_loc12_loop6,12,ITN 0%/IRS 0%/Larvicide 0%,0;0.4;0.4_0;0;0_0;0;0_-100;2;5475_-100;2;5475_-100;2;5475,27.6328767123288,Incidence,0.000106224893811248
NbyGQVwzFc_loc12_loop6,12,ITN 0%/IRS 0%/Larvicide 0%,0;0.4;0.4_0;0;0_0;0;0_-100;2;5475_-100;2;5475_-100;2;5475,27.6356164383562,Incidence,0.000106221987262074
NbyGQVwzFc_loc12_loop6,12,ITN 0%/IRS 0%/Larvicide 0%,0;0.4;0.4_0;0;0_0;0;0_-100;2;5475_-100;2;5475_-100;2;5475,27.6383561643836,Incidence,0.000106219209048778
NbyGQVwzFc_loc12_loop6,12,ITN 0%/IRS 0%/Larvicide 0%,0;0.4;0.4_0;0;0_0;0;0_-100;2;5475_-100;2;5475_-100;2;5475,27.641095890411,Incidence,0.00010621655916175
NbyGQVwzFc_loc12_loop6,12,ITN 0%/IRS 0%/Larvicide 0%,0;0.4;0.4_0;0;0_0;0;0_-100;2;5475_-100;2;5475_-100;2;5475,27.6438356164384,Incidence,0.00010621403759025
NbyGQVwzFc_loc12_loop6,12,ITN 0%/IRS 0%/Larvicide 0%,0;0.4;0.4_0;0;0_0;0;0_-100;2;5475_-100;2;5475_-100;2;5475,27.6465753424658,Incidence,0.000106211644322436
NbyGQVwzFc_loc12_loop6,12,ITN 0%/IRS 0%/Larvicide 0%,0;0.4;0.4_0;0;0_0;0;0_-100;2;5475_-100;2;5475_-100;2;5475,27.6493150684932,Incidence,0.000106209379345395
NbyGQVwzFc_loc12_loop6,12,ITN 0%/IRS 0%/Larvicide 0%,0;0.4;0.4_0;0;0_0;0;0_-100;2;5475_-100;2;5475_-100;2;5475,27.6520547945206,Incidence,0.000106207242645168
NbyGQVwzFc_loc12_loop6,12,ITN 0%/IRS 0%/Larvicide 0%,0;0.4;0.4_0;0;0_0;0;0_-100;2;5475_-100;2;5475_-100;2;5475,27.6547945205479,Incidence,0.00010620523420796
NbyGQVwzFc_loc12_loop6,12,ITN 0%/IRS 0%/Larvicide 0%,0;0.4;0.4_0;0;0_0;0;0_-100;2;5475_-100;2;5475_-100;2;5475,27.6575342465753,Incidence,0.000106203354037821
NbyGQVwzFc_loc12_loop6,12,ITN 0%/IRS 0%/Larvicide 0%,0;0.4;0.4_0;0;0_0;0;0_-100;2;5475_-100;2;5475_-100;2;5475,27.6602739726027,Incidence,0.000106201602126856
NbyGQVwzFc_loc12_loop6,12,ITN 0%/IRS 0%/Larvicide 0%,0;0.4;0.4_0;0;0_0;0;0_-100;2;5475_-100;2;5475_-100;2;5475,27.6630136986301,Incidence,0.000106199978459375
NbyGQVwzFc_loc12_loop6,12,ITN 0%/IRS 0%/Larvicide 0%,0;0.4;0.4_0;0;0_0;0;0_-100;2;5475_-100;2;5475_-100;2;5475,27.6657534246575,Incidence,0.000106198483018517
NbyGQVwzFc_loc12_loop6,12,ITN 0%/IRS 0%/Larvicide 0%,0;0.4;0.4_0;0;0_0;0;0_-100;2;5475_-100;2;5475_-100;2;5475,27.6684931506849,Incidence,0.000106197115786279
NbyGQVwzFc_loc12_loop6,12,ITN 0%/IRS 0%/Larvicide 0%,0;0.4;0.4_0;0;0_0;0;0_-100;2;5475_-100;2;5475_-100;2;5475,27.6712328767123,Incidence,0.000106195876743547
NbyGQVwzFc_loc12_loop6,12,ITN 0%/IRS 0%/Larvicide 0%,0;0.4;0.4_0;0;0_0;0;0_-100;2;5475_-100;2;5475_-100;2;5475,27.6739726027397,Incidence,0.000106194765870123
NbyGQVwzFc_loc12_loop6,12,ITN 0%/IRS 0%/Larvicide 0%,0;0.4;0.4_0;0;0_0;0;0_-100;2;5475_-100;2;5475_-100;2;5475,27.6767123287671,Incidence,0.000106193783144751
NbyGQVwzFc_loc12_loop6,12,ITN 0%/IRS 0%/Larvicide 0%,0;0.4;0.4_0;0;0_0;0;0_-100;2;5475_-100;2;5475_-100;2;5475,27.6794520547945,Incidence,0.000106192928545147
NbyGQVwzFc_loc12_loop6,12,ITN 0%/IRS 0%/Larvicide 0%,0;0.4;0.4_0;0;0_0;0;0_-100;2;5475_-100;2;5475_-100;2;5475,27.6821917808219,Incidence,0.000106192202048028
NbyGQVwzFc_loc12_loop6,12,ITN 0%/IRS 0%/Larvicide 0%,0;0.4;0.4_0;0;0_0;0;0_-100;2;5475_-100;2;5475_-100;2;5475,27.6849315068493,Incidence,0.000106191603629135
NbyGQVwzFc_loc12_loop6,12,ITN 0%/IRS 0%/Larvicide 0%,0;0.4;0.4_0;0;0_0;0;0_-100;2;5475_-100;2;5475_-100;2;5475,27.6876712328767,Incidence,0.000106191133263265
NbyGQVwzFc_loc12_loop6,12,ITN 0%/IRS 0%/Larvicide 0%,0;0.4;0.4_0;0;0_0;0;0_-100;2;5475_-100;2;5475_-100;2;5475,27.6904109589041,Incidence,0.00010619079092429
NbyGQVwzFc_loc12_loop6,12,ITN 0%/IRS 0%/Larvicide 0%,0;0.4;0.4_0;0;0_0;0;0_-100;2;5475_-100;2;5475_-100;2;5475,27.6931506849315,Incidence,0.000106190576585193
NbyGQVwzFc_loc12_loop6,12,ITN 0%/IRS 0%/Larvicide 0%,0;0.4;0.4_0;0;0_0;0;0_-100;2;5475_-100;2;5475_-100;2;5475,27.6958904109589,Incidence,0.000106190490218084
NbyGQVwzFc_loc12_loop6,12,ITN 0%/IRS 0%/Larvicide 0%,0;0.4;0.4_0;0;0_0;0;0_-100;2;5475_-100;2;5475_-100;2;5475,27.6986301369863,Incidence,0.000106190531794233
NbyGQVwzFc_loc12_loop6,12,ITN 0%/IRS 0%/Larvicide 0%,0;0.4;0.4_0;0;0_0;0;0_-100;2;5475_-100;2;5475_-100;2;5475,27.7013698630137,Incidence,0.000106190701284087
NbyGQVwzFc_loc12_loop6,12,ITN 0%/IRS 0%/Larvicide 0%,0;0.4;0.4_0;0;0_0;0;0_-100;2;5475_-100;2;5475_-100;2;5475,27.7041095890411,Incidence,0.000106190998657396
NbyGQVwzFc_loc12_loop6,12,ITN 0%/IRS 0%/Larvicide 0%,0;0.4;0.4_0;0;0_0;0;0_-100;2;5475_-100;2;5475_-100;2;5475,27.7068493150685,Incidence,0.000106191423898234
NbyGQVwzFc_loc12_loop6,12,ITN 0%/IRS 0%/Larvicide 0%,0;0.4;0.4_0;0;0_0;0;0_-100;2;5475_-100;2;5475_-100;2;5475,27.7095890410959,Incidence,0.000106191976986697
NbyGQVwzFc_loc12_loop6,12,ITN 0%/IRS 0%/Larvicide 0%,0;0.4;0.4_0;0;0_0;0;0_-100;2;5475_-100;2;5475_-100;2;5475,27.7123287671233,Incidence,0.000106192657891265
NbyGQVwzFc_loc12_loop6,12,ITN 0%/IRS 0%/Larvicide 0%,0;0.4;0.4_0;0;0_0;0;0_-100;2;5475_-100;2;5475_-100;2;5475,27.7150684931507,Incidence,0.00010619346657948
NbyGQVwzFc_loc12_loop6,12,ITN 0%/IRS 0%/Larvicide 0%,0;0.4;0.4_0;0;0_0;0;0_-100;2;5475_-100;2;5475_-100;2;5475,27.7178082191781,Incidence,0.000106194403017971
NbyGQVwzFc_loc12_loop6,12,ITN 0%/IRS 0%/Larvicide 0%,0;0.4;0.4_0;0;0_0;0;0_-100;2;5475_-100;2;5475_-100;2;5475,27.7205479452055,Incidence,0.000106195467172481
NbyGQVwzFc_loc12_loop6,12,ITN 0%/IRS 0%/Larvicide 0%,0;0.4;0.4_0;0;0_0;0;0_-100;2;5475_-100;2;5475_-100;2;5475,27.7232876712329,Incidence,0.000106196659007888
NbyGQVwzFc_loc12_loop6,12,ITN 0%/IRS 0%/Larvicide 0%,0;0.4;0.4_0;0;0_0;0;0_-100;2;5475_-100;2;5475_-100;2;5475,27.7260273972603,Incidence,0.000106197978488236
NbyGQVwzFc_loc12_loop6,12,ITN 0%/IRS 0%/Larvicide 0%,0;0.4;0.4_0;0;0_0;0;0_-100;2;5475_-100;2;5475_-100;2;5475,27.7287671232877,Incidence,0.00010619942557675
NbyGQVwzFc_loc12_loop6,12,ITN 0%/IRS 0%/Larvicide 0%,0;0.4;0.4_0;0;0_0;0;0_-100;2;5475_-100;2;5475_-100;2;5475,27.7315068493151,Incidence,0.000106201000235868
NbyGQVwzFc_loc12_loop6,12,ITN 0%/IRS 0%/Larvicide 0%,0;0.4;0.4_0;0;0_0;0;0_-100;2;5475_-100;2;5475_-100;2;5475,27.7342465753425,Incidence,0.000106202702427262
NbyGQVwzFc_loc12_loop6,12,ITN 0%/IRS 0%/Larvicide 0%,0;0.4;0.4_0;0;0_0;0;0_-100;2;5475_-100;2;5475_-100;2;5475,27.7369863013699,Incidence,0.00010620453211186
NbyGQVwzFc_loc12_loop6,12,ITN 0%/IRS 0%/Larvicide 0%,0;0.4;0.4_0;0;0_0;0;0_-100;2;5475_-100;2;5475_-100;2;5475,27.7397260273973,Incidence,0.000106206489249867
NbyGQVwzFc_loc12_loop6,12,ITN 0%/IRS 0%/Larvicide 0%,0;0.4;0.4_0;0;0_0;0;0_-100;2;5475_-100;2;5475_-100;2;5475,27.7424657534247,Incidence,0.000106208573800795
NbyGQVwzFc_loc12_loop6,12,ITN 0%/IRS 0%/Larvicide 0%,0;0.4;0.4_0;0;0_0;0;0_-100;2;5475_-100;2;5475_-100;2;5475,27.7452054794521,Incidence,0.000106210785723477
NbyGQVwzFc_loc12_loop6,12,ITN 0%/IRS 0%/Larvicide 0%,0;0.4;0.4_0;0;0_0;0;0_-100;2;5475_-100;2;5475_-100;2;5475,27.7479452054795,Incidence,0.000106213124976093
NbyGQVwzFc_loc12_loop6,12,ITN 0%/IRS 0%/Larvicide 0%,0;0.4;0.4_0;0;0_0;0;0_-100;2;5475_-100;2;5475_-100;2;5475,27.7506849315069,Incidence,0.000106215591516193
NbyGQVwzFc_loc12_loop6,12,ITN 0%/IRS 0%/Larvicide 0%,0;0.4;0.4_0;0;0_0;0;0_-100;2;5475_-100;2;5475_-100;2;5475,27.7534246575343,Incidence,0.000106218185300713
NbyGQVwzFc_loc12_loop6,12,ITN 0%/IRS 0%/Larvicide 0%,0;0.4;0.4_0;0;0_0;0;0_-100;2;5475_-100;2;5475_-100;2;5475,27.7561643835616,Incidence,0.000106220906289127
NbyGQVwzFc_loc12_loop6,12,ITN 0%/IRS 0%/Larvicide 0%,0;0.4;0.4_0;0;0_0;0;0_-100;2;5475_-100;2;5475_-100;2;5475,27.758904109589,Incidence,0.000106223754455815
NbyGQVwzFc_loc12_loop6,12,ITN 0%/IRS 0%/Larvicide 0%,0;0.4;0.4_0;0;0_0;0;0_-100;2;5475_-100;2;5475_-100;2;5475,27.7616438356164,Incidence,0.000106226729759189
NbyGQVwzFc_loc12_loop6,12,ITN 0%/IRS 0%/Larvicide 0%,0;0.4;0.4_0;0;0_0;0;0_-100;2;5475_-100;2;5475_-100;2;5475,27.7643835616438,Incidence,0.000106229832153887
NbyGQVwzFc_loc12_loop6,12,ITN 0%/IRS 0%/Larvicide 0%,0;0.4;0.4_0;0;0_0;0;0_-100;2;5475_-100;2;5475_-100;2;5475,27.7671232876712,Incidence,0.000106233061593826
NbyGQVwzFc_loc12_loop6,12,ITN 0%/IRS 0%/Larvicide 0%,0;0.4;0.4_0;0;0_0;0;0_-100;2;5475_-100;2;5475_-100;2;5475,27.7698630136986,Incidence,0.000106236418032223
NbyGQVwzFc_loc12_loop6,12,ITN 0%/IRS 0%/Larvicide 0%,0;0.4;0.4_0;0;0_0;0;0_-100;2;5475_-100;2;5475_-100;2;5475,27.772602739726,Incidence,0.000106239901421616
NbyGQVwzFc_loc12_loop6,12,ITN 0%/IRS 0%/Larvicide 0%,0;0.4;0.4_0;0;0_0;0;0_-100;2;5475_-100;2;5475_-100;2;5475,27.7753424657534,Incidence,0.000106243511713885
NbyGQVwzFc_loc12_loop6,12,ITN 0%/IRS 0%/Larvicide 0%,0;0.4;0.4_0;0;0_0;0;0_-100;2;5475_-100;2;5475_-100;2;5475,27.7780821917808,Incidence,0.000106247248860276
NbyGQVwzFc_loc12_loop6,12,ITN 0%/IRS 0%/Larvicide 0%,0;0.4;0.4_0;0;0_0;0;0_-100;2;5475_-100;2;5475_-100;2;5475,27.7808219178082,Incidence,0.000106251112811416
NbyGQVwzFc_loc12_loop6,12,ITN 0%/IRS 0%/Larvicide 0%,0;0.4;0.4_0;0;0_0;0;0_-100;2;5475_-100;2;5475_-100;2;5475,27.7835616438356,Incidence,0.00010625510351734
NbyGQVwzFc_loc12_loop6,12,ITN 0%/IRS 0%/Larvicide 0%,0;0.4;0.4_0;0;0_0;0;0_-100;2;5475_-100;2;5475_-100;2;5475,27.786301369863,Incidence,0.000106259220927506
NbyGQVwzFc_loc12_loop6,12,ITN 0%/IRS 0%/Larvicide 0%,0;0.4;0.4_0;0;0_0;0;0_-100;2;5475_-100;2;5475_-100;2;5475,27.7890410958904,Incidence,0.000106263464990816
NbyGQVwzFc_loc12_loop6,12,ITN 0%/IRS 0%/Larvicide 0%,0;0.4;0.4_0;0;0_0;0;0_-100;2;5475_-100;2;5475_-100;2;5475,27.7917808219178,Incidence,0.00010626783565564
NbyGQVwzFc_loc12_loop6,12,ITN 0%/IRS 0%/Larvicide 0%,0;0.4;0.4_0;0;0_0;0;0_-100;2;5475_-100;2;5475_-100;2;5475,27.7945205479452,Incidence,0.000106272332869828
NbyGQVwzFc_loc12_loop6,12,ITN 0%/IRS 0%/Larvicide 0%,0;0.4;0.4_0;0;0_0;0;0_-100;2;5475_-100;2;5475_-100;2;5475,27.7972602739726,Incidence,0.000106276956580736
NbyGQVwzFc_loc12_loop6,12,ITN 0%/IRS 0%/Larvicide 0%,0;0.4;0.4_0;0;0_0;0;0_-100;2;5475_-100;2;5475_-100;2;5475,27.8,Incidence,0.00010628170673524
NbyGQVwzFc_loc12_loop6,12,ITN 0%/IRS 0%/Larvicide 0%,0;0.4;0.4_0;0;0_0;0;0_-100;2;5475_-100;2;5475_-100;2;5475,27.8027397260274,Incidence,0.000106286583279756
NbyGQVwzFc_loc12_loop6,12,ITN 0%/IRS 0%/Larvicide 0%,0;0.4;0.4_0;0;0_0;0;0_-100;2;5475_-100;2;5475_-100;2;5475,27.8054794520548,Incidence,0.000106291586160257
NbyGQVwzFc_loc12_loop6,12,ITN 0%/IRS 0%/Larvicide 0%,0;0.4;0.4_0;0;0_0;0;0_-100;2;5475_-100;2;5475_-100;2;5475,27.8082191780822,Incidence,0.000106296715325622
NbyGQVwzFc_loc12_loop6,12,ITN 0%/IRS 0%/Larvicide 0%,0;0.4;0.4_0;0;0_0;0;0_-100;2;5475_-100;2;5475_-100;2;5475,27.8109589041096,Incidence,0.000106301970738154
NbyGQVwzFc_loc12_loop6,12,ITN 0%/IRS 0%/Larvicide 0%,0;0.4;0.4_0;0;0_0;0;0_-100;2;5475_-100;2;5475_-100;2;5475,27.813698630137,Incidence,0.000106307352344371
NbyGQVwzFc_loc12_loop6,12,ITN 0%/IRS 0%/Larvicide 0%,0;0.4;0.4_0;0;0_0;0;0_-100;2;5475_-100;2;5475_-100;2;5475,27.8164383561644,Incidence,0.00010631286008768
NbyGQVwzFc_loc12_loop6,12,ITN 0%/IRS 0%/Larvicide 0%,0;0.4;0.4_0;0;0_0;0;0_-100;2;5475_-100;2;5475_-100;2;5475,27.8191780821918,Incidence,0.000106318493910945
NbyGQVwzFc_loc12_loop6,12,ITN 0%/IRS 0%/Larvicide 0%,0;0.4;0.4_0;0;0_0;0;0_-100;2;5475_-100;2;5475_-100;2;5475,27.8219178082192,Incidence,0.000106324253756503
NbyGQVwzFc_loc12_loop6,12,ITN 0%/IRS 0%/Larvicide 0%,0;0.4;0.4_0;0;0_0;0;0_-100;2;5475_-100;2;5475_-100;2;5475,27.8246575342466,Incidence,0.000106330139566184
NbyGQVwzFc_loc12_loop6,12,ITN 0%/IRS 0%/Larvicide 0%,0;0.4;0.4_0;0;0_0;0;0_-100;2;5475_-100;2;5475_-100;2;5475,27.827397260274,Incidence,0.000106336151281325
NbyGQVwzFc_loc12_loop6,12,ITN 0%/IRS 0%/Larvicide 0%,0;0.4;0.4_0;0;0_0;0;0_-100;2;5475_-100;2;5475_-100;2;5475,27.8301369863014,Incidence,0.000106342288842795
NbyGQVwzFc_loc12_loop6,12,ITN 0%/IRS 0%/Larvicide 0%,0;0.4;0.4_0;0;0_0;0;0_-100;2;5475_-100;2;5475_-100;2;5475,27.8328767123288,Incidence,0.000106348552191008
NbyGQVwzFc_loc12_loop6,12,ITN 0%/IRS 0%/Larvicide 0%,0;0.4;0.4_0;0;0_0;0;0_-100;2;5475_-100;2;5475_-100;2;5475,27.8356164383562,Incidence,0.000106354941265939
NbyGQVwzFc_loc12_loop6,12,ITN 0%/IRS 0%/Larvicide 0%,0;0.4;0.4_0;0;0_0;0;0_-100;2;5475_-100;2;5475_-100;2;5475,27.8383561643836,Incidence,0.000106361456007147
NbyGQVwzFc_loc12_loop6,12,ITN 0%/IRS 0%/Larvicide 0%,0;0.4;0.4_0;0;0_0;0;0_-100;2;5475_-100;2;5475_-100;2;5475,27.841095890411,Incidence,0.000106368096353787
NbyGQVwzFc_loc12_loop6,12,ITN 0%/IRS 0%/Larvicide 0%,0;0.4;0.4_0;0;0_0;0;0_-100;2;5475_-100;2;5475_-100;2;5475,27.8438356164384,Incidence,0.000106374862244627
NbyGQVwzFc_loc12_loop6,12,ITN 0%/IRS 0%/Larvicide 0%,0;0.4;0.4_0;0;0_0;0;0_-100;2;5475_-100;2;5475_-100;2;5475,27.8465753424658,Incidence,0.000106381753618069
NbyGQVwzFc_loc12_loop6,12,ITN 0%/IRS 0%/Larvicide 0%,0;0.4;0.4_0;0;0_0;0;0_-100;2;5475_-100;2;5475_-100;2;5475,27.8493150684932,Incidence,0.00010638877041216
NbyGQVwzFc_loc12_loop6,12,ITN 0%/IRS 0%/Larvicide 0%,0;0.4;0.4_0;0;0_0;0;0_-100;2;5475_-100;2;5475_-100;2;5475,27.8520547945206,Incidence,0.00010639591256461
NbyGQVwzFc_loc12_loop6,12,ITN 0%/IRS 0%/Larvicide 0%,0;0.4;0.4_0;0;0_0;0;0_-100;2;5475_-100;2;5475_-100;2;5475,27.8547945205479,Incidence,0.000106403180012809
NbyGQVwzFc_loc12_loop6,12,ITN 0%/IRS 0%/Larvicide 0%,0;0.4;0.4_0;0;0_0;0;0_-100;2;5475_-100;2;5475_-100;2;5475,27.8575342465753,Incidence,0.00010641057269384
NbyGQVwzFc_loc12_loop6,12,ITN 0%/IRS 0%/Larvicide 0%,0;0.4;0.4_0;0;0_0;0;0_-100;2;5475_-100;2;5475_-100;2;5475,27.8602739726027,Incidence,0.000106418090544775
NbyGQVwzFc_loc12_loop6,12,ITN 0%/IRS 0%/Larvicide 0%,0;0.4;0.4_0;0;0_0;0;0_-100;2;5475_-100;2;5475_-100;2;5475,27.8630136986301,Incidence,0.000106425733515785
NbyGQVwzFc_loc12_loop6,12,ITN 0%/IRS 0%/Larvicide 0%,0;0.4;0.4_0;0;0_0;0;0_-100;2;5475_-100;2;5475_-100;2;5475,27.8657534246575,Incidence,0.000106433501549577
NbyGQVwzFc_loc12_loop6,12,ITN 0%/IRS 0%/Larvicide 0%,0;0.4;0.4_0;0;0_0;0;0_-100;2;5475_-100;2;5475_-100;2;5475,27.8684931506849,Incidence,0.000106441394580457
NbyGQVwzFc_loc12_loop6,12,ITN 0%/IRS 0%/Larvicide 0%,0;0.4;0.4_0;0;0_0;0;0_-100;2;5475_-100;2;5475_-100;2;5475,27.8712328767123,Incidence,0.000106449412542332
NbyGQVwzFc_loc12_loop6,12,ITN 0%/IRS 0%/Larvicide 0%,0;0.4;0.4_0;0;0_0;0;0_-100;2;5475_-100;2;5475_-100;2;5475,27.8739726027397,Incidence,0.000106457555368723
NbyGQVwzFc_loc12_loop6,12,ITN 0%/IRS 0%/Larvicide 0%,0;0.4;0.4_0;0;0_0;0;0_-100;2;5475_-100;2;5475_-100;2;5475,27.8767123287671,Incidence,0.000106465822992783
NbyGQVwzFc_loc12_loop6,12,ITN 0%/IRS 0%/Larvicide 0%,0;0.4;0.4_0;0;0_0;0;0_-100;2;5475_-100;2;5475_-100;2;5475,27.8794520547945,Incidence,0.000106474215347308
NbyGQVwzFc_loc12_loop6,12,ITN 0%/IRS 0%/Larvicide 0%,0;0.4;0.4_0;0;0_0;0;0_-100;2;5475_-100;2;5475_-100;2;5475,27.8821917808219,Incidence,0.000106482732364757
NbyGQVwzFc_loc12_loop6,12,ITN 0%/IRS 0%/Larvicide 0%,0;0.4;0.4_0;0;0_0;0;0_-100;2;5475_-100;2;5475_-100;2;5475,27.8849315068493,Incidence,0.000106491373977267
NbyGQVwzFc_loc12_loop6,12,ITN 0%/IRS 0%/Larvicide 0%,0;0.4;0.4_0;0;0_0;0;0_-100;2;5475_-100;2;5475_-100;2;5475,27.8876712328767,Incidence,0.000106500140116663
NbyGQVwzFc_loc12_loop6,12,ITN 0%/IRS 0%/Larvicide 0%,0;0.4;0.4_0;0;0_0;0;0_-100;2;5475_-100;2;5475_-100;2;5475,27.8904109589041,Incidence,0.000106509030714479
NbyGQVwzFc_loc12_loop6,12,ITN 0%/IRS 0%/Larvicide 0%,0;0.4;0.4_0;0;0_0;0;0_-100;2;5475_-100;2;5475_-100;2;5475,27.8931506849315,Incidence,0.000106518045701969
NbyGQVwzFc_loc12_loop6,12,ITN 0%/IRS 0%/Larvicide 0%,0;0.4;0.4_0;0;0_0;0;0_-100;2;5475_-100;2;5475_-100;2;5475,27.8958904109589,Incidence,0.000106527185010122
NbyGQVwzFc_loc12_loop6,12,ITN 0%/IRS 0%/Larvicide 0%,0;0.4;0.4_0;0;0_0;0;0_-100;2;5475_-100;2;5475_-100;2;5475,27.8986301369863,Incidence,0.000106536448569674
NbyGQVwzFc_loc12_loop6,12,ITN 0%/IRS 0%/Larvicide 0%,0;0.4;0.4_0;0;0_0;0;0_-100;2;5475_-100;2;5475_-100;2;5475,27.9013698630137,Incidence,0.000106545836311127
NbyGQVwzFc_loc12_loop6,12,ITN 0%/IRS 0%/Larvicide 0%,0;0.4;0.4_0;0;0_0;0;0_-100;2;5475_-100;2;5475_-100;2;5475,27.9041095890411,Incidence,0.000106555348164757
NbyGQVwzFc_loc12_loop6,12,ITN 0%/IRS 0%/Larvicide 0%,0;0.4;0.4_0;0;0_0;0;0_-100;2;5475_-100;2;5475_-100;2;5475,27.9068493150685,Incidence,0.000106564984060631
NbyGQVwzFc_loc12_loop6,12,ITN 0%/IRS 0%/Larvicide 0%,0;0.4;0.4_0;0;0_0;0;0_-100;2;5475_-100;2;5475_-100;2;5475,27.9095890410959,Incidence,0.000106574743928618
NbyGQVwzFc_loc12_loop6,12,ITN 0%/IRS 0%/Larvicide 0%,0;0.4;0.4_0;0;0_0;0;0_-100;2;5475_-100;2;5475_-100;2;5475,27.9123287671233,Incidence,0.000106584627698403
NbyGQVwzFc_loc12_loop6,12,ITN 0%/IRS 0%/Larvicide 0%,0;0.4;0.4_0;0;0_0;0;0_-100;2;5475_-100;2;5475_-100;2;5475,27.9150684931507,Incidence,0.000106594635300802
NbyGQVwzFc_loc12_loop6,12,ITN 0%/IRS 0%/Larvicide 0%,0;0.4;0.4_0;0;0_0;0;0_-100;2;5475_-100;2;5475_-100;2;5475,27.9178082191781,Incidence,0.00010660476667956
NbyGQVwzFc_loc12_loop6,12,ITN 0%/IRS 0%/Larvicide 0%,0;0.4;0.4_0;0;0_0;0;0_-100;2;5475_-100;2;5475_-100;2;5475,27.9205479452055,Incidence,0.000106615021766062
NbyGQVwzFc_loc12_loop6,12,ITN 0%/IRS 0%/Larvicide 0%,0;0.4;0.4_0;0;0_0;0;0_-100;2;5475_-100;2;5475_-100;2;5475,27.9232876712329,Incidence,0.000106625400486955
NbyGQVwzFc_loc12_loop6,12,ITN 0%/IRS 0%/Larvicide 0%,0;0.4;0.4_0;0;0_0;0;0_-100;2;5475_-100;2;5475_-100;2;5475,27.9260273972603,Incidence,0.00010663590276862
NbyGQVwzFc_loc12_loop6,12,ITN 0%/IRS 0%/Larvicide 0%,0;0.4;0.4_0;0;0_0;0;0_-100;2;5475_-100;2;5475_-100;2;5475,27.9287671232877,Incidence,0.000106646528537176
NbyGQVwzFc_loc12_loop6,12,ITN 0%/IRS 0%/Larvicide 0%,0;0.4;0.4_0;0;0_0;0;0_-100;2;5475_-100;2;5475_-100;2;5475,27.9315068493151,Incidence,0.000106657277718498
NbyGQVwzFc_loc12_loop6,12,ITN 0%/IRS 0%/Larvicide 0%,0;0.4;0.4_0;0;0_0;0;0_-100;2;5475_-100;2;5475_-100;2;5475,27.9342465753425,Incidence,0.00010666815023823
NbyGQVwzFc_loc12_loop6,12,ITN 0%/IRS 0%/Larvicide 0%,0;0.4;0.4_0;0;0_0;0;0_-100;2;5475_-100;2;5475_-100;2;5475,27.9369863013699,Incidence,0.000106679146021798
NbyGQVwzFc_loc12_loop6,12,ITN 0%/IRS 0%/Larvicide 0%,0;0.4;0.4_0;0;0_0;0;0_-100;2;5475_-100;2;5475_-100;2;5475,27.9397260273973,Incidence,0.000106690264994421
NbyGQVwzFc_loc12_loop6,12,ITN 0%/IRS 0%/Larvicide 0%,0;0.4;0.4_0;0;0_0;0;0_-100;2;5475_-100;2;5475_-100;2;5475,27.9424657534247,Incidence,0.000106701507081125
NbyGQVwzFc_loc12_loop6,12,ITN 0%/IRS 0%/Larvicide 0%,0;0.4;0.4_0;0;0_0;0;0_-100;2;5475_-100;2;5475_-100;2;5475,27.9452054794521,Incidence,0.000106712872206754
NbyGQVwzFc_loc12_loop6,12,ITN 0%/IRS 0%/Larvicide 0%,0;0.4;0.4_0;0;0_0;0;0_-100;2;5475_-100;2;5475_-100;2;5475,27.9479452054795,Incidence,0.000106724360295984
NbyGQVwzFc_loc12_loop6,12,ITN 0%/IRS 0%/Larvicide 0%,0;0.4;0.4_0;0;0_0;0;0_-100;2;5475_-100;2;5475_-100;2;5475,27.9506849315069,Incidence,0.000106735971273333
NbyGQVwzFc_loc12_loop6,12,ITN 0%/IRS 0%/Larvicide 0%,0;0.4;0.4_0;0;0_0;0;0_-100;2;5475_-100;2;5475_-100;2;5475,27.9534246575343,Incidence,0.000106747705063175
NbyGQVwzFc_loc12_loop6,12,ITN 0%/IRS 0%/Larvicide 0%,0;0.4;0.4_0;0;0_0;0;0_-100;2;5475_-100;2;5475_-100;2;5475,27.9561643835616,Incidence,0.000106759561589749
NbyGQVwzFc_loc12_loop6,12,ITN 0%/IRS 0%/Larvicide 0%,0;0.4;0.4_0;0;0_0;0;0_-100;2;5475_-100;2;5475_-100;2;5475,27.958904109589,Incidence,0.000106771540777172
NbyGQVwzFc_loc12_loop6,12,ITN 0%/IRS 0%/Larvicide 0%,0;0.4;0.4_0;0;0_0;0;0_-100;2;5475_-100;2;5475_-100;2;5475,27.9616438356164,Incidence,0.000106783642549451
NbyGQVwzFc_loc12_loop6,12,ITN 0%/IRS 0%/Larvicide 0%,0;0.4;0.4_0;0;0_0;0;0_-100;2;5475_-100;2;5475_-100;2;5475,27.9643835616438,Incidence,0.000106795866830491
NbyGQVwzFc_loc12_loop6,12,ITN 0%/IRS 0%/Larvicide 0%,0;0.4;0.4_0;0;0_0;0;0_-100;2;5475_-100;2;5475_-100;2;5475,27.9671232876712,Incidence,0.000106808213544109
NbyGQVwzFc_loc12_loop6,12,ITN 0%/IRS 0%/Larvicide 0%,0;0.4;0.4_0;0;0_0;0;0_-100;2;5475_-100;2;5475_-100;2;5475,27.9698630136986,Incidence,0.000106820682614142
NbyGQVwzFc_loc12_loop6,12,ITN 0%/IRS 0%/Larvicide 0%,0;0.4;0.4_0;0;0_0;0;0_-100;2;5475_-100;2;5475_-100;2;5475,27.972602739726,Incidence,0.000106833273975286
NbyGQVwzFc_loc12_loop6,12,ITN 0%/IRS 0%/Larvicide 0%,0;0.4;0.4_0;0;0_0;0;0_-100;2;5475_-100;2;5475_-100;2;5475,27.9753424657534,Incidence,0.000106845987556589
NbyGQVwzFc_loc12_loop6,12,ITN 0%/IRS 0%/Larvicide 0%,0;0.4;0.4_0;0;0_0;0;0_-100;2;5475_-100;2;5475_-100;2;5475,27.9780821917808,Incidence,0.000106858823278638
NbyGQVwzFc_loc12_loop6,12,ITN 0%/IRS 0%/Larvicide 0%,0;0.4;0.4_0;0;0_0;0;0_-100;2;5475_-100;2;5475_-100;2;5475,27.9808219178082,Incidence,0.000106871781061849
NbyGQVwzFc_loc12_loop6,12,ITN 0%/IRS 0%/Larvicide 0%,0;0.4;0.4_0;0;0_0;0;0_-100;2;5475_-100;2;5475_-100;2;5475,27.9835616438356,Incidence,0.000106884860826483
NbyGQVwzFc_loc12_loop6,12,ITN 0%/IRS 0%/Larvicide 0%,0;0.4;0.4_0;0;0_0;0;0_-100;2;5475_-100;2;5475_-100;2;5475,27.986301369863,Incidence,0.000106898062492655
NbyGQVwzFc_loc12_loop6,12,ITN 0%/IRS 0%/Larvicide 0%,0;0.4;0.4_0;0;0_0;0;0_-100;2;5475_-100;2;5475_-100;2;5475,27.9890410958904,Incidence,0.000106911385980342
NbyGQVwzFc_loc12_loop6,12,ITN 0%/IRS 0%/Larvicide 0%,0;0.4;0.4_0;0;0_0;0;0_-100;2;5475_-100;2;5475_-100;2;5475,27.9917808219178,Incidence,0.000106924831209398
NbyGQVwzFc_loc12_loop6,12,ITN 0%/IRS 0%/Larvicide 0%,0;0.4;0.4_0;0;0_0;0;0_-100;2;5475_-100;2;5475_-100;2;5475,27.9945205479452,Incidence,0.000106938398099564
NbyGQVwzFc_loc12_loop6,12,ITN 0%/IRS 0%/Larvicide 0%,0;0.4;0.4_0;0;0_0;0;0_-100;2;5475_-100;2;5475_-100;2;5475,27.9972602739726,Incidence,0.000106952086570477
NbyGQVwzFc_loc12_loop6,12,ITN 0%/IRS 0%/Larvicide 0%,0;0.4;0.4_0;0;0_0;0;0_-100;2;5475_-100;2;5475_-100;2;5475,28,Incidence,0.000106965896541679
NbyGQVwzFc_loc12_loop6,12,ITN 0%/IRS 0%/Larvicide 0%,0;0.4;0.4_0;0;0_0;0;0_-100;2;5475_-100;2;5475_-100;2;5475,28.0027397260274,Incidence,0.00010697982793263
NbyGQVwzFc_loc12_loop6,12,ITN 0%/IRS 0%/Larvicide 0%,0;0.4;0.4_0;0;0_0;0;0_-100;2;5475_-100;2;5475_-100;2;5475,28.0054794520548,Incidence,0.000106993880662721
NbyGQVwzFc_loc12_loop6,12,ITN 0%/IRS 0%/Larvicide 0%,0;0.4;0.4_0;0;0_0;0;0_-100;2;5475_-100;2;5475_-100;2;5475,28.0082191780822,Incidence,0.000107008054651275
NbyGQVwzFc_loc12_loop6,12,ITN 0%/IRS 0%/Larvicide 0%,0;0.4;0.4_0;0;0_0;0;0_-100;2;5475_-100;2;5475_-100;2;5475,28.0109589041096,Incidence,0.000107022349817561
NbyGQVwzFc_loc12_loop6,12,ITN 0%/IRS 0%/Larvicide 0%,0;0.4;0.4_0;0;0_0;0;0_-100;2;5475_-100;2;5475_-100;2;5475,28.013698630137,Incidence,0.000107036766080807
NbyGQVwzFc_loc12_loop6,12,ITN 0%/IRS 0%/Larvicide 0%,0;0.4;0.4_0;0;0_0;0;0_-100;2;5475_-100;2;5475_-100;2;5475,28.0164383561644,Incidence,0.000107051303360206
NbyGQVwzFc_loc12_loop6,12,ITN 0%/IRS 0%/Larvicide 0%,0;0.4;0.4_0;0;0_0;0;0_-100;2;5475_-100;2;5475_-100;2;5475,28.0191780821918,Incidence,0.000107065961574923
NbyGQVwzFc_loc12_loop6,12,ITN 0%/IRS 0%/Larvicide 0%,0;0.4;0.4_0;0;0_0;0;0_-100;2;5475_-100;2;5475_-100;2;5475,28.0219178082192,Incidence,0.000107080740644109
NbyGQVwzFc_loc12_loop6,12,ITN 0%/IRS 0%/Larvicide 0%,0;0.4;0.4_0;0;0_0;0;0_-100;2;5475_-100;2;5475_-100;2;5475,28.0246575342466,Incidence,0.000107095640486904
NbyGQVwzFc_loc12_loop6,12,ITN 0%/IRS 0%/Larvicide 0%,0;0.4;0.4_0;0;0_0;0;0_-100;2;5475_-100;2;5475_-100;2;5475,28.027397260274,Incidence,0.000107110661023719
NbyGQVwzFc_loc12_loop6,12,ITN 0%/IRS 0%/Larvicide 0%,0;0.4;0.4_0;0;0_0;0;0_-100;2;5475_-100;2;5475_-100;2;5475,28.0301369863014,Incidence,0.000107125802185928
NbyGQVwzFc_loc12_loop6,12,ITN 0%/IRS 0%/Larvicide 0%,0;0.4;0.4_0;0;0_0;0;0_-100;2;5475_-100;2;5475_-100;2;5475,28.0328767123288,Incidence,0.000107141063893062
NbyGQVwzFc_loc12_loop6,12,ITN 0%/IRS 0%/Larvicide 0%,0;0.4;0.4_0;0;0_0;0;0_-100;2;5475_-100;2;5475_-100;2;5475,28.0356164383562,Incidence,0.000107156446034502
NbyGQVwzFc_loc12_loop6,12,ITN 0%/IRS 0%/Larvicide 0%,0;0.4;0.4_0;0;0_0;0;0_-100;2;5475_-100;2;5475_-100;2;5475,28.0383561643836,Incidence,0.0001071719486025
NbyGQVwzFc_loc12_loop6,12,ITN 0%/IRS 0%/Larvicide 0%,0;0.4;0.4_0;0;0_0;0;0_-100;2;5475_-100;2;5475_-100;2;5475,28.041095890411,Incidence,0.000107187571427793
NbyGQVwzFc_loc12_loop6,12,ITN 0%/IRS 0%/Larvicide 0%,0;0.4;0.4_0;0;0_0;0;0_-100;2;5475_-100;2;5475_-100;2;5475,28.0438356164384,Incidence,0.000107203314471807
NbyGQVwzFc_loc12_loop6,12,ITN 0%/IRS 0%/Larvicide 0%,0;0.4;0.4_0;0;0_0;0;0_-100;2;5475_-100;2;5475_-100;2;5475,28.0465753424658,Incidence,0.000107219177638638
NbyGQVwzFc_loc12_loop6,12,ITN 0%/IRS 0%/Larvicide 0%,0;0.4;0.4_0;0;0_0;0;0_-100;2;5475_-100;2;5475_-100;2;5475,28.0493150684932,Incidence,0.000107235160839617
NbyGQVwzFc_loc12_loop6,12,ITN 0%/IRS 0%/Larvicide 0%,0;0.4;0.4_0;0;0_0;0;0_-100;2;5475_-100;2;5475_-100;2;5475,28.0520547945206,Incidence,0.000107251264004675
NbyGQVwzFc_loc12_loop6,12,ITN 0%/IRS 0%/Larvicide 0%,0;0.4;0.4_0;0;0_0;0;0_-100;2;5475_-100;2;5475_-100;2;5475,28.0547945205479,Incidence,0.000107267487026219
NbyGQVwzFc_loc12_loop6,12,ITN 0%/IRS 0%/Larvicide 0%,0;0.4;0.4_0;0;0_0;0;0_-100;2;5475_-100;2;5475_-100;2;5475,28.0575342465753,Incidence,0.000107283829781139
NbyGQVwzFc_loc12_loop6,12,ITN 0%/IRS 0%/Larvicide 0%,0;0.4;0.4_0;0;0_0;0;0_-100;2;5475_-100;2;5475_-100;2;5475,28.0602739726027,Incidence,0.000107300292455959
NbyGQVwzFc_loc12_loop6,12,ITN 0%/IRS 0%/Larvicide 0%,0;0.4;0.4_0;0;0_0;0;0_-100;2;5475_-100;2;5475_-100;2;5475,28.0630136986301,Incidence,0.000107316874463769
NbyGQVwzFc_loc12_loop6,12,ITN 0%/IRS 0%/Larvicide 0%,0;0.4;0.4_0;0;0_0;0;0_-100;2;5475_-100;2;5475_-100;2;5475,28.0657534246575,Incidence,0.000107333576079058
NbyGQVwzFc_loc12_loop6,12,ITN 0%/IRS 0%/Larvicide 0%,0;0.4;0.4_0;0;0_0;0;0_-100;2;5475_-100;2;5475_-100;2;5475,28.0684931506849,Incidence,0.000107350397260188
NbyGQVwzFc_loc12_loop6,12,ITN 0%/IRS 0%/Larvicide 0%,0;0.4;0.4_0;0;0_0;0;0_-100;2;5475_-100;2;5475_-100;2;5475,28.0712328767123,Incidence,0.000107367337688234
NbyGQVwzFc_loc12_loop6,12,ITN 0%/IRS 0%/Larvicide 0%,0;0.4;0.4_0;0;0_0;0;0_-100;2;5475_-100;2;5475_-100;2;5475,28.0739726027397,Incidence,0.000107384397399792
NbyGQVwzFc_loc12_loop6,12,ITN 0%/IRS 0%/Larvicide 0%,0;0.4;0.4_0;0;0_0;0;0_-100;2;5475_-100;2;5475_-100;2;5475,28.0767123287671,Incidence,0.000107401576359052
NbyGQVwzFc_loc12_loop6,12,ITN 0%/IRS 0%/Larvicide 0%,0;0.4;0.4_0;0;0_0;0;0_-100;2;5475_-100;2;5475_-100;2;5475,28.0794520547945,Incidence,0.000107418874387537
NbyGQVwzFc_loc12_loop6,12,ITN 0%/IRS 0%/Larvicide 0%,0;0.4;0.4_0;0;0_0;0;0_-100;2;5475_-100;2;5475_-100;2;5475,28.0821917808219,Incidence,0.000107436291434695
NbyGQVwzFc_loc12_loop6,12,ITN 0%/IRS 0%/Larvicide 0%,0;0.4;0.4_0;0;0_0;0;0_-100;2;5475_-100;2;5475_-100;2;5475,28.0849315068493,Incidence,0.0001074538274404
NbyGQVwzFc_loc12_loop6,12,ITN 0%/IRS 0%/Larvicide 0%,0;0.4;0.4_0;0;0_0;0;0_-100;2;5475_-100;2;5475_-100;2;5475,28.0876712328767,Incidence,0.000107471482300914
NbyGQVwzFc_loc12_loop6,12,ITN 0%/IRS 0%/Larvicide 0%,0;0.4;0.4_0;0;0_0;0;0_-100;2;5475_-100;2;5475_-100;2;5475,28.0904109589041,Incidence,0.000107489255939286
NbyGQVwzFc_loc12_loop6,12,ITN 0%/IRS 0%/Larvicide 0%,0;0.4;0.4_0;0;0_0;0;0_-100;2;5475_-100;2;5475_-100;2;5475,28.0931506849315,Incidence,0.000107507148277405
NbyGQVwzFc_loc12_loop6,12,ITN 0%/IRS 0%/Larvicide 0%,0;0.4;0.4_0;0;0_0;0;0_-100;2;5475_-100;2;5475_-100;2;5475,28.0958904109589,Incidence,0.000107525159223151
NbyGQVwzFc_loc12_loop6,12,ITN 0%/IRS 0%/Larvicide 0%,0;0.4;0.4_0;0;0_0;0;0_-100;2;5475_-100;2;5475_-100;2;5475,28.0986301369863,Incidence,0.000107543288682761
NbyGQVwzFc_loc12_loop6,12,ITN 0%/IRS 0%/Larvicide 0%,0;0.4;0.4_0;0;0_0;0;0_-100;2;5475_-100;2;5475_-100;2;5475,28.1013698630137,Incidence,0.000107561536571391
NbyGQVwzFc_loc12_loop6,12,ITN 0%/IRS 0%/Larvicide 0%,0;0.4;0.4_0;0;0_0;0;0_-100;2;5475_-100;2;5475_-100;2;5475,28.1041095890411,Incidence,0.000107579902806954
NbyGQVwzFc_loc12_loop6,12,ITN 0%/IRS 0%/Larvicide 0%,0;0.4;0.4_0;0;0_0;0;0_-100;2;5475_-100;2;5475_-100;2;5475,28.1068493150685,Incidence,0.000107598387294173
NbyGQVwzFc_loc12_loop6,12,ITN 0%/IRS 0%/Larvicide 0%,0;0.4;0.4_0;0;0_0;0;0_-100;2;5475_-100;2;5475_-100;2;5475,28.1095890410959,Incidence,0.000107616989944087
NbyGQVwzFc_loc12_loop6,12,ITN 0%/IRS 0%/Larvicide 0%,0;0.4;0.4_0;0;0_0;0;0_-100;2;5475_-100;2;5475_-100;2;5475,28.1123287671233,Incidence,0.000107635710675674
NbyGQVwzFc_loc12_loop6,12,ITN 0%/IRS 0%/Larvicide 0%,0;0.4;0.4_0;0;0_0;0;0_-100;2;5475_-100;2;5475_-100;2;5475,28.1150684931507,Incidence,0.000107654549396915
NbyGQVwzFc_loc12_loop6,12,ITN 0%/IRS 0%/Larvicide 0%,0;0.4;0.4_0;0;0_0;0;0_-100;2;5475_-100;2;5475_-100;2;5475,28.1178082191781,Incidence,0.000107673506017457
NbyGQVwzFc_loc12_loop6,12,ITN 0%/IRS 0%/Larvicide 0%,0;0.4;0.4_0;0;0_0;0;0_-100;2;5475_-100;2;5475_-100;2;5475,28.1205479452055,Incidence,0.000107692580453964
NbyGQVwzFc_loc12_loop6,12,ITN 0%/IRS 0%/Larvicide 0%,0;0.4;0.4_0;0;0_0;0;0_-100;2;5475_-100;2;5475_-100;2;5475,28.1232876712329,Incidence,0.000107711772617265
NbyGQVwzFc_loc12_loop6,12,ITN 0%/IRS 0%/Larvicide 0%,0;0.4;0.4_0;0;0_0;0;0_-100;2;5475_-100;2;5475_-100;2;5475,28.1260273972603,Incidence,0.000107731082417657
NbyGQVwzFc_loc12_loop6,12,ITN 0%/IRS 0%/Larvicide 0%,0;0.4;0.4_0;0;0_0;0;0_-100;2;5475_-100;2;5475_-100;2;5475,28.1287671232877,Incidence,0.000107750509769605
NbyGQVwzFc_loc12_loop6,12,ITN 0%/IRS 0%/Larvicide 0%,0;0.4;0.4_0;0;0_0;0;0_-100;2;5475_-100;2;5475_-100;2;5475,28.1315068493151,Incidence,0.000107770054585302
NbyGQVwzFc_loc12_loop6,12,ITN 0%/IRS 0%/Larvicide 0%,0;0.4;0.4_0;0;0_0;0;0_-100;2;5475_-100;2;5475_-100;2;5475,28.1342465753425,Incidence,0.000107789716776218
NbyGQVwzFc_loc12_loop6,12,ITN 0%/IRS 0%/Larvicide 0%,0;0.4;0.4_0;0;0_0;0;0_-100;2;5475_-100;2;5475_-100;2;5475,28.1369863013699,Incidence,0.00010780949625574
NbyGQVwzFc_loc12_loop6,12,ITN 0%/IRS 0%/Larvicide 0%,0;0.4;0.4_0;0;0_0;0;0_-100;2;5475_-100;2;5475_-100;2;5475,28.1397260273973,Incidence,0.000107829392936592
NbyGQVwzFc_loc12_loop6,12,ITN 0%/IRS 0%/Larvicide 0%,0;0.4;0.4_0;0;0_0;0;0_-100;2;5475_-100;2;5475_-100;2;5475,28.1424657534247,Incidence,0.00010784940673116
NbyGQVwzFc_loc12_loop6,12,ITN 0%/IRS 0%/Larvicide 0%,0;0.4;0.4_0;0;0_0;0;0_-100;2;5475_-100;2;5475_-100;2;5475,28.1452054794521,Incidence,0.000107869537553917
NbyGQVwzFc_loc12_loop6,12,ITN 0%/IRS 0%/Larvicide 0%,0;0.4;0.4_0;0;0_0;0;0_-100;2;5475_-100;2;5475_-100;2;5475,28.1479452054795,Incidence,0.000107889785328089
NbyGQVwzFc_loc12_loop6,12,ITN 0%/IRS 0%/Larvicide 0%,0;0.4;0.4_0;0;0_0;0;0_-100;2;5475_-100;2;5475_-100;2;5475,28.1506849315069,Incidence,0.000107910149965488
NbyGQVwzFc_loc12_loop6,12,ITN 0%/IRS 0%/Larvicide 0%,0;0.4;0.4_0;0;0_0;0;0_-100;2;5475_-100;2;5475_-100;2;5475,28.1534246575342,Incidence,0.000107930631375176
NbyGQVwzFc_loc12_loop6,12,ITN 0%/IRS 0%/Larvicide 0%,0;0.4;0.4_0;0;0_0;0;0_-100;2;5475_-100;2;5475_-100;2;5475,28.1561643835616,Incidence,0.000107951229466234
NbyGQVwzFc_loc12_loop6,12,ITN 0%/IRS 0%/Larvicide 0%,0;0.4;0.4_0;0;0_0;0;0_-100;2;5475_-100;2;5475_-100;2;5475,28.158904109589,Incidence,0.000107971944147817
NbyGQVwzFc_loc12_loop6,12,ITN 0%/IRS 0%/Larvicide 0%,0;0.4;0.4_0;0;0_0;0;0_-100;2;5475_-100;2;5475_-100;2;5475,28.1616438356164,Incidence,0.000107992775329084
NbyGQVwzFc_loc12_loop6,12,ITN 0%/IRS 0%/Larvicide 0%,0;0.4;0.4_0;0;0_0;0;0_-100;2;5475_-100;2;5475_-100;2;5475,28.1643835616438,Incidence,0.000108013722919295
NbyGQVwzFc_loc12_loop6,12,ITN 0%/IRS 0%/Larvicide 0%,0;0.4;0.4_0;0;0_0;0;0_-100;2;5475_-100;2;5475_-100;2;5475,28.1671232876712,Incidence,0.000108034786827822
NbyGQVwzFc_loc12_loop6,12,ITN 0%/IRS 0%/Larvicide 0%,0;0.4;0.4_0;0;0_0;0;0_-100;2;5475_-100;2;5475_-100;2;5475,28.1698630136986,Incidence,0.000108055966964031
NbyGQVwzFc_loc12_loop6,12,ITN 0%/IRS 0%/Larvicide 0%,0;0.4;0.4_0;0;0_0;0;0_-100;2;5475_-100;2;5475_-100;2;5475,28.172602739726,Incidence,0.000108077263237397
NbyGQVwzFc_loc12_loop6,12,ITN 0%/IRS 0%/Larvicide 0%,0;0.4;0.4_0;0;0_0;0;0_-100;2;5475_-100;2;5475_-100;2;5475,28.1753424657534,Incidence,0.000108098675557527
NbyGQVwzFc_loc12_loop6,12,ITN 0%/IRS 0%/Larvicide 0%,0;0.4;0.4_0;0;0_0;0;0_-100;2;5475_-100;2;5475_-100;2;5475,28.1780821917808,Incidence,0.000108120203834065
NbyGQVwzFc_loc12_loop6,12,ITN 0%/IRS 0%/Larvicide 0%,0;0.4;0.4_0;0;0_0;0;0_-100;2;5475_-100;2;5475_-100;2;5475,28.1808219178082,Incidence,0.000108141847976755
NbyGQVwzFc_loc12_loop6,12,ITN 0%/IRS 0%/Larvicide 0%,0;0.4;0.4_0;0;0_0;0;0_-100;2;5475_-100;2;5475_-100;2;5475,28.1835616438356,Incidence,0.00010816360789548
NbyGQVwzFc_loc12_loop6,12,ITN 0%/IRS 0%/Larvicide 0%,0;0.4;0.4_0;0;0_0;0;0_-100;2;5475_-100;2;5475_-100;2;5475,28.186301369863,Incidence,0.0001081854835002
NbyGQVwzFc_loc12_loop6,12,ITN 0%/IRS 0%/Larvicide 0%,0;0.4;0.4_0;0;0_0;0;0_-100;2;5475_-100;2;5475_-100;2;5475,28.1890410958904,Incidence,0.000108207474700986
NbyGQVwzFc_loc12_loop6,12,ITN 0%/IRS 0%/Larvicide 0%,0;0.4;0.4_0;0;0_0;0;0_-100;2;5475_-100;2;5475_-100;2;5475,28.1917808219178,Incidence,0.000108229581408041
NbyGQVwzFc_loc12_loop6,12,ITN 0%/IRS 0%/Larvicide 0%,0;0.4;0.4_0;0;0_0;0;0_-100;2;5475_-100;2;5475_-100;2;5475,28.1945205479452,Incidence,0.000108251803531681
NbyGQVwzFc_loc12_loop6,12,ITN 0%/IRS 0%/Larvicide 0%,0;0.4;0.4_0;0;0_0;0;0_-100;2;5475_-100;2;5475_-100;2;5475,28.1972602739726,Incidence,0.000108274140982345
NbyGQVwzFc_loc12_loop6,12,ITN 0%/IRS 0%/Larvicide 0%,0;0.4;0.4_0;0;0_0;0;0_-100;2;5475_-100;2;5475_-100;2;5475,28.2,Incidence,0.000108296593670606
NbyGQVwzFc_loc12_loop6,12,ITN 0%/IRS 0%/Larvicide 0%,0;0.4;0.4_0;0;0_0;0;0_-100;2;5475_-100;2;5475_-100;2;5475,28.2027397260274,Incidence,0.000108319161507173
NbyGQVwzFc_loc12_loop6,12,ITN 0%/IRS 0%/Larvicide 0%,0;0.4;0.4_0;0;0_0;0;0_-100;2;5475_-100;2;5475_-100;2;5475,28.2054794520548,Incidence,0.000108341844402966
NbyGQVwzFc_loc12_loop6,12,ITN 0%/IRS 0%/Larvicide 0%,0;0.4;0.4_0;0;0_0;0;0_-100;2;5475_-100;2;5475_-100;2;5475,28.2082191780822,Incidence,0.000108364642276845
NbyGQVwzFc_loc12_loop6,12,ITN 0%/IRS 0%/Larvicide 0%,0;0.4;0.4_0;0;0_0;0;0_-100;2;5475_-100;2;5475_-100;2;5475,28.2109589041096,Incidence,0.000108387555042143
NbyGQVwzFc_loc12_loop6,12,ITN 0%/IRS 0%/Larvicide 0%,0;0.4;0.4_0;0;0_0;0;0_-100;2;5475_-100;2;5475_-100;2;5475,28.213698630137,Incidence,0.00010841058260572
NbyGQVwzFc_loc12_loop6,12,ITN 0%/IRS 0%/Larvicide 0%,0;0.4;0.4_0;0;0_0;0;0_-100;2;5475_-100;2;5475_-100;2;5475,28.2164383561644,Incidence,0.000108433724874523
NbyGQVwzFc_loc12_loop6,12,ITN 0%/IRS 0%/Larvicide 0%,0;0.4;0.4_0;0;0_0;0;0_-100;2;5475_-100;2;5475_-100;2;5475,28.2191780821918,Incidence,0.00010845698175559
NbyGQVwzFc_loc12_loop6,12,ITN 0%/IRS 0%/Larvicide 0%,0;0.4;0.4_0;0;0_0;0;0_-100;2;5475_-100;2;5475_-100;2;5475,28.2219178082192,Incidence,0.000108480353156053
NbyGQVwzFc_loc12_loop6,12,ITN 0%/IRS 0%/Larvicide 0%,0;0.4;0.4_0;0;0_0;0;0_-100;2;5475_-100;2;5475_-100;2;5475,28.2246575342466,Incidence,0.000108503838983143
NbyGQVwzFc_loc12_loop6,12,ITN 0%/IRS 0%/Larvicide 0%,0;0.4;0.4_0;0;0_0;0;0_-100;2;5475_-100;2;5475_-100;2;5475,28.227397260274,Incidence,0.000108527439144198
NbyGQVwzFc_loc12_loop6,12,ITN 0%/IRS 0%/Larvicide 0%,0;0.4;0.4_0;0;0_0;0;0_-100;2;5475_-100;2;5475_-100;2;5475,28.2301369863014,Incidence,0.000108551153546664
NbyGQVwzFc_loc12_loop6,12,ITN 0%/IRS 0%/Larvicide 0%,0;0.4;0.4_0;0;0_0;0;0_-100;2;5475_-100;2;5475_-100;2;5475,28.2328767123288,Incidence,0.000108574982098099
NbyGQVwzFc_loc12_loop6,12,ITN 0%/IRS 0%/Larvicide 0%,0;0.4;0.4_0;0;0_0;0;0_-100;2;5475_-100;2;5475_-100;2;5475,28.2356164383562,Incidence,0.00010859892470618
NbyGQVwzFc_loc12_loop6,12,ITN 0%/IRS 0%/Larvicide 0%,0;0.4;0.4_0;0;0_0;0;0_-100;2;5475_-100;2;5475_-100;2;5475,28.2383561643836,Incidence,0.000108622981278706
NbyGQVwzFc_loc12_loop6,12,ITN 0%/IRS 0%/Larvicide 0%,0;0.4;0.4_0;0;0_0;0;0_-100;2;5475_-100;2;5475_-100;2;5475,28.241095890411,Incidence,0.000108647151723599
NbyGQVwzFc_loc12_loop6,12,ITN 0%/IRS 0%/Larvicide 0%,0;0.4;0.4_0;0;0_0;0;0_-100;2;5475_-100;2;5475_-100;2;5475,28.2438356164384,Incidence,0.000108671435948914
NbyGQVwzFc_loc12_loop6,12,ITN 0%/IRS 0%/Larvicide 0%,0;0.4;0.4_0;0;0_0;0;0_-100;2;5475_-100;2;5475_-100;2;5475,28.2465753424658,Incidence,0.000108695833862838
NbyGQVwzFc_loc12_loop6,12,ITN 0%/IRS 0%/Larvicide 0%,0;0.4;0.4_0;0;0_0;0;0_-100;2;5475_-100;2;5475_-100;2;5475,28.2493150684932,Incidence,0.000108720345373696
NbyGQVwzFc_loc12_loop6,12,ITN 0%/IRS 0%/Larvicide 0%,0;0.4;0.4_0;0;0_0;0;0_-100;2;5475_-100;2;5475_-100;2;5475,28.2520547945206,Incidence,0.000108744970389954
NbyGQVwzFc_loc12_loop6,12,ITN 0%/IRS 0%/Larvicide 0%,0;0.4;0.4_0;0;0_0;0;0_-100;2;5475_-100;2;5475_-100;2;5475,28.254794520548,Incidence,0.000108769708820223
NbyGQVwzFc_loc12_loop6,12,ITN 0%/IRS 0%/Larvicide 0%,0;0.4;0.4_0;0;0_0;0;0_-100;2;5475_-100;2;5475_-100;2;5475,28.2575342465753,Incidence,0.000108794560573262
NbyGQVwzFc_loc12_loop6,12,ITN 0%/IRS 0%/Larvicide 0%,0;0.4;0.4_0;0;0_0;0;0_-100;2;5475_-100;2;5475_-100;2;5475,28.2602739726027,Incidence,0.000108819525557981
NbyGQVwzFc_loc12_loop6,12,ITN 0%/IRS 0%/Larvicide 0%,0;0.4;0.4_0;0;0_0;0;0_-100;2;5475_-100;2;5475_-100;2;5475,28.2630136986301,Incidence,0.000108844603683448
NbyGQVwzFc_loc12_loop6,12,ITN 0%/IRS 0%/Larvicide 0%,0;0.4;0.4_0;0;0_0;0;0_-100;2;5475_-100;2;5475_-100;2;5475,28.2657534246575,Incidence,0.000108869794858884
NbyGQVwzFc_loc12_loop6,12,ITN 0%/IRS 0%/Larvicide 0%,0;0.4;0.4_0;0;0_0;0;0_-100;2;5475_-100;2;5475_-100;2;5475,28.2684931506849,Incidence,0.00010889509899393
NbyGQVwzFc_loc12_loop6,12,ITN 0%/IRS 0%/Larvicide 0%,0;0.4;0.4_0;0;0_0;0;0_-100;2;5475_-100;2;5475_-100;2;5475,28.2712328767123,Incidence,0.000108920516005932
NbyGQVwzFc_loc12_loop6,12,ITN 0%/IRS 0%/Larvicide 0%,0;0.4;0.4_0;0;0_0;0;0_-100;2;5475_-100;2;5475_-100;2;5475,28.2739726027397,Incidence,0.000108946045804944
NbyGQVwzFc_loc12_loop6,12,ITN 0%/IRS 0%/Larvicide 0%,0;0.4;0.4_0;0;0_0;0;0_-100;2;5475_-100;2;5475_-100;2;5475,28.2767123287671,Incidence,0.00010897168829626
NbyGQVwzFc_loc12_loop6,12,ITN 0%/IRS 0%/Larvicide 0%,0;0.4;0.4_0;0;0_0;0;0_-100;2;5475_-100;2;5475_-100;2;5475,28.2794520547945,Incidence,0.000108997443385288
NbyGQVwzFc_loc12_loop6,12,ITN 0%/IRS 0%/Larvicide 0%,0;0.4;0.4_0;0;0_0;0;0_-100;2;5475_-100;2;5475_-100;2;5475,28.2821917808219,Incidence,0.000109023310977556
NbyGQVwzFc_loc12_loop6,12,ITN 0%/IRS 0%/Larvicide 0%,0;0.4;0.4_0;0;0_0;0;0_-100;2;5475_-100;2;5475_-100;2;5475,28.2849315068493,Incidence,0.000109049290978716
NbyGQVwzFc_loc12_loop6,12,ITN 0%/IRS 0%/Larvicide 0%,0;0.4;0.4_0;0;0_0;0;0_-100;2;5475_-100;2;5475_-100;2;5475,28.2876712328767,Incidence,0.000109075383294546
NbyGQVwzFc_loc12_loop6,12,ITN 0%/IRS 0%/Larvicide 0%,0;0.4;0.4_0;0;0_0;0;0_-100;2;5475_-100;2;5475_-100;2;5475,28.2904109589041,Incidence,0.000109101587830957
NbyGQVwzFc_loc12_loop6,12,ITN 0%/IRS 0%/Larvicide 0%,0;0.4;0.4_0;0;0_0;0;0_-100;2;5475_-100;2;5475_-100;2;5475,28.2931506849315,Incidence,0.000109127904493991
NbyGQVwzFc_loc12_loop6,12,ITN 0%/IRS 0%/Larvicide 0%,0;0.4;0.4_0;0;0_0;0;0_-100;2;5475_-100;2;5475_-100;2;5475,28.2958904109589,Incidence,0.000109154333189828
NbyGQVwzFc_loc12_loop6,12,ITN 0%/IRS 0%/Larvicide 0%,0;0.4;0.4_0;0;0_0;0;0_-100;2;5475_-100;2;5475_-100;2;5475,28.2986301369863,Incidence,0.000109180873824789
NbyGQVwzFc_loc12_loop6,12,ITN 0%/IRS 0%/Larvicide 0%,0;0.4;0.4_0;0;0_0;0;0_-100;2;5475_-100;2;5475_-100;2;5475,28.3013698630137,Incidence,0.000109207526305338
NbyGQVwzFc_loc12_loop6,12,ITN 0%/IRS 0%/Larvicide 0%,0;0.4;0.4_0;0;0_0;0;0_-100;2;5475_-100;2;5475_-100;2;5475,28.3041095890411,Incidence,0.000109234290538085
NbyGQVwzFc_loc12_loop6,12,ITN 0%/IRS 0%/Larvicide 0%,0;0.4;0.4_0;0;0_0;0;0_-100;2;5475_-100;2;5475_-100;2;5475,28.3068493150685,Incidence,0.00010926116642979
NbyGQVwzFc_loc12_loop6,12,ITN 0%/IRS 0%/Larvicide 0%,0;0.4;0.4_0;0;0_0;0;0_-100;2;5475_-100;2;5475_-100;2;5475,28.3095890410959,Incidence,0.000109288153887366
NbyGQVwzFc_loc12_loop6,12,ITN 0%/IRS 0%/Larvicide 0%,0;0.4;0.4_0;0;0_0;0;0_-100;2;5475_-100;2;5475_-100;2;5475,28.3123287671233,Incidence,0.000109315252817879
NbyGQVwzFc_loc12_loop6,12,ITN 0%/IRS 0%/Larvicide 0%,0;0.4;0.4_0;0;0_0;0;0_-100;2;5475_-100;2;5475_-100;2;5475,28.3150684931507,Incidence,0.000109342463128555
NbyGQVwzFc_loc12_loop6,12,ITN 0%/IRS 0%/Larvicide 0%,0;0.4;0.4_0;0;0_0;0;0_-100;2;5475_-100;2;5475_-100;2;5475,28.3178082191781,Incidence,0.00010936978472678
NbyGQVwzFc_loc12_loop6,12,ITN 0%/IRS 0%/Larvicide 0%,0;0.4;0.4_0;0;0_0;0;0_-100;2;5475_-100;2;5475_-100;2;5475,28.3205479452055,Incidence,0.000109397217520103
NbyGQVwzFc_loc12_loop6,12,ITN 0%/IRS 0%/Larvicide 0%,0;0.4;0.4_0;0;0_0;0;0_-100;2;5475_-100;2;5475_-100;2;5475,28.3232876712329,Incidence,0.000109424761416238
NbyGQVwzFc_loc12_loop6,12,ITN 0%/IRS 0%/Larvicide 0%,0;0.4;0.4_0;0;0_0;0;0_-100;2;5475_-100;2;5475_-100;2;5475,28.3260273972603,Incidence,0.000109452416323068
NbyGQVwzFc_loc12_loop6,12,ITN 0%/IRS 0%/Larvicide 0%,0;0.4;0.4_0;0;0_0;0;0_-100;2;5475_-100;2;5475_-100;2;5475,28.3287671232877,Incidence,0.000109480182148646
NbyGQVwzFc_loc12_loop6,12,ITN 0%/IRS 0%/Larvicide 0%,0;0.4;0.4_0;0;0_0;0;0_-100;2;5475_-100;2;5475_-100;2;5475,28.3315068493151,Incidence,0.000109508058801198
NbyGQVwzFc_loc12_loop6,12,ITN 0%/IRS 0%/Larvicide 0%,0;0.4;0.4_0;0;0_0;0;0_-100;2;5475_-100;2;5475_-100;2;5475,28.3342465753425,Incidence,0.000109536046191631
NbyGQVwzFc_loc12_loop6,12,ITN 0%/IRS 0%/Larvicide 0%,0;0.4;0.4_0;0;0_0;0;0_-100;2;5475_-100;2;5475_-100;2;5475,28.3369863013699,Incidence,0.000109564144234884
NbyGQVwzFc_loc12_loop6,12,ITN 0%/IRS 0%/Larvicide 0%,0;0.4;0.4_0;0;0_0;0;0_-100;2;5475_-100;2;5475_-100;2;5475,28.3397260273973,Incidence,0.000109592352835833
NbyGQVwzFc_loc12_loop6,12,ITN 0%/IRS 0%/Larvicide 0%,0;0.4;0.4_0;0;0_0;0;0_-100;2;5475_-100;2;5475_-100;2;5475,28.3424657534247,Incidence,0.000109620671898703
NbyGQVwzFc_loc12_loop6,12,ITN 0%/IRS 0%/Larvicide 0%,0;0.4;0.4_0;0;0_0;0;0_-100;2;5475_-100;2;5475_-100;2;5475,28.3452054794521,Incidence,0.000109649101327856
NbyGQVwzFc_loc12_loop6,12,ITN 0%/IRS 0%/Larvicide 0%,0;0.4;0.4_0;0;0_0;0;0_-100;2;5475_-100;2;5475_-100;2;5475,28.3479452054795,Incidence,0.000109677641027794
NbyGQVwzFc_loc12_loop6,12,ITN 0%/IRS 0%/Larvicide 0%,0;0.4;0.4_0;0;0_0;0;0_-100;2;5475_-100;2;5475_-100;2;5475,28.3506849315069,Incidence,0.000109706290903162
NbyGQVwzFc_loc12_loop6,12,ITN 0%/IRS 0%/Larvicide 0%,0;0.4;0.4_0;0;0_0;0;0_-100;2;5475_-100;2;5475_-100;2;5475,28.3534246575343,Incidence,0.000109735050858748
NbyGQVwzFc_loc12_loop6,12,ITN 0%/IRS 0%/Larvicide 0%,0;0.4;0.4_0;0;0_0;0;0_-100;2;5475_-100;2;5475_-100;2;5475,28.3561643835616,Incidence,0.000109763920799491
NbyGQVwzFc_loc12_loop6,12,ITN 0%/IRS 0%/Larvicide 0%,0;0.4;0.4_0;0;0_0;0;0_-100;2;5475_-100;2;5475_-100;2;5475,28.358904109589,Incidence,0.000109792900630476
NbyGQVwzFc_loc12_loop6,12,ITN 0%/IRS 0%/Larvicide 0%,0;0.4;0.4_0;0;0_0;0;0_-100;2;5475_-100;2;5475_-100;2;5475,28.3616438356164,Incidence,0.000109821990256943
NbyGQVwzFc_loc12_loop6,12,ITN 0%/IRS 0%/Larvicide 0%,0;0.4;0.4_0;0;0_0;0;0_-100;2;5475_-100;2;5475_-100;2;5475,28.3643835616438,Incidence,0.000109851189584286
NbyGQVwzFc_loc12_loop6,12,ITN 0%/IRS 0%/Larvicide 0%,0;0.4;0.4_0;0;0_0;0;0_-100;2;5475_-100;2;5475_-100;2;5475,28.3671232876712,Incidence,0.000109880498518054
NbyGQVwzFc_loc12_loop6,12,ITN 0%/IRS 0%/Larvicide 0%,0;0.4;0.4_0;0;0_0;0;0_-100;2;5475_-100;2;5475_-100;2;5475,28.3698630136986,Incidence,0.000109909916963957
NbyGQVwzFc_loc12_loop6,12,ITN 0%/IRS 0%/Larvicide 0%,0;0.4;0.4_0;0;0_0;0;0_-100;2;5475_-100;2;5475_-100;2;5475,28.372602739726,Incidence,0.000109939444827865
NbyGQVwzFc_loc12_loop6,12,ITN 0%/IRS 0%/Larvicide 0%,0;0.4;0.4_0;0;0_0;0;0_-100;2;5475_-100;2;5475_-100;2;5475,28.3753424657534,Incidence,0.000109969082015812
NbyGQVwzFc_loc12_loop6,12,ITN 0%/IRS 0%/Larvicide 0%,0;0.4;0.4_0;0;0_0;0;0_-100;2;5475_-100;2;5475_-100;2;5475,28.3780821917808,Incidence,0.000109998828433994
NbyGQVwzFc_loc12_loop6,12,ITN 0%/IRS 0%/Larvicide 0%,0;0.4;0.4_0;0;0_0;0;0_-100;2;5475_-100;2;5475_-100;2;5475,28.3808219178082,Incidence,0.000110028683988778
NbyGQVwzFc_loc12_loop6,12,ITN 0%/IRS 0%/Larvicide 0%,0;0.4;0.4_0;0;0_0;0;0_-100;2;5475_-100;2;5475_-100;2;5475,28.3835616438356,Incidence,0.000110058648586696
NbyGQVwzFc_loc12_loop6,12,ITN 0%/IRS 0%/Larvicide 0%,0;0.4;0.4_0;0;0_0;0;0_-100;2;5475_-100;2;5475_-100;2;5475,28.386301369863,Incidence,0.000110088722134453
NbyGQVwzFc_loc12_loop6,12,ITN 0%/IRS 0%/Larvicide 0%,0;0.4;0.4_0;0;0_0;0;0_-100;2;5475_-100;2;5475_-100;2;5475,28.3890410958904,Incidence,0.000110118904538925
NbyGQVwzFc_loc12_loop6,12,ITN 0%/IRS 0%/Larvicide 0%,0;0.4;0.4_0;0;0_0;0;0_-100;2;5475_-100;2;5475_-100;2;5475,28.3917808219178,Incidence,0.000110149195707161
NbyGQVwzFc_loc12_loop6,12,ITN 0%/IRS 0%/Larvicide 0%,0;0.4;0.4_0;0;0_0;0;0_-100;2;5475_-100;2;5475_-100;2;5475,28.3945205479452,Incidence,0.000110179595546387
NbyGQVwzFc_loc12_loop6,12,ITN 0%/IRS 0%/Larvicide 0%,0;0.4;0.4_0;0;0_0;0;0_-100;2;5475_-100;2;5475_-100;2;5475,28.3972602739726,Incidence,0.000110210103964004
NbyGQVwzFc_loc12_loop6,12,ITN 0%/IRS 0%/Larvicide 0%,0;0.4;0.4_0;0;0_0;0;0_-100;2;5475_-100;2;5475_-100;2;5475,28.4,Incidence,0.000110240720868666
NbyGQVwzFc_loc12_loop6,12,ITN 0%/IRS 0%/Larvicide 0%,0;0.4;0.4_0;0;0_0;0;0_-100;2;5475_-100;2;5475_-100;2;5475,28.4027397260274,Incidence,0.00011027144617466
NbyGQVwzFc_loc12_loop6,12,ITN 0%/IRS 0%/Larvicide 0%,0;0.4;0.4_0;0;0_0;0;0_-100;2;5475_-100;2;5475_-100;2;5475,28.4054794520548,Incidence,0.000110302279787156
NbyGQVwzFc_loc12_loop6,12,ITN 0%/IRS 0%/Larvicide 0%,0;0.4;0.4_0;0;0_0;0;0_-100;2;5475_-100;2;5475_-100;2;5475,28.4082191780822,Incidence,0.000110333221609544
NbyGQVwzFc_loc12_loop6,12,ITN 0%/IRS 0%/Larvicide 0%,0;0.4;0.4_0;0;0_0;0;0_-100;2;5475_-100;2;5475_-100;2;5475,28.4109589041096,Incidence,0.00011036427154536
NbyGQVwzFc_loc12_loop6,12,ITN 0%/IRS 0%/Larvicide 0%,0;0.4;0.4_0;0;0_0;0;0_-100;2;5475_-100;2;5475_-100;2;5475,28.413698630137,Incidence,0.000110395429498289
NbyGQVwzFc_loc12_loop6,12,ITN 0%/IRS 0%/Larvicide 0%,0;0.4;0.4_0;0;0_0;0;0_-100;2;5475_-100;2;5475_-100;2;5475,28.4164383561644,Incidence,0.000110426695372166
NbyGQVwzFc_loc12_loop6,12,ITN 0%/IRS 0%/Larvicide 0%,0;0.4;0.4_0;0;0_0;0;0_-100;2;5475_-100;2;5475_-100;2;5475,28.4191780821918,Incidence,0.000110458069070979
NbyGQVwzFc_loc12_loop6,12,ITN 0%/IRS 0%/Larvicide 0%,0;0.4;0.4_0;0;0_0;0;0_-100;2;5475_-100;2;5475_-100;2;5475,28.4219178082192,Incidence,0.000110489550498872
NbyGQVwzFc_loc12_loop6,12,ITN 0%/IRS 0%/Larvicide 0%,0;0.4;0.4_0;0;0_0;0;0_-100;2;5475_-100;2;5475_-100;2;5475,28.4246575342466,Incidence,0.000110521139560142
NbyGQVwzFc_loc12_loop6,12,ITN 0%/IRS 0%/Larvicide 0%,0;0.4;0.4_0;0;0_0;0;0_-100;2;5475_-100;2;5475_-100;2;5475,28.427397260274,Incidence,0.000110552836159247
NbyGQVwzFc_loc12_loop6,12,ITN 0%/IRS 0%/Larvicide 0%,0;0.4;0.4_0;0;0_0;0;0_-100;2;5475_-100;2;5475_-100;2;5475,28.4301369863014,Incidence,0.000110584640200799
NbyGQVwzFc_loc12_loop6,12,ITN 0%/IRS 0%/Larvicide 0%,0;0.4;0.4_0;0;0_0;0;0_-100;2;5475_-100;2;5475_-100;2;5475,28.4328767123288,Incidence,0.000110616551589577
NbyGQVwzFc_loc12_loop6,12,ITN 0%/IRS 0%/Larvicide 0%,0;0.4;0.4_0;0;0_0;0;0_-100;2;5475_-100;2;5475_-100;2;5475,28.4356164383562,Incidence,0.000110648570230516
NbyGQVwzFc_loc12_loop6,12,ITN 0%/IRS 0%/Larvicide 0%,0;0.4;0.4_0;0;0_0;0;0_-100;2;5475_-100;2;5475_-100;2;5475,28.4383561643836,Incidence,0.000110680696028718
NbyGQVwzFc_loc12_loop6,12,ITN 0%/IRS 0%/Larvicide 0%,0;0.4;0.4_0;0;0_0;0;0_-100;2;5475_-100;2;5475_-100;2;5475,28.441095890411,Incidence,0.000110712928889448
NbyGQVwzFc_loc12_loop6,12,ITN 0%/IRS 0%/Larvicide 0%,0;0.4;0.4_0;0;0_0;0;0_-100;2;5475_-100;2;5475_-100;2;5475,28.4438356164384,Incidence,0.000110745268718138
NbyGQVwzFc_loc12_loop6,12,ITN 0%/IRS 0%/Larvicide 0%,0;0.4;0.4_0;0;0_0;0;0_-100;2;5475_-100;2;5475_-100;2;5475,28.4465753424658,Incidence,0.000110777715420387
NbyGQVwzFc_loc12_loop6,12,ITN 0%/IRS 0%/Larvicide 0%,0;0.4;0.4_0;0;0_0;0;0_-100;2;5475_-100;2;5475_-100;2;5475,28.4493150684932,Incidence,0.000110810268901961
NbyGQVwzFc_loc12_loop6,12,ITN 0%/IRS 0%/Larvicide 0%,0;0.4;0.4_0;0;0_0;0;0_-100;2;5475_-100;2;5475_-100;2;5475,28.4520547945206,Incidence,0.000110842929068797
NbyGQVwzFc_loc12_loop6,12,ITN 0%/IRS 0%/Larvicide 0%,0;0.4;0.4_0;0;0_0;0;0_-100;2;5475_-100;2;5475_-100;2;5475,28.4547945205479,Incidence,0.000110875695827002
NbyGQVwzFc_loc12_loop6,12,ITN 0%/IRS 0%/Larvicide 0%,0;0.4;0.4_0;0;0_0;0;0_-100;2;5475_-100;2;5475_-100;2;5475,28.4575342465753,Incidence,0.000110908569082855
NbyGQVwzFc_loc12_loop6,12,ITN 0%/IRS 0%/Larvicide 0%,0;0.4;0.4_0;0;0_0;0;0_-100;2;5475_-100;2;5475_-100;2;5475,28.4602739726027,Incidence,0.000110941548742805
NbyGQVwzFc_loc12_loop6,12,ITN 0%/IRS 0%/Larvicide 0%,0;0.4;0.4_0;0;0_0;0;0_-100;2;5475_-100;2;5475_-100;2;5475,28.4630136986301,Incidence,0.000110974634713478
NbyGQVwzFc_loc12_loop6,12,ITN 0%/IRS 0%/Larvicide 0%,0;0.4;0.4_0;0;0_0;0;0_-100;2;5475_-100;2;5475_-100;2;5475,28.4657534246575,Incidence,0.000111007826901671
NbyGQVwzFc_loc12_loop6,12,ITN 0%/IRS 0%/Larvicide 0%,0;0.4;0.4_0;0;0_0;0;0_-100;2;5475_-100;2;5475_-100;2;5475,28.4684931506849,Incidence,0.000111041125215643
NbyGQVwzFc_loc12_loop6,12,ITN 0%/IRS 0%/Larvicide 0%,0;0.4;0.4_0;0;0_0;0;0_-100;2;5475_-100;2;5475_-100;2;5475,28.4712328767123,Incidence,0.000111074529568074
NbyGQVwzFc_loc12_loop6,12,ITN 0%/IRS 0%/Larvicide 0%,0;0.4;0.4_0;0;0_0;0;0_-100;2;5475_-100;2;5475_-100;2;5475,28.4739726027397,Incidence,0.000111108039862945
NbyGQVwzFc_loc12_loop6,12,ITN 0%/IRS 0%/Larvicide 0%,0;0.4;0.4_0;0;0_0;0;0_-100;2;5475_-100;2;5475_-100;2;5475,28.4767123287671,Incidence,0.000111141656003047
NbyGQVwzFc_loc12_loop6,12,ITN 0%/IRS 0%/Larvicide 0%,0;0.4;0.4_0;0;0_0;0;0_-100;2;5475_-100;2;5475_-100;2;5475,28.4794520547945,Incidence,0.000111175377891323
NbyGQVwzFc_loc12_loop6,12,ITN 0%/IRS 0%/Larvicide 0%,0;0.4;0.4_0;0;0_0;0;0_-100;2;5475_-100;2;5475_-100;2;5475,28.4821917808219,Incidence,0.000111209205430866
NbyGQVwzFc_loc12_loop6,12,ITN 0%/IRS 0%/Larvicide 0%,0;0.4;0.4_0;0;0_0;0;0_-100;2;5475_-100;2;5475_-100;2;5475,28.4849315068493,Incidence,0.000111243138524921
NbyGQVwzFc_loc12_loop6,12,ITN 0%/IRS 0%/Larvicide 0%,0;0.4;0.4_0;0;0_0;0;0_-100;2;5475_-100;2;5475_-100;2;5475,28.4876712328767,Incidence,0.000111277177076885
NbyGQVwzFc_loc12_loop6,12,ITN 0%/IRS 0%/Larvicide 0%,0;0.4;0.4_0;0;0_0;0;0_-100;2;5475_-100;2;5475_-100;2;5475,28.4904109589041,Incidence,0.000111311320990314
NbyGQVwzFc_loc12_loop6,12,ITN 0%/IRS 0%/Larvicide 0%,0;0.4;0.4_0;0;0_0;0;0_-100;2;5475_-100;2;5475_-100;2;5475,28.4931506849315,Incidence,0.000111345570168916
NbyGQVwzFc_loc12_loop6,12,ITN 0%/IRS 0%/Larvicide 0%,0;0.4;0.4_0;0;0_0;0;0_-100;2;5475_-100;2;5475_-100;2;5475,28.4958904109589,Incidence,0.000111379924516555
NbyGQVwzFc_loc12_loop6,12,ITN 0%/IRS 0%/Larvicide 0%,0;0.4;0.4_0;0;0_0;0;0_-100;2;5475_-100;2;5475_-100;2;5475,28.4986301369863,Incidence,0.000111414383937254
NbyGQVwzFc_loc12_loop6,12,ITN 0%/IRS 0%/Larvicide 0%,0;0.4;0.4_0;0;0_0;0;0_-100;2;5475_-100;2;5475_-100;2;5475,28.5013698630137,Incidence,0.000111448948335194
NbyGQVwzFc_loc12_loop6,12,ITN 0%/IRS 0%/Larvicide 0%,0;0.4;0.4_0;0;0_0;0;0_-100;2;5475_-100;2;5475_-100;2;5475,28.5041095890411,Incidence,0.000111483617614715
NbyGQVwzFc_loc12_loop6,12,ITN 0%/IRS 0%/Larvicide 0%,0;0.4;0.4_0;0;0_0;0;0_-100;2;5475_-100;2;5475_-100;2;5475,28.5068493150685,Incidence,0.000111518391680317
NbyGQVwzFc_loc12_loop6,12,ITN 0%/IRS 0%/Larvicide 0%,0;0.4;0.4_0;0;0_0;0;0_-100;2;5475_-100;2;5475_-100;2;5475,28.5095890410959,Incidence,0.000111553270436659
NbyGQVwzFc_loc12_loop6,12,ITN 0%/IRS 0%/Larvicide 0%,0;0.4;0.4_0;0;0_0;0;0_-100;2;5475_-100;2;5475_-100;2;5475,28.5123287671233,Incidence,0.000111588253788563
NbyGQVwzFc_loc12_loop6,12,ITN 0%/IRS 0%/Larvicide 0%,0;0.4;0.4_0;0;0_0;0;0_-100;2;5475_-100;2;5475_-100;2;5475,28.5150684931507,Incidence,0.000111623341641012
NbyGQVwzFc_loc12_loop6,12,ITN 0%/IRS 0%/Larvicide 0%,0;0.4;0.4_0;0;0_0;0;0_-100;2;5475_-100;2;5475_-100;2;5475,28.5178082191781,Incidence,0.000111658533899151
NbyGQVwzFc_loc12_loop6,12,ITN 0%/IRS 0%/Larvicide 0%,0;0.4;0.4_0;0;0_0;0;0_-100;2;5475_-100;2;5475_-100;2;5475,28.5205479452055,Incidence,0.000111693830468291
NbyGQVwzFc_loc12_loop6,12,ITN 0%/IRS 0%/Larvicide 0%,0;0.4;0.4_0;0;0_0;0;0_-100;2;5475_-100;2;5475_-100;2;5475,28.5232876712329,Incidence,0.000111729231253902
NbyGQVwzFc_loc12_loop6,12,ITN 0%/IRS 0%/Larvicide 0%,0;0.4;0.4_0;0;0_0;0;0_-100;2;5475_-100;2;5475_-100;2;5475,28.5260273972603,Incidence,0.000111764736161622
NbyGQVwzFc_loc12_loop6,12,ITN 0%/IRS 0%/Larvicide 0%,0;0.4;0.4_0;0;0_0;0;0_-100;2;5475_-100;2;5475_-100;2;5475,28.5287671232877,Incidence,0.00011180034509725
NbyGQVwzFc_loc12_loop6,12,ITN 0%/IRS 0%/Larvicide 0%,0;0.4;0.4_0;0;0_0;0;0_-100;2;5475_-100;2;5475_-100;2;5475,28.5315068493151,Incidence,0.000111836057966753
NbyGQVwzFc_loc12_loop6,12,ITN 0%/IRS 0%/Larvicide 0%,0;0.4;0.4_0;0;0_0;0;0_-100;2;5475_-100;2;5475_-100;2;5475,28.5342465753425,Incidence,0.000111871874676262
NbyGQVwzFc_loc12_loop6,12,ITN 0%/IRS 0%/Larvicide 0%,0;0.4;0.4_0;0;0_0;0;0_-100;2;5475_-100;2;5475_-100;2;5475,28.5369863013699,Incidence,0.000111907795132073
NbyGQVwzFc_loc12_loop6,12,ITN 0%/IRS 0%/Larvicide 0%,0;0.4;0.4_0;0;0_0;0;0_-100;2;5475_-100;2;5475_-100;2;5475,28.5397260273973,Incidence,0.000111943819243382
NbyGQVwzFc_loc12_loop6,12,ITN 0%/IRS 0%/Larvicide 0%,0;0.4;0.4_0;0;0_0;0;0_-100;2;5475_-100;2;5475_-100;2;5475,28.5424657534247,Incidence,0.000111979946919699
NbyGQVwzFc_loc12_loop6,12,ITN 0%/IRS 0%/Larvicide 0%,0;0.4;0.4_0;0;0_0;0;0_-100;2;5475_-100;2;5475_-100;2;5475,28.5452054794521,Incidence,0.000112016178063369
NbyGQVwzFc_loc12_loop6,12,ITN 0%/IRS 0%/Larvicide 0%,0;0.4;0.4_0;0;0_0;0;0_-100;2;5475_-100;2;5475_-100;2;5475,28.5479452054795,Incidence,0.000112052512576712
NbyGQVwzFc_loc12_loop6,12,ITN 0%/IRS 0%/Larvicide 0%,0;0.4;0.4_0;0;0_0;0;0_-100;2;5475_-100;2;5475_-100;2;5475,28.5506849315069,Incidence,0.000112088950362196
NbyGQVwzFc_loc12_loop6,12,ITN 0%/IRS 0%/Larvicide 0%,0;0.4;0.4_0;0;0_0;0;0_-100;2;5475_-100;2;5475_-100;2;5475,28.5534246575343,Incidence,0.000112125491322433
NbyGQVwzFc_loc12_loop6,12,ITN 0%/IRS 0%/Larvicide 0%,0;0.4;0.4_0;0;0_0;0;0_-100;2;5475_-100;2;5475_-100;2;5475,28.5561643835616,Incidence,0.000112162135360185
NbyGQVwzFc_loc12_loop6,12,ITN 0%/IRS 0%/Larvicide 0%,0;0.4;0.4_0;0;0_0;0;0_-100;2;5475_-100;2;5475_-100;2;5475,28.558904109589,Incidence,0.000112198882378361
NbyGQVwzFc_loc12_loop6,12,ITN 0%/IRS 0%/Larvicide 0%,0;0.4;0.4_0;0;0_0;0;0_-100;2;5475_-100;2;5475_-100;2;5475,28.5616438356164,Incidence,0.00011223573228002
NbyGQVwzFc_loc12_loop6,12,ITN 0%/IRS 0%/Larvicide 0%,0;0.4;0.4_0;0;0_0;0;0_-100;2;5475_-100;2;5475_-100;2;5475,28.5643835616438,Incidence,0.000112272684968368
NbyGQVwzFc_loc12_loop6,12,ITN 0%/IRS 0%/Larvicide 0%,0;0.4;0.4_0;0;0_0;0;0_-100;2;5475_-100;2;5475_-100;2;5475,28.5671232876712,Incidence,0.000112309740346763
NbyGQVwzFc_loc12_loop6,12,ITN 0%/IRS 0%/Larvicide 0%,0;0.4;0.4_0;0;0_0;0;0_-100;2;5475_-100;2;5475_-100;2;5475,28.5698630136986,Incidence,0.000112346898318711
NbyGQVwzFc_loc12_loop6,12,ITN 0%/IRS 0%/Larvicide 0%,0;0.4;0.4_0;0;0_0;0;0_-100;2;5475_-100;2;5475_-100;2;5475,28.572602739726,Incidence,0.000112384158787871
NbyGQVwzFc_loc12_loop6,12,ITN 0%/IRS 0%/Larvicide 0%,0;0.4;0.4_0;0;0_0;0;0_-100;2;5475_-100;2;5475_-100;2;5475,28.5753424657534,Incidence,0.000112421521658048
NbyGQVwzFc_loc12_loop6,12,ITN 0%/IRS 0%/Larvicide 0%,0;0.4;0.4_0;0;0_0;0;0_-100;2;5475_-100;2;5475_-100;2;5475,28.5780821917808,Incidence,0.000112458986833203
NbyGQVwzFc_loc12_loop6,12,ITN 0%/IRS 0%/Larvicide 0%,0;0.4;0.4_0;0;0_0;0;0_-100;2;5475_-100;2;5475_-100;2;5475,28.5808219178082,Incidence,0.000112496554217445
NbyGQVwzFc_loc12_loop6,12,ITN 0%/IRS 0%/Larvicide 0%,0;0.4;0.4_0;0;0_0;0;0_-100;2;5475_-100;2;5475_-100;2;5475,28.5835616438356,Incidence,0.000112534223715035
NbyGQVwzFc_loc12_loop6,12,ITN 0%/IRS 0%/Larvicide 0%,0;0.4;0.4_0;0;0_0;0;0_-100;2;5475_-100;2;5475_-100;2;5475,28.586301369863,Incidence,0.000112571995230386
NbyGQVwzFc_loc12_loop6,12,ITN 0%/IRS 0%/Larvicide 0%,0;0.4;0.4_0;0;0_0;0;0_-100;2;5475_-100;2;5475_-100;2;5475,28.5890410958904,Incidence,0.000112609868668063
NbyGQVwzFc_loc12_loop6,12,ITN 0%/IRS 0%/Larvicide 0%,0;0.4;0.4_0;0;0_0;0;0_-100;2;5475_-100;2;5475_-100;2;5475,28.5917808219178,Incidence,0.000112647843932781
NbyGQVwzFc_loc12_loop6,12,ITN 0%/IRS 0%/Larvicide 0%,0;0.4;0.4_0;0;0_0;0;0_-100;2;5475_-100;2;5475_-100;2;5475,28.5945205479452,Incidence,0.000112685920929409
NbyGQVwzFc_loc12_loop6,12,ITN 0%/IRS 0%/Larvicide 0%,0;0.4;0.4_0;0;0_0;0;0_-100;2;5475_-100;2;5475_-100;2;5475,28.5972602739726,Incidence,0.000112724099562967
NbyGQVwzFc_loc12_loop6,12,ITN 0%/IRS 0%/Larvicide 0%,0;0.4;0.4_0;0;0_0;0;0_-100;2;5475_-100;2;5475_-100;2;5475,28.6,Incidence,0.000112762379738627
NbyGQVwzFc_loc12_loop6,12,ITN 0%/IRS 0%/Larvicide 0%,0;0.4;0.4_0;0;0_0;0;0_-100;2;5475_-100;2;5475_-100;2;5475,28.6027397260274,Incidence,0.000112800761361713
NbyGQVwzFc_loc12_loop6,12,ITN 0%/IRS 0%/Larvicide 0%,0;0.4;0.4_0;0;0_0;0;0_-100;2;5475_-100;2;5475_-100;2;5475,28.6054794520548,Incidence,0.0001128392443377
NbyGQVwzFc_loc12_loop6,12,ITN 0%/IRS 0%/Larvicide 0%,0;0.4;0.4_0;0;0_0;0;0_-100;2;5475_-100;2;5475_-100;2;5475,28.6082191780822,Incidence,0.000112877828572216
NbyGQVwzFc_loc12_loop6,12,ITN 0%/IRS 0%/Larvicide 0%,0;0.4;0.4_0;0;0_0;0;0_-100;2;5475_-100;2;5475_-100;2;5475,28.6109589041096,Incidence,0.000112916513971365
NbyGQVwzFc_loc12_loop6,12,ITN 0%/IRS 0%/Larvicide 0%,0;0.4;0.4_0;0;0_0;0;0_-100;2;5475_-100;2;5475_-100;2;5475,28.613698630137,Incidence,0.000112955300445556
NbyGQVwzFc_loc12_loop6,12,ITN 0%/IRS 0%/Larvicide 0%,0;0.4;0.4_0;0;0_0;0;0_-100;2;5475_-100;2;5475_-100;2;5475,28.6164383561644,Incidence,0.000112994187898836
NbyGQVwzFc_loc12_loop6,12,ITN 0%/IRS 0%/Larvicide 0%,0;0.4;0.4_0;0;0_0;0;0_-100;2;5475_-100;2;5475_-100;2;5475,28.6191780821918,Incidence,0.00011303317623293
NbyGQVwzFc_loc12_loop6,12,ITN 0%/IRS 0%/Larvicide 0%,0;0.4;0.4_0;0;0_0;0;0_-100;2;5475_-100;2;5475_-100;2;5475,28.6219178082192,Incidence,0.000113072265349698
NbyGQVwzFc_loc12_loop6,12,ITN 0%/IRS 0%/Larvicide 0%,0;0.4;0.4_0;0;0_0;0;0_-100;2;5475_-100;2;5475_-100;2;5475,28.6246575342466,Incidence,0.000113111455151135
NbyGQVwzFc_loc12_loop6,12,ITN 0%/IRS 0%/Larvicide 0%,0;0.4;0.4_0;0;0_0;0;0_-100;2;5475_-100;2;5475_-100;2;5475,28.627397260274,Incidence,0.000113150745539377
NbyGQVwzFc_loc12_loop6,12,ITN 0%/IRS 0%/Larvicide 0%,0;0.4;0.4_0;0;0_0;0;0_-100;2;5475_-100;2;5475_-100;2;5475,28.6301369863014,Incidence,0.000113190136416696
NbyGQVwzFc_loc12_loop6,12,ITN 0%/IRS 0%/Larvicide 0%,0;0.4;0.4_0;0;0_0;0;0_-100;2;5475_-100;2;5475_-100;2;5475,28.6328767123288,Incidence,0.000113229627685502
NbyGQVwzFc_loc12_loop6,12,ITN 0%/IRS 0%/Larvicide 0%,0;0.4;0.4_0;0;0_0;0;0_-100;2;5475_-100;2;5475_-100;2;5475,28.6356164383562,Incidence,0.000113269219248341
NbyGQVwzFc_loc12_loop6,12,ITN 0%/IRS 0%/Larvicide 0%,0;0.4;0.4_0;0;0_0;0;0_-100;2;5475_-100;2;5475_-100;2;5475,28.6383561643836,Incidence,0.0001133089110079
NbyGQVwzFc_loc12_loop6,12,ITN 0%/IRS 0%/Larvicide 0%,0;0.4;0.4_0;0;0_0;0;0_-100;2;5475_-100;2;5475_-100;2;5475,28.641095890411,Incidence,0.000113348702866999
NbyGQVwzFc_loc12_loop6,12,ITN 0%/IRS 0%/Larvicide 0%,0;0.4;0.4_0;0;0_0;0;0_-100;2;5475_-100;2;5475_-100;2;5475,28.6438356164384,Incidence,0.000113388594728601
NbyGQVwzFc_loc12_loop6,12,ITN 0%/IRS 0%/Larvicide 0%,0;0.4;0.4_0;0;0_0;0;0_-100;2;5475_-100;2;5475_-100;2;5475,28.6465753424658,Incidence,0.000113428586495803
NbyGQVwzFc_loc12_loop6,12,ITN 0%/IRS 0%/Larvicide 0%,0;0.4;0.4_0;0;0_0;0;0_-100;2;5475_-100;2;5475_-100;2;5475,28.6493150684932,Incidence,0.000113468678071842
NbyGQVwzFc_loc12_loop6,12,ITN 0%/IRS 0%/Larvicide 0%,0;0.4;0.4_0;0;0_0;0;0_-100;2;5475_-100;2;5475_-100;2;5475,28.6520547945206,Incidence,0.000113508869360088
NbyGQVwzFc_loc12_loop6,12,ITN 0%/IRS 0%/Larvicide 0%,0;0.4;0.4_0;0;0_0;0;0_-100;2;5475_-100;2;5475_-100;2;5475,28.6547945205479,Incidence,0.000113549160264054
NbyGQVwzFc_loc12_loop6,12,ITN 0%/IRS 0%/Larvicide 0%,0;0.4;0.4_0;0;0_0;0;0_-100;2;5475_-100;2;5475_-100;2;5475,28.6575342465753,Incidence,0.000113589550687385
NbyGQVwzFc_loc12_loop6,12,ITN 0%/IRS 0%/Larvicide 0%,0;0.4;0.4_0;0;0_0;0;0_-100;2;5475_-100;2;5475_-100;2;5475,28.6602739726027,Incidence,0.000113630040533867
NbyGQVwzFc_loc12_loop6,12,ITN 0%/IRS 0%/Larvicide 0%,0;0.4;0.4_0;0;0_0;0;0_-100;2;5475_-100;2;5475_-100;2;5475,28.6630136986301,Incidence,0.00011367062970742
NbyGQVwzFc_loc12_loop6,12,ITN 0%/IRS 0%/Larvicide 0%,0;0.4;0.4_0;0;0_0;0;0_-100;2;5475_-100;2;5475_-100;2;5475,28.6657534246575,Incidence,0.000113711318112102
NbyGQVwzFc_loc12_loop6,12,ITN 0%/IRS 0%/Larvicide 0%,0;0.4;0.4_0;0;0_0;0;0_-100;2;5475_-100;2;5475_-100;2;5475,28.6684931506849,Incidence,0.000113752105652105
NbyGQVwzFc_loc12_loop6,12,ITN 0%/IRS 0%/Larvicide 0%,0;0.4;0.4_0;0;0_0;0;0_-100;2;5475_-100;2;5475_-100;2;5475,28.6712328767123,Incidence,0.000113792992231759
NbyGQVwzFc_loc12_loop6,12,ITN 0%/IRS 0%/Larvicide 0%,0;0.4;0.4_0;0;0_0;0;0_-100;2;5475_-100;2;5475_-100;2;5475,28.6739726027397,Incidence,0.00011383397775553
NbyGQVwzFc_loc12_loop6,12,ITN 0%/IRS 0%/Larvicide 0%,0;0.4;0.4_0;0;0_0;0;0_-100;2;5475_-100;2;5475_-100;2;5475,28.6767123287671,Incidence,0.000113875062128016
NbyGQVwzFc_loc12_loop6,12,ITN 0%/IRS 0%/Larvicide 0%,0;0.4;0.4_0;0;0_0;0;0_-100;2;5475_-100;2;5475_-100;2;5475,28.6794520547945,Incidence,0.000113916245253951
NbyGQVwzFc_loc12_loop6,12,ITN 0%/IRS 0%/Larvicide 0%,0;0.4;0.4_0;0;0_0;0;0_-100;2;5475_-100;2;5475_-100;2;5475,28.6821917808219,Incidence,0.000113957527038206
NbyGQVwzFc_loc12_loop6,12,ITN 0%/IRS 0%/Larvicide 0%,0;0.4;0.4_0;0;0_0;0;0_-100;2;5475_-100;2;5475_-100;2;5475,28.6849315068493,Incidence,0.000113998907385781
NbyGQVwzFc_loc12_loop6,12,ITN 0%/IRS 0%/Larvicide 0%,0;0.4;0.4_0;0;0_0;0;0_-100;2;5475_-100;2;5475_-100;2;5475,28.6876712328767,Incidence,0.000114040386204174
NbyGQVwzFc_loc12_loop6,12,ITN 0%/IRS 0%/Larvicide 0%,0;0.4;0.4_0;0;0_0;0;0_-100;2;5475_-100;2;5475_-100;2;5475,28.6904109589041,Incidence,0.000114081963400072
NbyGQVwzFc_loc12_loop6,12,ITN 0%/IRS 0%/Larvicide 0%,0;0.4;0.4_0;0;0_0;0;0_-100;2;5475_-100;2;5475_-100;2;5475,28.6931506849315,Incidence,0.000114123638874604
NbyGQVwzFc_loc12_loop6,12,ITN 0%/IRS 0%/Larvicide 0%,0;0.4;0.4_0;0;0_0;0;0_-100;2;5475_-100;2;5475_-100;2;5475,28.6958904109589,Incidence,0.000114165412528949
NbyGQVwzFc_loc12_loop6,12,ITN 0%/IRS 0%/Larvicide 0%,0;0.4;0.4_0;0;0_0;0;0_-100;2;5475_-100;2;5475_-100;2;5475,28.6986301369863,Incidence,0.000114207284264409
NbyGQVwzFc_loc12_loop6,12,ITN 0%/IRS 0%/Larvicide 0%,0;0.4;0.4_0;0;0_0;0;0_-100;2;5475_-100;2;5475_-100;2;5475,28.7013698630137,Incidence,0.000114249253982411
NbyGQVwzFc_loc12_loop6,12,ITN 0%/IRS 0%/Larvicide 0%,0;0.4;0.4_0;0;0_0;0;0_-100;2;5475_-100;2;5475_-100;2;5475,28.7041095890411,Incidence,0.000114291321584503
NbyGQVwzFc_loc12_loop6,12,ITN 0%/IRS 0%/Larvicide 0%,0;0.4;0.4_0;0;0_0;0;0_-100;2;5475_-100;2;5475_-100;2;5475,28.7068493150685,Incidence,0.000114333486972358
NbyGQVwzFc_loc12_loop6,12,ITN 0%/IRS 0%/Larvicide 0%,0;0.4;0.4_0;0;0_0;0;0_-100;2;5475_-100;2;5475_-100;2;5475,28.7095890410959,Incidence,0.000114375750047771
NbyGQVwzFc_loc12_loop6,12,ITN 0%/IRS 0%/Larvicide 0%,0;0.4;0.4_0;0;0_0;0;0_-100;2;5475_-100;2;5475_-100;2;5475,28.7123287671233,Incidence,0.000114418110712657
NbyGQVwzFc_loc12_loop6,12,ITN 0%/IRS 0%/Larvicide 0%,0;0.4;0.4_0;0;0_0;0;0_-100;2;5475_-100;2;5475_-100;2;5475,28.7150684931507,Incidence,0.000114460568869056
NbyGQVwzFc_loc12_loop6,12,ITN 0%/IRS 0%/Larvicide 0%,0;0.4;0.4_0;0;0_0;0;0_-100;2;5475_-100;2;5475_-100;2;5475,28.7178082191781,Incidence,0.000114503124419129
NbyGQVwzFc_loc12_loop6,12,ITN 0%/IRS 0%/Larvicide 0%,0;0.4;0.4_0;0;0_0;0;0_-100;2;5475_-100;2;5475_-100;2;5475,28.7205479452055,Incidence,0.000114545777265159
NbyGQVwzFc_loc12_loop6,12,ITN 0%/IRS 0%/Larvicide 0%,0;0.4;0.4_0;0;0_0;0;0_-100;2;5475_-100;2;5475_-100;2;5475,28.7232876712329,Incidence,0.000114588527309547
NbyGQVwzFc_loc12_loop6,12,ITN 0%/IRS 0%/Larvicide 0%,0;0.4;0.4_0;0;0_0;0;0_-100;2;5475_-100;2;5475_-100;2;5475,28.7260273972603,Incidence,0.000114631374454819
NbyGQVwzFc_loc12_loop6,12,ITN 0%/IRS 0%/Larvicide 0%,0;0.4;0.4_0;0;0_0;0;0_-100;2;5475_-100;2;5475_-100;2;5475,28.7287671232877,Incidence,0.000114674318603618
NbyGQVwzFc_loc12_loop6,12,ITN 0%/IRS 0%/Larvicide 0%,0;0.4;0.4_0;0;0_0;0;0_-100;2;5475_-100;2;5475_-100;2;5475,28.7315068493151,Incidence,0.000114717359658707
NbyGQVwzFc_loc12_loop6,12,ITN 0%/IRS 0%/Larvicide 0%,0;0.4;0.4_0;0;0_0;0;0_-100;2;5475_-100;2;5475_-100;2;5475,28.7342465753425,Incidence,0.000114760497522969
NbyGQVwzFc_loc12_loop6,12,ITN 0%/IRS 0%/Larvicide 0%,0;0.4;0.4_0;0;0_0;0;0_-100;2;5475_-100;2;5475_-100;2;5475,28.7369863013699,Incidence,0.000114803732099407
NbyGQVwzFc_loc12_loop6,12,ITN 0%/IRS 0%/Larvicide 0%,0;0.4;0.4_0;0;0_0;0;0_-100;2;5475_-100;2;5475_-100;2;5475,28.7397260273973,Incidence,0.000114847063291139
NbyGQVwzFc_loc12_loop6,12,ITN 0%/IRS 0%/Larvicide 0%,0;0.4;0.4_0;0;0_0;0;0_-100;2;5475_-100;2;5475_-100;2;5475,28.7424657534247,Incidence,0.000114890491001404
NbyGQVwzFc_loc12_loop6,12,ITN 0%/IRS 0%/Larvicide 0%,0;0.4;0.4_0;0;0_0;0;0_-100;2;5475_-100;2;5475_-100;2;5475,28.7452054794521,Incidence,0.000114934015133556
NbyGQVwzFc_loc12_loop6,12,ITN 0%/IRS 0%/Larvicide 0%,0;0.4;0.4_0;0;0_0;0;0_-100;2;5475_-100;2;5475_-100;2;5475,28.7479452054795,Incidence,0.000114977635591068
NbyGQVwzFc_loc12_loop6,12,ITN 0%/IRS 0%/Larvicide 0%,0;0.4;0.4_0;0;0_0;0;0_-100;2;5475_-100;2;5475_-100;2;5475,28.7506849315069,Incidence,0.000115021352277526
NbyGQVwzFc_loc12_loop6,12,ITN 0%/IRS 0%/Larvicide 0%,0;0.4;0.4_0;0;0_0;0;0_-100;2;5475_-100;2;5475_-100;2;5475,28.7534246575343,Incidence,0.000115065165096634
NbyGQVwzFc_loc12_loop6,12,ITN 0%/IRS 0%/Larvicide 0%,0;0.4;0.4_0;0;0_0;0;0_-100;2;5475_-100;2;5475_-100;2;5475,28.7561643835616,Incidence,0.000115109073952209
NbyGQVwzFc_loc12_loop6,12,ITN 0%/IRS 0%/Larvicide 0%,0;0.4;0.4_0;0;0_0;0;0_-100;2;5475_-100;2;5475_-100;2;5475,28.758904109589,Incidence,0.000115153078748183
NbyGQVwzFc_loc12_loop6,12,ITN 0%/IRS 0%/Larvicide 0%,0;0.4;0.4_0;0;0_0;0;0_-100;2;5475_-100;2;5475_-100;2;5475,28.7616438356164,Incidence,0.000115197179388601
NbyGQVwzFc_loc12_loop6,12,ITN 0%/IRS 0%/Larvicide 0%,0;0.4;0.4_0;0;0_0;0;0_-100;2;5475_-100;2;5475_-100;2;5475,28.7643835616438,Incidence,0.0001152413757783
NbyGQVwzFc_loc12_loop6,12,ITN 0%/IRS 0%/Larvicide 0%,0;0.4;0.4_0;0;0_0;0;0_-100;2;5475_-100;2;5475_-100;2;5475,28.7671232876712,Incidence,0.000115285667824564
NbyGQVwzFc_loc12_loop6,12,ITN 0%/IRS 0%/Larvicide 0%,0;0.4;0.4_0;0;0_0;0;0_-100;2;5475_-100;2;5475_-100;2;5475,28.7698630136986,Incidence,0.000115330055428647
NbyGQVwzFc_loc12_loop6,12,ITN 0%/IRS 0%/Larvicide 0%,0;0.4;0.4_0;0;0_0;0;0_-100;2;5475_-100;2;5475_-100;2;5475,28.772602739726,Incidence,0.000115374538490886
NbyGQVwzFc_loc12_loop6,12,ITN 0%/IRS 0%/Larvicide 0%,0;0.4;0.4_0;0;0_0;0;0_-100;2;5475_-100;2;5475_-100;2;5475,28.7753424657534,Incidence,0.000115419116911725
NbyGQVwzFc_loc12_loop6,12,ITN 0%/IRS 0%/Larvicide 0%,0;0.4;0.4_0;0;0_0;0;0_-100;2;5475_-100;2;5475_-100;2;5475,28.7780821917808,Incidence,0.000115463790591714
NbyGQVwzFc_loc12_loop6,12,ITN 0%/IRS 0%/Larvicide 0%,0;0.4;0.4_0;0;0_0;0;0_-100;2;5475_-100;2;5475_-100;2;5475,28.7808219178082,Incidence,0.000115508559431508
NbyGQVwzFc_loc12_loop6,12,ITN 0%/IRS 0%/Larvicide 0%,0;0.4;0.4_0;0;0_0;0;0_-100;2;5475_-100;2;5475_-100;2;5475,28.7835616438356,Incidence,0.000115553423331869
NbyGQVwzFc_loc12_loop6,12,ITN 0%/IRS 0%/Larvicide 0%,0;0.4;0.4_0;0;0_0;0;0_-100;2;5475_-100;2;5475_-100;2;5475,28.786301369863,Incidence,0.000115598382193662
NbyGQVwzFc_loc12_loop6,12,ITN 0%/IRS 0%/Larvicide 0%,0;0.4;0.4_0;0;0_0;0;0_-100;2;5475_-100;2;5475_-100;2;5475,28.7890410958904,Incidence,0.000115643435917857
NbyGQVwzFc_loc12_loop6,12,ITN 0%/IRS 0%/Larvicide 0%,0;0.4;0.4_0;0;0_0;0;0_-100;2;5475_-100;2;5475_-100;2;5475,28.7917808219178,Incidence,0.000115688584405529
NbyGQVwzFc_loc12_loop6,12,ITN 0%/IRS 0%/Larvicide 0%,0;0.4;0.4_0;0;0_0;0;0_-100;2;5475_-100;2;5475_-100;2;5475,28.7945205479452,Incidence,0.000115733827557855
NbyGQVwzFc_loc12_loop6,12,ITN 0%/IRS 0%/Larvicide 0%,0;0.4;0.4_0;0;0_0;0;0_-100;2;5475_-100;2;5475_-100;2;5475,28.7972602739726,Incidence,0.000115779165276114
NbyGQVwzFc_loc12_loop6,12,ITN 0%/IRS 0%/Larvicide 0%,0;0.4;0.4_0;0;0_0;0;0_-100;2;5475_-100;2;5475_-100;2;5475,28.8,Incidence,0.00011582459746169
NbyGQVwzFc_loc12_loop6,12,ITN 0%/IRS 0%/Larvicide 0%,0;0.4;0.4_0;0;0_0;0;0_-100;2;5475_-100;2;5475_-100;2;5475,28.8027397260274,Incidence,0.000115870124016064
NbyGQVwzFc_loc12_loop6,12,ITN 0%/IRS 0%/Larvicide 0%,0;0.4;0.4_0;0;0_0;0;0_-100;2;5475_-100;2;5475_-100;2;5475,28.8054794520548,Incidence,0.000115915744840823
NbyGQVwzFc_loc12_loop6,12,ITN 0%/IRS 0%/Larvicide 0%,0;0.4;0.4_0;0;0_0;0;0_-100;2;5475_-100;2;5475_-100;2;5475,28.8082191780822,Incidence,0.000115961459837649
NbyGQVwzFc_loc12_loop6,12,ITN 0%/IRS 0%/Larvicide 0%,0;0.4;0.4_0;0;0_0;0;0_-100;2;5475_-100;2;5475_-100;2;5475,28.8109589041096,Incidence,0.000116007268908328
NbyGQVwzFc_loc12_loop6,12,ITN 0%/IRS 0%/Larvicide 0%,0;0.4;0.4_0;0;0_0;0;0_-100;2;5475_-100;2;5475_-100;2;5475,28.813698630137,Incidence,0.000116053171954741
NbyGQVwzFc_loc12_loop6,12,ITN 0%/IRS 0%/Larvicide 0%,0;0.4;0.4_0;0;0_0;0;0_-100;2;5475_-100;2;5475_-100;2;5475,28.8164383561644,Incidence,0.000116099168878871
NbyGQVwzFc_loc12_loop6,12,ITN 0%/IRS 0%/Larvicide 0%,0;0.4;0.4_0;0;0_0;0;0_-100;2;5475_-100;2;5475_-100;2;5475,28.8191780821918,Incidence,0.000116145259582795
NbyGQVwzFc_loc12_loop6,12,ITN 0%/IRS 0%/Larvicide 0%,0;0.4;0.4_0;0;0_0;0;0_-100;2;5475_-100;2;5475_-100;2;5475,28.8219178082192,Incidence,0.000116191443968688
NbyGQVwzFc_loc12_loop6,12,ITN 0%/IRS 0%/Larvicide 0%,0;0.4;0.4_0;0;0_0;0;0_-100;2;5475_-100;2;5475_-100;2;5475,28.8246575342466,Incidence,0.000116237721938823
NbyGQVwzFc_loc12_loop6,12,ITN 0%/IRS 0%/Larvicide 0%,0;0.4;0.4_0;0;0_0;0;0_-100;2;5475_-100;2;5475_-100;2;5475,28.827397260274,Incidence,0.000116284093395565
NbyGQVwzFc_loc12_loop6,12,ITN 0%/IRS 0%/Larvicide 0%,0;0.4;0.4_0;0;0_0;0;0_-100;2;5475_-100;2;5475_-100;2;5475,28.8301369863014,Incidence,0.000116330558241377
NbyGQVwzFc_loc12_loop6,12,ITN 0%/IRS 0%/Larvicide 0%,0;0.4;0.4_0;0;0_0;0;0_-100;2;5475_-100;2;5475_-100;2;5475,28.8328767123288,Incidence,0.000116377116378811
NbyGQVwzFc_loc12_loop6,12,ITN 0%/IRS 0%/Larvicide 0%,0;0.4;0.4_0;0;0_0;0;0_-100;2;5475_-100;2;5475_-100;2;5475,28.8356164383562,Incidence,0.000116423767710516
NbyGQVwzFc_loc12_loop6,12,ITN 0%/IRS 0%/Larvicide 0%,0;0.4;0.4_0;0;0_0;0;0_-100;2;5475_-100;2;5475_-100;2;5475,28.8383561643836,Incidence,0.000116470512139232
NbyGQVwzFc_loc12_loop6,12,ITN 0%/IRS 0%/Larvicide 0%,0;0.4;0.4_0;0;0_0;0;0_-100;2;5475_-100;2;5475_-100;2;5475,28.841095890411,Incidence,0.00011651734956779
NbyGQVwzFc_loc12_loop6,12,ITN 0%/IRS 0%/Larvicide 0%,0;0.4;0.4_0;0;0_0;0;0_-100;2;5475_-100;2;5475_-100;2;5475,28.8438356164384,Incidence,0.000116564279899114
NbyGQVwzFc_loc12_loop6,12,ITN 0%/IRS 0%/Larvicide 0%,0;0.4;0.4_0;0;0_0;0;0_-100;2;5475_-100;2;5475_-100;2;5475,28.8465753424658,Incidence,0.000116611303038597
NbyGQVwzFc_loc12_loop6,12,ITN 0%/IRS 0%/Larvicide 0%,0;0.4;0.4_0;0;0_0;0;0_-100;2;5475_-100;2;5475_-100;2;5475,28.8493150684932,Incidence,0.000116658418888699
NbyGQVwzFc_loc12_loop6,12,ITN 0%/IRS 0%/Larvicide 0%,0;0.4;0.4_0;0;0_0;0;0_-100;2;5475_-100;2;5475_-100;2;5475,28.8520547945206,Incidence,0.000116705627348676
NbyGQVwzFc_loc12_loop6,12,ITN 0%/IRS 0%/Larvicide 0%,0;0.4;0.4_0;0;0_0;0;0_-100;2;5475_-100;2;5475_-100;2;5475,28.8547945205479,Incidence,0.000116752928317875
NbyGQVwzFc_loc12_loop6,12,ITN 0%/IRS 0%/Larvicide 0%,0;0.4;0.4_0;0;0_0;0;0_-100;2;5475_-100;2;5475_-100;2;5475,28.8575342465753,Incidence,0.000116800321695727
NbyGQVwzFc_loc12_loop6,12,ITN 0%/IRS 0%/Larvicide 0%,0;0.4;0.4_0;0;0_0;0;0_-100;2;5475_-100;2;5475_-100;2;5475,28.8602739726027,Incidence,0.000116847807381749
NbyGQVwzFc_loc12_loop6,12,ITN 0%/IRS 0%/Larvicide 0%,0;0.4;0.4_0;0;0_0;0;0_-100;2;5475_-100;2;5475_-100;2;5475,28.8630136986301,Incidence,0.000116895385275548
NbyGQVwzFc_loc12_loop6,12,ITN 0%/IRS 0%/Larvicide 0%,0;0.4;0.4_0;0;0_0;0;0_-100;2;5475_-100;2;5475_-100;2;5475,28.8657534246575,Incidence,0.000116943055276811
NbyGQVwzFc_loc12_loop6,12,ITN 0%/IRS 0%/Larvicide 0%,0;0.4;0.4_0;0;0_0;0;0_-100;2;5475_-100;2;5475_-100;2;5475,28.8684931506849,Incidence,0.000116990817285313
NbyGQVwzFc_loc12_loop6,12,ITN 0%/IRS 0%/Larvicide 0%,0;0.4;0.4_0;0;0_0;0;0_-100;2;5475_-100;2;5475_-100;2;5475,28.8712328767123,Incidence,0.000117038671200911
NbyGQVwzFc_loc12_loop6,12,ITN 0%/IRS 0%/Larvicide 0%,0;0.4;0.4_0;0;0_0;0;0_-100;2;5475_-100;2;5475_-100;2;5475,28.8739726027397,Incidence,0.000117086616923546
NbyGQVwzFc_loc12_loop6,12,ITN 0%/IRS 0%/Larvicide 0%,0;0.4;0.4_0;0;0_0;0;0_-100;2;5475_-100;2;5475_-100;2;5475,28.8767123287671,Incidence,0.000117134654353241
NbyGQVwzFc_loc12_loop6,12,ITN 0%/IRS 0%/Larvicide 0%,0;0.4;0.4_0;0;0_0;0;0_-100;2;5475_-100;2;5475_-100;2;5475,28.8794520547945,Incidence,0.000117182783390099
NbyGQVwzFc_loc12_loop6,12,ITN 0%/IRS 0%/Larvicide 0%,0;0.4;0.4_0;0;0_0;0;0_-100;2;5475_-100;2;5475_-100;2;5475,28.8821917808219,Incidence,0.000117231003934308
NbyGQVwzFc_loc12_loop6,12,ITN 0%/IRS 0%/Larvicide 0%,0;0.4;0.4_0;0;0_0;0;0_-100;2;5475_-100;2;5475_-100;2;5475,28.8849315068493,Incidence,0.000117279315886131
NbyGQVwzFc_loc12_loop6,12,ITN 0%/IRS 0%/Larvicide 0%,0;0.4;0.4_0;0;0_0;0;0_-100;2;5475_-100;2;5475_-100;2;5475,28.8876712328767,Incidence,0.000117327719145913
NbyGQVwzFc_loc12_loop6,12,ITN 0%/IRS 0%/Larvicide 0%,0;0.4;0.4_0;0;0_0;0;0_-100;2;5475_-100;2;5475_-100;2;5475,28.8904109589041,Incidence,0.000117376213614077
NbyGQVwzFc_loc12_loop6,12,ITN 0%/IRS 0%/Larvicide 0%,0;0.4;0.4_0;0;0_0;0;0_-100;2;5475_-100;2;5475_-100;2;5475,28.8931506849315,Incidence,0.000117424799191125
NbyGQVwzFc_loc12_loop6,12,ITN 0%/IRS 0%/Larvicide 0%,0;0.4;0.4_0;0;0_0;0;0_-100;2;5475_-100;2;5475_-100;2;5475,28.8958904109589,Incidence,0.000117473475777633
NbyGQVwzFc_loc12_loop6,12,ITN 0%/IRS 0%/Larvicide 0%,0;0.4;0.4_0;0;0_0;0;0_-100;2;5475_-100;2;5475_-100;2;5475,28.8986301369863,Incidence,0.000117522243274256
NbyGQVwzFc_loc12_loop6,12,ITN 0%/IRS 0%/Larvicide 0%,0;0.4;0.4_0;0;0_0;0;0_-100;2;5475_-100;2;5475_-100;2;5475,28.9013698630137,Incidence,0.000117571101581722
NbyGQVwzFc_loc12_loop6,12,ITN 0%/IRS 0%/Larvicide 0%,0;0.4;0.4_0;0;0_0;0;0_-100;2;5475_-100;2;5475_-100;2;5475,28.9041095890411,Incidence,0.000117620050600834
NbyGQVwzFc_loc12_loop6,12,ITN 0%/IRS 0%/Larvicide 0%,0;0.4;0.4_0;0;0_0;0;0_-100;2;5475_-100;2;5475_-100;2;5475,28.9068493150685,Incidence,0.00011766909023247
NbyGQVwzFc_loc12_loop6,12,ITN 0%/IRS 0%/Larvicide 0%,0;0.4;0.4_0;0;0_0;0;0_-100;2;5475_-100;2;5475_-100;2;5475,28.9095890410959,Incidence,0.000117718220377578
NbyGQVwzFc_loc12_loop6,12,ITN 0%/IRS 0%/Larvicide 0%,0;0.4;0.4_0;0;0_0;0;0_-100;2;5475_-100;2;5475_-100;2;5475,28.9123287671233,Incidence,0.000117767440937181
NbyGQVwzFc_loc12_loop6,12,ITN 0%/IRS 0%/Larvicide 0%,0;0.4;0.4_0;0;0_0;0;0_-100;2;5475_-100;2;5475_-100;2;5475,28.9150684931507,Incidence,0.00011781675181237
NbyGQVwzFc_loc12_loop6,12,ITN 0%/IRS 0%/Larvicide 0%,0;0.4;0.4_0;0;0_0;0;0_-100;2;5475_-100;2;5475_-100;2;5475,28.9178082191781,Incidence,0.000117866152904308
NbyGQVwzFc_loc12_loop6,12,ITN 0%/IRS 0%/Larvicide 0%,0;0.4;0.4_0;0;0_0;0;0_-100;2;5475_-100;2;5475_-100;2;5475,28.9205479452055,Incidence,0.000117915644114225
NbyGQVwzFc_loc12_loop6,12,ITN 0%/IRS 0%/Larvicide 0%,0;0.4;0.4_0;0;0_0;0;0_-100;2;5475_-100;2;5475_-100;2;5475,28.9232876712329,Incidence,0.000117965225343421
NbyGQVwzFc_loc12_loop6,12,ITN 0%/IRS 0%/Larvicide 0%,0;0.4;0.4_0;0;0_0;0;0_-100;2;5475_-100;2;5475_-100;2;5475,28.9260273972603,Incidence,0.000118014896493264
NbyGQVwzFc_loc12_loop6,12,ITN 0%/IRS 0%/Larvicide 0%,0;0.4;0.4_0;0;0_0;0;0_-100;2;5475_-100;2;5475_-100;2;5475,28.9287671232877,Incidence,0.000118064657465636
NbyGQVwzFc_loc12_loop6,12,ITN 0%/IRS 0%/Larvicide 0%,0;0.4;0.4_0;0;0_0;0;0_-100;2;5475_-100;2;5475_-100;2;5475,28.9315068493151,Incidence,0.000118114508164062
NbyGQVwzFc_loc12_loop6,12,ITN 0%/IRS 0%/Larvicide 0%,0;0.4;0.4_0;0;0_0;0;0_-100;2;5475_-100;2;5475_-100;2;5475,28.9342465753425,Incidence,0.000118164448487272
NbyGQVwzFc_loc12_loop6,12,ITN 0%/IRS 0%/Larvicide 0%,0;0.4;0.4_0;0;0_0;0;0_-100;2;5475_-100;2;5475_-100;2;5475,28.9369863013699,Incidence,0.000118214478333213
NbyGQVwzFc_loc12_loop6,12,ITN 0%/IRS 0%/Larvicide 0%,0;0.4;0.4_0;0;0_0;0;0_-100;2;5475_-100;2;5475_-100;2;5475,28.9397260273973,Incidence,0.000118264597599897
NbyGQVwzFc_loc12_loop6,12,ITN 0%/IRS 0%/Larvicide 0%,0;0.4;0.4_0;0;0_0;0;0_-100;2;5475_-100;2;5475_-100;2;5475,28.9424657534247,Incidence,0.000118314806185403
NbyGQVwzFc_loc12_loop6,12,ITN 0%/IRS 0%/Larvicide 0%,0;0.4;0.4_0;0;0_0;0;0_-100;2;5475_-100;2;5475_-100;2;5475,28.9452054794521,Incidence,0.000118365103987874
NbyGQVwzFc_loc12_loop6,12,ITN 0%/IRS 0%/Larvicide 0%,0;0.4;0.4_0;0;0_0;0;0_-100;2;5475_-100;2;5475_-100;2;5475,28.9479452054795,Incidence,0.000118415490905519
NbyGQVwzFc_loc12_loop6,12,ITN 0%/IRS 0%/Larvicide 0%,0;0.4;0.4_0;0;0_0;0;0_-100;2;5475_-100;2;5475_-100;2;5475,28.9506849315069,Incidence,0.000118465966836609
NbyGQVwzFc_loc12_loop6,12,ITN 0%/IRS 0%/Larvicide 0%,0;0.4;0.4_0;0;0_0;0;0_-100;2;5475_-100;2;5475_-100;2;5475,28.9534246575342,Incidence,0.000118516531679478
NbyGQVwzFc_loc12_loop6,12,ITN 0%/IRS 0%/Larvicide 0%,0;0.4;0.4_0;0;0_0;0;0_-100;2;5475_-100;2;5475_-100;2;5475,28.9561643835616,Incidence,0.000118567185332522
NbyGQVwzFc_loc12_loop6,12,ITN 0%/IRS 0%/Larvicide 0%,0;0.4;0.4_0;0;0_0;0;0_-100;2;5475_-100;2;5475_-100;2;5475,28.958904109589,Incidence,0.000118617927694199
NbyGQVwzFc_loc12_loop6,12,ITN 0%/IRS 0%/Larvicide 0%,0;0.4;0.4_0;0;0_0;0;0_-100;2;5475_-100;2;5475_-100;2;5475,28.9616438356164,Incidence,0.000118668758663027
NbyGQVwzFc_loc12_loop6,12,ITN 0%/IRS 0%/Larvicide 0%,0;0.4;0.4_0;0;0_0;0;0_-100;2;5475_-100;2;5475_-100;2;5475,28.9643835616438,Incidence,0.000118719678137583
NbyGQVwzFc_loc12_loop6,12,ITN 0%/IRS 0%/Larvicide 0%,0;0.4;0.4_0;0;0_0;0;0_-100;2;5475_-100;2;5475_-100;2;5475,28.9671232876712,Incidence,0.000118770686016502
NbyGQVwzFc_loc12_loop6,12,ITN 0%/IRS 0%/Larvicide 0%,0;0.4;0.4_0;0;0_0;0;0_-100;2;5475_-100;2;5475_-100;2;5475,28.9698630136986,Incidence,0.000118821782198479
NbyGQVwzFc_loc12_loop6,12,ITN 0%/IRS 0%/Larvicide 0%,0;0.4;0.4_0;0;0_0;0;0_-100;2;5475_-100;2;5475_-100;2;5475,28.972602739726,Incidence,0.000118872966582263
NbyGQVwzFc_loc12_loop6,12,ITN 0%/IRS 0%/Larvicide 0%,0;0.4;0.4_0;0;0_0;0;0_-100;2;5475_-100;2;5475_-100;2;5475,28.9753424657534,Incidence,0.000118924239066663
NbyGQVwzFc_loc12_loop6,12,ITN 0%/IRS 0%/Larvicide 0%,0;0.4;0.4_0;0;0_0;0;0_-100;2;5475_-100;2;5475_-100;2;5475,28.9780821917808,Incidence,0.000118975599550539
NbyGQVwzFc_loc12_loop6,12,ITN 0%/IRS 0%/Larvicide 0%,0;0.4;0.4_0;0;0_0;0;0_-100;2;5475_-100;2;5475_-100;2;5475,28.9808219178082,Incidence,0.000119027047932808
NbyGQVwzFc_loc12_loop6,12,ITN 0%/IRS 0%/Larvicide 0%,0;0.4;0.4_0;0;0_0;0;0_-100;2;5475_-100;2;5475_-100;2;5475,28.9835616438356,Incidence,0.000119078584112439
NbyGQVwzFc_loc12_loop6,12,ITN 0%/IRS 0%/Larvicide 0%,0;0.4;0.4_0;0;0_0;0;0_-100;2;5475_-100;2;5475_-100;2;5475,28.986301369863,Incidence,0.000119130207988454
NbyGQVwzFc_loc12_loop6,12,ITN 0%/IRS 0%/Larvicide 0%,0;0.4;0.4_0;0;0_0;0;0_-100;2;5475_-100;2;5475_-100;2;5475,28.9890410958904,Incidence,0.000119181919459928
NbyGQVwzFc_loc12_loop6,12,ITN 0%/IRS 0%/Larvicide 0%,0;0.4;0.4_0;0;0_0;0;0_-100;2;5475_-100;2;5475_-100;2;5475,28.9917808219178,Incidence,0.000119233718425984
NbyGQVwzFc_loc12_loop6,12,ITN 0%/IRS 0%/Larvicide 0%,0;0.4;0.4_0;0;0_0;0;0_-100;2;5475_-100;2;5475_-100;2;5475,28.9945205479452,Incidence,0.000119285604785798
NbyGQVwzFc_loc12_loop6,12,ITN 0%/IRS 0%/Larvicide 0%,0;0.4;0.4_0;0;0_0;0;0_-100;2;5475_-100;2;5475_-100;2;5475,28.9972602739726,Incidence,0.000119337578438591
NbyGQVwzFc_loc12_loop6,12,ITN 0%/IRS 0%/Larvicide 0%,0;0.4;0.4_0;0;0_0;0;0_-100;2;5475_-100;2;5475_-100;2;5475,29,Incidence,0.000119389639283637
NbyGQVwzFc_loc12_loop6,12,ITN 0%/IRS 0%/Larvicide 0%,0;0.4;0.4_0;0;0_0;0;0_-100;2;5475_-100;2;5475_-100;2;5475,29.0027397260274,Incidence,0.000119441787220252
NbyGQVwzFc_loc12_loop6,12,ITN 0%/IRS 0%/Larvicide 0%,0;0.4;0.4_0;0;0_0;0;0_-100;2;5475_-100;2;5475_-100;2;5475,29.0054794520548,Incidence,0.000119494022147801
NbyGQVwzFc_loc12_loop6,12,ITN 0%/IRS 0%/Larvicide 0%,0;0.4;0.4_0;0;0_0;0;0_-100;2;5475_-100;2;5475_-100;2;5475,29.0082191780822,Incidence,0.000119546343965693
NbyGQVwzFc_loc12_loop6,12,ITN 0%/IRS 0%/Larvicide 0%,0;0.4;0.4_0;0;0_0;0;0_-100;2;5475_-100;2;5475_-100;2;5475,29.0109589041096,Incidence,0.000119598752573381
NbyGQVwzFc_loc12_loop6,12,ITN 0%/IRS 0%/Larvicide 0%,0;0.4;0.4_0;0;0_0;0;0_-100;2;5475_-100;2;5475_-100;2;5475,29.013698630137,Incidence,0.000119651247870362
NbyGQVwzFc_loc12_loop6,12,ITN 0%/IRS 0%/Larvicide 0%,0;0.4;0.4_0;0;0_0;0;0_-100;2;5475_-100;2;5475_-100;2;5475,29.0164383561644,Incidence,0.000119703829756829
NbyGQVwzFc_loc12_loop6,12,ITN 0%/IRS 0%/Larvicide 0%,0;0.4;0.4_0;0;0_0;0;0_-100;2;5475_-100;2;5475_-100;2;5475,29.0191780821918,Incidence,0.000119756498133481
NbyGQVwzFc_loc12_loop6,12,ITN 0%/IRS 0%/Larvicide 0%,0;0.4;0.4_0;0;0_0;0;0_-100;2;5475_-100;2;5475_-100;2;5475,29.0219178082192,Incidence,0.000119809252896877
NbyGQVwzFc_loc12_loop6,12,ITN 0%/IRS 0%/Larvicide 0%,0;0.4;0.4_0;0;0_0;0;0_-100;2;5475_-100;2;5475_-100;2;5475,29.0246575342466,Incidence,0.000119862093943269
NbyGQVwzFc_loc12_loop6,12,ITN 0%/IRS 0%/Larvicide 0%,0;0.4;0.4_0;0;0_0;0;0_-100;2;5475_-100;2;5475_-100;2;5475,29.027397260274,Incidence,0.00011991502116895
NbyGQVwzFc_loc12_loop6,12,ITN 0%/IRS 0%/Larvicide 0%,0;0.4;0.4_0;0;0_0;0;0_-100;2;5475_-100;2;5475_-100;2;5475,29.0301369863014,Incidence,0.000119968034470261
NbyGQVwzFc_loc12_loop6,12,ITN 0%/IRS 0%/Larvicide 0%,0;0.4;0.4_0;0;0_0;0;0_-100;2;5475_-100;2;5475_-100;2;5475,29.0328767123288,Incidence,0.000120021133743583
NbyGQVwzFc_loc12_loop6,12,ITN 0%/IRS 0%/Larvicide 0%,0;0.4;0.4_0;0;0_0;0;0_-100;2;5475_-100;2;5475_-100;2;5475,29.0356164383562,Incidence,0.000120074318884645
NbyGQVwzFc_loc12_loop6,12,ITN 0%/IRS 0%/Larvicide 0%,0;0.4;0.4_0;0;0_0;0;0_-100;2;5475_-100;2;5475_-100;2;5475,29.0383561643836,Incidence,0.000120127589791592
NbyGQVwzFc_loc12_loop6,12,ITN 0%/IRS 0%/Larvicide 0%,0;0.4;0.4_0;0;0_0;0;0_-100;2;5475_-100;2;5475_-100;2;5475,29.041095890411,Incidence,0.000120180946359957
NbyGQVwzFc_loc12_loop6,12,ITN 0%/IRS 0%/Larvicide 0%,0;0.4;0.4_0;0;0_0;0;0_-100;2;5475_-100;2;5475_-100;2;5475,29.0438356164384,Incidence,0.000120234388485788
NbyGQVwzFc_loc12_loop6,12,ITN 0%/IRS 0%/Larvicide 0%,0;0.4;0.4_0;0;0_0;0;0_-100;2;5475_-100;2;5475_-100;2;5475,29.0465753424658,Incidence,0.000120287916066322
NbyGQVwzFc_loc12_loop6,12,ITN 0%/IRS 0%/Larvicide 0%,0;0.4;0.4_0;0;0_0;0;0_-100;2;5475_-100;2;5475_-100;2;5475,29.0493150684932,Incidence,0.00012034152899825
NbyGQVwzFc_loc12_loop6,12,ITN 0%/IRS 0%/Larvicide 0%,0;0.4;0.4_0;0;0_0;0;0_-100;2;5475_-100;2;5475_-100;2;5475,29.0520547945206,Incidence,0.000120395227177856
NbyGQVwzFc_loc12_loop6,12,ITN 0%/IRS 0%/Larvicide 0%,0;0.4;0.4_0;0;0_0;0;0_-100;2;5475_-100;2;5475_-100;2;5475,29.0547945205479,Incidence,0.000120449010501904
NbyGQVwzFc_loc12_loop6,12,ITN 0%/IRS 0%/Larvicide 0%,0;0.4;0.4_0;0;0_0;0;0_-100;2;5475_-100;2;5475_-100;2;5475,29.0575342465753,Incidence,0.000120502878867298
NbyGQVwzFc_loc12_loop6,12,ITN 0%/IRS 0%/Larvicide 0%,0;0.4;0.4_0;0;0_0;0;0_-100;2;5475_-100;2;5475_-100;2;5475,29.0602739726027,Incidence,0.000120556832172988
NbyGQVwzFc_loc12_loop6,12,ITN 0%/IRS 0%/Larvicide 0%,0;0.4;0.4_0;0;0_0;0;0_-100;2;5475_-100;2;5475_-100;2;5475,29.0630136986301,Incidence,0.000120610870309354
NbyGQVwzFc_loc12_loop6,12,ITN 0%/IRS 0%/Larvicide 0%,0;0.4;0.4_0;0;0_0;0;0_-100;2;5475_-100;2;5475_-100;2;5475,29.0657534246575,Incidence,0.000120664993178895
NbyGQVwzFc_loc12_loop6,12,ITN 0%/IRS 0%/Larvicide 0%,0;0.4;0.4_0;0;0_0;0;0_-100;2;5475_-100;2;5475_-100;2;5475,29.0684931506849,Incidence,0.000120719200678567
NbyGQVwzFc_loc12_loop6,12,ITN 0%/IRS 0%/Larvicide 0%,0;0.4;0.4_0;0;0_0;0;0_-100;2;5475_-100;2;5475_-100;2;5475,29.0712328767123,Incidence,0.000120773492701219
NbyGQVwzFc_loc12_loop6,12,ITN 0%/IRS 0%/Larvicide 0%,0;0.4;0.4_0;0;0_0;0;0_-100;2;5475_-100;2;5475_-100;2;5475,29.0739726027397,Incidence,0.000120827869147533
NbyGQVwzFc_loc12_loop6,12,ITN 0%/IRS 0%/Larvicide 0%,0;0.4;0.4_0;0;0_0;0;0_-100;2;5475_-100;2;5475_-100;2;5475,29.0767123287671,Incidence,0.000120882329914041
NbyGQVwzFc_loc12_loop6,12,ITN 0%/IRS 0%/Larvicide 0%,0;0.4;0.4_0;0;0_0;0;0_-100;2;5475_-100;2;5475_-100;2;5475,29.0794520547945,Incidence,0.000120936874895491
NbyGQVwzFc_loc12_loop6,12,ITN 0%/IRS 0%/Larvicide 0%,0;0.4;0.4_0;0;0_0;0;0_-100;2;5475_-100;2;5475_-100;2;5475,29.0821917808219,Incidence,0.000120991503990634
NbyGQVwzFc_loc12_loop6,12,ITN 0%/IRS 0%/Larvicide 0%,0;0.4;0.4_0;0;0_0;0;0_-100;2;5475_-100;2;5475_-100;2;5475,29.0849315068493,Incidence,0.000121046217096802
NbyGQVwzFc_loc12_loop6,12,ITN 0%/IRS 0%/Larvicide 0%,0;0.4;0.4_0;0;0_0;0;0_-100;2;5475_-100;2;5475_-100;2;5475,29.0876712328767,Incidence,0.00012110101410978
NbyGQVwzFc_loc12_loop6,12,ITN 0%/IRS 0%/Larvicide 0%,0;0.4;0.4_0;0;0_0;0;0_-100;2;5475_-100;2;5475_-100;2;5475,29.0904109589041,Incidence,0.000121155894927916
NbyGQVwzFc_loc12_loop6,12,ITN 0%/IRS 0%/Larvicide 0%,0;0.4;0.4_0;0;0_0;0;0_-100;2;5475_-100;2;5475_-100;2;5475,29.0931506849315,Incidence,0.000121210859448823
NbyGQVwzFc_loc12_loop6,12,ITN 0%/IRS 0%/Larvicide 0%,0;0.4;0.4_0;0;0_0;0;0_-100;2;5475_-100;2;5475_-100;2;5475,29.0958904109589,Incidence,0.000121265907565404
NbyGQVwzFc_loc12_loop6,12,ITN 0%/IRS 0%/Larvicide 0%,0;0.4;0.4_0;0;0_0;0;0_-100;2;5475_-100;2;5475_-100;2;5475,29.0986301369863,Incidence,0.000121321039179501
NbyGQVwzFc_loc12_loop6,12,ITN 0%/IRS 0%/Larvicide 0%,0;0.4;0.4_0;0;0_0;0;0_-100;2;5475_-100;2;5475_-100;2;5475,29.1013698630137,Incidence,0.000121376254187597
NbyGQVwzFc_loc12_loop6,12,ITN 0%/IRS 0%/Larvicide 0%,0;0.4;0.4_0;0;0_0;0;0_-100;2;5475_-100;2;5475_-100;2;5475,29.1041095890411,Incidence,0.000121431552484737
NbyGQVwzFc_loc12_loop6,12,ITN 0%/IRS 0%/Larvicide 0%,0;0.4;0.4_0;0;0_0;0;0_-100;2;5475_-100;2;5475_-100;2;5475,29.1068493150685,Incidence,0.000121486933969909
NbyGQVwzFc_loc12_loop6,12,ITN 0%/IRS 0%/Larvicide 0%,0;0.4;0.4_0;0;0_0;0;0_-100;2;5475_-100;2;5475_-100;2;5475,29.1095890410959,Incidence,0.000121542398542018
NbyGQVwzFc_loc12_loop6,12,ITN 0%/IRS 0%/Larvicide 0%,0;0.4;0.4_0;0;0_0;0;0_-100;2;5475_-100;2;5475_-100;2;5475,29.1123287671233,Incidence,0.00012159794609494
NbyGQVwzFc_loc12_loop6,12,ITN 0%/IRS 0%/Larvicide 0%,0;0.4;0.4_0;0;0_0;0;0_-100;2;5475_-100;2;5475_-100;2;5475,29.1150684931507,Incidence,0.000121653576523049
NbyGQVwzFc_loc12_loop6,12,ITN 0%/IRS 0%/Larvicide 0%,0;0.4;0.4_0;0;0_0;0;0_-100;2;5475_-100;2;5475_-100;2;5475,29.1178082191781,Incidence,0.000121709289721034
NbyGQVwzFc_loc12_loop6,12,ITN 0%/IRS 0%/Larvicide 0%,0;0.4;0.4_0;0;0_0;0;0_-100;2;5475_-100;2;5475_-100;2;5475,29.1205479452055,Incidence,0.000121765085582759
NbyGQVwzFc_loc12_loop6,12,ITN 0%/IRS 0%/Larvicide 0%,0;0.4;0.4_0;0;0_0;0;0_-100;2;5475_-100;2;5475_-100;2;5475,29.1232876712329,Incidence,0.00012182096400221
NbyGQVwzFc_loc12_loop6,12,ITN 0%/IRS 0%/Larvicide 0%,0;0.4;0.4_0;0;0_0;0;0_-100;2;5475_-100;2;5475_-100;2;5475,29.1260273972603,Incidence,0.000121876924873955
NbyGQVwzFc_loc12_loop6,12,ITN 0%/IRS 0%/Larvicide 0%,0;0.4;0.4_0;0;0_0;0;0_-100;2;5475_-100;2;5475_-100;2;5475,29.1287671232877,Incidence,0.000121932968092278
NbyGQVwzFc_loc12_loop6,12,ITN 0%/IRS 0%/Larvicide 0%,0;0.4;0.4_0;0;0_0;0;0_-100;2;5475_-100;2;5475_-100;2;5475,29.1315068493151,Incidence,0.000121989093551191
NbyGQVwzFc_loc12_loop6,12,ITN 0%/IRS 0%/Larvicide 0%,0;0.4;0.4_0;0;0_0;0;0_-100;2;5475_-100;2;5475_-100;2;5475,29.1342465753425,Incidence,0.000122045301145113
NbyGQVwzFc_loc12_loop6,12,ITN 0%/IRS 0%/Larvicide 0%,0;0.4;0.4_0;0;0_0;0;0_-100;2;5475_-100;2;5475_-100;2;5475,29.1369863013699,Incidence,0.000122101590768494
NbyGQVwzFc_loc12_loop6,12,ITN 0%/IRS 0%/Larvicide 0%,0;0.4;0.4_0;0;0_0;0;0_-100;2;5475_-100;2;5475_-100;2;5475,29.1397260273973,Incidence,0.000122157962315497
NbyGQVwzFc_loc12_loop6,12,ITN 0%/IRS 0%/Larvicide 0%,0;0.4;0.4_0;0;0_0;0;0_-100;2;5475_-100;2;5475_-100;2;5475,29.1424657534247,Incidence,0.000122214415680472
NbyGQVwzFc_loc12_loop6,12,ITN 0%/IRS 0%/Larvicide 0%,0;0.4;0.4_0;0;0_0;0;0_-100;2;5475_-100;2;5475_-100;2;5475,29.1452054794521,Incidence,0.000122270950757906
NbyGQVwzFc_loc12_loop6,12,ITN 0%/IRS 0%/Larvicide 0%,0;0.4;0.4_0;0;0_0;0;0_-100;2;5475_-100;2;5475_-100;2;5475,29.1479452054795,Incidence,0.000122327567442102
NbyGQVwzFc_loc12_loop6,12,ITN 0%/IRS 0%/Larvicide 0%,0;0.4;0.4_0;0;0_0;0;0_-100;2;5475_-100;2;5475_-100;2;5475,29.1506849315069,Incidence,0.000122384265627418
NbyGQVwzFc_loc12_loop6,12,ITN 0%/IRS 0%/Larvicide 0%,0;0.4;0.4_0;0;0_0;0;0_-100;2;5475_-100;2;5475_-100;2;5475,29.1534246575342,Incidence,0.000122441045208332
NbyGQVwzFc_loc12_loop6,12,ITN 0%/IRS 0%/Larvicide 0%,0;0.4;0.4_0;0;0_0;0;0_-100;2;5475_-100;2;5475_-100;2;5475,29.1561643835616,Incidence,0.000122497906079242
NbyGQVwzFc_loc12_loop6,12,ITN 0%/IRS 0%/Larvicide 0%,0;0.4;0.4_0;0;0_0;0;0_-100;2;5475_-100;2;5475_-100;2;5475,29.158904109589,Incidence,0.000122554848134542
NbyGQVwzFc_loc12_loop6,12,ITN 0%/IRS 0%/Larvicide 0%,0;0.4;0.4_0;0;0_0;0;0_-100;2;5475_-100;2;5475_-100;2;5475,29.1616438356164,Incidence,0.000122611871268707
NbyGQVwzFc_loc12_loop6,12,ITN 0%/IRS 0%/Larvicide 0%,0;0.4;0.4_0;0;0_0;0;0_-100;2;5475_-100;2;5475_-100;2;5475,29.1643835616438,Incidence,0.000122668975376187
NbyGQVwzFc_loc12_loop6,12,ITN 0%/IRS 0%/Larvicide 0%,0;0.4;0.4_0;0;0_0;0;0_-100;2;5475_-100;2;5475_-100;2;5475,29.1671232876712,Incidence,0.000122726160351417
NbyGQVwzFc_loc12_loop6,12,ITN 0%/IRS 0%/Larvicide 0%,0;0.4;0.4_0;0;0_0;0;0_-100;2;5475_-100;2;5475_-100;2;5475,29.1698630136986,Incidence,0.000122783426088877
NbyGQVwzFc_loc12_loop6,12,ITN 0%/IRS 0%/Larvicide 0%,0;0.4;0.4_0;0;0_0;0;0_-100;2;5475_-100;2;5475_-100;2;5475,29.172602739726,Incidence,0.000122840772483044
NbyGQVwzFc_loc12_loop6,12,ITN 0%/IRS 0%/Larvicide 0%,0;0.4;0.4_0;0;0_0;0;0_-100;2;5475_-100;2;5475_-100;2;5475,29.1753424657534,Incidence,0.000122898199428385
NbyGQVwzFc_loc12_loop6,12,ITN 0%/IRS 0%/Larvicide 0%,0;0.4;0.4_0;0;0_0;0;0_-100;2;5475_-100;2;5475_-100;2;5475,29.1780821917808,Incidence,0.00012295570681939
NbyGQVwzFc_loc12_loop6,12,ITN 0%/IRS 0%/Larvicide 0%,0;0.4;0.4_0;0;0_0;0;0_-100;2;5475_-100;2;5475_-100;2;5475,29.1808219178082,Incidence,0.000123013294550548
NbyGQVwzFc_loc12_loop6,12,ITN 0%/IRS 0%/Larvicide 0%,0;0.4;0.4_0;0;0_0;0;0_-100;2;5475_-100;2;5475_-100;2;5475,29.1835616438356,Incidence,0.000123070962516349
NbyGQVwzFc_loc12_loop6,12,ITN 0%/IRS 0%/Larvicide 0%,0;0.4;0.4_0;0;0_0;0;0_-100;2;5475_-100;2;5475_-100;2;5475,29.186301369863,Incidence,0.000123128710611286
NbyGQVwzFc_loc12_loop6,12,ITN 0%/IRS 0%/Larvicide 0%,0;0.4;0.4_0;0;0_0;0;0_-100;2;5475_-100;2;5475_-100;2;5475,29.1890410958904,Incidence,0.000123186538729855
NbyGQVwzFc_loc12_loop6,12,ITN 0%/IRS 0%/Larvicide 0%,0;0.4;0.4_0;0;0_0;0;0_-100;2;5475_-100;2;5475_-100;2;5475,29.1917808219178,Incidence,0.000123244446766553
NbyGQVwzFc_loc12_loop6,12,ITN 0%/IRS 0%/Larvicide 0%,0;0.4;0.4_0;0;0_0;0;0_-100;2;5475_-100;2;5475_-100;2;5475,29.1945205479452,Incidence,0.000123302434615873
NbyGQVwzFc_loc12_loop6,12,ITN 0%/IRS 0%/Larvicide 0%,0;0.4;0.4_0;0;0_0;0;0_-100;2;5475_-100;2;5475_-100;2;5475,29.1972602739726,Incidence,0.000123360502172312
NbyGQVwzFc_loc12_loop6,12,ITN 0%/IRS 0%/Larvicide 0%,0;0.4;0.4_0;0;0_0;0;0_-100;2;5475_-100;2;5475_-100;2;5475,29.2,Incidence,0.000123418649330361
NbyGQVwzFc_loc12_loop6,12,ITN 0%/IRS 0%/Larvicide 0%,0;0.4;0.4_0;0;0_0;0;0_-100;2;5475_-100;2;5475_-100;2;5475,29.2027397260274,Incidence,0.000123476875984924
NbyGQVwzFc_loc12_loop6,12,ITN 0%/IRS 0%/Larvicide 0%,0;0.4;0.4_0;0;0_0;0;0_-100;2;5475_-100;2;5475_-100;2;5475,29.2054794520548,Incidence,0.000123535182030891
NbyGQVwzFc_loc12_loop6,12,ITN 0%/IRS 0%/Larvicide 0%,0;0.4;0.4_0;0;0_0;0;0_-100;2;5475_-100;2;5475_-100;2;5475,29.2082191780822,Incidence,0.000123593567360142
NbyGQVwzFc_loc12_loop6,12,ITN 0%/IRS 0%/Larvicide 0%,0;0.4;0.4_0;0;0_0;0;0_-100;2;5475_-100;2;5475_-100;2;5475,29.2109589041096,Incidence,0.000123652031864323
NbyGQVwzFc_loc12_loop6,12,ITN 0%/IRS 0%/Larvicide 0%,0;0.4;0.4_0;0;0_0;0;0_-100;2;5475_-100;2;5475_-100;2;5475,29.213698630137,Incidence,0.000123710575435081
NbyGQVwzFc_loc12_loop6,12,ITN 0%/IRS 0%/Larvicide 0%,0;0.4;0.4_0;0;0_0;0;0_-100;2;5475_-100;2;5475_-100;2;5475,29.2164383561644,Incidence,0.000123769197964069
NbyGQVwzFc_loc12_loop6,12,ITN 0%/IRS 0%/Larvicide 0%,0;0.4;0.4_0;0;0_0;0;0_-100;2;5475_-100;2;5475_-100;2;5475,29.2191780821918,Incidence,0.000123827899342941
NbyGQVwzFc_loc12_loop6,12,ITN 0%/IRS 0%/Larvicide 0%,0;0.4;0.4_0;0;0_0;0;0_-100;2;5475_-100;2;5475_-100;2;5475,29.2219178082192,Incidence,0.000123886679463351
NbyGQVwzFc_loc12_loop6,12,ITN 0%/IRS 0%/Larvicide 0%,0;0.4;0.4_0;0;0_0;0;0_-100;2;5475_-100;2;5475_-100;2;5475,29.2246575342466,Incidence,0.000123945538216956
NbyGQVwzFc_loc12_loop6,12,ITN 0%/IRS 0%/Larvicide 0%,0;0.4;0.4_0;0;0_0;0;0_-100;2;5475_-100;2;5475_-100;2;5475,29.227397260274,Incidence,0.000124004475495409
NbyGQVwzFc_loc12_loop6,12,ITN 0%/IRS 0%/Larvicide 0%,0;0.4;0.4_0;0;0_0;0;0_-100;2;5475_-100;2;5475_-100;2;5475,29.2301369863014,Incidence,0.000124063491190365
NbyGQVwzFc_loc12_loop6,12,ITN 0%/IRS 0%/Larvicide 0%,0;0.4;0.4_0;0;0_0;0;0_-100;2;5475_-100;2;5475_-100;2;5475,29.2328767123288,Incidence,0.000124122585193477
NbyGQVwzFc_loc12_loop6,12,ITN 0%/IRS 0%/Larvicide 0%,0;0.4;0.4_0;0;0_0;0;0_-100;2;5475_-100;2;5475_-100;2;5475,29.2356164383562,Incidence,0.000124181757396392
NbyGQVwzFc_loc12_loop6,12,ITN 0%/IRS 0%/Larvicide 0%,0;0.4;0.4_0;0;0_0;0;0_-100;2;5475_-100;2;5475_-100;2;5475,29.2383561643836,Incidence,0.000124241007690757
NbyGQVwzFc_loc12_loop6,12,ITN 0%/IRS 0%/Larvicide 0%,0;0.4;0.4_0;0;0_0;0;0_-100;2;5475_-100;2;5475_-100;2;5475,29.241095890411,Incidence,0.000124300335968213
NbyGQVwzFc_loc12_loop6,12,ITN 0%/IRS 0%/Larvicide 0%,0;0.4;0.4_0;0;0_0;0;0_-100;2;5475_-100;2;5475_-100;2;5475,29.2438356164384,Incidence,0.000124359742120396
NbyGQVwzFc_loc12_loop6,12,ITN 0%/IRS 0%/Larvicide 0%,0;0.4;0.4_0;0;0_0;0;0_-100;2;5475_-100;2;5475_-100;2;5475,29.2465753424658,Incidence,0.000124419226038935
NbyGQVwzFc_loc12_loop6,12,ITN 0%/IRS 0%/Larvicide 0%,0;0.4;0.4_0;0;0_0;0;0_-100;2;5475_-100;2;5475_-100;2;5475,29.2493150684932,Incidence,0.000124478787615455
NbyGQVwzFc_loc12_loop6,12,ITN 0%/IRS 0%/Larvicide 0%,0;0.4;0.4_0;0;0_0;0;0_-100;2;5475_-100;2;5475_-100;2;5475,29.2520547945206,Incidence,0.000124538426741571
NbyGQVwzFc_loc12_loop6,12,ITN 0%/IRS 0%/Larvicide 0%,0;0.4;0.4_0;0;0_0;0;0_-100;2;5475_-100;2;5475_-100;2;5475,29.2547945205479,Incidence,0.00012459814330889
NbyGQVwzFc_loc12_loop6,12,ITN 0%/IRS 0%/Larvicide 0%,0;0.4;0.4_0;0;0_0;0;0_-100;2;5475_-100;2;5475_-100;2;5475,29.2575342465753,Incidence,0.00012465793720901
NbyGQVwzFc_loc12_loop6,12,ITN 0%/IRS 0%/Larvicide 0%,0;0.4;0.4_0;0;0_0;0;0_-100;2;5475_-100;2;5475_-100;2;5475,29.2602739726027,Incidence,0.00012471780833352
NbyGQVwzFc_loc12_loop6,12,ITN 0%/IRS 0%/Larvicide 0%,0;0.4;0.4_0;0;0_0;0;0_-100;2;5475_-100;2;5475_-100;2;5475,29.2630136986301,Incidence,0.000124777756573997
NbyGQVwzFc_loc12_loop6,12,ITN 0%/IRS 0%/Larvicide 0%,0;0.4;0.4_0;0;0_0;0;0_-100;2;5475_-100;2;5475_-100;2;5475,29.2657534246575,Incidence,0.000124837781822007
NbyGQVwzFc_loc12_loop6,12,ITN 0%/IRS 0%/Larvicide 0%,0;0.4;0.4_0;0;0_0;0;0_-100;2;5475_-100;2;5475_-100;2;5475,29.2684931506849,Incidence,0.000124897883969102
NbyGQVwzFc_loc12_loop6,12,ITN 0%/IRS 0%/Larvicide 0%,0;0.4;0.4_0;0;0_0;0;0_-100;2;5475_-100;2;5475_-100;2;5475,29.2712328767123,Incidence,0.000124958062906823
NbyGQVwzFc_loc12_loop6,12,ITN 0%/IRS 0%/Larvicide 0%,0;0.4;0.4_0;0;0_0;0;0_-100;2;5475_-100;2;5475_-100;2;5475,29.2739726027397,Incidence,0.000125018318526696
NbyGQVwzFc_loc12_loop6,12,ITN 0%/IRS 0%/Larvicide 0%,0;0.4;0.4_0;0;0_0;0;0_-100;2;5475_-100;2;5475_-100;2;5475,29.2767123287671,Incidence,0.000125078650720233
NbyGQVwzFc_loc12_loop6,12,ITN 0%/IRS 0%/Larvicide 0%,0;0.4;0.4_0;0;0_0;0;0_-100;2;5475_-100;2;5475_-100;2;5475,29.2794520547945,Incidence,0.000125139059378929
NbyGQVwzFc_loc12_loop6,12,ITN 0%/IRS 0%/Larvicide 0%,0;0.4;0.4_0;0;0_0;0;0_-100;2;5475_-100;2;5475_-100;2;5475,29.2821917808219,Incidence,0.000125199544394262
NbyGQVwzFc_loc12_loop6,12,ITN 0%/IRS 0%/Larvicide 0%,0;0.4;0.4_0;0;0_0;0;0_-100;2;5475_-100;2;5475_-100;2;5475,29.2849315068493,Incidence,0.000125260105657697
NbyGQVwzFc_loc12_loop6,12,ITN 0%/IRS 0%/Larvicide 0%,0;0.4;0.4_0;0;0_0;0;0_-100;2;5475_-100;2;5475_-100;2;5475,29.2876712328767,Incidence,0.000125320743060675
NbyGQVwzFc_loc12_loop6,12,ITN 0%/IRS 0%/Larvicide 0%,0;0.4;0.4_0;0;0_0;0;0_-100;2;5475_-100;2;5475_-100;2;5475,29.2904109589041,Incidence,0.000125381456494623
NbyGQVwzFc_loc12_loop6,12,ITN 0%/IRS 0%/Larvicide 0%,0;0.4;0.4_0;0;0_0;0;0_-100;2;5475_-100;2;5475_-100;2;5475,29.2931506849315,Incidence,0.000125442245850946
NbyGQVwzFc_loc12_loop6,12,ITN 0%/IRS 0%/Larvicide 0%,0;0.4;0.4_0;0;0_0;0;0_-100;2;5475_-100;2;5475_-100;2;5475,29.2958904109589,Incidence,0.00012550311102103
NbyGQVwzFc_loc12_loop6,12,ITN 0%/IRS 0%/Larvicide 0%,0;0.4;0.4_0;0;0_0;0;0_-100;2;5475_-100;2;5475_-100;2;5475,29.2986301369863,Incidence,0.000125564051896237
NbyGQVwzFc_loc12_loop6,12,ITN 0%/IRS 0%/Larvicide 0%,0;0.4;0.4_0;0;0_0;0;0_-100;2;5475_-100;2;5475_-100;2;5475,29.3013698630137,Incidence,0.000125625068367924
NbyGQVwzFc_loc12_loop6,12,ITN 0%/IRS 0%/Larvicide 0%,0;0.4;0.4_0;0;0_0;0;0_-100;2;5475_-100;2;5475_-100;2;5475,29.3041095890411,Incidence,0.000125686160328129
NbyGQVwzFc_loc12_loop6,12,ITN 0%/IRS 0%/Larvicide 0%,0;0.4;0.4_0;0;0_0;0;0_-100;2;5475_-100;2;5475_-100;2;5475,29.3068493150685,Incidence,0.000125747327666724
NbyGQVwzFc_loc12_loop6,12,ITN 0%/IRS 0%/Larvicide 0%,0;0.4;0.4_0;0;0_0;0;0_-100;2;5475_-100;2;5475_-100;2;5475,29.3095890410959,Incidence,0.000125808570272447
NbyGQVwzFc_loc12_loop6,12,ITN 0%/IRS 0%/Larvicide 0%,0;0.4;0.4_0;0;0_0;0;0_-100;2;5475_-100;2;5475_-100;2;5475,29.3123287671233,Incidence,0.000125869888034019
NbyGQVwzFc_loc12_loop6,12,ITN 0%/IRS 0%/Larvicide 0%,0;0.4;0.4_0;0;0_0;0;0_-100;2;5475_-100;2;5475_-100;2;5475,29.3150684931507,Incidence,0.000125931280840144
NbyGQVwzFc_loc12_loop6,12,ITN 0%/IRS 0%/Larvicide 0%,0;0.4;0.4_0;0;0_0;0;0_-100;2;5475_-100;2;5475_-100;2;5475,29.3178082191781,Incidence,0.000125992748579515
NbyGQVwzFc_loc12_loop6,12,ITN 0%/IRS 0%/Larvicide 0%,0;0.4;0.4_0;0;0_0;0;0_-100;2;5475_-100;2;5475_-100;2;5475,29.3205479452055,Incidence,0.000126054291140806
NbyGQVwzFc_loc12_loop6,12,ITN 0%/IRS 0%/Larvicide 0%,0;0.4;0.4_0;0;0_0;0;0_-100;2;5475_-100;2;5475_-100;2;5475,29.3232876712329,Incidence,0.000126115908412672
NbyGQVwzFc_loc12_loop6,12,ITN 0%/IRS 0%/Larvicide 0%,0;0.4;0.4_0;0;0_0;0;0_-100;2;5475_-100;2;5475_-100;2;5475,29.3260273972603,Incidence,0.000126177600283753
NbyGQVwzFc_loc12_loop6,12,ITN 0%/IRS 0%/Larvicide 0%,0;0.4;0.4_0;0;0_0;0;0_-100;2;5475_-100;2;5475_-100;2;5475,29.3287671232877,Incidence,0.000126239366642668
NbyGQVwzFc_loc12_loop6,12,ITN 0%/IRS 0%/Larvicide 0%,0;0.4;0.4_0;0;0_0;0;0_-100;2;5475_-100;2;5475_-100;2;5475,29.3315068493151,Incidence,0.00012630120737802
NbyGQVwzFc_loc12_loop6,12,ITN 0%/IRS 0%/Larvicide 0%,0;0.4;0.4_0;0;0_0;0;0_-100;2;5475_-100;2;5475_-100;2;5475,29.3342465753425,Incidence,0.000126363122378389
NbyGQVwzFc_loc12_loop6,12,ITN 0%/IRS 0%/Larvicide 0%,0;0.4;0.4_0;0;0_0;0;0_-100;2;5475_-100;2;5475_-100;2;5475,29.3369863013699,Incidence,0.000126425111532334
NbyGQVwzFc_loc12_loop6,12,ITN 0%/IRS 0%/Larvicide 0%,0;0.4;0.4_0;0;0_0;0;0_-100;2;5475_-100;2;5475_-100;2;5475,29.3397260273973,Incidence,0.000126487174728395
NbyGQVwzFc_loc12_loop6,12,ITN 0%/IRS 0%/Larvicide 0%,0;0.4;0.4_0;0;0_0;0;0_-100;2;5475_-100;2;5475_-100;2;5475,29.3424657534247,Incidence,0.000126549311855087
NbyGQVwzFc_loc12_loop6,12,ITN 0%/IRS 0%/Larvicide 0%,0;0.4;0.4_0;0;0_0;0;0_-100;2;5475_-100;2;5475_-100;2;5475,29.3452054794521,Incidence,0.000126611522800904
NbyGQVwzFc_loc12_loop6,12,ITN 0%/IRS 0%/Larvicide 0%,0;0.4;0.4_0;0;0_0;0;0_-100;2;5475_-100;2;5475_-100;2;5475,29.3479452054795,Incidence,0.000126673807454316
NbyGQVwzFc_loc12_loop6,12,ITN 0%/IRS 0%/Larvicide 0%,0;0.4;0.4_0;0;0_0;0;0_-100;2;5475_-100;2;5475_-100;2;5475,29.3506849315069,Incidence,0.000126736165703768
NbyGQVwzFc_loc12_loop6,12,ITN 0%/IRS 0%/Larvicide 0%,0;0.4;0.4_0;0;0_0;0;0_-100;2;5475_-100;2;5475_-100;2;5475,29.3534246575343,Incidence,0.00012679859743768
NbyGQVwzFc_loc12_loop6,12,ITN 0%/IRS 0%/Larvicide 0%,0;0.4;0.4_0;0;0_0;0;0_-100;2;5475_-100;2;5475_-100;2;5475,29.3561643835616,Incidence,0.000126861102544448
NbyGQVwzFc_loc12_loop6,12,ITN 0%/IRS 0%/Larvicide 0%,0;0.4;0.4_0;0;0_0;0;0_-100;2;5475_-100;2;5475_-100;2;5475,29.358904109589,Incidence,0.000126923680912439
NbyGQVwzFc_loc12_loop6,12,ITN 0%/IRS 0%/Larvicide 0%,0;0.4;0.4_0;0;0_0;0;0_-100;2;5475_-100;2;5475_-100;2;5475,29.3616438356164,Incidence,0.000126986332429995
NbyGQVwzFc_loc12_loop6,12,ITN 0%/IRS 0%/Larvicide 0%,0;0.4;0.4_0;0;0_0;0;0_-100;2;5475_-100;2;5475_-100;2;5475,29.3643835616438,Incidence,0.000127049056985428
NbyGQVwzFc_loc12_loop6,12,ITN 0%/IRS 0%/Larvicide 0%,0;0.4;0.4_0;0;0_0;0;0_-100;2;5475_-100;2;5475_-100;2;5475,29.3671232876712,Incidence,0.000127111854467024
NbyGQVwzFc_loc12_loop6,12,ITN 0%/IRS 0%/Larvicide 0%,0;0.4;0.4_0;0;0_0;0;0_-100;2;5475_-100;2;5475_-100;2;5475,29.3698630136986,Incidence,0.000127174724763036
NbyGQVwzFc_loc12_loop6,12,ITN 0%/IRS 0%/Larvicide 0%,0;0.4;0.4_0;0;0_0;0;0_-100;2;5475_-100;2;5475_-100;2;5475,29.372602739726,Incidence,0.000127237667761692
NbyGQVwzFc_loc12_loop6,12,ITN 0%/IRS 0%/Larvicide 0%,0;0.4;0.4_0;0;0_0;0;0_-100;2;5475_-100;2;5475_-100;2;5475,29.3753424657534,Incidence,0.000127300683351184
NbyGQVwzFc_loc12_loop6,12,ITN 0%/IRS 0%/Larvicide 0%,0;0.4;0.4_0;0;0_0;0;0_-100;2;5475_-100;2;5475_-100;2;5475,29.3780821917808,Incidence,0.000127363771419678
NbyGQVwzFc_loc12_loop6,12,ITN 0%/IRS 0%/Larvicide 0%,0;0.4;0.4_0;0;0_0;0;0_-100;2;5475_-100;2;5475_-100;2;5475,29.3808219178082,Incidence,0.000127426931855303
NbyGQVwzFc_loc12_loop6,12,ITN 0%/IRS 0%/Larvicide 0%,0;0.4;0.4_0;0;0_0;0;0_-100;2;5475_-100;2;5475_-100;2;5475,29.3835616438356,Incidence,0.000127490164546159
NbyGQVwzFc_loc12_loop6,12,ITN 0%/IRS 0%/Larvicide 0%,0;0.4;0.4_0;0;0_0;0;0_-100;2;5475_-100;2;5475_-100;2;5475,29.386301369863,Incidence,0.00012755346938031
NbyGQVwzFc_loc12_loop6,12,ITN 0%/IRS 0%/Larvicide 0%,0;0.4;0.4_0;0;0_0;0;0_-100;2;5475_-100;2;5475_-100;2;5475,29.3890410958904,Incidence,0.000127616846245788
NbyGQVwzFc_loc12_loop6,12,ITN 0%/IRS 0%/Larvicide 0%,0;0.4;0.4_0;0;0_0;0;0_-100;2;5475_-100;2;5475_-100;2;5475,29.3917808219178,Incidence,0.000127680295030589
NbyGQVwzFc_loc12_loop6,12,ITN 0%/IRS 0%/Larvicide 0%,0;0.4;0.4_0;0;0_0;0;0_-100;2;5475_-100;2;5475_-100;2;5475,29.3945205479452,Incidence,0.000127743815622674
NbyGQVwzFc_loc12_loop6,12,ITN 0%/IRS 0%/Larvicide 0%,0;0.4;0.4_0;0;0_0;0;0_-100;2;5475_-100;2;5475_-100;2;5475,29.3972602739726,Incidence,0.000127807407909966
NbyGQVwzFc_loc12_loop6,12,ITN 0%/IRS 0%/Larvicide 0%,0;0.4;0.4_0;0;0_0;0;0_-100;2;5475_-100;2;5475_-100;2;5475,29.4,Incidence,0.000127871071780354
NbyGQVwzFc_loc12_loop6,12,ITN 0%/IRS 0%/Larvicide 0%,0;0.4;0.4_0;0;0_0;0;0_-100;2;5475_-100;2;5475_-100;2;5475,29.4027397260274,Incidence,0.000127934807121688
NbyGQVwzFc_loc12_loop6,12,ITN 0%/IRS 0%/Larvicide 0%,0;0.4;0.4_0;0;0_0;0;0_-100;2;5475_-100;2;5475_-100;2;5475,29.4054794520548,Incidence,0.00012799861382178
NbyGQVwzFc_loc12_loop6,12,ITN 0%/IRS 0%/Larvicide 0%,0;0.4;0.4_0;0;0_0;0;0_-100;2;5475_-100;2;5475_-100;2;5475,29.4082191780822,Incidence,0.000128062491768656
NbyGQVwzFc_loc12_loop6,12,ITN 0%/IRS 0%/Larvicide 0%,0;0.4;0.4_0;0;0_0;0;0_-100;2;5475_-100;2;5475_-100;2;5475,29.4109589041096,Incidence,0.000128126440849747
NbyGQVwzFc_loc12_loop6,12,ITN 0%/IRS 0%/Larvicide 0%,0;0.4;0.4_0;0;0_0;0;0_-100;2;5475_-100;2;5475_-100;2;5475,29.413698630137,Incidence,0.000128190460950594
NbyGQVwzFc_loc12_loop6,12,ITN 0%/IRS 0%/Larvicide 0%,0;0.4;0.4_0;0;0_0;0;0_-100;2;5475_-100;2;5475_-100;2;5475,29.4164383561644,Incidence,0.000128254551956622
NbyGQVwzFc_loc12_loop6,12,ITN 0%/IRS 0%/Larvicide 0%,0;0.4;0.4_0;0;0_0;0;0_-100;2;5475_-100;2;5475_-100;2;5475,29.4191780821918,Incidence,0.000128318713753226
NbyGQVwzFc_loc12_loop6,12,ITN 0%/IRS 0%/Larvicide 0%,0;0.4;0.4_0;0;0_0;0;0_-100;2;5475_-100;2;5475_-100;2;5475,29.4219178082192,Incidence,0.000128382946225769
NbyGQVwzFc_loc12_loop6,12,ITN 0%/IRS 0%/Larvicide 0%,0;0.4;0.4_0;0;0_0;0;0_-100;2;5475_-100;2;5475_-100;2;5475,29.4246575342466,Incidence,0.000128447249259582
NbyGQVwzFc_loc12_loop6,12,ITN 0%/IRS 0%/Larvicide 0%,0;0.4;0.4_0;0;0_0;0;0_-100;2;5475_-100;2;5475_-100;2;5475,29.427397260274,Incidence,0.000128511622739968
NbyGQVwzFc_loc12_loop6,12,ITN 0%/IRS 0%/Larvicide 0%,0;0.4;0.4_0;0;0_0;0;0_-100;2;5475_-100;2;5475_-100;2;5475,29.4301369863014,Incidence,0.000128576066552191
NbyGQVwzFc_loc12_loop6,12,ITN 0%/IRS 0%/Larvicide 0%,0;0.4;0.4_0;0;0_0;0;0_-100;2;5475_-100;2;5475_-100;2;5475,29.4328767123288,Incidence,0.000128640580581487
NbyGQVwzFc_loc12_loop6,12,ITN 0%/IRS 0%/Larvicide 0%,0;0.4;0.4_0;0;0_0;0;0_-100;2;5475_-100;2;5475_-100;2;5475,29.4356164383562,Incidence,0.000128705164713055
NbyGQVwzFc_loc12_loop6,12,ITN 0%/IRS 0%/Larvicide 0%,0;0.4;0.4_0;0;0_0;0;0_-100;2;5475_-100;2;5475_-100;2;5475,29.4383561643836,Incidence,0.000128769818832061
NbyGQVwzFc_loc12_loop6,12,ITN 0%/IRS 0%/Larvicide 0%,0;0.4;0.4_0;0;0_0;0;0_-100;2;5475_-100;2;5475_-100;2;5475,29.441095890411,Incidence,0.000128834542823635
NbyGQVwzFc_loc12_loop6,12,ITN 0%/IRS 0%/Larvicide 0%,0;0.4;0.4_0;0;0_0;0;0_-100;2;5475_-100;2;5475_-100;2;5475,29.4438356164384,Incidence,0.000128899336572873
NbyGQVwzFc_loc12_loop6,12,ITN 0%/IRS 0%/Larvicide 0%,0;0.4;0.4_0;0;0_0;0;0_-100;2;5475_-100;2;5475_-100;2;5475,29.4465753424658,Incidence,0.000128964199964833
NbyGQVwzFc_loc12_loop6,12,ITN 0%/IRS 0%/Larvicide 0%,0;0.4;0.4_0;0;0_0;0;0_-100;2;5475_-100;2;5475_-100;2;5475,29.4493150684932,Incidence,0.000129029132884543
NbyGQVwzFc_loc12_loop6,12,ITN 0%/IRS 0%/Larvicide 0%,0;0.4;0.4_0;0;0_0;0;0_-100;2;5475_-100;2;5475_-100;2;5475,29.4520547945206,Incidence,0.000129094135216989
NbyGQVwzFc_loc12_loop6,12,ITN 0%/IRS 0%/Larvicide 0%,0;0.4;0.4_0;0;0_0;0;0_-100;2;5475_-100;2;5475_-100;2;5475,29.4547945205479,Incidence,0.00012915920684712
NbyGQVwzFc_loc12_loop6,12,ITN 0%/IRS 0%/Larvicide 0%,0;0.4;0.4_0;0;0_0;0;0_-100;2;5475_-100;2;5475_-100;2;5475,29.4575342465753,Incidence,0.000129224347659847
NbyGQVwzFc_loc12_loop6,12,ITN 0%/IRS 0%/Larvicide 0%,0;0.4;0.4_0;0;0_0;0;0_-100;2;5475_-100;2;5475_-100;2;5475,29.4602739726027,Incidence,0.000129289557540039
NbyGQVwzFc_loc12_loop6,12,ITN 0%/IRS 0%/Larvicide 0%,0;0.4;0.4_0;0;0_0;0;0_-100;2;5475_-100;2;5475_-100;2;5475,29.4630136986301,Incidence,0.000129354836372529
NbyGQVwzFc_loc12_loop6,12,ITN 0%/IRS 0%/Larvicide 0%,0;0.4;0.4_0;0;0_0;0;0_-100;2;5475_-100;2;5475_-100;2;5475,29.4657534246575,Incidence,0.000129420184042104
NbyGQVwzFc_loc12_loop6,12,ITN 0%/IRS 0%/Larvicide 0%,0;0.4;0.4_0;0;0_0;0;0_-100;2;5475_-100;2;5475_-100;2;5475,29.4684931506849,Incidence,0.000129485600433516
NbyGQVwzFc_loc12_loop6,12,ITN 0%/IRS 0%/Larvicide 0%,0;0.4;0.4_0;0;0_0;0;0_-100;2;5475_-100;2;5475_-100;2;5475,29.4712328767123,Incidence,0.000129551085431469
NbyGQVwzFc_loc12_loop6,12,ITN 0%/IRS 0%/Larvicide 0%,0;0.4;0.4_0;0;0_0;0;0_-100;2;5475_-100;2;5475_-100;2;5475,29.4739726027397,Incidence,0.00012961663892063
NbyGQVwzFc_loc12_loop6,12,ITN 0%/IRS 0%/Larvicide 0%,0;0.4;0.4_0;0;0_0;0;0_-100;2;5475_-100;2;5475_-100;2;5475,29.4767123287671,Incidence,0.00012968226078562
NbyGQVwzFc_loc12_loop6,12,ITN 0%/IRS 0%/Larvicide 0%,0;0.4;0.4_0;0;0_0;0;0_-100;2;5475_-100;2;5475_-100;2;5475,29.4794520547945,Incidence,0.000129747950911018
NbyGQVwzFc_loc12_loop6,12,ITN 0%/IRS 0%/Larvicide 0%,0;0.4;0.4_0;0;0_0;0;0_-100;2;5475_-100;2;5475_-100;2;5475,29.4821917808219,Incidence,0.000129813709181357
NbyGQVwzFc_loc12_loop6,12,ITN 0%/IRS 0%/Larvicide 0%,0;0.4;0.4_0;0;0_0;0;0_-100;2;5475_-100;2;5475_-100;2;5475,29.4849315068493,Incidence,0.000129879535481129
NbyGQVwzFc_loc12_loop6,12,ITN 0%/IRS 0%/Larvicide 0%,0;0.4;0.4_0;0;0_0;0;0_-100;2;5475_-100;2;5475_-100;2;5475,29.4876712328767,Incidence,0.000129945429694778
NbyGQVwzFc_loc12_loop6,12,ITN 0%/IRS 0%/Larvicide 0%,0;0.4;0.4_0;0;0_0;0;0_-100;2;5475_-100;2;5475_-100;2;5475,29.4904109589041,Incidence,0.000130011391706701
NbyGQVwzFc_loc12_loop6,12,ITN 0%/IRS 0%/Larvicide 0%,0;0.4;0.4_0;0;0_0;0;0_-100;2;5475_-100;2;5475_-100;2;5475,29.4931506849315,Incidence,0.000130077421401254
NbyGQVwzFc_loc12_loop6,12,ITN 0%/IRS 0%/Larvicide 0%,0;0.4;0.4_0;0;0_0;0;0_-100;2;5475_-100;2;5475_-100;2;5475,29.4958904109589,Incidence,0.000130143518662741
NbyGQVwzFc_loc12_loop6,12,ITN 0%/IRS 0%/Larvicide 0%,0;0.4;0.4_0;0;0_0;0;0_-100;2;5475_-100;2;5475_-100;2;5475,29.4986301369863,Incidence,0.000130209683375421
NbyGQVwzFc_loc12_loop6,12,ITN 0%/IRS 0%/Larvicide 0%,0;0.4;0.4_0;0;0_0;0;0_-100;2;5475_-100;2;5475_-100;2;5475,29.5013698630137,Incidence,0.000130275915423505
NbyGQVwzFc_loc12_loop6,12,ITN 0%/IRS 0%/Larvicide 0%,0;0.4;0.4_0;0;0_0;0;0_-100;2;5475_-100;2;5475_-100;2;5475,29.5041095890411,Incidence,0.000130342214691155
NbyGQVwzFc_loc12_loop6,12,ITN 0%/IRS 0%/Larvicide 0%,0;0.4;0.4_0;0;0_0;0;0_-100;2;5475_-100;2;5475_-100;2;5475,29.5068493150685,Incidence,0.000130408581062483
NbyGQVwzFc_loc12_loop6,12,ITN 0%/IRS 0%/Larvicide 0%,0;0.4;0.4_0;0;0_0;0;0_-100;2;5475_-100;2;5475_-100;2;5475,29.5095890410959,Incidence,0.000130475014421553
NbyGQVwzFc_loc12_loop6,12,ITN 0%/IRS 0%/Larvicide 0%,0;0.4;0.4_0;0;0_0;0;0_-100;2;5475_-100;2;5475_-100;2;5475,29.5123287671233,Incidence,0.000130541514652378
NbyGQVwzFc_loc12_loop6,12,ITN 0%/IRS 0%/Larvicide 0%,0;0.4;0.4_0;0;0_0;0;0_-100;2;5475_-100;2;5475_-100;2;5475,29.5150684931507,Incidence,0.000130608081638919
NbyGQVwzFc_loc12_loop6,12,ITN 0%/IRS 0%/Larvicide 0%,0;0.4;0.4_0;0;0_0;0;0_-100;2;5475_-100;2;5475_-100;2;5475,29.5178082191781,Incidence,0.000130674715265089
NbyGQVwzFc_loc12_loop6,12,ITN 0%/IRS 0%/Larvicide 0%,0;0.4;0.4_0;0;0_0;0;0_-100;2;5475_-100;2;5475_-100;2;5475,29.5205479452055,Incidence,0.000130741415414949
NbyGQVwzFc_loc12_loop6,12,ITN 0%/IRS 0%/Larvicide 0%,0;0.4;0.4_0;0;0_0;0;0_-100;2;5475_-100;2;5475_-100;2;5475,29.5232876712329,Incidence,0.000130808181971122
NbyGQVwzFc_loc12_loop6,12,ITN 0%/IRS 0%/Larvicide 0%,0;0.4;0.4_0;0;0_0;0;0_-100;2;5475_-100;2;5475_-100;2;5475,29.5260273972603,Incidence,0.000130875014815426
NbyGQVwzFc_loc12_loop6,12,ITN 0%/IRS 0%/Larvicide 0%,0;0.4;0.4_0;0;0_0;0;0_-100;2;5475_-100;2;5475_-100;2;5475,29.5287671232877,Incidence,0.000130941913829638
NbyGQVwzFc_loc12_loop6,12,ITN 0%/IRS 0%/Larvicide 0%,0;0.4;0.4_0;0;0_0;0;0_-100;2;5475_-100;2;5475_-100;2;5475,29.5315068493151,Incidence,0.000131008878895494
NbyGQVwzFc_loc12_loop6,12,ITN 0%/IRS 0%/Larvicide 0%,0;0.4;0.4_0;0;0_0;0;0_-100;2;5475_-100;2;5475_-100;2;5475,29.5342465753425,Incidence,0.000131075909894684
NbyGQVwzFc_loc12_loop6,12,ITN 0%/IRS 0%/Larvicide 0%,0;0.4;0.4_0;0;0_0;0;0_-100;2;5475_-100;2;5475_-100;2;5475,29.5369863013699,Incidence,0.000131143006708859
NbyGQVwzFc_loc12_loop6,12,ITN 0%/IRS 0%/Larvicide 0%,0;0.4;0.4_0;0;0_0;0;0_-100;2;5475_-100;2;5475_-100;2;5475,29.5397260273973,Incidence,0.000131210169219624
NbyGQVwzFc_loc12_loop6,12,ITN 0%/IRS 0%/Larvicide 0%,0;0.4;0.4_0;0;0_0;0;0_-100;2;5475_-100;2;5475_-100;2;5475,29.5424657534247,Incidence,0.00013127739730854
NbyGQVwzFc_loc12_loop6,12,ITN 0%/IRS 0%/Larvicide 0%,0;0.4;0.4_0;0;0_0;0;0_-100;2;5475_-100;2;5475_-100;2;5475,29.5452054794521,Incidence,0.000131344690857124
NbyGQVwzFc_loc12_loop6,12,ITN 0%/IRS 0%/Larvicide 0%,0;0.4;0.4_0;0;0_0;0;0_-100;2;5475_-100;2;5475_-100;2;5475,29.5479452054795,Incidence,0.000131412049746847
NbyGQVwzFc_loc12_loop6,12,ITN 0%/IRS 0%/Larvicide 0%,0;0.4;0.4_0;0;0_0;0;0_-100;2;5475_-100;2;5475_-100;2;5475,29.5506849315069,Incidence,0.000131479473859136
NbyGQVwzFc_loc12_loop6,12,ITN 0%/IRS 0%/Larvicide 0%,0;0.4;0.4_0;0;0_0;0;0_-100;2;5475_-100;2;5475_-100;2;5475,29.5534246575343,Incidence,0.000131546963075371
NbyGQVwzFc_loc12_loop6,12,ITN 0%/IRS 0%/Larvicide 0%,0;0.4;0.4_0;0;0_0;0;0_-100;2;5475_-100;2;5475_-100;2;5475,29.5561643835616,Incidence,0.000131614517276885
NbyGQVwzFc_loc12_loop6,12,ITN 0%/IRS 0%/Larvicide 0%,0;0.4;0.4_0;0;0_0;0;0_-100;2;5475_-100;2;5475_-100;2;5475,29.558904109589,Incidence,0.000131682136344966
NbyGQVwzFc_loc12_loop6,12,ITN 0%/IRS 0%/Larvicide 0%,0;0.4;0.4_0;0;0_0;0;0_-100;2;5475_-100;2;5475_-100;2;5475,29.5616438356164,Incidence,0.000131749820160853
NbyGQVwzFc_loc12_loop6,12,ITN 0%/IRS 0%/Larvicide 0%,0;0.4;0.4_0;0;0_0;0;0_-100;2;5475_-100;2;5475_-100;2;5475,29.5643835616438,Incidence,0.000131817568605736
NbyGQVwzFc_loc12_loop6,12,ITN 0%/IRS 0%/Larvicide 0%,0;0.4;0.4_0;0;0_0;0;0_-100;2;5475_-100;2;5475_-100;2;5475,29.5671232876712,Incidence,0.00013188538156076
NbyGQVwzFc_loc12_loop6,12,ITN 0%/IRS 0%/Larvicide 0%,0;0.4;0.4_0;0;0_0;0;0_-100;2;5475_-100;2;5475_-100;2;5475,29.5698630136986,Incidence,0.000131953258907018
NbyGQVwzFc_loc12_loop6,12,ITN 0%/IRS 0%/Larvicide 0%,0;0.4;0.4_0;0;0_0;0;0_-100;2;5475_-100;2;5475_-100;2;5475,29.572602739726,Incidence,0.000132021200525556
NbyGQVwzFc_loc12_loop6,12,ITN 0%/IRS 0%/Larvicide 0%,0;0.4;0.4_0;0;0_0;0;0_-100;2;5475_-100;2;5475_-100;2;5475,29.5753424657534,Incidence,0.000132089206297368
NbyGQVwzFc_loc12_loop6,12,ITN 0%/IRS 0%/Larvicide 0%,0;0.4;0.4_0;0;0_0;0;0_-100;2;5475_-100;2;5475_-100;2;5475,29.5780821917808,Incidence,0.000132157276103399
NbyGQVwzFc_loc12_loop6,12,ITN 0%/IRS 0%/Larvicide 0%,0;0.4;0.4_0;0;0_0;0;0_-100;2;5475_-100;2;5475_-100;2;5475,29.5808219178082,Incidence,0.000132225409824545
NbyGQVwzFc_loc12_loop6,12,ITN 0%/IRS 0%/Larvicide 0%,0;0.4;0.4_0;0;0_0;0;0_-100;2;5475_-100;2;5475_-100;2;5475,29.5835616438356,Incidence,0.000132293607341647
NbyGQVwzFc_loc12_loop6,12,ITN 0%/IRS 0%/Larvicide 0%,0;0.4;0.4_0;0;0_0;0;0_-100;2;5475_-100;2;5475_-100;2;5475,29.586301369863,Incidence,0.000132361868535497
NbyGQVwzFc_loc12_loop6,12,ITN 0%/IRS 0%/Larvicide 0%,0;0.4;0.4_0;0;0_0;0;0_-100;2;5475_-100;2;5475_-100;2;5475,29.5890410958904,Incidence,0.000132430193286835
NbyGQVwzFc_loc12_loop6,12,ITN 0%/IRS 0%/Larvicide 0%,0;0.4;0.4_0;0;0_0;0;0_-100;2;5475_-100;2;5475_-100;2;5475,29.5917808219178,Incidence,0.000132498581476348
NbyGQVwzFc_loc12_loop6,12,ITN 0%/IRS 0%/Larvicide 0%,0;0.4;0.4_0;0;0_0;0;0_-100;2;5475_-100;2;5475_-100;2;5475,29.5945205479452,Incidence,0.000132567032984669
NbyGQVwzFc_loc12_loop6,12,ITN 0%/IRS 0%/Larvicide 0%,0;0.4;0.4_0;0;0_0;0;0_-100;2;5475_-100;2;5475_-100;2;5475,29.5972602739726,Incidence,0.00013263554769238
NbyGQVwzFc_loc12_loop6,12,ITN 0%/IRS 0%/Larvicide 0%,0;0.4;0.4_0;0;0_0;0;0_-100;2;5475_-100;2;5475_-100;2;5475,29.6,Incidence,0.000132704125480006
NbyGQVwzFc_loc12_loop6,12,ITN 0%/IRS 0%/Larvicide 0%,0;0.4;0.4_0;0;0_0;0;0_-100;2;5475_-100;2;5475_-100;2;5475,29.6027397260274,Incidence,0.00013277276622802
NbyGQVwzFc_loc12_loop6,12,ITN 0%/IRS 0%/Larvicide 0%,0;0.4;0.4_0;0;0_0;0;0_-100;2;5475_-100;2;5475_-100;2;5475,29.6054794520548,Incidence,0.00013284146981684
NbyGQVwzFc_loc12_loop6,12,ITN 0%/IRS 0%/Larvicide 0%,0;0.4;0.4_0;0;0_0;0;0_-100;2;5475_-100;2;5475_-100;2;5475,29.6082191780822,Incidence,0.000132910236126828
NbyGQVwzFc_loc12_loop6,12,ITN 0%/IRS 0%/Larvicide 0%,0;0.4;0.4_0;0;0_0;0;0_-100;2;5475_-100;2;5475_-100;2;5475,29.6109589041096,Incidence,0.000132979065038291
NbyGQVwzFc_loc12_loop6,12,ITN 0%/IRS 0%/Larvicide 0%,0;0.4;0.4_0;0;0_0;0;0_-100;2;5475_-100;2;5475_-100;2;5475,29.613698630137,Incidence,0.000133047956431479
NbyGQVwzFc_loc12_loop6,12,ITN 0%/IRS 0%/Larvicide 0%,0;0.4;0.4_0;0;0_0;0;0_-100;2;5475_-100;2;5475_-100;2;5475,29.6164383561644,Incidence,0.000133116910186588
NbyGQVwzFc_loc12_loop6,12,ITN 0%/IRS 0%/Larvicide 0%,0;0.4;0.4_0;0;0_0;0;0_-100;2;5475_-100;2;5475_-100;2;5475,29.6191780821918,Incidence,0.000133185926183753
NbyGQVwzFc_loc12_loop6,12,ITN 0%/IRS 0%/Larvicide 0%,0;0.4;0.4_0;0;0_0;0;0_-100;2;5475_-100;2;5475_-100;2;5475,29.6219178082192,Incidence,0.000133255004303057
NbyGQVwzFc_loc12_loop6,12,ITN 0%/IRS 0%/Larvicide 0%,0;0.4;0.4_0;0;0_0;0;0_-100;2;5475_-100;2;5475_-100;2;5475,29.6246575342466,Incidence,0.000133324144424519
NbyGQVwzFc_loc12_loop6,12,ITN 0%/IRS 0%/Larvicide 0%,0;0.4;0.4_0;0;0_0;0;0_-100;2;5475_-100;2;5475_-100;2;5475,29.627397260274,Incidence,0.000133393346428105
NbyGQVwzFc_loc12_loop6,12,ITN 0%/IRS 0%/Larvicide 0%,0;0.4;0.4_0;0;0_0;0;0_-100;2;5475_-100;2;5475_-100;2;5475,29.6301369863014,Incidence,0.00013346261019372
NbyGQVwzFc_loc12_loop6,12,ITN 0%/IRS 0%/Larvicide 0%,0;0.4;0.4_0;0;0_0;0;0_-100;2;5475_-100;2;5475_-100;2;5475,29.6328767123288,Incidence,0.000133531935601211
NbyGQVwzFc_loc12_loop6,12,ITN 0%/IRS 0%/Larvicide 0%,0;0.4;0.4_0;0;0_0;0;0_-100;2;5475_-100;2;5475_-100;2;5475,29.6356164383562,Incidence,0.000133601322530363
NbyGQVwzFc_loc12_loop6,12,ITN 0%/IRS 0%/Larvicide 0%,0;0.4;0.4_0;0;0_0;0;0_-100;2;5475_-100;2;5475_-100;2;5475,29.6383561643836,Incidence,0.00013367077086094
NbyGQVwzFc_loc12_loop6,12,ITN 0%/IRS 0%/Larvicide 0%,0;0.4;0.4_0;0;0_0;0;0_-100;2;5475_-100;2;5475_-100;2;5475,29.641095890411,Incidence,0.00013374028047172
NbyGQVwzFc_loc12_loop6,12,ITN 0%/IRS 0%/Larvicide 0%,0;0.4;0.4_0;0;0_0;0;0_-100;2;5475_-100;2;5475_-100;2;5475,29.6438356164384,Incidence,0.000133809851240677
NbyGQVwzFc_loc12_loop6,12,ITN 0%/IRS 0%/Larvicide 0%,0;0.4;0.4_0;0;0_0;0;0_-100;2;5475_-100;2;5475_-100;2;5475,29.6465753424658,Incidence,0.000133879483045735
NbyGQVwzFc_loc12_loop6,12,ITN 0%/IRS 0%/Larvicide 0%,0;0.4;0.4_0;0;0_0;0;0_-100;2;5475_-100;2;5475_-100;2;5475,29.6493150684932,Incidence,0.000133949175764763
NbyGQVwzFc_loc12_loop6,12,ITN 0%/IRS 0%/Larvicide 0%,0;0.4;0.4_0;0;0_0;0;0_-100;2;5475_-100;2;5475_-100;2;5475,29.6520547945206,Incidence,0.000134018929275583
NbyGQVwzFc_loc12_loop6,12,ITN 0%/IRS 0%/Larvicide 0%,0;0.4;0.4_0;0;0_0;0;0_-100;2;5475_-100;2;5475_-100;2;5475,29.6547945205479,Incidence,0.000134088743455969
NbyGQVwzFc_loc12_loop6,12,ITN 0%/IRS 0%/Larvicide 0%,0;0.4;0.4_0;0;0_0;0;0_-100;2;5475_-100;2;5475_-100;2;5475,29.6575342465753,Incidence,0.00013415861818364
NbyGQVwzFc_loc12_loop6,12,ITN 0%/IRS 0%/Larvicide 0%,0;0.4;0.4_0;0;0_0;0;0_-100;2;5475_-100;2;5475_-100;2;5475,29.6602739726027,Incidence,0.000134228553336266
NbyGQVwzFc_loc12_loop6,12,ITN 0%/IRS 0%/Larvicide 0%,0;0.4;0.4_0;0;0_0;0;0_-100;2;5475_-100;2;5475_-100;2;5475,29.6630136986301,Incidence,0.000134298548791468
NbyGQVwzFc_loc12_loop6,12,ITN 0%/IRS 0%/Larvicide 0%,0;0.4;0.4_0;0;0_0;0;0_-100;2;5475_-100;2;5475_-100;2;5475,29.6657534246575,Incidence,0.000134368604426813
NbyGQVwzFc_loc12_loop6,12,ITN 0%/IRS 0%/Larvicide 0%,0;0.4;0.4_0;0;0_0;0;0_-100;2;5475_-100;2;5475_-100;2;5475,29.6684931506849,Incidence,0.000134438720119816
NbyGQVwzFc_loc12_loop6,12,ITN 0%/IRS 0%/Larvicide 0%,0;0.4;0.4_0;0;0_0;0;0_-100;2;5475_-100;2;5475_-100;2;5475,29.6712328767123,Incidence,0.000134508895747942
NbyGQVwzFc_loc12_loop6,12,ITN 0%/IRS 0%/Larvicide 0%,0;0.4;0.4_0;0;0_0;0;0_-100;2;5475_-100;2;5475_-100;2;5475,29.6739726027397,Incidence,0.0001345791311886
NbyGQVwzFc_loc12_loop6,12,ITN 0%/IRS 0%/Larvicide 0%,0;0.4;0.4_0;0;0_0;0;0_-100;2;5475_-100;2;5475_-100;2;5475,29.6767123287671,Incidence,0.000134649426319149
NbyGQVwzFc_loc12_loop6,12,ITN 0%/IRS 0%/Larvicide 0%,0;0.4;0.4_0;0;0_0;0;0_-100;2;5475_-100;2;5475_-100;2;5475,29.6794520547945,Incidence,0.000134719781016895
NbyGQVwzFc_loc12_loop6,12,ITN 0%/IRS 0%/Larvicide 0%,0;0.4;0.4_0;0;0_0;0;0_-100;2;5475_-100;2;5475_-100;2;5475,29.6821917808219,Incidence,0.000134790195159088
NbyGQVwzFc_loc12_loop6,12,ITN 0%/IRS 0%/Larvicide 0%,0;0.4;0.4_0;0;0_0;0;0_-100;2;5475_-100;2;5475_-100;2;5475,29.6849315068493,Incidence,0.000134860668622926
NbyGQVwzFc_loc12_loop6,12,ITN 0%/IRS 0%/Larvicide 0%,0;0.4;0.4_0;0;0_0;0;0_-100;2;5475_-100;2;5475_-100;2;5475,29.6876712328767,Incidence,0.000134931201285552
NbyGQVwzFc_loc12_loop6,12,ITN 0%/IRS 0%/Larvicide 0%,0;0.4;0.4_0;0;0_0;0;0_-100;2;5475_-100;2;5475_-100;2;5475,29.6904109589041,Incidence,0.000135001793024054
NbyGQVwzFc_loc12_loop6,12,ITN 0%/IRS 0%/Larvicide 0%,0;0.4;0.4_0;0;0_0;0;0_-100;2;5475_-100;2;5475_-100;2;5475,29.6931506849315,Incidence,0.000135072443715467
NbyGQVwzFc_loc12_loop6,12,ITN 0%/IRS 0%/Larvicide 0%,0;0.4;0.4_0;0;0_0;0;0_-100;2;5475_-100;2;5475_-100;2;5475,29.6958904109589,Incidence,0.000135143153236769
NbyGQVwzFc_loc12_loop6,12,ITN 0%/IRS 0%/Larvicide 0%,0;0.4;0.4_0;0;0_0;0;0_-100;2;5475_-100;2;5475_-100;2;5475,29.6986301369863,Incidence,0.000135213921464884
NbyGQVwzFc_loc12_loop6,12,ITN 0%/IRS 0%/Larvicide 0%,0;0.4;0.4_0;0;0_0;0;0_-100;2;5475_-100;2;5475_-100;2;5475,29.7013698630137,Incidence,0.000135284748276678
NbyGQVwzFc_loc12_loop6,12,ITN 0%/IRS 0%/Larvicide 0%,0;0.4;0.4_0;0;0_0;0;0_-100;2;5475_-100;2;5475_-100;2;5475,29.7041095890411,Incidence,0.000135355633548963
NbyGQVwzFc_loc12_loop6,12,ITN 0%/IRS 0%/Larvicide 0%,0;0.4;0.4_0;0;0_0;0;0_-100;2;5475_-100;2;5475_-100;2;5475,29.7068493150685,Incidence,0.000135426577158494
NbyGQVwzFc_loc12_loop6,12,ITN 0%/IRS 0%/Larvicide 0%,0;0.4;0.4_0;0;0_0;0;0_-100;2;5475_-100;2;5475_-100;2;5475,29.7095890410959,Incidence,0.000135497578981968
NbyGQVwzFc_loc12_loop6,12,ITN 0%/IRS 0%/Larvicide 0%,0;0.4;0.4_0;0;0_0;0;0_-100;2;5475_-100;2;5475_-100;2;5475,29.7123287671233,Incidence,0.000135568638896028
NbyGQVwzFc_loc12_loop6,12,ITN 0%/IRS 0%/Larvicide 0%,0;0.4;0.4_0;0;0_0;0;0_-100;2;5475_-100;2;5475_-100;2;5475,29.7150684931507,Incidence,0.000135639756777256
NbyGQVwzFc_loc12_loop6,12,ITN 0%/IRS 0%/Larvicide 0%,0;0.4;0.4_0;0;0_0;0;0_-100;2;5475_-100;2;5475_-100;2;5475,29.7178082191781,Incidence,0.000135710932502179
NbyGQVwzFc_loc12_loop6,12,ITN 0%/IRS 0%/Larvicide 0%,0;0.4;0.4_0;0;0_0;0;0_-100;2;5475_-100;2;5475_-100;2;5475,29.7205479452055,Incidence,0.000135782165947265
NbyGQVwzFc_loc12_loop6,12,ITN 0%/IRS 0%/Larvicide 0%,0;0.4;0.4_0;0;0_0;0;0_-100;2;5475_-100;2;5475_-100;2;5475,29.7232876712329,Incidence,0.000135853456988924
NbyGQVwzFc_loc12_loop6,12,ITN 0%/IRS 0%/Larvicide 0%,0;0.4;0.4_0;0;0_0;0;0_-100;2;5475_-100;2;5475_-100;2;5475,29.7260273972603,Incidence,0.000135924805503507
NbyGQVwzFc_loc12_loop6,12,ITN 0%/IRS 0%/Larvicide 0%,0;0.4;0.4_0;0;0_0;0;0_-100;2;5475_-100;2;5475_-100;2;5475,29.7287671232877,Incidence,0.000135996211367309
NbyGQVwzFc_loc12_loop6,12,ITN 0%/IRS 0%/Larvicide 0%,0;0.4;0.4_0;0;0_0;0;0_-100;2;5475_-100;2;5475_-100;2;5475,29.7315068493151,Incidence,0.000136067674456562
NbyGQVwzFc_loc12_loop6,12,ITN 0%/IRS 0%/Larvicide 0%,0;0.4;0.4_0;0;0_0;0;0_-100;2;5475_-100;2;5475_-100;2;5475,29.7342465753425,Incidence,0.000136139194647441
NbyGQVwzFc_loc12_loop6,12,ITN 0%/IRS 0%/Larvicide 0%,0;0.4;0.4_0;0;0_0;0;0_-100;2;5475_-100;2;5475_-100;2;5475,29.7369863013699,Incidence,0.000136210771816061
NbyGQVwzFc_loc12_loop6,12,ITN 0%/IRS 0%/Larvicide 0%,0;0.4;0.4_0;0;0_0;0;0_-100;2;5475_-100;2;5475_-100;2;5475,29.7397260273973,Incidence,0.000136282405838478
NbyGQVwzFc_loc12_loop6,12,ITN 0%/IRS 0%/Larvicide 0%,0;0.4;0.4_0;0;0_0;0;0_-100;2;5475_-100;2;5475_-100;2;5475,29.7424657534247,Incidence,0.000136354096590687
NbyGQVwzFc_loc12_loop6,12,ITN 0%/IRS 0%/Larvicide 0%,0;0.4;0.4_0;0;0_0;0;0_-100;2;5475_-100;2;5475_-100;2;5475,29.7452054794521,Incidence,0.000136425843948621
NbyGQVwzFc_loc12_loop6,12,ITN 0%/IRS 0%/Larvicide 0%,0;0.4;0.4_0;0;0_0;0;0_-100;2;5475_-100;2;5475_-100;2;5475,29.7479452054795,Incidence,0.000136497647788157
NbyGQVwzFc_loc12_loop6,12,ITN 0%/IRS 0%/Larvicide 0%,0;0.4;0.4_0;0;0_0;0;0_-100;2;5475_-100;2;5475_-100;2;5475,29.7506849315069,Incidence,0.000136569507985107
NbyGQVwzFc_loc12_loop6,12,ITN 0%/IRS 0%/Larvicide 0%,0;0.4;0.4_0;0;0_0;0;0_-100;2;5475_-100;2;5475_-100;2;5475,29.7534246575342,Incidence,0.000136641424415224
NbyGQVwzFc_loc12_loop6,12,ITN 0%/IRS 0%/Larvicide 0%,0;0.4;0.4_0;0;0_0;0;0_-100;2;5475_-100;2;5475_-100;2;5475,29.7561643835616,Incidence,0.000136713396954198
NbyGQVwzFc_loc12_loop6,12,ITN 0%/IRS 0%/Larvicide 0%,0;0.4;0.4_0;0;0_0;0;0_-100;2;5475_-100;2;5475_-100;2;5475,29.758904109589,Incidence,0.000136785425477659
NbyGQVwzFc_loc12_loop6,12,ITN 0%/IRS 0%/Larvicide 0%,0;0.4;0.4_0;0;0_0;0;0_-100;2;5475_-100;2;5475_-100;2;5475,29.7616438356164,Incidence,0.000136857509861175
NbyGQVwzFc_loc12_loop6,12,ITN 0%/IRS 0%/Larvicide 0%,0;0.4;0.4_0;0;0_0;0;0_-100;2;5475_-100;2;5475_-100;2;5475,29.7643835616438,Incidence,0.000136929649980205
NbyGQVwzFc_loc12_loop6,12,ITN 0%/IRS 0%/Larvicide 0%,0;0.4;0.4_0;0;0_0;0;0_-100;2;5475_-100;2;5475_-100;2;5475,29.7671232876712,Incidence,0.000137001845709406
NbyGQVwzFc_loc12_loop6,12,ITN 0%/IRS 0%/Larvicide 0%,0;0.4;0.4_0;0;0_0;0;0_-100;2;5475_-100;2;5475_-100;2;5475,29.7698630136986,Incidence,0.000137074096922825
NbyGQVwzFc_loc12_loop6,12,ITN 0%/IRS 0%/Larvicide 0%,0;0.4;0.4_0;0;0_0;0;0_-100;2;5475_-100;2;5475_-100;2;5475,29.772602739726,Incidence,0.000137146403494446
NbyGQVwzFc_loc12_loop6,12,ITN 0%/IRS 0%/Larvicide 0%,0;0.4;0.4_0;0;0_0;0;0_-100;2;5475_-100;2;5475_-100;2;5475,29.7753424657534,Incidence,0.000137218765298199
NbyGQVwzFc_loc12_loop6,12,ITN 0%/IRS 0%/Larvicide 0%,0;0.4;0.4_0;0;0_0;0;0_-100;2;5475_-100;2;5475_-100;2;5475,29.7780821917808,Incidence,0.000137291182207965
NbyGQVwzFc_loc12_loop6,12,ITN 0%/IRS 0%/Larvicide 0%,0;0.4;0.4_0;0;0_0;0;0_-100;2;5475_-100;2;5475_-100;2;5475,29.7808219178082,Incidence,0.000137363654097572
NbyGQVwzFc_loc12_loop6,12,ITN 0%/IRS 0%/Larvicide 0%,0;0.4;0.4_0;0;0_0;0;0_-100;2;5475_-100;2;5475_-100;2;5475,29.7835616438356,Incidence,0.000137436180840796
NbyGQVwzFc_loc12_loop6,12,ITN 0%/IRS 0%/Larvicide 0%,0;0.4;0.4_0;0;0_0;0;0_-100;2;5475_-100;2;5475_-100;2;5475,29.786301369863,Incidence,0.00013750876231136
NbyGQVwzFc_loc12_loop6,12,ITN 0%/IRS 0%/Larvicide 0%,0;0.4;0.4_0;0;0_0;0;0_-100;2;5475_-100;2;5475_-100;2;5475,29.7890410958904,Incidence,0.000137581398382935
NbyGQVwzFc_loc12_loop6,12,ITN 0%/IRS 0%/Larvicide 0%,0;0.4;0.4_0;0;0_0;0;0_-100;2;5475_-100;2;5475_-100;2;5475,29.7917808219178,Incidence,0.000137654088929139
NbyGQVwzFc_loc12_loop6,12,ITN 0%/IRS 0%/Larvicide 0%,0;0.4;0.4_0;0;0_0;0;0_-100;2;5475_-100;2;5475_-100;2;5475,29.7945205479452,Incidence,0.000137726833823537
NbyGQVwzFc_loc12_loop6,12,ITN 0%/IRS 0%/Larvicide 0%,0;0.4;0.4_0;0;0_0;0;0_-100;2;5475_-100;2;5475_-100;2;5475,29.7972602739726,Incidence,0.000137799632939642
NbyGQVwzFc_loc12_loop6,12,ITN 0%/IRS 0%/Larvicide 0%,0;0.4;0.4_0;0;0_0;0;0_-100;2;5475_-100;2;5475_-100;2;5475,29.8,Incidence,0.000137872486150911
NbyGQVwzFc_loc12_loop6,12,ITN 0%/IRS 0%/Larvicide 0%,0;0.4;0.4_0;0;0_0;0;0_-100;2;5475_-100;2;5475_-100;2;5475,29.8027397260274,Incidence,0.000137945393330752
NbyGQVwzFc_loc12_loop6,12,ITN 0%/IRS 0%/Larvicide 0%,0;0.4;0.4_0;0;0_0;0;0_-100;2;5475_-100;2;5475_-100;2;5475,29.8054794520548,Incidence,0.000138018354352513
NbyGQVwzFc_loc12_loop6,12,ITN 0%/IRS 0%/Larvicide 0%,0;0.4;0.4_0;0;0_0;0;0_-100;2;5475_-100;2;5475_-100;2;5475,29.8082191780822,Incidence,0.000138091369089495
NbyGQVwzFc_loc12_loop6,12,ITN 0%/IRS 0%/Larvicide 0%,0;0.4;0.4_0;0;0_0;0;0_-100;2;5475_-100;2;5475_-100;2;5475,29.8109589041096,Incidence,0.000138164437414939
NbyGQVwzFc_loc12_loop6,12,ITN 0%/IRS 0%/Larvicide 0%,0;0.4;0.4_0;0;0_0;0;0_-100;2;5475_-100;2;5475_-100;2;5475,29.813698630137,Incidence,0.000138237559202036
NbyGQVwzFc_loc12_loop6,12,ITN 0%/IRS 0%/Larvicide 0%,0;0.4;0.4_0;0;0_0;0;0_-100;2;5475_-100;2;5475_-100;2;5475,29.8164383561644,Incidence,0.000138310734323921
NbyGQVwzFc_loc12_loop6,12,ITN 0%/IRS 0%/Larvicide 0%,0;0.4;0.4_0;0;0_0;0;0_-100;2;5475_-100;2;5475_-100;2;5475,29.8191780821918,Incidence,0.000138383962653674
NbyGQVwzFc_loc12_loop6,12,ITN 0%/IRS 0%/Larvicide 0%,0;0.4;0.4_0;0;0_0;0;0_-100;2;5475_-100;2;5475_-100;2;5475,29.8219178082192,Incidence,0.000138457244064321
NbyGQVwzFc_loc12_loop6,12,ITN 0%/IRS 0%/Larvicide 0%,0;0.4;0.4_0;0;0_0;0;0_-100;2;5475_-100;2;5475_-100;2;5475,29.8246575342466,Incidence,0.000138530578428833
NbyGQVwzFc_loc12_loop6,12,ITN 0%/IRS 0%/Larvicide 0%,0;0.4;0.4_0;0;0_0;0;0_-100;2;5475_-100;2;5475_-100;2;5475,29.827397260274,Incidence,0.000138603965620127
NbyGQVwzFc_loc12_loop6,12,ITN 0%/IRS 0%/Larvicide 0%,0;0.4;0.4_0;0;0_0;0;0_-100;2;5475_-100;2;5475_-100;2;5475,29.8301369863014,Incidence,0.000138677405511063
NbyGQVwzFc_loc12_loop6,12,ITN 0%/IRS 0%/Larvicide 0%,0;0.4;0.4_0;0;0_0;0;0_-100;2;5475_-100;2;5475_-100;2;5475,29.8328767123288,Incidence,0.000138750897974447
NbyGQVwzFc_loc12_loop6,12,ITN 0%/IRS 0%/Larvicide 0%,0;0.4;0.4_0;0;0_0;0;0_-100;2;5475_-100;2;5475_-100;2;5475,29.8356164383562,Incidence,0.000138824442883029
NbyGQVwzFc_loc12_loop6,12,ITN 0%/IRS 0%/Larvicide 0%,0;0.4;0.4_0;0;0_0;0;0_-100;2;5475_-100;2;5475_-100;2;5475,29.8383561643836,Incidence,0.000138898040109504
NbyGQVwzFc_loc12_loop6,12,ITN 0%/IRS 0%/Larvicide 0%,0;0.4;0.4_0;0;0_0;0;0_-100;2;5475_-100;2;5475_-100;2;5475,29.841095890411,Incidence,0.000138971689526512
NbyGQVwzFc_loc12_loop6,12,ITN 0%/IRS 0%/Larvicide 0%,0;0.4;0.4_0;0;0_0;0;0_-100;2;5475_-100;2;5475_-100;2;5475,29.8438356164384,Incidence,0.000139045391006635
NbyGQVwzFc_loc12_loop6,12,ITN 0%/IRS 0%/Larvicide 0%,0;0.4;0.4_0;0;0_0;0;0_-100;2;5475_-100;2;5475_-100;2;5475,29.8465753424658,Incidence,0.000139119144422401
NbyGQVwzFc_loc12_loop6,12,ITN 0%/IRS 0%/Larvicide 0%,0;0.4;0.4_0;0;0_0;0;0_-100;2;5475_-100;2;5475_-100;2;5475,29.8493150684932,Incidence,0.000139192949646281
NbyGQVwzFc_loc12_loop6,12,ITN 0%/IRS 0%/Larvicide 0%,0;0.4;0.4_0;0;0_0;0;0_-100;2;5475_-100;2;5475_-100;2;5475,29.8520547945206,Incidence,0.000139266806550691
NbyGQVwzFc_loc12_loop6,12,ITN 0%/IRS 0%/Larvicide 0%,0;0.4;0.4_0;0;0_0;0;0_-100;2;5475_-100;2;5475_-100;2;5475,29.8547945205479,Incidence,0.00013934071500799
NbyGQVwzFc_loc12_loop6,12,ITN 0%/IRS 0%/Larvicide 0%,0;0.4;0.4_0;0;0_0;0;0_-100;2;5475_-100;2;5475_-100;2;5475,29.8575342465753,Incidence,0.000139414674890479
NbyGQVwzFc_loc12_loop6,12,ITN 0%/IRS 0%/Larvicide 0%,0;0.4;0.4_0;0;0_0;0;0_-100;2;5475_-100;2;5475_-100;2;5475,29.8602739726027,Incidence,0.000139488686070405
NbyGQVwzFc_loc12_loop6,12,ITN 0%/IRS 0%/Larvicide 0%,0;0.4;0.4_0;0;0_0;0;0_-100;2;5475_-100;2;5475_-100;2;5475,29.8630136986301,Incidence,0.000139562748419957
NbyGQVwzFc_loc12_loop6,12,ITN 0%/IRS 0%/Larvicide 0%,0;0.4;0.4_0;0;0_0;0;0_-100;2;5475_-100;2;5475_-100;2;5475,29.8657534246575,Incidence,0.000139636861811269
NbyGQVwzFc_loc12_loop6,12,ITN 0%/IRS 0%/Larvicide 0%,0;0.4;0.4_0;0;0_0;0;0_-100;2;5475_-100;2;5475_-100;2;5475,29.8684931506849,Incidence,0.000139711026116416
NbyGQVwzFc_loc12_loop6,12,ITN 0%/IRS 0%/Larvicide 0%,0;0.4;0.4_0;0;0_0;0;0_-100;2;5475_-100;2;5475_-100;2;5475,29.8712328767123,Incidence,0.000139785241207417
NbyGQVwzFc_loc12_loop6,12,ITN 0%/IRS 0%/Larvicide 0%,0;0.4;0.4_0;0;0_0;0;0_-100;2;5475_-100;2;5475_-100;2;5475,29.8739726027397,Incidence,0.000139859506956235
NbyGQVwzFc_loc12_loop6,12,ITN 0%/IRS 0%/Larvicide 0%,0;0.4;0.4_0;0;0_0;0;0_-100;2;5475_-100;2;5475_-100;2;5475,29.8767123287671,Incidence,0.000139933823234775
NbyGQVwzFc_loc12_loop6,12,ITN 0%/IRS 0%/Larvicide 0%,0;0.4;0.4_0;0;0_0;0;0_-100;2;5475_-100;2;5475_-100;2;5475,29.8794520547945,Incidence,0.000140008189914885
NbyGQVwzFc_loc12_loop6,12,ITN 0%/IRS 0%/Larvicide 0%,0;0.4;0.4_0;0;0_0;0;0_-100;2;5475_-100;2;5475_-100;2;5475,29.8821917808219,Incidence,0.000140082606868356
NbyGQVwzFc_loc12_loop6,12,ITN 0%/IRS 0%/Larvicide 0%,0;0.4;0.4_0;0;0_0;0;0_-100;2;5475_-100;2;5475_-100;2;5475,29.8849315068493,Incidence,0.000140157073966921
NbyGQVwzFc_loc12_loop6,12,ITN 0%/IRS 0%/Larvicide 0%,0;0.4;0.4_0;0;0_0;0;0_-100;2;5475_-100;2;5475_-100;2;5475,29.8876712328767,Incidence,0.000140231591082257
NbyGQVwzFc_loc12_loop6,12,ITN 0%/IRS 0%/Larvicide 0%,0;0.4;0.4_0;0;0_0;0;0_-100;2;5475_-100;2;5475_-100;2;5475,29.8904109589041,Incidence,0.000140306158085982
NbyGQVwzFc_loc12_loop6,12,ITN 0%/IRS 0%/Larvicide 0%,0;0.4;0.4_0;0;0_0;0;0_-100;2;5475_-100;2;5475_-100;2;5475,29.8931506849315,Incidence,0.000140380774849659
NbyGQVwzFc_loc12_loop6,12,ITN 0%/IRS 0%/Larvicide 0%,0;0.4;0.4_0;0;0_0;0;0_-100;2;5475_-100;2;5475_-100;2;5475,29.8958904109589,Incidence,0.000140455441244791
NbyGQVwzFc_loc12_loop6,12,ITN 0%/IRS 0%/Larvicide 0%,0;0.4;0.4_0;0;0_0;0;0_-100;2;5475_-100;2;5475_-100;2;5475,29.8986301369863,Incidence,0.000140530157142824
NbyGQVwzFc_loc12_loop6,12,ITN 0%/IRS 0%/Larvicide 0%,0;0.4;0.4_0;0;0_0;0;0_-100;2;5475_-100;2;5475_-100;2;5475,29.9013698630137,Incidence,0.000140604922414834
NbyGQVwzFc_loc12_loop6,12,ITN 0%/IRS 0%/Larvicide 0%,0;0.4;0.4_0;0;0_0;0;0_-100;2;5475_-100;2;5475_-100;2;5475,29.9041095890411,Incidence,0.000140679736931128
NbyGQVwzFc_loc12_loop6,12,ITN 0%/IRS 0%/Larvicide 0%,0;0.4;0.4_0;0;0_0;0;0_-100;2;5475_-100;2;5475_-100;2;5475,29.9068493150685,Incidence,0.000140754600561911
NbyGQVwzFc_loc12_loop6,12,ITN 0%/IRS 0%/Larvicide 0%,0;0.4;0.4_0;0;0_0;0;0_-100;2;5475_-100;2;5475_-100;2;5475,29.9095890410959,Incidence,0.000140829513177341
NbyGQVwzFc_loc12_loop6,12,ITN 0%/IRS 0%/Larvicide 0%,0;0.4;0.4_0;0;0_0;0;0_-100;2;5475_-100;2;5475_-100;2;5475,29.9123287671233,Incidence,0.00014090447464753
NbyGQVwzFc_loc12_loop6,12,ITN 0%/IRS 0%/Larvicide 0%,0;0.4;0.4_0;0;0_0;0;0_-100;2;5475_-100;2;5475_-100;2;5475,29.9150684931507,Incidence,0.00014097948484254
NbyGQVwzFc_loc12_loop6,12,ITN 0%/IRS 0%/Larvicide 0%,0;0.4;0.4_0;0;0_0;0;0_-100;2;5475_-100;2;5475_-100;2;5475,29.9178082191781,Incidence,0.000141054543632387
NbyGQVwzFc_loc12_loop6,12,ITN 0%/IRS 0%/Larvicide 0%,0;0.4;0.4_0;0;0_0;0;0_-100;2;5475_-100;2;5475_-100;2;5475,29.9205479452055,Incidence,0.000141129650887039
NbyGQVwzFc_loc12_loop6,12,ITN 0%/IRS 0%/Larvicide 0%,0;0.4;0.4_0;0;0_0;0;0_-100;2;5475_-100;2;5475_-100;2;5475,29.9232876712329,Incidence,0.000141204806476415
NbyGQVwzFc_loc12_loop6,12,ITN 0%/IRS 0%/Larvicide 0%,0;0.4;0.4_0;0;0_0;0;0_-100;2;5475_-100;2;5475_-100;2;5475,29.9260273972603,Incidence,0.000141280010270388
NbyGQVwzFc_loc12_loop6,12,ITN 0%/IRS 0%/Larvicide 0%,0;0.4;0.4_0;0;0_0;0;0_-100;2;5475_-100;2;5475_-100;2;5475,29.9287671232877,Incidence,0.000141355262138782
NbyGQVwzFc_loc12_loop6,12,ITN 0%/IRS 0%/Larvicide 0%,0;0.4;0.4_0;0;0_0;0;0_-100;2;5475_-100;2;5475_-100;2;5475,29.9315068493151,Incidence,0.000141430561951374
NbyGQVwzFc_loc12_loop6,12,ITN 0%/IRS 0%/Larvicide 0%,0;0.4;0.4_0;0;0_0;0;0_-100;2;5475_-100;2;5475_-100;2;5475,29.9342465753425,Incidence,0.000141505909577892
NbyGQVwzFc_loc12_loop6,12,ITN 0%/IRS 0%/Larvicide 0%,0;0.4;0.4_0;0;0_0;0;0_-100;2;5475_-100;2;5475_-100;2;5475,29.9369863013699,Incidence,0.000141581304888017
NbyGQVwzFc_loc12_loop6,12,ITN 0%/IRS 0%/Larvicide 0%,0;0.4;0.4_0;0;0_0;0;0_-100;2;5475_-100;2;5475_-100;2;5475,29.9397260273973,Incidence,0.000141656747751383
NbyGQVwzFc_loc12_loop6,12,ITN 0%/IRS 0%/Larvicide 0%,0;0.4;0.4_0;0;0_0;0;0_-100;2;5475_-100;2;5475_-100;2;5475,29.9424657534247,Incidence,0.000141732238037574
NbyGQVwzFc_loc12_loop6,12,ITN 0%/IRS 0%/Larvicide 0%,0;0.4;0.4_0;0;0_0;0;0_-100;2;5475_-100;2;5475_-100;2;5475,29.9452054794521,Incidence,0.000141807775616128
NbyGQVwzFc_loc12_loop6,12,ITN 0%/IRS 0%/Larvicide 0%,0;0.4;0.4_0;0;0_0;0;0_-100;2;5475_-100;2;5475_-100;2;5475,29.9479452054795,Incidence,0.000141883360356534
NbyGQVwzFc_loc12_loop6,12,ITN 0%/IRS 0%/Larvicide 0%,0;0.4;0.4_0;0;0_0;0;0_-100;2;5475_-100;2;5475_-100;2;5475,29.9506849315069,Incidence,0.000141958992128233
NbyGQVwzFc_loc12_loop6,12,ITN 0%/IRS 0%/Larvicide 0%,0;0.4;0.4_0;0;0_0;0;0_-100;2;5475_-100;2;5475_-100;2;5475,29.9534246575342,Incidence,0.000142034670800618
NbyGQVwzFc_loc12_loop6,12,ITN 0%/IRS 0%/Larvicide 0%,0;0.4;0.4_0;0;0_0;0;0_-100;2;5475_-100;2;5475_-100;2;5475,29.9561643835616,Incidence,0.000142110396243037
NbyGQVwzFc_loc12_loop6,12,ITN 0%/IRS 0%/Larvicide 0%,0;0.4;0.4_0;0;0_0;0;0_-100;2;5475_-100;2;5475_-100;2;5475,29.958904109589,Incidence,0.000142186168324785
NbyGQVwzFc_loc12_loop6,12,ITN 0%/IRS 0%/Larvicide 0%,0;0.4;0.4_0;0;0_0;0;0_-100;2;5475_-100;2;5475_-100;2;5475,29.9616438356164,Incidence,0.000142261986915113
NbyGQVwzFc_loc12_loop6,12,ITN 0%/IRS 0%/Larvicide 0%,0;0.4;0.4_0;0;0_0;0;0_-100;2;5475_-100;2;5475_-100;2;5475,29.9643835616438,Incidence,0.000142337851883223
NbyGQVwzFc_loc12_loop6,12,ITN 0%/IRS 0%/Larvicide 0%,0;0.4;0.4_0;0;0_0;0;0_-100;2;5475_-100;2;5475_-100;2;5475,29.9671232876712,Incidence,0.000142413763098269
NbyGQVwzFc_loc12_loop6,12,ITN 0%/IRS 0%/Larvicide 0%,0;0.4;0.4_0;0;0_0;0;0_-100;2;5475_-100;2;5475_-100;2;5475,29.9698630136986,Incidence,0.000142489720429357
NbyGQVwzFc_loc12_loop6,12,ITN 0%/IRS 0%/Larvicide 0%,0;0.4;0.4_0;0;0_0;0;0_-100;2;5475_-100;2;5475_-100;2;5475,29.972602739726,Incidence,0.000142565723745547
NbyGQVwzFc_loc12_loop6,12,ITN 0%/IRS 0%/Larvicide 0%,0;0.4;0.4_0;0;0_0;0;0_-100;2;5475_-100;2;5475_-100;2;5475,29.9753424657534,Incidence,0.000142641772915848
NbyGQVwzFc_loc12_loop6,12,ITN 0%/IRS 0%/Larvicide 0%,0;0.4;0.4_0;0;0_0;0;0_-100;2;5475_-100;2;5475_-100;2;5475,29.9780821917808,Incidence,0.000142717867809223
NbyGQVwzFc_loc12_loop6,12,ITN 0%/IRS 0%/Larvicide 0%,0;0.4;0.4_0;0;0_0;0;0_-100;2;5475_-100;2;5475_-100;2;5475,29.9808219178082,Incidence,0.000142794008294588
NbyGQVwzFc_loc12_loop6,12,ITN 0%/IRS 0%/Larvicide 0%,0;0.4;0.4_0;0;0_0;0;0_-100;2;5475_-100;2;5475_-100;2;5475,29.9835616438356,Incidence,0.000142870194240811
NbyGQVwzFc_loc12_loop6,12,ITN 0%/IRS 0%/Larvicide 0%,0;0.4;0.4_0;0;0_0;0;0_-100;2;5475_-100;2;5475_-100;2;5475,29.986301369863,Incidence,0.000142946425516712
NbyGQVwzFc_loc12_loop6,12,ITN 0%/IRS 0%/Larvicide 0%,0;0.4;0.4_0;0;0_0;0;0_-100;2;5475_-100;2;5475_-100;2;5475,29.9890410958904,Incidence,0.000143022701991064
NbyGQVwzFc_loc12_loop6,12,ITN 0%/IRS 0%/Larvicide 0%,0;0.4;0.4_0;0;0_0;0;0_-100;2;5475_-100;2;5475_-100;2;5475,29.9917808219178,Incidence,0.00014309902353259
NbyGQVwzFc_loc12_loop6,12,ITN 0%/IRS 0%/Larvicide 0%,0;0.4;0.4_0;0;0_0;0;0_-100;2;5475_-100;2;5475_-100;2;5475,29.9945205479452,Incidence,0.00014317539000997
NbyGQVwzFc_loc12_loop6,12,ITN 0%/IRS 0%/Larvicide 0%,0;0.4;0.4_0;0;0_0;0;0_-100;2;5475_-100;2;5475_-100;2;5475,29.9972602739726,Incidence,0.000143251801291833
NbyGQVwzFc_loc12_loop6,12,ITN 0%/IRS 0%/Larvicide 0%,0;0.4;0.4_0;0;0_0;0;0_-100;2;5475_-100;2;5475_-100;2;5475,30,Incidence,0.000143328257246763
NbyGQVwzFc_loc12_loop6,12,ITN 0%/IRS 0%/Larvicide 0%,0;0.4;0.4_0;0;0_0;0;0_-100;2;5475_-100;2;5475_-100;2;5475,30.0027397260274,Incidence,0.000143404757743291
NbyGQVwzFc_loc12_loop6,12,ITN 0%/IRS 0%/Larvicide 0%,0;0.4;0.4_0;0;0_0;0;0_-100;2;5475_-100;2;5475_-100;2;5475,30.0054794520548,Incidence,0.000143481302649906
NbyGQVwzFc_loc12_loop6,12,ITN 0%/IRS 0%/Larvicide 0%,0;0.4;0.4_0;0;0_0;0;0_-100;2;5475_-100;2;5475_-100;2;5475,30.0082191780822,Incidence,0.000143557891835061
NbyGQVwzFc_loc12_loop6,12,ITN 0%/IRS 0%/Larvicide 0%,0;0.4;0.4_0;0;0_0;0;0_-100;2;5475_-100;2;5475_-100;2;5475,30.0109589041096,Incidence,0.00014363452516714
NbyGQVwzFc_loc12_loop6,12,ITN 0%/IRS 0%/Larvicide 0%,0;0.4;0.4_0;0;0_0;0;0_-100;2;5475_-100;2;5475_-100;2;5475,30.013698630137,Incidence,0.000143711202514491
NbyGQVwzFc_loc12_loop6,12,ITN 0%/IRS 0%/Larvicide 0%,0;0.4;0.4_0;0;0_0;0;0_-100;2;5475_-100;2;5475_-100;2;5475,30.0164383561644,Incidence,0.000143787923745418
NbyGQVwzFc_loc12_loop6,12,ITN 0%/IRS 0%/Larvicide 0%,0;0.4;0.4_0;0;0_0;0;0_-100;2;5475_-100;2;5475_-100;2;5475,30.0191780821918,Incidence,0.000143864688728171
NbyGQVwzFc_loc12_loop6,12,ITN 0%/IRS 0%/Larvicide 0%,0;0.4;0.4_0;0;0_0;0;0_-100;2;5475_-100;2;5475_-100;2;5475,30.0219178082192,Incidence,0.000143941497330957
NbyGQVwzFc_loc12_loop6,12,ITN 0%/IRS 0%/Larvicide 0%,0;0.4;0.4_0;0;0_0;0;0_-100;2;5475_-100;2;5475_-100;2;5475,30.0246575342466,Incidence,0.000144018349421936
NbyGQVwzFc_loc12_loop6,12,ITN 0%/IRS 0%/Larvicide 0%,0;0.4;0.4_0;0;0_0;0;0_-100;2;5475_-100;2;5475_-100;2;5475,30.027397260274,Incidence,0.000144095244869219
NbyGQVwzFc_loc12_loop6,12,ITN 0%/IRS 0%/Larvicide 0%,0;0.4;0.4_0;0;0_0;0;0_-100;2;5475_-100;2;5475_-100;2;5475,30.0301369863014,Incidence,0.000144172183540878
NbyGQVwzFc_loc12_loop6,12,ITN 0%/IRS 0%/Larvicide 0%,0;0.4;0.4_0;0;0_0;0;0_-100;2;5475_-100;2;5475_-100;2;5475,30.0328767123288,Incidence,0.000121476083328895
NbyGQVwzFc_loc12_loop6,12,ITN 0%/IRS 0%/Larvicide 0%,0;0.4;0.4_0;0;0_0;0;0_-100;2;5475_-100;2;5475_-100;2;5475,30.0356164383562,Incidence,0.000121061113925529
NbyGQVwzFc_loc12_loop6,12,ITN 0%/IRS 0%/Larvicide 0%,0;0.4;0.4_0;0;0_0;0;0_-100;2;5475_-100;2;5475_-100;2;5475,30.0383561643836,Incidence,0.000120686525030182
NbyGQVwzFc_loc12_loop6,12,ITN 0%/IRS 0%/Larvicide 0%,0;0.4;0.4_0;0;0_0;0;0_-100;2;5475_-100;2;5475_-100;2;5475,30.041095890411,Incidence,0.000120354282510872
NbyGQVwzFc_loc12_loop6,12,ITN 0%/IRS 0%/Larvicide 0%,0;0.4;0.4_0;0;0_0;0;0_-100;2;5475_-100;2;5475_-100;2;5475,30.0438356164384,Incidence,0.000120060520408837
NbyGQVwzFc_loc12_loop6,12,ITN 0%/IRS 0%/Larvicide 0%,0;0.4;0.4_0;0;0_0;0;0_-100;2;5475_-100;2;5475_-100;2;5475,30.0465753424658,Incidence,0.0001198017258781
NbyGQVwzFc_loc12_loop6,12,ITN 0%/IRS 0%/Larvicide 0%,0;0.4;0.4_0;0;0_0;0;0_-100;2;5475_-100;2;5475_-100;2;5475,30.0493150684932,Incidence,0.000119574706850472
NbyGQVwzFc_loc12_loop6,12,ITN 0%/IRS 0%/Larvicide 0%,0;0.4;0.4_0;0;0_0;0;0_-100;2;5475_-100;2;5475_-100;2;5475,30.0520547945206,Incidence,0.000119376562956032
NbyGQVwzFc_loc12_loop6,12,ITN 0%/IRS 0%/Larvicide 0%,0;0.4;0.4_0;0;0_0;0;0_-100;2;5475_-100;2;5475_-100;2;5475,30.0547945205479,Incidence,0.000119193044374794
NbyGQVwzFc_loc12_loop6,12,ITN 0%/IRS 0%/Larvicide 0%,0;0.4;0.4_0;0;0_0;0;0_-100;2;5475_-100;2;5475_-100;2;5475,30.0575342465753,Incidence,0.000118655733988117
NbyGQVwzFc_loc12_loop6,12,ITN 0%/IRS 0%/Larvicide 0%,0;0.4;0.4_0;0;0_0;0;0_-100;2;5475_-100;2;5475_-100;2;5475,30.0602739726027,Incidence,0.000118131389460512
NbyGQVwzFc_loc12_loop6,12,ITN 0%/IRS 0%/Larvicide 0%,0;0.4;0.4_0;0;0_0;0;0_-100;2;5475_-100;2;5475_-100;2;5475,30.0630136986301,Incidence,0.000117625436813664
NbyGQVwzFc_loc12_loop6,12,ITN 0%/IRS 0%/Larvicide 0%,0;0.4;0.4_0;0;0_0;0;0_-100;2;5475_-100;2;5475_-100;2;5475,30.0657534246575,Incidence,0.000117139503921461
NbyGQVwzFc_loc12_loop6,12,ITN 0%/IRS 0%/Larvicide 0%,0;0.4;0.4_0;0;0_0;0;0_-100;2;5475_-100;2;5475_-100;2;5475,30.0684931506849,Incidence,0.000116674761197259
NbyGQVwzFc_loc12_loop6,12,ITN 0%/IRS 0%/Larvicide 0%,0;0.4;0.4_0;0;0_0;0;0_-100;2;5475_-100;2;5475_-100;2;5475,30.0712328767123,Incidence,0.000116232003255967
NbyGQVwzFc_loc12_loop6,12,ITN 0%/IRS 0%/Larvicide 0%,0;0.4;0.4_0;0;0_0;0;0_-100;2;5475_-100;2;5475_-100;2;5475,30.0739726027397,Incidence,0.000115811711790028
NbyGQVwzFc_loc12_loop6,12,ITN 0%/IRS 0%/Larvicide 0%,0;0.4;0.4_0;0;0_0;0;0_-100;2;5475_-100;2;5475_-100;2;5475,30.0767123287671,Incidence,0.000115414107601738
NbyGQVwzFc_loc12_loop6,12,ITN 0%/IRS 0%/Larvicide 0%,0;0.4;0.4_0;0;0_0;0;0_-100;2;5475_-100;2;5475_-100;2;5475,30.0794520547945,Incidence,0.000115039193933589
NbyGQVwzFc_loc12_loop6,12,ITN 0%/IRS 0%/Larvicide 0%,0;0.4;0.4_0;0;0_0;0;0_-100;2;5475_-100;2;5475_-100;2;5475,30.0821917808219,Incidence,0.000114686793445021
NbyGQVwzFc_loc12_loop6,12,ITN 0%/IRS 0%/Larvicide 0%,0;0.4;0.4_0;0;0_0;0;0_-100;2;5475_-100;2;5475_-100;2;5475,30.0849315068493,Incidence,0.000114356580833274
NbyGQVwzFc_loc12_loop6,12,ITN 0%/IRS 0%/Larvicide 0%,0;0.4;0.4_0;0;0_0;0;0_-100;2;5475_-100;2;5475_-100;2;5475,30.0876712328767,Incidence,0.000114048110752264
NbyGQVwzFc_loc12_loop6,12,ITN 0%/IRS 0%/Larvicide 0%,0;0.4;0.4_0;0;0_0;0;0_-100;2;5475_-100;2;5475_-100;2;5475,30.0904109589041,Incidence,0.000113106070982241
NbyGQVwzFc_loc12_loop6,12,ITN 0%/IRS 0%/Larvicide 0%,0;0.4;0.4_0;0;0_0;0;0_-100;2;5475_-100;2;5475_-100;2;5475,30.0931506849315,Incidence,0.000111788504942958
NbyGQVwzFc_loc12_loop6,12,ITN 0%/IRS 0%/Larvicide 0%,0;0.4;0.4_0;0;0_0;0;0_-100;2;5475_-100;2;5475_-100;2;5475,30.0958904109589,Incidence,0.000110588251549395
NbyGQVwzFc_loc12_loop6,12,ITN 0%/IRS 0%/Larvicide 0%,0;0.4;0.4_0;0;0_0;0;0_-100;2;5475_-100;2;5475_-100;2;5475,30.0986301369863,Incidence,0.000109495526536994
NbyGQVwzFc_loc12_loop6,12,ITN 0%/IRS 0%/Larvicide 0%,0;0.4;0.4_0;0;0_0;0;0_-100;2;5475_-100;2;5475_-100;2;5475,30.1013698630137,Incidence,0.000108501366931753
NbyGQVwzFc_loc12_loop6,12,ITN 0%/IRS 0%/Larvicide 0%,0;0.4;0.4_0;0;0_0;0;0_-100;2;5475_-100;2;5475_-100;2;5475,30.1041095890411,Incidence,0.00010759756062641
NbyGQVwzFc_loc12_loop6,12,ITN 0%/IRS 0%/Larvicide 0%,0;0.4;0.4_0;0;0_0;0;0_-100;2;5475_-100;2;5475_-100;2;5475,30.1068493150685,Incidence,0.000106776582288109
NbyGQVwzFc_loc12_loop6,12,ITN 0%/IRS 0%/Larvicide 0%,0;0.4;0.4_0;0;0_0;0;0_-100;2;5475_-100;2;5475_-100;2;5475,30.1095890410959,Incidence,0.000106031535072694
NbyGQVwzFc_loc12_loop6,12,ITN 0%/IRS 0%/Larvicide 0%,0;0.4;0.4_0;0;0_0;0;0_-100;2;5475_-100;2;5475_-100;2;5475,30.1123287671233,Incidence,0.000105356097499127
NbyGQVwzFc_loc12_loop6,12,ITN 0%/IRS 0%/Larvicide 0%,0;0.4;0.4_0;0;0_0;0;0_-100;2;5475_-100;2;5475_-100;2;5475,30.1150684931507,Incidence,0.000104744474978037
NbyGQVwzFc_loc12_loop6,12,ITN 0%/IRS 0%/Larvicide 0%,0;0.4;0.4_0;0;0_0;0;0_-100;2;5475_-100;2;5475_-100;2;5475,30.1178082191781,Incidence,0.000104191355548222
NbyGQVwzFc_loc12_loop6,12,ITN 0%/IRS 0%/Larvicide 0%,0;0.4;0.4_0;0;0_0;0;0_-100;2;5475_-100;2;5475_-100;2;5475,30.1205479452055,Incidence,0.000103691869401781
NbyGQVwzFc_loc12_loop6,12,ITN 0%/IRS 0%/Larvicide 0%,0;0.4;0.4_0;0;0_0;0;0_-100;2;5475_-100;2;5475_-100;2;5475,30.1232876712329,Incidence,0.000103240938943443
NbyGQVwzFc_loc12_loop6,12,ITN 0%/IRS 0%/Larvicide 0%,0;0.4;0.4_0;0;0_0;0;0_-100;2;5475_-100;2;5475_-100;2;5475,30.1260273972603,Incidence,0.000102831937587309
NbyGQVwzFc_loc12_loop6,12,ITN 0%/IRS 0%/Larvicide 0%,0;0.4;0.4_0;0;0_0;0;0_-100;2;5475_-100;2;5475_-100;2;5475,30.1287671232877,Incidence,0.000102461067594718
NbyGQVwzFc_loc12_loop6,12,ITN 0%/IRS 0%/Larvicide 0%,0;0.4;0.4_0;0;0_0;0;0_-100;2;5475_-100;2;5475_-100;2;5475,30.1315068493151,Incidence,0.0001021251249116
NbyGQVwzFc_loc12_loop6,12,ITN 0%/IRS 0%/Larvicide 0%,0;0.4;0.4_0;0;0_0;0;0_-100;2;5475_-100;2;5475_-100;2;5475,30.1342465753425,Incidence,0.000101821179024397
NbyGQVwzFc_loc12_loop6,12,ITN 0%/IRS 0%/Larvicide 0%,0;0.4;0.4_0;0;0_0;0;0_-100;2;5475_-100;2;5475_-100;2;5475,30.1369863013699,Incidence,0.000101546548877318
NbyGQVwzFc_loc12_loop6,12,ITN 0%/IRS 0%/Larvicide 0%,0;0.4;0.4_0;0;0_0;0;0_-100;2;5475_-100;2;5475_-100;2;5475,30.1397260273973,Incidence,0.000101298781064193
NbyGQVwzFc_loc12_loop6,12,ITN 0%/IRS 0%/Larvicide 0%,0;0.4;0.4_0;0;0_0;0;0_-100;2;5475_-100;2;5475_-100;2;5475,30.1424657534247,Incidence,0.000101075630046056
NbyGQVwzFc_loc12_loop6,12,ITN 0%/IRS 0%/Larvicide 0%,0;0.4;0.4_0;0;0_0;0;0_-100;2;5475_-100;2;5475_-100;2;5475,30.1452054794521,Incidence,0.000100875034587085
NbyGQVwzFc_loc12_loop6,12,ITN 0%/IRS 0%/Larvicide 0%,0;0.4;0.4_0;0;0_0;0;0_-100;2;5475_-100;2;5475_-100;2;5475,30.1479452054795,Incidence,0.000100694985502186
NbyGQVwzFc_loc12_loop6,12,ITN 0%/IRS 0%/Larvicide 0%,0;0.4;0.4_0;0;0_0;0;0_-100;2;5475_-100;2;5475_-100;2;5475,30.1506849315069,Incidence,0.000100533542618321
NbyGQVwzFc_loc12_loop6,12,ITN 0%/IRS 0%/Larvicide 0%,0;0.4;0.4_0;0;0_0;0;0_-100;2;5475_-100;2;5475_-100;2;5475,30.1534246575342,Incidence,0.000100388943165111
NbyGQVwzFc_loc12_loop6,12,ITN 0%/IRS 0%/Larvicide 0%,0;0.4;0.4_0;0;0_0;0;0_-100;2;5475_-100;2;5475_-100;2;5475,30.1561643835617,Incidence,0.000100259589925929
NbyGQVwzFc_loc12_loop6,12,ITN 0%/IRS 0%/Larvicide 0%,0;0.4;0.4_0;0;0_0;0;0_-100;2;5475_-100;2;5475_-100;2;5475,30.158904109589,Incidence,0.000100144036154018
NbyGQVwzFc_loc12_loop6,12,ITN 0%/IRS 0%/Larvicide 0%,0;0.4;0.4_0;0;0_0;0;0_-100;2;5475_-100;2;5475_-100;2;5475,30.1616438356164,Incidence,0.000100040971800685
NbyGQVwzFc_loc12_loop6,12,ITN 0%/IRS 0%/Larvicide 0%,0;0.4;0.4_0;0;0_0;0;0_-100;2;5475_-100;2;5475_-100;2;5475,30.1643835616438,Incidence,9.9949210955025e-05
NbyGQVwzFc_loc12_loop6,12,ITN 0%/IRS 0%/Larvicide 0%,0;0.4;0.4_0;0;0_0;0;0_-100;2;5475_-100;2;5475_-100;2;5475,30.1671232876712,Incidence,9.98676803978186e-05
NbyGQVwzFc_loc12_loop6,12,ITN 0%/IRS 0%/Larvicide 0%,0;0.4;0.4_0;0;0_0;0;0_-100;2;5475_-100;2;5475_-100;2;5475,30.1698630136986,Incidence,9.9795409176647e-05
NbyGQVwzFc_loc12_loop6,12,ITN 0%/IRS 0%/Larvicide 0%,0;0.4;0.4_0;0;0_0;0;0_-100;2;5475_-100;2;5475_-100;2;5475,30.172602739726,Incidence,9.97315191151794e-05
NbyGQVwzFc_loc12_loop6,12,ITN 0%/IRS 0%/Larvicide 0%,0;0.4;0.4_0;0;0_0;0;0_-100;2;5475_-100;2;5475_-100;2;5475,30.1753424657534,Incidence,9.96752161769916e-05
NbyGQVwzFc_loc12_loop6,12,ITN 0%/IRS 0%/Larvicide 0%,0;0.4;0.4_0;0;0_0;0;0_-100;2;5475_-100;2;5475_-100;2;5475,30.1780821917808,Incidence,9.96257827571391e-05
NbyGQVwzFc_loc12_loop6,12,ITN 0%/IRS 0%/Larvicide 0%,0;0.4;0.4_0;0;0_0;0;0_-100;2;5475_-100;2;5475_-100;2;5475,30.1808219178082,Incidence,9.95824187081401e-05
NbyGQVwzFc_loc12_loop6,12,ITN 0%/IRS 0%/Larvicide 0%,0;0.4;0.4_0;0;0_0;0;0_-100;2;5475_-100;2;5475_-100;2;5475,30.1835616438356,Incidence,9.95439737600666e-05
NbyGQVwzFc_loc12_loop6,12,ITN 0%/IRS 0%/Larvicide 0%,0;0.4;0.4_0;0;0_0;0;0_-100;2;5475_-100;2;5475_-100;2;5475,30.186301369863,Incidence,9.95094260763272e-05
NbyGQVwzFc_loc12_loop6,12,ITN 0%/IRS 0%/Larvicide 0%,0;0.4;0.4_0;0;0_0;0;0_-100;2;5475_-100;2;5475_-100;2;5475,30.1890410958904,Incidence,9.94779486785735e-05
NbyGQVwzFc_loc12_loop6,12,ITN 0%/IRS 0%/Larvicide 0%,0;0.4;0.4_0;0;0_0;0;0_-100;2;5475_-100;2;5475_-100;2;5475,30.1917808219178,Incidence,9.9448874186469e-05
NbyGQVwzFc_loc12_loop6,12,ITN 0%/IRS 0%/Larvicide 0%,0;0.4;0.4_0;0;0_0;0;0_-100;2;5475_-100;2;5475_-100;2;5475,30.1945205479452,Incidence,9.94216658872467e-05
NbyGQVwzFc_loc12_loop6,12,ITN 0%/IRS 0%/Larvicide 0%,0;0.4;0.4_0;0;0_0;0;0_-100;2;5475_-100;2;5475_-100;2;5475,30.1972602739726,Incidence,9.93958939722719e-05
NbyGQVwzFc_loc12_loop6,12,ITN 0%/IRS 0%/Larvicide 0%,0;0.4;0.4_0;0;0_0;0;0_-100;2;5475_-100;2;5475_-100;2;5475,30.2,Incidence,9.93712160240899e-05
NbyGQVwzFc_loc12_loop6,12,ITN 0%/IRS 0%/Larvicide 0%,0;0.4;0.4_0;0;0_0;0;0_-100;2;5475_-100;2;5475_-100;2;5475,30.2027397260274,Incidence,9.93473609926575e-05
NbyGQVwzFc_loc12_loop6,12,ITN 0%/IRS 0%/Larvicide 0%,0;0.4;0.4_0;0;0_0;0;0_-100;2;5475_-100;2;5475_-100;2;5475,30.2054794520548,Incidence,9.93241160365855e-05
NbyGQVwzFc_loc12_loop6,12,ITN 0%/IRS 0%/Larvicide 0%,0;0.4;0.4_0;0;0_0;0;0_-100;2;5475_-100;2;5475_-100;2;5475,30.2082191780822,Incidence,9.93013157175003e-05
NbyGQVwzFc_loc12_loop6,12,ITN 0%/IRS 0%/Larvicide 0%,0;0.4;0.4_0;0;0_0;0;0_-100;2;5475_-100;2;5475_-100;2;5475,30.2109589041096,Incidence,9.92788331276235e-05
NbyGQVwzFc_loc12_loop6,12,ITN 0%/IRS 0%/Larvicide 0%,0;0.4;0.4_0;0;0_0;0;0_-100;2;5475_-100;2;5475_-100;2;5475,30.213698630137,Incidence,9.92565724720992e-05
NbyGQVwzFc_loc12_loop6,12,ITN 0%/IRS 0%/Larvicide 0%,0;0.4;0.4_0;0;0_0;0;0_-100;2;5475_-100;2;5475_-100;2;5475,30.2164383561644,Incidence,9.92344620177122e-05
NbyGQVwzFc_loc12_loop6,12,ITN 0%/IRS 0%/Larvicide 0%,0;0.4;0.4_0;0;0_0;0;0_-100;2;5475_-100;2;5475_-100;2;5475,30.2191780821918,Incidence,9.92124486328819e-05
NbyGQVwzFc_loc12_loop6,12,ITN 0%/IRS 0%/Larvicide 0%,0;0.4;0.4_0;0;0_0;0;0_-100;2;5475_-100;2;5475_-100;2;5475,30.2219178082192,Incidence,9.91904941645245e-05
NbyGQVwzFc_loc12_loop6,12,ITN 0%/IRS 0%/Larvicide 0%,0;0.4;0.4_0;0;0_0;0;0_-100;2;5475_-100;2;5475_-100;2;5475,30.2246575342466,Incidence,9.91685725223346e-05
NbyGQVwzFc_loc12_loop6,12,ITN 0%/IRS 0%/Larvicide 0%,0;0.4;0.4_0;0;0_0;0;0_-100;2;5475_-100;2;5475_-100;2;5475,30.227397260274,Incidence,9.91466673014685e-05
NbyGQVwzFc_loc12_loop6,12,ITN 0%/IRS 0%/Larvicide 0%,0;0.4;0.4_0;0;0_0;0;0_-100;2;5475_-100;2;5475_-100;2;5475,30.2301369863014,Incidence,9.91247698259067e-05
NbyGQVwzFc_loc12_loop6,12,ITN 0%/IRS 0%/Larvicide 0%,0;0.4;0.4_0;0;0_0;0;0_-100;2;5475_-100;2;5475_-100;2;5475,30.2328767123288,Incidence,9.91028775051696e-05
NbyGQVwzFc_loc12_loop6,12,ITN 0%/IRS 0%/Larvicide 0%,0;0.4;0.4_0;0;0_0;0;0_-100;2;5475_-100;2;5475_-100;2;5475,30.2356164383562,Incidence,9.90809925324818e-05
NbyGQVwzFc_loc12_loop6,12,ITN 0%/IRS 0%/Larvicide 0%,0;0.4;0.4_0;0;0_0;0;0_-100;2;5475_-100;2;5475_-100;2;5475,30.2383561643836,Incidence,9.90591207723375e-05
NbyGQVwzFc_loc12_loop6,12,ITN 0%/IRS 0%/Larvicide 0%,0;0.4;0.4_0;0;0_0;0;0_-100;2;5475_-100;2;5475_-100;2;5475,30.241095890411,Incidence,9.90372707748403e-05
NbyGQVwzFc_loc12_loop6,12,ITN 0%/IRS 0%/Larvicide 0%,0;0.4;0.4_0;0;0_0;0;0_-100;2;5475_-100;2;5475_-100;2;5475,30.2438356164384,Incidence,9.90154529610832e-05
NbyGQVwzFc_loc12_loop6,12,ITN 0%/IRS 0%/Larvicide 0%,0;0.4;0.4_0;0;0_0;0;0_-100;2;5475_-100;2;5475_-100;2;5475,30.2465753424658,Incidence,9.89936789803803e-05
NbyGQVwzFc_loc12_loop6,12,ITN 0%/IRS 0%/Larvicide 0%,0;0.4;0.4_0;0;0_0;0;0_-100;2;5475_-100;2;5475_-100;2;5475,30.2493150684932,Incidence,9.89719612078193e-05
NbyGQVwzFc_loc12_loop6,12,ITN 0%/IRS 0%/Larvicide 0%,0;0.4;0.4_0;0;0_0;0;0_-100;2;5475_-100;2;5475_-100;2;5475,30.2520547945205,Incidence,9.89503123552144e-05
NbyGQVwzFc_loc12_loop6,12,ITN 0%/IRS 0%/Larvicide 0%,0;0.4;0.4_0;0;0_0;0;0_-100;2;5475_-100;2;5475_-100;2;5475,30.2547945205479,Incidence,9.89287451734604e-05
NbyGQVwzFc_loc12_loop6,12,ITN 0%/IRS 0%/Larvicide 0%,0;0.4;0.4_0;0;0_0;0;0_-100;2;5475_-100;2;5475_-100;2;5475,30.2575342465753,Incidence,9.8907272228322e-05
NbyGQVwzFc_loc12_loop6,12,ITN 0%/IRS 0%/Larvicide 0%,0;0.4;0.4_0;0;0_0;0;0_-100;2;5475_-100;2;5475_-100;2;5475,30.2602739726027,Incidence,9.88859057350105e-05
NbyGQVwzFc_loc12_loop6,12,ITN 0%/IRS 0%/Larvicide 0%,0;0.4;0.4_0;0;0_0;0;0_-100;2;5475_-100;2;5475_-100;2;5475,30.2630136986301,Incidence,9.88646574396066e-05
NbyGQVwzFc_loc12_loop6,12,ITN 0%/IRS 0%/Larvicide 0%,0;0.4;0.4_0;0;0_0;0;0_-100;2;5475_-100;2;5475_-100;2;5475,30.2657534246575,Incidence,9.88435385376246e-05
NbyGQVwzFc_loc12_loop6,12,ITN 0%/IRS 0%/Larvicide 0%,0;0.4;0.4_0;0;0_0;0;0_-100;2;5475_-100;2;5475_-100;2;5475,30.2684931506849,Incidence,9.88225596257294e-05
NbyGQVwzFc_loc12_loop6,12,ITN 0%/IRS 0%/Larvicide 0%,0;0.4;0.4_0;0;0_0;0;0_-100;2;5475_-100;2;5475_-100;2;5475,30.2712328767123,Incidence,9.88017306596146e-05
NbyGQVwzFc_loc12_loop6,12,ITN 0%/IRS 0%/Larvicide 0%,0;0.4;0.4_0;0;0_0;0;0_-100;2;5475_-100;2;5475_-100;2;5475,30.2739726027397,Incidence,9.87810606725051e-05
NbyGQVwzFc_loc12_loop6,12,ITN 0%/IRS 0%/Larvicide 0%,0;0.4;0.4_0;0;0_0;0;0_-100;2;5475_-100;2;5475_-100;2;5475,30.2767123287671,Incidence,9.87605574927001e-05
NbyGQVwzFc_loc12_loop6,12,ITN 0%/IRS 0%/Larvicide 0%,0;0.4;0.4_0;0;0_0;0;0_-100;2;5475_-100;2;5475_-100;2;5475,30.2794520547945,Incidence,9.87402275951188e-05
NbyGQVwzFc_loc12_loop6,12,ITN 0%/IRS 0%/Larvicide 0%,0;0.4;0.4_0;0;0_0;0;0_-100;2;5475_-100;2;5475_-100;2;5475,30.2821917808219,Incidence,9.87200760644727e-05
NbyGQVwzFc_loc12_loop6,12,ITN 0%/IRS 0%/Larvicide 0%,0;0.4;0.4_0;0;0_0;0;0_-100;2;5475_-100;2;5475_-100;2;5475,30.2849315068493,Incidence,9.87001066361727e-05
NbyGQVwzFc_loc12_loop6,12,ITN 0%/IRS 0%/Larvicide 0%,0;0.4;0.4_0;0;0_0;0;0_-100;2;5475_-100;2;5475_-100;2;5475,30.2876712328767,Incidence,9.86803217870123e-05
NbyGQVwzFc_loc12_loop6,12,ITN 0%/IRS 0%/Larvicide 0%,0;0.4;0.4_0;0;0_0;0;0_-100;2;5475_-100;2;5475_-100;2;5475,30.2904109589041,Incidence,9.86607228552777e-05
NbyGQVwzFc_loc12_loop6,12,ITN 0%/IRS 0%/Larvicide 0%,0;0.4;0.4_0;0;0_0;0;0_-100;2;5475_-100;2;5475_-100;2;5475,30.2931506849315,Incidence,9.86413101757004e-05
NbyGQVwzFc_loc12_loop6,12,ITN 0%/IRS 0%/Larvicide 0%,0;0.4;0.4_0;0;0_0;0;0_-100;2;5475_-100;2;5475_-100;2;5475,30.2958904109589,Incidence,9.86220832190264e-05
NbyGQVwzFc_loc12_loop6,12,ITN 0%/IRS 0%/Larvicide 0%,0;0.4;0.4_0;0;0_0;0;0_-100;2;5475_-100;2;5475_-100;2;5475,30.2986301369863,Incidence,9.86030407292217e-05
NbyGQVwzFc_loc12_loop6,12,ITN 0%/IRS 0%/Larvicide 0%,0;0.4;0.4_0;0;0_0;0;0_-100;2;5475_-100;2;5475_-100;2;5475,30.3013698630137,Incidence,9.85841808537425e-05
NbyGQVwzFc_loc12_loop6,12,ITN 0%/IRS 0%/Larvicide 0%,0;0.4;0.4_0;0;0_0;0;0_-100;2;5475_-100;2;5475_-100;2;5475,30.3041095890411,Incidence,9.85655012640395e-05
NbyGQVwzFc_loc12_loop6,12,ITN 0%/IRS 0%/Larvicide 0%,0;0.4;0.4_0;0;0_0;0;0_-100;2;5475_-100;2;5475_-100;2;5475,30.3068493150685,Incidence,9.85469992643978e-05
NbyGQVwzFc_loc12_loop6,12,ITN 0%/IRS 0%/Larvicide 0%,0;0.4;0.4_0;0;0_0;0;0_-100;2;5475_-100;2;5475_-100;2;5475,30.3095890410959,Incidence,9.85286718879791e-05
NbyGQVwzFc_loc12_loop6,12,ITN 0%/IRS 0%/Larvicide 0%,0;0.4;0.4_0;0;0_0;0;0_-100;2;5475_-100;2;5475_-100;2;5475,30.3123287671233,Incidence,9.85105159932415e-05
NbyGQVwzFc_loc12_loop6,12,ITN 0%/IRS 0%/Larvicide 0%,0;0.4;0.4_0;0;0_0;0;0_-100;2;5475_-100;2;5475_-100;2;5475,30.3150684931507,Incidence,9.84925283404148e-05
NbyGQVwzFc_loc12_loop6,12,ITN 0%/IRS 0%/Larvicide 0%,0;0.4;0.4_0;0;0_0;0;0_-100;2;5475_-100;2;5475_-100;2;5475,30.3178082191781,Incidence,9.847470561782e-05
NbyGQVwzFc_loc12_loop6,12,ITN 0%/IRS 0%/Larvicide 0%,0;0.4;0.4_0;0;0_0;0;0_-100;2;5475_-100;2;5475_-100;2;5475,30.3205479452055,Incidence,9.84570445084585e-05
NbyGQVwzFc_loc12_loop6,12,ITN 0%/IRS 0%/Larvicide 0%,0;0.4;0.4_0;0;0_0;0;0_-100;2;5475_-100;2;5475_-100;2;5475,30.3232876712329,Incidence,9.84395417325052e-05
NbyGQVwzFc_loc12_loop6,12,ITN 0%/IRS 0%/Larvicide 0%,0;0.4;0.4_0;0;0_0;0;0_-100;2;5475_-100;2;5475_-100;2;5475,30.3260273972603,Incidence,9.84221940816783e-05
NbyGQVwzFc_loc12_loop6,12,ITN 0%/IRS 0%/Larvicide 0%,0;0.4;0.4_0;0;0_0;0;0_-100;2;5475_-100;2;5475_-100;2;5475,30.3287671232877,Incidence,9.84049984467989e-05
NbyGQVwzFc_loc12_loop6,12,ITN 0%/IRS 0%/Larvicide 0%,0;0.4;0.4_0;0;0_0;0;0_-100;2;5475_-100;2;5475_-100;2;5475,30.3315068493151,Incidence,9.83879518393902e-05
NbyGQVwzFc_loc12_loop6,12,ITN 0%/IRS 0%/Larvicide 0%,0;0.4;0.4_0;0;0_0;0;0_-100;2;5475_-100;2;5475_-100;2;5475,30.3342465753425,Incidence,9.83710514080715e-05
NbyGQVwzFc_loc12_loop6,12,ITN 0%/IRS 0%/Larvicide 0%,0;0.4;0.4_0;0;0_0;0;0_-100;2;5475_-100;2;5475_-100;2;5475,30.3369863013699,Incidence,9.83542944504576e-05
NbyGQVwzFc_loc12_loop6,12,ITN 0%/IRS 0%/Larvicide 0%,0;0.4;0.4_0;0;0_0;0;0_-100;2;5475_-100;2;5475_-100;2;5475,30.3397260273973,Incidence,9.83376784212117e-05
NbyGQVwzFc_loc12_loop6,12,ITN 0%/IRS 0%/Larvicide 0%,0;0.4;0.4_0;0;0_0;0;0_-100;2;5475_-100;2;5475_-100;2;5475,30.3424657534247,Incidence,9.83212009368571e-05
NbyGQVwzFc_loc12_loop6,12,ITN 0%/IRS 0%/Larvicide 0%,0;0.4;0.4_0;0;0_0;0;0_-100;2;5475_-100;2;5475_-100;2;5475,30.3452054794521,Incidence,9.83048597778764e-05
NbyGQVwzFc_loc12_loop6,12,ITN 0%/IRS 0%/Larvicide 0%,0;0.4;0.4_0;0;0_0;0;0_-100;2;5475_-100;2;5475_-100;2;5475,30.3479452054795,Incidence,9.82886528885806e-05
NbyGQVwzFc_loc12_loop6,12,ITN 0%/IRS 0%/Larvicide 0%,0;0.4;0.4_0;0;0_0;0;0_-100;2;5475_-100;2;5475_-100;2;5475,30.3506849315069,Incidence,9.82725783751634e-05
NbyGQVwzFc_loc12_loop6,12,ITN 0%/IRS 0%/Larvicide 0%,0;0.4;0.4_0;0;0_0;0;0_-100;2;5475_-100;2;5475_-100;2;5475,30.3534246575343,Incidence,9.8256634502306e-05
NbyGQVwzFc_loc12_loop6,12,ITN 0%/IRS 0%/Larvicide 0%,0;0.4;0.4_0;0;0_0;0;0_-100;2;5475_-100;2;5475_-100;2;5475,30.3561643835617,Incidence,9.82408197046827e-05
NbyGQVwzFc_loc12_loop6,12,ITN 0%/IRS 0%/Larvicide 0%,0;0.4;0.4_0;0;0_0;0;0_-100;2;5475_-100;2;5475_-100;2;5475,30.358904109589,Incidence,9.82251325764398e-05
NbyGQVwzFc_loc12_loop6,12,ITN 0%/IRS 0%/Larvicide 0%,0;0.4;0.4_0;0;0_0;0;0_-100;2;5475_-100;2;5475_-100;2;5475,30.3616438356164,Incidence,9.82095718393005e-05
NbyGQVwzFc_loc12_loop6,12,ITN 0%/IRS 0%/Larvicide 0%,0;0.4;0.4_0;0;0_0;0;0_-100;2;5475_-100;2;5475_-100;2;5475,30.3643835616438,Incidence,9.81941363504759e-05
NbyGQVwzFc_loc12_loop6,12,ITN 0%/IRS 0%/Larvicide 0%,0;0.4;0.4_0;0;0_0;0;0_-100;2;5475_-100;2;5475_-100;2;5475,30.3671232876712,Incidence,9.81788250955903e-05
NbyGQVwzFc_loc12_loop6,12,ITN 0%/IRS 0%/Larvicide 0%,0;0.4;0.4_0;0;0_0;0;0_-100;2;5475_-100;2;5475_-100;2;5475,30.3698630136986,Incidence,9.81636371810738e-05
NbyGQVwzFc_loc12_loop6,12,ITN 0%/IRS 0%/Larvicide 0%,0;0.4;0.4_0;0;0_0;0;0_-100;2;5475_-100;2;5475_-100;2;5475,30.372602739726,Incidence,9.81485718261528e-05
NbyGQVwzFc_loc12_loop6,12,ITN 0%/IRS 0%/Larvicide 0%,0;0.4;0.4_0;0;0_0;0;0_-100;2;5475_-100;2;5475_-100;2;5475,30.3753424657534,Incidence,9.81336283545773e-05
NbyGQVwzFc_loc12_loop6,12,ITN 0%/IRS 0%/Larvicide 0%,0;0.4;0.4_0;0;0_0;0;0_-100;2;5475_-100;2;5475_-100;2;5475,30.3780821917808,Incidence,9.81188061862347e-05
NbyGQVwzFc_loc12_loop6,12,ITN 0%/IRS 0%/Larvicide 0%,0;0.4;0.4_0;0;0_0;0;0_-100;2;5475_-100;2;5475_-100;2;5475,30.3808219178082,Incidence,9.81041048287908e-05
NbyGQVwzFc_loc12_loop6,12,ITN 0%/IRS 0%/Larvicide 0%,0;0.4;0.4_0;0;0_0;0;0_-100;2;5475_-100;2;5475_-100;2;5475,30.3835616438356,Incidence,9.80895238694869e-05
NbyGQVwzFc_loc12_loop6,12,ITN 0%/IRS 0%/Larvicide 0%,0;0.4;0.4_0;0;0_0;0;0_-100;2;5475_-100;2;5475_-100;2;5475,30.386301369863,Incidence,9.80750629671983e-05
NbyGQVwzFc_loc12_loop6,12,ITN 0%/IRS 0%/Larvicide 0%,0;0.4;0.4_0;0;0_0;0;0_-100;2;5475_-100;2;5475_-100;2;5475,30.3890410958904,Incidence,9.80607218448439e-05
NbyGQVwzFc_loc12_loop6,12,ITN 0%/IRS 0%/Larvicide 0%,0;0.4;0.4_0;0;0_0;0;0_-100;2;5475_-100;2;5475_-100;2;5475,30.3917808219178,Incidence,9.80465002822063e-05
NbyGQVwzFc_loc12_loop6,12,ITN 0%/IRS 0%/Larvicide 0%,0;0.4;0.4_0;0;0_0;0;0_-100;2;5475_-100;2;5475_-100;2;5475,30.3945205479452,Incidence,9.80323981092137e-05
NbyGQVwzFc_loc12_loop6,12,ITN 0%/IRS 0%/Larvicide 0%,0;0.4;0.4_0;0;0_0;0;0_-100;2;5475_-100;2;5475_-100;2;5475,30.3972602739726,Incidence,9.80184151997074e-05
NbyGQVwzFc_loc12_loop6,12,ITN 0%/IRS 0%/Larvicide 0%,0;0.4;0.4_0;0;0_0;0;0_-100;2;5475_-100;2;5475_-100;2;5475,30.4,Incidence,9.80045514760332e-05
NbyGQVwzFc_loc12_loop6,12,ITN 0%/IRS 0%/Larvicide 0%,0;0.4;0.4_0;0;0_0;0;0_-100;2;5475_-100;2;5475_-100;2;5475,30.4027397260274,Incidence,9.79908069107666e-05
NbyGQVwzFc_loc12_loop6,12,ITN 0%/IRS 0%/Larvicide 0%,0;0.4;0.4_0;0;0_0;0;0_-100;2;5475_-100;2;5475_-100;2;5475,30.4054794520548,Incidence,9.79771814878692e-05
NbyGQVwzFc_loc12_loop6,12,ITN 0%/IRS 0%/Larvicide 0%,0;0.4;0.4_0;0;0_0;0;0_-100;2;5475_-100;2;5475_-100;2;5475,30.4082191780822,Incidence,9.79636752141858e-05
NbyGQVwzFc_loc12_loop6,12,ITN 0%/IRS 0%/Larvicide 0%,0;0.4;0.4_0;0;0_0;0;0_-100;2;5475_-100;2;5475_-100;2;5475,30.4109589041096,Incidence,9.79502881162848e-05
NbyGQVwzFc_loc12_loop6,12,ITN 0%/IRS 0%/Larvicide 0%,0;0.4;0.4_0;0;0_0;0;0_-100;2;5475_-100;2;5475_-100;2;5475,30.413698630137,Incidence,9.79370202370691e-05
NbyGQVwzFc_loc12_loop6,12,ITN 0%/IRS 0%/Larvicide 0%,0;0.4;0.4_0;0;0_0;0;0_-100;2;5475_-100;2;5475_-100;2;5475,30.4164383561644,Incidence,9.79238716327808e-05
NbyGQVwzFc_loc12_loop6,12,ITN 0%/IRS 0%/Larvicide 0%,0;0.4;0.4_0;0;0_0;0;0_-100;2;5475_-100;2;5475_-100;2;5475,30.4191780821918,Incidence,9.79108423703721e-05
NbyGQVwzFc_loc12_loop6,12,ITN 0%/IRS 0%/Larvicide 0%,0;0.4;0.4_0;0;0_0;0;0_-100;2;5475_-100;2;5475_-100;2;5475,30.4219178082192,Incidence,9.7897932525217e-05
NbyGQVwzFc_loc12_loop6,12,ITN 0%/IRS 0%/Larvicide 0%,0;0.4;0.4_0;0;0_0;0;0_-100;2;5475_-100;2;5475_-100;2;5475,30.4246575342466,Incidence,9.78851421791237e-05
NbyGQVwzFc_loc12_loop6,12,ITN 0%/IRS 0%/Larvicide 0%,0;0.4;0.4_0;0;0_0;0;0_-100;2;5475_-100;2;5475_-100;2;5475,30.427397260274,Incidence,9.78724714186293e-05
NbyGQVwzFc_loc12_loop6,12,ITN 0%/IRS 0%/Larvicide 0%,0;0.4;0.4_0;0;0_0;0;0_-100;2;5475_-100;2;5475_-100;2;5475,30.4301369863014,Incidence,9.78599203335423e-05
NbyGQVwzFc_loc12_loop6,12,ITN 0%/IRS 0%/Larvicide 0%,0;0.4;0.4_0;0;0_0;0;0_-100;2;5475_-100;2;5475_-100;2;5475,30.4328767123288,Incidence,9.784748901571e-05
NbyGQVwzFc_loc12_loop6,12,ITN 0%/IRS 0%/Larvicide 0%,0;0.4;0.4_0;0;0_0;0;0_-100;2;5475_-100;2;5475_-100;2;5475,30.4356164383562,Incidence,9.78351775579842e-05
NbyGQVwzFc_loc12_loop6,12,ITN 0%/IRS 0%/Larvicide 0%,0;0.4;0.4_0;0;0_0;0;0_-100;2;5475_-100;2;5475_-100;2;5475,30.4383561643836,Incidence,9.78229860533648e-05
NbyGQVwzFc_loc12_loop6,12,ITN 0%/IRS 0%/Larvicide 0%,0;0.4;0.4_0;0;0_0;0;0_-100;2;5475_-100;2;5475_-100;2;5475,30.441095890411,Incidence,9.78109145942972e-05
NbyGQVwzFc_loc12_loop6,12,ITN 0%/IRS 0%/Larvicide 0%,0;0.4;0.4_0;0;0_0;0;0_-100;2;5475_-100;2;5475_-100;2;5475,30.4438356164384,Incidence,9.77989632738881e-05
NbyGQVwzFc_loc12_loop6,12,ITN 0%/IRS 0%/Larvicide 0%,0;0.4;0.4_0;0;0_0;0;0_-100;2;5475_-100;2;5475_-100;2;5475,30.4465753424658,Incidence,9.7787132206552e-05
NbyGQVwzFc_loc12_loop6,12,ITN 0%/IRS 0%/Larvicide 0%,0;0.4;0.4_0;0;0_0;0;0_-100;2;5475_-100;2;5475_-100;2;5475,30.4493150684932,Incidence,9.77754214946031e-05
NbyGQVwzFc_loc12_loop6,12,ITN 0%/IRS 0%/Larvicide 0%,0;0.4;0.4_0;0;0_0;0;0_-100;2;5475_-100;2;5475_-100;2;5475,30.4520547945206,Incidence,9.7763831231885e-05
NbyGQVwzFc_loc12_loop6,12,ITN 0%/IRS 0%/Larvicide 0%,0;0.4;0.4_0;0;0_0;0;0_-100;2;5475_-100;2;5475_-100;2;5475,30.454794520548,Incidence,9.77523615095267e-05
NbyGQVwzFc_loc12_loop6,12,ITN 0%/IRS 0%/Larvicide 0%,0;0.4;0.4_0;0;0_0;0;0_-100;2;5475_-100;2;5475_-100;2;5475,30.4575342465753,Incidence,9.7741012415831e-05
NbyGQVwzFc_loc12_loop6,12,ITN 0%/IRS 0%/Larvicide 0%,0;0.4;0.4_0;0;0_0;0;0_-100;2;5475_-100;2;5475_-100;2;5475,30.4602739726027,Incidence,9.77297840362141e-05
NbyGQVwzFc_loc12_loop6,12,ITN 0%/IRS 0%/Larvicide 0%,0;0.4;0.4_0;0;0_0;0;0_-100;2;5475_-100;2;5475_-100;2;5475,30.4630136986301,Incidence,9.77186764531915e-05
NbyGQVwzFc_loc12_loop6,12,ITN 0%/IRS 0%/Larvicide 0%,0;0.4;0.4_0;0;0_0;0;0_-100;2;5475_-100;2;5475_-100;2;5475,30.4657534246575,Incidence,9.77076897463982e-05
NbyGQVwzFc_loc12_loop6,12,ITN 0%/IRS 0%/Larvicide 0%,0;0.4;0.4_0;0;0_0;0;0_-100;2;5475_-100;2;5475_-100;2;5475,30.4684931506849,Incidence,9.76968239926386e-05
NbyGQVwzFc_loc12_loop6,12,ITN 0%/IRS 0%/Larvicide 0%,0;0.4;0.4_0;0;0_0;0;0_-100;2;5475_-100;2;5475_-100;2;5475,30.4712328767123,Incidence,9.76860792659603e-05
NbyGQVwzFc_loc12_loop6,12,ITN 0%/IRS 0%/Larvicide 0%,0;0.4;0.4_0;0;0_0;0;0_-100;2;5475_-100;2;5475_-100;2;5475,30.4739726027397,Incidence,9.76754556377398e-05
NbyGQVwzFc_loc12_loop6,12,ITN 0%/IRS 0%/Larvicide 0%,0;0.4;0.4_0;0;0_0;0;0_-100;2;5475_-100;2;5475_-100;2;5475,30.4767123287671,Incidence,9.76649531767845e-05
NbyGQVwzFc_loc12_loop6,12,ITN 0%/IRS 0%/Larvicide 0%,0;0.4;0.4_0;0;0_0;0;0_-100;2;5475_-100;2;5475_-100;2;5475,30.4794520547945,Incidence,9.76545719494385e-05
NbyGQVwzFc_loc12_loop6,12,ITN 0%/IRS 0%/Larvicide 0%,0;0.4;0.4_0;0;0_0;0;0_-100;2;5475_-100;2;5475_-100;2;5475,30.4821917808219,Incidence,9.76443120196929e-05
NbyGQVwzFc_loc12_loop6,12,ITN 0%/IRS 0%/Larvicide 0%,0;0.4;0.4_0;0;0_0;0;0_-100;2;5475_-100;2;5475_-100;2;5475,30.4849315068493,Incidence,9.76341734492987e-05
NbyGQVwzFc_loc12_loop6,12,ITN 0%/IRS 0%/Larvicide 0%,0;0.4;0.4_0;0;0_0;0;0_-100;2;5475_-100;2;5475_-100;2;5475,30.4876712328767,Incidence,9.76241562978758e-05
NbyGQVwzFc_loc12_loop6,12,ITN 0%/IRS 0%/Larvicide 0%,0;0.4;0.4_0;0;0_0;0;0_-100;2;5475_-100;2;5475_-100;2;5475,30.4904109589041,Incidence,9.76142606284139e-05
NbyGQVwzFc_loc12_loop6,12,ITN 0%/IRS 0%/Larvicide 0%,0;0.4;0.4_0;0;0_0;0;0_-100;2;5475_-100;2;5475_-100;2;5475,30.4931506849315,Incidence,9.76044865216494e-05
NbyGQVwzFc_loc12_loop6,12,ITN 0%/IRS 0%/Larvicide 0%,0;0.4;0.4_0;0;0_0;0;0_-100;2;5475_-100;2;5475_-100;2;5475,30.4958904109589,Incidence,9.75948340404192e-05
NbyGQVwzFc_loc12_loop6,12,ITN 0%/IRS 0%/Larvicide 0%,0;0.4;0.4_0;0;0_0;0;0_-100;2;5475_-100;2;5475_-100;2;5475,30.4986301369863,Incidence,9.75853032433064e-05
NbyGQVwzFc_loc12_loop6,12,ITN 0%/IRS 0%/Larvicide 0%,0;0.4;0.4_0;0;0_0;0;0_-100;2;5475_-100;2;5475_-100;2;5475,30.5013698630137,Incidence,9.75758941869119e-05
NbyGQVwzFc_loc12_loop6,12,ITN 0%/IRS 0%/Larvicide 0%,0;0.4;0.4_0;0;0_0;0;0_-100;2;5475_-100;2;5475_-100;2;5475,30.5041095890411,Incidence,9.75666069259343e-05
NbyGQVwzFc_loc12_loop6,12,ITN 0%/IRS 0%/Larvicide 0%,0;0.4;0.4_0;0;0_0;0;0_-100;2;5475_-100;2;5475_-100;2;5475,30.5068493150685,Incidence,9.75574415132466e-05
NbyGQVwzFc_loc12_loop6,12,ITN 0%/IRS 0%/Larvicide 0%,0;0.4;0.4_0;0;0_0;0;0_-100;2;5475_-100;2;5475_-100;2;5475,30.5095890410959,Incidence,9.75483979999615e-05
NbyGQVwzFc_loc12_loop6,12,ITN 0%/IRS 0%/Larvicide 0%,0;0.4;0.4_0;0;0_0;0;0_-100;2;5475_-100;2;5475_-100;2;5475,30.5123287671233,Incidence,9.75394764354959e-05
NbyGQVwzFc_loc12_loop6,12,ITN 0%/IRS 0%/Larvicide 0%,0;0.4;0.4_0;0;0_0;0;0_-100;2;5475_-100;2;5475_-100;2;5475,30.5150684931507,Incidence,9.75306768676265e-05
NbyGQVwzFc_loc12_loop6,12,ITN 0%/IRS 0%/Larvicide 0%,0;0.4;0.4_0;0;0_0;0;0_-100;2;5475_-100;2;5475_-100;2;5475,30.5178082191781,Incidence,9.75219993425406e-05
NbyGQVwzFc_loc12_loop6,12,ITN 0%/IRS 0%/Larvicide 0%,0;0.4;0.4_0;0;0_0;0;0_-100;2;5475_-100;2;5475_-100;2;5475,30.5205479452055,Incidence,9.75134439048838e-05
NbyGQVwzFc_loc12_loop6,12,ITN 0%/IRS 0%/Larvicide 0%,0;0.4;0.4_0;0;0_0;0;0_-100;2;5475_-100;2;5475_-100;2;5475,30.5232876712329,Incidence,9.75050105978001e-05
NbyGQVwzFc_loc12_loop6,12,ITN 0%/IRS 0%/Larvicide 0%,0;0.4;0.4_0;0;0_0;0;0_-100;2;5475_-100;2;5475_-100;2;5475,30.5260273972603,Incidence,9.74966994629712e-05
NbyGQVwzFc_loc12_loop6,12,ITN 0%/IRS 0%/Larvicide 0%,0;0.4;0.4_0;0;0_0;0;0_-100;2;5475_-100;2;5475_-100;2;5475,30.5287671232877,Incidence,9.74885105406504e-05
NbyGQVwzFc_loc12_loop6,12,ITN 0%/IRS 0%/Larvicide 0%,0;0.4;0.4_0;0;0_0;0;0_-100;2;5475_-100;2;5475_-100;2;5475,30.5315068493151,Incidence,9.74804438696935e-05
NbyGQVwzFc_loc12_loop6,12,ITN 0%/IRS 0%/Larvicide 0%,0;0.4;0.4_0;0;0_0;0;0_-100;2;5475_-100;2;5475_-100;2;5475,30.5342465753425,Incidence,9.74724994875883e-05
NbyGQVwzFc_loc12_loop6,12,ITN 0%/IRS 0%/Larvicide 0%,0;0.4;0.4_0;0;0_0;0;0_-100;2;5475_-100;2;5475_-100;2;5475,30.5369863013699,Incidence,9.74646774348441e-05
NbyGQVwzFc_loc12_loop6,12,ITN 0%/IRS 0%/Larvicide 0%,0;0.4;0.4_0;0;0_0;0;0_-100;2;5475_-100;2;5475_-100;2;5475,30.5397260273973,Incidence,9.74569777697277e-05
NbyGQVwzFc_loc12_loop6,12,ITN 0%/IRS 0%/Larvicide 0%,0;0.4;0.4_0;0;0_0;0;0_-100;2;5475_-100;2;5475_-100;2;5475,30.5424657534247,Incidence,9.74494005337247e-05
NbyGQVwzFc_loc12_loop6,12,ITN 0%/IRS 0%/Larvicide 0%,0;0.4;0.4_0;0;0_0;0;0_-100;2;5475_-100;2;5475_-100;2;5475,30.5452054794521,Incidence,9.74419457640993e-05
NbyGQVwzFc_loc12_loop6,12,ITN 0%/IRS 0%/Larvicide 0%,0;0.4;0.4_0;0;0_0;0;0_-100;2;5475_-100;2;5475_-100;2;5475,30.5479452054795,Incidence,9.74346134965575e-05
NbyGQVwzFc_loc12_loop6,12,ITN 0%/IRS 0%/Larvicide 0%,0;0.4;0.4_0;0;0_0;0;0_-100;2;5475_-100;2;5475_-100;2;5475,30.5506849315069,Incidence,9.74274037652682e-05
NbyGQVwzFc_loc12_loop6,12,ITN 0%/IRS 0%/Larvicide 0%,0;0.4;0.4_0;0;0_0;0;0_-100;2;5475_-100;2;5475_-100;2;5475,30.5534246575342,Incidence,9.74203166028869e-05
NbyGQVwzFc_loc12_loop6,12,ITN 0%/IRS 0%/Larvicide 0%,0;0.4;0.4_0;0;0_0;0;0_-100;2;5475_-100;2;5475_-100;2;5475,30.5561643835616,Incidence,9.74133520405769e-05
NbyGQVwzFc_loc12_loop6,12,ITN 0%/IRS 0%/Larvicide 0%,0;0.4;0.4_0;0;0_0;0;0_-100;2;5475_-100;2;5475_-100;2;5475,30.558904109589,Incidence,9.740651010803e-05
NbyGQVwzFc_loc12_loop6,12,ITN 0%/IRS 0%/Larvicide 0%,0;0.4;0.4_0;0;0_0;0;0_-100;2;5475_-100;2;5475_-100;2;5475,30.5616438356164,Incidence,9.73997908334896e-05
NbyGQVwzFc_loc12_loop6,12,ITN 0%/IRS 0%/Larvicide 0%,0;0.4;0.4_0;0;0_0;0;0_-100;2;5475_-100;2;5475_-100;2;5475,30.5643835616438,Incidence,9.73931942437713e-05
NbyGQVwzFc_loc12_loop6,12,ITN 0%/IRS 0%/Larvicide 0%,0;0.4;0.4_0;0;0_0;0;0_-100;2;5475_-100;2;5475_-100;2;5475,30.5671232876712,Incidence,9.7386720364285e-05
NbyGQVwzFc_loc12_loop6,12,ITN 0%/IRS 0%/Larvicide 0%,0;0.4;0.4_0;0;0_0;0;0_-100;2;5475_-100;2;5475_-100;2;5475,30.5698630136986,Incidence,9.73803692190575e-05
NbyGQVwzFc_loc12_loop6,12,ITN 0%/IRS 0%/Larvicide 0%,0;0.4;0.4_0;0;0_0;0;0_-100;2;5475_-100;2;5475_-100;2;5475,30.572602739726,Incidence,9.7374140830754e-05
NbyGQVwzFc_loc12_loop6,12,ITN 0%/IRS 0%/Larvicide 0%,0;0.4;0.4_0;0;0_0;0;0_-100;2;5475_-100;2;5475_-100;2;5475,30.5753424657534,Incidence,9.73680352207008e-05
NbyGQVwzFc_loc12_loop6,12,ITN 0%/IRS 0%/Larvicide 0%,0;0.4;0.4_0;0;0_0;0;0_-100;2;5475_-100;2;5475_-100;2;5475,30.5780821917808,Incidence,9.73620524089093e-05
NbyGQVwzFc_loc12_loop6,12,ITN 0%/IRS 0%/Larvicide 0%,0;0.4;0.4_0;0;0_0;0;0_-100;2;5475_-100;2;5475_-100;2;5475,30.5808219178082,Incidence,9.73561924140976e-05
NbyGQVwzFc_loc12_loop6,12,ITN 0%/IRS 0%/Larvicide 0%,0;0.4;0.4_0;0;0_0;0;0_-100;2;5475_-100;2;5475_-100;2;5475,30.5835616438356,Incidence,9.73504552541866e-05
NbyGQVwzFc_loc12_loop6,12,ITN 0%/IRS 0%/Larvicide 0%,0;0.4;0.4_0;0;0_0;0;0_-100;2;5475_-100;2;5475_-100;2;5475,30.586301369863,Incidence,9.73448409637196e-05
NbyGQVwzFc_loc12_loop6,12,ITN 0%/IRS 0%/Larvicide 0%,0;0.4;0.4_0;0;0_0;0;0_-100;2;5475_-100;2;5475_-100;2;5475,30.5890410958904,Incidence,9.73393495700164e-05
NbyGQVwzFc_loc12_loop6,12,ITN 0%/IRS 0%/Larvicide 0%,0;0.4;0.4_0;0;0_0;0;0_-100;2;5475_-100;2;5475_-100;2;5475,30.5917808219178,Incidence,9.73339810906255e-05
NbyGQVwzFc_loc12_loop6,12,ITN 0%/IRS 0%/Larvicide 0%,0;0.4;0.4_0;0;0_0;0;0_-100;2;5475_-100;2;5475_-100;2;5475,30.5945205479452,Incidence,9.7328735541644e-05
NbyGQVwzFc_loc12_loop6,12,ITN 0%/IRS 0%/Larvicide 0%,0;0.4;0.4_0;0;0_0;0;0_-100;2;5475_-100;2;5475_-100;2;5475,30.5972602739726,Incidence,9.73236129377445e-05
NbyGQVwzFc_loc12_loop6,12,ITN 0%/IRS 0%/Larvicide 0%,0;0.4;0.4_0;0;0_0;0;0_-100;2;5475_-100;2;5475_-100;2;5475,30.6,Incidence,9.73186132922046e-05
NbyGQVwzFc_loc12_loop6,12,ITN 0%/IRS 0%/Larvicide 0%,0;0.4;0.4_0;0;0_0;0;0_-100;2;5475_-100;2;5475_-100;2;5475,30.6027397260274,Incidence,9.73137366169341e-05
NbyGQVwzFc_loc12_loop6,12,ITN 0%/IRS 0%/Larvicide 0%,0;0.4;0.4_0;0;0_0;0;0_-100;2;5475_-100;2;5475_-100;2;5475,30.6054794520548,Incidence,9.73089829225032e-05
NbyGQVwzFc_loc12_loop6,12,ITN 0%/IRS 0%/Larvicide 0%,0;0.4;0.4_0;0;0_0;0;0_-100;2;5475_-100;2;5475_-100;2;5475,30.6082191780822,Incidence,9.73043522181702e-05
NbyGQVwzFc_loc12_loop6,12,ITN 0%/IRS 0%/Larvicide 0%,0;0.4;0.4_0;0;0_0;0;0_-100;2;5475_-100;2;5475_-100;2;5475,30.6109589041096,Incidence,9.72998445119114e-05
NbyGQVwzFc_loc12_loop6,12,ITN 0%/IRS 0%/Larvicide 0%,0;0.4;0.4_0;0;0_0;0;0_-100;2;5475_-100;2;5475_-100;2;5475,30.613698630137,Incidence,9.72954598104486e-05
NbyGQVwzFc_loc12_loop6,12,ITN 0%/IRS 0%/Larvicide 0%,0;0.4;0.4_0;0;0_0;0;0_-100;2;5475_-100;2;5475_-100;2;5475,30.6164383561644,Incidence,9.72911981192774e-05
NbyGQVwzFc_loc12_loop6,12,ITN 0%/IRS 0%/Larvicide 0%,0;0.4;0.4_0;0;0_0;0;0_-100;2;5475_-100;2;5475_-100;2;5475,30.6191780821918,Incidence,9.72870594426957e-05
NbyGQVwzFc_loc12_loop6,12,ITN 0%/IRS 0%/Larvicide 0%,0;0.4;0.4_0;0;0_0;0;0_-100;2;5475_-100;2;5475_-100;2;5475,30.6219178082192,Incidence,9.72830437838328e-05
NbyGQVwzFc_loc12_loop6,12,ITN 0%/IRS 0%/Larvicide 0%,0;0.4;0.4_0;0;0_0;0;0_-100;2;5475_-100;2;5475_-100;2;5475,30.6246575342466,Incidence,9.72791511446756e-05
NbyGQVwzFc_loc12_loop6,12,ITN 0%/IRS 0%/Larvicide 0%,0;0.4;0.4_0;0;0_0;0;0_-100;2;5475_-100;2;5475_-100;2;5475,30.627397260274,Incidence,9.7275381526099e-05
NbyGQVwzFc_loc12_loop6,12,ITN 0%/IRS 0%/Larvicide 0%,0;0.4;0.4_0;0;0_0;0;0_-100;2;5475_-100;2;5475_-100;2;5475,30.6301369863014,Incidence,9.72717349278919e-05
NbyGQVwzFc_loc12_loop6,12,ITN 0%/IRS 0%/Larvicide 0%,0;0.4;0.4_0;0;0_0;0;0_-100;2;5475_-100;2;5475_-100;2;5475,30.6328767123288,Incidence,9.7268211351871e-05
NbyGQVwzFc_loc12_loop6,12,ITN 0%/IRS 0%/Larvicide 0%,0;0.4;0.4_0;0;0_0;0;0_-100;2;5475_-100;2;5475_-100;2;5475,30.6356164383562,Incidence,9.7264810816082e-05
NbyGQVwzFc_loc12_loop6,12,ITN 0%/IRS 0%/Larvicide 0%,0;0.4;0.4_0;0;0_0;0;0_-100;2;5475_-100;2;5475_-100;2;5475,30.6383561643836,Incidence,9.72615333231506e-05
NbyGQVwzFc_loc12_loop6,12,ITN 0%/IRS 0%/Larvicide 0%,0;0.4;0.4_0;0;0_0;0;0_-100;2;5475_-100;2;5475_-100;2;5475,30.641095890411,Incidence,9.725837887125e-05
NbyGQVwzFc_loc12_loop6,12,ITN 0%/IRS 0%/Larvicide 0%,0;0.4;0.4_0;0;0_0;0;0_-100;2;5475_-100;2;5475_-100;2;5475,30.6438356164384,Incidence,9.72553474573506e-05
NbyGQVwzFc_loc12_loop6,12,ITN 0%/IRS 0%/Larvicide 0%,0;0.4;0.4_0;0;0_0;0;0_-100;2;5475_-100;2;5475_-100;2;5475,30.6465753424658,Incidence,9.72524390772487e-05
NbyGQVwzFc_loc12_loop6,12,ITN 0%/IRS 0%/Larvicide 0%,0;0.4;0.4_0;0;0_0;0;0_-100;2;5475_-100;2;5475_-100;2;5475,30.6493150684932,Incidence,9.72496537255952e-05
NbyGQVwzFc_loc12_loop6,12,ITN 0%/IRS 0%/Larvicide 0%,0;0.4;0.4_0;0;0_0;0;0_-100;2;5475_-100;2;5475_-100;2;5475,30.6520547945206,Incidence,9.72469913959248e-05
NbyGQVwzFc_loc12_loop6,12,ITN 0%/IRS 0%/Larvicide 0%,0;0.4;0.4_0;0;0_0;0;0_-100;2;5475_-100;2;5475_-100;2;5475,30.654794520548,Incidence,9.72444520806835e-05
NbyGQVwzFc_loc12_loop6,12,ITN 0%/IRS 0%/Larvicide 0%,0;0.4;0.4_0;0;0_0;0;0_-100;2;5475_-100;2;5475_-100;2;5475,30.6575342465753,Incidence,9.7242035771256e-05
NbyGQVwzFc_loc12_loop6,12,ITN 0%/IRS 0%/Larvicide 0%,0;0.4;0.4_0;0;0_0;0;0_-100;2;5475_-100;2;5475_-100;2;5475,30.6602739726027,Incidence,9.72397424579937e-05
NbyGQVwzFc_loc12_loop6,12,ITN 0%/IRS 0%/Larvicide 0%,0;0.4;0.4_0;0;0_0;0;0_-100;2;5475_-100;2;5475_-100;2;5475,30.6630136986301,Incidence,9.72375721302421e-05
NbyGQVwzFc_loc12_loop6,12,ITN 0%/IRS 0%/Larvicide 0%,0;0.4;0.4_0;0;0_0;0;0_-100;2;5475_-100;2;5475_-100;2;5475,30.6657534246575,Incidence,9.72355247763671e-05
NbyGQVwzFc_loc12_loop6,12,ITN 0%/IRS 0%/Larvicide 0%,0;0.4;0.4_0;0;0_0;0;0_-100;2;5475_-100;2;5475_-100;2;5475,30.6684931506849,Incidence,9.72336003837817e-05
NbyGQVwzFc_loc12_loop6,12,ITN 0%/IRS 0%/Larvicide 0%,0;0.4;0.4_0;0;0_0;0;0_-100;2;5475_-100;2;5475_-100;2;5475,30.6712328767123,Incidence,9.72317989389724e-05
NbyGQVwzFc_loc12_loop6,12,ITN 0%/IRS 0%/Larvicide 0%,0;0.4;0.4_0;0;0_0;0;0_-100;2;5475_-100;2;5475_-100;2;5475,30.6739726027397,Incidence,9.72301204275254e-05
NbyGQVwzFc_loc12_loop6,12,ITN 0%/IRS 0%/Larvicide 0%,0;0.4;0.4_0;0;0_0;0;0_-100;2;5475_-100;2;5475_-100;2;5475,30.6767123287671,Incidence,9.72285648341505e-05
NbyGQVwzFc_loc12_loop6,12,ITN 0%/IRS 0%/Larvicide 0%,0;0.4;0.4_0;0;0_0;0;0_-100;2;5475_-100;2;5475_-100;2;5475,30.6794520547945,Incidence,9.72271321427077e-05
NbyGQVwzFc_loc12_loop6,12,ITN 0%/IRS 0%/Larvicide 0%,0;0.4;0.4_0;0;0_0;0;0_-100;2;5475_-100;2;5475_-100;2;5475,30.6821917808219,Incidence,9.72258223386374e-05
NbyGQVwzFc_loc12_loop6,12,ITN 0%/IRS 0%/Larvicide 0%,0;0.4;0.4_0;0;0_0;0;0_-100;2;5475_-100;2;5475_-100;2;5475,30.6849315068493,Incidence,9.72246354229988e-05
NbyGQVwzFc_loc12_loop6,12,ITN 0%/IRS 0%/Larvicide 0%,0;0.4;0.4_0;0;0_0;0;0_-100;2;5475_-100;2;5475_-100;2;5475,30.6876712328767,Incidence,9.72235713825196e-05
NbyGQVwzFc_loc12_loop6,12,ITN 0%/IRS 0%/Larvicide 0%,0;0.4;0.4_0;0;0_0;0;0_-100;2;5475_-100;2;5475_-100;2;5475,30.6904109589041,Incidence,9.72226301992612e-05
NbyGQVwzFc_loc12_loop6,12,ITN 0%/IRS 0%/Larvicide 0%,0;0.4;0.4_0;0;0_0;0;0_-100;2;5475_-100;2;5475_-100;2;5475,30.6931506849315,Incidence,9.72218118543267e-05
NbyGQVwzFc_loc12_loop6,12,ITN 0%/IRS 0%/Larvicide 0%,0;0.4;0.4_0;0;0_0;0;0_-100;2;5475_-100;2;5475_-100;2;5475,30.6958904109589,Incidence,9.72211163278858e-05
NbyGQVwzFc_loc12_loop6,12,ITN 0%/IRS 0%/Larvicide 0%,0;0.4;0.4_0;0;0_0;0;0_-100;2;5475_-100;2;5475_-100;2;5475,30.6986301369863,Incidence,9.72205435992001e-05
NbyGQVwzFc_loc12_loop6,12,ITN 0%/IRS 0%/Larvicide 0%,0;0.4;0.4_0;0;0_0;0;0_-100;2;5475_-100;2;5475_-100;2;5475,30.7013698630137,Incidence,9.72200936466494e-05
NbyGQVwzFc_loc12_loop6,12,ITN 0%/IRS 0%/Larvicide 0%,0;0.4;0.4_0;0;0_0;0;0_-100;2;5475_-100;2;5475_-100;2;5475,30.7041095890411,Incidence,9.72197664477538e-05
NbyGQVwzFc_loc12_loop6,12,ITN 0%/IRS 0%/Larvicide 0%,0;0.4;0.4_0;0;0_0;0;0_-100;2;5475_-100;2;5475_-100;2;5475,30.7068493150685,Incidence,9.72195619791999e-05
NbyGQVwzFc_loc12_loop6,12,ITN 0%/IRS 0%/Larvicide 0%,0;0.4;0.4_0;0;0_0;0;0_-100;2;5475_-100;2;5475_-100;2;5475,30.7095890410959,Incidence,9.72194802168636e-05
NbyGQVwzFc_loc12_loop6,12,ITN 0%/IRS 0%/Larvicide 0%,0;0.4;0.4_0;0;0_0;0;0_-100;2;5475_-100;2;5475_-100;2;5475,30.7123287671233,Incidence,9.72195211358342e-05
NbyGQVwzFc_loc12_loop6,12,ITN 0%/IRS 0%/Larvicide 0%,0;0.4;0.4_0;0;0_0;0;0_-100;2;5475_-100;2;5475_-100;2;5475,30.7150684931507,Incidence,9.72196847104376e-05
NbyGQVwzFc_loc12_loop6,12,ITN 0%/IRS 0%/Larvicide 0%,0;0.4;0.4_0;0;0_0;0;0_-100;2;5475_-100;2;5475_-100;2;5475,30.7178082191781,Incidence,9.72199709142589e-05
NbyGQVwzFc_loc12_loop6,12,ITN 0%/IRS 0%/Larvicide 0%,0;0.4;0.4_0;0;0_0;0;0_-100;2;5475_-100;2;5475_-100;2;5475,30.7205479452055,Incidence,9.72203797201662e-05
NbyGQVwzFc_loc12_loop6,12,ITN 0%/IRS 0%/Larvicide 0%,0;0.4;0.4_0;0;0_0;0;0_-100;2;5475_-100;2;5475_-100;2;5475,30.7232876712329,Incidence,9.72209111003309e-05
NbyGQVwzFc_loc12_loop6,12,ITN 0%/IRS 0%/Larvicide 0%,0;0.4;0.4_0;0;0_0;0;0_-100;2;5475_-100;2;5475_-100;2;5475,30.7260273972603,Incidence,9.72215650262516e-05
NbyGQVwzFc_loc12_loop6,12,ITN 0%/IRS 0%/Larvicide 0%,0;0.4;0.4_0;0;0_0;0;0_-100;2;5475_-100;2;5475_-100;2;5475,30.7287671232877,Incidence,9.7222341468775e-05
NbyGQVwzFc_loc12_loop6,12,ITN 0%/IRS 0%/Larvicide 0%,0;0.4;0.4_0;0;0_0;0;0_-100;2;5475_-100;2;5475_-100;2;5475,30.7315068493151,Incidence,9.72232403981314e-05
NbyGQVwzFc_loc12_loop6,12,ITN 0%/IRS 0%/Larvicide 0%,0;0.4;0.4_0;0;0_0;0;0_-100;2;5475_-100;2;5475_-100;2;5475,30.7342465753425,Incidence,9.72242617963541e-05
NbyGQVwzFc_loc12_loop6,12,ITN 0%/IRS 0%/Larvicide 0%,0;0.4;0.4_0;0;0_0;0;0_-100;2;5475_-100;2;5475_-100;2;5475,30.7369863013699,Incidence,9.72254056437294e-05
NbyGQVwzFc_loc12_loop6,12,ITN 0%/IRS 0%/Larvicide 0%,0;0.4;0.4_0;0;0_0;0;0_-100;2;5475_-100;2;5475_-100;2;5475,30.7397260273973,Incidence,9.72266719091598e-05
NbyGQVwzFc_loc12_loop6,12,ITN 0%/IRS 0%/Larvicide 0%,0;0.4;0.4_0;0;0_0;0;0_-100;2;5475_-100;2;5475_-100;2;5475,30.7424657534247,Incidence,9.72280605607934e-05
NbyGQVwzFc_loc12_loop6,12,ITN 0%/IRS 0%/Larvicide 0%,0;0.4;0.4_0;0;0_0;0;0_-100;2;5475_-100;2;5475_-100;2;5475,30.7452054794521,Incidence,9.72295715660451e-05
NbyGQVwzFc_loc12_loop6,12,ITN 0%/IRS 0%/Larvicide 0%,0;0.4;0.4_0;0;0_0;0;0_-100;2;5475_-100;2;5475_-100;2;5475,30.7479452054795,Incidence,9.72312048916198e-05
NbyGQVwzFc_loc12_loop6,12,ITN 0%/IRS 0%/Larvicide 0%,0;0.4;0.4_0;0;0_0;0;0_-100;2;5475_-100;2;5475_-100;2;5475,30.7506849315069,Incidence,9.72329605035324e-05
NbyGQVwzFc_loc12_loop6,12,ITN 0%/IRS 0%/Larvicide 0%,0;0.4;0.4_0;0;0_0;0;0_-100;2;5475_-100;2;5475_-100;2;5475,30.7534246575342,Incidence,9.72348383671309e-05
NbyGQVwzFc_loc12_loop6,12,ITN 0%/IRS 0%/Larvicide 0%,0;0.4;0.4_0;0;0_0;0;0_-100;2;5475_-100;2;5475_-100;2;5475,30.7561643835616,Incidence,9.72368384471157e-05
NbyGQVwzFc_loc12_loop6,12,ITN 0%/IRS 0%/Larvicide 0%,0;0.4;0.4_0;0;0_0;0;0_-100;2;5475_-100;2;5475_-100;2;5475,30.758904109589,Incidence,9.72389607075606e-05
NbyGQVwzFc_loc12_loop6,12,ITN 0%/IRS 0%/Larvicide 0%,0;0.4;0.4_0;0;0_0;0;0_-100;2;5475_-100;2;5475_-100;2;5475,30.7616438356164,Incidence,9.72412051119339e-05
NbyGQVwzFc_loc12_loop6,12,ITN 0%/IRS 0%/Larvicide 0%,0;0.4;0.4_0;0;0_0;0;0_-100;2;5475_-100;2;5475_-100;2;5475,30.7643835616438,Incidence,9.72435716231177e-05
NbyGQVwzFc_loc12_loop6,12,ITN 0%/IRS 0%/Larvicide 0%,0;0.4;0.4_0;0;0_0;0;0_-100;2;5475_-100;2;5475_-100;2;5475,30.7671232876712,Incidence,9.72460602034285e-05
NbyGQVwzFc_loc12_loop6,12,ITN 0%/IRS 0%/Larvicide 0%,0;0.4;0.4_0;0;0_0;0;0_-100;2;5475_-100;2;5475_-100;2;5475,30.7698630136986,Incidence,9.72486708146368e-05
NbyGQVwzFc_loc12_loop6,12,ITN 0%/IRS 0%/Larvicide 0%,0;0.4;0.4_0;0;0_0;0;0_-100;2;5475_-100;2;5475_-100;2;5475,30.772602739726,Incidence,9.72514034179848e-05
NbyGQVwzFc_loc12_loop6,12,ITN 0%/IRS 0%/Larvicide 0%,0;0.4;0.4_0;0;0_0;0;0_-100;2;5475_-100;2;5475_-100;2;5475,30.7753424657534,Incidence,9.72542579742076e-05
NbyGQVwzFc_loc12_loop6,12,ITN 0%/IRS 0%/Larvicide 0%,0;0.4;0.4_0;0;0_0;0;0_-100;2;5475_-100;2;5475_-100;2;5475,30.7780821917808,Incidence,9.72572344435506e-05
NbyGQVwzFc_loc12_loop6,12,ITN 0%/IRS 0%/Larvicide 0%,0;0.4;0.4_0;0;0_0;0;0_-100;2;5475_-100;2;5475_-100;2;5475,30.7808219178082,Incidence,9.72603327857881e-05
NbyGQVwzFc_loc12_loop6,12,ITN 0%/IRS 0%/Larvicide 0%,0;0.4;0.4_0;0;0_0;0;0_-100;2;5475_-100;2;5475_-100;2;5475,30.7835616438356,Incidence,9.72635529609026e-05
NbyGQVwzFc_loc12_loop6,12,ITN 0%/IRS 0%/Larvicide 0%,0;0.4;0.4_0;0;0_0;0;0_-100;2;5475_-100;2;5475_-100;2;5475,30.786301369863,Incidence,9.72668949427343e-05
NbyGQVwzFc_loc12_loop6,12,ITN 0%/IRS 0%/Larvicide 0%,0;0.4;0.4_0;0;0_0;0;0_-100;2;5475_-100;2;5475_-100;2;5475,30.7890410958904,Incidence,9.72703586957078e-05
NbyGQVwzFc_loc12_loop6,12,ITN 0%/IRS 0%/Larvicide 0%,0;0.4;0.4_0;0;0_0;0;0_-100;2;5475_-100;2;5475_-100;2;5475,30.7917808219178,Incidence,9.72739441774181e-05
NbyGQVwzFc_loc12_loop6,12,ITN 0%/IRS 0%/Larvicide 0%,0;0.4;0.4_0;0;0_0;0;0_-100;2;5475_-100;2;5475_-100;2;5475,30.7945205479452,Incidence,9.72776513448927e-05
NbyGQVwzFc_loc12_loop6,12,ITN 0%/IRS 0%/Larvicide 0%,0;0.4;0.4_0;0;0_0;0;0_-100;2;5475_-100;2;5475_-100;2;5475,30.7972602739726,Incidence,9.72814801546115e-05
NbyGQVwzFc_loc12_loop6,12,ITN 0%/IRS 0%/Larvicide 0%,0;0.4;0.4_0;0;0_0;0;0_-100;2;5475_-100;2;5475_-100;2;5475,30.8,Incidence,9.72854305625245e-05
NbyGQVwzFc_loc12_loop6,12,ITN 0%/IRS 0%/Larvicide 0%,0;0.4;0.4_0;0;0_0;0;0_-100;2;5475_-100;2;5475_-100;2;5475,30.8027397260274,Incidence,9.72895025240704e-05
NbyGQVwzFc_loc12_loop6,12,ITN 0%/IRS 0%/Larvicide 0%,0;0.4;0.4_0;0;0_0;0;0_-100;2;5475_-100;2;5475_-100;2;5475,30.8054794520548,Incidence,9.72936959941948e-05
NbyGQVwzFc_loc12_loop6,12,ITN 0%/IRS 0%/Larvicide 0%,0;0.4;0.4_0;0;0_0;0;0_-100;2;5475_-100;2;5475_-100;2;5475,30.8082191780822,Incidence,9.72980109273684e-05
NbyGQVwzFc_loc12_loop6,12,ITN 0%/IRS 0%/Larvicide 0%,0;0.4;0.4_0;0;0_0;0;0_-100;2;5475_-100;2;5475_-100;2;5475,30.8109589041096,Incidence,9.73024472776041e-05
NbyGQVwzFc_loc12_loop6,12,ITN 0%/IRS 0%/Larvicide 0%,0;0.4;0.4_0;0;0_0;0;0_-100;2;5475_-100;2;5475_-100;2;5475,30.813698630137,Incidence,9.73070049984742e-05
NbyGQVwzFc_loc12_loop6,12,ITN 0%/IRS 0%/Larvicide 0%,0;0.4;0.4_0;0;0_0;0;0_-100;2;5475_-100;2;5475_-100;2;5475,30.8164383561644,Incidence,9.73116840431285e-05
NbyGQVwzFc_loc12_loop6,12,ITN 0%/IRS 0%/Larvicide 0%,0;0.4;0.4_0;0;0_0;0;0_-100;2;5475_-100;2;5475_-100;2;5475,30.8191780821918,Incidence,9.73164843643107e-05
NbyGQVwzFc_loc12_loop6,12,ITN 0%/IRS 0%/Larvicide 0%,0;0.4;0.4_0;0;0_0;0;0_-100;2;5475_-100;2;5475_-100;2;5475,30.8219178082192,Incidence,9.73214059143742e-05
NbyGQVwzFc_loc12_loop6,12,ITN 0%/IRS 0%/Larvicide 0%,0;0.4;0.4_0;0;0_0;0;0_-100;2;5475_-100;2;5475_-100;2;5475,30.8246575342466,Incidence,9.73264486453005e-05
NbyGQVwzFc_loc12_loop6,12,ITN 0%/IRS 0%/Larvicide 0%,0;0.4;0.4_0;0;0_0;0;0_-100;2;5475_-100;2;5475_-100;2;5475,30.827397260274,Incidence,9.73316125087128e-05
NbyGQVwzFc_loc12_loop6,12,ITN 0%/IRS 0%/Larvicide 0%,0;0.4;0.4_0;0;0_0;0;0_-100;2;5475_-100;2;5475_-100;2;5475,30.8301369863014,Incidence,9.7336897455894e-05
NbyGQVwzFc_loc12_loop6,12,ITN 0%/IRS 0%/Larvicide 0%,0;0.4;0.4_0;0;0_0;0;0_-100;2;5475_-100;2;5475_-100;2;5475,30.8328767123288,Incidence,9.73423034378016e-05
NbyGQVwzFc_loc12_loop6,12,ITN 0%/IRS 0%/Larvicide 0%,0;0.4;0.4_0;0;0_0;0;0_-100;2;5475_-100;2;5475_-100;2;5475,30.8356164383562,Incidence,9.73478304051173e-05
NbyGQVwzFc_loc12_loop6,12,ITN 0%/IRS 0%/Larvicide 0%,0;0.4;0.4_0;0;0_0;0;0_-100;2;5475_-100;2;5475_-100;2;5475,30.8383561643836,Incidence,9.73534783195273e-05
NbyGQVwzFc_loc12_loop6,12,ITN 0%/IRS 0%/Larvicide 0%,0;0.4;0.4_0;0;0_0;0;0_-100;2;5475_-100;2;5475_-100;2;5475,30.841095890411,Incidence,9.73592471393992e-05
NbyGQVwzFc_loc12_loop6,12,ITN 0%/IRS 0%/Larvicide 0%,0;0.4;0.4_0;0;0_0;0;0_-100;2;5475_-100;2;5475_-100;2;5475,30.8438356164384,Incidence,9.73651368133199e-05
NbyGQVwzFc_loc12_loop6,12,ITN 0%/IRS 0%/Larvicide 0%,0;0.4;0.4_0;0;0_0;0;0_-100;2;5475_-100;2;5475_-100;2;5475,30.8465753424658,Incidence,9.73711472894611e-05
NbyGQVwzFc_loc12_loop6,12,ITN 0%/IRS 0%/Larvicide 0%,0;0.4;0.4_0;0;0_0;0;0_-100;2;5475_-100;2;5475_-100;2;5475,30.8493150684932,Incidence,9.73772785155959e-05
NbyGQVwzFc_loc12_loop6,12,ITN 0%/IRS 0%/Larvicide 0%,0;0.4;0.4_0;0;0_0;0;0_-100;2;5475_-100;2;5475_-100;2;5475,30.8520547945206,Incidence,9.73835304391138e-05
NbyGQVwzFc_loc12_loop6,12,ITN 0%/IRS 0%/Larvicide 0%,0;0.4;0.4_0;0;0_0;0;0_-100;2;5475_-100;2;5475_-100;2;5475,30.854794520548,Incidence,9.73899030070381e-05
NbyGQVwzFc_loc12_loop6,12,ITN 0%/IRS 0%/Larvicide 0%,0;0.4;0.4_0;0;0_0;0;0_-100;2;5475_-100;2;5475_-100;2;5475,30.8575342465753,Incidence,9.7396396166039e-05
NbyGQVwzFc_loc12_loop6,12,ITN 0%/IRS 0%/Larvicide 0%,0;0.4;0.4_0;0;0_0;0;0_-100;2;5475_-100;2;5475_-100;2;5475,30.8602739726027,Incidence,9.74030098624514e-05
NbyGQVwzFc_loc12_loop6,12,ITN 0%/IRS 0%/Larvicide 0%,0;0.4;0.4_0;0;0_0;0;0_-100;2;5475_-100;2;5475_-100;2;5475,30.8630136986301,Incidence,9.74097440422874e-05
NbyGQVwzFc_loc12_loop6,12,ITN 0%/IRS 0%/Larvicide 0%,0;0.4;0.4_0;0;0_0;0;0_-100;2;5475_-100;2;5475_-100;2;5475,30.8657534246575,Incidence,9.74165986512531e-05
NbyGQVwzFc_loc12_loop6,12,ITN 0%/IRS 0%/Larvicide 0%,0;0.4;0.4_0;0;0_0;0;0_-100;2;5475_-100;2;5475_-100;2;5475,30.8684931506849,Incidence,9.74235736347617e-05
NbyGQVwzFc_loc12_loop6,12,ITN 0%/IRS 0%/Larvicide 0%,0;0.4;0.4_0;0;0_0;0;0_-100;2;5475_-100;2;5475_-100;2;5475,30.8712328767123,Incidence,9.74306689379491e-05
NbyGQVwzFc_loc12_loop6,12,ITN 0%/IRS 0%/Larvicide 0%,0;0.4;0.4_0;0;0_0;0;0_-100;2;5475_-100;2;5475_-100;2;5475,30.8739726027397,Incidence,9.7437884505687e-05
NbyGQVwzFc_loc12_loop6,12,ITN 0%/IRS 0%/Larvicide 0%,0;0.4;0.4_0;0;0_0;0;0_-100;2;5475_-100;2;5475_-100;2;5475,30.8767123287671,Incidence,9.74452202825976e-05
NbyGQVwzFc_loc12_loop6,12,ITN 0%/IRS 0%/Larvicide 0%,0;0.4;0.4_0;0;0_0;0;0_-100;2;5475_-100;2;5475_-100;2;5475,30.8794520547945,Incidence,9.74526762130666e-05
NbyGQVwzFc_loc12_loop6,12,ITN 0%/IRS 0%/Larvicide 0%,0;0.4;0.4_0;0;0_0;0;0_-100;2;5475_-100;2;5475_-100;2;5475,30.8821917808219,Incidence,9.74602522412575e-05
NbyGQVwzFc_loc12_loop6,12,ITN 0%/IRS 0%/Larvicide 0%,0;0.4;0.4_0;0;0_0;0;0_-100;2;5475_-100;2;5475_-100;2;5475,30.8849315068493,Incidence,9.74679483111238e-05
NbyGQVwzFc_loc12_loop6,12,ITN 0%/IRS 0%/Larvicide 0%,0;0.4;0.4_0;0;0_0;0;0_-100;2;5475_-100;2;5475_-100;2;5475,30.8876712328767,Incidence,9.7475764366423e-05
NbyGQVwzFc_loc12_loop6,12,ITN 0%/IRS 0%/Larvicide 0%,0;0.4;0.4_0;0;0_0;0;0_-100;2;5475_-100;2;5475_-100;2;5475,30.8904109589041,Incidence,9.74837003527148e-05
NbyGQVwzFc_loc12_loop6,12,ITN 0%/IRS 0%/Larvicide 0%,0;0.4;0.4_0;0;0_0;0;0_-100;2;5475_-100;2;5475_-100;2;5475,30.8931506849315,Incidence,9.74917562273015e-05
NbyGQVwzFc_loc12_loop6,12,ITN 0%/IRS 0%/Larvicide 0%,0;0.4;0.4_0;0;0_0;0;0_-100;2;5475_-100;2;5475_-100;2;5475,30.8958904109589,Incidence,9.74999319346093e-05
NbyGQVwzFc_loc12_loop6,12,ITN 0%/IRS 0%/Larvicide 0%,0;0.4;0.4_0;0;0_0;0;0_-100;2;5475_-100;2;5475_-100;2;5475,30.8986301369863,Incidence,9.75082274157799e-05
NbyGQVwzFc_loc12_loop6,12,ITN 0%/IRS 0%/Larvicide 0%,0;0.4;0.4_0;0;0_0;0;0_-100;2;5475_-100;2;5475_-100;2;5475,30.9013698630137,Incidence,9.75166426116755e-05
NbyGQVwzFc_loc12_loop6,12,ITN 0%/IRS 0%/Larvicide 0%,0;0.4;0.4_0;0;0_0;0;0_-100;2;5475_-100;2;5475_-100;2;5475,30.9041095890411,Incidence,9.75251774628936e-05
NbyGQVwzFc_loc12_loop6,12,ITN 0%/IRS 0%/Larvicide 0%,0;0.4;0.4_0;0;0_0;0;0_-100;2;5475_-100;2;5475_-100;2;5475,30.9068493150685,Incidence,9.753383190978e-05
NbyGQVwzFc_loc12_loop6,12,ITN 0%/IRS 0%/Larvicide 0%,0;0.4;0.4_0;0;0_0;0;0_-100;2;5475_-100;2;5475_-100;2;5475,30.9095890410959,Incidence,9.75426058924417e-05
NbyGQVwzFc_loc12_loop6,12,ITN 0%/IRS 0%/Larvicide 0%,0;0.4;0.4_0;0;0_0;0;0_-100;2;5475_-100;2;5475_-100;2;5475,30.9123287671233,Incidence,9.75514993507602e-05
NbyGQVwzFc_loc12_loop6,12,ITN 0%/IRS 0%/Larvicide 0%,0;0.4;0.4_0;0;0_0;0;0_-100;2;5475_-100;2;5475_-100;2;5475,30.9150684931507,Incidence,9.75605122244039e-05
NbyGQVwzFc_loc12_loop6,12,ITN 0%/IRS 0%/Larvicide 0%,0;0.4;0.4_0;0;0_0;0;0_-100;2;5475_-100;2;5475_-100;2;5475,30.9178082191781,Incidence,9.7569644452841e-05
NbyGQVwzFc_loc12_loop6,12,ITN 0%/IRS 0%/Larvicide 0%,0;0.4;0.4_0;0;0_0;0;0_-100;2;5475_-100;2;5475_-100;2;5475,30.9205479452055,Incidence,9.75788959753516e-05
NbyGQVwzFc_loc12_loop6,12,ITN 0%/IRS 0%/Larvicide 0%,0;0.4;0.4_0;0;0_0;0;0_-100;2;5475_-100;2;5475_-100;2;5475,30.9232876712329,Incidence,9.75882667310402e-05
NbyGQVwzFc_loc12_loop6,12,ITN 0%/IRS 0%/Larvicide 0%,0;0.4;0.4_0;0;0_0;0;0_-100;2;5475_-100;2;5475_-100;2;5475,30.9260273972603,Incidence,9.75977566588474e-05
NbyGQVwzFc_loc12_loop6,12,ITN 0%/IRS 0%/Larvicide 0%,0;0.4;0.4_0;0;0_0;0;0_-100;2;5475_-100;2;5475_-100;2;5475,30.9287671232877,Incidence,9.76073656975613e-05
NbyGQVwzFc_loc12_loop6,12,ITN 0%/IRS 0%/Larvicide 0%,0;0.4;0.4_0;0;0_0;0;0_-100;2;5475_-100;2;5475_-100;2;5475,30.9315068493151,Incidence,9.76170937858307e-05
NbyGQVwzFc_loc12_loop6,12,ITN 0%/IRS 0%/Larvicide 0%,0;0.4;0.4_0;0;0_0;0;0_-100;2;5475_-100;2;5475_-100;2;5475,30.9342465753425,Incidence,9.76269408621743e-05
NbyGQVwzFc_loc12_loop6,12,ITN 0%/IRS 0%/Larvicide 0%,0;0.4;0.4_0;0;0_0;0;0_-100;2;5475_-100;2;5475_-100;2;5475,30.9369863013699,Incidence,9.76369068649938e-05
NbyGQVwzFc_loc12_loop6,12,ITN 0%/IRS 0%/Larvicide 0%,0;0.4;0.4_0;0;0_0;0;0_-100;2;5475_-100;2;5475_-100;2;5475,30.9397260273973,Incidence,9.76469917325836e-05
NbyGQVwzFc_loc12_loop6,12,ITN 0%/IRS 0%/Larvicide 0%,0;0.4;0.4_0;0;0_0;0;0_-100;2;5475_-100;2;5475_-100;2;5475,30.9424657534247,Incidence,9.76571954031424e-05
NbyGQVwzFc_loc12_loop6,12,ITN 0%/IRS 0%/Larvicide 0%,0;0.4;0.4_0;0;0_0;0;0_-100;2;5475_-100;2;5475_-100;2;5475,30.9452054794521,Incidence,9.76675178162954e-05
NbyGQVwzFc_loc12_loop6,12,ITN 0%/IRS 0%/Larvicide 0%,0;0.4;0.4_0;0;0_0;0;0_-100;2;5475_-100;2;5475_-100;2;5475,30.9479452054795,Incidence,9.76779589228219e-05
NbyGQVwzFc_loc12_loop6,12,ITN 0%/IRS 0%/Larvicide 0%,0;0.4;0.4_0;0;0_0;0;0_-100;2;5475_-100;2;5475_-100;2;5475,30.9506849315069,Incidence,9.76885186616328e-05
NbyGQVwzFc_loc12_loop6,12,ITN 0%/IRS 0%/Larvicide 0%,0;0.4;0.4_0;0;0_0;0;0_-100;2;5475_-100;2;5475_-100;2;5475,30.9534246575343,Incidence,9.76991969681211e-05
NbyGQVwzFc_loc12_loop6,12,ITN 0%/IRS 0%/Larvicide 0%,0;0.4;0.4_0;0;0_0;0;0_-100;2;5475_-100;2;5475_-100;2;5475,30.9561643835616,Incidence,9.77099937775078e-05
NbyGQVwzFc_loc12_loop6,12,ITN 0%/IRS 0%/Larvicide 0%,0;0.4;0.4_0;0;0_0;0;0_-100;2;5475_-100;2;5475_-100;2;5475,30.958904109589,Incidence,9.77209090248554e-05
NbyGQVwzFc_loc12_loop6,12,ITN 0%/IRS 0%/Larvicide 0%,0;0.4;0.4_0;0;0_0;0;0_-100;2;5475_-100;2;5475_-100;2;5475,30.9616438356164,Incidence,9.77319426450769e-05
NbyGQVwzFc_loc12_loop6,12,ITN 0%/IRS 0%/Larvicide 0%,0;0.4;0.4_0;0;0_0;0;0_-100;2;5475_-100;2;5475_-100;2;5475,30.9643835616438,Incidence,9.7743094572948e-05
NbyGQVwzFc_loc12_loop6,12,ITN 0%/IRS 0%/Larvicide 0%,0;0.4;0.4_0;0;0_0;0;0_-100;2;5475_-100;2;5475_-100;2;5475,30.9671232876712,Incidence,9.77543647431176e-05
NbyGQVwzFc_loc12_loop6,12,ITN 0%/IRS 0%/Larvicide 0%,0;0.4;0.4_0;0;0_0;0;0_-100;2;5475_-100;2;5475_-100;2;5475,30.9698630136986,Incidence,9.7765753090119e-05
NbyGQVwzFc_loc12_loop6,12,ITN 0%/IRS 0%/Larvicide 0%,0;0.4;0.4_0;0;0_0;0;0_-100;2;5475_-100;2;5475_-100;2;5475,30.972602739726,Incidence,9.77772595483789e-05
NbyGQVwzFc_loc12_loop6,12,ITN 0%/IRS 0%/Larvicide 0%,0;0.4;0.4_0;0;0_0;0;0_-100;2;5475_-100;2;5475_-100;2;5475,30.9753424657534,Incidence,9.77888840522292e-05
NbyGQVwzFc_loc12_loop6,12,ITN 0%/IRS 0%/Larvicide 0%,0;0.4;0.4_0;0;0_0;0;0_-100;2;5475_-100;2;5475_-100;2;5475,30.9780821917808,Incidence,9.78006265359168e-05
NbyGQVwzFc_loc12_loop6,12,ITN 0%/IRS 0%/Larvicide 0%,0;0.4;0.4_0;0;0_0;0;0_-100;2;5475_-100;2;5475_-100;2;5475,30.9808219178082,Incidence,9.78124869336128e-05
NbyGQVwzFc_loc12_loop6,12,ITN 0%/IRS 0%/Larvicide 0%,0;0.4;0.4_0;0;0_0;0;0_-100;2;5475_-100;2;5475_-100;2;5475,30.9835616438356,Incidence,9.78244651794237e-05
NbyGQVwzFc_loc12_loop6,12,ITN 0%/IRS 0%/Larvicide 0%,0;0.4;0.4_0;0;0_0;0;0_-100;2;5475_-100;2;5475_-100;2;5475,30.986301369863,Incidence,9.78365612074e-05
NbyGQVwzFc_loc12_loop6,12,ITN 0%/IRS 0%/Larvicide 0%,0;0.4;0.4_0;0;0_0;0;0_-100;2;5475_-100;2;5475_-100;2;5475,30.9890410958904,Incidence,9.78487749515456e-05
NbyGQVwzFc_loc12_loop6,12,ITN 0%/IRS 0%/Larvicide 0%,0;0.4;0.4_0;0;0_0;0;0_-100;2;5475_-100;2;5475_-100;2;5475,30.9917808219178,Incidence,9.78611063458283e-05
NbyGQVwzFc_loc12_loop6,12,ITN 0%/IRS 0%/Larvicide 0%,0;0.4;0.4_0;0;0_0;0;0_-100;2;5475_-100;2;5475_-100;2;5475,30.9945205479452,Incidence,9.78735553241873e-05
NbyGQVwzFc_loc12_loop6,12,ITN 0%/IRS 0%/Larvicide 0%,0;0.4;0.4_0;0;0_0;0;0_-100;2;5475_-100;2;5475_-100;2;5475,30.9972602739726,Incidence,9.78861218205436e-05
NbyGQVwzFc_loc12_loop6,12,ITN 0%/IRS 0%/Larvicide 0%,0;0.4;0.4_0;0;0_0;0;0_-100;2;5475_-100;2;5475_-100;2;5475,31,Incidence,9.78988057688073e-05
NbyGQVwzFc_loc12_loop6,12,ITN 0%/IRS 0%/Larvicide 0%,0;0.4;0.4_0;0;0_0;0;0_-100;2;5475_-100;2;5475_-100;2;5475,31.0027397260274,Incidence,9.79116071095959e-05
NbyGQVwzFc_loc12_loop6,12,ITN 0%/IRS 0%/Larvicide 0%,0;0.4;0.4_0;0;0_0;0;0_-100;2;5475_-100;2;5475_-100;2;5475,31.0054794520548,Incidence,9.79245257848805e-05
NbyGQVwzFc_loc12_loop6,12,ITN 0%/IRS 0%/Larvicide 0%,0;0.4;0.4_0;0;0_0;0;0_-100;2;5475_-100;2;5475_-100;2;5475,31.0082191780822,Incidence,9.79375617257248e-05
NbyGQVwzFc_loc12_loop6,12,ITN 0%/IRS 0%/Larvicide 0%,0;0.4;0.4_0;0;0_0;0;0_-100;2;5475_-100;2;5475_-100;2;5475,31.0109589041096,Incidence,9.79507148630173e-05
NbyGQVwzFc_loc12_loop6,12,ITN 0%/IRS 0%/Larvicide 0%,0;0.4;0.4_0;0;0_0;0;0_-100;2;5475_-100;2;5475_-100;2;5475,31.013698630137,Incidence,9.79639851275685e-05
NbyGQVwzFc_loc12_loop6,12,ITN 0%/IRS 0%/Larvicide 0%,0;0.4;0.4_0;0;0_0;0;0_-100;2;5475_-100;2;5475_-100;2;5475,31.0164383561644,Incidence,9.79773724501203e-05
NbyGQVwzFc_loc12_loop6,12,ITN 0%/IRS 0%/Larvicide 0%,0;0.4;0.4_0;0;0_0;0;0_-100;2;5475_-100;2;5475_-100;2;5475,31.0191780821918,Incidence,9.79908767613558e-05
NbyGQVwzFc_loc12_loop6,12,ITN 0%/IRS 0%/Larvicide 0%,0;0.4;0.4_0;0;0_0;0;0_-100;2;5475_-100;2;5475_-100;2;5475,31.0219178082192,Incidence,9.80044979919073e-05
NbyGQVwzFc_loc12_loop6,12,ITN 0%/IRS 0%/Larvicide 0%,0;0.4;0.4_0;0;0_0;0;0_-100;2;5475_-100;2;5475_-100;2;5475,31.0246575342466,Incidence,9.80182360723662e-05
NbyGQVwzFc_loc12_loop6,12,ITN 0%/IRS 0%/Larvicide 0%,0;0.4;0.4_0;0;0_0;0;0_-100;2;5475_-100;2;5475_-100;2;5475,31.027397260274,Incidence,9.80320909332913e-05
NbyGQVwzFc_loc12_loop6,12,ITN 0%/IRS 0%/Larvicide 0%,0;0.4;0.4_0;0;0_0;0;0_-100;2;5475_-100;2;5475_-100;2;5475,31.0301369863014,Incidence,9.80460625052169e-05
NbyGQVwzFc_loc12_loop6,12,ITN 0%/IRS 0%/Larvicide 0%,0;0.4;0.4_0;0;0_0;0;0_-100;2;5475_-100;2;5475_-100;2;5475,31.0328767123288,Incidence,9.80601507186617e-05
NbyGQVwzFc_loc12_loop6,12,ITN 0%/IRS 0%/Larvicide 0%,0;0.4;0.4_0;0;0_0;0;0_-100;2;5475_-100;2;5475_-100;2;5475,31.0356164383562,Incidence,9.80743555041954e-05
NbyGQVwzFc_loc12_loop6,12,ITN 0%/IRS 0%/Larvicide 0%,0;0.4;0.4_0;0;0_0;0;0_-100;2;5475_-100;2;5475_-100;2;5475,31.0383561643836,Incidence,9.80886767920187e-05
NbyGQVwzFc_loc12_loop6,12,ITN 0%/IRS 0%/Larvicide 0%,0;0.4;0.4_0;0;0_0;0;0_-100;2;5475_-100;2;5475_-100;2;5475,31.041095890411,Incidence,9.81031145132412e-05
NbyGQVwzFc_loc12_loop6,12,ITN 0%/IRS 0%/Larvicide 0%,0;0.4;0.4_0;0;0_0;0;0_-100;2;5475_-100;2;5475_-100;2;5475,31.0438356164384,Incidence,9.81176685979199e-05
NbyGQVwzFc_loc12_loop6,12,ITN 0%/IRS 0%/Larvicide 0%,0;0.4;0.4_0;0;0_0;0;0_-100;2;5475_-100;2;5475_-100;2;5475,31.0465753424658,Incidence,9.81323389767006e-05
NbyGQVwzFc_loc12_loop6,12,ITN 0%/IRS 0%/Larvicide 0%,0;0.4;0.4_0;0;0_0;0;0_-100;2;5475_-100;2;5475_-100;2;5475,31.0493150684932,Incidence,9.81471255803873e-05
NbyGQVwzFc_loc12_loop6,12,ITN 0%/IRS 0%/Larvicide 0%,0;0.4;0.4_0;0;0_0;0;0_-100;2;5475_-100;2;5475_-100;2;5475,31.0520547945205,Incidence,9.81620283393615e-05
NbyGQVwzFc_loc12_loop6,12,ITN 0%/IRS 0%/Larvicide 0%,0;0.4;0.4_0;0;0_0;0;0_-100;2;5475_-100;2;5475_-100;2;5475,31.0547945205479,Incidence,9.81770471844044e-05
NbyGQVwzFc_loc12_loop6,12,ITN 0%/IRS 0%/Larvicide 0%,0;0.4;0.4_0;0;0_0;0;0_-100;2;5475_-100;2;5475_-100;2;5475,31.0575342465753,Incidence,9.81921820463682e-05
NbyGQVwzFc_loc12_loop6,12,ITN 0%/IRS 0%/Larvicide 0%,0;0.4;0.4_0;0;0_0;0;0_-100;2;5475_-100;2;5475_-100;2;5475,31.0602739726027,Incidence,9.82074328624426e-05
NbyGQVwzFc_loc12_loop6,12,ITN 0%/IRS 0%/Larvicide 0%,0;0.4;0.4_0;0;0_0;0;0_-100;2;5475_-100;2;5475_-100;2;5475,31.0630136986301,Incidence,9.82227995696248e-05
NbyGQVwzFc_loc12_loop6,12,ITN 0%/IRS 0%/Larvicide 0%,0;0.4;0.4_0;0;0_0;0;0_-100;2;5475_-100;2;5475_-100;2;5475,31.0657534246575,Incidence,9.82382820963904e-05
NbyGQVwzFc_loc12_loop6,12,ITN 0%/IRS 0%/Larvicide 0%,0;0.4;0.4_0;0;0_0;0;0_-100;2;5475_-100;2;5475_-100;2;5475,31.0684931506849,Incidence,9.82538803506589e-05
NbyGQVwzFc_loc12_loop6,12,ITN 0%/IRS 0%/Larvicide 0%,0;0.4;0.4_0;0;0_0;0;0_-100;2;5475_-100;2;5475_-100;2;5475,31.0712328767123,Incidence,9.82695943153149e-05
NbyGQVwzFc_loc12_loop6,12,ITN 0%/IRS 0%/Larvicide 0%,0;0.4;0.4_0;0;0_0;0;0_-100;2;5475_-100;2;5475_-100;2;5475,31.0739726027397,Incidence,9.82854238593609e-05
NbyGQVwzFc_loc12_loop6,12,ITN 0%/IRS 0%/Larvicide 0%,0;0.4;0.4_0;0;0_0;0;0_-100;2;5475_-100;2;5475_-100;2;5475,31.0767123287671,Incidence,9.8301368941013e-05
NbyGQVwzFc_loc12_loop6,12,ITN 0%/IRS 0%/Larvicide 0%,0;0.4;0.4_0;0;0_0;0;0_-100;2;5475_-100;2;5475_-100;2;5475,31.0794520547945,Incidence,9.83174294773806e-05
NbyGQVwzFc_loc12_loop6,12,ITN 0%/IRS 0%/Larvicide 0%,0;0.4;0.4_0;0;0_0;0;0_-100;2;5475_-100;2;5475_-100;2;5475,31.0821917808219,Incidence,9.83336053977574e-05
NbyGQVwzFc_loc12_loop6,12,ITN 0%/IRS 0%/Larvicide 0%,0;0.4;0.4_0;0;0_0;0;0_-100;2;5475_-100;2;5475_-100;2;5475,31.0849315068493,Incidence,9.83498966383444e-05
NbyGQVwzFc_loc12_loop6,12,ITN 0%/IRS 0%/Larvicide 0%,0;0.4;0.4_0;0;0_0;0;0_-100;2;5475_-100;2;5475_-100;2;5475,31.0876712328767,Incidence,9.83663031085542e-05
NbyGQVwzFc_loc12_loop6,12,ITN 0%/IRS 0%/Larvicide 0%,0;0.4;0.4_0;0;0_0;0;0_-100;2;5475_-100;2;5475_-100;2;5475,31.0904109589041,Incidence,9.83828247096419e-05
NbyGQVwzFc_loc12_loop6,12,ITN 0%/IRS 0%/Larvicide 0%,0;0.4;0.4_0;0;0_0;0;0_-100;2;5475_-100;2;5475_-100;2;5475,31.0931506849315,Incidence,9.83994615749808e-05
NbyGQVwzFc_loc12_loop6,12,ITN 0%/IRS 0%/Larvicide 0%,0;0.4;0.4_0;0;0_0;0;0_-100;2;5475_-100;2;5475_-100;2;5475,31.0958904109589,Incidence,9.84162132458336e-05
NbyGQVwzFc_loc12_loop6,12,ITN 0%/IRS 0%/Larvicide 0%,0;0.4;0.4_0;0;0_0;0;0_-100;2;5475_-100;2;5475_-100;2;5475,31.0986301369863,Incidence,9.84330799296461e-05
NbyGQVwzFc_loc12_loop6,12,ITN 0%/IRS 0%/Larvicide 0%,0;0.4;0.4_0;0;0_0;0;0_-100;2;5475_-100;2;5475_-100;2;5475,31.1013698630137,Incidence,9.84500615827457e-05
NbyGQVwzFc_loc12_loop6,12,ITN 0%/IRS 0%/Larvicide 0%,0;0.4;0.4_0;0;0_0;0;0_-100;2;5475_-100;2;5475_-100;2;5475,31.1041095890411,Incidence,9.8467157955593e-05
NbyGQVwzFc_loc12_loop6,12,ITN 0%/IRS 0%/Larvicide 0%,0;0.4;0.4_0;0;0_0;0;0_-100;2;5475_-100;2;5475_-100;2;5475,31.1068493150685,Incidence,9.84843690709698e-05
NbyGQVwzFc_loc12_loop6,12,ITN 0%/IRS 0%/Larvicide 0%,0;0.4;0.4_0;0;0_0;0;0_-100;2;5475_-100;2;5475_-100;2;5475,31.1095890410959,Incidence,9.85016948916025e-05
NbyGQVwzFc_loc12_loop6,12,ITN 0%/IRS 0%/Larvicide 0%,0;0.4;0.4_0;0;0_0;0;0_-100;2;5475_-100;2;5475_-100;2;5475,31.1123287671233,Incidence,9.85191352749469e-05
NbyGQVwzFc_loc12_loop6,12,ITN 0%/IRS 0%/Larvicide 0%,0;0.4;0.4_0;0;0_0;0;0_-100;2;5475_-100;2;5475_-100;2;5475,31.1150684931507,Incidence,9.85366901761381e-05
NbyGQVwzFc_loc12_loop6,12,ITN 0%/IRS 0%/Larvicide 0%,0;0.4;0.4_0;0;0_0;0;0_-100;2;5475_-100;2;5475_-100;2;5475,31.1178082191781,Incidence,9.85543595423257e-05
NbyGQVwzFc_loc12_loop6,12,ITN 0%/IRS 0%/Larvicide 0%,0;0.4;0.4_0;0;0_0;0;0_-100;2;5475_-100;2;5475_-100;2;5475,31.1205479452055,Incidence,9.85721432897831e-05
NbyGQVwzFc_loc12_loop6,12,ITN 0%/IRS 0%/Larvicide 0%,0;0.4;0.4_0;0;0_0;0;0_-100;2;5475_-100;2;5475_-100;2;5475,31.1232876712329,Incidence,9.85900413497147e-05
NbyGQVwzFc_loc12_loop6,12,ITN 0%/IRS 0%/Larvicide 0%,0;0.4;0.4_0;0;0_0;0;0_-100;2;5475_-100;2;5475_-100;2;5475,31.1260273972603,Incidence,9.8608053654521e-05
NbyGQVwzFc_loc12_loop6,12,ITN 0%/IRS 0%/Larvicide 0%,0;0.4;0.4_0;0;0_0;0;0_-100;2;5475_-100;2;5475_-100;2;5475,31.1287671232877,Incidence,9.86261801276349e-05
NbyGQVwzFc_loc12_loop6,12,ITN 0%/IRS 0%/Larvicide 0%,0;0.4;0.4_0;0;0_0;0;0_-100;2;5475_-100;2;5475_-100;2;5475,31.1315068493151,Incidence,9.86444206891077e-05
NbyGQVwzFc_loc12_loop6,12,ITN 0%/IRS 0%/Larvicide 0%,0;0.4;0.4_0;0;0_0;0;0_-100;2;5475_-100;2;5475_-100;2;5475,31.1342465753425,Incidence,9.86627752658608e-05
NbyGQVwzFc_loc12_loop6,12,ITN 0%/IRS 0%/Larvicide 0%,0;0.4;0.4_0;0;0_0;0;0_-100;2;5475_-100;2;5475_-100;2;5475,31.1369863013699,Incidence,9.8681243788774e-05
NbyGQVwzFc_loc12_loop6,12,ITN 0%/IRS 0%/Larvicide 0%,0;0.4;0.4_0;0;0_0;0;0_-100;2;5475_-100;2;5475_-100;2;5475,31.1397260273973,Incidence,9.86998261780153e-05
NbyGQVwzFc_loc12_loop6,12,ITN 0%/IRS 0%/Larvicide 0%,0;0.4;0.4_0;0;0_0;0;0_-100;2;5475_-100;2;5475_-100;2;5475,31.1424657534247,Incidence,9.87185223573208e-05
NbyGQVwzFc_loc12_loop6,12,ITN 0%/IRS 0%/Larvicide 0%,0;0.4;0.4_0;0;0_0;0;0_-100;2;5475_-100;2;5475_-100;2;5475,31.1452054794521,Incidence,9.87373322579182e-05
NbyGQVwzFc_loc12_loop6,12,ITN 0%/IRS 0%/Larvicide 0%,0;0.4;0.4_0;0;0_0;0;0_-100;2;5475_-100;2;5475_-100;2;5475,31.1479452054795,Incidence,9.87562558029145e-05
NbyGQVwzFc_loc12_loop6,12,ITN 0%/IRS 0%/Larvicide 0%,0;0.4;0.4_0;0;0_0;0;0_-100;2;5475_-100;2;5475_-100;2;5475,31.1506849315069,Incidence,9.87752929155459e-05
NbyGQVwzFc_loc12_loop6,12,ITN 0%/IRS 0%/Larvicide 0%,0;0.4;0.4_0;0;0_0;0;0_-100;2;5475_-100;2;5475_-100;2;5475,31.1534246575343,Incidence,9.8794443525076e-05
NbyGQVwzFc_loc12_loop6,12,ITN 0%/IRS 0%/Larvicide 0%,0;0.4;0.4_0;0;0_0;0;0_-100;2;5475_-100;2;5475_-100;2;5475,31.1561643835617,Incidence,9.88137075568003e-05
NbyGQVwzFc_loc12_loop6,12,ITN 0%/IRS 0%/Larvicide 0%,0;0.4;0.4_0;0;0_0;0;0_-100;2;5475_-100;2;5475_-100;2;5475,31.158904109589,Incidence,9.88330849349796e-05
NbyGQVwzFc_loc12_loop6,12,ITN 0%/IRS 0%/Larvicide 0%,0;0.4;0.4_0;0;0_0;0;0_-100;2;5475_-100;2;5475_-100;2;5475,31.1616438356164,Incidence,9.88525755872905e-05
NbyGQVwzFc_loc12_loop6,12,ITN 0%/IRS 0%/Larvicide 0%,0;0.4;0.4_0;0;0_0;0;0_-100;2;5475_-100;2;5475_-100;2;5475,31.1643835616438,Incidence,9.88721794400317e-05
NbyGQVwzFc_loc12_loop6,12,ITN 0%/IRS 0%/Larvicide 0%,0;0.4;0.4_0;0;0_0;0;0_-100;2;5475_-100;2;5475_-100;2;5475,31.1671232876712,Incidence,9.88918964187066e-05
NbyGQVwzFc_loc12_loop6,12,ITN 0%/IRS 0%/Larvicide 0%,0;0.4;0.4_0;0;0_0;0;0_-100;2;5475_-100;2;5475_-100;2;5475,31.1698630136986,Incidence,9.89117264503719e-05
NbyGQVwzFc_loc12_loop6,12,ITN 0%/IRS 0%/Larvicide 0%,0;0.4;0.4_0;0;0_0;0;0_-100;2;5475_-100;2;5475_-100;2;5475,31.172602739726,Incidence,9.89316694617756e-05
NbyGQVwzFc_loc12_loop6,12,ITN 0%/IRS 0%/Larvicide 0%,0;0.4;0.4_0;0;0_0;0;0_-100;2;5475_-100;2;5475_-100;2;5475,31.1753424657534,Incidence,9.89517253793559e-05
NbyGQVwzFc_loc12_loop6,12,ITN 0%/IRS 0%/Larvicide 0%,0;0.4;0.4_0;0;0_0;0;0_-100;2;5475_-100;2;5475_-100;2;5475,31.1780821917808,Incidence,9.89718941310473e-05
NbyGQVwzFc_loc12_loop6,12,ITN 0%/IRS 0%/Larvicide 0%,0;0.4;0.4_0;0;0_0;0;0_-100;2;5475_-100;2;5475_-100;2;5475,31.1808219178082,Incidence,9.89921756527651e-05
NbyGQVwzFc_loc12_loop6,12,ITN 0%/IRS 0%/Larvicide 0%,0;0.4;0.4_0;0;0_0;0;0_-100;2;5475_-100;2;5475_-100;2;5475,31.1835616438356,Incidence,9.90125698708614e-05
NbyGQVwzFc_loc12_loop6,12,ITN 0%/IRS 0%/Larvicide 0%,0;0.4;0.4_0;0;0_0;0;0_-100;2;5475_-100;2;5475_-100;2;5475,31.186301369863,Incidence,9.90330767087267e-05
NbyGQVwzFc_loc12_loop6,12,ITN 0%/IRS 0%/Larvicide 0%,0;0.4;0.4_0;0;0_0;0;0_-100;2;5475_-100;2;5475_-100;2;5475,31.1890410958904,Incidence,9.90536960898307e-05
NbyGQVwzFc_loc12_loop6,12,ITN 0%/IRS 0%/Larvicide 0%,0;0.4;0.4_0;0;0_0;0;0_-100;2;5475_-100;2;5475_-100;2;5475,31.1917808219178,Incidence,9.90744279377534e-05
NbyGQVwzFc_loc12_loop6,12,ITN 0%/IRS 0%/Larvicide 0%,0;0.4;0.4_0;0;0_0;0;0_-100;2;5475_-100;2;5475_-100;2;5475,31.1945205479452,Incidence,9.90952721761261e-05
NbyGQVwzFc_loc12_loop6,12,ITN 0%/IRS 0%/Larvicide 0%,0;0.4;0.4_0;0;0_0;0;0_-100;2;5475_-100;2;5475_-100;2;5475,31.1972602739726,Incidence,9.91162287287048e-05
NbyGQVwzFc_loc12_loop6,12,ITN 0%/IRS 0%/Larvicide 0%,0;0.4;0.4_0;0;0_0;0;0_-100;2;5475_-100;2;5475_-100;2;5475,31.2,Incidence,9.91372975193945e-05
NbyGQVwzFc_loc12_loop6,12,ITN 0%/IRS 0%/Larvicide 0%,0;0.4;0.4_0;0;0_0;0;0_-100;2;5475_-100;2;5475_-100;2;5475,31.2027397260274,Incidence,9.91584784721497e-05
NbyGQVwzFc_loc12_loop6,12,ITN 0%/IRS 0%/Larvicide 0%,0;0.4;0.4_0;0;0_0;0;0_-100;2;5475_-100;2;5475_-100;2;5475,31.2054794520548,Incidence,9.91797715110516e-05
NbyGQVwzFc_loc12_loop6,12,ITN 0%/IRS 0%/Larvicide 0%,0;0.4;0.4_0;0;0_0;0;0_-100;2;5475_-100;2;5475_-100;2;5475,31.2082191780822,Incidence,9.92011765603447e-05
NbyGQVwzFc_loc12_loop6,12,ITN 0%/IRS 0%/Larvicide 0%,0;0.4;0.4_0;0;0_0;0;0_-100;2;5475_-100;2;5475_-100;2;5475,31.2109589041096,Incidence,9.92226935443564e-05
NbyGQVwzFc_loc12_loop6,12,ITN 0%/IRS 0%/Larvicide 0%,0;0.4;0.4_0;0;0_0;0;0_-100;2;5475_-100;2;5475_-100;2;5475,31.213698630137,Incidence,9.92443223875396e-05
NbyGQVwzFc_loc12_loop6,12,ITN 0%/IRS 0%/Larvicide 0%,0;0.4;0.4_0;0;0_0;0;0_-100;2;5475_-100;2;5475_-100;2;5475,31.2164383561644,Incidence,9.926606301451e-05
NbyGQVwzFc_loc12_loop6,12,ITN 0%/IRS 0%/Larvicide 0%,0;0.4;0.4_0;0;0_0;0;0_-100;2;5475_-100;2;5475_-100;2;5475,31.2191780821918,Incidence,9.92879153499999e-05
NbyGQVwzFc_loc12_loop6,12,ITN 0%/IRS 0%/Larvicide 0%,0;0.4;0.4_0;0;0_0;0;0_-100;2;5475_-100;2;5475_-100;2;5475,31.2219178082192,Incidence,9.93098793188757e-05
NbyGQVwzFc_loc12_loop6,12,ITN 0%/IRS 0%/Larvicide 0%,0;0.4;0.4_0;0;0_0;0;0_-100;2;5475_-100;2;5475_-100;2;5475,31.2246575342466,Incidence,9.93319548461635e-05
NbyGQVwzFc_loc12_loop6,12,ITN 0%/IRS 0%/Larvicide 0%,0;0.4;0.4_0;0;0_0;0;0_-100;2;5475_-100;2;5475_-100;2;5475,31.227397260274,Incidence,9.93541418570291e-05
NbyGQVwzFc_loc12_loop6,12,ITN 0%/IRS 0%/Larvicide 0%,0;0.4;0.4_0;0;0_0;0;0_-100;2;5475_-100;2;5475_-100;2;5475,31.2301369863014,Incidence,9.93764402767866e-05
NbyGQVwzFc_loc12_loop6,12,ITN 0%/IRS 0%/Larvicide 0%,0;0.4;0.4_0;0;0_0;0;0_-100;2;5475_-100;2;5475_-100;2;5475,31.2328767123288,Incidence,9.93988500309096e-05
NbyGQVwzFc_loc12_loop6,12,ITN 0%/IRS 0%/Larvicide 0%,0;0.4;0.4_0;0;0_0;0;0_-100;2;5475_-100;2;5475_-100;2;5475,31.2356164383562,Incidence,9.94213710450281e-05
NbyGQVwzFc_loc12_loop6,12,ITN 0%/IRS 0%/Larvicide 0%,0;0.4;0.4_0;0;0_0;0;0_-100;2;5475_-100;2;5475_-100;2;5475,31.2383561643836,Incidence,9.94440032449318e-05
NbyGQVwzFc_loc12_loop6,12,ITN 0%/IRS 0%/Larvicide 0%,0;0.4;0.4_0;0;0_0;0;0_-100;2;5475_-100;2;5475_-100;2;5475,31.241095890411,Incidence,9.94667465597487e-05
NbyGQVwzFc_loc12_loop6,12,ITN 0%/IRS 0%/Larvicide 0%,0;0.4;0.4_0;0;0_0;0;0_-100;2;5475_-100;2;5475_-100;2;5475,31.2438356164384,Incidence,9.94896009220746e-05
NbyGQVwzFc_loc12_loop6,12,ITN 0%/IRS 0%/Larvicide 0%,0;0.4;0.4_0;0;0_0;0;0_-100;2;5475_-100;2;5475_-100;2;5475,31.2465753424658,Incidence,9.95125662546e-05
NbyGQVwzFc_loc12_loop6,12,ITN 0%/IRS 0%/Larvicide 0%,0;0.4;0.4_0;0;0_0;0;0_-100;2;5475_-100;2;5475_-100;2;5475,31.2493150684932,Incidence,9.95356424796153e-05
NbyGQVwzFc_loc12_loop6,12,ITN 0%/IRS 0%/Larvicide 0%,0;0.4;0.4_0;0;0_0;0;0_-100;2;5475_-100;2;5475_-100;2;5475,31.2520547945205,Incidence,9.95588295195301e-05
NbyGQVwzFc_loc12_loop6,12,ITN 0%/IRS 0%/Larvicide 0%,0;0.4;0.4_0;0;0_0;0;0_-100;2;5475_-100;2;5475_-100;2;5475,31.254794520548,Incidence,9.95821272968779e-05
NbyGQVwzFc_loc12_loop6,12,ITN 0%/IRS 0%/Larvicide 0%,0;0.4;0.4_0;0;0_0;0;0_-100;2;5475_-100;2;5475_-100;2;5475,31.2575342465753,Incidence,9.96055357343192e-05
NbyGQVwzFc_loc12_loop6,12,ITN 0%/IRS 0%/Larvicide 0%,0;0.4;0.4_0;0;0_0;0;0_-100;2;5475_-100;2;5475_-100;2;5475,31.2602739726027,Incidence,9.96290547546454e-05
NbyGQVwzFc_loc12_loop6,12,ITN 0%/IRS 0%/Larvicide 0%,0;0.4;0.4_0;0;0_0;0;0_-100;2;5475_-100;2;5475_-100;2;5475,31.2630136986301,Incidence,9.96526842807822e-05
NbyGQVwzFc_loc12_loop6,12,ITN 0%/IRS 0%/Larvicide 0%,0;0.4;0.4_0;0;0_0;0;0_-100;2;5475_-100;2;5475_-100;2;5475,31.2657534246575,Incidence,9.96764242357924e-05
NbyGQVwzFc_loc12_loop6,12,ITN 0%/IRS 0%/Larvicide 0%,0;0.4;0.4_0;0;0_0;0;0_-100;2;5475_-100;2;5475_-100;2;5475,31.2684931506849,Incidence,9.97002745428808e-05
NbyGQVwzFc_loc12_loop6,12,ITN 0%/IRS 0%/Larvicide 0%,0;0.4;0.4_0;0;0_0;0;0_-100;2;5475_-100;2;5475_-100;2;5475,31.2712328767123,Incidence,9.97242351253955e-05
NbyGQVwzFc_loc12_loop6,12,ITN 0%/IRS 0%/Larvicide 0%,0;0.4;0.4_0;0;0_0;0;0_-100;2;5475_-100;2;5475_-100;2;5475,31.2739726027397,Incidence,9.97483059068325e-05
NbyGQVwzFc_loc12_loop6,12,ITN 0%/IRS 0%/Larvicide 0%,0;0.4;0.4_0;0;0_0;0;0_-100;2;5475_-100;2;5475_-100;2;5475,31.2767123287671,Incidence,9.97724868108376e-05
NbyGQVwzFc_loc12_loop6,12,ITN 0%/IRS 0%/Larvicide 0%,0;0.4;0.4_0;0;0_0;0;0_-100;2;5475_-100;2;5475_-100;2;5475,31.2794520547945,Incidence,9.97967777612107e-05
NbyGQVwzFc_loc12_loop6,12,ITN 0%/IRS 0%/Larvicide 0%,0;0.4;0.4_0;0;0_0;0;0_-100;2;5475_-100;2;5475_-100;2;5475,31.2821917808219,Incidence,9.98211786819084e-05
NbyGQVwzFc_loc12_loop6,12,ITN 0%/IRS 0%/Larvicide 0%,0;0.4;0.4_0;0;0_0;0;0_-100;2;5475_-100;2;5475_-100;2;5475,31.2849315068493,Incidence,9.98456894970458e-05
NbyGQVwzFc_loc12_loop6,12,ITN 0%/IRS 0%/Larvicide 0%,0;0.4;0.4_0;0;0_0;0;0_-100;2;5475_-100;2;5475_-100;2;5475,31.2876712328767,Incidence,9.98703101309006e-05
NbyGQVwzFc_loc12_loop6,12,ITN 0%/IRS 0%/Larvicide 0%,0;0.4;0.4_0;0;0_0;0;0_-100;2;5475_-100;2;5475_-100;2;5475,31.2904109589041,Incidence,9.98950405079151e-05
NbyGQVwzFc_loc12_loop6,12,ITN 0%/IRS 0%/Larvicide 0%,0;0.4;0.4_0;0;0_0;0;0_-100;2;5475_-100;2;5475_-100;2;5475,31.2931506849315,Incidence,9.99198805526991e-05
NbyGQVwzFc_loc12_loop6,12,ITN 0%/IRS 0%/Larvicide 0%,0;0.4;0.4_0;0;0_0;0;0_-100;2;5475_-100;2;5475_-100;2;5475,31.2958904109589,Incidence,9.99448301900322e-05
NbyGQVwzFc_loc12_loop6,12,ITN 0%/IRS 0%/Larvicide 0%,0;0.4;0.4_0;0;0_0;0;0_-100;2;5475_-100;2;5475_-100;2;5475,31.2986301369863,Incidence,9.99698893448661e-05
NbyGQVwzFc_loc12_loop6,12,ITN 0%/IRS 0%/Larvicide 0%,0;0.4;0.4_0;0;0_0;0;0_-100;2;5475_-100;2;5475_-100;2;5475,31.3013698630137,Incidence,9.9995057942328e-05
NbyGQVwzFc_loc12_loop6,12,ITN 0%/IRS 0%/Larvicide 0%,0;0.4;0.4_0;0;0_0;0;0_-100;2;5475_-100;2;5475_-100;2;5475,31.3041095890411,Incidence,0.000100020335909023
NbyGQVwzFc_loc12_loop6,12,ITN 0%/IRS 0%/Larvicide 0%,0;0.4;0.4_0;0;0_0;0;0_-100;2;5475_-100;2;5475_-100;2;5475,31.3068493150685,Incidence,0.000100045723177458
NbyGQVwzFc_loc12_loop6,12,ITN 0%/IRS 0%/Larvicide 0%,0;0.4;0.4_0;0;0_0;0;0_-100;2;5475_-100;2;5475_-100;2;5475,31.3095890410959,Incidence,0.000100071219670819
NbyGQVwzFc_loc12_loop6,12,ITN 0%/IRS 0%/Larvicide 0%,0;0.4;0.4_0;0;0_0;0;0_-100;2;5475_-100;2;5475_-100;2;5475,31.3123287671233,Incidence,0.000100096825310679
NbyGQVwzFc_loc12_loop6,12,ITN 0%/IRS 0%/Larvicide 0%,0;0.4;0.4_0;0;0_0;0;0_-100;2;5475_-100;2;5475_-100;2;5475,31.3150684931507,Incidence,0.000100122540018748
NbyGQVwzFc_loc12_loop6,12,ITN 0%/IRS 0%/Larvicide 0%,0;0.4;0.4_0;0;0_0;0;0_-100;2;5475_-100;2;5475_-100;2;5475,31.3178082191781,Incidence,0.000100148363716881
NbyGQVwzFc_loc12_loop6,12,ITN 0%/IRS 0%/Larvicide 0%,0;0.4;0.4_0;0;0_0;0;0_-100;2;5475_-100;2;5475_-100;2;5475,31.3205479452055,Incidence,0.000100174296327076
NbyGQVwzFc_loc12_loop6,12,ITN 0%/IRS 0%/Larvicide 0%,0;0.4;0.4_0;0;0_0;0;0_-100;2;5475_-100;2;5475_-100;2;5475,31.3232876712329,Incidence,0.000100200337771478
NbyGQVwzFc_loc12_loop6,12,ITN 0%/IRS 0%/Larvicide 0%,0;0.4;0.4_0;0;0_0;0;0_-100;2;5475_-100;2;5475_-100;2;5475,31.3260273972603,Incidence,0.000100226487972381
NbyGQVwzFc_loc12_loop6,12,ITN 0%/IRS 0%/Larvicide 0%,0;0.4;0.4_0;0;0_0;0;0_-100;2;5475_-100;2;5475_-100;2;5475,31.3287671232877,Incidence,0.000100252746852234
NbyGQVwzFc_loc12_loop6,12,ITN 0%/IRS 0%/Larvicide 0%,0;0.4;0.4_0;0;0_0;0;0_-100;2;5475_-100;2;5475_-100;2;5475,31.3315068493151,Incidence,0.000100279114333639
NbyGQVwzFc_loc12_loop6,12,ITN 0%/IRS 0%/Larvicide 0%,0;0.4;0.4_0;0;0_0;0;0_-100;2;5475_-100;2;5475_-100;2;5475,31.3342465753425,Incidence,0.000100305590339355
NbyGQVwzFc_loc12_loop6,12,ITN 0%/IRS 0%/Larvicide 0%,0;0.4;0.4_0;0;0_0;0;0_-100;2;5475_-100;2;5475_-100;2;5475,31.3369863013699,Incidence,0.0001003321747923
NbyGQVwzFc_loc12_loop6,12,ITN 0%/IRS 0%/Larvicide 0%,0;0.4;0.4_0;0;0_0;0;0_-100;2;5475_-100;2;5475_-100;2;5475,31.3397260273973,Incidence,0.000100358867615556
NbyGQVwzFc_loc12_loop6,12,ITN 0%/IRS 0%/Larvicide 0%,0;0.4;0.4_0;0;0_0;0;0_-100;2;5475_-100;2;5475_-100;2;5475,31.3424657534247,Incidence,0.000100385668732367
NbyGQVwzFc_loc12_loop6,12,ITN 0%/IRS 0%/Larvicide 0%,0;0.4;0.4_0;0;0_0;0;0_-100;2;5475_-100;2;5475_-100;2;5475,31.3452054794521,Incidence,0.000100412578066143
NbyGQVwzFc_loc12_loop6,12,ITN 0%/IRS 0%/Larvicide 0%,0;0.4;0.4_0;0;0_0;0;0_-100;2;5475_-100;2;5475_-100;2;5475,31.3479452054795,Incidence,0.000100439595540462
NbyGQVwzFc_loc12_loop6,12,ITN 0%/IRS 0%/Larvicide 0%,0;0.4;0.4_0;0;0_0;0;0_-100;2;5475_-100;2;5475_-100;2;5475,31.3506849315069,Incidence,0.000100466721079073
NbyGQVwzFc_loc12_loop6,12,ITN 0%/IRS 0%/Larvicide 0%,0;0.4;0.4_0;0;0_0;0;0_-100;2;5475_-100;2;5475_-100;2;5475,31.3534246575343,Incidence,0.000100493954605896
NbyGQVwzFc_loc12_loop6,12,ITN 0%/IRS 0%/Larvicide 0%,0;0.4;0.4_0;0;0_0;0;0_-100;2;5475_-100;2;5475_-100;2;5475,31.3561643835616,Incidence,0.000100521296045025
NbyGQVwzFc_loc12_loop6,12,ITN 0%/IRS 0%/Larvicide 0%,0;0.4;0.4_0;0;0_0;0;0_-100;2;5475_-100;2;5475_-100;2;5475,31.358904109589,Incidence,0.00010054874532073
NbyGQVwzFc_loc12_loop6,12,ITN 0%/IRS 0%/Larvicide 0%,0;0.4;0.4_0;0;0_0;0;0_-100;2;5475_-100;2;5475_-100;2;5475,31.3616438356164,Incidence,0.000100576302357457
NbyGQVwzFc_loc12_loop6,12,ITN 0%/IRS 0%/Larvicide 0%,0;0.4;0.4_0;0;0_0;0;0_-100;2;5475_-100;2;5475_-100;2;5475,31.3643835616438,Incidence,0.000100603967079834
NbyGQVwzFc_loc12_loop6,12,ITN 0%/IRS 0%/Larvicide 0%,0;0.4;0.4_0;0;0_0;0;0_-100;2;5475_-100;2;5475_-100;2;5475,31.3671232876712,Incidence,0.000100631739412665
NbyGQVwzFc_loc12_loop6,12,ITN 0%/IRS 0%/Larvicide 0%,0;0.4;0.4_0;0;0_0;0;0_-100;2;5475_-100;2;5475_-100;2;5475,31.3698630136986,Incidence,0.000100659619282655
NbyGQVwzFc_loc12_loop6,12,ITN 0%/IRS 0%/Larvicide 0%,0;0.4;0.4_0;0;0_0;0;0_-100;2;5475_-100;2;5475_-100;2;5475,31.372602739726,Incidence,0.000100687606620829
NbyGQVwzFc_loc12_loop6,12,ITN 0%/IRS 0%/Larvicide 0%,0;0.4;0.4_0;0;0_0;0;0_-100;2;5475_-100;2;5475_-100;2;5475,31.3753424657534,Incidence,0.000100715701349287
NbyGQVwzFc_loc12_loop6,12,ITN 0%/IRS 0%/Larvicide 0%,0;0.4;0.4_0;0;0_0;0;0_-100;2;5475_-100;2;5475_-100;2;5475,31.3780821917808,Incidence,0.000100743903389236
NbyGQVwzFc_loc12_loop6,12,ITN 0%/IRS 0%/Larvicide 0%,0;0.4;0.4_0;0;0_0;0;0_-100;2;5475_-100;2;5475_-100;2;5475,31.3808219178082,Incidence,0.000100772212662037
NbyGQVwzFc_loc12_loop6,12,ITN 0%/IRS 0%/Larvicide 0%,0;0.4;0.4_0;0;0_0;0;0_-100;2;5475_-100;2;5475_-100;2;5475,31.3835616438356,Incidence,0.000100800629089202
NbyGQVwzFc_loc12_loop6,12,ITN 0%/IRS 0%/Larvicide 0%,0;0.4;0.4_0;0;0_0;0;0_-100;2;5475_-100;2;5475_-100;2;5475,31.386301369863,Incidence,0.000100829152592396
NbyGQVwzFc_loc12_loop6,12,ITN 0%/IRS 0%/Larvicide 0%,0;0.4;0.4_0;0;0_0;0;0_-100;2;5475_-100;2;5475_-100;2;5475,31.3890410958904,Incidence,0.000100857783093444
NbyGQVwzFc_loc12_loop6,12,ITN 0%/IRS 0%/Larvicide 0%,0;0.4;0.4_0;0;0_0;0;0_-100;2;5475_-100;2;5475_-100;2;5475,31.3917808219178,Incidence,0.000100886520514323
NbyGQVwzFc_loc12_loop6,12,ITN 0%/IRS 0%/Larvicide 0%,0;0.4;0.4_0;0;0_0;0;0_-100;2;5475_-100;2;5475_-100;2;5475,31.3945205479452,Incidence,0.000100915364777175
NbyGQVwzFc_loc12_loop6,12,ITN 0%/IRS 0%/Larvicide 0%,0;0.4;0.4_0;0;0_0;0;0_-100;2;5475_-100;2;5475_-100;2;5475,31.3972602739726,Incidence,0.000100944315804301
NbyGQVwzFc_loc12_loop6,12,ITN 0%/IRS 0%/Larvicide 0%,0;0.4;0.4_0;0;0_0;0;0_-100;2;5475_-100;2;5475_-100;2;5475,31.4,Incidence,0.000100973373518163
NbyGQVwzFc_loc12_loop6,12,ITN 0%/IRS 0%/Larvicide 0%,0;0.4;0.4_0;0;0_0;0;0_-100;2;5475_-100;2;5475_-100;2;5475,31.4027397260274,Incidence,0.000101002537841392
NbyGQVwzFc_loc12_loop6,12,ITN 0%/IRS 0%/Larvicide 0%,0;0.4;0.4_0;0;0_0;0;0_-100;2;5475_-100;2;5475_-100;2;5475,31.4054794520548,Incidence,0.000101031808696781
NbyGQVwzFc_loc12_loop6,12,ITN 0%/IRS 0%/Larvicide 0%,0;0.4;0.4_0;0;0_0;0;0_-100;2;5475_-100;2;5475_-100;2;5475,31.4082191780822,Incidence,0.000101061186007291
NbyGQVwzFc_loc12_loop6,12,ITN 0%/IRS 0%/Larvicide 0%,0;0.4;0.4_0;0;0_0;0;0_-100;2;5475_-100;2;5475_-100;2;5475,31.4109589041096,Incidence,0.000101090669696054
NbyGQVwzFc_loc12_loop6,12,ITN 0%/IRS 0%/Larvicide 0%,0;0.4;0.4_0;0;0_0;0;0_-100;2;5475_-100;2;5475_-100;2;5475,31.413698630137,Incidence,0.000101120259686369
NbyGQVwzFc_loc12_loop6,12,ITN 0%/IRS 0%/Larvicide 0%,0;0.4;0.4_0;0;0_0;0;0_-100;2;5475_-100;2;5475_-100;2;5475,31.4164383561644,Incidence,0.000101149955901708
NbyGQVwzFc_loc12_loop6,12,ITN 0%/IRS 0%/Larvicide 0%,0;0.4;0.4_0;0;0_0;0;0_-100;2;5475_-100;2;5475_-100;2;5475,31.4191780821918,Incidence,0.000101179758265717
NbyGQVwzFc_loc12_loop6,12,ITN 0%/IRS 0%/Larvicide 0%,0;0.4;0.4_0;0;0_0;0;0_-100;2;5475_-100;2;5475_-100;2;5475,31.4219178082192,Incidence,0.000101209666702214
NbyGQVwzFc_loc12_loop6,12,ITN 0%/IRS 0%/Larvicide 0%,0;0.4;0.4_0;0;0_0;0;0_-100;2;5475_-100;2;5475_-100;2;5475,31.4246575342466,Incidence,0.000101239681135191
NbyGQVwzFc_loc12_loop6,12,ITN 0%/IRS 0%/Larvicide 0%,0;0.4;0.4_0;0;0_0;0;0_-100;2;5475_-100;2;5475_-100;2;5475,31.427397260274,Incidence,0.000101269801488818
NbyGQVwzFc_loc12_loop6,12,ITN 0%/IRS 0%/Larvicide 0%,0;0.4;0.4_0;0;0_0;0;0_-100;2;5475_-100;2;5475_-100;2;5475,31.4301369863014,Incidence,0.000101300027687443
NbyGQVwzFc_loc12_loop6,12,ITN 0%/IRS 0%/Larvicide 0%,0;0.4;0.4_0;0;0_0;0;0_-100;2;5475_-100;2;5475_-100;2;5475,31.4328767123288,Incidence,0.000101330359655588
NbyGQVwzFc_loc12_loop6,12,ITN 0%/IRS 0%/Larvicide 0%,0;0.4;0.4_0;0;0_0;0;0_-100;2;5475_-100;2;5475_-100;2;5475,31.4356164383562,Incidence,0.000101360797317957
NbyGQVwzFc_loc12_loop6,12,ITN 0%/IRS 0%/Larvicide 0%,0;0.4;0.4_0;0;0_0;0;0_-100;2;5475_-100;2;5475_-100;2;5475,31.4383561643836,Incidence,0.00010139134060363
NbyGQVwzFc_loc12_loop6,12,ITN 0%/IRS 0%/Larvicide 0%,0;0.4;0.4_0;0;0_0;0;0_-100;2;5475_-100;2;5475_-100;2;5475,31.441095890411,Incidence,0.00010142198943936
NbyGQVwzFc_loc12_loop6,12,ITN 0%/IRS 0%/Larvicide 0%,0;0.4;0.4_0;0;0_0;0;0_-100;2;5475_-100;2;5475_-100;2;5475,31.4438356164384,Incidence,0.000101452743746078
NbyGQVwzFc_loc12_loop6,12,ITN 0%/IRS 0%/Larvicide 0%,0;0.4;0.4_0;0;0_0;0;0_-100;2;5475_-100;2;5475_-100;2;5475,31.4465753424658,Incidence,0.000101483603444865
NbyGQVwzFc_loc12_loop6,12,ITN 0%/IRS 0%/Larvicide 0%,0;0.4;0.4_0;0;0_0;0;0_-100;2;5475_-100;2;5475_-100;2;5475,31.4493150684932,Incidence,0.000101514568456956
NbyGQVwzFc_loc12_loop6,12,ITN 0%/IRS 0%/Larvicide 0%,0;0.4;0.4_0;0;0_0;0;0_-100;2;5475_-100;2;5475_-100;2;5475,31.4520547945206,Incidence,0.000101545638703742
NbyGQVwzFc_loc12_loop6,12,ITN 0%/IRS 0%/Larvicide 0%,0;0.4;0.4_0;0;0_0;0;0_-100;2;5475_-100;2;5475_-100;2;5475,31.454794520548,Incidence,0.00010157681410677
NbyGQVwzFc_loc12_loop6,12,ITN 0%/IRS 0%/Larvicide 0%,0;0.4;0.4_0;0;0_0;0;0_-100;2;5475_-100;2;5475_-100;2;5475,31.4575342465753,Incidence,0.000101608094587745
NbyGQVwzFc_loc12_loop6,12,ITN 0%/IRS 0%/Larvicide 0%,0;0.4;0.4_0;0;0_0;0;0_-100;2;5475_-100;2;5475_-100;2;5475,31.4602739726027,Incidence,0.000101639480068531
NbyGQVwzFc_loc12_loop6,12,ITN 0%/IRS 0%/Larvicide 0%,0;0.4;0.4_0;0;0_0;0;0_-100;2;5475_-100;2;5475_-100;2;5475,31.4630136986301,Incidence,0.000101670970471151
NbyGQVwzFc_loc12_loop6,12,ITN 0%/IRS 0%/Larvicide 0%,0;0.4;0.4_0;0;0_0;0;0_-100;2;5475_-100;2;5475_-100;2;5475,31.4657534246575,Incidence,0.000101702565717789
NbyGQVwzFc_loc12_loop6,12,ITN 0%/IRS 0%/Larvicide 0%,0;0.4;0.4_0;0;0_0;0;0_-100;2;5475_-100;2;5475_-100;2;5475,31.4684931506849,Incidence,0.000101734265730791
NbyGQVwzFc_loc12_loop6,12,ITN 0%/IRS 0%/Larvicide 0%,0;0.4;0.4_0;0;0_0;0;0_-100;2;5475_-100;2;5475_-100;2;5475,31.4712328767123,Incidence,0.000101766070432666
NbyGQVwzFc_loc12_loop6,12,ITN 0%/IRS 0%/Larvicide 0%,0;0.4;0.4_0;0;0_0;0;0_-100;2;5475_-100;2;5475_-100;2;5475,31.4739726027397,Incidence,0.000101797979746085
NbyGQVwzFc_loc12_loop6,12,ITN 0%/IRS 0%/Larvicide 0%,0;0.4;0.4_0;0;0_0;0;0_-100;2;5475_-100;2;5475_-100;2;5475,31.4767123287671,Incidence,0.000101829993593885
NbyGQVwzFc_loc12_loop6,12,ITN 0%/IRS 0%/Larvicide 0%,0;0.4;0.4_0;0;0_0;0;0_-100;2;5475_-100;2;5475_-100;2;5475,31.4794520547945,Incidence,0.000101862111899067
NbyGQVwzFc_loc12_loop6,12,ITN 0%/IRS 0%/Larvicide 0%,0;0.4;0.4_0;0;0_0;0;0_-100;2;5475_-100;2;5475_-100;2;5475,31.4821917808219,Incidence,0.000101894334584799
NbyGQVwzFc_loc12_loop6,12,ITN 0%/IRS 0%/Larvicide 0%,0;0.4;0.4_0;0;0_0;0;0_-100;2;5475_-100;2;5475_-100;2;5475,31.4849315068493,Incidence,0.000101926661574415
NbyGQVwzFc_loc12_loop6,12,ITN 0%/IRS 0%/Larvicide 0%,0;0.4;0.4_0;0;0_0;0;0_-100;2;5475_-100;2;5475_-100;2;5475,31.4876712328767,Incidence,0.000101959092791416
NbyGQVwzFc_loc12_loop6,12,ITN 0%/IRS 0%/Larvicide 0%,0;0.4;0.4_0;0;0_0;0;0_-100;2;5475_-100;2;5475_-100;2;5475,31.4904109589041,Incidence,0.000101991628159472
NbyGQVwzFc_loc12_loop6,12,ITN 0%/IRS 0%/Larvicide 0%,0;0.4;0.4_0;0;0_0;0;0_-100;2;5475_-100;2;5475_-100;2;5475,31.4931506849315,Incidence,0.00010202426760242
NbyGQVwzFc_loc12_loop6,12,ITN 0%/IRS 0%/Larvicide 0%,0;0.4;0.4_0;0;0_0;0;0_-100;2;5475_-100;2;5475_-100;2;5475,31.4958904109589,Incidence,0.000102057011044266
NbyGQVwzFc_loc12_loop6,12,ITN 0%/IRS 0%/Larvicide 0%,0;0.4;0.4_0;0;0_0;0;0_-100;2;5475_-100;2;5475_-100;2;5475,31.4986301369863,Incidence,0.000102089858409186
NbyGQVwzFc_loc12_loop6,12,ITN 0%/IRS 0%/Larvicide 0%,0;0.4;0.4_0;0;0_0;0;0_-100;2;5475_-100;2;5475_-100;2;5475,31.5013698630137,Incidence,0.000102122809621526
NbyGQVwzFc_loc12_loop6,12,ITN 0%/IRS 0%/Larvicide 0%,0;0.4;0.4_0;0;0_0;0;0_-100;2;5475_-100;2;5475_-100;2;5475,31.5041095890411,Incidence,0.000102155864605801
NbyGQVwzFc_loc12_loop6,12,ITN 0%/IRS 0%/Larvicide 0%,0;0.4;0.4_0;0;0_0;0;0_-100;2;5475_-100;2;5475_-100;2;5475,31.5068493150685,Incidence,0.000102189023288387
NbyGQVwzFc_loc12_loop6,12,ITN 0%/IRS 0%/Larvicide 0%,0;0.4;0.4_0;0;0_0;0;0_-100;2;5475_-100;2;5475_-100;2;5475,31.5095890410959,Incidence,0.000102222285598261
NbyGQVwzFc_loc12_loop6,12,ITN 0%/IRS 0%/Larvicide 0%,0;0.4;0.4_0;0;0_0;0;0_-100;2;5475_-100;2;5475_-100;2;5475,31.5123287671233,Incidence,0.000102255651456814
NbyGQVwzFc_loc12_loop6,12,ITN 0%/IRS 0%/Larvicide 0%,0;0.4;0.4_0;0;0_0;0;0_-100;2;5475_-100;2;5475_-100;2;5475,31.5150684931507,Incidence,0.000102289120784959
NbyGQVwzFc_loc12_loop6,12,ITN 0%/IRS 0%/Larvicide 0%,0;0.4;0.4_0;0;0_0;0;0_-100;2;5475_-100;2;5475_-100;2;5475,31.5178082191781,Incidence,0.000102322693503758
NbyGQVwzFc_loc12_loop6,12,ITN 0%/IRS 0%/Larvicide 0%,0;0.4;0.4_0;0;0_0;0;0_-100;2;5475_-100;2;5475_-100;2;5475,31.5205479452055,Incidence,0.000102356369534427
NbyGQVwzFc_loc12_loop6,12,ITN 0%/IRS 0%/Larvicide 0%,0;0.4;0.4_0;0;0_0;0;0_-100;2;5475_-100;2;5475_-100;2;5475,31.5232876712329,Incidence,0.000102390148798328
NbyGQVwzFc_loc12_loop6,12,ITN 0%/IRS 0%/Larvicide 0%,0;0.4;0.4_0;0;0_0;0;0_-100;2;5475_-100;2;5475_-100;2;5475,31.5260273972603,Incidence,0.000102424031216981
NbyGQVwzFc_loc12_loop6,12,ITN 0%/IRS 0%/Larvicide 0%,0;0.4;0.4_0;0;0_0;0;0_-100;2;5475_-100;2;5475_-100;2;5475,31.5287671232877,Incidence,0.000102458016712052
NbyGQVwzFc_loc12_loop6,12,ITN 0%/IRS 0%/Larvicide 0%,0;0.4;0.4_0;0;0_0;0;0_-100;2;5475_-100;2;5475_-100;2;5475,31.5315068493151,Incidence,0.000102492105205366
NbyGQVwzFc_loc12_loop6,12,ITN 0%/IRS 0%/Larvicide 0%,0;0.4;0.4_0;0;0_0;0;0_-100;2;5475_-100;2;5475_-100;2;5475,31.5342465753425,Incidence,0.000102526296618897
NbyGQVwzFc_loc12_loop6,12,ITN 0%/IRS 0%/Larvicide 0%,0;0.4;0.4_0;0;0_0;0;0_-100;2;5475_-100;2;5475_-100;2;5475,31.5369863013699,Incidence,0.000102560590874776
NbyGQVwzFc_loc12_loop6,12,ITN 0%/IRS 0%/Larvicide 0%,0;0.4;0.4_0;0;0_0;0;0_-100;2;5475_-100;2;5475_-100;2;5475,31.5397260273973,Incidence,0.000102594987895286
NbyGQVwzFc_loc12_loop6,12,ITN 0%/IRS 0%/Larvicide 0%,0;0.4;0.4_0;0;0_0;0;0_-100;2;5475_-100;2;5475_-100;2;5475,31.5424657534247,Incidence,0.000102629487602865
NbyGQVwzFc_loc12_loop6,12,ITN 0%/IRS 0%/Larvicide 0%,0;0.4;0.4_0;0;0_0;0;0_-100;2;5475_-100;2;5475_-100;2;5475,31.5452054794521,Incidence,0.00010266408992011
NbyGQVwzFc_loc12_loop6,12,ITN 0%/IRS 0%/Larvicide 0%,0;0.4;0.4_0;0;0_0;0;0_-100;2;5475_-100;2;5475_-100;2;5475,31.5479452054795,Incidence,0.000102698794769766
NbyGQVwzFc_loc12_loop6,12,ITN 0%/IRS 0%/Larvicide 0%,0;0.4;0.4_0;0;0_0;0;0_-100;2;5475_-100;2;5475_-100;2;5475,31.5506849315069,Incidence,0.000102733602074741
NbyGQVwzFc_loc12_loop6,12,ITN 0%/IRS 0%/Larvicide 0%,0;0.4;0.4_0;0;0_0;0;0_-100;2;5475_-100;2;5475_-100;2;5475,31.5534246575343,Incidence,0.000102768511758095
NbyGQVwzFc_loc12_loop6,12,ITN 0%/IRS 0%/Larvicide 0%,0;0.4;0.4_0;0;0_0;0;0_-100;2;5475_-100;2;5475_-100;2;5475,31.5561643835616,Incidence,0.000102803523743045
NbyGQVwzFc_loc12_loop6,12,ITN 0%/IRS 0%/Larvicide 0%,0;0.4;0.4_0;0;0_0;0;0_-100;2;5475_-100;2;5475_-100;2;5475,31.558904109589,Incidence,0.000102838637952963
NbyGQVwzFc_loc12_loop6,12,ITN 0%/IRS 0%/Larvicide 0%,0;0.4;0.4_0;0;0_0;0;0_-100;2;5475_-100;2;5475_-100;2;5475,31.5616438356164,Incidence,0.000102873854311381
NbyGQVwzFc_loc12_loop6,12,ITN 0%/IRS 0%/Larvicide 0%,0;0.4;0.4_0;0;0_0;0;0_-100;2;5475_-100;2;5475_-100;2;5475,31.5643835616438,Incidence,0.000102909172741983
NbyGQVwzFc_loc12_loop6,12,ITN 0%/IRS 0%/Larvicide 0%,0;0.4;0.4_0;0;0_0;0;0_-100;2;5475_-100;2;5475_-100;2;5475,31.5671232876712,Incidence,0.000102944593168613
NbyGQVwzFc_loc12_loop6,12,ITN 0%/IRS 0%/Larvicide 0%,0;0.4;0.4_0;0;0_0;0;0_-100;2;5475_-100;2;5475_-100;2;5475,31.5698630136986,Incidence,0.000102980115515269
NbyGQVwzFc_loc12_loop6,12,ITN 0%/IRS 0%/Larvicide 0%,0;0.4;0.4_0;0;0_0;0;0_-100;2;5475_-100;2;5475_-100;2;5475,31.572602739726,Incidence,0.000103015739706109
NbyGQVwzFc_loc12_loop6,12,ITN 0%/IRS 0%/Larvicide 0%,0;0.4;0.4_0;0;0_0;0;0_-100;2;5475_-100;2;5475_-100;2;5475,31.5753424657534,Incidence,0.000103051465665443
NbyGQVwzFc_loc12_loop6,12,ITN 0%/IRS 0%/Larvicide 0%,0;0.4;0.4_0;0;0_0;0;0_-100;2;5475_-100;2;5475_-100;2;5475,31.5780821917808,Incidence,0.000103087293318673
NbyGQVwzFc_loc12_loop6,12,ITN 0%/IRS 0%/Larvicide 0%,0;0.4;0.4_0;0;0_0;0;0_-100;2;5475_-100;2;5475_-100;2;5475,31.5808219178082,Incidence,0.000103123222594528
NbyGQVwzFc_loc12_loop6,12,ITN 0%/IRS 0%/Larvicide 0%,0;0.4;0.4_0;0;0_0;0;0_-100;2;5475_-100;2;5475_-100;2;5475,31.5835616438356,Incidence,0.000103159253414748
NbyGQVwzFc_loc12_loop6,12,ITN 0%/IRS 0%/Larvicide 0%,0;0.4;0.4_0;0;0_0;0;0_-100;2;5475_-100;2;5475_-100;2;5475,31.586301369863,Incidence,0.000103195385700078
NbyGQVwzFc_loc12_loop6,12,ITN 0%/IRS 0%/Larvicide 0%,0;0.4;0.4_0;0;0_0;0;0_-100;2;5475_-100;2;5475_-100;2;5475,31.5890410958904,Incidence,0.000103231619371403
NbyGQVwzFc_loc12_loop6,12,ITN 0%/IRS 0%/Larvicide 0%,0;0.4;0.4_0;0;0_0;0;0_-100;2;5475_-100;2;5475_-100;2;5475,31.5917808219178,Incidence,0.000103267954349751
NbyGQVwzFc_loc12_loop6,12,ITN 0%/IRS 0%/Larvicide 0%,0;0.4;0.4_0;0;0_0;0;0_-100;2;5475_-100;2;5475_-100;2;5475,31.5945205479452,Incidence,0.000103304390556289
NbyGQVwzFc_loc12_loop6,12,ITN 0%/IRS 0%/Larvicide 0%,0;0.4;0.4_0;0;0_0;0;0_-100;2;5475_-100;2;5475_-100;2;5475,31.5972602739726,Incidence,0.000103340927912325
NbyGQVwzFc_loc12_loop6,12,ITN 0%/IRS 0%/Larvicide 0%,0;0.4;0.4_0;0;0_0;0;0_-100;2;5475_-100;2;5475_-100;2;5475,31.6,Incidence,0.00010337756633931
NbyGQVwzFc_loc12_loop6,12,ITN 0%/IRS 0%/Larvicide 0%,0;0.4;0.4_0;0;0_0;0;0_-100;2;5475_-100;2;5475_-100;2;5475,31.6027397260274,Incidence,0.000103414305758836
NbyGQVwzFc_loc12_loop6,12,ITN 0%/IRS 0%/Larvicide 0%,0;0.4;0.4_0;0;0_0;0;0_-100;2;5475_-100;2;5475_-100;2;5475,31.6054794520548,Incidence,0.000103451146092634
NbyGQVwzFc_loc12_loop6,12,ITN 0%/IRS 0%/Larvicide 0%,0;0.4;0.4_0;0;0_0;0;0_-100;2;5475_-100;2;5475_-100;2;5475,31.6082191780822,Incidence,0.000103488087262579
NbyGQVwzFc_loc12_loop6,12,ITN 0%/IRS 0%/Larvicide 0%,0;0.4;0.4_0;0;0_0;0;0_-100;2;5475_-100;2;5475_-100;2;5475,31.6109589041096,Incidence,0.000103525129190688
NbyGQVwzFc_loc12_loop6,12,ITN 0%/IRS 0%/Larvicide 0%,0;0.4;0.4_0;0;0_0;0;0_-100;2;5475_-100;2;5475_-100;2;5475,31.613698630137,Incidence,0.000103562271799117
NbyGQVwzFc_loc12_loop6,12,ITN 0%/IRS 0%/Larvicide 0%,0;0.4;0.4_0;0;0_0;0;0_-100;2;5475_-100;2;5475_-100;2;5475,31.6164383561644,Incidence,0.000103599515010165
NbyGQVwzFc_loc12_loop6,12,ITN 0%/IRS 0%/Larvicide 0%,0;0.4;0.4_0;0;0_0;0;0_-100;2;5475_-100;2;5475_-100;2;5475,31.6191780821918,Incidence,0.000103636858746272
NbyGQVwzFc_loc12_loop6,12,ITN 0%/IRS 0%/Larvicide 0%,0;0.4;0.4_0;0;0_0;0;0_-100;2;5475_-100;2;5475_-100;2;5475,31.6219178082192,Incidence,0.000103674302930019
NbyGQVwzFc_loc12_loop6,12,ITN 0%/IRS 0%/Larvicide 0%,0;0.4;0.4_0;0;0_0;0;0_-100;2;5475_-100;2;5475_-100;2;5475,31.6246575342466,Incidence,0.000103711847484129
NbyGQVwzFc_loc12_loop6,12,ITN 0%/IRS 0%/Larvicide 0%,0;0.4;0.4_0;0;0_0;0;0_-100;2;5475_-100;2;5475_-100;2;5475,31.627397260274,Incidence,0.000103749492331464
NbyGQVwzFc_loc12_loop6,12,ITN 0%/IRS 0%/Larvicide 0%,0;0.4;0.4_0;0;0_0;0;0_-100;2;5475_-100;2;5475_-100;2;5475,31.6301369863014,Incidence,0.000103787237395029
NbyGQVwzFc_loc12_loop6,12,ITN 0%/IRS 0%/Larvicide 0%,0;0.4;0.4_0;0;0_0;0;0_-100;2;5475_-100;2;5475_-100;2;5475,31.6328767123288,Incidence,0.000103825082597969
NbyGQVwzFc_loc12_loop6,12,ITN 0%/IRS 0%/Larvicide 0%,0;0.4;0.4_0;0;0_0;0;0_-100;2;5475_-100;2;5475_-100;2;5475,31.6356164383562,Incidence,0.000103863027863567
NbyGQVwzFc_loc12_loop6,12,ITN 0%/IRS 0%/Larvicide 0%,0;0.4;0.4_0;0;0_0;0;0_-100;2;5475_-100;2;5475_-100;2;5475,31.6383561643836,Incidence,0.00010390107311525
NbyGQVwzFc_loc12_loop6,12,ITN 0%/IRS 0%/Larvicide 0%,0;0.4;0.4_0;0;0_0;0;0_-100;2;5475_-100;2;5475_-100;2;5475,31.641095890411,Incidence,0.000103939218276581
NbyGQVwzFc_loc12_loop6,12,ITN 0%/IRS 0%/Larvicide 0%,0;0.4;0.4_0;0;0_0;0;0_-100;2;5475_-100;2;5475_-100;2;5475,31.6438356164384,Incidence,0.000103977463271264
NbyGQVwzFc_loc12_loop6,12,ITN 0%/IRS 0%/Larvicide 0%,0;0.4;0.4_0;0;0_0;0;0_-100;2;5475_-100;2;5475_-100;2;5475,31.6465753424658,Incidence,0.000104015808023142
NbyGQVwzFc_loc12_loop6,12,ITN 0%/IRS 0%/Larvicide 0%,0;0.4;0.4_0;0;0_0;0;0_-100;2;5475_-100;2;5475_-100;2;5475,31.6493150684932,Incidence,0.000104054252456196
NbyGQVwzFc_loc12_loop6,12,ITN 0%/IRS 0%/Larvicide 0%,0;0.4;0.4_0;0;0_0;0;0_-100;2;5475_-100;2;5475_-100;2;5475,31.6520547945206,Incidence,0.000104092796495353
NbyGQVwzFc_loc12_loop6,12,ITN 0%/IRS 0%/Larvicide 0%,0;0.4;0.4_0;0;0_0;0;0_-100;2;5475_-100;2;5475_-100;2;5475,31.654794520548,Incidence,0.000104131440068391
NbyGQVwzFc_loc12_loop6,12,ITN 0%/IRS 0%/Larvicide 0%,0;0.4;0.4_0;0;0_0;0;0_-100;2;5475_-100;2;5475_-100;2;5475,31.6575342465753,Incidence,0.000104170183096696
NbyGQVwzFc_loc12_loop6,12,ITN 0%/IRS 0%/Larvicide 0%,0;0.4;0.4_0;0;0_0;0;0_-100;2;5475_-100;2;5475_-100;2;5475,31.6602739726027,Incidence,0.000104209025500737
NbyGQVwzFc_loc12_loop6,12,ITN 0%/IRS 0%/Larvicide 0%,0;0.4;0.4_0;0;0_0;0;0_-100;2;5475_-100;2;5475_-100;2;5475,31.6630136986301,Incidence,0.00010424796720111
NbyGQVwzFc_loc12_loop6,12,ITN 0%/IRS 0%/Larvicide 0%,0;0.4;0.4_0;0;0_0;0;0_-100;2;5475_-100;2;5475_-100;2;5475,31.6657534246575,Incidence,0.000104287008118537
NbyGQVwzFc_loc12_loop6,12,ITN 0%/IRS 0%/Larvicide 0%,0;0.4;0.4_0;0;0_0;0;0_-100;2;5475_-100;2;5475_-100;2;5475,31.6684931506849,Incidence,0.000104326148173866
NbyGQVwzFc_loc12_loop6,12,ITN 0%/IRS 0%/Larvicide 0%,0;0.4;0.4_0;0;0_0;0;0_-100;2;5475_-100;2;5475_-100;2;5475,31.6712328767123,Incidence,0.000104365387288072
NbyGQVwzFc_loc12_loop6,12,ITN 0%/IRS 0%/Larvicide 0%,0;0.4;0.4_0;0;0_0;0;0_-100;2;5475_-100;2;5475_-100;2;5475,31.6739726027397,Incidence,0.000104404725382256
NbyGQVwzFc_loc12_loop6,12,ITN 0%/IRS 0%/Larvicide 0%,0;0.4;0.4_0;0;0_0;0;0_-100;2;5475_-100;2;5475_-100;2;5475,31.6767123287671,Incidence,0.000104444162377642
NbyGQVwzFc_loc12_loop6,12,ITN 0%/IRS 0%/Larvicide 0%,0;0.4;0.4_0;0;0_0;0;0_-100;2;5475_-100;2;5475_-100;2;5475,31.6794520547945,Incidence,0.000104483698195583
NbyGQVwzFc_loc12_loop6,12,ITN 0%/IRS 0%/Larvicide 0%,0;0.4;0.4_0;0;0_0;0;0_-100;2;5475_-100;2;5475_-100;2;5475,31.6821917808219,Incidence,0.000104523332757554
NbyGQVwzFc_loc12_loop6,12,ITN 0%/IRS 0%/Larvicide 0%,0;0.4;0.4_0;0;0_0;0;0_-100;2;5475_-100;2;5475_-100;2;5475,31.6849315068493,Incidence,0.000104563065985155
NbyGQVwzFc_loc12_loop6,12,ITN 0%/IRS 0%/Larvicide 0%,0;0.4;0.4_0;0;0_0;0;0_-100;2;5475_-100;2;5475_-100;2;5475,31.6876712328767,Incidence,0.000104602897800113
NbyGQVwzFc_loc12_loop6,12,ITN 0%/IRS 0%/Larvicide 0%,0;0.4;0.4_0;0;0_0;0;0_-100;2;5475_-100;2;5475_-100;2;5475,31.6904109589041,Incidence,0.000104642828124276
NbyGQVwzFc_loc12_loop6,12,ITN 0%/IRS 0%/Larvicide 0%,0;0.4;0.4_0;0;0_0;0;0_-100;2;5475_-100;2;5475_-100;2;5475,31.6931506849315,Incidence,0.000104682856879616
NbyGQVwzFc_loc12_loop6,12,ITN 0%/IRS 0%/Larvicide 0%,0;0.4;0.4_0;0;0_0;0;0_-100;2;5475_-100;2;5475_-100;2;5475,31.6958904109589,Incidence,0.000104722983988231
NbyGQVwzFc_loc12_loop6,12,ITN 0%/IRS 0%/Larvicide 0%,0;0.4;0.4_0;0;0_0;0;0_-100;2;5475_-100;2;5475_-100;2;5475,31.6986301369863,Incidence,0.000104763209372338
NbyGQVwzFc_loc12_loop6,12,ITN 0%/IRS 0%/Larvicide 0%,0;0.4;0.4_0;0;0_0;0;0_-100;2;5475_-100;2;5475_-100;2;5475,31.7013698630137,Incidence,0.000104803532954277
NbyGQVwzFc_loc12_loop6,12,ITN 0%/IRS 0%/Larvicide 0%,0;0.4;0.4_0;0;0_0;0;0_-100;2;5475_-100;2;5475_-100;2;5475,31.7041095890411,Incidence,0.000104843954656512
NbyGQVwzFc_loc12_loop6,12,ITN 0%/IRS 0%/Larvicide 0%,0;0.4;0.4_0;0;0_0;0;0_-100;2;5475_-100;2;5475_-100;2;5475,31.7068493150685,Incidence,0.000104884474401627
NbyGQVwzFc_loc12_loop6,12,ITN 0%/IRS 0%/Larvicide 0%,0;0.4;0.4_0;0;0_0;0;0_-100;2;5475_-100;2;5475_-100;2;5475,31.7095890410959,Incidence,0.000104925092112327
NbyGQVwzFc_loc12_loop6,12,ITN 0%/IRS 0%/Larvicide 0%,0;0.4;0.4_0;0;0_0;0;0_-100;2;5475_-100;2;5475_-100;2;5475,31.7123287671233,Incidence,0.000104965807711437
NbyGQVwzFc_loc12_loop6,12,ITN 0%/IRS 0%/Larvicide 0%,0;0.4;0.4_0;0;0_0;0;0_-100;2;5475_-100;2;5475_-100;2;5475,31.7150684931507,Incidence,0.000105006621121901
NbyGQVwzFc_loc12_loop6,12,ITN 0%/IRS 0%/Larvicide 0%,0;0.4;0.4_0;0;0_0;0;0_-100;2;5475_-100;2;5475_-100;2;5475,31.7178082191781,Incidence,0.000105047532266784
NbyGQVwzFc_loc12_loop6,12,ITN 0%/IRS 0%/Larvicide 0%,0;0.4;0.4_0;0;0_0;0;0_-100;2;5475_-100;2;5475_-100;2;5475,31.7205479452055,Incidence,0.000105088541069267
NbyGQVwzFc_loc12_loop6,12,ITN 0%/IRS 0%/Larvicide 0%,0;0.4;0.4_0;0;0_0;0;0_-100;2;5475_-100;2;5475_-100;2;5475,31.7232876712329,Incidence,0.000105129647452652
NbyGQVwzFc_loc12_loop6,12,ITN 0%/IRS 0%/Larvicide 0%,0;0.4;0.4_0;0;0_0;0;0_-100;2;5475_-100;2;5475_-100;2;5475,31.7260273972603,Incidence,0.000105170851340355
NbyGQVwzFc_loc12_loop6,12,ITN 0%/IRS 0%/Larvicide 0%,0;0.4;0.4_0;0;0_0;0;0_-100;2;5475_-100;2;5475_-100;2;5475,31.7287671232877,Incidence,0.000105212152656797
NbyGQVwzFc_loc12_loop6,12,ITN 0%/IRS 0%/Larvicide 0%,0;0.4;0.4_0;0;0_0;0;0_-100;2;5475_-100;2;5475_-100;2;5475,31.7315068493151,Incidence,0.000105253551328393
NbyGQVwzFc_loc12_loop6,12,ITN 0%/IRS 0%/Larvicide 0%,0;0.4;0.4_0;0;0_0;0;0_-100;2;5475_-100;2;5475_-100;2;5475,31.7342465753425,Incidence,0.000105295047275719
NbyGQVwzFc_loc12_loop6,12,ITN 0%/IRS 0%/Larvicide 0%,0;0.4;0.4_0;0;0_0;0;0_-100;2;5475_-100;2;5475_-100;2;5475,31.7369863013699,Incidence,0.000105336640418756
NbyGQVwzFc_loc12_loop6,12,ITN 0%/IRS 0%/Larvicide 0%,0;0.4;0.4_0;0;0_0;0;0_-100;2;5475_-100;2;5475_-100;2;5475,31.7397260273973,Incidence,0.000105378330677595
NbyGQVwzFc_loc12_loop6,12,ITN 0%/IRS 0%/Larvicide 0%,0;0.4;0.4_0;0;0_0;0;0_-100;2;5475_-100;2;5475_-100;2;5475,31.7424657534247,Incidence,0.000105420117972432
NbyGQVwzFc_loc12_loop6,12,ITN 0%/IRS 0%/Larvicide 0%,0;0.4;0.4_0;0;0_0;0;0_-100;2;5475_-100;2;5475_-100;2;5475,31.7452054794521,Incidence,0.000105462002223574
NbyGQVwzFc_loc12_loop6,12,ITN 0%/IRS 0%/Larvicide 0%,0;0.4;0.4_0;0;0_0;0;0_-100;2;5475_-100;2;5475_-100;2;5475,31.7479452054795,Incidence,0.000105503983351433
NbyGQVwzFc_loc12_loop6,12,ITN 0%/IRS 0%/Larvicide 0%,0;0.4;0.4_0;0;0_0;0;0_-100;2;5475_-100;2;5475_-100;2;5475,31.7506849315069,Incidence,0.000105546061276528
NbyGQVwzFc_loc12_loop6,12,ITN 0%/IRS 0%/Larvicide 0%,0;0.4;0.4_0;0;0_0;0;0_-100;2;5475_-100;2;5475_-100;2;5475,31.7534246575343,Incidence,0.000105588235919487
NbyGQVwzFc_loc12_loop6,12,ITN 0%/IRS 0%/Larvicide 0%,0;0.4;0.4_0;0;0_0;0;0_-100;2;5475_-100;2;5475_-100;2;5475,31.7561643835616,Incidence,0.00010563050720104
NbyGQVwzFc_loc12_loop6,12,ITN 0%/IRS 0%/Larvicide 0%,0;0.4;0.4_0;0;0_0;0;0_-100;2;5475_-100;2;5475_-100;2;5475,31.758904109589,Incidence,0.000105672875042024
NbyGQVwzFc_loc12_loop6,12,ITN 0%/IRS 0%/Larvicide 0%,0;0.4;0.4_0;0;0_0;0;0_-100;2;5475_-100;2;5475_-100;2;5475,31.7616438356164,Incidence,0.000105715339363383
NbyGQVwzFc_loc12_loop6,12,ITN 0%/IRS 0%/Larvicide 0%,0;0.4;0.4_0;0;0_0;0;0_-100;2;5475_-100;2;5475_-100;2;5475,31.7643835616438,Incidence,0.00010575790008616
NbyGQVwzFc_loc12_loop6,12,ITN 0%/IRS 0%/Larvicide 0%,0;0.4;0.4_0;0;0_0;0;0_-100;2;5475_-100;2;5475_-100;2;5475,31.7671232876712,Incidence,0.000105800557131506
NbyGQVwzFc_loc12_loop6,12,ITN 0%/IRS 0%/Larvicide 0%,0;0.4;0.4_0;0;0_0;0;0_-100;2;5475_-100;2;5475_-100;2;5475,31.7698630136986,Incidence,0.000105843310420674
NbyGQVwzFc_loc12_loop6,12,ITN 0%/IRS 0%/Larvicide 0%,0;0.4;0.4_0;0;0_0;0;0_-100;2;5475_-100;2;5475_-100;2;5475,31.772602739726,Incidence,0.000105886159875017
NbyGQVwzFc_loc12_loop6,12,ITN 0%/IRS 0%/Larvicide 0%,0;0.4;0.4_0;0;0_0;0;0_-100;2;5475_-100;2;5475_-100;2;5475,31.7753424657534,Incidence,0.000105929105415992
NbyGQVwzFc_loc12_loop6,12,ITN 0%/IRS 0%/Larvicide 0%,0;0.4;0.4_0;0;0_0;0;0_-100;2;5475_-100;2;5475_-100;2;5475,31.7780821917808,Incidence,0.000105972146965156
NbyGQVwzFc_loc12_loop6,12,ITN 0%/IRS 0%/Larvicide 0%,0;0.4;0.4_0;0;0_0;0;0_-100;2;5475_-100;2;5475_-100;2;5475,31.7808219178082,Incidence,0.000106015284444166
NbyGQVwzFc_loc12_loop6,12,ITN 0%/IRS 0%/Larvicide 0%,0;0.4;0.4_0;0;0_0;0;0_-100;2;5475_-100;2;5475_-100;2;5475,31.7835616438356,Incidence,0.000106058517774778
NbyGQVwzFc_loc12_loop6,12,ITN 0%/IRS 0%/Larvicide 0%,0;0.4;0.4_0;0;0_0;0;0_-100;2;5475_-100;2;5475_-100;2;5475,31.786301369863,Incidence,0.000106101846878849
NbyGQVwzFc_loc12_loop6,12,ITN 0%/IRS 0%/Larvicide 0%,0;0.4;0.4_0;0;0_0;0;0_-100;2;5475_-100;2;5475_-100;2;5475,31.7890410958904,Incidence,0.000106145271678331
NbyGQVwzFc_loc12_loop6,12,ITN 0%/IRS 0%/Larvicide 0%,0;0.4;0.4_0;0;0_0;0;0_-100;2;5475_-100;2;5475_-100;2;5475,31.7917808219178,Incidence,0.000106188792095278
NbyGQVwzFc_loc12_loop6,12,ITN 0%/IRS 0%/Larvicide 0%,0;0.4;0.4_0;0;0_0;0;0_-100;2;5475_-100;2;5475_-100;2;5475,31.7945205479452,Incidence,0.000106232408051834
NbyGQVwzFc_loc12_loop6,12,ITN 0%/IRS 0%/Larvicide 0%,0;0.4;0.4_0;0;0_0;0;0_-100;2;5475_-100;2;5475_-100;2;5475,31.7972602739726,Incidence,0.000106276119470245
NbyGQVwzFc_loc12_loop6,12,ITN 0%/IRS 0%/Larvicide 0%,0;0.4;0.4_0;0;0_0;0;0_-100;2;5475_-100;2;5475_-100;2;5475,31.8,Incidence,0.000106319926272849
NbyGQVwzFc_loc12_loop6,12,ITN 0%/IRS 0%/Larvicide 0%,0;0.4;0.4_0;0;0_0;0;0_-100;2;5475_-100;2;5475_-100;2;5475,31.8027397260274,Incidence,0.000106363828382076
NbyGQVwzFc_loc12_loop6,12,ITN 0%/IRS 0%/Larvicide 0%,0;0.4;0.4_0;0;0_0;0;0_-100;2;5475_-100;2;5475_-100;2;5475,31.8054794520548,Incidence,0.000106407825720454
NbyGQVwzFc_loc12_loop6,12,ITN 0%/IRS 0%/Larvicide 0%,0;0.4;0.4_0;0;0_0;0;0_-100;2;5475_-100;2;5475_-100;2;5475,31.8082191780822,Incidence,0.000106451918211508
NbyGQVwzFc_loc12_loop6,12,ITN 0%/IRS 0%/Larvicide 0%,0;0.4;0.4_0;0;0_0;0;0_-100;2;5475_-100;2;5475_-100;2;5475,31.8109589041096,Incidence,0.000106496105780015
NbyGQVwzFc_loc12_loop6,12,ITN 0%/IRS 0%/Larvicide 0%,0;0.4;0.4_0;0;0_0;0;0_-100;2;5475_-100;2;5475_-100;2;5475,31.813698630137,Incidence,0.000106540388345553
NbyGQVwzFc_loc12_loop6,12,ITN 0%/IRS 0%/Larvicide 0%,0;0.4;0.4_0;0;0_0;0;0_-100;2;5475_-100;2;5475_-100;2;5475,31.8164383561644,Incidence,0.000106584765827306
NbyGQVwzFc_loc12_loop6,12,ITN 0%/IRS 0%/Larvicide 0%,0;0.4;0.4_0;0;0_0;0;0_-100;2;5475_-100;2;5475_-100;2;5475,31.8191780821918,Incidence,0.000106629238144547
NbyGQVwzFc_loc12_loop6,12,ITN 0%/IRS 0%/Larvicide 0%,0;0.4;0.4_0;0;0_0;0;0_-100;2;5475_-100;2;5475_-100;2;5475,31.8219178082192,Incidence,0.000106673805216635
NbyGQVwzFc_loc12_loop6,12,ITN 0%/IRS 0%/Larvicide 0%,0;0.4;0.4_0;0;0_0;0;0_-100;2;5475_-100;2;5475_-100;2;5475,31.8246575342466,Incidence,0.000106718466963017
NbyGQVwzFc_loc12_loop6,12,ITN 0%/IRS 0%/Larvicide 0%,0;0.4;0.4_0;0;0_0;0;0_-100;2;5475_-100;2;5475_-100;2;5475,31.827397260274,Incidence,0.000106763223303225
NbyGQVwzFc_loc12_loop6,12,ITN 0%/IRS 0%/Larvicide 0%,0;0.4;0.4_0;0;0_0;0;0_-100;2;5475_-100;2;5475_-100;2;5475,31.8301369863014,Incidence,0.000106808074156876
NbyGQVwzFc_loc12_loop6,12,ITN 0%/IRS 0%/Larvicide 0%,0;0.4;0.4_0;0;0_0;0;0_-100;2;5475_-100;2;5475_-100;2;5475,31.8328767123288,Incidence,0.000106853019443673
NbyGQVwzFc_loc12_loop6,12,ITN 0%/IRS 0%/Larvicide 0%,0;0.4;0.4_0;0;0_0;0;0_-100;2;5475_-100;2;5475_-100;2;5475,31.8356164383562,Incidence,0.000106898059083401
NbyGQVwzFc_loc12_loop6,12,ITN 0%/IRS 0%/Larvicide 0%,0;0.4;0.4_0;0;0_0;0;0_-100;2;5475_-100;2;5475_-100;2;5475,31.8383561643836,Incidence,0.000106943192995929
NbyGQVwzFc_loc12_loop6,12,ITN 0%/IRS 0%/Larvicide 0%,0;0.4;0.4_0;0;0_0;0;0_-100;2;5475_-100;2;5475_-100;2;5475,31.841095890411,Incidence,0.000106988421101208
NbyGQVwzFc_loc12_loop6,12,ITN 0%/IRS 0%/Larvicide 0%,0;0.4;0.4_0;0;0_0;0;0_-100;2;5475_-100;2;5475_-100;2;5475,31.8438356164384,Incidence,0.000107033743319271
NbyGQVwzFc_loc12_loop6,12,ITN 0%/IRS 0%/Larvicide 0%,0;0.4;0.4_0;0;0_0;0;0_-100;2;5475_-100;2;5475_-100;2;5475,31.8465753424658,Incidence,0.000107079159570233
NbyGQVwzFc_loc12_loop6,12,ITN 0%/IRS 0%/Larvicide 0%,0;0.4;0.4_0;0;0_0;0;0_-100;2;5475_-100;2;5475_-100;2;5475,31.8493150684932,Incidence,0.000107124669774286
NbyGQVwzFc_loc12_loop6,12,ITN 0%/IRS 0%/Larvicide 0%,0;0.4;0.4_0;0;0_0;0;0_-100;2;5475_-100;2;5475_-100;2;5475,31.8520547945206,Incidence,0.000107170273851704
NbyGQVwzFc_loc12_loop6,12,ITN 0%/IRS 0%/Larvicide 0%,0;0.4;0.4_0;0;0_0;0;0_-100;2;5475_-100;2;5475_-100;2;5475,31.8547945205479,Incidence,0.000107215971722838
NbyGQVwzFc_loc12_loop6,12,ITN 0%/IRS 0%/Larvicide 0%,0;0.4;0.4_0;0;0_0;0;0_-100;2;5475_-100;2;5475_-100;2;5475,31.8575342465753,Incidence,0.000107261763308117
NbyGQVwzFc_loc12_loop6,12,ITN 0%/IRS 0%/Larvicide 0%,0;0.4;0.4_0;0;0_0;0;0_-100;2;5475_-100;2;5475_-100;2;5475,31.8602739726027,Incidence,0.000107307648528046
NbyGQVwzFc_loc12_loop6,12,ITN 0%/IRS 0%/Larvicide 0%,0;0.4;0.4_0;0;0_0;0;0_-100;2;5475_-100;2;5475_-100;2;5475,31.8630136986301,Incidence,0.000107353627303208
NbyGQVwzFc_loc12_loop6,12,ITN 0%/IRS 0%/Larvicide 0%,0;0.4;0.4_0;0;0_0;0;0_-100;2;5475_-100;2;5475_-100;2;5475,31.8657534246575,Incidence,0.000107399699554259
NbyGQVwzFc_loc12_loop6,12,ITN 0%/IRS 0%/Larvicide 0%,0;0.4;0.4_0;0;0_0;0;0_-100;2;5475_-100;2;5475_-100;2;5475,31.8684931506849,Incidence,0.00010744586520193
NbyGQVwzFc_loc12_loop6,12,ITN 0%/IRS 0%/Larvicide 0%,0;0.4;0.4_0;0;0_0;0;0_-100;2;5475_-100;2;5475_-100;2;5475,31.8712328767123,Incidence,0.000107492124167025
NbyGQVwzFc_loc12_loop6,12,ITN 0%/IRS 0%/Larvicide 0%,0;0.4;0.4_0;0;0_0;0;0_-100;2;5475_-100;2;5475_-100;2;5475,31.8739726027397,Incidence,0.000107538476370421
NbyGQVwzFc_loc12_loop6,12,ITN 0%/IRS 0%/Larvicide 0%,0;0.4;0.4_0;0;0_0;0;0_-100;2;5475_-100;2;5475_-100;2;5475,31.8767123287671,Incidence,0.000107584921733066
NbyGQVwzFc_loc12_loop6,12,ITN 0%/IRS 0%/Larvicide 0%,0;0.4;0.4_0;0;0_0;0;0_-100;2;5475_-100;2;5475_-100;2;5475,31.8794520547945,Incidence,0.000107631460175979
NbyGQVwzFc_loc12_loop6,12,ITN 0%/IRS 0%/Larvicide 0%,0;0.4;0.4_0;0;0_0;0;0_-100;2;5475_-100;2;5475_-100;2;5475,31.8821917808219,Incidence,0.000107678091620249
NbyGQVwzFc_loc12_loop6,12,ITN 0%/IRS 0%/Larvicide 0%,0;0.4;0.4_0;0;0_0;0;0_-100;2;5475_-100;2;5475_-100;2;5475,31.8849315068493,Incidence,0.000107724815987031
NbyGQVwzFc_loc12_loop6,12,ITN 0%/IRS 0%/Larvicide 0%,0;0.4;0.4_0;0;0_0;0;0_-100;2;5475_-100;2;5475_-100;2;5475,31.8876712328767,Incidence,0.000107771633197551
NbyGQVwzFc_loc12_loop6,12,ITN 0%/IRS 0%/Larvicide 0%,0;0.4;0.4_0;0;0_0;0;0_-100;2;5475_-100;2;5475_-100;2;5475,31.8904109589041,Incidence,0.000107818543173765
NbyGQVwzFc_loc12_loop6,12,ITN 0%/IRS 0%/Larvicide 0%,0;0.4;0.4_0;0;0_0;0;0_-100;2;5475_-100;2;5475_-100;2;5475,31.8931506849315,Incidence,0.000107865545838814
NbyGQVwzFc_loc12_loop6,12,ITN 0%/IRS 0%/Larvicide 0%,0;0.4;0.4_0;0;0_0;0;0_-100;2;5475_-100;2;5475_-100;2;5475,31.8958904109589,Incidence,0.000107912641111165
NbyGQVwzFc_loc12_loop6,12,ITN 0%/IRS 0%/Larvicide 0%,0;0.4;0.4_0;0;0_0;0;0_-100;2;5475_-100;2;5475_-100;2;5475,31.8986301369863,Incidence,0.000107959828908817
NbyGQVwzFc_loc12_loop6,12,ITN 0%/IRS 0%/Larvicide 0%,0;0.4;0.4_0;0;0_0;0;0_-100;2;5475_-100;2;5475_-100;2;5475,31.9013698630137,Incidence,0.000108007109149832
NbyGQVwzFc_loc12_loop6,12,ITN 0%/IRS 0%/Larvicide 0%,0;0.4;0.4_0;0;0_0;0;0_-100;2;5475_-100;2;5475_-100;2;5475,31.9041095890411,Incidence,0.000108054481752338
NbyGQVwzFc_loc12_loop6,12,ITN 0%/IRS 0%/Larvicide 0%,0;0.4;0.4_0;0;0_0;0;0_-100;2;5475_-100;2;5475_-100;2;5475,31.9068493150685,Incidence,0.000108101946634526
NbyGQVwzFc_loc12_loop6,12,ITN 0%/IRS 0%/Larvicide 0%,0;0.4;0.4_0;0;0_0;0;0_-100;2;5475_-100;2;5475_-100;2;5475,31.9095890410959,Incidence,0.00010814950371465
NbyGQVwzFc_loc12_loop6,12,ITN 0%/IRS 0%/Larvicide 0%,0;0.4;0.4_0;0;0_0;0;0_-100;2;5475_-100;2;5475_-100;2;5475,31.9123287671233,Incidence,0.000108197152911026
NbyGQVwzFc_loc12_loop6,12,ITN 0%/IRS 0%/Larvicide 0%,0;0.4;0.4_0;0;0_0;0;0_-100;2;5475_-100;2;5475_-100;2;5475,31.9150684931507,Incidence,0.00010824489414203
NbyGQVwzFc_loc12_loop6,12,ITN 0%/IRS 0%/Larvicide 0%,0;0.4;0.4_0;0;0_0;0;0_-100;2;5475_-100;2;5475_-100;2;5475,31.9178082191781,Incidence,0.000108292727326098
NbyGQVwzFc_loc12_loop6,12,ITN 0%/IRS 0%/Larvicide 0%,0;0.4;0.4_0;0;0_0;0;0_-100;2;5475_-100;2;5475_-100;2;5475,31.9205479452055,Incidence,0.000108340652381728
NbyGQVwzFc_loc12_loop6,12,ITN 0%/IRS 0%/Larvicide 0%,0;0.4;0.4_0;0;0_0;0;0_-100;2;5475_-100;2;5475_-100;2;5475,31.9232876712329,Incidence,0.000108388669227474
NbyGQVwzFc_loc12_loop6,12,ITN 0%/IRS 0%/Larvicide 0%,0;0.4;0.4_0;0;0_0;0;0_-100;2;5475_-100;2;5475_-100;2;5475,31.9260273972603,Incidence,0.000108436777781949
NbyGQVwzFc_loc12_loop6,12,ITN 0%/IRS 0%/Larvicide 0%,0;0.4;0.4_0;0;0_0;0;0_-100;2;5475_-100;2;5475_-100;2;5475,31.9287671232877,Incidence,0.000108484977963821
NbyGQVwzFc_loc12_loop6,12,ITN 0%/IRS 0%/Larvicide 0%,0;0.4;0.4_0;0;0_0;0;0_-100;2;5475_-100;2;5475_-100;2;5475,31.9315068493151,Incidence,0.000108533269691816
NbyGQVwzFc_loc12_loop6,12,ITN 0%/IRS 0%/Larvicide 0%,0;0.4;0.4_0;0;0_0;0;0_-100;2;5475_-100;2;5475_-100;2;5475,31.9342465753425,Incidence,0.000108581652884714
NbyGQVwzFc_loc12_loop6,12,ITN 0%/IRS 0%/Larvicide 0%,0;0.4;0.4_0;0;0_0;0;0_-100;2;5475_-100;2;5475_-100;2;5475,31.9369863013699,Incidence,0.00010863012746135
NbyGQVwzFc_loc12_loop6,12,ITN 0%/IRS 0%/Larvicide 0%,0;0.4;0.4_0;0;0_0;0;0_-100;2;5475_-100;2;5475_-100;2;5475,31.9397260273973,Incidence,0.000108678693340609
NbyGQVwzFc_loc12_loop6,12,ITN 0%/IRS 0%/Larvicide 0%,0;0.4;0.4_0;0;0_0;0;0_-100;2;5475_-100;2;5475_-100;2;5475,31.9424657534247,Incidence,0.000108727350441433
NbyGQVwzFc_loc12_loop6,12,ITN 0%/IRS 0%/Larvicide 0%,0;0.4;0.4_0;0;0_0;0;0_-100;2;5475_-100;2;5475_-100;2;5475,31.9452054794521,Incidence,0.000108776098682811
NbyGQVwzFc_loc12_loop6,12,ITN 0%/IRS 0%/Larvicide 0%,0;0.4;0.4_0;0;0_0;0;0_-100;2;5475_-100;2;5475_-100;2;5475,31.9479452054795,Incidence,0.000108824937983785
NbyGQVwzFc_loc12_loop6,12,ITN 0%/IRS 0%/Larvicide 0%,0;0.4;0.4_0;0;0_0;0;0_-100;2;5475_-100;2;5475_-100;2;5475,31.9506849315069,Incidence,0.000108873868263446
NbyGQVwzFc_loc12_loop6,12,ITN 0%/IRS 0%/Larvicide 0%,0;0.4;0.4_0;0;0_0;0;0_-100;2;5475_-100;2;5475_-100;2;5475,31.9534246575343,Incidence,0.000108922889440932
NbyGQVwzFc_loc12_loop6,12,ITN 0%/IRS 0%/Larvicide 0%,0;0.4;0.4_0;0;0_0;0;0_-100;2;5475_-100;2;5475_-100;2;5475,31.9561643835616,Incidence,0.00010897200143543
NbyGQVwzFc_loc12_loop6,12,ITN 0%/IRS 0%/Larvicide 0%,0;0.4;0.4_0;0;0_0;0;0_-100;2;5475_-100;2;5475_-100;2;5475,31.958904109589,Incidence,0.000109021204166174
NbyGQVwzFc_loc12_loop6,12,ITN 0%/IRS 0%/Larvicide 0%,0;0.4;0.4_0;0;0_0;0;0_-100;2;5475_-100;2;5475_-100;2;5475,31.9616438356164,Incidence,0.000109070497552441
NbyGQVwzFc_loc12_loop6,12,ITN 0%/IRS 0%/Larvicide 0%,0;0.4;0.4_0;0;0_0;0;0_-100;2;5475_-100;2;5475_-100;2;5475,31.9643835616438,Incidence,0.000109119881513556
NbyGQVwzFc_loc12_loop6,12,ITN 0%/IRS 0%/Larvicide 0%,0;0.4;0.4_0;0;0_0;0;0_-100;2;5475_-100;2;5475_-100;2;5475,31.9671232876712,Incidence,0.000109169355968884
NbyGQVwzFc_loc12_loop6,12,ITN 0%/IRS 0%/Larvicide 0%,0;0.4;0.4_0;0;0_0;0;0_-100;2;5475_-100;2;5475_-100;2;5475,31.9698630136986,Incidence,0.000109218920837835
NbyGQVwzFc_loc12_loop6,12,ITN 0%/IRS 0%/Larvicide 0%,0;0.4;0.4_0;0;0_0;0;0_-100;2;5475_-100;2;5475_-100;2;5475,31.972602739726,Incidence,0.00010926857603986
NbyGQVwzFc_loc12_loop6,12,ITN 0%/IRS 0%/Larvicide 0%,0;0.4;0.4_0;0;0_0;0;0_-100;2;5475_-100;2;5475_-100;2;5475,31.9753424657534,Incidence,0.000109318321494628
NbyGQVwzFc_loc12_loop6,12,ITN 0%/IRS 0%/Larvicide 0%,0;0.4;0.4_0;0;0_0;0;0_-100;2;5475_-100;2;5475_-100;2;5475,31.9780821917808,Incidence,0.000109368157123497
NbyGQVwzFc_loc12_loop6,12,ITN 0%/IRS 0%/Larvicide 0%,0;0.4;0.4_0;0;0_0;0;0_-100;2;5475_-100;2;5475_-100;2;5475,31.9808219178082,Incidence,0.00010941808284398
NbyGQVwzFc_loc12_loop6,12,ITN 0%/IRS 0%/Larvicide 0%,0;0.4;0.4_0;0;0_0;0;0_-100;2;5475_-100;2;5475_-100;2;5475,31.9835616438356,Incidence,0.000109468098572433
NbyGQVwzFc_loc12_loop6,12,ITN 0%/IRS 0%/Larvicide 0%,0;0.4;0.4_0;0;0_0;0;0_-100;2;5475_-100;2;5475_-100;2;5475,31.986301369863,Incidence,0.000109518204225252
NbyGQVwzFc_loc12_loop6,12,ITN 0%/IRS 0%/Larvicide 0%,0;0.4;0.4_0;0;0_0;0;0_-100;2;5475_-100;2;5475_-100;2;5475,31.9890410958904,Incidence,0.000109568399718874
NbyGQVwzFc_loc12_loop6,12,ITN 0%/IRS 0%/Larvicide 0%,0;0.4;0.4_0;0;0_0;0;0_-100;2;5475_-100;2;5475_-100;2;5475,31.9917808219178,Incidence,0.000109618684969774
NbyGQVwzFc_loc12_loop6,12,ITN 0%/IRS 0%/Larvicide 0%,0;0.4;0.4_0;0;0_0;0;0_-100;2;5475_-100;2;5475_-100;2;5475,31.9945205479452,Incidence,0.000109669059894468
NbyGQVwzFc_loc12_loop6,12,ITN 0%/IRS 0%/Larvicide 0%,0;0.4;0.4_0;0;0_0;0;0_-100;2;5475_-100;2;5475_-100;2;5475,31.9972602739726,Incidence,0.000109719524409507
NbyGQVwzFc_loc12_loop6,12,ITN 0%/IRS 0%/Larvicide 0%,0;0.4;0.4_0;0;0_0;0;0_-100;2;5475_-100;2;5475_-100;2;5475,32,Incidence,0.000109770078431481
NbyGQVwzFc_loc12_loop6,12,ITN 0%/IRS 0%/Larvicide 0%,0;0.4;0.4_0;0;0_0;0;0_-100;2;5475_-100;2;5475_-100;2;5475,32.0027397260274,Incidence,0.000109820721877015
NbyGQVwzFc_loc12_loop6,12,ITN 0%/IRS 0%/Larvicide 0%,0;0.4;0.4_0;0;0_0;0;0_-100;2;5475_-100;2;5475_-100;2;5475,32.0054794520548,Incidence,0.000109871454662769
NbyGQVwzFc_loc12_loop6,12,ITN 0%/IRS 0%/Larvicide 0%,0;0.4;0.4_0;0;0_0;0;0_-100;2;5475_-100;2;5475_-100;2;5475,32.0082191780822,Incidence,0.000109922276705436
NbyGQVwzFc_loc12_loop6,12,ITN 0%/IRS 0%/Larvicide 0%,0;0.4;0.4_0;0;0_0;0;0_-100;2;5475_-100;2;5475_-100;2;5475,32.0109589041096,Incidence,0.000109973187921745
NbyGQVwzFc_loc12_loop6,12,ITN 0%/IRS 0%/Larvicide 0%,0;0.4;0.4_0;0;0_0;0;0_-100;2;5475_-100;2;5475_-100;2;5475,32.013698630137,Incidence,0.000110024188228454
NbyGQVwzFc_loc12_loop6,12,ITN 0%/IRS 0%/Larvicide 0%,0;0.4;0.4_0;0;0_0;0;0_-100;2;5475_-100;2;5475_-100;2;5475,32.0164383561644,Incidence,0.000110075277542354
NbyGQVwzFc_loc12_loop6,12,ITN 0%/IRS 0%/Larvicide 0%,0;0.4;0.4_0;0;0_0;0;0_-100;2;5475_-100;2;5475_-100;2;5475,32.0191780821918,Incidence,0.000110126455780267
NbyGQVwzFc_loc12_loop6,12,ITN 0%/IRS 0%/Larvicide 0%,0;0.4;0.4_0;0;0_0;0;0_-100;2;5475_-100;2;5475_-100;2;5475,32.0219178082192,Incidence,0.000110177722859042
NbyGQVwzFc_loc12_loop6,12,ITN 0%/IRS 0%/Larvicide 0%,0;0.4;0.4_0;0;0_0;0;0_-100;2;5475_-100;2;5475_-100;2;5475,32.0246575342466,Incidence,0.000110229078695559
NbyGQVwzFc_loc12_loop6,12,ITN 0%/IRS 0%/Larvicide 0%,0;0.4;0.4_0;0;0_0;0;0_-100;2;5475_-100;2;5475_-100;2;5475,32.027397260274,Incidence,0.000110280523206723
NbyGQVwzFc_loc12_loop6,12,ITN 0%/IRS 0%/Larvicide 0%,0;0.4;0.4_0;0;0_0;0;0_-100;2;5475_-100;2;5475_-100;2;5475,32.0301369863014,Incidence,0.000110332056309469
NbyGQVwzFc_loc12_loop6,12,ITN 0%/IRS 0%/Larvicide 0%,0;0.4;0.4_0;0;0_0;0;0_-100;2;5475_-100;2;5475_-100;2;5475,32.0328767123288,Incidence,0.000110383677920752
NbyGQVwzFc_loc12_loop6,12,ITN 0%/IRS 0%/Larvicide 0%,0;0.4;0.4_0;0;0_0;0;0_-100;2;5475_-100;2;5475_-100;2;5475,32.0356164383562,Incidence,0.000110435387957489
NbyGQVwzFc_loc12_loop6,12,ITN 0%/IRS 0%/Larvicide 0%,0;0.4;0.4_0;0;0_0;0;0_-100;2;5475_-100;2;5475_-100;2;5475,32.0383561643836,Incidence,0.000110487186336339
NbyGQVwzFc_loc12_loop6,12,ITN 0%/IRS 0%/Larvicide 0%,0;0.4;0.4_0;0;0_0;0;0_-100;2;5475_-100;2;5475_-100;2;5475,32.041095890411,Incidence,0.000110539072975573
NbyGQVwzFc_loc12_loop6,12,ITN 0%/IRS 0%/Larvicide 0%,0;0.4;0.4_0;0;0_0;0;0_-100;2;5475_-100;2;5475_-100;2;5475,32.0438356164384,Incidence,0.00011059104779122
NbyGQVwzFc_loc12_loop6,12,ITN 0%/IRS 0%/Larvicide 0%,0;0.4;0.4_0;0;0_0;0;0_-100;2;5475_-100;2;5475_-100;2;5475,32.0465753424658,Incidence,0.000110643110700139
NbyGQVwzFc_loc12_loop6,12,ITN 0%/IRS 0%/Larvicide 0%,0;0.4;0.4_0;0;0_0;0;0_-100;2;5475_-100;2;5475_-100;2;5475,32.0493150684932,Incidence,0.000110695261620193
NbyGQVwzFc_loc12_loop6,12,ITN 0%/IRS 0%/Larvicide 0%,0;0.4;0.4_0;0;0_0;0;0_-100;2;5475_-100;2;5475_-100;2;5475,32.0520547945206,Incidence,0.000110747500468142
NbyGQVwzFc_loc12_loop6,12,ITN 0%/IRS 0%/Larvicide 0%,0;0.4;0.4_0;0;0_0;0;0_-100;2;5475_-100;2;5475_-100;2;5475,32.0547945205479,Incidence,0.000110799827160856
NbyGQVwzFc_loc12_loop6,12,ITN 0%/IRS 0%/Larvicide 0%,0;0.4;0.4_0;0;0_0;0;0_-100;2;5475_-100;2;5475_-100;2;5475,32.0575342465753,Incidence,0.000110852241616318
NbyGQVwzFc_loc12_loop6,12,ITN 0%/IRS 0%/Larvicide 0%,0;0.4;0.4_0;0;0_0;0;0_-100;2;5475_-100;2;5475_-100;2;5475,32.0602739726027,Incidence,0.000110904743751346
NbyGQVwzFc_loc12_loop6,12,ITN 0%/IRS 0%/Larvicide 0%,0;0.4;0.4_0;0;0_0;0;0_-100;2;5475_-100;2;5475_-100;2;5475,32.0630136986301,Incidence,0.00011095733348123
NbyGQVwzFc_loc12_loop6,12,ITN 0%/IRS 0%/Larvicide 0%,0;0.4;0.4_0;0;0_0;0;0_-100;2;5475_-100;2;5475_-100;2;5475,32.0657534246575,Incidence,0.000111010010726343
NbyGQVwzFc_loc12_loop6,12,ITN 0%/IRS 0%/Larvicide 0%,0;0.4;0.4_0;0;0_0;0;0_-100;2;5475_-100;2;5475_-100;2;5475,32.0684931506849,Incidence,0.00011106277538745
NbyGQVwzFc_loc12_loop6,12,ITN 0%/IRS 0%/Larvicide 0%,0;0.4;0.4_0;0;0_0;0;0_-100;2;5475_-100;2;5475_-100;2;5475,32.0712328767123,Incidence,0.000111115627419267
NbyGQVwzFc_loc12_loop6,12,ITN 0%/IRS 0%/Larvicide 0%,0;0.4;0.4_0;0;0_0;0;0_-100;2;5475_-100;2;5475_-100;2;5475,32.0739726027397,Incidence,0.00011116856671029
NbyGQVwzFc_loc12_loop6,12,ITN 0%/IRS 0%/Larvicide 0%,0;0.4;0.4_0;0;0_0;0;0_-100;2;5475_-100;2;5475_-100;2;5475,32.0767123287671,Incidence,0.00011122159316117
NbyGQVwzFc_loc12_loop6,12,ITN 0%/IRS 0%/Larvicide 0%,0;0.4;0.4_0;0;0_0;0;0_-100;2;5475_-100;2;5475_-100;2;5475,32.0794520547945,Incidence,0.000111274706711868
NbyGQVwzFc_loc12_loop6,12,ITN 0%/IRS 0%/Larvicide 0%,0;0.4;0.4_0;0;0_0;0;0_-100;2;5475_-100;2;5475_-100;2;5475,32.0821917808219,Incidence,0.000111327907268307
NbyGQVwzFc_loc12_loop6,12,ITN 0%/IRS 0%/Larvicide 0%,0;0.4;0.4_0;0;0_0;0;0_-100;2;5475_-100;2;5475_-100;2;5475,32.0849315068493,Incidence,0.000111381194734906
NbyGQVwzFc_loc12_loop6,12,ITN 0%/IRS 0%/Larvicide 0%,0;0.4;0.4_0;0;0_0;0;0_-100;2;5475_-100;2;5475_-100;2;5475,32.0876712328767,Incidence,0.000111434569037471
NbyGQVwzFc_loc12_loop6,12,ITN 0%/IRS 0%/Larvicide 0%,0;0.4;0.4_0;0;0_0;0;0_-100;2;5475_-100;2;5475_-100;2;5475,32.0904109589041,Incidence,0.000111488030092352
NbyGQVwzFc_loc12_loop6,12,ITN 0%/IRS 0%/Larvicide 0%,0;0.4;0.4_0;0;0_0;0;0_-100;2;5475_-100;2;5475_-100;2;5475,32.0931506849315,Incidence,0.000111541577835652
NbyGQVwzFc_loc12_loop6,12,ITN 0%/IRS 0%/Larvicide 0%,0;0.4;0.4_0;0;0_0;0;0_-100;2;5475_-100;2;5475_-100;2;5475,32.0958904109589,Incidence,0.000111595212081654
NbyGQVwzFc_loc12_loop6,12,ITN 0%/IRS 0%/Larvicide 0%,0;0.4;0.4_0;0;0_0;0;0_-100;2;5475_-100;2;5475_-100;2;5475,32.0986301369863,Incidence,0.000111648932847101
NbyGQVwzFc_loc12_loop6,12,ITN 0%/IRS 0%/Larvicide 0%,0;0.4;0.4_0;0;0_0;0;0_-100;2;5475_-100;2;5475_-100;2;5475,32.1013698630137,Incidence,0.000111702740050076
NbyGQVwzFc_loc12_loop6,12,ITN 0%/IRS 0%/Larvicide 0%,0;0.4;0.4_0;0;0_0;0;0_-100;2;5475_-100;2;5475_-100;2;5475,32.1041095890411,Incidence,0.000111756633530341
NbyGQVwzFc_loc12_loop6,12,ITN 0%/IRS 0%/Larvicide 0%,0;0.4;0.4_0;0;0_0;0;0_-100;2;5475_-100;2;5475_-100;2;5475,32.1068493150685,Incidence,0.000111810613244606
NbyGQVwzFc_loc12_loop6,12,ITN 0%/IRS 0%/Larvicide 0%,0;0.4;0.4_0;0;0_0;0;0_-100;2;5475_-100;2;5475_-100;2;5475,32.1095890410959,Incidence,0.000111864679132292
NbyGQVwzFc_loc12_loop6,12,ITN 0%/IRS 0%/Larvicide 0%,0;0.4;0.4_0;0;0_0;0;0_-100;2;5475_-100;2;5475_-100;2;5475,32.1123287671233,Incidence,0.000111918831063852
NbyGQVwzFc_loc12_loop6,12,ITN 0%/IRS 0%/Larvicide 0%,0;0.4;0.4_0;0;0_0;0;0_-100;2;5475_-100;2;5475_-100;2;5475,32.1150684931507,Incidence,0.000111973068964101
NbyGQVwzFc_loc12_loop6,12,ITN 0%/IRS 0%/Larvicide 0%,0;0.4;0.4_0;0;0_0;0;0_-100;2;5475_-100;2;5475_-100;2;5475,32.1178082191781,Incidence,0.000112027392769497
NbyGQVwzFc_loc12_loop6,12,ITN 0%/IRS 0%/Larvicide 0%,0;0.4;0.4_0;0;0_0;0;0_-100;2;5475_-100;2;5475_-100;2;5475,32.1205479452055,Incidence,0.000112081802374036
NbyGQVwzFc_loc12_loop6,12,ITN 0%/IRS 0%/Larvicide 0%,0;0.4;0.4_0;0;0_0;0;0_-100;2;5475_-100;2;5475_-100;2;5475,32.1232876712329,Incidence,0.0001121362976908
NbyGQVwzFc_loc12_loop6,12,ITN 0%/IRS 0%/Larvicide 0%,0;0.4;0.4_0;0;0_0;0;0_-100;2;5475_-100;2;5475_-100;2;5475,32.1260273972603,Incidence,0.000112190878647584
NbyGQVwzFc_loc12_loop6,12,ITN 0%/IRS 0%/Larvicide 0%,0;0.4;0.4_0;0;0_0;0;0_-100;2;5475_-100;2;5475_-100;2;5475,32.1287671232877,Incidence,0.00011224554515124
NbyGQVwzFc_loc12_loop6,12,ITN 0%/IRS 0%/Larvicide 0%,0;0.4;0.4_0;0;0_0;0;0_-100;2;5475_-100;2;5475_-100;2;5475,32.1315068493151,Incidence,0.000112300297112702
NbyGQVwzFc_loc12_loop6,12,ITN 0%/IRS 0%/Larvicide 0%,0;0.4;0.4_0;0;0_0;0;0_-100;2;5475_-100;2;5475_-100;2;5475,32.1342465753425,Incidence,0.000112355134452918
NbyGQVwzFc_loc12_loop6,12,ITN 0%/IRS 0%/Larvicide 0%,0;0.4;0.4_0;0;0_0;0;0_-100;2;5475_-100;2;5475_-100;2;5475,32.1369863013699,Incidence,0.000112410057084212
NbyGQVwzFc_loc12_loop6,12,ITN 0%/IRS 0%/Larvicide 0%,0;0.4;0.4_0;0;0_0;0;0_-100;2;5475_-100;2;5475_-100;2;5475,32.1397260273973,Incidence,0.000112465064918378
NbyGQVwzFc_loc12_loop6,12,ITN 0%/IRS 0%/Larvicide 0%,0;0.4;0.4_0;0;0_0;0;0_-100;2;5475_-100;2;5475_-100;2;5475,32.1424657534247,Incidence,0.000112520157872496
NbyGQVwzFc_loc12_loop6,12,ITN 0%/IRS 0%/Larvicide 0%,0;0.4;0.4_0;0;0_0;0;0_-100;2;5475_-100;2;5475_-100;2;5475,32.1452054794521,Incidence,0.000112575335860706
NbyGQVwzFc_loc12_loop6,12,ITN 0%/IRS 0%/Larvicide 0%,0;0.4;0.4_0;0;0_0;0;0_-100;2;5475_-100;2;5475_-100;2;5475,32.1479452054795,Incidence,0.000112630598795932
NbyGQVwzFc_loc12_loop6,12,ITN 0%/IRS 0%/Larvicide 0%,0;0.4;0.4_0;0;0_0;0;0_-100;2;5475_-100;2;5475_-100;2;5475,32.1506849315069,Incidence,0.000112685946593444
NbyGQVwzFc_loc12_loop6,12,ITN 0%/IRS 0%/Larvicide 0%,0;0.4;0.4_0;0;0_0;0;0_-100;2;5475_-100;2;5475_-100;2;5475,32.1534246575343,Incidence,0.00011274137916779
NbyGQVwzFc_loc12_loop6,12,ITN 0%/IRS 0%/Larvicide 0%,0;0.4;0.4_0;0;0_0;0;0_-100;2;5475_-100;2;5475_-100;2;5475,32.1561643835616,Incidence,0.000112796896432627
NbyGQVwzFc_loc12_loop6,12,ITN 0%/IRS 0%/Larvicide 0%,0;0.4;0.4_0;0;0_0;0;0_-100;2;5475_-100;2;5475_-100;2;5475,32.158904109589,Incidence,0.000112852498302974
NbyGQVwzFc_loc12_loop6,12,ITN 0%/IRS 0%/Larvicide 0%,0;0.4;0.4_0;0;0_0;0;0_-100;2;5475_-100;2;5475_-100;2;5475,32.1616438356164,Incidence,0.000112908184693661
NbyGQVwzFc_loc12_loop6,12,ITN 0%/IRS 0%/Larvicide 0%,0;0.4;0.4_0;0;0_0;0;0_-100;2;5475_-100;2;5475_-100;2;5475,32.1643835616438,Incidence,0.000112963955516143
NbyGQVwzFc_loc12_loop6,12,ITN 0%/IRS 0%/Larvicide 0%,0;0.4;0.4_0;0;0_0;0;0_-100;2;5475_-100;2;5475_-100;2;5475,32.1671232876712,Incidence,0.000113019810681894
NbyGQVwzFc_loc12_loop6,12,ITN 0%/IRS 0%/Larvicide 0%,0;0.4;0.4_0;0;0_0;0;0_-100;2;5475_-100;2;5475_-100;2;5475,32.1698630136986,Incidence,0.000113075750102579
NbyGQVwzFc_loc12_loop6,12,ITN 0%/IRS 0%/Larvicide 0%,0;0.4;0.4_0;0;0_0;0;0_-100;2;5475_-100;2;5475_-100;2;5475,32.172602739726,Incidence,0.000113131773689669
NbyGQVwzFc_loc12_loop6,12,ITN 0%/IRS 0%/Larvicide 0%,0;0.4;0.4_0;0;0_0;0;0_-100;2;5475_-100;2;5475_-100;2;5475,32.1753424657534,Incidence,0.000113187881354561
NbyGQVwzFc_loc12_loop6,12,ITN 0%/IRS 0%/Larvicide 0%,0;0.4;0.4_0;0;0_0;0;0_-100;2;5475_-100;2;5475_-100;2;5475,32.1780821917808,Incidence,0.000113244073008795
NbyGQVwzFc_loc12_loop6,12,ITN 0%/IRS 0%/Larvicide 0%,0;0.4;0.4_0;0;0_0;0;0_-100;2;5475_-100;2;5475_-100;2;5475,32.1808219178082,Incidence,0.000113300348563884
NbyGQVwzFc_loc12_loop6,12,ITN 0%/IRS 0%/Larvicide 0%,0;0.4;0.4_0;0;0_0;0;0_-100;2;5475_-100;2;5475_-100;2;5475,32.1835616438356,Incidence,0.000113356707931238
NbyGQVwzFc_loc12_loop6,12,ITN 0%/IRS 0%/Larvicide 0%,0;0.4;0.4_0;0;0_0;0;0_-100;2;5475_-100;2;5475_-100;2;5475,32.186301369863,Incidence,0.000113413151022294
NbyGQVwzFc_loc12_loop6,12,ITN 0%/IRS 0%/Larvicide 0%,0;0.4;0.4_0;0;0_0;0;0_-100;2;5475_-100;2;5475_-100;2;5475,32.1890410958904,Incidence,0.000113469677748513
NbyGQVwzFc_loc12_loop6,12,ITN 0%/IRS 0%/Larvicide 0%,0;0.4;0.4_0;0;0_0;0;0_-100;2;5475_-100;2;5475_-100;2;5475,32.1917808219178,Incidence,0.000113526288021288
NbyGQVwzFc_loc12_loop6,12,ITN 0%/IRS 0%/Larvicide 0%,0;0.4;0.4_0;0;0_0;0;0_-100;2;5475_-100;2;5475_-100;2;5475,32.1945205479452,Incidence,0.000113582981752001
NbyGQVwzFc_loc12_loop6,12,ITN 0%/IRS 0%/Larvicide 0%,0;0.4;0.4_0;0;0_0;0;0_-100;2;5475_-100;2;5475_-100;2;5475,32.1972602739726,Incidence,0.000113639758852054
NbyGQVwzFc_loc12_loop6,12,ITN 0%/IRS 0%/Larvicide 0%,0;0.4;0.4_0;0;0_0;0;0_-100;2;5475_-100;2;5475_-100;2;5475,32.2,Incidence,0.000113696619232806
NbyGQVwzFc_loc12_loop6,12,ITN 0%/IRS 0%/Larvicide 0%,0;0.4;0.4_0;0;0_0;0;0_-100;2;5475_-100;2;5475_-100;2;5475,32.2027397260274,Incidence,0.000113753562805587
NbyGQVwzFc_loc12_loop6,12,ITN 0%/IRS 0%/Larvicide 0%,0;0.4;0.4_0;0;0_0;0;0_-100;2;5475_-100;2;5475_-100;2;5475,32.2054794520548,Incidence,0.000113810589481732
NbyGQVwzFc_loc12_loop6,12,ITN 0%/IRS 0%/Larvicide 0%,0;0.4;0.4_0;0;0_0;0;0_-100;2;5475_-100;2;5475_-100;2;5475,32.2082191780822,Incidence,0.000113867699172547
NbyGQVwzFc_loc12_loop6,12,ITN 0%/IRS 0%/Larvicide 0%,0;0.4;0.4_0;0;0_0;0;0_-100;2;5475_-100;2;5475_-100;2;5475,32.2109589041096,Incidence,0.000113924891789306
NbyGQVwzFc_loc12_loop6,12,ITN 0%/IRS 0%/Larvicide 0%,0;0.4;0.4_0;0;0_0;0;0_-100;2;5475_-100;2;5475_-100;2;5475,32.213698630137,Incidence,0.000113982167243272
NbyGQVwzFc_loc12_loop6,12,ITN 0%/IRS 0%/Larvicide 0%,0;0.4;0.4_0;0;0_0;0;0_-100;2;5475_-100;2;5475_-100;2;5475,32.2164383561644,Incidence,0.000114039525445686
NbyGQVwzFc_loc12_loop6,12,ITN 0%/IRS 0%/Larvicide 0%,0;0.4;0.4_0;0;0_0;0;0_-100;2;5475_-100;2;5475_-100;2;5475,32.2191780821918,Incidence,0.000114096966307755
NbyGQVwzFc_loc12_loop6,12,ITN 0%/IRS 0%/Larvicide 0%,0;0.4;0.4_0;0;0_0;0;0_-100;2;5475_-100;2;5475_-100;2;5475,32.2219178082192,Incidence,0.000114154489740669
NbyGQVwzFc_loc12_loop6,12,ITN 0%/IRS 0%/Larvicide 0%,0;0.4;0.4_0;0;0_0;0;0_-100;2;5475_-100;2;5475_-100;2;5475,32.2246575342466,Incidence,0.000114212095655589
NbyGQVwzFc_loc12_loop6,12,ITN 0%/IRS 0%/Larvicide 0%,0;0.4;0.4_0;0;0_0;0;0_-100;2;5475_-100;2;5475_-100;2;5475,32.227397260274,Incidence,0.00011426978396365
NbyGQVwzFc_loc12_loop6,12,ITN 0%/IRS 0%/Larvicide 0%,0;0.4;0.4_0;0;0_0;0;0_-100;2;5475_-100;2;5475_-100;2;5475,32.2301369863014,Incidence,0.000114327554575956
NbyGQVwzFc_loc12_loop6,12,ITN 0%/IRS 0%/Larvicide 0%,0;0.4;0.4_0;0;0_0;0;0_-100;2;5475_-100;2;5475_-100;2;5475,32.2328767123288,Incidence,0.000114385407403588
NbyGQVwzFc_loc12_loop6,12,ITN 0%/IRS 0%/Larvicide 0%,0;0.4;0.4_0;0;0_0;0;0_-100;2;5475_-100;2;5475_-100;2;5475,32.2356164383562,Incidence,0.000114443342357592
NbyGQVwzFc_loc12_loop6,12,ITN 0%/IRS 0%/Larvicide 0%,0;0.4;0.4_0;0;0_0;0;0_-100;2;5475_-100;2;5475_-100;2;5475,32.2383561643836,Incidence,0.000114501359348985
NbyGQVwzFc_loc12_loop6,12,ITN 0%/IRS 0%/Larvicide 0%,0;0.4;0.4_0;0;0_0;0;0_-100;2;5475_-100;2;5475_-100;2;5475,32.241095890411,Incidence,0.000114559458288754
NbyGQVwzFc_loc12_loop6,12,ITN 0%/IRS 0%/Larvicide 0%,0;0.4;0.4_0;0;0_0;0;0_-100;2;5475_-100;2;5475_-100;2;5475,32.2438356164384,Incidence,0.000114617639087852
NbyGQVwzFc_loc12_loop6,12,ITN 0%/IRS 0%/Larvicide 0%,0;0.4;0.4_0;0;0_0;0;0_-100;2;5475_-100;2;5475_-100;2;5475,32.2465753424658,Incidence,0.000114675901657198
NbyGQVwzFc_loc12_loop6,12,ITN 0%/IRS 0%/Larvicide 0%,0;0.4;0.4_0;0;0_0;0;0_-100;2;5475_-100;2;5475_-100;2;5475,32.2493150684932,Incidence,0.000114734245907678
NbyGQVwzFc_loc12_loop6,12,ITN 0%/IRS 0%/Larvicide 0%,0;0.4;0.4_0;0;0_0;0;0_-100;2;5475_-100;2;5475_-100;2;5475,32.2520547945206,Incidence,0.000114792671750141
NbyGQVwzFc_loc12_loop6,12,ITN 0%/IRS 0%/Larvicide 0%,0;0.4;0.4_0;0;0_0;0;0_-100;2;5475_-100;2;5475_-100;2;5475,32.254794520548,Incidence,0.000114851179095402
NbyGQVwzFc_loc12_loop6,12,ITN 0%/IRS 0%/Larvicide 0%,0;0.4;0.4_0;0;0_0;0;0_-100;2;5475_-100;2;5475_-100;2;5475,32.2575342465753,Incidence,0.000114909767854956
NbyGQVwzFc_loc12_loop6,12,ITN 0%/IRS 0%/Larvicide 0%,0;0.4;0.4_0;0;0_0;0;0_-100;2;5475_-100;2;5475_-100;2;5475,32.2602739726027,Incidence,0.000114968437938599
NbyGQVwzFc_loc12_loop6,12,ITN 0%/IRS 0%/Larvicide 0%,0;0.4;0.4_0;0;0_0;0;0_-100;2;5475_-100;2;5475_-100;2;5475,32.2630136986301,Incidence,0.000115027189254567
NbyGQVwzFc_loc12_loop6,12,ITN 0%/IRS 0%/Larvicide 0%,0;0.4;0.4_0;0;0_0;0;0_-100;2;5475_-100;2;5475_-100;2;5475,32.2657534246575,Incidence,0.000115086021711063
NbyGQVwzFc_loc12_loop6,12,ITN 0%/IRS 0%/Larvicide 0%,0;0.4;0.4_0;0;0_0;0;0_-100;2;5475_-100;2;5475_-100;2;5475,32.2684931506849,Incidence,0.000115144935216259
NbyGQVwzFc_loc12_loop6,12,ITN 0%/IRS 0%/Larvicide 0%,0;0.4;0.4_0;0;0_0;0;0_-100;2;5475_-100;2;5475_-100;2;5475,32.2712328767123,Incidence,0.000115203929678296
NbyGQVwzFc_loc12_loop6,12,ITN 0%/IRS 0%/Larvicide 0%,0;0.4;0.4_0;0;0_0;0;0_-100;2;5475_-100;2;5475_-100;2;5475,32.2739726027397,Incidence,0.000115263005005282
NbyGQVwzFc_loc12_loop6,12,ITN 0%/IRS 0%/Larvicide 0%,0;0.4;0.4_0;0;0_0;0;0_-100;2;5475_-100;2;5475_-100;2;5475,32.2767123287671,Incidence,0.00011532216110529
NbyGQVwzFc_loc12_loop6,12,ITN 0%/IRS 0%/Larvicide 0%,0;0.4;0.4_0;0;0_0;0;0_-100;2;5475_-100;2;5475_-100;2;5475,32.2794520547945,Incidence,0.000115381397886359
NbyGQVwzFc_loc12_loop6,12,ITN 0%/IRS 0%/Larvicide 0%,0;0.4;0.4_0;0;0_0;0;0_-100;2;5475_-100;2;5475_-100;2;5475,32.2821917808219,Incidence,0.000115440715256493
NbyGQVwzFc_loc12_loop6,12,ITN 0%/IRS 0%/Larvicide 0%,0;0.4;0.4_0;0;0_0;0;0_-100;2;5475_-100;2;5475_-100;2;5475,32.2849315068493,Incidence,0.000115500113123658
NbyGQVwzFc_loc12_loop6,12,ITN 0%/IRS 0%/Larvicide 0%,0;0.4;0.4_0;0;0_0;0;0_-100;2;5475_-100;2;5475_-100;2;5475,32.2876712328767,Incidence,0.000115559591395785
NbyGQVwzFc_loc12_loop6,12,ITN 0%/IRS 0%/Larvicide 0%,0;0.4;0.4_0;0;0_0;0;0_-100;2;5475_-100;2;5475_-100;2;5475,32.2904109589041,Incidence,0.000115619149980766
NbyGQVwzFc_loc12_loop6,12,ITN 0%/IRS 0%/Larvicide 0%,0;0.4;0.4_0;0;0_0;0;0_-100;2;5475_-100;2;5475_-100;2;5475,32.2931506849315,Incidence,0.000115678788786452
NbyGQVwzFc_loc12_loop6,12,ITN 0%/IRS 0%/Larvicide 0%,0;0.4;0.4_0;0;0_0;0;0_-100;2;5475_-100;2;5475_-100;2;5475,32.2958904109589,Incidence,0.000115738507720659
NbyGQVwzFc_loc12_loop6,12,ITN 0%/IRS 0%/Larvicide 0%,0;0.4;0.4_0;0;0_0;0;0_-100;2;5475_-100;2;5475_-100;2;5475,32.2986301369863,Incidence,0.000115798306691158
NbyGQVwzFc_loc12_loop6,12,ITN 0%/IRS 0%/Larvicide 0%,0;0.4;0.4_0;0;0_0;0;0_-100;2;5475_-100;2;5475_-100;2;5475,32.3013698630137,Incidence,0.000115858185605681
NbyGQVwzFc_loc12_loop6,12,ITN 0%/IRS 0%/Larvicide 0%,0;0.4;0.4_0;0;0_0;0;0_-100;2;5475_-100;2;5475_-100;2;5475,32.3041095890411,Incidence,0.000115918144371917
NbyGQVwzFc_loc12_loop6,12,ITN 0%/IRS 0%/Larvicide 0%,0;0.4;0.4_0;0;0_0;0;0_-100;2;5475_-100;2;5475_-100;2;5475,32.3068493150685,Incidence,0.000115978182897512
NbyGQVwzFc_loc12_loop6,12,ITN 0%/IRS 0%/Larvicide 0%,0;0.4;0.4_0;0;0_0;0;0_-100;2;5475_-100;2;5475_-100;2;5475,32.3095890410959,Incidence,0.000116038301090069
NbyGQVwzFc_loc12_loop6,12,ITN 0%/IRS 0%/Larvicide 0%,0;0.4;0.4_0;0;0_0;0;0_-100;2;5475_-100;2;5475_-100;2;5475,32.3123287671233,Incidence,0.000116098498857144
NbyGQVwzFc_loc12_loop6,12,ITN 0%/IRS 0%/Larvicide 0%,0;0.4;0.4_0;0;0_0;0;0_-100;2;5475_-100;2;5475_-100;2;5475,32.3150684931507,Incidence,0.00011615877610625
NbyGQVwzFc_loc12_loop6,12,ITN 0%/IRS 0%/Larvicide 0%,0;0.4;0.4_0;0;0_0;0;0_-100;2;5475_-100;2;5475_-100;2;5475,32.3178082191781,Incidence,0.000116219132744853
NbyGQVwzFc_loc12_loop6,12,ITN 0%/IRS 0%/Larvicide 0%,0;0.4;0.4_0;0;0_0;0;0_-100;2;5475_-100;2;5475_-100;2;5475,32.3205479452055,Incidence,0.00011627956868037
NbyGQVwzFc_loc12_loop6,12,ITN 0%/IRS 0%/Larvicide 0%,0;0.4;0.4_0;0;0_0;0;0_-100;2;5475_-100;2;5475_-100;2;5475,32.3232876712329,Incidence,0.000116340083820172
NbyGQVwzFc_loc12_loop6,12,ITN 0%/IRS 0%/Larvicide 0%,0;0.4;0.4_0;0;0_0;0;0_-100;2;5475_-100;2;5475_-100;2;5475,32.3260273972603,Incidence,0.00011640067807158
NbyGQVwzFc_loc12_loop6,12,ITN 0%/IRS 0%/Larvicide 0%,0;0.4;0.4_0;0;0_0;0;0_-100;2;5475_-100;2;5475_-100;2;5475,32.3287671232877,Incidence,0.000116461351341865
NbyGQVwzFc_loc12_loop6,12,ITN 0%/IRS 0%/Larvicide 0%,0;0.4;0.4_0;0;0_0;0;0_-100;2;5475_-100;2;5475_-100;2;5475,32.3315068493151,Incidence,0.000116522103538249
NbyGQVwzFc_loc12_loop6,12,ITN 0%/IRS 0%/Larvicide 0%,0;0.4;0.4_0;0;0_0;0;0_-100;2;5475_-100;2;5475_-100;2;5475,32.3342465753425,Incidence,0.000116582934567902
NbyGQVwzFc_loc12_loop6,12,ITN 0%/IRS 0%/Larvicide 0%,0;0.4;0.4_0;0;0_0;0;0_-100;2;5475_-100;2;5475_-100;2;5475,32.3369863013699,Incidence,0.00011664384433794
NbyGQVwzFc_loc12_loop6,12,ITN 0%/IRS 0%/Larvicide 0%,0;0.4;0.4_0;0;0_0;0;0_-100;2;5475_-100;2;5475_-100;2;5475,32.3397260273973,Incidence,0.000116704832755428
NbyGQVwzFc_loc12_loop6,12,ITN 0%/IRS 0%/Larvicide 0%,0;0.4;0.4_0;0;0_0;0;0_-100;2;5475_-100;2;5475_-100;2;5475,32.3424657534247,Incidence,0.000116765899727377
NbyGQVwzFc_loc12_loop6,12,ITN 0%/IRS 0%/Larvicide 0%,0;0.4;0.4_0;0;0_0;0;0_-100;2;5475_-100;2;5475_-100;2;5475,32.3452054794521,Incidence,0.000116827045160743
NbyGQVwzFc_loc12_loop6,12,ITN 0%/IRS 0%/Larvicide 0%,0;0.4;0.4_0;0;0_0;0;0_-100;2;5475_-100;2;5475_-100;2;5475,32.3479452054795,Incidence,0.000116888268962426
NbyGQVwzFc_loc12_loop6,12,ITN 0%/IRS 0%/Larvicide 0%,0;0.4;0.4_0;0;0_0;0;0_-100;2;5475_-100;2;5475_-100;2;5475,32.3506849315069,Incidence,0.00011694957103927
NbyGQVwzFc_loc12_loop6,12,ITN 0%/IRS 0%/Larvicide 0%,0;0.4;0.4_0;0;0_0;0;0_-100;2;5475_-100;2;5475_-100;2;5475,32.3534246575343,Incidence,0.000117010951298061
NbyGQVwzFc_loc12_loop6,12,ITN 0%/IRS 0%/Larvicide 0%,0;0.4;0.4_0;0;0_0;0;0_-100;2;5475_-100;2;5475_-100;2;5475,32.3561643835616,Incidence,0.000117072409645529
NbyGQVwzFc_loc12_loop6,12,ITN 0%/IRS 0%/Larvicide 0%,0;0.4;0.4_0;0;0_0;0;0_-100;2;5475_-100;2;5475_-100;2;5475,32.358904109589,Incidence,0.000117133945988503
NbyGQVwzFc_loc12_loop6,12,ITN 0%/IRS 0%/Larvicide 0%,0;0.4;0.4_0;0;0_0;0;0_-100;2;5475_-100;2;5475_-100;2;5475,32.3616438356164,Incidence,0.000117195560233791
NbyGQVwzFc_loc12_loop6,12,ITN 0%/IRS 0%/Larvicide 0%,0;0.4;0.4_0;0;0_0;0;0_-100;2;5475_-100;2;5475_-100;2;5475,32.3643835616438,Incidence,0.000117257252286021
NbyGQVwzFc_loc12_loop6,12,ITN 0%/IRS 0%/Larvicide 0%,0;0.4;0.4_0;0;0_0;0;0_-100;2;5475_-100;2;5475_-100;2;5475,32.3671232876712,Incidence,0.000117319022049498
NbyGQVwzFc_loc12_loop6,12,ITN 0%/IRS 0%/Larvicide 0%,0;0.4;0.4_0;0;0_0;0;0_-100;2;5475_-100;2;5475_-100;2;5475,32.3698630136986,Incidence,0.000117380869428471
NbyGQVwzFc_loc12_loop6,12,ITN 0%/IRS 0%/Larvicide 0%,0;0.4;0.4_0;0;0_0;0;0_-100;2;5475_-100;2;5475_-100;2;5475,32.372602739726,Incidence,0.000117442794327139
NbyGQVwzFc_loc12_loop6,12,ITN 0%/IRS 0%/Larvicide 0%,0;0.4;0.4_0;0;0_0;0;0_-100;2;5475_-100;2;5475_-100;2;5475,32.3753424657534,Incidence,0.000117504796649648
NbyGQVwzFc_loc12_loop6,12,ITN 0%/IRS 0%/Larvicide 0%,0;0.4;0.4_0;0;0_0;0;0_-100;2;5475_-100;2;5475_-100;2;5475,32.3780821917808,Incidence,0.000117566876300087
NbyGQVwzFc_loc12_loop6,12,ITN 0%/IRS 0%/Larvicide 0%,0;0.4;0.4_0;0;0_0;0;0_-100;2;5475_-100;2;5475_-100;2;5475,32.3808219178082,Incidence,0.000117629033182493
NbyGQVwzFc_loc12_loop6,12,ITN 0%/IRS 0%/Larvicide 0%,0;0.4;0.4_0;0;0_0;0;0_-100;2;5475_-100;2;5475_-100;2;5475,32.3835616438356,Incidence,0.000117691267200845
NbyGQVwzFc_loc12_loop6,12,ITN 0%/IRS 0%/Larvicide 0%,0;0.4;0.4_0;0;0_0;0;0_-100;2;5475_-100;2;5475_-100;2;5475,32.386301369863,Incidence,0.000117753578259068
NbyGQVwzFc_loc12_loop6,12,ITN 0%/IRS 0%/Larvicide 0%,0;0.4;0.4_0;0;0_0;0;0_-100;2;5475_-100;2;5475_-100;2;5475,32.3890410958904,Incidence,0.000117815966261025
NbyGQVwzFc_loc12_loop6,12,ITN 0%/IRS 0%/Larvicide 0%,0;0.4;0.4_0;0;0_0;0;0_-100;2;5475_-100;2;5475_-100;2;5475,32.3917808219178,Incidence,0.000117878431110527
NbyGQVwzFc_loc12_loop6,12,ITN 0%/IRS 0%/Larvicide 0%,0;0.4;0.4_0;0;0_0;0;0_-100;2;5475_-100;2;5475_-100;2;5475,32.3945205479452,Incidence,0.000117940972711322
NbyGQVwzFc_loc12_loop6,12,ITN 0%/IRS 0%/Larvicide 0%,0;0.4;0.4_0;0;0_0;0;0_-100;2;5475_-100;2;5475_-100;2;5475,32.3972602739726,Incidence,0.0001180035909671
NbyGQVwzFc_loc12_loop6,12,ITN 0%/IRS 0%/Larvicide 0%,0;0.4;0.4_0;0;0_0;0;0_-100;2;5475_-100;2;5475_-100;2;5475,32.4,Incidence,0.00011806628578149
NbyGQVwzFc_loc12_loop6,12,ITN 0%/IRS 0%/Larvicide 0%,0;0.4;0.4_0;0;0_0;0;0_-100;2;5475_-100;2;5475_-100;2;5475,32.4027397260274,Incidence,0.000118129057058062
NbyGQVwzFc_loc12_loop6,12,ITN 0%/IRS 0%/Larvicide 0%,0;0.4;0.4_0;0;0_0;0;0_-100;2;5475_-100;2;5475_-100;2;5475,32.4054794520548,Incidence,0.000118191904700321
NbyGQVwzFc_loc12_loop6,12,ITN 0%/IRS 0%/Larvicide 0%,0;0.4;0.4_0;0;0_0;0;0_-100;2;5475_-100;2;5475_-100;2;5475,32.4082191780822,Incidence,0.000118254828611714
NbyGQVwzFc_loc12_loop6,12,ITN 0%/IRS 0%/Larvicide 0%,0;0.4;0.4_0;0;0_0;0;0_-100;2;5475_-100;2;5475_-100;2;5475,32.4109589041096,Incidence,0.00011831782869562
NbyGQVwzFc_loc12_loop6,12,ITN 0%/IRS 0%/Larvicide 0%,0;0.4;0.4_0;0;0_0;0;0_-100;2;5475_-100;2;5475_-100;2;5475,32.413698630137,Incidence,0.000118380904855358
NbyGQVwzFc_loc12_loop6,12,ITN 0%/IRS 0%/Larvicide 0%,0;0.4;0.4_0;0;0_0;0;0_-100;2;5475_-100;2;5475_-100;2;5475,32.4164383561644,Incidence,0.00011844405699418
NbyGQVwzFc_loc12_loop6,12,ITN 0%/IRS 0%/Larvicide 0%,0;0.4;0.4_0;0;0_0;0;0_-100;2;5475_-100;2;5475_-100;2;5475,32.4191780821918,Incidence,0.000118507285015274
NbyGQVwzFc_loc12_loop6,12,ITN 0%/IRS 0%/Larvicide 0%,0;0.4;0.4_0;0;0_0;0;0_-100;2;5475_-100;2;5475_-100;2;5475,32.4219178082192,Incidence,0.000118570588821762
NbyGQVwzFc_loc12_loop6,12,ITN 0%/IRS 0%/Larvicide 0%,0;0.4;0.4_0;0;0_0;0;0_-100;2;5475_-100;2;5475_-100;2;5475,32.4246575342466,Incidence,0.000118633968316697
NbyGQVwzFc_loc12_loop6,12,ITN 0%/IRS 0%/Larvicide 0%,0;0.4;0.4_0;0;0_0;0;0_-100;2;5475_-100;2;5475_-100;2;5475,32.427397260274,Incidence,0.000118697423403067
NbyGQVwzFc_loc12_loop6,12,ITN 0%/IRS 0%/Larvicide 0%,0;0.4;0.4_0;0;0_0;0;0_-100;2;5475_-100;2;5475_-100;2;5475,32.4301369863014,Incidence,0.000118760953983791
NbyGQVwzFc_loc12_loop6,12,ITN 0%/IRS 0%/Larvicide 0%,0;0.4;0.4_0;0;0_0;0;0_-100;2;5475_-100;2;5475_-100;2;5475,32.4328767123288,Incidence,0.000118824559961719
NbyGQVwzFc_loc12_loop6,12,ITN 0%/IRS 0%/Larvicide 0%,0;0.4;0.4_0;0;0_0;0;0_-100;2;5475_-100;2;5475_-100;2;5475,32.4356164383562,Incidence,0.000118888241239631
NbyGQVwzFc_loc12_loop6,12,ITN 0%/IRS 0%/Larvicide 0%,0;0.4;0.4_0;0;0_0;0;0_-100;2;5475_-100;2;5475_-100;2;5475,32.4383561643836,Incidence,0.000118951997720237
NbyGQVwzFc_loc12_loop6,12,ITN 0%/IRS 0%/Larvicide 0%,0;0.4;0.4_0;0;0_0;0;0_-100;2;5475_-100;2;5475_-100;2;5475,32.441095890411,Incidence,0.000119015829306175
NbyGQVwzFc_loc12_loop6,12,ITN 0%/IRS 0%/Larvicide 0%,0;0.4;0.4_0;0;0_0;0;0_-100;2;5475_-100;2;5475_-100;2;5475,32.4438356164384,Incidence,0.000119079735900014
NbyGQVwzFc_loc12_loop6,12,ITN 0%/IRS 0%/Larvicide 0%,0;0.4;0.4_0;0;0_0;0;0_-100;2;5475_-100;2;5475_-100;2;5475,32.4465753424658,Incidence,0.00011914371740425
NbyGQVwzFc_loc12_loop6,12,ITN 0%/IRS 0%/Larvicide 0%,0;0.4;0.4_0;0;0_0;0;0_-100;2;5475_-100;2;5475_-100;2;5475,32.4493150684932,Incidence,0.000119207773721308
NbyGQVwzFc_loc12_loop6,12,ITN 0%/IRS 0%/Larvicide 0%,0;0.4;0.4_0;0;0_0;0;0_-100;2;5475_-100;2;5475_-100;2;5475,32.4520547945206,Incidence,0.00011927190475354
NbyGQVwzFc_loc12_loop6,12,ITN 0%/IRS 0%/Larvicide 0%,0;0.4;0.4_0;0;0_0;0;0_-100;2;5475_-100;2;5475_-100;2;5475,32.4547945205479,Incidence,0.000119336110403222
NbyGQVwzFc_loc12_loop6,12,ITN 0%/IRS 0%/Larvicide 0%,0;0.4;0.4_0;0;0_0;0;0_-100;2;5475_-100;2;5475_-100;2;5475,32.4575342465753,Incidence,0.000119400390572555
NbyGQVwzFc_loc12_loop6,12,ITN 0%/IRS 0%/Larvicide 0%,0;0.4;0.4_0;0;0_0;0;0_-100;2;5475_-100;2;5475_-100;2;5475,32.4602739726027,Incidence,0.000119464745163663
NbyGQVwzFc_loc12_loop6,12,ITN 0%/IRS 0%/Larvicide 0%,0;0.4;0.4_0;0;0_0;0;0_-100;2;5475_-100;2;5475_-100;2;5475,32.4630136986301,Incidence,0.000119529174078593
NbyGQVwzFc_loc12_loop6,12,ITN 0%/IRS 0%/Larvicide 0%,0;0.4;0.4_0;0;0_0;0;0_-100;2;5475_-100;2;5475_-100;2;5475,32.4657534246575,Incidence,0.000119593677219315
NbyGQVwzFc_loc12_loop6,12,ITN 0%/IRS 0%/Larvicide 0%,0;0.4;0.4_0;0;0_0;0;0_-100;2;5475_-100;2;5475_-100;2;5475,32.4684931506849,Incidence,0.000119658254487968
NbyGQVwzFc_loc12_loop6,12,ITN 0%/IRS 0%/Larvicide 0%,0;0.4;0.4_0;0;0_0;0;0_-100;2;5475_-100;2;5475_-100;2;5475,32.4712328767123,Incidence,0.00011972290578559
NbyGQVwzFc_loc12_loop6,12,ITN 0%/IRS 0%/Larvicide 0%,0;0.4;0.4_0;0;0_0;0;0_-100;2;5475_-100;2;5475_-100;2;5475,32.4739726027397,Incidence,0.000119787631012004
NbyGQVwzFc_loc12_loop6,12,ITN 0%/IRS 0%/Larvicide 0%,0;0.4;0.4_0;0;0_0;0;0_-100;2;5475_-100;2;5475_-100;2;5475,32.4767123287671,Incidence,0.000119852430066955
NbyGQVwzFc_loc12_loop6,12,ITN 0%/IRS 0%/Larvicide 0%,0;0.4;0.4_0;0;0_0;0;0_-100;2;5475_-100;2;5475_-100;2;5475,32.4794520547945,Incidence,0.000119917302850118
NbyGQVwzFc_loc12_loop6,12,ITN 0%/IRS 0%/Larvicide 0%,0;0.4;0.4_0;0;0_0;0;0_-100;2;5475_-100;2;5475_-100;2;5475,32.4821917808219,Incidence,0.000119982249261096
NbyGQVwzFc_loc12_loop6,12,ITN 0%/IRS 0%/Larvicide 0%,0;0.4;0.4_0;0;0_0;0;0_-100;2;5475_-100;2;5475_-100;2;5475,32.4849315068493,Incidence,0.000120047269199422
NbyGQVwzFc_loc12_loop6,12,ITN 0%/IRS 0%/Larvicide 0%,0;0.4;0.4_0;0;0_0;0;0_-100;2;5475_-100;2;5475_-100;2;5475,32.4876712328767,Incidence,0.000120112362564553
NbyGQVwzFc_loc12_loop6,12,ITN 0%/IRS 0%/Larvicide 0%,0;0.4;0.4_0;0;0_0;0;0_-100;2;5475_-100;2;5475_-100;2;5475,32.4904109589041,Incidence,0.000120177529255875
NbyGQVwzFc_loc12_loop6,12,ITN 0%/IRS 0%/Larvicide 0%,0;0.4;0.4_0;0;0_0;0;0_-100;2;5475_-100;2;5475_-100;2;5475,32.4931506849315,Incidence,0.000120242769172702
NbyGQVwzFc_loc12_loop6,12,ITN 0%/IRS 0%/Larvicide 0%,0;0.4;0.4_0;0;0_0;0;0_-100;2;5475_-100;2;5475_-100;2;5475,32.4958904109589,Incidence,0.00012030808221427
NbyGQVwzFc_loc12_loop6,12,ITN 0%/IRS 0%/Larvicide 0%,0;0.4;0.4_0;0;0_0;0;0_-100;2;5475_-100;2;5475_-100;2;5475,32.4986301369863,Incidence,0.000120373468279742
NbyGQVwzFc_loc12_loop6,12,ITN 0%/IRS 0%/Larvicide 0%,0;0.4;0.4_0;0;0_0;0;0_-100;2;5475_-100;2;5475_-100;2;5475,32.5013698630137,Incidence,0.000120438927268206
NbyGQVwzFc_loc12_loop6,12,ITN 0%/IRS 0%/Larvicide 0%,0;0.4;0.4_0;0;0_0;0;0_-100;2;5475_-100;2;5475_-100;2;5475,32.5041095890411,Incidence,0.000120504459078673
NbyGQVwzFc_loc12_loop6,12,ITN 0%/IRS 0%/Larvicide 0%,0;0.4;0.4_0;0;0_0;0;0_-100;2;5475_-100;2;5475_-100;2;5475,32.5068493150685,Incidence,0.000120570063610078
NbyGQVwzFc_loc12_loop6,12,ITN 0%/IRS 0%/Larvicide 0%,0;0.4;0.4_0;0;0_0;0;0_-100;2;5475_-100;2;5475_-100;2;5475,32.5095890410959,Incidence,0.000120635740761278
NbyGQVwzFc_loc12_loop6,12,ITN 0%/IRS 0%/Larvicide 0%,0;0.4;0.4_0;0;0_0;0;0_-100;2;5475_-100;2;5475_-100;2;5475,32.5123287671233,Incidence,0.000120701490431051
NbyGQVwzFc_loc12_loop6,12,ITN 0%/IRS 0%/Larvicide 0%,0;0.4;0.4_0;0;0_0;0;0_-100;2;5475_-100;2;5475_-100;2;5475,32.5150684931507,Incidence,0.000120767312518099
NbyGQVwzFc_loc12_loop6,12,ITN 0%/IRS 0%/Larvicide 0%,0;0.4;0.4_0;0;0_0;0;0_-100;2;5475_-100;2;5475_-100;2;5475,32.5178082191781,Incidence,0.000120833206921043
NbyGQVwzFc_loc12_loop6,12,ITN 0%/IRS 0%/Larvicide 0%,0;0.4;0.4_0;0;0_0;0;0_-100;2;5475_-100;2;5475_-100;2;5475,32.5205479452055,Incidence,0.000120899173538423
NbyGQVwzFc_loc12_loop6,12,ITN 0%/IRS 0%/Larvicide 0%,0;0.4;0.4_0;0;0_0;0;0_-100;2;5475_-100;2;5475_-100;2;5475,32.5232876712329,Incidence,0.000120965212268702
NbyGQVwzFc_loc12_loop6,12,ITN 0%/IRS 0%/Larvicide 0%,0;0.4;0.4_0;0;0_0;0;0_-100;2;5475_-100;2;5475_-100;2;5475,32.5260273972603,Incidence,0.00012103132301026
NbyGQVwzFc_loc12_loop6,12,ITN 0%/IRS 0%/Larvicide 0%,0;0.4;0.4_0;0;0_0;0;0_-100;2;5475_-100;2;5475_-100;2;5475,32.5287671232877,Incidence,0.000121097505661395
NbyGQVwzFc_loc12_loop6,12,ITN 0%/IRS 0%/Larvicide 0%,0;0.4;0.4_0;0;0_0;0;0_-100;2;5475_-100;2;5475_-100;2;5475,32.5315068493151,Incidence,0.000121163760120322
NbyGQVwzFc_loc12_loop6,12,ITN 0%/IRS 0%/Larvicide 0%,0;0.4;0.4_0;0;0_0;0;0_-100;2;5475_-100;2;5475_-100;2;5475,32.5342465753425,Incidence,0.000121230086285176
NbyGQVwzFc_loc12_loop6,12,ITN 0%/IRS 0%/Larvicide 0%,0;0.4;0.4_0;0;0_0;0;0_-100;2;5475_-100;2;5475_-100;2;5475,32.5369863013699,Incidence,0.000121296484054007
NbyGQVwzFc_loc12_loop6,12,ITN 0%/IRS 0%/Larvicide 0%,0;0.4;0.4_0;0;0_0;0;0_-100;2;5475_-100;2;5475_-100;2;5475,32.5397260273973,Incidence,0.00012136295332478
NbyGQVwzFc_loc12_loop6,12,ITN 0%/IRS 0%/Larvicide 0%,0;0.4;0.4_0;0;0_0;0;0_-100;2;5475_-100;2;5475_-100;2;5475,32.5424657534247,Incidence,0.000121429493995376
NbyGQVwzFc_loc12_loop6,12,ITN 0%/IRS 0%/Larvicide 0%,0;0.4;0.4_0;0;0_0;0;0_-100;2;5475_-100;2;5475_-100;2;5475,32.5452054794521,Incidence,0.000121496105963592
NbyGQVwzFc_loc12_loop6,12,ITN 0%/IRS 0%/Larvicide 0%,0;0.4;0.4_0;0;0_0;0;0_-100;2;5475_-100;2;5475_-100;2;5475,32.5479452054795,Incidence,0.000121562789127137
NbyGQVwzFc_loc12_loop6,12,ITN 0%/IRS 0%/Larvicide 0%,0;0.4;0.4_0;0;0_0;0;0_-100;2;5475_-100;2;5475_-100;2;5475,32.5506849315069,Incidence,0.000121629543383636
NbyGQVwzFc_loc12_loop6,12,ITN 0%/IRS 0%/Larvicide 0%,0;0.4;0.4_0;0;0_0;0;0_-100;2;5475_-100;2;5475_-100;2;5475,32.5534246575342,Incidence,0.000121696368630624
NbyGQVwzFc_loc12_loop6,12,ITN 0%/IRS 0%/Larvicide 0%,0;0.4;0.4_0;0;0_0;0;0_-100;2;5475_-100;2;5475_-100;2;5475,32.5561643835616,Incidence,0.000121763264765551
NbyGQVwzFc_loc12_loop6,12,ITN 0%/IRS 0%/Larvicide 0%,0;0.4;0.4_0;0;0_0;0;0_-100;2;5475_-100;2;5475_-100;2;5475,32.558904109589,Incidence,0.000121830231685777
NbyGQVwzFc_loc12_loop6,12,ITN 0%/IRS 0%/Larvicide 0%,0;0.4;0.4_0;0;0_0;0;0_-100;2;5475_-100;2;5475_-100;2;5475,32.5616438356164,Incidence,0.000121897269288576
NbyGQVwzFc_loc12_loop6,12,ITN 0%/IRS 0%/Larvicide 0%,0;0.4;0.4_0;0;0_0;0;0_-100;2;5475_-100;2;5475_-100;2;5475,32.5643835616438,Incidence,0.000121964377471129
NbyGQVwzFc_loc12_loop6,12,ITN 0%/IRS 0%/Larvicide 0%,0;0.4;0.4_0;0;0_0;0;0_-100;2;5475_-100;2;5475_-100;2;5475,32.5671232876712,Incidence,0.000122031556130529
NbyGQVwzFc_loc12_loop6,12,ITN 0%/IRS 0%/Larvicide 0%,0;0.4;0.4_0;0;0_0;0;0_-100;2;5475_-100;2;5475_-100;2;5475,32.5698630136986,Incidence,0.000122098805163779
NbyGQVwzFc_loc12_loop6,12,ITN 0%/IRS 0%/Larvicide 0%,0;0.4;0.4_0;0;0_0;0;0_-100;2;5475_-100;2;5475_-100;2;5475,32.572602739726,Incidence,0.000122166124467788
NbyGQVwzFc_loc12_loop6,12,ITN 0%/IRS 0%/Larvicide 0%,0;0.4;0.4_0;0;0_0;0;0_-100;2;5475_-100;2;5475_-100;2;5475,32.5753424657534,Incidence,0.000122233513939377
NbyGQVwzFc_loc12_loop6,12,ITN 0%/IRS 0%/Larvicide 0%,0;0.4;0.4_0;0;0_0;0;0_-100;2;5475_-100;2;5475_-100;2;5475,32.5780821917808,Incidence,0.000122300973475272
NbyGQVwzFc_loc12_loop6,12,ITN 0%/IRS 0%/Larvicide 0%,0;0.4;0.4_0;0;0_0;0;0_-100;2;5475_-100;2;5475_-100;2;5475,32.5808219178082,Incidence,0.000122368502972108
NbyGQVwzFc_loc12_loop6,12,ITN 0%/IRS 0%/Larvicide 0%,0;0.4;0.4_0;0;0_0;0;0_-100;2;5475_-100;2;5475_-100;2;5475,32.5835616438356,Incidence,0.000122436102326518
NbyGQVwzFc_loc12_loop6,12,ITN 0%/IRS 0%/Larvicide 0%,0;0.4;0.4_0;0;0_0;0;0_-100;2;5475_-100;2;5475_-100;2;5475,32.586301369863,Incidence,0.000122503771434076
NbyGQVwzFc_loc12_loop6,12,ITN 0%/IRS 0%/Larvicide 0%,0;0.4;0.4_0;0;0_0;0;0_-100;2;5475_-100;2;5475_-100;2;5475,32.5890410958904,Incidence,0.000122571510189495
NbyGQVwzFc_loc12_loop6,12,ITN 0%/IRS 0%/Larvicide 0%,0;0.4;0.4_0;0;0_0;0;0_-100;2;5475_-100;2;5475_-100;2;5475,32.5917808219178,Incidence,0.000122639318487404
NbyGQVwzFc_loc12_loop6,12,ITN 0%/IRS 0%/Larvicide 0%,0;0.4;0.4_0;0;0_0;0;0_-100;2;5475_-100;2;5475_-100;2;5475,32.5945205479452,Incidence,0.000122707196222344
NbyGQVwzFc_loc12_loop6,12,ITN 0%/IRS 0%/Larvicide 0%,0;0.4;0.4_0;0;0_0;0;0_-100;2;5475_-100;2;5475_-100;2;5475,32.5972602739726,Incidence,0.000122775143288773
NbyGQVwzFc_loc12_loop6,12,ITN 0%/IRS 0%/Larvicide 0%,0;0.4;0.4_0;0;0_0;0;0_-100;2;5475_-100;2;5475_-100;2;5475,32.6,Incidence,0.000122843159581062
NbyGQVwzFc_loc12_loop6,12,ITN 0%/IRS 0%/Larvicide 0%,0;0.4;0.4_0;0;0_0;0;0_-100;2;5475_-100;2;5475_-100;2;5475,32.6027397260274,Incidence,0.000122911244993496
NbyGQVwzFc_loc12_loop6,12,ITN 0%/IRS 0%/Larvicide 0%,0;0.4;0.4_0;0;0_0;0;0_-100;2;5475_-100;2;5475_-100;2;5475,32.6054794520548,Incidence,0.000122979399420274
NbyGQVwzFc_loc12_loop6,12,ITN 0%/IRS 0%/Larvicide 0%,0;0.4;0.4_0;0;0_0;0;0_-100;2;5475_-100;2;5475_-100;2;5475,32.6082191780822,Incidence,0.000123047622755506
NbyGQVwzFc_loc12_loop6,12,ITN 0%/IRS 0%/Larvicide 0%,0;0.4;0.4_0;0;0_0;0;0_-100;2;5475_-100;2;5475_-100;2;5475,32.6109589041096,Incidence,0.000123115914893217
NbyGQVwzFc_loc12_loop6,12,ITN 0%/IRS 0%/Larvicide 0%,0;0.4;0.4_0;0;0_0;0;0_-100;2;5475_-100;2;5475_-100;2;5475,32.613698630137,Incidence,0.000123184275727341
NbyGQVwzFc_loc12_loop6,12,ITN 0%/IRS 0%/Larvicide 0%,0;0.4;0.4_0;0;0_0;0;0_-100;2;5475_-100;2;5475_-100;2;5475,32.6164383561644,Incidence,0.000123252705151726
NbyGQVwzFc_loc12_loop6,12,ITN 0%/IRS 0%/Larvicide 0%,0;0.4;0.4_0;0;0_0;0;0_-100;2;5475_-100;2;5475_-100;2;5475,32.6191780821918,Incidence,0.000123321203060127
NbyGQVwzFc_loc12_loop6,12,ITN 0%/IRS 0%/Larvicide 0%,0;0.4;0.4_0;0;0_0;0;0_-100;2;5475_-100;2;5475_-100;2;5475,32.6219178082192,Incidence,0.000123389769346213
NbyGQVwzFc_loc12_loop6,12,ITN 0%/IRS 0%/Larvicide 0%,0;0.4;0.4_0;0;0_0;0;0_-100;2;5475_-100;2;5475_-100;2;5475,32.6246575342466,Incidence,0.000123458403903561
NbyGQVwzFc_loc12_loop6,12,ITN 0%/IRS 0%/Larvicide 0%,0;0.4;0.4_0;0;0_0;0;0_-100;2;5475_-100;2;5475_-100;2;5475,32.627397260274,Incidence,0.000123527106625658
NbyGQVwzFc_loc12_loop6,12,ITN 0%/IRS 0%/Larvicide 0%,0;0.4;0.4_0;0;0_0;0;0_-100;2;5475_-100;2;5475_-100;2;5475,32.6301369863014,Incidence,0.000123595877405899
NbyGQVwzFc_loc12_loop6,12,ITN 0%/IRS 0%/Larvicide 0%,0;0.4;0.4_0;0;0_0;0;0_-100;2;5475_-100;2;5475_-100;2;5475,32.6328767123288,Incidence,0.000123664716137587
NbyGQVwzFc_loc12_loop6,12,ITN 0%/IRS 0%/Larvicide 0%,0;0.4;0.4_0;0;0_0;0;0_-100;2;5475_-100;2;5475_-100;2;5475,32.6356164383562,Incidence,0.000123733622713935
NbyGQVwzFc_loc12_loop6,12,ITN 0%/IRS 0%/Larvicide 0%,0;0.4;0.4_0;0;0_0;0;0_-100;2;5475_-100;2;5475_-100;2;5475,32.6383561643836,Incidence,0.000123802597028061
NbyGQVwzFc_loc12_loop6,12,ITN 0%/IRS 0%/Larvicide 0%,0;0.4;0.4_0;0;0_0;0;0_-100;2;5475_-100;2;5475_-100;2;5475,32.641095890411,Incidence,0.000123871638972992
NbyGQVwzFc_loc12_loop6,12,ITN 0%/IRS 0%/Larvicide 0%,0;0.4;0.4_0;0;0_0;0;0_-100;2;5475_-100;2;5475_-100;2;5475,32.6438356164384,Incidence,0.000123940748441659
NbyGQVwzFc_loc12_loop6,12,ITN 0%/IRS 0%/Larvicide 0%,0;0.4;0.4_0;0;0_0;0;0_-100;2;5475_-100;2;5475_-100;2;5475,32.6465753424658,Incidence,0.000124009925326901
NbyGQVwzFc_loc12_loop6,12,ITN 0%/IRS 0%/Larvicide 0%,0;0.4;0.4_0;0;0_0;0;0_-100;2;5475_-100;2;5475_-100;2;5475,32.6493150684932,Incidence,0.000124079169521461
NbyGQVwzFc_loc12_loop6,12,ITN 0%/IRS 0%/Larvicide 0%,0;0.4;0.4_0;0;0_0;0;0_-100;2;5475_-100;2;5475_-100;2;5475,32.6520547945206,Incidence,0.00012414848091799
NbyGQVwzFc_loc12_loop6,12,ITN 0%/IRS 0%/Larvicide 0%,0;0.4;0.4_0;0;0_0;0;0_-100;2;5475_-100;2;5475_-100;2;5475,32.6547945205479,Incidence,0.000124217859409039
NbyGQVwzFc_loc12_loop6,12,ITN 0%/IRS 0%/Larvicide 0%,0;0.4;0.4_0;0;0_0;0;0_-100;2;5475_-100;2;5475_-100;2;5475,32.6575342465753,Incidence,0.000124287304887066
NbyGQVwzFc_loc12_loop6,12,ITN 0%/IRS 0%/Larvicide 0%,0;0.4;0.4_0;0;0_0;0;0_-100;2;5475_-100;2;5475_-100;2;5475,32.6602739726027,Incidence,0.000124356817244433
NbyGQVwzFc_loc12_loop6,12,ITN 0%/IRS 0%/Larvicide 0%,0;0.4;0.4_0;0;0_0;0;0_-100;2;5475_-100;2;5475_-100;2;5475,32.6630136986301,Incidence,0.000124426396373404
NbyGQVwzFc_loc12_loop6,12,ITN 0%/IRS 0%/Larvicide 0%,0;0.4;0.4_0;0;0_0;0;0_-100;2;5475_-100;2;5475_-100;2;5475,32.6657534246575,Incidence,0.000124496042166147
NbyGQVwzFc_loc12_loop6,12,ITN 0%/IRS 0%/Larvicide 0%,0;0.4;0.4_0;0;0_0;0;0_-100;2;5475_-100;2;5475_-100;2;5475,32.6684931506849,Incidence,0.00012456575451473
NbyGQVwzFc_loc12_loop6,12,ITN 0%/IRS 0%/Larvicide 0%,0;0.4;0.4_0;0;0_0;0;0_-100;2;5475_-100;2;5475_-100;2;5475,32.6712328767123,Incidence,0.000124635533311126
NbyGQVwzFc_loc12_loop6,12,ITN 0%/IRS 0%/Larvicide 0%,0;0.4;0.4_0;0;0_0;0;0_-100;2;5475_-100;2;5475_-100;2;5475,32.6739726027397,Incidence,0.000124705378447206
NbyGQVwzFc_loc12_loop6,12,ITN 0%/IRS 0%/Larvicide 0%,0;0.4;0.4_0;0;0_0;0;0_-100;2;5475_-100;2;5475_-100;2;5475,32.6767123287671,Incidence,0.000124775289814746
NbyGQVwzFc_loc12_loop6,12,ITN 0%/IRS 0%/Larvicide 0%,0;0.4;0.4_0;0;0_0;0;0_-100;2;5475_-100;2;5475_-100;2;5475,32.6794520547945,Incidence,0.000124845267305418
NbyGQVwzFc_loc12_loop6,12,ITN 0%/IRS 0%/Larvicide 0%,0;0.4;0.4_0;0;0_0;0;0_-100;2;5475_-100;2;5475_-100;2;5475,32.6821917808219,Incidence,0.000124915310810799
NbyGQVwzFc_loc12_loop6,12,ITN 0%/IRS 0%/Larvicide 0%,0;0.4;0.4_0;0;0_0;0;0_-100;2;5475_-100;2;5475_-100;2;5475,32.6849315068493,Incidence,0.000124985420222363
NbyGQVwzFc_loc12_loop6,12,ITN 0%/IRS 0%/Larvicide 0%,0;0.4;0.4_0;0;0_0;0;0_-100;2;5475_-100;2;5475_-100;2;5475,32.6876712328767,Incidence,0.000125055595431482
NbyGQVwzFc_loc12_loop6,12,ITN 0%/IRS 0%/Larvicide 0%,0;0.4;0.4_0;0;0_0;0;0_-100;2;5475_-100;2;5475_-100;2;5475,32.6904109589041,Incidence,0.00012512583632943
NbyGQVwzFc_loc12_loop6,12,ITN 0%/IRS 0%/Larvicide 0%,0;0.4;0.4_0;0;0_0;0;0_-100;2;5475_-100;2;5475_-100;2;5475,32.6931506849315,Incidence,0.000125196142807377
NbyGQVwzFc_loc12_loop6,12,ITN 0%/IRS 0%/Larvicide 0%,0;0.4;0.4_0;0;0_0;0;0_-100;2;5475_-100;2;5475_-100;2;5475,32.6958904109589,Incidence,0.000125266514756393
NbyGQVwzFc_loc12_loop6,12,ITN 0%/IRS 0%/Larvicide 0%,0;0.4;0.4_0;0;0_0;0;0_-100;2;5475_-100;2;5475_-100;2;5475,32.6986301369863,Incidence,0.000125336952067445
NbyGQVwzFc_loc12_loop6,12,ITN 0%/IRS 0%/Larvicide 0%,0;0.4;0.4_0;0;0_0;0;0_-100;2;5475_-100;2;5475_-100;2;5475,32.7013698630137,Incidence,0.000125407454631396
NbyGQVwzFc_loc12_loop6,12,ITN 0%/IRS 0%/Larvicide 0%,0;0.4;0.4_0;0;0_0;0;0_-100;2;5475_-100;2;5475_-100;2;5475,32.7041095890411,Incidence,0.000125478022339011
NbyGQVwzFc_loc12_loop6,12,ITN 0%/IRS 0%/Larvicide 0%,0;0.4;0.4_0;0;0_0;0;0_-100;2;5475_-100;2;5475_-100;2;5475,32.7068493150685,Incidence,0.000125548655080773
NbyGQVwzFc_loc12_loop6,12,ITN 0%/IRS 0%/Larvicide 0%,0;0.4;0.4_0;0;0_0;0;0_-100;2;5475_-100;2;5475_-100;2;5475,32.7095890410959,Incidence,0.000125619352746097
NbyGQVwzFc_loc12_loop6,12,ITN 0%/IRS 0%/Larvicide 0%,0;0.4;0.4_0;0;0_0;0;0_-100;2;5475_-100;2;5475_-100;2;5475,32.7123287671233,Incidence,0.000125690115224064
NbyGQVwzFc_loc12_loop6,12,ITN 0%/IRS 0%/Larvicide 0%,0;0.4;0.4_0;0;0_0;0;0_-100;2;5475_-100;2;5475_-100;2;5475,32.7150684931507,Incidence,0.000125760942403664
NbyGQVwzFc_loc12_loop6,12,ITN 0%/IRS 0%/Larvicide 0%,0;0.4;0.4_0;0;0_0;0;0_-100;2;5475_-100;2;5475_-100;2;5475,32.7178082191781,Incidence,0.000125831834173793
NbyGQVwzFc_loc12_loop6,12,ITN 0%/IRS 0%/Larvicide 0%,0;0.4;0.4_0;0;0_0;0;0_-100;2;5475_-100;2;5475_-100;2;5475,32.7205479452055,Incidence,0.000125902790423251
NbyGQVwzFc_loc12_loop6,12,ITN 0%/IRS 0%/Larvicide 0%,0;0.4;0.4_0;0;0_0;0;0_-100;2;5475_-100;2;5475_-100;2;5475,32.7232876712329,Incidence,0.000125973811040742
NbyGQVwzFc_loc12_loop6,12,ITN 0%/IRS 0%/Larvicide 0%,0;0.4;0.4_0;0;0_0;0;0_-100;2;5475_-100;2;5475_-100;2;5475,32.7260273972603,Incidence,0.000126044895914876
NbyGQVwzFc_loc12_loop6,12,ITN 0%/IRS 0%/Larvicide 0%,0;0.4;0.4_0;0;0_0;0;0_-100;2;5475_-100;2;5475_-100;2;5475,32.7287671232877,Incidence,0.000126116044934166
NbyGQVwzFc_loc12_loop6,12,ITN 0%/IRS 0%/Larvicide 0%,0;0.4;0.4_0;0;0_0;0;0_-100;2;5475_-100;2;5475_-100;2;5475,32.7315068493151,Incidence,0.000126187257987032
NbyGQVwzFc_loc12_loop6,12,ITN 0%/IRS 0%/Larvicide 0%,0;0.4;0.4_0;0;0_0;0;0_-100;2;5475_-100;2;5475_-100;2;5475,32.7342465753425,Incidence,0.000126258534961792
NbyGQVwzFc_loc12_loop6,12,ITN 0%/IRS 0%/Larvicide 0%,0;0.4;0.4_0;0;0_0;0;0_-100;2;5475_-100;2;5475_-100;2;5475,32.7369863013699,Incidence,0.000126329875746673
NbyGQVwzFc_loc12_loop6,12,ITN 0%/IRS 0%/Larvicide 0%,0;0.4;0.4_0;0;0_0;0;0_-100;2;5475_-100;2;5475_-100;2;5475,32.7397260273973,Incidence,0.000126401280229799
NbyGQVwzFc_loc12_loop6,12,ITN 0%/IRS 0%/Larvicide 0%,0;0.4;0.4_0;0;0_0;0;0_-100;2;5475_-100;2;5475_-100;2;5475,32.7424657534247,Incidence,0.000126472748299201
NbyGQVwzFc_loc12_loop6,12,ITN 0%/IRS 0%/Larvicide 0%,0;0.4;0.4_0;0;0_0;0;0_-100;2;5475_-100;2;5475_-100;2;5475,32.7452054794521,Incidence,0.00012654427984281
NbyGQVwzFc_loc12_loop6,12,ITN 0%/IRS 0%/Larvicide 0%,0;0.4;0.4_0;0;0_0;0;0_-100;2;5475_-100;2;5475_-100;2;5475,32.7479452054795,Incidence,0.00012661587474846
NbyGQVwzFc_loc12_loop6,12,ITN 0%/IRS 0%/Larvicide 0%,0;0.4;0.4_0;0;0_0;0;0_-100;2;5475_-100;2;5475_-100;2;5475,32.7506849315069,Incidence,0.000126687532903885
NbyGQVwzFc_loc12_loop6,12,ITN 0%/IRS 0%/Larvicide 0%,0;0.4;0.4_0;0;0_0;0;0_-100;2;5475_-100;2;5475_-100;2;5475,32.7534246575343,Incidence,0.00012675925419672
NbyGQVwzFc_loc12_loop6,12,ITN 0%/IRS 0%/Larvicide 0%,0;0.4;0.4_0;0;0_0;0;0_-100;2;5475_-100;2;5475_-100;2;5475,32.7561643835617,Incidence,0.000126831038514502
NbyGQVwzFc_loc12_loop6,12,ITN 0%/IRS 0%/Larvicide 0%,0;0.4;0.4_0;0;0_0;0;0_-100;2;5475_-100;2;5475_-100;2;5475,32.758904109589,Incidence,0.000126902885744669
NbyGQVwzFc_loc12_loop6,12,ITN 0%/IRS 0%/Larvicide 0%,0;0.4;0.4_0;0;0_0;0;0_-100;2;5475_-100;2;5475_-100;2;5475,32.7616438356164,Incidence,0.000126974795774557
NbyGQVwzFc_loc12_loop6,12,ITN 0%/IRS 0%/Larvicide 0%,0;0.4;0.4_0;0;0_0;0;0_-100;2;5475_-100;2;5475_-100;2;5475,32.7643835616438,Incidence,0.000127046768491404
NbyGQVwzFc_loc12_loop6,12,ITN 0%/IRS 0%/Larvicide 0%,0;0.4;0.4_0;0;0_0;0;0_-100;2;5475_-100;2;5475_-100;2;5475,32.7671232876712,Incidence,0.000127118803782346
NbyGQVwzFc_loc12_loop6,12,ITN 0%/IRS 0%/Larvicide 0%,0;0.4;0.4_0;0;0_0;0;0_-100;2;5475_-100;2;5475_-100;2;5475,32.7698630136986,Incidence,0.000127190901534419
NbyGQVwzFc_loc12_loop6,12,ITN 0%/IRS 0%/Larvicide 0%,0;0.4;0.4_0;0;0_0;0;0_-100;2;5475_-100;2;5475_-100;2;5475,32.772602739726,Incidence,0.000127263061634558
NbyGQVwzFc_loc12_loop6,12,ITN 0%/IRS 0%/Larvicide 0%,0;0.4;0.4_0;0;0_0;0;0_-100;2;5475_-100;2;5475_-100;2;5475,32.7753424657534,Incidence,0.000127335283969596
NbyGQVwzFc_loc12_loop6,12,ITN 0%/IRS 0%/Larvicide 0%,0;0.4;0.4_0;0;0_0;0;0_-100;2;5475_-100;2;5475_-100;2;5475,32.7780821917808,Incidence,0.000127407568426265
NbyGQVwzFc_loc12_loop6,12,ITN 0%/IRS 0%/Larvicide 0%,0;0.4;0.4_0;0;0_0;0;0_-100;2;5475_-100;2;5475_-100;2;5475,32.7808219178082,Incidence,0.000127479914891194
NbyGQVwzFc_loc12_loop6,12,ITN 0%/IRS 0%/Larvicide 0%,0;0.4;0.4_0;0;0_0;0;0_-100;2;5475_-100;2;5475_-100;2;5475,32.7835616438356,Incidence,0.000127552323250912
NbyGQVwzFc_loc12_loop6,12,ITN 0%/IRS 0%/Larvicide 0%,0;0.4;0.4_0;0;0_0;0;0_-100;2;5475_-100;2;5475_-100;2;5475,32.786301369863,Incidence,0.000127624793391844
NbyGQVwzFc_loc12_loop6,12,ITN 0%/IRS 0%/Larvicide 0%,0;0.4;0.4_0;0;0_0;0;0_-100;2;5475_-100;2;5475_-100;2;5475,32.7890410958904,Incidence,0.000127697325200312
NbyGQVwzFc_loc12_loop6,12,ITN 0%/IRS 0%/Larvicide 0%,0;0.4;0.4_0;0;0_0;0;0_-100;2;5475_-100;2;5475_-100;2;5475,32.7917808219178,Incidence,0.000127769918562535
NbyGQVwzFc_loc12_loop6,12,ITN 0%/IRS 0%/Larvicide 0%,0;0.4;0.4_0;0;0_0;0;0_-100;2;5475_-100;2;5475_-100;2;5475,32.7945205479452,Incidence,0.000127842573364629
NbyGQVwzFc_loc12_loop6,12,ITN 0%/IRS 0%/Larvicide 0%,0;0.4;0.4_0;0;0_0;0;0_-100;2;5475_-100;2;5475_-100;2;5475,32.7972602739726,Incidence,0.000127915289492607
NbyGQVwzFc_loc12_loop6,12,ITN 0%/IRS 0%/Larvicide 0%,0;0.4;0.4_0;0;0_0;0;0_-100;2;5475_-100;2;5475_-100;2;5475,32.8,Incidence,0.000127988066832376
NbyGQVwzFc_loc12_loop6,12,ITN 0%/IRS 0%/Larvicide 0%,0;0.4;0.4_0;0;0_0;0;0_-100;2;5475_-100;2;5475_-100;2;5475,32.8027397260274,Incidence,0.000128060905269743
NbyGQVwzFc_loc12_loop6,12,ITN 0%/IRS 0%/Larvicide 0%,0;0.4;0.4_0;0;0_0;0;0_-100;2;5475_-100;2;5475_-100;2;5475,32.8054794520548,Incidence,0.000128133804690406
NbyGQVwzFc_loc12_loop6,12,ITN 0%/IRS 0%/Larvicide 0%,0;0.4;0.4_0;0;0_0;0;0_-100;2;5475_-100;2;5475_-100;2;5475,32.8082191780822,Incidence,0.000128206764979961
NbyGQVwzFc_loc12_loop6,12,ITN 0%/IRS 0%/Larvicide 0%,0;0.4;0.4_0;0;0_0;0;0_-100;2;5475_-100;2;5475_-100;2;5475,32.8109589041096,Incidence,0.000128279786023899
NbyGQVwzFc_loc12_loop6,12,ITN 0%/IRS 0%/Larvicide 0%,0;0.4;0.4_0;0;0_0;0;0_-100;2;5475_-100;2;5475_-100;2;5475,32.813698630137,Incidence,0.000128352867707605
NbyGQVwzFc_loc12_loop6,12,ITN 0%/IRS 0%/Larvicide 0%,0;0.4;0.4_0;0;0_0;0;0_-100;2;5475_-100;2;5475_-100;2;5475,32.8164383561644,Incidence,0.000128426009916359
NbyGQVwzFc_loc12_loop6,12,ITN 0%/IRS 0%/Larvicide 0%,0;0.4;0.4_0;0;0_0;0;0_-100;2;5475_-100;2;5475_-100;2;5475,32.8191780821918,Incidence,0.000128499212535337
NbyGQVwzFc_loc12_loop6,12,ITN 0%/IRS 0%/Larvicide 0%,0;0.4;0.4_0;0;0_0;0;0_-100;2;5475_-100;2;5475_-100;2;5475,32.8219178082192,Incidence,0.000128572475449606
NbyGQVwzFc_loc12_loop6,12,ITN 0%/IRS 0%/Larvicide 0%,0;0.4;0.4_0;0;0_0;0;0_-100;2;5475_-100;2;5475_-100;2;5475,32.8246575342466,Incidence,0.00012864579854413
NbyGQVwzFc_loc12_loop6,12,ITN 0%/IRS 0%/Larvicide 0%,0;0.4;0.4_0;0;0_0;0;0_-100;2;5475_-100;2;5475_-100;2;5475,32.827397260274,Incidence,0.000128719181703765
NbyGQVwzFc_loc12_loop6,12,ITN 0%/IRS 0%/Larvicide 0%,0;0.4;0.4_0;0;0_0;0;0_-100;2;5475_-100;2;5475_-100;2;5475,32.8301369863014,Incidence,0.00012879262481326
NbyGQVwzFc_loc12_loop6,12,ITN 0%/IRS 0%/Larvicide 0%,0;0.4;0.4_0;0;0_0;0;0_-100;2;5475_-100;2;5475_-100;2;5475,32.8328767123288,Incidence,0.000128866127757261
NbyGQVwzFc_loc12_loop6,12,ITN 0%/IRS 0%/Larvicide 0%,0;0.4;0.4_0;0;0_0;0;0_-100;2;5475_-100;2;5475_-100;2;5475,32.8356164383562,Incidence,0.0001289396904203
NbyGQVwzFc_loc12_loop6,12,ITN 0%/IRS 0%/Larvicide 0%,0;0.4;0.4_0;0;0_0;0;0_-100;2;5475_-100;2;5475_-100;2;5475,32.8383561643836,Incidence,0.000129013312686461
NbyGQVwzFc_loc12_loop6,12,ITN 0%/IRS 0%/Larvicide 0%,0;0.4;0.4_0;0;0_0;0;0_-100;2;5475_-100;2;5475_-100;2;5475,32.841095890411,Incidence,0.000129086994439029
NbyGQVwzFc_loc12_loop6,12,ITN 0%/IRS 0%/Larvicide 0%,0;0.4;0.4_0;0;0_0;0;0_-100;2;5475_-100;2;5475_-100;2;5475,32.8438356164384,Incidence,0.000129160735561116
NbyGQVwzFc_loc12_loop6,12,ITN 0%/IRS 0%/Larvicide 0%,0;0.4;0.4_0;0;0_0;0;0_-100;2;5475_-100;2;5475_-100;2;5475,32.8465753424658,Incidence,0.000129234535935731
NbyGQVwzFc_loc12_loop6,12,ITN 0%/IRS 0%/Larvicide 0%,0;0.4;0.4_0;0;0_0;0;0_-100;2;5475_-100;2;5475_-100;2;5475,32.8493150684932,Incidence,0.00012930839544579
NbyGQVwzFc_loc12_loop6,12,ITN 0%/IRS 0%/Larvicide 0%,0;0.4;0.4_0;0;0_0;0;0_-100;2;5475_-100;2;5475_-100;2;5475,32.8520547945206,Incidence,0.000129382313974107
NbyGQVwzFc_loc12_loop6,12,ITN 0%/IRS 0%/Larvicide 0%,0;0.4;0.4_0;0;0_0;0;0_-100;2;5475_-100;2;5475_-100;2;5475,32.854794520548,Incidence,0.0001294562914034
NbyGQVwzFc_loc12_loop6,12,ITN 0%/IRS 0%/Larvicide 0%,0;0.4;0.4_0;0;0_0;0;0_-100;2;5475_-100;2;5475_-100;2;5475,32.8575342465753,Incidence,0.000129530327616285
NbyGQVwzFc_loc12_loop6,12,ITN 0%/IRS 0%/Larvicide 0%,0;0.4;0.4_0;0;0_0;0;0_-100;2;5475_-100;2;5475_-100;2;5475,32.8602739726027,Incidence,0.000129604422495284
NbyGQVwzFc_loc12_loop6,12,ITN 0%/IRS 0%/Larvicide 0%,0;0.4;0.4_0;0;0_0;0;0_-100;2;5475_-100;2;5475_-100;2;5475,32.8630136986301,Incidence,0.000129678575922817
NbyGQVwzFc_loc12_loop6,12,ITN 0%/IRS 0%/Larvicide 0%,0;0.4;0.4_0;0;0_0;0;0_-100;2;5475_-100;2;5475_-100;2;5475,32.8657534246575,Incidence,0.000129752787781204
NbyGQVwzFc_loc12_loop6,12,ITN 0%/IRS 0%/Larvicide 0%,0;0.4;0.4_0;0;0_0;0;0_-100;2;5475_-100;2;5475_-100;2;5475,32.8684931506849,Incidence,0.000129827057952667
NbyGQVwzFc_loc12_loop6,12,ITN 0%/IRS 0%/Larvicide 0%,0;0.4;0.4_0;0;0_0;0;0_-100;2;5475_-100;2;5475_-100;2;5475,32.8712328767123,Incidence,0.00012990138631933
NbyGQVwzFc_loc12_loop6,12,ITN 0%/IRS 0%/Larvicide 0%,0;0.4;0.4_0;0;0_0;0;0_-100;2;5475_-100;2;5475_-100;2;5475,32.8739726027397,Incidence,0.000129975772763215
NbyGQVwzFc_loc12_loop6,12,ITN 0%/IRS 0%/Larvicide 0%,0;0.4;0.4_0;0;0_0;0;0_-100;2;5475_-100;2;5475_-100;2;5475,32.8767123287671,Incidence,0.000130050217166244
NbyGQVwzFc_loc12_loop6,12,ITN 0%/IRS 0%/Larvicide 0%,0;0.4;0.4_0;0;0_0;0;0_-100;2;5475_-100;2;5475_-100;2;5475,32.8794520547945,Incidence,0.00013012471941024
NbyGQVwzFc_loc12_loop6,12,ITN 0%/IRS 0%/Larvicide 0%,0;0.4;0.4_0;0;0_0;0;0_-100;2;5475_-100;2;5475_-100;2;5475,32.8821917808219,Incidence,0.000130199279376927
NbyGQVwzFc_loc12_loop6,12,ITN 0%/IRS 0%/Larvicide 0%,0;0.4;0.4_0;0;0_0;0;0_-100;2;5475_-100;2;5475_-100;2;5475,32.8849315068493,Incidence,0.000130273896947928
NbyGQVwzFc_loc12_loop6,12,ITN 0%/IRS 0%/Larvicide 0%,0;0.4;0.4_0;0;0_0;0;0_-100;2;5475_-100;2;5475_-100;2;5475,32.8876712328767,Incidence,0.000130348572004762
NbyGQVwzFc_loc12_loop6,12,ITN 0%/IRS 0%/Larvicide 0%,0;0.4;0.4_0;0;0_0;0;0_-100;2;5475_-100;2;5475_-100;2;5475,32.8904109589041,Incidence,0.000130423304428854
NbyGQVwzFc_loc12_loop6,12,ITN 0%/IRS 0%/Larvicide 0%,0;0.4;0.4_0;0;0_0;0;0_-100;2;5475_-100;2;5475_-100;2;5475,32.8931506849315,Incidence,0.000130498094101522
NbyGQVwzFc_loc12_loop6,12,ITN 0%/IRS 0%/Larvicide 0%,0;0.4;0.4_0;0;0_0;0;0_-100;2;5475_-100;2;5475_-100;2;5475,32.8958904109589,Incidence,0.000130572940903987
NbyGQVwzFc_loc12_loop6,12,ITN 0%/IRS 0%/Larvicide 0%,0;0.4;0.4_0;0;0_0;0;0_-100;2;5475_-100;2;5475_-100;2;5475,32.8986301369863,Incidence,0.000130647844717369
NbyGQVwzFc_loc12_loop6,12,ITN 0%/IRS 0%/Larvicide 0%,0;0.4;0.4_0;0;0_0;0;0_-100;2;5475_-100;2;5475_-100;2;5475,32.9013698630137,Incidence,0.000130722805422684
NbyGQVwzFc_loc12_loop6,12,ITN 0%/IRS 0%/Larvicide 0%,0;0.4;0.4_0;0;0_0;0;0_-100;2;5475_-100;2;5475_-100;2;5475,32.9041095890411,Incidence,0.000130797822900849
NbyGQVwzFc_loc12_loop6,12,ITN 0%/IRS 0%/Larvicide 0%,0;0.4;0.4_0;0;0_0;0;0_-100;2;5475_-100;2;5475_-100;2;5475,32.9068493150685,Incidence,0.00013087289703268
NbyGQVwzFc_loc12_loop6,12,ITN 0%/IRS 0%/Larvicide 0%,0;0.4;0.4_0;0;0_0;0;0_-100;2;5475_-100;2;5475_-100;2;5475,32.9095890410959,Incidence,0.000130948027698889
NbyGQVwzFc_loc12_loop6,12,ITN 0%/IRS 0%/Larvicide 0%,0;0.4;0.4_0;0;0_0;0;0_-100;2;5475_-100;2;5475_-100;2;5475,32.9123287671233,Incidence,0.000131023214780091
NbyGQVwzFc_loc12_loop6,12,ITN 0%/IRS 0%/Larvicide 0%,0;0.4;0.4_0;0;0_0;0;0_-100;2;5475_-100;2;5475_-100;2;5475,32.9150684931507,Incidence,0.000131098458156793
NbyGQVwzFc_loc12_loop6,12,ITN 0%/IRS 0%/Larvicide 0%,0;0.4;0.4_0;0;0_0;0;0_-100;2;5475_-100;2;5475_-100;2;5475,32.9178082191781,Incidence,0.000131173757709407
NbyGQVwzFc_loc12_loop6,12,ITN 0%/IRS 0%/Larvicide 0%,0;0.4;0.4_0;0;0_0;0;0_-100;2;5475_-100;2;5475_-100;2;5475,32.9205479452055,Incidence,0.000131249113318238
NbyGQVwzFc_loc12_loop6,12,ITN 0%/IRS 0%/Larvicide 0%,0;0.4;0.4_0;0;0_0;0;0_-100;2;5475_-100;2;5475_-100;2;5475,32.9232876712329,Incidence,0.000131324524863491
NbyGQVwzFc_loc12_loop6,12,ITN 0%/IRS 0%/Larvicide 0%,0;0.4;0.4_0;0;0_0;0;0_-100;2;5475_-100;2;5475_-100;2;5475,32.9260273972603,Incidence,0.000131399992225268
NbyGQVwzFc_loc12_loop6,12,ITN 0%/IRS 0%/Larvicide 0%,0;0.4;0.4_0;0;0_0;0;0_-100;2;5475_-100;2;5475_-100;2;5475,32.9287671232877,Incidence,0.000131475515283571
NbyGQVwzFc_loc12_loop6,12,ITN 0%/IRS 0%/Larvicide 0%,0;0.4;0.4_0;0;0_0;0;0_-100;2;5475_-100;2;5475_-100;2;5475,32.9315068493151,Incidence,0.000131551093918298
NbyGQVwzFc_loc12_loop6,12,ITN 0%/IRS 0%/Larvicide 0%,0;0.4;0.4_0;0;0_0;0;0_-100;2;5475_-100;2;5475_-100;2;5475,32.9342465753425,Incidence,0.000131626728009245
NbyGQVwzFc_loc12_loop6,12,ITN 0%/IRS 0%/Larvicide 0%,0;0.4;0.4_0;0;0_0;0;0_-100;2;5475_-100;2;5475_-100;2;5475,32.9369863013699,Incidence,0.000131702417436106
NbyGQVwzFc_loc12_loop6,12,ITN 0%/IRS 0%/Larvicide 0%,0;0.4;0.4_0;0;0_0;0;0_-100;2;5475_-100;2;5475_-100;2;5475,32.9397260273973,Incidence,0.00013177816207847
NbyGQVwzFc_loc12_loop6,12,ITN 0%/IRS 0%/Larvicide 0%,0;0.4;0.4_0;0;0_0;0;0_-100;2;5475_-100;2;5475_-100;2;5475,32.9424657534247,Incidence,0.000131853961815828
NbyGQVwzFc_loc12_loop6,12,ITN 0%/IRS 0%/Larvicide 0%,0;0.4;0.4_0;0;0_0;0;0_-100;2;5475_-100;2;5475_-100;2;5475,32.9452054794521,Incidence,0.000131929816527565
NbyGQVwzFc_loc12_loop6,12,ITN 0%/IRS 0%/Larvicide 0%,0;0.4;0.4_0;0;0_0;0;0_-100;2;5475_-100;2;5475_-100;2;5475,32.9479452054795,Incidence,0.000132005726092965
NbyGQVwzFc_loc12_loop6,12,ITN 0%/IRS 0%/Larvicide 0%,0;0.4;0.4_0;0;0_0;0;0_-100;2;5475_-100;2;5475_-100;2;5475,32.9506849315069,Incidence,0.000132081690391208
NbyGQVwzFc_loc12_loop6,12,ITN 0%/IRS 0%/Larvicide 0%,0;0.4;0.4_0;0;0_0;0;0_-100;2;5475_-100;2;5475_-100;2;5475,32.9534246575343,Incidence,0.000132157709301372
NbyGQVwzFc_loc12_loop6,12,ITN 0%/IRS 0%/Larvicide 0%,0;0.4;0.4_0;0;0_0;0;0_-100;2;5475_-100;2;5475_-100;2;5475,32.9561643835616,Incidence,0.000132233782702432
NbyGQVwzFc_loc12_loop6,12,ITN 0%/IRS 0%/Larvicide 0%,0;0.4;0.4_0;0;0_0;0;0_-100;2;5475_-100;2;5475_-100;2;5475,32.958904109589,Incidence,0.000132309910473261
NbyGQVwzFc_loc12_loop6,12,ITN 0%/IRS 0%/Larvicide 0%,0;0.4;0.4_0;0;0_0;0;0_-100;2;5475_-100;2;5475_-100;2;5475,32.9616438356164,Incidence,0.000132386092492628
NbyGQVwzFc_loc12_loop6,12,ITN 0%/IRS 0%/Larvicide 0%,0;0.4;0.4_0;0;0_0;0;0_-100;2;5475_-100;2;5475_-100;2;5475,32.9643835616438,Incidence,0.000132462328639199
NbyGQVwzFc_loc12_loop6,12,ITN 0%/IRS 0%/Larvicide 0%,0;0.4;0.4_0;0;0_0;0;0_-100;2;5475_-100;2;5475_-100;2;5475,32.9671232876712,Incidence,0.000132538618791538
NbyGQVwzFc_loc12_loop6,12,ITN 0%/IRS 0%/Larvicide 0%,0;0.4;0.4_0;0;0_0;0;0_-100;2;5475_-100;2;5475_-100;2;5475,32.9698630136986,Incidence,0.000132614962828105
NbyGQVwzFc_loc12_loop6,12,ITN 0%/IRS 0%/Larvicide 0%,0;0.4;0.4_0;0;0_0;0;0_-100;2;5475_-100;2;5475_-100;2;5475,32.972602739726,Incidence,0.000132691360627258
NbyGQVwzFc_loc12_loop6,12,ITN 0%/IRS 0%/Larvicide 0%,0;0.4;0.4_0;0;0_0;0;0_-100;2;5475_-100;2;5475_-100;2;5475,32.9753424657534,Incidence,0.000132767812067251
NbyGQVwzFc_loc12_loop6,12,ITN 0%/IRS 0%/Larvicide 0%,0;0.4;0.4_0;0;0_0;0;0_-100;2;5475_-100;2;5475_-100;2;5475,32.9780821917808,Incidence,0.000132844317026219
NbyGQVwzFc_loc12_loop6,12,ITN 0%/IRS 0%/Larvicide 0%,0;0.4;0.4_0;0;0_0;0;0_-100;2;5475_-100;2;5475_-100;2;5475,32.9808219178082,Incidence,0.000132920875381651
NbyGQVwzFc_loc12_loop6,12,ITN 0%/IRS 0%/Larvicide 0%,0;0.4;0.4_0;0;0_0;0;0_-100;2;5475_-100;2;5475_-100;2;5475,32.9835616438356,Incidence,0.000132997487010573
NbyGQVwzFc_loc12_loop6,12,ITN 0%/IRS 0%/Larvicide 0%,0;0.4;0.4_0;0;0_0;0;0_-100;2;5475_-100;2;5475_-100;2;5475,32.986301369863,Incidence,0.000133074151789967
NbyGQVwzFc_loc12_loop6,12,ITN 0%/IRS 0%/Larvicide 0%,0;0.4;0.4_0;0;0_0;0;0_-100;2;5475_-100;2;5475_-100;2;5475,32.9890410958904,Incidence,0.000133150869596719
NbyGQVwzFc_loc12_loop6,12,ITN 0%/IRS 0%/Larvicide 0%,0;0.4;0.4_0;0;0_0;0;0_-100;2;5475_-100;2;5475_-100;2;5475,32.9917808219178,Incidence,0.000133227640307619
NbyGQVwzFc_loc12_loop6,12,ITN 0%/IRS 0%/Larvicide 0%,0;0.4;0.4_0;0;0_0;0;0_-100;2;5475_-100;2;5475_-100;2;5475,32.9945205479452,Incidence,0.000133304463799366
NbyGQVwzFc_loc12_loop6,12,ITN 0%/IRS 0%/Larvicide 0%,0;0.4;0.4_0;0;0_0;0;0_-100;2;5475_-100;2;5475_-100;2;5475,32.9972602739726,Incidence,0.000133381339948562
NbyGQVwzFc_loc12_loop6,12,ITN 0%/IRS 0%/Larvicide 0%,0;0.4;0.4_0;0;0_0;0;0_-100;2;5475_-100;2;5475_-100;2;5475,33,Incidence,0.000133458268631714
NbyGQVwzFc_loc12_loop6,12,ITN 0%/IRS 0%/Larvicide 0%,0;0.4;0.4_0;0;0_0;0;0_-100;2;5475_-100;2;5475_-100;2;5475,33.0027397260274,Incidence,0.000133535249725237
NbyGQVwzFc_loc12_loop6,12,ITN 0%/IRS 0%/Larvicide 0%,0;0.4;0.4_0;0;0_0;0;0_-100;2;5475_-100;2;5475_-100;2;5475,33.0054794520548,Incidence,0.00013361228310545
NbyGQVwzFc_loc12_loop6,12,ITN 0%/IRS 0%/Larvicide 0%,0;0.4;0.4_0;0;0_0;0;0_-100;2;5475_-100;2;5475_-100;2;5475,33.0082191780822,Incidence,0.000133689368648577
NbyGQVwzFc_loc12_loop6,12,ITN 0%/IRS 0%/Larvicide 0%,0;0.4;0.4_0;0;0_0;0;0_-100;2;5475_-100;2;5475_-100;2;5475,33.0109589041096,Incidence,0.000133766506230748
NbyGQVwzFc_loc12_loop6,12,ITN 0%/IRS 0%/Larvicide 0%,0;0.4;0.4_0;0;0_0;0;0_-100;2;5475_-100;2;5475_-100;2;5475,33.013698630137,Incidence,0.000133843695727999
NbyGQVwzFc_loc12_loop6,12,ITN 0%/IRS 0%/Larvicide 0%,0;0.4;0.4_0;0;0_0;0;0_-100;2;5475_-100;2;5475_-100;2;5475,33.0164383561644,Incidence,0.000133920937016272
NbyGQVwzFc_loc12_loop6,12,ITN 0%/IRS 0%/Larvicide 0%,0;0.4;0.4_0;0;0_0;0;0_-100;2;5475_-100;2;5475_-100;2;5475,33.0191780821918,Incidence,0.000133998229971412
NbyGQVwzFc_loc12_loop6,12,ITN 0%/IRS 0%/Larvicide 0%,0;0.4;0.4_0;0;0_0;0;0_-100;2;5475_-100;2;5475_-100;2;5475,33.0219178082192,Incidence,0.000134075574469172
NbyGQVwzFc_loc12_loop6,12,ITN 0%/IRS 0%/Larvicide 0%,0;0.4;0.4_0;0;0_0;0;0_-100;2;5475_-100;2;5475_-100;2;5475,33.0246575342466,Incidence,0.000134152970385211
NbyGQVwzFc_loc12_loop6,12,ITN 0%/IRS 0%/Larvicide 0%,0;0.4;0.4_0;0;0_0;0;0_-100;2;5475_-100;2;5475_-100;2;5475,33.027397260274,Incidence,0.00013423041759509
NbyGQVwzFc_loc12_loop6,12,ITN 0%/IRS 0%/Larvicide 0%,0;0.4;0.4_0;0;0_0;0;0_-100;2;5475_-100;2;5475_-100;2;5475,33.0301369863014,Incidence,0.000134307915974281
NbyGQVwzFc_loc12_loop6,12,ITN 0%/IRS 0%/Larvicide 0%,0;0.4;0.4_0;0;0_0;0;0_-100;2;5475_-100;2;5475_-100;2;5475,33.0328767123288,Incidence,0.000112955268425236
NbyGQVwzFc_loc12_loop6,12,ITN 0%/IRS 0%/Larvicide 0%,0;0.4;0.4_0;0;0_0;0;0_-100;2;5475_-100;2;5475_-100;2;5475,33.0356164383562,Incidence,0.000112569827852672
NbyGQVwzFc_loc12_loop6,12,ITN 0%/IRS 0%/Larvicide 0%,0;0.4;0.4_0;0;0_0;0;0_-100;2;5475_-100;2;5475_-100;2;5475,33.0383561643836,Incidence,0.000112228466424721
NbyGQVwzFc_loc12_loop6,12,ITN 0%/IRS 0%/Larvicide 0%,0;0.4;0.4_0;0;0_0;0;0_-100;2;5475_-100;2;5475_-100;2;5475,33.041095890411,Incidence,0.000111926275639555
NbyGQVwzFc_loc12_loop6,12,ITN 0%/IRS 0%/Larvicide 0%,0;0.4;0.4_0;0;0_0;0;0_-100;2;5475_-100;2;5475_-100;2;5475,33.0438356164384,Incidence,0.000111659684702137
NbyGQVwzFc_loc12_loop6,12,ITN 0%/IRS 0%/Larvicide 0%,0;0.4;0.4_0;0;0_0;0;0_-100;2;5475_-100;2;5475_-100;2;5475,33.0465753424658,Incidence,0.000111425448418479
NbyGQVwzFc_loc12_loop6,12,ITN 0%/IRS 0%/Larvicide 0%,0;0.4;0.4_0;0;0_0;0;0_-100;2;5475_-100;2;5475_-100;2;5475,33.0493150684932,Incidence,0.000111220617540548
NbyGQVwzFc_loc12_loop6,12,ITN 0%/IRS 0%/Larvicide 0%,0;0.4;0.4_0;0;0_0;0;0_-100;2;5475_-100;2;5475_-100;2;5475,33.0520547945206,Incidence,0.00011104251179093
NbyGQVwzFc_loc12_loop6,12,ITN 0%/IRS 0%/Larvicide 0%,0;0.4;0.4_0;0;0_0;0;0_-100;2;5475_-100;2;5475_-100;2;5475,33.0547945205479,Incidence,0.000110893357495847
NbyGQVwzFc_loc12_loop6,12,ITN 0%/IRS 0%/Larvicide 0%,0;0.4;0.4_0;0;0_0;0;0_-100;2;5475_-100;2;5475_-100;2;5475,33.0575342465753,Incidence,0.000110414509463927
NbyGQVwzFc_loc12_loop6,12,ITN 0%/IRS 0%/Larvicide 0%,0;0.4;0.4_0;0;0_0;0;0_-100;2;5475_-100;2;5475_-100;2;5475,33.0602739726027,Incidence,0.00010992780234024
NbyGQVwzFc_loc12_loop6,12,ITN 0%/IRS 0%/Larvicide 0%,0;0.4;0.4_0;0;0_0;0;0_-100;2;5475_-100;2;5475_-100;2;5475,33.0630136986301,Incidence,0.000109458642454137
NbyGQVwzFc_loc12_loop6,12,ITN 0%/IRS 0%/Larvicide 0%,0;0.4;0.4_0;0;0_0;0;0_-100;2;5475_-100;2;5475_-100;2;5475,33.0657534246575,Incidence,0.000109008491404802
NbyGQVwzFc_loc12_loop6,12,ITN 0%/IRS 0%/Larvicide 0%,0;0.4;0.4_0;0;0_0;0;0_-100;2;5475_-100;2;5475_-100;2;5475,33.0684931506849,Incidence,0.000108578391959926
NbyGQVwzFc_loc12_loop6,12,ITN 0%/IRS 0%/Larvicide 0%,0;0.4;0.4_0;0;0_0;0;0_-100;2;5475_-100;2;5475_-100;2;5475,33.0712328767123,Incidence,0.000108169043262755
NbyGQVwzFc_loc12_loop6,12,ITN 0%/IRS 0%/Larvicide 0%,0;0.4;0.4_0;0;0_0;0;0_-100;2;5475_-100;2;5475_-100;2;5475,33.0739726027397,Incidence,0.000107780858621862
NbyGQVwzFc_loc12_loop6,12,ITN 0%/IRS 0%/Larvicide 0%,0;0.4;0.4_0;0;0_0;0;0_-100;2;5475_-100;2;5475_-100;2;5475,33.0767123287671,Incidence,0.000107414012590143
NbyGQVwzFc_loc12_loop6,12,ITN 0%/IRS 0%/Larvicide 0%,0;0.4;0.4_0;0;0_0;0;0_-100;2;5475_-100;2;5475_-100;2;5475,33.0794520547945,Incidence,0.000107068480948758
NbyGQVwzFc_loc12_loop6,12,ITN 0%/IRS 0%/Larvicide 0%,0;0.4;0.4_0;0;0_0;0;0_-100;2;5475_-100;2;5475_-100;2;5475,33.0821917808219,Incidence,0.000106744075015605
NbyGQVwzFc_loc12_loop6,12,ITN 0%/IRS 0%/Larvicide 0%,0;0.4;0.4_0;0;0_0;0;0_-100;2;5475_-100;2;5475_-100;2;5475,33.0849315068493,Incidence,0.000106440471242541
NbyGQVwzFc_loc12_loop6,12,ITN 0%/IRS 0%/Larvicide 0%,0;0.4;0.4_0;0;0_0;0;0_-100;2;5475_-100;2;5475_-100;2;5475,33.0876712328767,Incidence,0.000106157236808029
NbyGQVwzFc_loc12_loop6,12,ITN 0%/IRS 0%/Larvicide 0%,0;0.4;0.4_0;0;0_0;0;0_-100;2;5475_-100;2;5475_-100;2;5475,33.0904109589041,Incidence,0.000105270503727006
NbyGQVwzFc_loc12_loop6,12,ITN 0%/IRS 0%/Larvicide 0%,0;0.4;0.4_0;0;0_0;0;0_-100;2;5475_-100;2;5475_-100;2;5475,33.0931506849315,Incidence,0.000104059731457531
NbyGQVwzFc_loc12_loop6,12,ITN 0%/IRS 0%/Larvicide 0%,0;0.4;0.4_0;0;0_0;0;0_-100;2;5475_-100;2;5475_-100;2;5475,33.0958904109589,Incidence,0.000102957029442698
NbyGQVwzFc_loc12_loop6,12,ITN 0%/IRS 0%/Larvicide 0%,0;0.4;0.4_0;0;0_0;0;0_-100;2;5475_-100;2;5475_-100;2;5475,33.0986301369863,Incidence,0.000101953404716618
NbyGQVwzFc_loc12_loop6,12,ITN 0%/IRS 0%/Larvicide 0%,0;0.4;0.4_0;0;0_0;0;0_-100;2;5475_-100;2;5475_-100;2;5475,33.1013698630137,Incidence,0.000101040616364619
NbyGQVwzFc_loc12_loop6,12,ITN 0%/IRS 0%/Larvicide 0%,0;0.4;0.4_0;0;0_0;0;0_-100;2;5475_-100;2;5475_-100;2;5475,33.1041095890411,Incidence,0.00010021111148977
NbyGQVwzFc_loc12_loop6,12,ITN 0%/IRS 0%/Larvicide 0%,0;0.4;0.4_0;0;0_0;0;0_-100;2;5475_-100;2;5475_-100;2;5475,33.1068493150685,Incidence,9.94579669241614e-05
NbyGQVwzFc_loc12_loop6,12,ITN 0%/IRS 0%/Larvicide 0%,0;0.4;0.4_0;0;0_0;0;0_-100;2;5475_-100;2;5475_-100;2;5475,33.1095890410959,Incidence,9.87748361042214e-05
NbyGQVwzFc_loc12_loop6,12,ITN 0%/IRS 0%/Larvicide 0%,0;0.4;0.4_0;0;0_0;0;0_-100;2;5475_-100;2;5475_-100;2;5475,33.1123287671233,Incidence,9.81559005812132e-05
NbyGQVwzFc_loc12_loop6,12,ITN 0%/IRS 0%/Larvicide 0%,0;0.4;0.4_0;0;0_0;0;0_-100;2;5475_-100;2;5475_-100;2;5475,33.1150684931507,Incidence,9.75958257356711e-05
NbyGQVwzFc_loc12_loop6,12,ITN 0%/IRS 0%/Larvicide 0%,0;0.4;0.4_0;0;0_0;0;0_-100;2;5475_-100;2;5475_-100;2;5475,33.1178082191781,Incidence,9.70897203085303e-05
NbyGQVwzFc_loc12_loop6,12,ITN 0%/IRS 0%/Larvicide 0%,0;0.4;0.4_0;0;0_0;0;0_-100;2;5475_-100;2;5475_-100;2;5475,33.1205479452055,Incidence,9.66330993854189e-05
NbyGQVwzFc_loc12_loop6,12,ITN 0%/IRS 0%/Larvicide 0%,0;0.4;0.4_0;0;0_0;0;0_-100;2;5475_-100;2;5475_-100;2;5475,33.1232876712329,Incidence,9.62213375847191e-05
NbyGQVwzFc_loc12_loop6,12,ITN 0%/IRS 0%/Larvicide 0%,0;0.4;0.4_0;0;0_0;0;0_-100;2;5475_-100;2;5475_-100;2;5475,33.1260273972603,Incidence,9.58482451418881e-05
NbyGQVwzFc_loc12_loop6,12,ITN 0%/IRS 0%/Larvicide 0%,0;0.4;0.4_0;0;0_0;0;0_-100;2;5475_-100;2;5475_-100;2;5475,33.1287671232877,Incidence,9.55102864469115e-05
NbyGQVwzFc_loc12_loop6,12,ITN 0%/IRS 0%/Larvicide 0%,0;0.4;0.4_0;0;0_0;0;0_-100;2;5475_-100;2;5475_-100;2;5475,33.1315068493151,Incidence,9.52045268554881e-05
NbyGQVwzFc_loc12_loop6,12,ITN 0%/IRS 0%/Larvicide 0%,0;0.4;0.4_0;0;0_0;0;0_-100;2;5475_-100;2;5475_-100;2;5475,33.1342465753425,Incidence,9.49282786303957e-05
NbyGQVwzFc_loc12_loop6,12,ITN 0%/IRS 0%/Larvicide 0%,0;0.4;0.4_0;0;0_0;0;0_-100;2;5475_-100;2;5475_-100;2;5475,33.1369863013699,Incidence,9.46790799252951e-05
NbyGQVwzFc_loc12_loop6,12,ITN 0%/IRS 0%/Larvicide 0%,0;0.4;0.4_0;0;0_0;0;0_-100;2;5475_-100;2;5475_-100;2;5475,33.1397260273973,Incidence,9.44546756132121e-05
NbyGQVwzFc_loc12_loop6,12,ITN 0%/IRS 0%/Larvicide 0%,0;0.4;0.4_0;0;0_0;0;0_-100;2;5475_-100;2;5475_-100;2;5475,33.1424657534247,Incidence,9.42529997882908e-05
NbyGQVwzFc_loc12_loop6,12,ITN 0%/IRS 0%/Larvicide 0%,0;0.4;0.4_0;0;0_0;0;0_-100;2;5475_-100;2;5475_-100;2;5475,33.1452054794521,Incidence,9.40721570984611e-05
NbyGQVwzFc_loc12_loop6,12,ITN 0%/IRS 0%/Larvicide 0%,0;0.4;0.4_0;0;0_0;0;0_-100;2;5475_-100;2;5475_-100;2;5475,33.1479452054795,Incidence,9.39103122904272e-05
NbyGQVwzFc_loc12_loop6,12,ITN 0%/IRS 0%/Larvicide 0%,0;0.4;0.4_0;0;0_0;0;0_-100;2;5475_-100;2;5475_-100;2;5475,33.1506849315069,Incidence,9.3765675963023e-05
NbyGQVwzFc_loc12_loop6,12,ITN 0%/IRS 0%/Larvicide 0%,0;0.4;0.4_0;0;0_0;0;0_-100;2;5475_-100;2;5475_-100;2;5475,33.1534246575342,Incidence,9.36366184991534e-05
NbyGQVwzFc_loc12_loop6,12,ITN 0%/IRS 0%/Larvicide 0%,0;0.4;0.4_0;0;0_0;0;0_-100;2;5475_-100;2;5475_-100;2;5475,33.1561643835616,Incidence,9.35216626416486e-05
NbyGQVwzFc_loc12_loop6,12,ITN 0%/IRS 0%/Larvicide 0%,0;0.4;0.4_0;0;0_0;0;0_-100;2;5475_-100;2;5475_-100;2;5475,33.158904109589,Incidence,9.34194697284844e-05
NbyGQVwzFc_loc12_loop6,12,ITN 0%/IRS 0%/Larvicide 0%,0;0.4;0.4_0;0;0_0;0;0_-100;2;5475_-100;2;5475_-100;2;5475,33.1616438356164,Incidence,9.33288271097204e-05
NbyGQVwzFc_loc12_loop6,12,ITN 0%/IRS 0%/Larvicide 0%,0;0.4;0.4_0;0;0_0;0;0_-100;2;5475_-100;2;5475_-100;2;5475,33.1643835616438,Incidence,9.3248636670305e-05
NbyGQVwzFc_loc12_loop6,12,ITN 0%/IRS 0%/Larvicide 0%,0;0.4;0.4_0;0;0_0;0;0_-100;2;5475_-100;2;5475_-100;2;5475,33.1671232876712,Incidence,9.31779043582366e-05
NbyGQVwzFc_loc12_loop6,12,ITN 0%/IRS 0%/Larvicide 0%,0;0.4;0.4_0;0;0_0;0;0_-100;2;5475_-100;2;5475_-100;2;5475,33.1698630136986,Incidence,9.31157305888227e-05
NbyGQVwzFc_loc12_loop6,12,ITN 0%/IRS 0%/Larvicide 0%,0;0.4;0.4_0;0;0_0;0;0_-100;2;5475_-100;2;5475_-100;2;5475,33.172602739726,Incidence,9.30613015483228e-05
NbyGQVwzFc_loc12_loop6,12,ITN 0%/IRS 0%/Larvicide 0%,0;0.4;0.4_0;0;0_0;0;0_-100;2;5475_-100;2;5475_-100;2;5475,33.1753424657534,Incidence,9.30138812597187e-05
NbyGQVwzFc_loc12_loop6,12,ITN 0%/IRS 0%/Larvicide 0%,0;0.4;0.4_0;0;0_0;0;0_-100;2;5475_-100;2;5475_-100;2;5475,33.1780821917808,Incidence,9.29728043157221e-05
NbyGQVwzFc_loc12_loop6,12,ITN 0%/IRS 0%/Larvicide 0%,0;0.4;0.4_0;0;0_0;0;0_-100;2;5475_-100;2;5475_-100;2;5475,33.1808219178082,Incidence,9.29373260506008e-05
NbyGQVwzFc_loc12_loop6,12,ITN 0%/IRS 0%/Larvicide 0%,0;0.4;0.4_0;0;0_0;0;0_-100;2;5475_-100;2;5475_-100;2;5475,33.1835616438356,Incidence,9.29063915718792e-05
NbyGQVwzFc_loc12_loop6,12,ITN 0%/IRS 0%/Larvicide 0%,0;0.4;0.4_0;0;0_0;0;0_-100;2;5475_-100;2;5475_-100;2;5475,33.186301369863,Incidence,9.28790669557268e-05
NbyGQVwzFc_loc12_loop6,12,ITN 0%/IRS 0%/Larvicide 0%,0;0.4;0.4_0;0;0_0;0;0_-100;2;5475_-100;2;5475_-100;2;5475,33.1890410958904,Incidence,9.28545930805289e-05
NbyGQVwzFc_loc12_loop6,12,ITN 0%/IRS 0%/Larvicide 0%,0;0.4;0.4_0;0;0_0;0;0_-100;2;5475_-100;2;5475_-100;2;5475,33.1917808219178,Incidence,9.28323545393261e-05
NbyGQVwzFc_loc12_loop6,12,ITN 0%/IRS 0%/Larvicide 0%,0;0.4;0.4_0;0;0_0;0;0_-100;2;5475_-100;2;5475_-100;2;5475,33.1945205479452,Incidence,9.28118540334586e-05
NbyGQVwzFc_loc12_loop6,12,ITN 0%/IRS 0%/Larvicide 0%,0;0.4;0.4_0;0;0_0;0;0_-100;2;5475_-100;2;5475_-100;2;5475,33.1972602739726,Incidence,9.27926912868534e-05
NbyGQVwzFc_loc12_loop6,12,ITN 0%/IRS 0%/Larvicide 0%,0;0.4;0.4_0;0;0_0;0;0_-100;2;5475_-100;2;5475_-100;2;5475,33.2,Incidence,9.27745456780193e-05
NbyGQVwzFc_loc12_loop6,12,ITN 0%/IRS 0%/Larvicide 0%,0;0.4;0.4_0;0;0_0;0;0_-100;2;5475_-100;2;5475_-100;2;5475,33.2027397260274,Incidence,9.27571619306346e-05
NbyGQVwzFc_loc12_loop6,12,ITN 0%/IRS 0%/Larvicide 0%,0;0.4;0.4_0;0;0_0;0;0_-100;2;5475_-100;2;5475_-100;2;5475,33.2054794520548,Incidence,9.27403383302521e-05
NbyGQVwzFc_loc12_loop6,12,ITN 0%/IRS 0%/Larvicide 0%,0;0.4;0.4_0;0;0_0;0;0_-100;2;5475_-100;2;5475_-100;2;5475,33.2082191780822,Incidence,9.2723917022031e-05
NbyGQVwzFc_loc12_loop6,12,ITN 0%/IRS 0%/Larvicide 0%,0;0.4;0.4_0;0;0_0;0;0_-100;2;5475_-100;2;5475_-100;2;5475,33.2109589041096,Incidence,9.27077759586814e-05
NbyGQVwzFc_loc12_loop6,12,ITN 0%/IRS 0%/Larvicide 0%,0;0.4;0.4_0;0;0_0;0;0_-100;2;5475_-100;2;5475_-100;2;5475,33.213698630137,Incidence,9.26918222001259e-05
NbyGQVwzFc_loc12_loop6,12,ITN 0%/IRS 0%/Larvicide 0%,0;0.4;0.4_0;0;0_0;0;0_-100;2;5475_-100;2;5475_-100;2;5475,33.2164383561644,Incidence,9.26759855068741e-05
NbyGQVwzFc_loc12_loop6,12,ITN 0%/IRS 0%/Larvicide 0%,0;0.4;0.4_0;0;0_0;0;0_-100;2;5475_-100;2;5475_-100;2;5475,33.2191780821918,Incidence,9.26602132911057e-05
NbyGQVwzFc_loc12_loop6,12,ITN 0%/IRS 0%/Larvicide 0%,0;0.4;0.4_0;0;0_0;0;0_-100;2;5475_-100;2;5475_-100;2;5475,33.2219178082192,Incidence,9.26444672815571e-05
NbyGQVwzFc_loc12_loop6,12,ITN 0%/IRS 0%/Larvicide 0%,0;0.4;0.4_0;0;0_0;0;0_-100;2;5475_-100;2;5475_-100;2;5475,33.2246575342466,Incidence,9.26287208309476e-05
NbyGQVwzFc_loc12_loop6,12,ITN 0%/IRS 0%/Larvicide 0%,0;0.4;0.4_0;0;0_0;0;0_-100;2;5475_-100;2;5475_-100;2;5475,33.227397260274,Incidence,9.2612956691723e-05
NbyGQVwzFc_loc12_loop6,12,ITN 0%/IRS 0%/Larvicide 0%,0;0.4;0.4_0;0;0_0;0;0_-100;2;5475_-100;2;5475_-100;2;5475,33.2301369863014,Incidence,9.25971651792337e-05
NbyGQVwzFc_loc12_loop6,12,ITN 0%/IRS 0%/Larvicide 0%,0;0.4;0.4_0;0;0_0;0;0_-100;2;5475_-100;2;5475_-100;2;5475,33.2328767123288,Incidence,9.25813426556191e-05
NbyGQVwzFc_loc12_loop6,12,ITN 0%/IRS 0%/Larvicide 0%,0;0.4;0.4_0;0;0_0;0;0_-100;2;5475_-100;2;5475_-100;2;5475,33.2356164383562,Incidence,9.25654902785168e-05
NbyGQVwzFc_loc12_loop6,12,ITN 0%/IRS 0%/Larvicide 0%,0;0.4;0.4_0;0;0_0;0;0_-100;2;5475_-100;2;5475_-100;2;5475,33.2383561643836,Incidence,9.25496129433032e-05
NbyGQVwzFc_loc12_loop6,12,ITN 0%/IRS 0%/Larvicide 0%,0;0.4;0.4_0;0;0_0;0;0_-100;2;5475_-100;2;5475_-100;2;5475,33.241095890411,Incidence,9.25337183417047e-05
NbyGQVwzFc_loc12_loop6,12,ITN 0%/IRS 0%/Larvicide 0%,0;0.4;0.4_0;0;0_0;0;0_-100;2;5475_-100;2;5475_-100;2;5475,33.2438356164384,Incidence,9.2517816171599e-05
NbyGQVwzFc_loc12_loop6,12,ITN 0%/IRS 0%/Larvicide 0%,0;0.4;0.4_0;0;0_0;0;0_-100;2;5475_-100;2;5475_-100;2;5475,33.2465753424658,Incidence,9.25019175090777e-05
NbyGQVwzFc_loc12_loop6,12,ITN 0%/IRS 0%/Larvicide 0%,0;0.4;0.4_0;0;0_0;0;0_-100;2;5475_-100;2;5475_-100;2;5475,33.2493150684932,Incidence,9.24860343336605e-05
NbyGQVwzFc_loc12_loop6,12,ITN 0%/IRS 0%/Larvicide 0%,0;0.4;0.4_0;0;0_0;0;0_-100;2;5475_-100;2;5475_-100;2;5475,33.2520547945206,Incidence,9.24701790994594e-05
NbyGQVwzFc_loc12_loop6,12,ITN 0%/IRS 0%/Larvicide 0%,0;0.4;0.4_0;0;0_0;0;0_-100;2;5475_-100;2;5475_-100;2;5475,33.254794520548,Incidence,9.24543644343434e-05
NbyGQVwzFc_loc12_loop6,12,ITN 0%/IRS 0%/Larvicide 0%,0;0.4;0.4_0;0;0_0;0;0_-100;2;5475_-100;2;5475_-100;2;5475,33.2575342465753,Incidence,9.24386029101766e-05
NbyGQVwzFc_loc12_loop6,12,ITN 0%/IRS 0%/Larvicide 0%,0;0.4;0.4_0;0;0_0;0;0_-100;2;5475_-100;2;5475_-100;2;5475,33.2602739726027,Incidence,9.24229068654573e-05
NbyGQVwzFc_loc12_loop6,12,ITN 0%/IRS 0%/Larvicide 0%,0;0.4;0.4_0;0;0_0;0;0_-100;2;5475_-100;2;5475_-100;2;5475,33.2630136986301,Incidence,9.24072882739337e-05
NbyGQVwzFc_loc12_loop6,12,ITN 0%/IRS 0%/Larvicide 0%,0;0.4;0.4_0;0;0_0;0;0_-100;2;5475_-100;2;5475_-100;2;5475,33.2657534246575,Incidence,9.23917586501119e-05
NbyGQVwzFc_loc12_loop6,12,ITN 0%/IRS 0%/Larvicide 0%,0;0.4;0.4_0;0;0_0;0;0_-100;2;5475_-100;2;5475_-100;2;5475,33.2684931506849,Incidence,9.23763289839535e-05
NbyGQVwzFc_loc12_loop6,12,ITN 0%/IRS 0%/Larvicide 0%,0;0.4;0.4_0;0;0_0;0;0_-100;2;5475_-100;2;5475_-100;2;5475,33.2712328767123,Incidence,9.23610096646305e-05
NbyGQVwzFc_loc12_loop6,12,ITN 0%/IRS 0%/Larvicide 0%,0;0.4;0.4_0;0;0_0;0;0_-100;2;5475_-100;2;5475_-100;2;5475,33.2739726027397,Incidence,9.23458102523377e-05
NbyGQVwzFc_loc12_loop6,12,ITN 0%/IRS 0%/Larvicide 0%,0;0.4;0.4_0;0;0_0;0;0_-100;2;5475_-100;2;5475_-100;2;5475,33.2767123287671,Incidence,9.23307392120533e-05
NbyGQVwzFc_loc12_loop6,12,ITN 0%/IRS 0%/Larvicide 0%,0;0.4;0.4_0;0;0_0;0;0_-100;2;5475_-100;2;5475_-100;2;5475,33.2794520547945,Incidence,9.2315803769751e-05
NbyGQVwzFc_loc12_loop6,12,ITN 0%/IRS 0%/Larvicide 0%,0;0.4;0.4_0;0;0_0;0;0_-100;2;5475_-100;2;5475_-100;2;5475,33.2821917808219,Incidence,9.2301009870778e-05
NbyGQVwzFc_loc12_loop6,12,ITN 0%/IRS 0%/Larvicide 0%,0;0.4;0.4_0;0;0_0;0;0_-100;2;5475_-100;2;5475_-100;2;5475,33.2849315068493,Incidence,9.22863622077491e-05
NbyGQVwzFc_loc12_loop6,12,ITN 0%/IRS 0%/Larvicide 0%,0;0.4;0.4_0;0;0_0;0;0_-100;2;5475_-100;2;5475_-100;2;5475,33.2876712328767,Incidence,9.22718642937375e-05
NbyGQVwzFc_loc12_loop6,12,ITN 0%/IRS 0%/Larvicide 0%,0;0.4;0.4_0;0;0_0;0;0_-100;2;5475_-100;2;5475_-100;2;5475,33.2904109589041,Incidence,9.22575185775193e-05
NbyGQVwzFc_loc12_loop6,12,ITN 0%/IRS 0%/Larvicide 0%,0;0.4;0.4_0;0;0_0;0;0_-100;2;5475_-100;2;5475_-100;2;5475,33.2931506849315,Incidence,9.22433265589789e-05
NbyGQVwzFc_loc12_loop6,12,ITN 0%/IRS 0%/Larvicide 0%,0;0.4;0.4_0;0;0_0;0;0_-100;2;5475_-100;2;5475_-100;2;5475,33.2958904109589,Incidence,9.22292888809845e-05
NbyGQVwzFc_loc12_loop6,12,ITN 0%/IRS 0%/Larvicide 0%,0;0.4;0.4_0;0;0_0;0;0_-100;2;5475_-100;2;5475_-100;2;5475,33.2986301369863,Incidence,9.22154054639565e-05
NbyGQVwzFc_loc12_loop6,12,ITN 0%/IRS 0%/Larvicide 0%,0;0.4;0.4_0;0;0_0;0;0_-100;2;5475_-100;2;5475_-100;2;5475,33.3013698630137,Incidence,9.22016756214936e-05
NbyGQVwzFc_loc12_loop6,12,ITN 0%/IRS 0%/Larvicide 0%,0;0.4;0.4_0;0;0_0;0;0_-100;2;5475_-100;2;5475_-100;2;5475,33.3041095890411,Incidence,9.21880981683212e-05
NbyGQVwzFc_loc12_loop6,12,ITN 0%/IRS 0%/Larvicide 0%,0;0.4;0.4_0;0;0_0;0;0_-100;2;5475_-100;2;5475_-100;2;5475,33.3068493150685,Incidence,9.21746715188243e-05
NbyGQVwzFc_loc12_loop6,12,ITN 0%/IRS 0%/Larvicide 0%,0;0.4;0.4_0;0;0_0;0;0_-100;2;5475_-100;2;5475_-100;2;5475,33.3095890410959,Incidence,9.2161393774961e-05
NbyGQVwzFc_loc12_loop6,12,ITN 0%/IRS 0%/Larvicide 0%,0;0.4;0.4_0;0;0_0;0;0_-100;2;5475_-100;2;5475_-100;2;5475,33.3123287671233,Incidence,9.21482628035195e-05
NbyGQVwzFc_loc12_loop6,12,ITN 0%/IRS 0%/Larvicide 0%,0;0.4;0.4_0;0;0_0;0;0_-100;2;5475_-100;2;5475_-100;2;5475,33.3150684931507,Incidence,9.21352763032898e-05
NbyGQVwzFc_loc12_loop6,12,ITN 0%/IRS 0%/Larvicide 0%,0;0.4;0.4_0;0;0_0;0;0_-100;2;5475_-100;2;5475_-100;2;5475,33.3178082191781,Incidence,9.21224318628863e-05
NbyGQVwzFc_loc12_loop6,12,ITN 0%/IRS 0%/Larvicide 0%,0;0.4;0.4_0;0;0_0;0;0_-100;2;5475_-100;2;5475_-100;2;5475,33.3205479452055,Incidence,9.21097270100254e-05
NbyGQVwzFc_loc12_loop6,12,ITN 0%/IRS 0%/Larvicide 0%,0;0.4;0.4_0;0;0_0;0;0_-100;2;5475_-100;2;5475_-100;2;5475,33.3232876712329,Incidence,9.20971592530998e-05
NbyGQVwzFc_loc12_loop6,12,ITN 0%/IRS 0%/Larvicide 0%,0;0.4;0.4_0;0;0_0;0;0_-100;2;5475_-100;2;5475_-100;2;5475,33.3260273972603,Incidence,9.20847261158646e-05
NbyGQVwzFc_loc12_loop6,12,ITN 0%/IRS 0%/Larvicide 0%,0;0.4;0.4_0;0;0_0;0;0_-100;2;5475_-100;2;5475_-100;2;5475,33.3287671232877,Incidence,9.20724251660243e-05
NbyGQVwzFc_loc12_loop6,12,ITN 0%/IRS 0%/Larvicide 0%,0;0.4;0.4_0;0;0_0;0;0_-100;2;5475_-100;2;5475_-100;2;5475,33.3315068493151,Incidence,9.20602540387805e-05
NbyGQVwzFc_loc12_loop6,12,ITN 0%/IRS 0%/Larvicide 0%,0;0.4;0.4_0;0;0_0;0;0_-100;2;5475_-100;2;5475_-100;2;5475,33.3342465753425,Incidence,9.20482104764348e-05
NbyGQVwzFc_loc12_loop6,12,ITN 0%/IRS 0%/Larvicide 0%,0;0.4;0.4_0;0;0_0;0;0_-100;2;5475_-100;2;5475_-100;2;5475,33.3369863013699,Incidence,9.20362923209954e-05
NbyGQVwzFc_loc12_loop6,12,ITN 0%/IRS 0%/Larvicide 0%,0;0.4;0.4_0;0;0_0;0;0_-100;2;5475_-100;2;5475_-100;2;5475,33.3397260273973,Incidence,9.20244975152111e-05
NbyGQVwzFc_loc12_loop6,12,ITN 0%/IRS 0%/Larvicide 0%,0;0.4;0.4_0;0;0_0;0;0_-100;2;5475_-100;2;5475_-100;2;5475,33.3424657534247,Incidence,9.20128241194155e-05
NbyGQVwzFc_loc12_loop6,12,ITN 0%/IRS 0%/Larvicide 0%,0;0.4;0.4_0;0;0_0;0;0_-100;2;5475_-100;2;5475_-100;2;5475,33.3452054794521,Incidence,9.20012703164409e-05
NbyGQVwzFc_loc12_loop6,12,ITN 0%/IRS 0%/Larvicide 0%,0;0.4;0.4_0;0;0_0;0;0_-100;2;5475_-100;2;5475_-100;2;5475,33.3479452054795,Incidence,9.19898344143234e-05
NbyGQVwzFc_loc12_loop6,12,ITN 0%/IRS 0%/Larvicide 0%,0;0.4;0.4_0;0;0_0;0;0_-100;2;5475_-100;2;5475_-100;2;5475,33.3506849315069,Incidence,9.19785148471692e-05
NbyGQVwzFc_loc12_loop6,12,ITN 0%/IRS 0%/Larvicide 0%,0;0.4;0.4_0;0;0_0;0;0_-100;2;5475_-100;2;5475_-100;2;5475,33.3534246575343,Incidence,9.1967310174511e-05
NbyGQVwzFc_loc12_loop6,12,ITN 0%/IRS 0%/Larvicide 0%,0;0.4;0.4_0;0;0_0;0;0_-100;2;5475_-100;2;5475_-100;2;5475,33.3561643835616,Incidence,9.19562190794429e-05
NbyGQVwzFc_loc12_loop6,12,ITN 0%/IRS 0%/Larvicide 0%,0;0.4;0.4_0;0;0_0;0;0_-100;2;5475_-100;2;5475_-100;2;5475,33.358904109589,Incidence,9.19452403657775e-05
NbyGQVwzFc_loc12_loop6,12,ITN 0%/IRS 0%/Larvicide 0%,0;0.4;0.4_0;0;0_0;0;0_-100;2;5475_-100;2;5475_-100;2;5475,33.3616438356164,Incidence,9.19343729544352e-05
NbyGQVwzFc_loc12_loop6,12,ITN 0%/IRS 0%/Larvicide 0%,0;0.4;0.4_0;0;0_0;0;0_-100;2;5475_-100;2;5475_-100;2;5475,33.3643835616438,Incidence,9.19236158791741e-05
NbyGQVwzFc_loc12_loop6,12,ITN 0%/IRS 0%/Larvicide 0%,0;0.4;0.4_0;0;0_0;0;0_-100;2;5475_-100;2;5475_-100;2;5475,33.3671232876712,Incidence,9.19129682816773e-05
NbyGQVwzFc_loc12_loop6,12,ITN 0%/IRS 0%/Larvicide 0%,0;0.4;0.4_0;0;0_0;0;0_-100;2;5475_-100;2;5475_-100;2;5475,33.3698630136986,Incidence,9.19024294060415e-05
NbyGQVwzFc_loc12_loop6,12,ITN 0%/IRS 0%/Larvicide 0%,0;0.4;0.4_0;0;0_0;0;0_-100;2;5475_-100;2;5475_-100;2;5475,33.372602739726,Incidence,9.18919985927663e-05
NbyGQVwzFc_loc12_loop6,12,ITN 0%/IRS 0%/Larvicide 0%,0;0.4;0.4_0;0;0_0;0;0_-100;2;5475_-100;2;5475_-100;2;5475,33.3753424657534,Incidence,9.18816752726249e-05
NbyGQVwzFc_loc12_loop6,12,ITN 0%/IRS 0%/Larvicide 0%,0;0.4;0.4_0;0;0_0;0;0_-100;2;5475_-100;2;5475_-100;2;5475,33.3780821917808,Incidence,9.18714589798347e-05
NbyGQVwzFc_loc12_loop6,12,ITN 0%/IRS 0%/Larvicide 0%,0;0.4;0.4_0;0;0_0;0;0_-100;2;5475_-100;2;5475_-100;2;5475,33.3808219178082,Incidence,9.18613493254125e-05
NbyGQVwzFc_loc12_loop6,12,ITN 0%/IRS 0%/Larvicide 0%,0;0.4;0.4_0;0;0_0;0;0_-100;2;5475_-100;2;5475_-100;2;5475,33.3835616438356,Incidence,9.18513459803271e-05
NbyGQVwzFc_loc12_loop6,12,ITN 0%/IRS 0%/Larvicide 0%,0;0.4;0.4_0;0;0_0;0;0_-100;2;5475_-100;2;5475_-100;2;5475,33.386301369863,Incidence,9.18414486786654e-05
NbyGQVwzFc_loc12_loop6,12,ITN 0%/IRS 0%/Larvicide 0%,0;0.4;0.4_0;0;0_0;0;0_-100;2;5475_-100;2;5475_-100;2;5475,33.3890410958904,Incidence,9.18316572113103e-05
NbyGQVwzFc_loc12_loop6,12,ITN 0%/IRS 0%/Larvicide 0%,0;0.4;0.4_0;0;0_0;0;0_-100;2;5475_-100;2;5475_-100;2;5475,33.3917808219178,Incidence,9.18219714198999e-05
NbyGQVwzFc_loc12_loop6,12,ITN 0%/IRS 0%/Larvicide 0%,0;0.4;0.4_0;0;0_0;0;0_-100;2;5475_-100;2;5475_-100;2;5475,33.3945205479452,Incidence,9.18123911911201e-05
NbyGQVwzFc_loc12_loop6,12,ITN 0%/IRS 0%/Larvicide 0%,0;0.4;0.4_0;0;0_0;0;0_-100;2;5475_-100;2;5475_-100;2;5475,33.3972602739726,Incidence,9.18029164513617e-05
NbyGQVwzFc_loc12_loop6,12,ITN 0%/IRS 0%/Larvicide 0%,0;0.4;0.4_0;0;0_0;0;0_-100;2;5475_-100;2;5475_-100;2;5475,33.4,Incidence,9.17935471617633e-05
NbyGQVwzFc_loc12_loop6,12,ITN 0%/IRS 0%/Larvicide 0%,0;0.4;0.4_0;0;0_0;0;0_-100;2;5475_-100;2;5475_-100;2;5475,33.4027397260274,Incidence,9.17842833136495e-05
NbyGQVwzFc_loc12_loop6,12,ITN 0%/IRS 0%/Larvicide 0%,0;0.4;0.4_0;0;0_0;0;0_-100;2;5475_-100;2;5475_-100;2;5475,33.4054794520548,Incidence,9.17751249243607e-05
NbyGQVwzFc_loc12_loop6,12,ITN 0%/IRS 0%/Larvicide 0%,0;0.4;0.4_0;0;0_0;0;0_-100;2;5475_-100;2;5475_-100;2;5475,33.4082191780822,Incidence,9.17660720334693e-05
NbyGQVwzFc_loc12_loop6,12,ITN 0%/IRS 0%/Larvicide 0%,0;0.4;0.4_0;0;0_0;0;0_-100;2;5475_-100;2;5475_-100;2;5475,33.4109589041096,Incidence,9.17571246993667e-05
NbyGQVwzFc_loc12_loop6,12,ITN 0%/IRS 0%/Larvicide 0%,0;0.4;0.4_0;0;0_0;0;0_-100;2;5475_-100;2;5475_-100;2;5475,33.413698630137,Incidence,9.17482829962038e-05
NbyGQVwzFc_loc12_loop6,12,ITN 0%/IRS 0%/Larvicide 0%,0;0.4;0.4_0;0;0_0;0;0_-100;2;5475_-100;2;5475_-100;2;5475,33.4164383561644,Incidence,9.17395470111665e-05
NbyGQVwzFc_loc12_loop6,12,ITN 0%/IRS 0%/Larvicide 0%,0;0.4;0.4_0;0;0_0;0;0_-100;2;5475_-100;2;5475_-100;2;5475,33.4191780821918,Incidence,9.17309168420615e-05
NbyGQVwzFc_loc12_loop6,12,ITN 0%/IRS 0%/Larvicide 0%,0;0.4;0.4_0;0;0_0;0;0_-100;2;5475_-100;2;5475_-100;2;5475,33.4219178082192,Incidence,9.17223926056925e-05
NbyGQVwzFc_loc12_loop6,12,ITN 0%/IRS 0%/Larvicide 0%,0;0.4;0.4_0;0;0_0;0;0_-100;2;5475_-100;2;5475_-100;2;5475,33.4246575342466,Incidence,9.17139744395449e-05
NbyGQVwzFc_loc12_loop6,12,ITN 0%/IRS 0%/Larvicide 0%,0;0.4;0.4_0;0;0_0;0;0_-100;2;5475_-100;2;5475_-100;2;5475,33.427397260274,Incidence,9.17056624706542e-05
NbyGQVwzFc_loc12_loop6,12,ITN 0%/IRS 0%/Larvicide 0%,0;0.4;0.4_0;0;0_0;0;0_-100;2;5475_-100;2;5475_-100;2;5475,33.4301369863014,Incidence,9.16974568289297e-05
NbyGQVwzFc_loc12_loop6,12,ITN 0%/IRS 0%/Larvicide 0%,0;0.4;0.4_0;0;0_0;0;0_-100;2;5475_-100;2;5475_-100;2;5475,33.4328767123288,Incidence,9.16893576463642e-05
NbyGQVwzFc_loc12_loop6,12,ITN 0%/IRS 0%/Larvicide 0%,0;0.4;0.4_0;0;0_0;0;0_-100;2;5475_-100;2;5475_-100;2;5475,33.4356164383562,Incidence,9.16813650560231e-05
NbyGQVwzFc_loc12_loop6,12,ITN 0%/IRS 0%/Larvicide 0%,0;0.4;0.4_0;0;0_0;0;0_-100;2;5475_-100;2;5475_-100;2;5475,33.4383561643836,Incidence,9.16734791911927e-05
NbyGQVwzFc_loc12_loop6,12,ITN 0%/IRS 0%/Larvicide 0%,0;0.4;0.4_0;0;0_0;0;0_-100;2;5475_-100;2;5475_-100;2;5475,33.441095890411,Incidence,9.16657001846725e-05
NbyGQVwzFc_loc12_loop6,12,ITN 0%/IRS 0%/Larvicide 0%,0;0.4;0.4_0;0;0_0;0;0_-100;2;5475_-100;2;5475_-100;2;5475,33.4438356164384,Incidence,9.16580281681937e-05
NbyGQVwzFc_loc12_loop6,12,ITN 0%/IRS 0%/Larvicide 0%,0;0.4;0.4_0;0;0_0;0;0_-100;2;5475_-100;2;5475_-100;2;5475,33.4465753424658,Incidence,9.16504632719488e-05
NbyGQVwzFc_loc12_loop6,12,ITN 0%/IRS 0%/Larvicide 0%,0;0.4;0.4_0;0;0_0;0;0_-100;2;5475_-100;2;5475_-100;2;5475,33.4493150684932,Incidence,9.16430056242185e-05
NbyGQVwzFc_loc12_loop6,12,ITN 0%/IRS 0%/Larvicide 0%,0;0.4;0.4_0;0;0_0;0;0_-100;2;5475_-100;2;5475_-100;2;5475,33.4520547945206,Incidence,9.16356553510839e-05
NbyGQVwzFc_loc12_loop6,12,ITN 0%/IRS 0%/Larvicide 0%,0;0.4;0.4_0;0;0_0;0;0_-100;2;5475_-100;2;5475_-100;2;5475,33.4547945205479,Incidence,9.16284125762115e-05
NbyGQVwzFc_loc12_loop6,12,ITN 0%/IRS 0%/Larvicide 0%,0;0.4;0.4_0;0;0_0;0;0_-100;2;5475_-100;2;5475_-100;2;5475,33.4575342465753,Incidence,9.16212774207023e-05
NbyGQVwzFc_loc12_loop6,12,ITN 0%/IRS 0%/Larvicide 0%,0;0.4;0.4_0;0;0_0;0;0_-100;2;5475_-100;2;5475_-100;2;5475,33.4602739726027,Incidence,9.16142500029943e-05
NbyGQVwzFc_loc12_loop6,12,ITN 0%/IRS 0%/Larvicide 0%,0;0.4;0.4_0;0;0_0;0;0_-100;2;5475_-100;2;5475_-100;2;5475,33.4630136986301,Incidence,9.16073304388104e-05
NbyGQVwzFc_loc12_loop6,12,ITN 0%/IRS 0%/Larvicide 0%,0;0.4;0.4_0;0;0_0;0;0_-100;2;5475_-100;2;5475_-100;2;5475,33.4657534246575,Incidence,9.1600518841948e-05
NbyGQVwzFc_loc12_loop6,12,ITN 0%/IRS 0%/Larvicide 0%,0;0.4;0.4_0;0;0_0;0;0_-100;2;5475_-100;2;5475_-100;2;5475,33.4684931506849,Incidence,9.15938153435174e-05
NbyGQVwzFc_loc12_loop6,12,ITN 0%/IRS 0%/Larvicide 0%,0;0.4;0.4_0;0;0_0;0;0_-100;2;5475_-100;2;5475_-100;2;5475,33.4712328767123,Incidence,9.15872200656653e-05
NbyGQVwzFc_loc12_loop6,12,ITN 0%/IRS 0%/Larvicide 0%,0;0.4;0.4_0;0;0_0;0;0_-100;2;5475_-100;2;5475_-100;2;5475,33.4739726027397,Incidence,9.15807331203318e-05
NbyGQVwzFc_loc12_loop6,12,ITN 0%/IRS 0%/Larvicide 0%,0;0.4;0.4_0;0;0_0;0;0_-100;2;5475_-100;2;5475_-100;2;5475,33.4767123287671,Incidence,9.15743546165913e-05
NbyGQVwzFc_loc12_loop6,12,ITN 0%/IRS 0%/Larvicide 0%,0;0.4;0.4_0;0;0_0;0;0_-100;2;5475_-100;2;5475_-100;2;5475,33.4794520547945,Incidence,9.15680846607392e-05
NbyGQVwzFc_loc12_loop6,12,ITN 0%/IRS 0%/Larvicide 0%,0;0.4;0.4_0;0;0_0;0;0_-100;2;5475_-100;2;5475_-100;2;5475,33.4821917808219,Incidence,9.15619233563865e-05
NbyGQVwzFc_loc12_loop6,12,ITN 0%/IRS 0%/Larvicide 0%,0;0.4;0.4_0;0;0_0;0;0_-100;2;5475_-100;2;5475_-100;2;5475,33.4849315068493,Incidence,9.15558708045573e-05
NbyGQVwzFc_loc12_loop6,12,ITN 0%/IRS 0%/Larvicide 0%,0;0.4;0.4_0;0;0_0;0;0_-100;2;5475_-100;2;5475_-100;2;5475,33.4876712328767,Incidence,9.15499271037878e-05
NbyGQVwzFc_loc12_loop6,12,ITN 0%/IRS 0%/Larvicide 0%,0;0.4;0.4_0;0;0_0;0;0_-100;2;5475_-100;2;5475_-100;2;5475,33.4904109589041,Incidence,9.15440923502256e-05
NbyGQVwzFc_loc12_loop6,12,ITN 0%/IRS 0%/Larvicide 0%,0;0.4;0.4_0;0;0_0;0;0_-100;2;5475_-100;2;5475_-100;2;5475,33.4931506849315,Incidence,9.15383666377265e-05
NbyGQVwzFc_loc12_loop6,12,ITN 0%/IRS 0%/Larvicide 0%,0;0.4;0.4_0;0;0_0;0;0_-100;2;5475_-100;2;5475_-100;2;5475,33.4958904109589,Incidence,9.15327500579485e-05
NbyGQVwzFc_loc12_loop6,12,ITN 0%/IRS 0%/Larvicide 0%,0;0.4;0.4_0;0;0_0;0;0_-100;2;5475_-100;2;5475_-100;2;5475,33.4986301369863,Incidence,9.15272427004409e-05
NbyGQVwzFc_loc12_loop6,12,ITN 0%/IRS 0%/Larvicide 0%,0;0.4;0.4_0;0;0_0;0;0_-100;2;5475_-100;2;5475_-100;2;5475,33.5013698630137,Incidence,9.15218446527309e-05
NbyGQVwzFc_loc12_loop6,12,ITN 0%/IRS 0%/Larvicide 0%,0;0.4;0.4_0;0;0_0;0;0_-100;2;5475_-100;2;5475_-100;2;5475,33.5041095890411,Incidence,9.15165560004024e-05
NbyGQVwzFc_loc12_loop6,12,ITN 0%/IRS 0%/Larvicide 0%,0;0.4;0.4_0;0;0_0;0;0_-100;2;5475_-100;2;5475_-100;2;5475,33.5068493150685,Incidence,9.15113768271722e-05
NbyGQVwzFc_loc12_loop6,12,ITN 0%/IRS 0%/Larvicide 0%,0;0.4;0.4_0;0;0_0;0;0_-100;2;5475_-100;2;5475_-100;2;5475,33.5095890410959,Incidence,9.15063072149596e-05
NbyGQVwzFc_loc12_loop6,12,ITN 0%/IRS 0%/Larvicide 0%,0;0.4;0.4_0;0;0_0;0;0_-100;2;5475_-100;2;5475_-100;2;5475,33.5123287671233,Incidence,9.15013472456228e-05
NbyGQVwzFc_loc12_loop6,12,ITN 0%/IRS 0%/Larvicide 0%,0;0.4;0.4_0;0;0_0;0;0_-100;2;5475_-100;2;5475_-100;2;5475,33.5150684931507,Incidence,9.14964970190633e-05
NbyGQVwzFc_loc12_loop6,12,ITN 0%/IRS 0%/Larvicide 0%,0;0.4;0.4_0;0;0_0;0;0_-100;2;5475_-100;2;5475_-100;2;5475,33.5178082191781,Incidence,9.1491756623156e-05
NbyGQVwzFc_loc12_loop6,12,ITN 0%/IRS 0%/Larvicide 0%,0;0.4;0.4_0;0;0_0;0;0_-100;2;5475_-100;2;5475_-100;2;5475,33.5205479452055,Incidence,9.14871261386894e-05
NbyGQVwzFc_loc12_loop6,12,ITN 0%/IRS 0%/Larvicide 0%,0;0.4;0.4_0;0;0_0;0;0_-100;2;5475_-100;2;5475_-100;2;5475,33.5232876712329,Incidence,9.14826056446305e-05
NbyGQVwzFc_loc12_loop6,12,ITN 0%/IRS 0%/Larvicide 0%,0;0.4;0.4_0;0;0_0;0;0_-100;2;5475_-100;2;5475_-100;2;5475,33.5260273972603,Incidence,9.14781952181714e-05
NbyGQVwzFc_loc12_loop6,12,ITN 0%/IRS 0%/Larvicide 0%,0;0.4;0.4_0;0;0_0;0;0_-100;2;5475_-100;2;5475_-100;2;5475,33.5287671232877,Incidence,9.14738949347714e-05
NbyGQVwzFc_loc12_loop6,12,ITN 0%/IRS 0%/Larvicide 0%,0;0.4;0.4_0;0;0_0;0;0_-100;2;5475_-100;2;5475_-100;2;5475,33.5315068493151,Incidence,9.14697048681954e-05
NbyGQVwzFc_loc12_loop6,12,ITN 0%/IRS 0%/Larvicide 0%,0;0.4;0.4_0;0;0_0;0;0_-100;2;5475_-100;2;5475_-100;2;5475,33.5342465753425,Incidence,9.14656250905508e-05
NbyGQVwzFc_loc12_loop6,12,ITN 0%/IRS 0%/Larvicide 0%,0;0.4;0.4_0;0;0_0;0;0_-100;2;5475_-100;2;5475_-100;2;5475,33.5369863013699,Incidence,9.14616556723202e-05
NbyGQVwzFc_loc12_loop6,12,ITN 0%/IRS 0%/Larvicide 0%,0;0.4;0.4_0;0;0_0;0;0_-100;2;5475_-100;2;5475_-100;2;5475,33.5397260273973,Incidence,9.1457796682395e-05
NbyGQVwzFc_loc12_loop6,12,ITN 0%/IRS 0%/Larvicide 0%,0;0.4;0.4_0;0;0_0;0;0_-100;2;5475_-100;2;5475_-100;2;5475,33.5424657534247,Incidence,9.1454048188103e-05
NbyGQVwzFc_loc12_loop6,12,ITN 0%/IRS 0%/Larvicide 0%,0;0.4;0.4_0;0;0_0;0;0_-100;2;5475_-100;2;5475_-100;2;5475,33.5452054794521,Incidence,9.14504102552385e-05
NbyGQVwzFc_loc12_loop6,12,ITN 0%/IRS 0%/Larvicide 0%,0;0.4;0.4_0;0;0_0;0;0_-100;2;5475_-100;2;5475_-100;2;5475,33.5479452054795,Incidence,9.14468829480885e-05
NbyGQVwzFc_loc12_loop6,12,ITN 0%/IRS 0%/Larvicide 0%,0;0.4;0.4_0;0;0_0;0;0_-100;2;5475_-100;2;5475_-100;2;5475,33.5506849315069,Incidence,9.14434663294583e-05
NbyGQVwzFc_loc12_loop6,12,ITN 0%/IRS 0%/Larvicide 0%,0;0.4;0.4_0;0;0_0;0;0_-100;2;5475_-100;2;5475_-100;2;5475,33.5534246575342,Incidence,9.14401604606971e-05
NbyGQVwzFc_loc12_loop6,12,ITN 0%/IRS 0%/Larvicide 0%,0;0.4;0.4_0;0;0_0;0;0_-100;2;5475_-100;2;5475_-100;2;5475,33.5561643835616,Incidence,9.1436965401722e-05
NbyGQVwzFc_loc12_loop6,12,ITN 0%/IRS 0%/Larvicide 0%,0;0.4;0.4_0;0;0_0;0;0_-100;2;5475_-100;2;5475_-100;2;5475,33.558904109589,Incidence,9.14338812113357e-05
NbyGQVwzFc_loc12_loop6,12,ITN 0%/IRS 0%/Larvicide 0%,0;0.4;0.4_0;0;0_0;0;0_-100;2;5475_-100;2;5475_-100;2;5475,33.5616438356164,Incidence,9.14309079636906e-05
NbyGQVwzFc_loc12_loop6,12,ITN 0%/IRS 0%/Larvicide 0%,0;0.4;0.4_0;0;0_0;0;0_-100;2;5475_-100;2;5475_-100;2;5475,33.5643835616438,Incidence,9.1428045727604e-05
NbyGQVwzFc_loc12_loop6,12,ITN 0%/IRS 0%/Larvicide 0%,0;0.4;0.4_0;0;0_0;0;0_-100;2;5475_-100;2;5475_-100;2;5475,33.5671232876712,Incidence,9.14252945616821e-05
NbyGQVwzFc_loc12_loop6,12,ITN 0%/IRS 0%/Larvicide 0%,0;0.4;0.4_0;0;0_0;0;0_-100;2;5475_-100;2;5475_-100;2;5475,33.5698630136986,Incidence,9.14226545229386e-05
NbyGQVwzFc_loc12_loop6,12,ITN 0%/IRS 0%/Larvicide 0%,0;0.4;0.4_0;0;0_0;0;0_-100;2;5475_-100;2;5475_-100;2;5475,33.572602739726,Incidence,9.14201256668202e-05
NbyGQVwzFc_loc12_loop6,12,ITN 0%/IRS 0%/Larvicide 0%,0;0.4;0.4_0;0;0_0;0;0_-100;2;5475_-100;2;5475_-100;2;5475,33.5753424657534,Incidence,9.14177080472314e-05
NbyGQVwzFc_loc12_loop6,12,ITN 0%/IRS 0%/Larvicide 0%,0;0.4;0.4_0;0;0_0;0;0_-100;2;5475_-100;2;5475_-100;2;5475,33.5780821917808,Incidence,9.14154017165614e-05
NbyGQVwzFc_loc12_loop6,12,ITN 0%/IRS 0%/Larvicide 0%,0;0.4;0.4_0;0;0_0;0;0_-100;2;5475_-100;2;5475_-100;2;5475,33.5808219178082,Incidence,9.14132067257073e-05
NbyGQVwzFc_loc12_loop6,12,ITN 0%/IRS 0%/Larvicide 0%,0;0.4;0.4_0;0;0_0;0;0_-100;2;5475_-100;2;5475_-100;2;5475,33.5835616438356,Incidence,9.1411123124101e-05
NbyGQVwzFc_loc12_loop6,12,ITN 0%/IRS 0%/Larvicide 0%,0;0.4;0.4_0;0;0_0;0;0_-100;2;5475_-100;2;5475_-100;2;5475,33.586301369863,Incidence,9.14091509597348e-05
NbyGQVwzFc_loc12_loop6,12,ITN 0%/IRS 0%/Larvicide 0%,0;0.4;0.4_0;0;0_0;0;0_-100;2;5475_-100;2;5475_-100;2;5475,33.5890410958904,Incidence,9.14072902791868e-05
NbyGQVwzFc_loc12_loop6,12,ITN 0%/IRS 0%/Larvicide 0%,0;0.4;0.4_0;0;0_0;0;0_-100;2;5475_-100;2;5475_-100;2;5475,33.5917808219178,Incidence,9.14055411276476e-05
NbyGQVwzFc_loc12_loop6,12,ITN 0%/IRS 0%/Larvicide 0%,0;0.4;0.4_0;0;0_0;0;0_-100;2;5475_-100;2;5475_-100;2;5475,33.5945205479452,Incidence,9.14039035489464e-05
NbyGQVwzFc_loc12_loop6,12,ITN 0%/IRS 0%/Larvicide 0%,0;0.4;0.4_0;0;0_0;0;0_-100;2;5475_-100;2;5475_-100;2;5475,33.5972602739726,Incidence,9.14023775855754e-05
NbyGQVwzFc_loc12_loop6,12,ITN 0%/IRS 0%/Larvicide 0%,0;0.4;0.4_0;0;0_0;0;0_-100;2;5475_-100;2;5475_-100;2;5475,33.6,Incidence,9.14009632787193e-05
NbyGQVwzFc_loc12_loop6,12,ITN 0%/IRS 0%/Larvicide 0%,0;0.4;0.4_0;0;0_0;0;0_-100;2;5475_-100;2;5475_-100;2;5475,33.6027397260274,Incidence,9.13996606682787e-05
NbyGQVwzFc_loc12_loop6,12,ITN 0%/IRS 0%/Larvicide 0%,0;0.4;0.4_0;0;0_0;0;0_-100;2;5475_-100;2;5475_-100;2;5475,33.6054794520548,Incidence,9.13984697928982e-05
NbyGQVwzFc_loc12_loop6,12,ITN 0%/IRS 0%/Larvicide 0%,0;0.4;0.4_0;0;0_0;0;0_-100;2;5475_-100;2;5475_-100;2;5475,33.6082191780822,Incidence,9.13973906948847e-05
NbyGQVwzFc_loc12_loop6,12,ITN 0%/IRS 0%/Larvicide 0%,0;0.4;0.4_0;0;0_0;0;0_-100;2;5475_-100;2;5475_-100;2;5475,33.6109589041096,Incidence,9.13964234301919e-05
NbyGQVwzFc_loc12_loop6,12,ITN 0%/IRS 0%/Larvicide 0%,0;0.4;0.4_0;0;0_0;0;0_-100;2;5475_-100;2;5475_-100;2;5475,33.613698630137,Incidence,9.1395568038618e-05
NbyGQVwzFc_loc12_loop6,12,ITN 0%/IRS 0%/Larvicide 0%,0;0.4;0.4_0;0;0_0;0;0_-100;2;5475_-100;2;5475_-100;2;5475,33.6164383561644,Incidence,9.13948245568942e-05
NbyGQVwzFc_loc12_loop6,12,ITN 0%/IRS 0%/Larvicide 0%,0;0.4;0.4_0;0;0_0;0;0_-100;2;5475_-100;2;5475_-100;2;5475,33.6191780821918,Incidence,9.13941930203762e-05
NbyGQVwzFc_loc12_loop6,12,ITN 0%/IRS 0%/Larvicide 0%,0;0.4;0.4_0;0;0_0;0;0_-100;2;5475_-100;2;5475_-100;2;5475,33.6219178082192,Incidence,9.13936734630749e-05
NbyGQVwzFc_loc12_loop6,12,ITN 0%/IRS 0%/Larvicide 0%,0;0.4;0.4_0;0;0_0;0;0_-100;2;5475_-100;2;5475_-100;2;5475,33.6246575342466,Incidence,9.13932659176825e-05
NbyGQVwzFc_loc12_loop6,12,ITN 0%/IRS 0%/Larvicide 0%,0;0.4;0.4_0;0;0_0;0;0_-100;2;5475_-100;2;5475_-100;2;5475,33.627397260274,Incidence,9.13929704156032e-05
NbyGQVwzFc_loc12_loop6,12,ITN 0%/IRS 0%/Larvicide 0%,0;0.4;0.4_0;0;0_0;0;0_-100;2;5475_-100;2;5475_-100;2;5475,33.6301369863014,Incidence,9.13927869869786e-05
NbyGQVwzFc_loc12_loop6,12,ITN 0%/IRS 0%/Larvicide 0%,0;0.4;0.4_0;0;0_0;0;0_-100;2;5475_-100;2;5475_-100;2;5475,33.6328767123288,Incidence,9.13927156607175e-05
NbyGQVwzFc_loc12_loop6,12,ITN 0%/IRS 0%/Larvicide 0%,0;0.4;0.4_0;0;0_0;0;0_-100;2;5475_-100;2;5475_-100;2;5475,33.6356164383562,Incidence,9.13927564645237e-05
NbyGQVwzFc_loc12_loop6,12,ITN 0%/IRS 0%/Larvicide 0%,0;0.4;0.4_0;0;0_0;0;0_-100;2;5475_-100;2;5475_-100;2;5475,33.6383561643836,Incidence,9.13929094249226e-05
NbyGQVwzFc_loc12_loop6,12,ITN 0%/IRS 0%/Larvicide 0%,0;0.4;0.4_0;0;0_0;0;0_-100;2;5475_-100;2;5475_-100;2;5475,33.641095890411,Incidence,9.13931745672892e-05
NbyGQVwzFc_loc12_loop6,12,ITN 0%/IRS 0%/Larvicide 0%,0;0.4;0.4_0;0;0_0;0;0_-100;2;5475_-100;2;5475_-100;2;5475,33.6438356164384,Incidence,9.1393551915875e-05
NbyGQVwzFc_loc12_loop6,12,ITN 0%/IRS 0%/Larvicide 0%,0;0.4;0.4_0;0;0_0;0;0_-100;2;5475_-100;2;5475_-100;2;5475,33.6465753424658,Incidence,9.13940414938351e-05
NbyGQVwzFc_loc12_loop6,12,ITN 0%/IRS 0%/Larvicide 0%,0;0.4;0.4_0;0;0_0;0;0_-100;2;5475_-100;2;5475_-100;2;5475,33.6493150684932,Incidence,9.13946433232538e-05
NbyGQVwzFc_loc12_loop6,12,ITN 0%/IRS 0%/Larvicide 0%,0;0.4;0.4_0;0;0_0;0;0_-100;2;5475_-100;2;5475_-100;2;5475,33.6520547945205,Incidence,9.13953574251721e-05
NbyGQVwzFc_loc12_loop6,12,ITN 0%/IRS 0%/Larvicide 0%,0;0.4;0.4_0;0;0_0;0;0_-100;2;5475_-100;2;5475_-100;2;5475,33.6547945205479,Incidence,9.13961838196131e-05
NbyGQVwzFc_loc12_loop6,12,ITN 0%/IRS 0%/Larvicide 0%,0;0.4;0.4_0;0;0_0;0;0_-100;2;5475_-100;2;5475_-100;2;5475,33.6575342465753,Incidence,9.13971225324946e-05
NbyGQVwzFc_loc12_loop6,12,ITN 0%/IRS 0%/Larvicide 0%,0;0.4;0.4_0;0;0_0;0;0_-100;2;5475_-100;2;5475_-100;2;5475,33.6602739726027,Incidence,9.13981735991953e-05
NbyGQVwzFc_loc12_loop6,12,ITN 0%/IRS 0%/Larvicide 0%,0;0.4;0.4_0;0;0_0;0;0_-100;2;5475_-100;2;5475_-100;2;5475,33.6630136986301,Incidence,9.13993370394529e-05
NbyGQVwzFc_loc12_loop6,12,ITN 0%/IRS 0%/Larvicide 0%,0;0.4;0.4_0;0;0_0;0;0_-100;2;5475_-100;2;5475_-100;2;5475,33.6657534246575,Incidence,9.14006128711994e-05
NbyGQVwzFc_loc12_loop6,12,ITN 0%/IRS 0%/Larvicide 0%,0;0.4;0.4_0;0;0_0;0;0_-100;2;5475_-100;2;5475_-100;2;5475,33.6684931506849,Incidence,9.14020011112482e-05
NbyGQVwzFc_loc12_loop6,12,ITN 0%/IRS 0%/Larvicide 0%,0;0.4;0.4_0;0;0_0;0;0_-100;2;5475_-100;2;5475_-100;2;5475,33.6712328767123,Incidence,9.14035017753213e-05
NbyGQVwzFc_loc12_loop6,12,ITN 0%/IRS 0%/Larvicide 0%,0;0.4;0.4_0;0;0_0;0;0_-100;2;5475_-100;2;5475_-100;2;5475,33.6739726027397,Incidence,9.14051148780738e-05
NbyGQVwzFc_loc12_loop6,12,ITN 0%/IRS 0%/Larvicide 0%,0;0.4;0.4_0;0;0_0;0;0_-100;2;5475_-100;2;5475_-100;2;5475,33.6767123287671,Incidence,9.14068404331212e-05
NbyGQVwzFc_loc12_loop6,12,ITN 0%/IRS 0%/Larvicide 0%,0;0.4;0.4_0;0;0_0;0;0_-100;2;5475_-100;2;5475_-100;2;5475,33.6794520547945,Incidence,9.14086784530637e-05
NbyGQVwzFc_loc12_loop6,12,ITN 0%/IRS 0%/Larvicide 0%,0;0.4;0.4_0;0;0_0;0;0_-100;2;5475_-100;2;5475_-100;2;5475,33.6821917808219,Incidence,9.14106289495123e-05
NbyGQVwzFc_loc12_loop6,12,ITN 0%/IRS 0%/Larvicide 0%,0;0.4;0.4_0;0;0_0;0;0_-100;2;5475_-100;2;5475_-100;2;5475,33.6849315068493,Incidence,9.14126919331132e-05
NbyGQVwzFc_loc12_loop6,12,ITN 0%/IRS 0%/Larvicide 0%,0;0.4;0.4_0;0;0_0;0;0_-100;2;5475_-100;2;5475_-100;2;5475,33.6876712328767,Incidence,9.14148674135726e-05
NbyGQVwzFc_loc12_loop6,12,ITN 0%/IRS 0%/Larvicide 0%,0;0.4;0.4_0;0;0_0;0;0_-100;2;5475_-100;2;5475_-100;2;5475,33.6904109589041,Incidence,9.141715539968e-05
NbyGQVwzFc_loc12_loop6,12,ITN 0%/IRS 0%/Larvicide 0%,0;0.4;0.4_0;0;0_0;0;0_-100;2;5475_-100;2;5475_-100;2;5475,33.6931506849315,Incidence,9.14195558993342e-05
NbyGQVwzFc_loc12_loop6,12,ITN 0%/IRS 0%/Larvicide 0%,0;0.4;0.4_0;0;0_0;0;0_-100;2;5475_-100;2;5475_-100;2;5475,33.6958904109589,Incidence,9.14220689195648e-05
NbyGQVwzFc_loc12_loop6,12,ITN 0%/IRS 0%/Larvicide 0%,0;0.4;0.4_0;0;0_0;0;0_-100;2;5475_-100;2;5475_-100;2;5475,33.6986301369863,Incidence,9.14246944665564e-05
NbyGQVwzFc_loc12_loop6,12,ITN 0%/IRS 0%/Larvicide 0%,0;0.4;0.4_0;0;0_0;0;0_-100;2;5475_-100;2;5475_-100;2;5475,33.7013698630137,Incidence,9.14274325456716e-05
NbyGQVwzFc_loc12_loop6,12,ITN 0%/IRS 0%/Larvicide 0%,0;0.4;0.4_0;0;0_0;0;0_-100;2;5475_-100;2;5475_-100;2;5475,33.7041095890411,Incidence,9.14302831614734e-05
NbyGQVwzFc_loc12_loop6,12,ITN 0%/IRS 0%/Larvicide 0%,0;0.4;0.4_0;0;0_0;0;0_-100;2;5475_-100;2;5475_-100;2;5475,33.7068493150685,Incidence,9.14332463210227e-05
NbyGQVwzFc_loc12_loop6,12,ITN 0%/IRS 0%/Larvicide 0%,0;0.4;0.4_0;0;0_0;0;0_-100;2;5475_-100;2;5475_-100;2;5475,33.7095890410959,Incidence,9.14363220445714e-05
NbyGQVwzFc_loc12_loop6,12,ITN 0%/IRS 0%/Larvicide 0%,0;0.4;0.4_0;0;0_0;0;0_-100;2;5475_-100;2;5475_-100;2;5475,33.7123287671233,Incidence,9.14395103377427e-05
NbyGQVwzFc_loc12_loop6,12,ITN 0%/IRS 0%/Larvicide 0%,0;0.4;0.4_0;0;0_0;0;0_-100;2;5475_-100;2;5475_-100;2;5475,33.7150684931507,Incidence,9.14428112029158e-05
NbyGQVwzFc_loc12_loop6,12,ITN 0%/IRS 0%/Larvicide 0%,0;0.4;0.4_0;0;0_0;0;0_-100;2;5475_-100;2;5475_-100;2;5475,33.7178082191781,Incidence,9.14462246415745e-05
NbyGQVwzFc_loc12_loop6,12,ITN 0%/IRS 0%/Larvicide 0%,0;0.4;0.4_0;0;0_0;0;0_-100;2;5475_-100;2;5475_-100;2;5475,33.7205479452055,Incidence,9.14497506543307e-05
NbyGQVwzFc_loc12_loop6,12,ITN 0%/IRS 0%/Larvicide 0%,0;0.4;0.4_0;0;0_0;0;0_-100;2;5475_-100;2;5475_-100;2;5475,33.7232876712329,Incidence,9.14533892409462e-05
NbyGQVwzFc_loc12_loop6,12,ITN 0%/IRS 0%/Larvicide 0%,0;0.4;0.4_0;0;0_0;0;0_-100;2;5475_-100;2;5475_-100;2;5475,33.7260273972603,Incidence,9.14571404003561e-05
NbyGQVwzFc_loc12_loop6,12,ITN 0%/IRS 0%/Larvicide 0%,0;0.4;0.4_0;0;0_0;0;0_-100;2;5475_-100;2;5475_-100;2;5475,33.7287671232877,Incidence,9.14610041306899e-05
NbyGQVwzFc_loc12_loop6,12,ITN 0%/IRS 0%/Larvicide 0%,0;0.4;0.4_0;0;0_0;0;0_-100;2;5475_-100;2;5475_-100;2;5475,33.7315068493151,Incidence,9.14649804292946e-05
NbyGQVwzFc_loc12_loop6,12,ITN 0%/IRS 0%/Larvicide 0%,0;0.4;0.4_0;0;0_0;0;0_-100;2;5475_-100;2;5475_-100;2;5475,33.7342465753425,Incidence,9.14690692927546e-05
NbyGQVwzFc_loc12_loop6,12,ITN 0%/IRS 0%/Larvicide 0%,0;0.4;0.4_0;0;0_0;0;0_-100;2;5475_-100;2;5475_-100;2;5475,33.7369863013699,Incidence,9.1473270716914e-05
NbyGQVwzFc_loc12_loop6,12,ITN 0%/IRS 0%/Larvicide 0%,0;0.4;0.4_0;0;0_0;0;0_-100;2;5475_-100;2;5475_-100;2;5475,33.7397260273973,Incidence,9.14775846968973e-05
NbyGQVwzFc_loc12_loop6,12,ITN 0%/IRS 0%/Larvicide 0%,0;0.4;0.4_0;0;0_0;0;0_-100;2;5475_-100;2;5475_-100;2;5475,33.7424657534247,Incidence,9.14820112271304e-05
NbyGQVwzFc_loc12_loop6,12,ITN 0%/IRS 0%/Larvicide 0%,0;0.4;0.4_0;0;0_0;0;0_-100;2;5475_-100;2;5475_-100;2;5475,33.7452054794521,Incidence,9.14865503013601e-05
NbyGQVwzFc_loc12_loop6,12,ITN 0%/IRS 0%/Larvicide 0%,0;0.4;0.4_0;0;0_0;0;0_-100;2;5475_-100;2;5475_-100;2;5475,33.7479452054795,Incidence,9.14912019126748e-05
NbyGQVwzFc_loc12_loop6,12,ITN 0%/IRS 0%/Larvicide 0%,0;0.4;0.4_0;0;0_0;0;0_-100;2;5475_-100;2;5475_-100;2;5475,33.7506849315069,Incidence,9.1495966053525e-05
NbyGQVwzFc_loc12_loop6,12,ITN 0%/IRS 0%/Larvicide 0%,0;0.4;0.4_0;0;0_0;0;0_-100;2;5475_-100;2;5475_-100;2;5475,33.7534246575343,Incidence,9.15008427157409e-05
NbyGQVwzFc_loc12_loop6,12,ITN 0%/IRS 0%/Larvicide 0%,0;0.4;0.4_0;0;0_0;0;0_-100;2;5475_-100;2;5475_-100;2;5475,33.7561643835616,Incidence,9.15058318905539e-05
NbyGQVwzFc_loc12_loop6,12,ITN 0%/IRS 0%/Larvicide 0%,0;0.4;0.4_0;0;0_0;0;0_-100;2;5475_-100;2;5475_-100;2;5475,33.758904109589,Incidence,9.15109335781793e-05
NbyGQVwzFc_loc12_loop6,12,ITN 0%/IRS 0%/Larvicide 0%,0;0.4;0.4_0;0;0_0;0;0_-100;2;5475_-100;2;5475_-100;2;5475,33.7616438356164,Incidence,9.15161477804653e-05
NbyGQVwzFc_loc12_loop6,12,ITN 0%/IRS 0%/Larvicide 0%,0;0.4;0.4_0;0;0_0;0;0_-100;2;5475_-100;2;5475_-100;2;5475,33.7643835616438,Incidence,9.15214744870086e-05
NbyGQVwzFc_loc12_loop6,12,ITN 0%/IRS 0%/Larvicide 0%,0;0.4;0.4_0;0;0_0;0;0_-100;2;5475_-100;2;5475_-100;2;5475,33.7671232876712,Incidence,9.15269136866682e-05
NbyGQVwzFc_loc12_loop6,12,ITN 0%/IRS 0%/Larvicide 0%,0;0.4;0.4_0;0;0_0;0;0_-100;2;5475_-100;2;5475_-100;2;5475,33.7698630136986,Incidence,9.15324653676134e-05
NbyGQVwzFc_loc12_loop6,12,ITN 0%/IRS 0%/Larvicide 0%,0;0.4;0.4_0;0;0_0;0;0_-100;2;5475_-100;2;5475_-100;2;5475,33.772602739726,Incidence,9.1538129517342e-05
NbyGQVwzFc_loc12_loop6,12,ITN 0%/IRS 0%/Larvicide 0%,0;0.4;0.4_0;0;0_0;0;0_-100;2;5475_-100;2;5475_-100;2;5475,33.7753424657534,Incidence,9.15439061227013e-05
NbyGQVwzFc_loc12_loop6,12,ITN 0%/IRS 0%/Larvicide 0%,0;0.4;0.4_0;0;0_0;0;0_-100;2;5475_-100;2;5475_-100;2;5475,33.7780821917808,Incidence,9.15497951699066e-05
NbyGQVwzFc_loc12_loop6,12,ITN 0%/IRS 0%/Larvicide 0%,0;0.4;0.4_0;0;0_0;0;0_-100;2;5475_-100;2;5475_-100;2;5475,33.7808219178082,Incidence,9.15557966445595e-05
NbyGQVwzFc_loc12_loop6,12,ITN 0%/IRS 0%/Larvicide 0%,0;0.4;0.4_0;0;0_0;0;0_-100;2;5475_-100;2;5475_-100;2;5475,33.7835616438356,Incidence,9.15619105316677e-05
NbyGQVwzFc_loc12_loop6,12,ITN 0%/IRS 0%/Larvicide 0%,0;0.4;0.4_0;0;0_0;0;0_-100;2;5475_-100;2;5475_-100;2;5475,33.786301369863,Incidence,9.15681368156615e-05
NbyGQVwzFc_loc12_loop6,12,ITN 0%/IRS 0%/Larvicide 0%,0;0.4;0.4_0;0;0_0;0;0_-100;2;5475_-100;2;5475_-100;2;5475,33.7890410958904,Incidence,9.15744754804146e-05
NbyGQVwzFc_loc12_loop6,12,ITN 0%/IRS 0%/Larvicide 0%,0;0.4;0.4_0;0;0_0;0;0_-100;2;5475_-100;2;5475_-100;2;5475,33.7917808219178,Incidence,9.15809265092595e-05
NbyGQVwzFc_loc12_loop6,12,ITN 0%/IRS 0%/Larvicide 0%,0;0.4;0.4_0;0;0_0;0;0_-100;2;5475_-100;2;5475_-100;2;5475,33.7945205479452,Incidence,9.15874898850061e-05
NbyGQVwzFc_loc12_loop6,12,ITN 0%/IRS 0%/Larvicide 0%,0;0.4;0.4_0;0;0_0;0;0_-100;2;5475_-100;2;5475_-100;2;5475,33.7972602739726,Incidence,9.15941655899596e-05
NbyGQVwzFc_loc12_loop6,12,ITN 0%/IRS 0%/Larvicide 0%,0;0.4;0.4_0;0;0_0;0;0_-100;2;5475_-100;2;5475_-100;2;5475,33.8,Incidence,9.16009536059365e-05
NbyGQVwzFc_loc12_loop6,12,ITN 0%/IRS 0%/Larvicide 0%,0;0.4;0.4_0;0;0_0;0;0_-100;2;5475_-100;2;5475_-100;2;5475,33.8027397260274,Incidence,9.16078539142823e-05
NbyGQVwzFc_loc12_loop6,12,ITN 0%/IRS 0%/Larvicide 0%,0;0.4;0.4_0;0;0_0;0;0_-100;2;5475_-100;2;5475_-100;2;5475,33.8054794520548,Incidence,9.16148664958875e-05
NbyGQVwzFc_loc12_loop6,12,ITN 0%/IRS 0%/Larvicide 0%,0;0.4;0.4_0;0;0_0;0;0_-100;2;5475_-100;2;5475_-100;2;5475,33.8082191780822,Incidence,9.16219913312048e-05
NbyGQVwzFc_loc12_loop6,12,ITN 0%/IRS 0%/Larvicide 0%,0;0.4;0.4_0;0;0_0;0;0_-100;2;5475_-100;2;5475_-100;2;5475,33.8109589041096,Incidence,9.16292284096138e-05
NbyGQVwzFc_loc12_loop6,12,ITN 0%/IRS 0%/Larvicide 0%,0;0.4;0.4_0;0;0_0;0;0_-100;2;5475_-100;2;5475_-100;2;5475,33.813698630137,Incidence,9.16365777209064e-05
NbyGQVwzFc_loc12_loop6,12,ITN 0%/IRS 0%/Larvicide 0%,0;0.4;0.4_0;0;0_0;0;0_-100;2;5475_-100;2;5475_-100;2;5475,33.8164383561644,Incidence,9.16440392435589e-05
NbyGQVwzFc_loc12_loop6,12,ITN 0%/IRS 0%/Larvicide 0%,0;0.4;0.4_0;0;0_0;0;0_-100;2;5475_-100;2;5475_-100;2;5475,33.8191780821918,Incidence,9.16516129554976e-05
NbyGQVwzFc_loc12_loop6,12,ITN 0%/IRS 0%/Larvicide 0%,0;0.4;0.4_0;0;0_0;0;0_-100;2;5475_-100;2;5475_-100;2;5475,33.8219178082192,Incidence,9.16592988341252e-05
NbyGQVwzFc_loc12_loop6,12,ITN 0%/IRS 0%/Larvicide 0%,0;0.4;0.4_0;0;0_0;0;0_-100;2;5475_-100;2;5475_-100;2;5475,33.8246575342466,Incidence,9.16670968563386e-05
NbyGQVwzFc_loc12_loop6,12,ITN 0%/IRS 0%/Larvicide 0%,0;0.4;0.4_0;0;0_0;0;0_-100;2;5475_-100;2;5475_-100;2;5475,33.827397260274,Incidence,9.1675006998545e-05
NbyGQVwzFc_loc12_loop6,12,ITN 0%/IRS 0%/Larvicide 0%,0;0.4;0.4_0;0;0_0;0;0_-100;2;5475_-100;2;5475_-100;2;5475,33.8301369863014,Incidence,9.16830292366782e-05
NbyGQVwzFc_loc12_loop6,12,ITN 0%/IRS 0%/Larvicide 0%,0;0.4;0.4_0;0;0_0;0;0_-100;2;5475_-100;2;5475_-100;2;5475,33.8328767123288,Incidence,9.16911635462148e-05
NbyGQVwzFc_loc12_loop6,12,ITN 0%/IRS 0%/Larvicide 0%,0;0.4;0.4_0;0;0_0;0;0_-100;2;5475_-100;2;5475_-100;2;5475,33.8356164383562,Incidence,9.16994099021902e-05
NbyGQVwzFc_loc12_loop6,12,ITN 0%/IRS 0%/Larvicide 0%,0;0.4;0.4_0;0;0_0;0;0_-100;2;5475_-100;2;5475_-100;2;5475,33.8383561643836,Incidence,9.17077682792135e-05
NbyGQVwzFc_loc12_loop6,12,ITN 0%/IRS 0%/Larvicide 0%,0;0.4;0.4_0;0;0_0;0;0_-100;2;5475_-100;2;5475_-100;2;5475,33.841095890411,Incidence,9.1716238651484e-05
NbyGQVwzFc_loc12_loop6,12,ITN 0%/IRS 0%/Larvicide 0%,0;0.4;0.4_0;0;0_0;0;0_-100;2;5475_-100;2;5475_-100;2;5475,33.8438356164384,Incidence,9.17248209928058e-05
NbyGQVwzFc_loc12_loop6,12,ITN 0%/IRS 0%/Larvicide 0%,0;0.4;0.4_0;0;0_0;0;0_-100;2;5475_-100;2;5475_-100;2;5475,33.8465753424658,Incidence,9.17335152766028e-05
NbyGQVwzFc_loc12_loop6,12,ITN 0%/IRS 0%/Larvicide 0%,0;0.4;0.4_0;0;0_0;0;0_-100;2;5475_-100;2;5475_-100;2;5475,33.8493150684932,Incidence,9.17423214759337e-05
NbyGQVwzFc_loc12_loop6,12,ITN 0%/IRS 0%/Larvicide 0%,0;0.4;0.4_0;0;0_0;0;0_-100;2;5475_-100;2;5475_-100;2;5475,33.8520547945206,Incidence,9.17512395635065e-05
NbyGQVwzFc_loc12_loop6,12,ITN 0%/IRS 0%/Larvicide 0%,0;0.4;0.4_0;0;0_0;0;0_-100;2;5475_-100;2;5475_-100;2;5475,33.854794520548,Incidence,9.17602695116926e-05
NbyGQVwzFc_loc12_loop6,12,ITN 0%/IRS 0%/Larvicide 0%,0;0.4;0.4_0;0;0_0;0;0_-100;2;5475_-100;2;5475_-100;2;5475,33.8575342465753,Incidence,9.17694112925407e-05
NbyGQVwzFc_loc12_loop6,12,ITN 0%/IRS 0%/Larvicide 0%,0;0.4;0.4_0;0;0_0;0;0_-100;2;5475_-100;2;5475_-100;2;5475,33.8602739726027,Incidence,9.17786648777916e-05
NbyGQVwzFc_loc12_loop6,12,ITN 0%/IRS 0%/Larvicide 0%,0;0.4;0.4_0;0;0_0;0;0_-100;2;5475_-100;2;5475_-100;2;5475,33.8630136986301,Incidence,9.1788030242058e-05
NbyGQVwzFc_loc12_loop6,12,ITN 0%/IRS 0%/Larvicide 0%,0;0.4;0.4_0;0;0_0;0;0_-100;2;5475_-100;2;5475_-100;2;5475,33.8657534246575,Incidence,9.17975073699584e-05
NbyGQVwzFc_loc12_loop6,12,ITN 0%/IRS 0%/Larvicide 0%,0;0.4;0.4_0;0;0_0;0;0_-100;2;5475_-100;2;5475_-100;2;5475,33.8684931506849,Incidence,9.18070962326855e-05
NbyGQVwzFc_loc12_loop6,12,ITN 0%/IRS 0%/Larvicide 0%,0;0.4;0.4_0;0;0_0;0;0_-100;2;5475_-100;2;5475_-100;2;5475,33.8712328767123,Incidence,9.18167967993328e-05
NbyGQVwzFc_loc12_loop6,12,ITN 0%/IRS 0%/Larvicide 0%,0;0.4;0.4_0;0;0_0;0;0_-100;2;5475_-100;2;5475_-100;2;5475,33.8739726027397,Incidence,9.18266090386058e-05
NbyGQVwzFc_loc12_loop6,12,ITN 0%/IRS 0%/Larvicide 0%,0;0.4;0.4_0;0;0_0;0;0_-100;2;5475_-100;2;5475_-100;2;5475,33.8767123287671,Incidence,9.18365329188374e-05
NbyGQVwzFc_loc12_loop6,12,ITN 0%/IRS 0%/Larvicide 0%,0;0.4;0.4_0;0;0_0;0;0_-100;2;5475_-100;2;5475_-100;2;5475,33.8794520547945,Incidence,9.18465684080012e-05
NbyGQVwzFc_loc12_loop6,12,ITN 0%/IRS 0%/Larvicide 0%,0;0.4;0.4_0;0;0_0;0;0_-100;2;5475_-100;2;5475_-100;2;5475,33.8821917808219,Incidence,9.18567154737258e-05
NbyGQVwzFc_loc12_loop6,12,ITN 0%/IRS 0%/Larvicide 0%,0;0.4;0.4_0;0;0_0;0;0_-100;2;5475_-100;2;5475_-100;2;5475,33.8849315068493,Incidence,9.18669740833085e-05
NbyGQVwzFc_loc12_loop6,12,ITN 0%/IRS 0%/Larvicide 0%,0;0.4;0.4_0;0;0_0;0;0_-100;2;5475_-100;2;5475_-100;2;5475,33.8876712328767,Incidence,9.18773442037288e-05
NbyGQVwzFc_loc12_loop6,12,ITN 0%/IRS 0%/Larvicide 0%,0;0.4;0.4_0;0;0_0;0;0_-100;2;5475_-100;2;5475_-100;2;5475,33.8904109589041,Incidence,9.18878258016615e-05
NbyGQVwzFc_loc12_loop6,12,ITN 0%/IRS 0%/Larvicide 0%,0;0.4;0.4_0;0;0_0;0;0_-100;2;5475_-100;2;5475_-100;2;5475,33.8931506849315,Incidence,9.189841884349e-05
NbyGQVwzFc_loc12_loop6,12,ITN 0%/IRS 0%/Larvicide 0%,0;0.4;0.4_0;0;0_0;0;0_-100;2;5475_-100;2;5475_-100;2;5475,33.8958904109589,Incidence,9.19091232953193e-05
NbyGQVwzFc_loc12_loop6,12,ITN 0%/IRS 0%/Larvicide 0%,0;0.4;0.4_0;0;0_0;0;0_-100;2;5475_-100;2;5475_-100;2;5475,33.8986301369863,Incidence,9.19199391229887e-05
NbyGQVwzFc_loc12_loop6,12,ITN 0%/IRS 0%/Larvicide 0%,0;0.4;0.4_0;0;0_0;0;0_-100;2;5475_-100;2;5475_-100;2;5475,33.9013698630137,Incidence,9.19308662920843e-05
NbyGQVwzFc_loc12_loop6,12,ITN 0%/IRS 0%/Larvicide 0%,0;0.4;0.4_0;0;0_0;0;0_-100;2;5475_-100;2;5475_-100;2;5475,33.9041095890411,Incidence,9.19419047679514e-05
NbyGQVwzFc_loc12_loop6,12,ITN 0%/IRS 0%/Larvicide 0%,0;0.4;0.4_0;0;0_0;0;0_-100;2;5475_-100;2;5475_-100;2;5475,33.9068493150685,Incidence,9.19530545157063e-05
NbyGQVwzFc_loc12_loop6,12,ITN 0%/IRS 0%/Larvicide 0%,0;0.4;0.4_0;0;0_0;0;0_-100;2;5475_-100;2;5475_-100;2;5475,33.9095890410959,Incidence,9.19643155002489e-05
NbyGQVwzFc_loc12_loop6,12,ITN 0%/IRS 0%/Larvicide 0%,0;0.4;0.4_0;0;0_0;0;0_-100;2;5475_-100;2;5475_-100;2;5475,33.9123287671233,Incidence,9.19756876862739e-05
NbyGQVwzFc_loc12_loop6,12,ITN 0%/IRS 0%/Larvicide 0%,0;0.4;0.4_0;0;0_0;0;0_-100;2;5475_-100;2;5475_-100;2;5475,33.9150684931507,Incidence,9.19871710382827e-05
NbyGQVwzFc_loc12_loop6,12,ITN 0%/IRS 0%/Larvicide 0%,0;0.4;0.4_0;0;0_0;0;0_-100;2;5475_-100;2;5475_-100;2;5475,33.9178082191781,Incidence,9.19987655257072e-05
NbyGQVwzFc_loc12_loop6,12,ITN 0%/IRS 0%/Larvicide 0%,0;0.4;0.4_0;0;0_0;0;0_-100;2;5475_-100;2;5475_-100;2;5475,33.9205479452055,Incidence,9.20104711236286e-05
NbyGQVwzFc_loc12_loop6,12,ITN 0%/IRS 0%/Larvicide 0%,0;0.4;0.4_0;0;0_0;0;0_-100;2;5475_-100;2;5475_-100;2;5475,33.9232876712329,Incidence,9.20222877945141e-05
NbyGQVwzFc_loc12_loop6,12,ITN 0%/IRS 0%/Larvicide 0%,0;0.4;0.4_0;0;0_0;0;0_-100;2;5475_-100;2;5475_-100;2;5475,33.9260273972603,Incidence,9.20342155000442e-05
NbyGQVwzFc_loc12_loop6,12,ITN 0%/IRS 0%/Larvicide 0%,0;0.4;0.4_0;0;0_0;0;0_-100;2;5475_-100;2;5475_-100;2;5475,33.9287671232877,Incidence,9.20462542016324e-05
NbyGQVwzFc_loc12_loop6,12,ITN 0%/IRS 0%/Larvicide 0%,0;0.4;0.4_0;0;0_0;0;0_-100;2;5475_-100;2;5475_-100;2;5475,33.9315068493151,Incidence,9.20584038604397e-05
NbyGQVwzFc_loc12_loop6,12,ITN 0%/IRS 0%/Larvicide 0%,0;0.4;0.4_0;0;0_0;0;0_-100;2;5475_-100;2;5475_-100;2;5475,33.9342465753425,Incidence,9.2070664437384e-05
NbyGQVwzFc_loc12_loop6,12,ITN 0%/IRS 0%/Larvicide 0%,0;0.4;0.4_0;0;0_0;0;0_-100;2;5475_-100;2;5475_-100;2;5475,33.9369863013699,Incidence,9.20830358931531e-05
NbyGQVwzFc_loc12_loop6,12,ITN 0%/IRS 0%/Larvicide 0%,0;0.4;0.4_0;0;0_0;0;0_-100;2;5475_-100;2;5475_-100;2;5475,33.9397260273973,Incidence,9.20955181882155e-05
NbyGQVwzFc_loc12_loop6,12,ITN 0%/IRS 0%/Larvicide 0%,0;0.4;0.4_0;0;0_0;0;0_-100;2;5475_-100;2;5475_-100;2;5475,33.9424657534247,Incidence,9.21081112828324e-05
NbyGQVwzFc_loc12_loop6,12,ITN 0%/IRS 0%/Larvicide 0%,0;0.4;0.4_0;0;0_0;0;0_-100;2;5475_-100;2;5475_-100;2;5475,33.9452054794521,Incidence,9.21208151370685e-05
NbyGQVwzFc_loc12_loop6,12,ITN 0%/IRS 0%/Larvicide 0%,0;0.4;0.4_0;0;0_0;0;0_-100;2;5475_-100;2;5475_-100;2;5475,33.9479452054795,Incidence,9.21336297108025e-05
NbyGQVwzFc_loc12_loop6,12,ITN 0%/IRS 0%/Larvicide 0%,0;0.4;0.4_0;0;0_0;0;0_-100;2;5475_-100;2;5475_-100;2;5475,33.9506849315069,Incidence,9.2146554963739e-05
NbyGQVwzFc_loc12_loop6,12,ITN 0%/IRS 0%/Larvicide 0%,0;0.4;0.4_0;0;0_0;0;0_-100;2;5475_-100;2;5475_-100;2;5475,33.9534246575343,Incidence,9.21595908554183e-05
NbyGQVwzFc_loc12_loop6,12,ITN 0%/IRS 0%/Larvicide 0%,0;0.4;0.4_0;0;0_0;0;0_-100;2;5475_-100;2;5475_-100;2;5475,33.9561643835616,Incidence,9.21727373452265e-05
NbyGQVwzFc_loc12_loop6,12,ITN 0%/IRS 0%/Larvicide 0%,0;0.4;0.4_0;0;0_0;0;0_-100;2;5475_-100;2;5475_-100;2;5475,33.958904109589,Incidence,9.21859943924077e-05
NbyGQVwzFc_loc12_loop6,12,ITN 0%/IRS 0%/Larvicide 0%,0;0.4;0.4_0;0;0_0;0;0_-100;2;5475_-100;2;5475_-100;2;5475,33.9616438356164,Incidence,9.21993619560715e-05
NbyGQVwzFc_loc12_loop6,12,ITN 0%/IRS 0%/Larvicide 0%,0;0.4;0.4_0;0;0_0;0;0_-100;2;5475_-100;2;5475_-100;2;5475,33.9643835616438,Incidence,9.22128399952052e-05
NbyGQVwzFc_loc12_loop6,12,ITN 0%/IRS 0%/Larvicide 0%,0;0.4;0.4_0;0;0_0;0;0_-100;2;5475_-100;2;5475_-100;2;5475,33.9671232876712,Incidence,9.22264284686817e-05
NbyGQVwzFc_loc12_loop6,12,ITN 0%/IRS 0%/Larvicide 0%,0;0.4;0.4_0;0;0_0;0;0_-100;2;5475_-100;2;5475_-100;2;5475,33.9698630136986,Incidence,9.22401273352712e-05
NbyGQVwzFc_loc12_loop6,12,ITN 0%/IRS 0%/Larvicide 0%,0;0.4;0.4_0;0;0_0;0;0_-100;2;5475_-100;2;5475_-100;2;5475,33.972602739726,Incidence,9.22539365556916e-05
NbyGQVwzFc_loc12_loop6,12,ITN 0%/IRS 0%/Larvicide 0%,0;0.4;0.4_0;0;0_0;0;0_-100;2;5475_-100;2;5475_-100;2;5475,33.9753424657534,Incidence,9.22678561000532e-05
NbyGQVwzFc_loc12_loop6,12,ITN 0%/IRS 0%/Larvicide 0%,0;0.4;0.4_0;0;0_0;0;0_-100;2;5475_-100;2;5475_-100;2;5475,33.9780821917808,Incidence,9.22818859265607e-05
NbyGQVwzFc_loc12_loop6,12,ITN 0%/IRS 0%/Larvicide 0%,0;0.4;0.4_0;0;0_0;0;0_-100;2;5475_-100;2;5475_-100;2;5475,33.9808219178082,Incidence,9.2296025991034e-05
NbyGQVwzFc_loc12_loop6,12,ITN 0%/IRS 0%/Larvicide 0%,0;0.4;0.4_0;0;0_0;0;0_-100;2;5475_-100;2;5475_-100;2;5475,33.9835616438356,Incidence,9.23102762491227e-05
NbyGQVwzFc_loc12_loop6,12,ITN 0%/IRS 0%/Larvicide 0%,0;0.4;0.4_0;0;0_0;0;0_-100;2;5475_-100;2;5475_-100;2;5475,33.986301369863,Incidence,9.23246366563163e-05
NbyGQVwzFc_loc12_loop6,12,ITN 0%/IRS 0%/Larvicide 0%,0;0.4;0.4_0;0;0_0;0;0_-100;2;5475_-100;2;5475_-100;2;5475,33.9890410958904,Incidence,9.2339107167954e-05
NbyGQVwzFc_loc12_loop6,12,ITN 0%/IRS 0%/Larvicide 0%,0;0.4;0.4_0;0;0_0;0;0_-100;2;5475_-100;2;5475_-100;2;5475,33.9917808219178,Incidence,9.23536877392345e-05
NbyGQVwzFc_loc12_loop6,12,ITN 0%/IRS 0%/Larvicide 0%,0;0.4;0.4_0;0;0_0;0;0_-100;2;5475_-100;2;5475_-100;2;5475,33.9945205479452,Incidence,9.23683783252258e-05
NbyGQVwzFc_loc12_loop6,12,ITN 0%/IRS 0%/Larvicide 0%,0;0.4;0.4_0;0;0_0;0;0_-100;2;5475_-100;2;5475_-100;2;5475,33.9972602739726,Incidence,9.23831788808741e-05
NbyGQVwzFc_loc12_loop6,12,ITN 0%/IRS 0%/Larvicide 0%,0;0.4;0.4_0;0;0_0;0;0_-100;2;5475_-100;2;5475_-100;2;5475,34,Incidence,9.23980893610138e-05
NbyGQVwzFc_loc12_loop6,12,ITN 0%/IRS 0%/Larvicide 0%,0;0.4;0.4_0;0;0_0;0;0_-100;2;5475_-100;2;5475_-100;2;5475,34.0027397260274,Incidence,9.24131097203759e-05
NbyGQVwzFc_loc12_loop6,12,ITN 0%/IRS 0%/Larvicide 0%,0;0.4;0.4_0;0;0_0;0;0_-100;2;5475_-100;2;5475_-100;2;5475,34.0054794520548,Incidence,9.24282399135983e-05
NbyGQVwzFc_loc12_loop6,12,ITN 0%/IRS 0%/Larvicide 0%,0;0.4;0.4_0;0;0_0;0;0_-100;2;5475_-100;2;5475_-100;2;5475,34.0082191780822,Incidence,9.24434798952326e-05
NbyGQVwzFc_loc12_loop6,12,ITN 0%/IRS 0%/Larvicide 0%,0;0.4;0.4_0;0;0_0;0;0_-100;2;5475_-100;2;5475_-100;2;5475,34.0109589041096,Incidence,9.24588296197547e-05
NbyGQVwzFc_loc12_loop6,12,ITN 0%/IRS 0%/Larvicide 0%,0;0.4;0.4_0;0;0_0;0;0_-100;2;5475_-100;2;5475_-100;2;5475,34.013698630137,Incidence,9.24742890415727e-05
NbyGQVwzFc_loc12_loop6,12,ITN 0%/IRS 0%/Larvicide 0%,0;0.4;0.4_0;0;0_0;0;0_-100;2;5475_-100;2;5475_-100;2;5475,34.0164383561644,Incidence,9.24898581150352e-05
NbyGQVwzFc_loc12_loop6,12,ITN 0%/IRS 0%/Larvicide 0%,0;0.4;0.4_0;0;0_0;0;0_-100;2;5475_-100;2;5475_-100;2;5475,34.0191780821918,Incidence,9.25055367944394e-05
NbyGQVwzFc_loc12_loop6,12,ITN 0%/IRS 0%/Larvicide 0%,0;0.4;0.4_0;0;0_0;0;0_-100;2;5475_-100;2;5475_-100;2;5475,34.0219178082192,Incidence,9.25213250340398e-05
NbyGQVwzFc_loc12_loop6,12,ITN 0%/IRS 0%/Larvicide 0%,0;0.4;0.4_0;0;0_0;0;0_-100;2;5475_-100;2;5475_-100;2;5475,34.0246575342466,Incidence,9.25372227880553e-05
NbyGQVwzFc_loc12_loop6,12,ITN 0%/IRS 0%/Larvicide 0%,0;0.4;0.4_0;0;0_0;0;0_-100;2;5475_-100;2;5475_-100;2;5475,34.027397260274,Incidence,9.25532300106784e-05
NbyGQVwzFc_loc12_loop6,12,ITN 0%/IRS 0%/Larvicide 0%,0;0.4;0.4_0;0;0_0;0;0_-100;2;5475_-100;2;5475_-100;2;5475,34.0301369863014,Incidence,9.25693466604194e-05
NbyGQVwzFc_loc12_loop6,12,ITN 0%/IRS 0%/Larvicide 0%,0;0.4;0.4_0;0;0_0;0;0_-100;2;5475_-100;2;5475_-100;2;5475,34.0328767123288,Incidence,9.25855727003721e-05
NbyGQVwzFc_loc12_loop6,12,ITN 0%/IRS 0%/Larvicide 0%,0;0.4;0.4_0;0;0_0;0;0_-100;2;5475_-100;2;5475_-100;2;5475,34.0356164383562,Incidence,9.26019080781627e-05
NbyGQVwzFc_loc12_loop6,12,ITN 0%/IRS 0%/Larvicide 0%,0;0.4;0.4_0;0;0_0;0;0_-100;2;5475_-100;2;5475_-100;2;5475,34.0383561643836,Incidence,9.26183527577227e-05
NbyGQVwzFc_loc12_loop6,12,ITN 0%/IRS 0%/Larvicide 0%,0;0.4;0.4_0;0;0_0;0;0_-100;2;5475_-100;2;5475_-100;2;5475,34.041095890411,Incidence,9.26349066747587e-05
NbyGQVwzFc_loc12_loop6,12,ITN 0%/IRS 0%/Larvicide 0%,0;0.4;0.4_0;0;0_0;0;0_-100;2;5475_-100;2;5475_-100;2;5475,34.0438356164384,Incidence,9.26515697881283e-05
NbyGQVwzFc_loc12_loop6,12,ITN 0%/IRS 0%/Larvicide 0%,0;0.4;0.4_0;0;0_0;0;0_-100;2;5475_-100;2;5475_-100;2;5475,34.0465753424658,Incidence,9.26683420480278e-05
NbyGQVwzFc_loc12_loop6,12,ITN 0%/IRS 0%/Larvicide 0%,0;0.4;0.4_0;0;0_0;0;0_-100;2;5475_-100;2;5475_-100;2;5475,34.0493150684932,Incidence,9.26852234033937e-05
NbyGQVwzFc_loc12_loop6,12,ITN 0%/IRS 0%/Larvicide 0%,0;0.4;0.4_0;0;0_0;0;0_-100;2;5475_-100;2;5475_-100;2;5475,34.0520547945206,Incidence,9.27022138076087e-05
NbyGQVwzFc_loc12_loop6,12,ITN 0%/IRS 0%/Larvicide 0%,0;0.4;0.4_0;0;0_0;0;0_-100;2;5475_-100;2;5475_-100;2;5475,34.0547945205479,Incidence,9.27193132079448e-05
NbyGQVwzFc_loc12_loop6,12,ITN 0%/IRS 0%/Larvicide 0%,0;0.4;0.4_0;0;0_0;0;0_-100;2;5475_-100;2;5475_-100;2;5475,34.0575342465753,Incidence,9.27365215479249e-05
NbyGQVwzFc_loc12_loop6,12,ITN 0%/IRS 0%/Larvicide 0%,0;0.4;0.4_0;0;0_0;0;0_-100;2;5475_-100;2;5475_-100;2;5475,34.0602739726027,Incidence,9.27538388263729e-05
NbyGQVwzFc_loc12_loop6,12,ITN 0%/IRS 0%/Larvicide 0%,0;0.4;0.4_0;0;0_0;0;0_-100;2;5475_-100;2;5475_-100;2;5475,34.0630136986301,Incidence,9.27712649067082e-05
NbyGQVwzFc_loc12_loop6,12,ITN 0%/IRS 0%/Larvicide 0%,0;0.4;0.4_0;0;0_0;0;0_-100;2;5475_-100;2;5475_-100;2;5475,34.0657534246575,Incidence,9.27887997977321e-05
NbyGQVwzFc_loc12_loop6,12,ITN 0%/IRS 0%/Larvicide 0%,0;0.4;0.4_0;0;0_0;0;0_-100;2;5475_-100;2;5475_-100;2;5475,34.0684931506849,Incidence,9.28064434628106e-05
NbyGQVwzFc_loc12_loop6,12,ITN 0%/IRS 0%/Larvicide 0%,0;0.4;0.4_0;0;0_0;0;0_-100;2;5475_-100;2;5475_-100;2;5475,34.0712328767123,Incidence,9.28241958085632e-05
NbyGQVwzFc_loc12_loop6,12,ITN 0%/IRS 0%/Larvicide 0%,0;0.4;0.4_0;0;0_0;0;0_-100;2;5475_-100;2;5475_-100;2;5475,34.0739726027397,Incidence,9.28420568067702e-05
NbyGQVwzFc_loc12_loop6,12,ITN 0%/IRS 0%/Larvicide 0%,0;0.4;0.4_0;0;0_0;0;0_-100;2;5475_-100;2;5475_-100;2;5475,34.0767123287671,Incidence,9.28600264185522e-05
NbyGQVwzFc_loc12_loop6,12,ITN 0%/IRS 0%/Larvicide 0%,0;0.4;0.4_0;0;0_0;0;0_-100;2;5475_-100;2;5475_-100;2;5475,34.0794520547945,Incidence,9.28781045764677e-05
NbyGQVwzFc_loc12_loop6,12,ITN 0%/IRS 0%/Larvicide 0%,0;0.4;0.4_0;0;0_0;0;0_-100;2;5475_-100;2;5475_-100;2;5475,34.0821917808219,Incidence,9.28962912371694e-05
NbyGQVwzFc_loc12_loop6,12,ITN 0%/IRS 0%/Larvicide 0%,0;0.4;0.4_0;0;0_0;0;0_-100;2;5475_-100;2;5475_-100;2;5475,34.0849315068493,Incidence,9.29145863563168e-05
NbyGQVwzFc_loc12_loop6,12,ITN 0%/IRS 0%/Larvicide 0%,0;0.4;0.4_0;0;0_0;0;0_-100;2;5475_-100;2;5475_-100;2;5475,34.0876712328767,Incidence,9.29329898806232e-05
NbyGQVwzFc_loc12_loop6,12,ITN 0%/IRS 0%/Larvicide 0%,0;0.4;0.4_0;0;0_0;0;0_-100;2;5475_-100;2;5475_-100;2;5475,34.0904109589041,Incidence,9.29515017714274e-05
NbyGQVwzFc_loc12_loop6,12,ITN 0%/IRS 0%/Larvicide 0%,0;0.4;0.4_0;0;0_0;0;0_-100;2;5475_-100;2;5475_-100;2;5475,34.0931506849315,Incidence,9.29701219800921e-05
NbyGQVwzFc_loc12_loop6,12,ITN 0%/IRS 0%/Larvicide 0%,0;0.4;0.4_0;0;0_0;0;0_-100;2;5475_-100;2;5475_-100;2;5475,34.0958904109589,Incidence,9.29888504524571e-05
NbyGQVwzFc_loc12_loop6,12,ITN 0%/IRS 0%/Larvicide 0%,0;0.4;0.4_0;0;0_0;0;0_-100;2;5475_-100;2;5475_-100;2;5475,34.0986301369863,Incidence,9.30076871354851e-05
NbyGQVwzFc_loc12_loop6,12,ITN 0%/IRS 0%/Larvicide 0%,0;0.4;0.4_0;0;0_0;0;0_-100;2;5475_-100;2;5475_-100;2;5475,34.1013698630137,Incidence,9.30266319774714e-05
NbyGQVwzFc_loc12_loop6,12,ITN 0%/IRS 0%/Larvicide 0%,0;0.4;0.4_0;0;0_0;0;0_-100;2;5475_-100;2;5475_-100;2;5475,34.1041095890411,Incidence,9.3045684926322e-05
NbyGQVwzFc_loc12_loop6,12,ITN 0%/IRS 0%/Larvicide 0%,0;0.4;0.4_0;0;0_0;0;0_-100;2;5475_-100;2;5475_-100;2;5475,34.1068493150685,Incidence,9.30648459280461e-05
NbyGQVwzFc_loc12_loop6,12,ITN 0%/IRS 0%/Larvicide 0%,0;0.4;0.4_0;0;0_0;0;0_-100;2;5475_-100;2;5475_-100;2;5475,34.1095890410959,Incidence,9.30841149303253e-05
NbyGQVwzFc_loc12_loop6,12,ITN 0%/IRS 0%/Larvicide 0%,0;0.4;0.4_0;0;0_0;0;0_-100;2;5475_-100;2;5475_-100;2;5475,34.1123287671233,Incidence,9.3103491881598e-05
NbyGQVwzFc_loc12_loop6,12,ITN 0%/IRS 0%/Larvicide 0%,0;0.4;0.4_0;0;0_0;0;0_-100;2;5475_-100;2;5475_-100;2;5475,34.1150684931507,Incidence,9.31229767282626e-05
NbyGQVwzFc_loc12_loop6,12,ITN 0%/IRS 0%/Larvicide 0%,0;0.4;0.4_0;0;0_0;0;0_-100;2;5475_-100;2;5475_-100;2;5475,34.1178082191781,Incidence,9.31425694175892e-05
NbyGQVwzFc_loc12_loop6,12,ITN 0%/IRS 0%/Larvicide 0%,0;0.4;0.4_0;0;0_0;0;0_-100;2;5475_-100;2;5475_-100;2;5475,34.1205479452055,Incidence,9.3162269897848e-05
NbyGQVwzFc_loc12_loop6,12,ITN 0%/IRS 0%/Larvicide 0%,0;0.4;0.4_0;0;0_0;0;0_-100;2;5475_-100;2;5475_-100;2;5475,34.1232876712329,Incidence,9.31820781160559e-05
NbyGQVwzFc_loc12_loop6,12,ITN 0%/IRS 0%/Larvicide 0%,0;0.4;0.4_0;0;0_0;0;0_-100;2;5475_-100;2;5475_-100;2;5475,34.1260273972603,Incidence,9.32019940194828e-05
NbyGQVwzFc_loc12_loop6,12,ITN 0%/IRS 0%/Larvicide 0%,0;0.4;0.4_0;0;0_0;0;0_-100;2;5475_-100;2;5475_-100;2;5475,34.1287671232877,Incidence,9.32220175561287e-05
NbyGQVwzFc_loc12_loop6,12,ITN 0%/IRS 0%/Larvicide 0%,0;0.4;0.4_0;0;0_0;0;0_-100;2;5475_-100;2;5475_-100;2;5475,34.1315068493151,Incidence,9.32421486734544e-05
NbyGQVwzFc_loc12_loop6,12,ITN 0%/IRS 0%/Larvicide 0%,0;0.4;0.4_0;0;0_0;0;0_-100;2;5475_-100;2;5475_-100;2;5475,34.1342465753425,Incidence,9.32623873189575e-05
NbyGQVwzFc_loc12_loop6,12,ITN 0%/IRS 0%/Larvicide 0%,0;0.4;0.4_0;0;0_0;0;0_-100;2;5475_-100;2;5475_-100;2;5475,34.1369863013699,Incidence,9.32827334405419e-05
NbyGQVwzFc_loc12_loop6,12,ITN 0%/IRS 0%/Larvicide 0%,0;0.4;0.4_0;0;0_0;0;0_-100;2;5475_-100;2;5475_-100;2;5475,34.1397260273973,Incidence,9.33031869859598e-05
NbyGQVwzFc_loc12_loop6,12,ITN 0%/IRS 0%/Larvicide 0%,0;0.4;0.4_0;0;0_0;0;0_-100;2;5475_-100;2;5475_-100;2;5475,34.1424657534247,Incidence,9.33237479029934e-05
NbyGQVwzFc_loc12_loop6,12,ITN 0%/IRS 0%/Larvicide 0%,0;0.4;0.4_0;0;0_0;0;0_-100;2;5475_-100;2;5475_-100;2;5475,34.1452054794521,Incidence,9.3344416139634e-05
NbyGQVwzFc_loc12_loop6,12,ITN 0%/IRS 0%/Larvicide 0%,0;0.4;0.4_0;0;0_0;0;0_-100;2;5475_-100;2;5475_-100;2;5475,34.1479452054795,Incidence,9.33651916474787e-05
NbyGQVwzFc_loc12_loop6,12,ITN 0%/IRS 0%/Larvicide 0%,0;0.4;0.4_0;0;0_0;0;0_-100;2;5475_-100;2;5475_-100;2;5475,34.1506849315069,Incidence,9.33860743818136e-05
NbyGQVwzFc_loc12_loop6,12,ITN 0%/IRS 0%/Larvicide 0%,0;0.4;0.4_0;0;0_0;0;0_-100;2;5475_-100;2;5475_-100;2;5475,34.1534246575342,Incidence,9.34070642877007e-05
NbyGQVwzFc_loc12_loop6,12,ITN 0%/IRS 0%/Larvicide 0%,0;0.4;0.4_0;0;0_0;0;0_-100;2;5475_-100;2;5475_-100;2;5475,34.1561643835616,Incidence,9.34281613097392e-05
NbyGQVwzFc_loc12_loop6,12,ITN 0%/IRS 0%/Larvicide 0%,0;0.4;0.4_0;0;0_0;0;0_-100;2;5475_-100;2;5475_-100;2;5475,34.158904109589,Incidence,9.3449365392556e-05
NbyGQVwzFc_loc12_loop6,12,ITN 0%/IRS 0%/Larvicide 0%,0;0.4;0.4_0;0;0_0;0;0_-100;2;5475_-100;2;5475_-100;2;5475,34.1616438356164,Incidence,9.34706764808086e-05
NbyGQVwzFc_loc12_loop6,12,ITN 0%/IRS 0%/Larvicide 0%,0;0.4;0.4_0;0;0_0;0;0_-100;2;5475_-100;2;5475_-100;2;5475,34.1643835616438,Incidence,9.34920945191995e-05
NbyGQVwzFc_loc12_loop6,12,ITN 0%/IRS 0%/Larvicide 0%,0;0.4;0.4_0;0;0_0;0;0_-100;2;5475_-100;2;5475_-100;2;5475,34.1671232876712,Incidence,9.35136194524759e-05
NbyGQVwzFc_loc12_loop6,12,ITN 0%/IRS 0%/Larvicide 0%,0;0.4;0.4_0;0;0_0;0;0_-100;2;5475_-100;2;5475_-100;2;5475,34.1698630136986,Incidence,9.35352512254221e-05
NbyGQVwzFc_loc12_loop6,12,ITN 0%/IRS 0%/Larvicide 0%,0;0.4;0.4_0;0;0_0;0;0_-100;2;5475_-100;2;5475_-100;2;5475,34.172602739726,Incidence,9.35569897828845e-05
NbyGQVwzFc_loc12_loop6,12,ITN 0%/IRS 0%/Larvicide 0%,0;0.4;0.4_0;0;0_0;0;0_-100;2;5475_-100;2;5475_-100;2;5475,34.1753424657534,Incidence,9.35788350697721e-05
NbyGQVwzFc_loc12_loop6,12,ITN 0%/IRS 0%/Larvicide 0%,0;0.4;0.4_0;0;0_0;0;0_-100;2;5475_-100;2;5475_-100;2;5475,34.1780821917808,Incidence,9.36007870310461e-05
NbyGQVwzFc_loc12_loop6,12,ITN 0%/IRS 0%/Larvicide 0%,0;0.4;0.4_0;0;0_0;0;0_-100;2;5475_-100;2;5475_-100;2;5475,34.1808219178082,Incidence,9.36228456117408e-05
NbyGQVwzFc_loc12_loop6,12,ITN 0%/IRS 0%/Larvicide 0%,0;0.4;0.4_0;0;0_0;0;0_-100;2;5475_-100;2;5475_-100;2;5475,34.1835616438356,Incidence,9.36450107569669e-05
NbyGQVwzFc_loc12_loop6,12,ITN 0%/IRS 0%/Larvicide 0%,0;0.4;0.4_0;0;0_0;0;0_-100;2;5475_-100;2;5475_-100;2;5475,34.186301369863,Incidence,9.36672824119064e-05
NbyGQVwzFc_loc12_loop6,12,ITN 0%/IRS 0%/Larvicide 0%,0;0.4;0.4_0;0;0_0;0;0_-100;2;5475_-100;2;5475_-100;2;5475,34.1890410958904,Incidence,9.36896605218238e-05
NbyGQVwzFc_loc12_loop6,12,ITN 0%/IRS 0%/Larvicide 0%,0;0.4;0.4_0;0;0_0;0;0_-100;2;5475_-100;2;5475_-100;2;5475,34.1917808219178,Incidence,9.37121450320719e-05
NbyGQVwzFc_loc12_loop6,12,ITN 0%/IRS 0%/Larvicide 0%,0;0.4;0.4_0;0;0_0;0;0_-100;2;5475_-100;2;5475_-100;2;5475,34.1945205479452,Incidence,9.37347358880914e-05
NbyGQVwzFc_loc12_loop6,12,ITN 0%/IRS 0%/Larvicide 0%,0;0.4;0.4_0;0;0_0;0;0_-100;2;5475_-100;2;5475_-100;2;5475,34.1972602739726,Incidence,9.37574330354169e-05
NbyGQVwzFc_loc12_loop6,12,ITN 0%/IRS 0%/Larvicide 0%,0;0.4;0.4_0;0;0_0;0;0_-100;2;5475_-100;2;5475_-100;2;5475,34.2,Incidence,9.37802364196826e-05
NbyGQVwzFc_loc12_loop6,12,ITN 0%/IRS 0%/Larvicide 0%,0;0.4;0.4_0;0;0_0;0;0_-100;2;5475_-100;2;5475_-100;2;5475,34.2027397260274,Incidence,9.38031459866236e-05
NbyGQVwzFc_loc12_loop6,12,ITN 0%/IRS 0%/Larvicide 0%,0;0.4;0.4_0;0;0_0;0;0_-100;2;5475_-100;2;5475_-100;2;5475,34.2054794520548,Incidence,9.38261616820811e-05
NbyGQVwzFc_loc12_loop6,12,ITN 0%/IRS 0%/Larvicide 0%,0;0.4;0.4_0;0;0_0;0;0_-100;2;5475_-100;2;5475_-100;2;5475,34.2082191780822,Incidence,9.38492834530537e-05
NbyGQVwzFc_loc12_loop6,12,ITN 0%/IRS 0%/Larvicide 0%,0;0.4;0.4_0;0;0_0;0;0_-100;2;5475_-100;2;5475_-100;2;5475,34.2109589041096,Incidence,9.38725112535566e-05
NbyGQVwzFc_loc12_loop6,12,ITN 0%/IRS 0%/Larvicide 0%,0;0.4;0.4_0;0;0_0;0;0_-100;2;5475_-100;2;5475_-100;2;5475,34.213698630137,Incidence,9.38958450283409e-05
NbyGQVwzFc_loc12_loop6,12,ITN 0%/IRS 0%/Larvicide 0%,0;0.4;0.4_0;0;0_0;0;0_-100;2;5475_-100;2;5475_-100;2;5475,34.2164383561644,Incidence,9.39192847198517e-05
NbyGQVwzFc_loc12_loop6,12,ITN 0%/IRS 0%/Larvicide 0%,0;0.4;0.4_0;0;0_0;0;0_-100;2;5475_-100;2;5475_-100;2;5475,34.2191780821918,Incidence,9.39428302705974e-05
NbyGQVwzFc_loc12_loop6,12,ITN 0%/IRS 0%/Larvicide 0%,0;0.4;0.4_0;0;0_0;0;0_-100;2;5475_-100;2;5475_-100;2;5475,34.2219178082192,Incidence,9.39664816231546e-05
NbyGQVwzFc_loc12_loop6,12,ITN 0%/IRS 0%/Larvicide 0%,0;0.4;0.4_0;0;0_0;0;0_-100;2;5475_-100;2;5475_-100;2;5475,34.2246575342466,Incidence,9.39902387201724e-05
NbyGQVwzFc_loc12_loop6,12,ITN 0%/IRS 0%/Larvicide 0%,0;0.4;0.4_0;0;0_0;0;0_-100;2;5475_-100;2;5475_-100;2;5475,34.227397260274,Incidence,9.40141015043763e-05
NbyGQVwzFc_loc12_loop6,12,ITN 0%/IRS 0%/Larvicide 0%,0;0.4;0.4_0;0;0_0;0;0_-100;2;5475_-100;2;5475_-100;2;5475,34.2301369863014,Incidence,9.40380699185725e-05
NbyGQVwzFc_loc12_loop6,12,ITN 0%/IRS 0%/Larvicide 0%,0;0.4;0.4_0;0;0_0;0;0_-100;2;5475_-100;2;5475_-100;2;5475,34.2328767123288,Incidence,9.4062143905651e-05
NbyGQVwzFc_loc12_loop6,12,ITN 0%/IRS 0%/Larvicide 0%,0;0.4;0.4_0;0;0_0;0;0_-100;2;5475_-100;2;5475_-100;2;5475,34.2356164383562,Incidence,9.40863234085907e-05
NbyGQVwzFc_loc12_loop6,12,ITN 0%/IRS 0%/Larvicide 0%,0;0.4;0.4_0;0;0_0;0;0_-100;2;5475_-100;2;5475_-100;2;5475,34.2383561643836,Incidence,9.41106083704616e-05
NbyGQVwzFc_loc12_loop6,12,ITN 0%/IRS 0%/Larvicide 0%,0;0.4;0.4_0;0;0_0;0;0_-100;2;5475_-100;2;5475_-100;2;5475,34.241095890411,Incidence,9.41349987344296e-05
NbyGQVwzFc_loc12_loop6,12,ITN 0%/IRS 0%/Larvicide 0%,0;0.4;0.4_0;0;0_0;0;0_-100;2;5475_-100;2;5475_-100;2;5475,34.2438356164384,Incidence,9.41594944437598e-05
NbyGQVwzFc_loc12_loop6,12,ITN 0%/IRS 0%/Larvicide 0%,0;0.4;0.4_0;0;0_0;0;0_-100;2;5475_-100;2;5475_-100;2;5475,34.2465753424658,Incidence,9.41840954418197e-05
NbyGQVwzFc_loc12_loop6,12,ITN 0%/IRS 0%/Larvicide 0%,0;0.4;0.4_0;0;0_0;0;0_-100;2;5475_-100;2;5475_-100;2;5475,34.2493150684932,Incidence,9.42088016720836e-05
NbyGQVwzFc_loc12_loop6,12,ITN 0%/IRS 0%/Larvicide 0%,0;0.4;0.4_0;0;0_0;0;0_-100;2;5475_-100;2;5475_-100;2;5475,34.2520547945206,Incidence,9.4233613078134e-05
NbyGQVwzFc_loc12_loop6,12,ITN 0%/IRS 0%/Larvicide 0%,0;0.4;0.4_0;0;0_0;0;0_-100;2;5475_-100;2;5475_-100;2;5475,34.2547945205479,Incidence,9.42585296036671e-05
NbyGQVwzFc_loc12_loop6,12,ITN 0%/IRS 0%/Larvicide 0%,0;0.4;0.4_0;0;0_0;0;0_-100;2;5475_-100;2;5475_-100;2;5475,34.2575342465753,Incidence,9.42835511924946e-05
NbyGQVwzFc_loc12_loop6,12,ITN 0%/IRS 0%/Larvicide 0%,0;0.4;0.4_0;0;0_0;0;0_-100;2;5475_-100;2;5475_-100;2;5475,34.2602739726027,Incidence,9.43086777885468e-05
NbyGQVwzFc_loc12_loop6,12,ITN 0%/IRS 0%/Larvicide 0%,0;0.4;0.4_0;0;0_0;0;0_-100;2;5475_-100;2;5475_-100;2;5475,34.2630136986301,Incidence,9.43339093358763e-05
NbyGQVwzFc_loc12_loop6,12,ITN 0%/IRS 0%/Larvicide 0%,0;0.4;0.4_0;0;0_0;0;0_-100;2;5475_-100;2;5475_-100;2;5475,34.2657534246575,Incidence,9.43592457786603e-05
NbyGQVwzFc_loc12_loop6,12,ITN 0%/IRS 0%/Larvicide 0%,0;0.4;0.4_0;0;0_0;0;0_-100;2;5475_-100;2;5475_-100;2;5475,34.2684931506849,Incidence,9.43846870612041e-05
NbyGQVwzFc_loc12_loop6,12,ITN 0%/IRS 0%/Larvicide 0%,0;0.4;0.4_0;0;0_0;0;0_-100;2;5475_-100;2;5475_-100;2;5475,34.2712328767123,Incidence,9.44102331292714e-05
NbyGQVwzFc_loc12_loop6,12,ITN 0%/IRS 0%/Larvicide 0%,0;0.4;0.4_0;0;0_0;0;0_-100;2;5475_-100;2;5475_-100;2;5475,34.2739726027397,Incidence,9.44358839344644e-05
NbyGQVwzFc_loc12_loop6,12,ITN 0%/IRS 0%/Larvicide 0%,0;0.4;0.4_0;0;0_0;0;0_-100;2;5475_-100;2;5475_-100;2;5475,34.2767123287671,Incidence,9.44616394192088e-05
NbyGQVwzFc_loc12_loop6,12,ITN 0%/IRS 0%/Larvicide 0%,0;0.4;0.4_0;0;0_0;0;0_-100;2;5475_-100;2;5475_-100;2;5475,34.2794520547945,Incidence,9.4487499524346e-05
NbyGQVwzFc_loc12_loop6,12,ITN 0%/IRS 0%/Larvicide 0%,0;0.4;0.4_0;0;0_0;0;0_-100;2;5475_-100;2;5475_-100;2;5475,34.2821917808219,Incidence,9.45134641908087e-05
NbyGQVwzFc_loc12_loop6,12,ITN 0%/IRS 0%/Larvicide 0%,0;0.4;0.4_0;0;0_0;0;0_-100;2;5475_-100;2;5475_-100;2;5475,34.2849315068493,Incidence,9.45395333596241e-05
NbyGQVwzFc_loc12_loop6,12,ITN 0%/IRS 0%/Larvicide 0%,0;0.4;0.4_0;0;0_0;0;0_-100;2;5475_-100;2;5475_-100;2;5475,34.2876712328767,Incidence,9.45657069719172e-05
NbyGQVwzFc_loc12_loop6,12,ITN 0%/IRS 0%/Larvicide 0%,0;0.4;0.4_0;0;0_0;0;0_-100;2;5475_-100;2;5475_-100;2;5475,34.2904109589041,Incidence,9.45919849689133e-05
NbyGQVwzFc_loc12_loop6,12,ITN 0%/IRS 0%/Larvicide 0%,0;0.4;0.4_0;0;0_0;0;0_-100;2;5475_-100;2;5475_-100;2;5475,34.2931506849315,Incidence,9.46183672919427e-05
NbyGQVwzFc_loc12_loop6,12,ITN 0%/IRS 0%/Larvicide 0%,0;0.4;0.4_0;0;0_0;0;0_-100;2;5475_-100;2;5475_-100;2;5475,34.2958904109589,Incidence,9.46448538824412e-05
NbyGQVwzFc_loc12_loop6,12,ITN 0%/IRS 0%/Larvicide 0%,0;0.4;0.4_0;0;0_0;0;0_-100;2;5475_-100;2;5475_-100;2;5475,34.2986301369863,Incidence,9.46714446819551e-05
NbyGQVwzFc_loc12_loop6,12,ITN 0%/IRS 0%/Larvicide 0%,0;0.4;0.4_0;0;0_0;0;0_-100;2;5475_-100;2;5475_-100;2;5475,34.3013698630137,Incidence,9.46981396321429e-05
NbyGQVwzFc_loc12_loop6,12,ITN 0%/IRS 0%/Larvicide 0%,0;0.4;0.4_0;0;0_0;0;0_-100;2;5475_-100;2;5475_-100;2;5475,34.3041095890411,Incidence,9.47249386747779e-05
NbyGQVwzFc_loc12_loop6,12,ITN 0%/IRS 0%/Larvicide 0%,0;0.4;0.4_0;0;0_0;0;0_-100;2;5475_-100;2;5475_-100;2;5475,34.3068493150685,Incidence,9.47518417517516e-05
NbyGQVwzFc_loc12_loop6,12,ITN 0%/IRS 0%/Larvicide 0%,0;0.4;0.4_0;0;0_0;0;0_-100;2;5475_-100;2;5475_-100;2;5475,34.3095890410959,Incidence,9.47788488050759e-05
NbyGQVwzFc_loc12_loop6,12,ITN 0%/IRS 0%/Larvicide 0%,0;0.4;0.4_0;0;0_0;0;0_-100;2;5475_-100;2;5475_-100;2;5475,34.3123287671233,Incidence,9.48059597768854e-05
NbyGQVwzFc_loc12_loop6,12,ITN 0%/IRS 0%/Larvicide 0%,0;0.4;0.4_0;0;0_0;0;0_-100;2;5475_-100;2;5475_-100;2;5475,34.3150684931507,Incidence,9.48331746094405e-05
NbyGQVwzFc_loc12_loop6,12,ITN 0%/IRS 0%/Larvicide 0%,0;0.4;0.4_0;0;0_0;0;0_-100;2;5475_-100;2;5475_-100;2;5475,34.3178082191781,Incidence,9.4860493245129e-05
NbyGQVwzFc_loc12_loop6,12,ITN 0%/IRS 0%/Larvicide 0%,0;0.4;0.4_0;0;0_0;0;0_-100;2;5475_-100;2;5475_-100;2;5475,34.3205479452055,Incidence,9.48879156264693e-05
NbyGQVwzFc_loc12_loop6,12,ITN 0%/IRS 0%/Larvicide 0%,0;0.4;0.4_0;0;0_0;0;0_-100;2;5475_-100;2;5475_-100;2;5475,34.3232876712329,Incidence,9.49154416961117e-05
NbyGQVwzFc_loc12_loop6,12,ITN 0%/IRS 0%/Larvicide 0%,0;0.4;0.4_0;0;0_0;0;0_-100;2;5475_-100;2;5475_-100;2;5475,34.3260273972603,Incidence,9.49430713968411e-05
NbyGQVwzFc_loc12_loop6,12,ITN 0%/IRS 0%/Larvicide 0%,0;0.4;0.4_0;0;0_0;0;0_-100;2;5475_-100;2;5475_-100;2;5475,34.3287671232877,Incidence,9.49708046715793e-05
NbyGQVwzFc_loc12_loop6,12,ITN 0%/IRS 0%/Larvicide 0%,0;0.4;0.4_0;0;0_0;0;0_-100;2;5475_-100;2;5475_-100;2;5475,34.3315068493151,Incidence,9.49986414633868e-05
NbyGQVwzFc_loc12_loop6,12,ITN 0%/IRS 0%/Larvicide 0%,0;0.4;0.4_0;0;0_0;0;0_-100;2;5475_-100;2;5475_-100;2;5475,34.3342465753425,Incidence,9.50265817154646e-05
NbyGQVwzFc_loc12_loop6,12,ITN 0%/IRS 0%/Larvicide 0%,0;0.4;0.4_0;0;0_0;0;0_-100;2;5475_-100;2;5475_-100;2;5475,34.3369863013699,Incidence,9.50546253753359e-05
NbyGQVwzFc_loc12_loop6,12,ITN 0%/IRS 0%/Larvicide 0%,0;0.4;0.4_0;0;0_0;0;0_-100;2;5475_-100;2;5475_-100;2;5475,34.3397260273973,Incidence,9.50827723895323e-05
NbyGQVwzFc_loc12_loop6,12,ITN 0%/IRS 0%/Larvicide 0%,0;0.4;0.4_0;0;0_0;0;0_-100;2;5475_-100;2;5475_-100;2;5475,34.3424657534247,Incidence,9.51110226976577e-05
NbyGQVwzFc_loc12_loop6,12,ITN 0%/IRS 0%/Larvicide 0%,0;0.4;0.4_0;0;0_0;0;0_-100;2;5475_-100;2;5475_-100;2;5475,34.3452054794521,Incidence,9.51393762393928e-05
NbyGQVwzFc_loc12_loop6,12,ITN 0%/IRS 0%/Larvicide 0%,0;0.4;0.4_0;0;0_0;0;0_-100;2;5475_-100;2;5475_-100;2;5475,34.3479452054795,Incidence,9.51678329545283e-05
NbyGQVwzFc_loc12_loop6,12,ITN 0%/IRS 0%/Larvicide 0%,0;0.4;0.4_0;0;0_0;0;0_-100;2;5475_-100;2;5475_-100;2;5475,34.3506849315069,Incidence,9.51963927829671e-05
NbyGQVwzFc_loc12_loop6,12,ITN 0%/IRS 0%/Larvicide 0%,0;0.4;0.4_0;0;0_0;0;0_-100;2;5475_-100;2;5475_-100;2;5475,34.3534246575343,Incidence,9.52250556647265e-05
NbyGQVwzFc_loc12_loop6,12,ITN 0%/IRS 0%/Larvicide 0%,0;0.4;0.4_0;0;0_0;0;0_-100;2;5475_-100;2;5475_-100;2;5475,34.3561643835616,Incidence,9.52538215399399e-05
NbyGQVwzFc_loc12_loop6,12,ITN 0%/IRS 0%/Larvicide 0%,0;0.4;0.4_0;0;0_0;0;0_-100;2;5475_-100;2;5475_-100;2;5475,34.358904109589,Incidence,9.52826903488603e-05
NbyGQVwzFc_loc12_loop6,12,ITN 0%/IRS 0%/Larvicide 0%,0;0.4;0.4_0;0;0_0;0;0_-100;2;5475_-100;2;5475_-100;2;5475,34.3616438356164,Incidence,9.53116620318609e-05
NbyGQVwzFc_loc12_loop6,12,ITN 0%/IRS 0%/Larvicide 0%,0;0.4;0.4_0;0;0_0;0;0_-100;2;5475_-100;2;5475_-100;2;5475,34.3643835616438,Incidence,9.53407365294378e-05
NbyGQVwzFc_loc12_loop6,12,ITN 0%/IRS 0%/Larvicide 0%,0;0.4;0.4_0;0;0_0;0;0_-100;2;5475_-100;2;5475_-100;2;5475,34.3671232876712,Incidence,9.53699137822124e-05
NbyGQVwzFc_loc12_loop6,12,ITN 0%/IRS 0%/Larvicide 0%,0;0.4;0.4_0;0;0_0;0;0_-100;2;5475_-100;2;5475_-100;2;5475,34.3698630136986,Incidence,9.53991937309325e-05
NbyGQVwzFc_loc12_loop6,12,ITN 0%/IRS 0%/Larvicide 0%,0;0.4;0.4_0;0;0_0;0;0_-100;2;5475_-100;2;5475_-100;2;5475,34.372602739726,Incidence,9.54285763164745e-05
NbyGQVwzFc_loc12_loop6,12,ITN 0%/IRS 0%/Larvicide 0%,0;0.4;0.4_0;0;0_0;0;0_-100;2;5475_-100;2;5475_-100;2;5475,34.3753424657534,Incidence,9.54580614798453e-05
NbyGQVwzFc_loc12_loop6,12,ITN 0%/IRS 0%/Larvicide 0%,0;0.4;0.4_0;0;0_0;0;0_-100;2;5475_-100;2;5475_-100;2;5475,34.3780821917808,Incidence,9.54876491621842e-05
NbyGQVwzFc_loc12_loop6,12,ITN 0%/IRS 0%/Larvicide 0%,0;0.4;0.4_0;0;0_0;0;0_-100;2;5475_-100;2;5475_-100;2;5475,34.3808219178082,Incidence,9.55173393047641e-05
NbyGQVwzFc_loc12_loop6,12,ITN 0%/IRS 0%/Larvicide 0%,0;0.4;0.4_0;0;0_0;0;0_-100;2;5475_-100;2;5475_-100;2;5475,34.3835616438356,Incidence,9.55471318489933e-05
NbyGQVwzFc_loc12_loop6,12,ITN 0%/IRS 0%/Larvicide 0%,0;0.4;0.4_0;0;0_0;0;0_-100;2;5475_-100;2;5475_-100;2;5475,34.386301369863,Incidence,9.55770267364177e-05
NbyGQVwzFc_loc12_loop6,12,ITN 0%/IRS 0%/Larvicide 0%,0;0.4;0.4_0;0;0_0;0;0_-100;2;5475_-100;2;5475_-100;2;5475,34.3890410958904,Incidence,9.56070239087213e-05
NbyGQVwzFc_loc12_loop6,12,ITN 0%/IRS 0%/Larvicide 0%,0;0.4;0.4_0;0;0_0;0;0_-100;2;5475_-100;2;5475_-100;2;5475,34.3917808219178,Incidence,9.56371233077285e-05
NbyGQVwzFc_loc12_loop6,12,ITN 0%/IRS 0%/Larvicide 0%,0;0.4;0.4_0;0;0_0;0;0_-100;2;5475_-100;2;5475_-100;2;5475,34.3945205479452,Incidence,9.56673248754047e-05
NbyGQVwzFc_loc12_loop6,12,ITN 0%/IRS 0%/Larvicide 0%,0;0.4;0.4_0;0;0_0;0;0_-100;2;5475_-100;2;5475_-100;2;5475,34.3972602739726,Incidence,9.56976285538584e-05
NbyGQVwzFc_loc12_loop6,12,ITN 0%/IRS 0%/Larvicide 0%,0;0.4;0.4_0;0;0_0;0;0_-100;2;5475_-100;2;5475_-100;2;5475,34.4,Incidence,9.57280342853424e-05
NbyGQVwzFc_loc12_loop6,12,ITN 0%/IRS 0%/Larvicide 0%,0;0.4;0.4_0;0;0_0;0;0_-100;2;5475_-100;2;5475_-100;2;5475,34.4027397260274,Incidence,9.57585420144463e-05
NbyGQVwzFc_loc12_loop6,12,ITN 0%/IRS 0%/Larvicide 0%,0;0.4;0.4_0;0;0_0;0;0_-100;2;5475_-100;2;5475_-100;2;5475,34.4054794520548,Incidence,9.57891516882634e-05
NbyGQVwzFc_loc12_loop6,12,ITN 0%/IRS 0%/Larvicide 0%,0;0.4;0.4_0;0;0_0;0;0_-100;2;5475_-100;2;5475_-100;2;5475,34.4082191780822,Incidence,9.58198632458895e-05
NbyGQVwzFc_loc12_loop6,12,ITN 0%/IRS 0%/Larvicide 0%,0;0.4;0.4_0;0;0_0;0;0_-100;2;5475_-100;2;5475_-100;2;5475,34.4109589041096,Incidence,9.58506766260462e-05
NbyGQVwzFc_loc12_loop6,12,ITN 0%/IRS 0%/Larvicide 0%,0;0.4;0.4_0;0;0_0;0;0_-100;2;5475_-100;2;5475_-100;2;5475,34.413698630137,Incidence,9.58815917675726e-05
NbyGQVwzFc_loc12_loop6,12,ITN 0%/IRS 0%/Larvicide 0%,0;0.4;0.4_0;0;0_0;0;0_-100;2;5475_-100;2;5475_-100;2;5475,34.4164383561644,Incidence,9.59126086094278e-05
NbyGQVwzFc_loc12_loop6,12,ITN 0%/IRS 0%/Larvicide 0%,0;0.4;0.4_0;0;0_0;0;0_-100;2;5475_-100;2;5475_-100;2;5475,34.4191780821918,Incidence,9.59437270906917e-05
NbyGQVwzFc_loc12_loop6,12,ITN 0%/IRS 0%/Larvicide 0%,0;0.4;0.4_0;0;0_0;0;0_-100;2;5475_-100;2;5475_-100;2;5475,34.4219178082192,Incidence,9.59749471505672e-05
NbyGQVwzFc_loc12_loop6,12,ITN 0%/IRS 0%/Larvicide 0%,0;0.4;0.4_0;0;0_0;0;0_-100;2;5475_-100;2;5475_-100;2;5475,34.4246575342466,Incidence,9.60062687283813e-05
NbyGQVwzFc_loc12_loop6,12,ITN 0%/IRS 0%/Larvicide 0%,0;0.4;0.4_0;0;0_0;0;0_-100;2;5475_-100;2;5475_-100;2;5475,34.427397260274,Incidence,9.60376917635866e-05
NbyGQVwzFc_loc12_loop6,12,ITN 0%/IRS 0%/Larvicide 0%,0;0.4;0.4_0;0;0_0;0;0_-100;2;5475_-100;2;5475_-100;2;5475,34.4301369863014,Incidence,9.60692161957624e-05
NbyGQVwzFc_loc12_loop6,12,ITN 0%/IRS 0%/Larvicide 0%,0;0.4;0.4_0;0;0_0;0;0_-100;2;5475_-100;2;5475_-100;2;5475,34.4328767123288,Incidence,9.61008419646164e-05
NbyGQVwzFc_loc12_loop6,12,ITN 0%/IRS 0%/Larvicide 0%,0;0.4;0.4_0;0;0_0;0;0_-100;2;5475_-100;2;5475_-100;2;5475,34.4356164383562,Incidence,9.6132569009986e-05
NbyGQVwzFc_loc12_loop6,12,ITN 0%/IRS 0%/Larvicide 0%,0;0.4;0.4_0;0;0_0;0;0_-100;2;5475_-100;2;5475_-100;2;5475,34.4383561643836,Incidence,9.61643972718393e-05
NbyGQVwzFc_loc12_loop6,12,ITN 0%/IRS 0%/Larvicide 0%,0;0.4;0.4_0;0;0_0;0;0_-100;2;5475_-100;2;5475_-100;2;5475,34.441095890411,Incidence,9.61963266902757e-05
NbyGQVwzFc_loc12_loop6,12,ITN 0%/IRS 0%/Larvicide 0%,0;0.4;0.4_0;0;0_0;0;0_-100;2;5475_-100;2;5475_-100;2;5475,34.4438356164384,Incidence,9.62283572055282e-05
NbyGQVwzFc_loc12_loop6,12,ITN 0%/IRS 0%/Larvicide 0%,0;0.4;0.4_0;0;0_0;0;0_-100;2;5475_-100;2;5475_-100;2;5475,34.4465753424658,Incidence,9.6260488757964e-05
NbyGQVwzFc_loc12_loop6,12,ITN 0%/IRS 0%/Larvicide 0%,0;0.4;0.4_0;0;0_0;0;0_-100;2;5475_-100;2;5475_-100;2;5475,34.4493150684932,Incidence,9.62927212880851e-05
NbyGQVwzFc_loc12_loop6,12,ITN 0%/IRS 0%/Larvicide 0%,0;0.4;0.4_0;0;0_0;0;0_-100;2;5475_-100;2;5475_-100;2;5475,34.4520547945206,Incidence,9.632505473653e-05
NbyGQVwzFc_loc12_loop6,12,ITN 0%/IRS 0%/Larvicide 0%,0;0.4;0.4_0;0;0_0;0;0_-100;2;5475_-100;2;5475_-100;2;5475,34.4547945205479,Incidence,9.63574890440739e-05
NbyGQVwzFc_loc12_loop6,12,ITN 0%/IRS 0%/Larvicide 0%,0;0.4;0.4_0;0;0_0;0;0_-100;2;5475_-100;2;5475_-100;2;5475,34.4575342465753,Incidence,9.63900241516301e-05
NbyGQVwzFc_loc12_loop6,12,ITN 0%/IRS 0%/Larvicide 0%,0;0.4;0.4_0;0;0_0;0;0_-100;2;5475_-100;2;5475_-100;2;5475,34.4602739726027,Incidence,9.64226600002508e-05
NbyGQVwzFc_loc12_loop6,12,ITN 0%/IRS 0%/Larvicide 0%,0;0.4;0.4_0;0;0_0;0;0_-100;2;5475_-100;2;5475_-100;2;5475,34.4630136986301,Incidence,9.64553965311277e-05
NbyGQVwzFc_loc12_loop6,12,ITN 0%/IRS 0%/Larvicide 0%,0;0.4;0.4_0;0;0_0;0;0_-100;2;5475_-100;2;5475_-100;2;5475,34.4657534246575,Incidence,9.64882336855927e-05
NbyGQVwzFc_loc12_loop6,12,ITN 0%/IRS 0%/Larvicide 0%,0;0.4;0.4_0;0;0_0;0;0_-100;2;5475_-100;2;5475_-100;2;5475,34.4684931506849,Incidence,9.65211714051186e-05
NbyGQVwzFc_loc12_loop6,12,ITN 0%/IRS 0%/Larvicide 0%,0;0.4;0.4_0;0;0_0;0;0_-100;2;5475_-100;2;5475_-100;2;5475,34.4712328767123,Incidence,9.6554209633554e-05
NbyGQVwzFc_loc12_loop6,12,ITN 0%/IRS 0%/Larvicide 0%,0;0.4;0.4_0;0;0_0;0;0_-100;2;5475_-100;2;5475_-100;2;5475,34.4739726027397,Incidence,9.65873483162437e-05
NbyGQVwzFc_loc12_loop6,12,ITN 0%/IRS 0%/Larvicide 0%,0;0.4;0.4_0;0;0_0;0;0_-100;2;5475_-100;2;5475_-100;2;5475,34.4767123287671,Incidence,9.66205873913325e-05
NbyGQVwzFc_loc12_loop6,12,ITN 0%/IRS 0%/Larvicide 0%,0;0.4;0.4_0;0;0_0;0;0_-100;2;5475_-100;2;5475_-100;2;5475,34.4794520547945,Incidence,9.66539267967639e-05
NbyGQVwzFc_loc12_loop6,12,ITN 0%/IRS 0%/Larvicide 0%,0;0.4;0.4_0;0;0_0;0;0_-100;2;5475_-100;2;5475_-100;2;5475,34.4821917808219,Incidence,9.66873664706009e-05
NbyGQVwzFc_loc12_loop6,12,ITN 0%/IRS 0%/Larvicide 0%,0;0.4;0.4_0;0;0_0;0;0_-100;2;5475_-100;2;5475_-100;2;5475,34.4849315068493,Incidence,9.67209063510271e-05
NbyGQVwzFc_loc12_loop6,12,ITN 0%/IRS 0%/Larvicide 0%,0;0.4;0.4_0;0;0_0;0;0_-100;2;5475_-100;2;5475_-100;2;5475,34.4876712328767,Incidence,9.67545463763475e-05
NbyGQVwzFc_loc12_loop6,12,ITN 0%/IRS 0%/Larvicide 0%,0;0.4;0.4_0;0;0_0;0;0_-100;2;5475_-100;2;5475_-100;2;5475,34.4904109589041,Incidence,9.67882864849896e-05
NbyGQVwzFc_loc12_loop6,12,ITN 0%/IRS 0%/Larvicide 0%,0;0.4;0.4_0;0;0_0;0;0_-100;2;5475_-100;2;5475_-100;2;5475,34.4931506849315,Incidence,9.68221266155044e-05
NbyGQVwzFc_loc12_loop6,12,ITN 0%/IRS 0%/Larvicide 0%,0;0.4;0.4_0;0;0_0;0;0_-100;2;5475_-100;2;5475_-100;2;5475,34.4958904109589,Incidence,9.68560667065663e-05
NbyGQVwzFc_loc12_loop6,12,ITN 0%/IRS 0%/Larvicide 0%,0;0.4;0.4_0;0;0_0;0;0_-100;2;5475_-100;2;5475_-100;2;5475,34.4986301369863,Incidence,9.68901066969752e-05
NbyGQVwzFc_loc12_loop6,12,ITN 0%/IRS 0%/Larvicide 0%,0;0.4;0.4_0;0;0_0;0;0_-100;2;5475_-100;2;5475_-100;2;5475,34.5013698630137,Incidence,9.69242465256568e-05
NbyGQVwzFc_loc12_loop6,12,ITN 0%/IRS 0%/Larvicide 0%,0;0.4;0.4_0;0;0_0;0;0_-100;2;5475_-100;2;5475_-100;2;5475,34.5041095890411,Incidence,9.69584861316624e-05
NbyGQVwzFc_loc12_loop6,12,ITN 0%/IRS 0%/Larvicide 0%,0;0.4;0.4_0;0;0_0;0;0_-100;2;5475_-100;2;5475_-100;2;5475,34.5068493150685,Incidence,9.69928254541716e-05
NbyGQVwzFc_loc12_loop6,12,ITN 0%/IRS 0%/Larvicide 0%,0;0.4;0.4_0;0;0_0;0;0_-100;2;5475_-100;2;5475_-100;2;5475,34.5095890410959,Incidence,9.70272644324902e-05
NbyGQVwzFc_loc12_loop6,12,ITN 0%/IRS 0%/Larvicide 0%,0;0.4;0.4_0;0;0_0;0;0_-100;2;5475_-100;2;5475_-100;2;5475,34.5123287671233,Incidence,9.70618030060532e-05
NbyGQVwzFc_loc12_loop6,12,ITN 0%/IRS 0%/Larvicide 0%,0;0.4;0.4_0;0;0_0;0;0_-100;2;5475_-100;2;5475_-100;2;5475,34.5150684931507,Incidence,9.70964411144237e-05
NbyGQVwzFc_loc12_loop6,12,ITN 0%/IRS 0%/Larvicide 0%,0;0.4;0.4_0;0;0_0;0;0_-100;2;5475_-100;2;5475_-100;2;5475,34.5178082191781,Incidence,9.71311786972953e-05
NbyGQVwzFc_loc12_loop6,12,ITN 0%/IRS 0%/Larvicide 0%,0;0.4;0.4_0;0;0_0;0;0_-100;2;5475_-100;2;5475_-100;2;5475,34.5205479452055,Incidence,9.71660156944903e-05
NbyGQVwzFc_loc12_loop6,12,ITN 0%/IRS 0%/Larvicide 0%,0;0.4;0.4_0;0;0_0;0;0_-100;2;5475_-100;2;5475_-100;2;5475,34.5232876712329,Incidence,9.7200952045962e-05
NbyGQVwzFc_loc12_loop6,12,ITN 0%/IRS 0%/Larvicide 0%,0;0.4;0.4_0;0;0_0;0;0_-100;2;5475_-100;2;5475_-100;2;5475,34.5260273972603,Incidence,9.72359876917942e-05
NbyGQVwzFc_loc12_loop6,12,ITN 0%/IRS 0%/Larvicide 0%,0;0.4;0.4_0;0;0_0;0;0_-100;2;5475_-100;2;5475_-100;2;5475,34.5287671232877,Incidence,9.72711225722011e-05
NbyGQVwzFc_loc12_loop6,12,ITN 0%/IRS 0%/Larvicide 0%,0;0.4;0.4_0;0;0_0;0;0_-100;2;5475_-100;2;5475_-100;2;5475,34.5315068493151,Incidence,9.73063566275291e-05
NbyGQVwzFc_loc12_loop6,12,ITN 0%/IRS 0%/Larvicide 0%,0;0.4;0.4_0;0;0_0;0;0_-100;2;5475_-100;2;5475_-100;2;5475,34.5342465753425,Incidence,9.73416897982559e-05
NbyGQVwzFc_loc12_loop6,12,ITN 0%/IRS 0%/Larvicide 0%,0;0.4;0.4_0;0;0_0;0;0_-100;2;5475_-100;2;5475_-100;2;5475,34.5369863013699,Incidence,9.73771220249907e-05
NbyGQVwzFc_loc12_loop6,12,ITN 0%/IRS 0%/Larvicide 0%,0;0.4;0.4_0;0;0_0;0;0_-100;2;5475_-100;2;5475_-100;2;5475,34.5397260273973,Incidence,9.74126532484764e-05
NbyGQVwzFc_loc12_loop6,12,ITN 0%/IRS 0%/Larvicide 0%,0;0.4;0.4_0;0;0_0;0;0_-100;2;5475_-100;2;5475_-100;2;5475,34.5424657534247,Incidence,9.74482834131487e-05
NbyGQVwzFc_loc12_loop6,12,ITN 0%/IRS 0%/Larvicide 0%,0;0.4;0.4_0;0;0_0;0;0_-100;2;5475_-100;2;5475_-100;2;5475,34.5452054794521,Incidence,9.74840124606512e-05
NbyGQVwzFc_loc12_loop6,12,ITN 0%/IRS 0%/Larvicide 0%,0;0.4;0.4_0;0;0_0;0;0_-100;2;5475_-100;2;5475_-100;2;5475,34.5479452054795,Incidence,9.7519840328101e-05
NbyGQVwzFc_loc12_loop6,12,ITN 0%/IRS 0%/Larvicide 0%,0;0.4;0.4_0;0;0_0;0;0_-100;2;5475_-100;2;5475_-100;2;5475,34.5506849315069,Incidence,9.75557669527295e-05
NbyGQVwzFc_loc12_loop6,12,ITN 0%/IRS 0%/Larvicide 0%,0;0.4;0.4_0;0;0_0;0;0_-100;2;5475_-100;2;5475_-100;2;5475,34.5534246575342,Incidence,9.7591792271883e-05
NbyGQVwzFc_loc12_loop6,12,ITN 0%/IRS 0%/Larvicide 0%,0;0.4;0.4_0;0;0_0;0;0_-100;2;5475_-100;2;5475_-100;2;5475,34.5561643835616,Incidence,9.76279162230233e-05
NbyGQVwzFc_loc12_loop6,12,ITN 0%/IRS 0%/Larvicide 0%,0;0.4;0.4_0;0;0_0;0;0_-100;2;5475_-100;2;5475_-100;2;5475,34.558904109589,Incidence,9.76641387437273e-05
NbyGQVwzFc_loc12_loop6,12,ITN 0%/IRS 0%/Larvicide 0%,0;0.4;0.4_0;0;0_0;0;0_-100;2;5475_-100;2;5475_-100;2;5475,34.5616438356164,Incidence,9.77004597716891e-05
NbyGQVwzFc_loc12_loop6,12,ITN 0%/IRS 0%/Larvicide 0%,0;0.4;0.4_0;0;0_0;0;0_-100;2;5475_-100;2;5475_-100;2;5475,34.5643835616438,Incidence,9.77368792447187e-05
NbyGQVwzFc_loc12_loop6,12,ITN 0%/IRS 0%/Larvicide 0%,0;0.4;0.4_0;0;0_0;0;0_-100;2;5475_-100;2;5475_-100;2;5475,34.5671232876712,Incidence,9.77733971007434e-05
NbyGQVwzFc_loc12_loop6,12,ITN 0%/IRS 0%/Larvicide 0%,0;0.4;0.4_0;0;0_0;0;0_-100;2;5475_-100;2;5475_-100;2;5475,34.5698630136986,Incidence,9.78100132778078e-05
NbyGQVwzFc_loc12_loop6,12,ITN 0%/IRS 0%/Larvicide 0%,0;0.4;0.4_0;0;0_0;0;0_-100;2;5475_-100;2;5475_-100;2;5475,34.572602739726,Incidence,9.78467277140738e-05
NbyGQVwzFc_loc12_loop6,12,ITN 0%/IRS 0%/Larvicide 0%,0;0.4;0.4_0;0;0_0;0;0_-100;2;5475_-100;2;5475_-100;2;5475,34.5753424657534,Incidence,9.78835403478216e-05
NbyGQVwzFc_loc12_loop6,12,ITN 0%/IRS 0%/Larvicide 0%,0;0.4;0.4_0;0;0_0;0;0_-100;2;5475_-100;2;5475_-100;2;5475,34.5780821917808,Incidence,9.79204511174491e-05
NbyGQVwzFc_loc12_loop6,12,ITN 0%/IRS 0%/Larvicide 0%,0;0.4;0.4_0;0;0_0;0;0_-100;2;5475_-100;2;5475_-100;2;5475,34.5808219178082,Incidence,9.79574599614726e-05
NbyGQVwzFc_loc12_loop6,12,ITN 0%/IRS 0%/Larvicide 0%,0;0.4;0.4_0;0;0_0;0;0_-100;2;5475_-100;2;5475_-100;2;5475,34.5835616438356,Incidence,9.79945668185263e-05
NbyGQVwzFc_loc12_loop6,12,ITN 0%/IRS 0%/Larvicide 0%,0;0.4;0.4_0;0;0_0;0;0_-100;2;5475_-100;2;5475_-100;2;5475,34.586301369863,Incidence,9.80317716273629e-05
NbyGQVwzFc_loc12_loop6,12,ITN 0%/IRS 0%/Larvicide 0%,0;0.4;0.4_0;0;0_0;0;0_-100;2;5475_-100;2;5475_-100;2;5475,34.5890410958904,Incidence,9.80690743268547e-05
NbyGQVwzFc_loc12_loop6,12,ITN 0%/IRS 0%/Larvicide 0%,0;0.4;0.4_0;0;0_0;0;0_-100;2;5475_-100;2;5475_-100;2;5475,34.5917808219178,Incidence,9.81064748559915e-05
NbyGQVwzFc_loc12_loop6,12,ITN 0%/IRS 0%/Larvicide 0%,0;0.4;0.4_0;0;0_0;0;0_-100;2;5475_-100;2;5475_-100;2;5475,34.5945205479452,Incidence,9.81439731538824e-05
NbyGQVwzFc_loc12_loop6,12,ITN 0%/IRS 0%/Larvicide 0%,0;0.4;0.4_0;0;0_0;0;0_-100;2;5475_-100;2;5475_-100;2;5475,34.5972602739726,Incidence,9.81815691597551e-05
NbyGQVwzFc_loc12_loop6,12,ITN 0%/IRS 0%/Larvicide 0%,0;0.4;0.4_0;0;0_0;0;0_-100;2;5475_-100;2;5475_-100;2;5475,34.6,Incidence,9.82192628129559e-05
NbyGQVwzFc_loc12_loop6,12,ITN 0%/IRS 0%/Larvicide 0%,0;0.4;0.4_0;0;0_0;0;0_-100;2;5475_-100;2;5475_-100;2;5475,34.6027397260274,Incidence,9.82570540529497e-05
NbyGQVwzFc_loc12_loop6,12,ITN 0%/IRS 0%/Larvicide 0%,0;0.4;0.4_0;0;0_0;0;0_-100;2;5475_-100;2;5475_-100;2;5475,34.6054794520548,Incidence,9.82949428193196e-05
NbyGQVwzFc_loc12_loop6,12,ITN 0%/IRS 0%/Larvicide 0%,0;0.4;0.4_0;0;0_0;0;0_-100;2;5475_-100;2;5475_-100;2;5475,34.6082191780822,Incidence,9.83329290517674e-05
NbyGQVwzFc_loc12_loop6,12,ITN 0%/IRS 0%/Larvicide 0%,0;0.4;0.4_0;0;0_0;0;0_-100;2;5475_-100;2;5475_-100;2;5475,34.6109589041096,Incidence,9.8371012690113e-05
NbyGQVwzFc_loc12_loop6,12,ITN 0%/IRS 0%/Larvicide 0%,0;0.4;0.4_0;0;0_0;0;0_-100;2;5475_-100;2;5475_-100;2;5475,34.613698630137,Incidence,9.84091936750173e-05
NbyGQVwzFc_loc12_loop6,12,ITN 0%/IRS 0%/Larvicide 0%,0;0.4;0.4_0;0;0_0;0;0_-100;2;5475_-100;2;5475_-100;2;5475,34.6164383561644,Incidence,9.84474719502501e-05
NbyGQVwzFc_loc12_loop6,12,ITN 0%/IRS 0%/Larvicide 0%,0;0.4;0.4_0;0;0_0;0;0_-100;2;5475_-100;2;5475_-100;2;5475,34.6191780821918,Incidence,9.84858474532508e-05
NbyGQVwzFc_loc12_loop6,12,ITN 0%/IRS 0%/Larvicide 0%,0;0.4;0.4_0;0;0_0;0;0_-100;2;5475_-100;2;5475_-100;2;5475,34.6219178082192,Incidence,9.85243201203822e-05
NbyGQVwzFc_loc12_loop6,12,ITN 0%/IRS 0%/Larvicide 0%,0;0.4;0.4_0;0;0_0;0;0_-100;2;5475_-100;2;5475_-100;2;5475,34.6246575342466,Incidence,9.85628898881114e-05
NbyGQVwzFc_loc12_loop6,12,ITN 0%/IRS 0%/Larvicide 0%,0;0.4;0.4_0;0;0_0;0;0_-100;2;5475_-100;2;5475_-100;2;5475,34.627397260274,Incidence,9.86015566930101e-05
NbyGQVwzFc_loc12_loop6,12,ITN 0%/IRS 0%/Larvicide 0%,0;0.4;0.4_0;0;0_0;0;0_-100;2;5475_-100;2;5475_-100;2;5475,34.6301369863014,Incidence,9.86403204717551e-05
NbyGQVwzFc_loc12_loop6,12,ITN 0%/IRS 0%/Larvicide 0%,0;0.4;0.4_0;0;0_0;0;0_-100;2;5475_-100;2;5475_-100;2;5475,34.6328767123288,Incidence,9.86791811611282e-05
NbyGQVwzFc_loc12_loop6,12,ITN 0%/IRS 0%/Larvicide 0%,0;0.4;0.4_0;0;0_0;0;0_-100;2;5475_-100;2;5475_-100;2;5475,34.6356164383562,Incidence,9.87181386980158e-05
NbyGQVwzFc_loc12_loop6,12,ITN 0%/IRS 0%/Larvicide 0%,0;0.4;0.4_0;0;0_0;0;0_-100;2;5475_-100;2;5475_-100;2;5475,34.6383561643836,Incidence,9.87571930194091e-05
NbyGQVwzFc_loc12_loop6,12,ITN 0%/IRS 0%/Larvicide 0%,0;0.4;0.4_0;0;0_0;0;0_-100;2;5475_-100;2;5475_-100;2;5475,34.641095890411,Incidence,9.87963440624042e-05
NbyGQVwzFc_loc12_loop6,12,ITN 0%/IRS 0%/Larvicide 0%,0;0.4;0.4_0;0;0_0;0;0_-100;2;5475_-100;2;5475_-100;2;5475,34.6438356164384,Incidence,9.88355917642025e-05
NbyGQVwzFc_loc12_loop6,12,ITN 0%/IRS 0%/Larvicide 0%,0;0.4;0.4_0;0;0_0;0;0_-100;2;5475_-100;2;5475_-100;2;5475,34.6465753424658,Incidence,9.8874936062109e-05
NbyGQVwzFc_loc12_loop6,12,ITN 0%/IRS 0%/Larvicide 0%,0;0.4;0.4_0;0;0_0;0;0_-100;2;5475_-100;2;5475_-100;2;5475,34.6493150684932,Incidence,9.89143768935344e-05
NbyGQVwzFc_loc12_loop6,12,ITN 0%/IRS 0%/Larvicide 0%,0;0.4;0.4_0;0;0_0;0;0_-100;2;5475_-100;2;5475_-100;2;5475,34.6520547945205,Incidence,9.89539141959926e-05
NbyGQVwzFc_loc12_loop6,12,ITN 0%/IRS 0%/Larvicide 0%,0;0.4;0.4_0;0;0_0;0;0_-100;2;5475_-100;2;5475_-100;2;5475,34.6547945205479,Incidence,9.89935479071028e-05
NbyGQVwzFc_loc12_loop6,12,ITN 0%/IRS 0%/Larvicide 0%,0;0.4;0.4_0;0;0_0;0;0_-100;2;5475_-100;2;5475_-100;2;5475,34.6575342465754,Incidence,9.90332779645873e-05
NbyGQVwzFc_loc12_loop6,12,ITN 0%/IRS 0%/Larvicide 0%,0;0.4;0.4_0;0;0_0;0;0_-100;2;5475_-100;2;5475_-100;2;5475,34.6602739726027,Incidence,9.90731043062725e-05
NbyGQVwzFc_loc12_loop6,12,ITN 0%/IRS 0%/Larvicide 0%,0;0.4;0.4_0;0;0_0;0;0_-100;2;5475_-100;2;5475_-100;2;5475,34.6630136986301,Incidence,9.91130268700882e-05
NbyGQVwzFc_loc12_loop6,12,ITN 0%/IRS 0%/Larvicide 0%,0;0.4;0.4_0;0;0_0;0;0_-100;2;5475_-100;2;5475_-100;2;5475,34.6657534246575,Incidence,9.91530455940679e-05
NbyGQVwzFc_loc12_loop6,12,ITN 0%/IRS 0%/Larvicide 0%,0;0.4;0.4_0;0;0_0;0;0_-100;2;5475_-100;2;5475_-100;2;5475,34.6684931506849,Incidence,9.91931604163476e-05
NbyGQVwzFc_loc12_loop6,12,ITN 0%/IRS 0%/Larvicide 0%,0;0.4;0.4_0;0;0_0;0;0_-100;2;5475_-100;2;5475_-100;2;5475,34.6712328767123,Incidence,9.92333712751661e-05
NbyGQVwzFc_loc12_loop6,12,ITN 0%/IRS 0%/Larvicide 0%,0;0.4;0.4_0;0;0_0;0;0_-100;2;5475_-100;2;5475_-100;2;5475,34.6739726027397,Incidence,9.92736781088647e-05
NbyGQVwzFc_loc12_loop6,12,ITN 0%/IRS 0%/Larvicide 0%,0;0.4;0.4_0;0;0_0;0;0_-100;2;5475_-100;2;5475_-100;2;5475,34.6767123287671,Incidence,9.93140808558862e-05
NbyGQVwzFc_loc12_loop6,12,ITN 0%/IRS 0%/Larvicide 0%,0;0.4;0.4_0;0;0_0;0;0_-100;2;5475_-100;2;5475_-100;2;5475,34.6794520547945,Incidence,9.93545794547751e-05
NbyGQVwzFc_loc12_loop6,12,ITN 0%/IRS 0%/Larvicide 0%,0;0.4;0.4_0;0;0_0;0;0_-100;2;5475_-100;2;5475_-100;2;5475,34.6821917808219,Incidence,9.93951738441768e-05
NbyGQVwzFc_loc12_loop6,12,ITN 0%/IRS 0%/Larvicide 0%,0;0.4;0.4_0;0;0_0;0;0_-100;2;5475_-100;2;5475_-100;2;5475,34.6849315068493,Incidence,9.94358639628377e-05
NbyGQVwzFc_loc12_loop6,12,ITN 0%/IRS 0%/Larvicide 0%,0;0.4;0.4_0;0;0_0;0;0_-100;2;5475_-100;2;5475_-100;2;5475,34.6876712328767,Incidence,9.94766497496044e-05
NbyGQVwzFc_loc12_loop6,12,ITN 0%/IRS 0%/Larvicide 0%,0;0.4;0.4_0;0;0_0;0;0_-100;2;5475_-100;2;5475_-100;2;5475,34.6904109589041,Incidence,9.95175311461422e-05
NbyGQVwzFc_loc12_loop6,12,ITN 0%/IRS 0%/Larvicide 0%,0;0.4;0.4_0;0;0_0;0;0_-100;2;5475_-100;2;5475_-100;2;5475,34.6931506849315,Incidence,9.95585080915574e-05
NbyGQVwzFc_loc12_loop6,12,ITN 0%/IRS 0%/Larvicide 0%,0;0.4;0.4_0;0;0_0;0;0_-100;2;5475_-100;2;5475_-100;2;5475,34.6958904109589,Incidence,9.95995805212057e-05
NbyGQVwzFc_loc12_loop6,12,ITN 0%/IRS 0%/Larvicide 0%,0;0.4;0.4_0;0;0_0;0;0_-100;2;5475_-100;2;5475_-100;2;5475,34.6986301369863,Incidence,9.96407483705334e-05
NbyGQVwzFc_loc12_loop6,12,ITN 0%/IRS 0%/Larvicide 0%,0;0.4;0.4_0;0;0_0;0;0_-100;2;5475_-100;2;5475_-100;2;5475,34.7013698630137,Incidence,9.96820115750767e-05
NbyGQVwzFc_loc12_loop6,12,ITN 0%/IRS 0%/Larvicide 0%,0;0.4;0.4_0;0;0_0;0;0_-100;2;5475_-100;2;5475_-100;2;5475,34.7041095890411,Incidence,9.97233700704618e-05
NbyGQVwzFc_loc12_loop6,12,ITN 0%/IRS 0%/Larvicide 0%,0;0.4;0.4_0;0;0_0;0;0_-100;2;5475_-100;2;5475_-100;2;5475,34.7068493150685,Incidence,9.97648237924052e-05
NbyGQVwzFc_loc12_loop6,12,ITN 0%/IRS 0%/Larvicide 0%,0;0.4;0.4_0;0;0_0;0;0_-100;2;5475_-100;2;5475_-100;2;5475,34.7095890410959,Incidence,9.98063726767118e-05
NbyGQVwzFc_loc12_loop6,12,ITN 0%/IRS 0%/Larvicide 0%,0;0.4;0.4_0;0;0_0;0;0_-100;2;5475_-100;2;5475_-100;2;5475,34.7123287671233,Incidence,9.98480166592767e-05
NbyGQVwzFc_loc12_loop6,12,ITN 0%/IRS 0%/Larvicide 0%,0;0.4;0.4_0;0;0_0;0;0_-100;2;5475_-100;2;5475_-100;2;5475,34.7150684931507,Incidence,9.98897556760838e-05
NbyGQVwzFc_loc12_loop6,12,ITN 0%/IRS 0%/Larvicide 0%,0;0.4;0.4_0;0;0_0;0;0_-100;2;5475_-100;2;5475_-100;2;5475,34.7178082191781,Incidence,9.99315896632045e-05
NbyGQVwzFc_loc12_loop6,12,ITN 0%/IRS 0%/Larvicide 0%,0;0.4;0.4_0;0;0_0;0;0_-100;2;5475_-100;2;5475_-100;2;5475,34.7205479452055,Incidence,9.99735185567992e-05
NbyGQVwzFc_loc12_loop6,12,ITN 0%/IRS 0%/Larvicide 0%,0;0.4;0.4_0;0;0_0;0;0_-100;2;5475_-100;2;5475_-100;2;5475,34.7232876712329,Incidence,0.000100015542293115
NbyGQVwzFc_loc12_loop6,12,ITN 0%/IRS 0%/Larvicide 0%,0;0.4;0.4_0;0;0_0;0;0_-100;2;5475_-100;2;5475_-100;2;5475,34.7260273972603,Incidence,0.000100057660808488
NbyGQVwzFc_loc12_loop6,12,ITN 0%/IRS 0%/Larvicide 0%,0;0.4;0.4_0;0;0_0;0;0_-100;2;5475_-100;2;5475_-100;2;5475,34.7287671232877,Incidence,0.00010009987403934
NbyGQVwzFc_loc12_loop6,12,ITN 0%/IRS 0%/Larvicide 0%,0;0.4;0.4_0;0;0_0;0;0_-100;2;5475_-100;2;5475_-100;2;5475,34.7315068493151,Incidence,0.000100142181922179
NbyGQVwzFc_loc12_loop6,12,ITN 0%/IRS 0%/Larvicide 0%,0;0.4;0.4_0;0;0_0;0;0_-100;2;5475_-100;2;5475_-100;2;5475,34.7342465753425,Incidence,0.000100184584393598
NbyGQVwzFc_loc12_loop6,12,ITN 0%/IRS 0%/Larvicide 0%,0;0.4;0.4_0;0;0_0;0;0_-100;2;5475_-100;2;5475_-100;2;5475,34.7369863013699,Incidence,0.000100227081390279
NbyGQVwzFc_loc12_loop6,12,ITN 0%/IRS 0%/Larvicide 0%,0;0.4;0.4_0;0;0_0;0;0_-100;2;5475_-100;2;5475_-100;2;5475,34.7397260273973,Incidence,0.000100269672848984
NbyGQVwzFc_loc12_loop6,12,ITN 0%/IRS 0%/Larvicide 0%,0;0.4;0.4_0;0;0_0;0;0_-100;2;5475_-100;2;5475_-100;2;5475,34.7424657534247,Incidence,0.000100312358706563
NbyGQVwzFc_loc12_loop6,12,ITN 0%/IRS 0%/Larvicide 0%,0;0.4;0.4_0;0;0_0;0;0_-100;2;5475_-100;2;5475_-100;2;5475,34.7452054794521,Incidence,0.000100355138899948
NbyGQVwzFc_loc12_loop6,12,ITN 0%/IRS 0%/Larvicide 0%,0;0.4;0.4_0;0;0_0;0;0_-100;2;5475_-100;2;5475_-100;2;5475,34.7479452054795,Incidence,0.000100398013366156
NbyGQVwzFc_loc12_loop6,12,ITN 0%/IRS 0%/Larvicide 0%,0;0.4;0.4_0;0;0_0;0;0_-100;2;5475_-100;2;5475_-100;2;5475,34.7506849315069,Incidence,0.000100440982042286
NbyGQVwzFc_loc12_loop6,12,ITN 0%/IRS 0%/Larvicide 0%,0;0.4;0.4_0;0;0_0;0;0_-100;2;5475_-100;2;5475_-100;2;5475,34.7534246575342,Incidence,0.000100484044865516
NbyGQVwzFc_loc12_loop6,12,ITN 0%/IRS 0%/Larvicide 0%,0;0.4;0.4_0;0;0_0;0;0_-100;2;5475_-100;2;5475_-100;2;5475,34.7561643835616,Incidence,0.000100527201773111
NbyGQVwzFc_loc12_loop6,12,ITN 0%/IRS 0%/Larvicide 0%,0;0.4;0.4_0;0;0_0;0;0_-100;2;5475_-100;2;5475_-100;2;5475,34.758904109589,Incidence,0.000100570452702412
NbyGQVwzFc_loc12_loop6,12,ITN 0%/IRS 0%/Larvicide 0%,0;0.4;0.4_0;0;0_0;0;0_-100;2;5475_-100;2;5475_-100;2;5475,34.7616438356164,Incidence,0.000100613797590842
NbyGQVwzFc_loc12_loop6,12,ITN 0%/IRS 0%/Larvicide 0%,0;0.4;0.4_0;0;0_0;0;0_-100;2;5475_-100;2;5475_-100;2;5475,34.7643835616438,Incidence,0.000100657236375903
NbyGQVwzFc_loc12_loop6,12,ITN 0%/IRS 0%/Larvicide 0%,0;0.4;0.4_0;0;0_0;0;0_-100;2;5475_-100;2;5475_-100;2;5475,34.7671232876712,Incidence,0.00010070076899607
NbyGQVwzFc_loc12_loop6,12,ITN 0%/IRS 0%/Larvicide 0%,0;0.4;0.4_0;0;0_0;0;0_-100;2;5475_-100;2;5475_-100;2;5475,34.7698630136986,Incidence,0.000100744395391259
NbyGQVwzFc_loc12_loop6,12,ITN 0%/IRS 0%/Larvicide 0%,0;0.4;0.4_0;0;0_0;0;0_-100;2;5475_-100;2;5475_-100;2;5475,34.772602739726,Incidence,0.000100788115496109
NbyGQVwzFc_loc12_loop6,12,ITN 0%/IRS 0%/Larvicide 0%,0;0.4;0.4_0;0;0_0;0;0_-100;2;5475_-100;2;5475_-100;2;5475,34.7753424657534,Incidence,0.000100831929244808
NbyGQVwzFc_loc12_loop6,12,ITN 0%/IRS 0%/Larvicide 0%,0;0.4;0.4_0;0;0_0;0;0_-100;2;5475_-100;2;5475_-100;2;5475,34.7780821917808,Incidence,0.000100875836571616
NbyGQVwzFc_loc12_loop6,12,ITN 0%/IRS 0%/Larvicide 0%,0;0.4;0.4_0;0;0_0;0;0_-100;2;5475_-100;2;5475_-100;2;5475,34.7808219178082,Incidence,0.000100919837410864
NbyGQVwzFc_loc12_loop6,12,ITN 0%/IRS 0%/Larvicide 0%,0;0.4;0.4_0;0;0_0;0;0_-100;2;5475_-100;2;5475_-100;2;5475,34.7835616438356,Incidence,0.000100963931696957
NbyGQVwzFc_loc12_loop6,12,ITN 0%/IRS 0%/Larvicide 0%,0;0.4;0.4_0;0;0_0;0;0_-100;2;5475_-100;2;5475_-100;2;5475,34.786301369863,Incidence,0.000101008119364367
NbyGQVwzFc_loc12_loop6,12,ITN 0%/IRS 0%/Larvicide 0%,0;0.4;0.4_0;0;0_0;0;0_-100;2;5475_-100;2;5475_-100;2;5475,34.7890410958904,Incidence,0.000101052400347641
NbyGQVwzFc_loc12_loop6,12,ITN 0%/IRS 0%/Larvicide 0%,0;0.4;0.4_0;0;0_0;0;0_-100;2;5475_-100;2;5475_-100;2;5475,34.7917808219178,Incidence,0.000101096774581393
NbyGQVwzFc_loc12_loop6,12,ITN 0%/IRS 0%/Larvicide 0%,0;0.4;0.4_0;0;0_0;0;0_-100;2;5475_-100;2;5475_-100;2;5475,34.7945205479452,Incidence,0.000101141242000307
NbyGQVwzFc_loc12_loop6,12,ITN 0%/IRS 0%/Larvicide 0%,0;0.4;0.4_0;0;0_0;0;0_-100;2;5475_-100;2;5475_-100;2;5475,34.7972602739726,Incidence,0.000101185802539136
NbyGQVwzFc_loc12_loop6,12,ITN 0%/IRS 0%/Larvicide 0%,0;0.4;0.4_0;0;0_0;0;0_-100;2;5475_-100;2;5475_-100;2;5475,34.8,Incidence,0.000101230456132702
NbyGQVwzFc_loc12_loop6,12,ITN 0%/IRS 0%/Larvicide 0%,0;0.4;0.4_0;0;0_0;0;0_-100;2;5475_-100;2;5475_-100;2;5475,34.8027397260274,Incidence,0.000101275202715892
NbyGQVwzFc_loc12_loop6,12,ITN 0%/IRS 0%/Larvicide 0%,0;0.4;0.4_0;0;0_0;0;0_-100;2;5475_-100;2;5475_-100;2;5475,34.8054794520548,Incidence,0.000101320042223664
NbyGQVwzFc_loc12_loop6,12,ITN 0%/IRS 0%/Larvicide 0%,0;0.4;0.4_0;0;0_0;0;0_-100;2;5475_-100;2;5475_-100;2;5475,34.8082191780822,Incidence,0.000101364974591037
NbyGQVwzFc_loc12_loop6,12,ITN 0%/IRS 0%/Larvicide 0%,0;0.4;0.4_0;0;0_0;0;0_-100;2;5475_-100;2;5475_-100;2;5475,34.8109589041096,Incidence,0.000101409999753101
NbyGQVwzFc_loc12_loop6,12,ITN 0%/IRS 0%/Larvicide 0%,0;0.4;0.4_0;0;0_0;0;0_-100;2;5475_-100;2;5475_-100;2;5475,34.813698630137,Incidence,0.000101455117645008
NbyGQVwzFc_loc12_loop6,12,ITN 0%/IRS 0%/Larvicide 0%,0;0.4;0.4_0;0;0_0;0;0_-100;2;5475_-100;2;5475_-100;2;5475,34.8164383561644,Incidence,0.000101500328201974
NbyGQVwzFc_loc12_loop6,12,ITN 0%/IRS 0%/Larvicide 0%,0;0.4;0.4_0;0;0_0;0;0_-100;2;5475_-100;2;5475_-100;2;5475,34.8191780821918,Incidence,0.000101545631359279
NbyGQVwzFc_loc12_loop6,12,ITN 0%/IRS 0%/Larvicide 0%,0;0.4;0.4_0;0;0_0;0;0_-100;2;5475_-100;2;5475_-100;2;5475,34.8219178082192,Incidence,0.000101591027052267
NbyGQVwzFc_loc12_loop6,12,ITN 0%/IRS 0%/Larvicide 0%,0;0.4;0.4_0;0;0_0;0;0_-100;2;5475_-100;2;5475_-100;2;5475,34.8246575342466,Incidence,0.000101636515216343
NbyGQVwzFc_loc12_loop6,12,ITN 0%/IRS 0%/Larvicide 0%,0;0.4;0.4_0;0;0_0;0;0_-100;2;5475_-100;2;5475_-100;2;5475,34.827397260274,Incidence,0.000101682095786973
NbyGQVwzFc_loc12_loop6,12,ITN 0%/IRS 0%/Larvicide 0%,0;0.4;0.4_0;0;0_0;0;0_-100;2;5475_-100;2;5475_-100;2;5475,34.8301369863014,Incidence,0.000101727768699684
NbyGQVwzFc_loc12_loop6,12,ITN 0%/IRS 0%/Larvicide 0%,0;0.4;0.4_0;0;0_0;0;0_-100;2;5475_-100;2;5475_-100;2;5475,34.8328767123288,Incidence,0.000101773533890064
NbyGQVwzFc_loc12_loop6,12,ITN 0%/IRS 0%/Larvicide 0%,0;0.4;0.4_0;0;0_0;0;0_-100;2;5475_-100;2;5475_-100;2;5475,34.8356164383562,Incidence,0.000101819391293758
NbyGQVwzFc_loc12_loop6,12,ITN 0%/IRS 0%/Larvicide 0%,0;0.4;0.4_0;0;0_0;0;0_-100;2;5475_-100;2;5475_-100;2;5475,34.8383561643836,Incidence,0.00010186534084647
NbyGQVwzFc_loc12_loop6,12,ITN 0%/IRS 0%/Larvicide 0%,0;0.4;0.4_0;0;0_0;0;0_-100;2;5475_-100;2;5475_-100;2;5475,34.841095890411,Incidence,0.000101911382483962
NbyGQVwzFc_loc12_loop6,12,ITN 0%/IRS 0%/Larvicide 0%,0;0.4;0.4_0;0;0_0;0;0_-100;2;5475_-100;2;5475_-100;2;5475,34.8438356164384,Incidence,0.000101957516142052
NbyGQVwzFc_loc12_loop6,12,ITN 0%/IRS 0%/Larvicide 0%,0;0.4;0.4_0;0;0_0;0;0_-100;2;5475_-100;2;5475_-100;2;5475,34.8465753424658,Incidence,0.000102003741756648
NbyGQVwzFc_loc12_loop6,12,ITN 0%/IRS 0%/Larvicide 0%,0;0.4;0.4_0;0;0_0;0;0_-100;2;5475_-100;2;5475_-100;2;5475,34.8493150684932,Incidence,0.000102050059265947
NbyGQVwzFc_loc12_loop6,12,ITN 0%/IRS 0%/Larvicide 0%,0;0.4;0.4_0;0;0_0;0;0_-100;2;5475_-100;2;5475_-100;2;5475,34.8520547945206,Incidence,0.000102096468604853
NbyGQVwzFc_loc12_loop6,12,ITN 0%/IRS 0%/Larvicide 0%,0;0.4;0.4_0;0;0_0;0;0_-100;2;5475_-100;2;5475_-100;2;5475,34.854794520548,Incidence,0.000102142969705968
NbyGQVwzFc_loc12_loop6,12,ITN 0%/IRS 0%/Larvicide 0%,0;0.4;0.4_0;0;0_0;0;0_-100;2;5475_-100;2;5475_-100;2;5475,34.8575342465753,Incidence,0.000102189562501946
NbyGQVwzFc_loc12_loop6,12,ITN 0%/IRS 0%/Larvicide 0%,0;0.4;0.4_0;0;0_0;0;0_-100;2;5475_-100;2;5475_-100;2;5475,34.8602739726027,Incidence,0.000102236246925496
NbyGQVwzFc_loc12_loop6,12,ITN 0%/IRS 0%/Larvicide 0%,0;0.4;0.4_0;0;0_0;0;0_-100;2;5475_-100;2;5475_-100;2;5475,34.8630136986301,Incidence,0.000102283022909375
NbyGQVwzFc_loc12_loop6,12,ITN 0%/IRS 0%/Larvicide 0%,0;0.4;0.4_0;0;0_0;0;0_-100;2;5475_-100;2;5475_-100;2;5475,34.8657534246575,Incidence,0.000102329890386391
NbyGQVwzFc_loc12_loop6,12,ITN 0%/IRS 0%/Larvicide 0%,0;0.4;0.4_0;0;0_0;0;0_-100;2;5475_-100;2;5475_-100;2;5475,34.8684931506849,Incidence,0.000102376849289402
NbyGQVwzFc_loc12_loop6,12,ITN 0%/IRS 0%/Larvicide 0%,0;0.4;0.4_0;0;0_0;0;0_-100;2;5475_-100;2;5475_-100;2;5475,34.8712328767123,Incidence,0.000102423899551315
NbyGQVwzFc_loc12_loop6,12,ITN 0%/IRS 0%/Larvicide 0%,0;0.4;0.4_0;0;0_0;0;0_-100;2;5475_-100;2;5475_-100;2;5475,34.8739726027397,Incidence,0.000102471041105084
NbyGQVwzFc_loc12_loop6,12,ITN 0%/IRS 0%/Larvicide 0%,0;0.4;0.4_0;0;0_0;0;0_-100;2;5475_-100;2;5475_-100;2;5475,34.8767123287671,Incidence,0.000102518273883712
NbyGQVwzFc_loc12_loop6,12,ITN 0%/IRS 0%/Larvicide 0%,0;0.4;0.4_0;0;0_0;0;0_-100;2;5475_-100;2;5475_-100;2;5475,34.8794520547945,Incidence,0.000102565597820249
NbyGQVwzFc_loc12_loop6,12,ITN 0%/IRS 0%/Larvicide 0%,0;0.4;0.4_0;0;0_0;0;0_-100;2;5475_-100;2;5475_-100;2;5475,34.8821917808219,Incidence,0.000102613012847788
NbyGQVwzFc_loc12_loop6,12,ITN 0%/IRS 0%/Larvicide 0%,0;0.4;0.4_0;0;0_0;0;0_-100;2;5475_-100;2;5475_-100;2;5475,34.8849315068493,Incidence,0.00010266051889947
NbyGQVwzFc_loc12_loop6,12,ITN 0%/IRS 0%/Larvicide 0%,0;0.4;0.4_0;0;0_0;0;0_-100;2;5475_-100;2;5475_-100;2;5475,34.8876712328767,Incidence,0.000102708115908481
NbyGQVwzFc_loc12_loop6,12,ITN 0%/IRS 0%/Larvicide 0%,0;0.4;0.4_0;0;0_0;0;0_-100;2;5475_-100;2;5475_-100;2;5475,34.8904109589041,Incidence,0.000102755803808047
NbyGQVwzFc_loc12_loop6,12,ITN 0%/IRS 0%/Larvicide 0%,0;0.4;0.4_0;0;0_0;0;0_-100;2;5475_-100;2;5475_-100;2;5475,34.8931506849315,Incidence,0.00010280358253144
NbyGQVwzFc_loc12_loop6,12,ITN 0%/IRS 0%/Larvicide 0%,0;0.4;0.4_0;0;0_0;0;0_-100;2;5475_-100;2;5475_-100;2;5475,34.8958904109589,Incidence,0.000102851452011973
NbyGQVwzFc_loc12_loop6,12,ITN 0%/IRS 0%/Larvicide 0%,0;0.4;0.4_0;0;0_0;0;0_-100;2;5475_-100;2;5475_-100;2;5475,34.8986301369863,Incidence,0.000102899412183001
NbyGQVwzFc_loc12_loop6,12,ITN 0%/IRS 0%/Larvicide 0%,0;0.4;0.4_0;0;0_0;0;0_-100;2;5475_-100;2;5475_-100;2;5475,34.9013698630137,Incidence,0.000102947462977917
NbyGQVwzFc_loc12_loop6,12,ITN 0%/IRS 0%/Larvicide 0%,0;0.4;0.4_0;0;0_0;0;0_-100;2;5475_-100;2;5475_-100;2;5475,34.9041095890411,Incidence,0.000102995604330154
NbyGQVwzFc_loc12_loop6,12,ITN 0%/IRS 0%/Larvicide 0%,0;0.4;0.4_0;0;0_0;0;0_-100;2;5475_-100;2;5475_-100;2;5475,34.9068493150685,Incidence,0.000103043836173187
NbyGQVwzFc_loc12_loop6,12,ITN 0%/IRS 0%/Larvicide 0%,0;0.4;0.4_0;0;0_0;0;0_-100;2;5475_-100;2;5475_-100;2;5475,34.9095890410959,Incidence,0.000103092158440525
NbyGQVwzFc_loc12_loop6,12,ITN 0%/IRS 0%/Larvicide 0%,0;0.4;0.4_0;0;0_0;0;0_-100;2;5475_-100;2;5475_-100;2;5475,34.9123287671233,Incidence,0.000103140571065715
NbyGQVwzFc_loc12_loop6,12,ITN 0%/IRS 0%/Larvicide 0%,0;0.4;0.4_0;0;0_0;0;0_-100;2;5475_-100;2;5475_-100;2;5475,34.9150684931507,Incidence,0.000103189073982341
NbyGQVwzFc_loc12_loop6,12,ITN 0%/IRS 0%/Larvicide 0%,0;0.4;0.4_0;0;0_0;0;0_-100;2;5475_-100;2;5475_-100;2;5475,34.9178082191781,Incidence,0.000103237667124021
NbyGQVwzFc_loc12_loop6,12,ITN 0%/IRS 0%/Larvicide 0%,0;0.4;0.4_0;0;0_0;0;0_-100;2;5475_-100;2;5475_-100;2;5475,34.9205479452055,Incidence,0.000103286350424407
NbyGQVwzFc_loc12_loop6,12,ITN 0%/IRS 0%/Larvicide 0%,0;0.4;0.4_0;0;0_0;0;0_-100;2;5475_-100;2;5475_-100;2;5475,34.9232876712329,Incidence,0.000103335123817185
NbyGQVwzFc_loc12_loop6,12,ITN 0%/IRS 0%/Larvicide 0%,0;0.4;0.4_0;0;0_0;0;0_-100;2;5475_-100;2;5475_-100;2;5475,34.9260273972603,Incidence,0.000103383987236074
NbyGQVwzFc_loc12_loop6,12,ITN 0%/IRS 0%/Larvicide 0%,0;0.4;0.4_0;0;0_0;0;0_-100;2;5475_-100;2;5475_-100;2;5475,34.9287671232877,Incidence,0.000103432940614822
NbyGQVwzFc_loc12_loop6,12,ITN 0%/IRS 0%/Larvicide 0%,0;0.4;0.4_0;0;0_0;0;0_-100;2;5475_-100;2;5475_-100;2;5475,34.9315068493151,Incidence,0.000103481983887684
NbyGQVwzFc_loc12_loop6,12,ITN 0%/IRS 0%/Larvicide 0%,0;0.4;0.4_0;0;0_0;0;0_-100;2;5475_-100;2;5475_-100;2;5475,34.9342465753425,Incidence,0.000103531116990127
NbyGQVwzFc_loc12_loop6,12,ITN 0%/IRS 0%/Larvicide 0%,0;0.4;0.4_0;0;0_0;0;0_-100;2;5475_-100;2;5475_-100;2;5475,34.9369863013699,Incidence,0.000103580339853383
NbyGQVwzFc_loc12_loop6,12,ITN 0%/IRS 0%/Larvicide 0%,0;0.4;0.4_0;0;0_0;0;0_-100;2;5475_-100;2;5475_-100;2;5475,34.9397260273973,Incidence,0.000103629652408099
NbyGQVwzFc_loc12_loop6,12,ITN 0%/IRS 0%/Larvicide 0%,0;0.4;0.4_0;0;0_0;0;0_-100;2;5475_-100;2;5475_-100;2;5475,34.9424657534247,Incidence,0.000103679054584952
NbyGQVwzFc_loc12_loop6,12,ITN 0%/IRS 0%/Larvicide 0%,0;0.4;0.4_0;0;0_0;0;0_-100;2;5475_-100;2;5475_-100;2;5475,34.9452054794521,Incidence,0.000103728546314647
NbyGQVwzFc_loc12_loop6,12,ITN 0%/IRS 0%/Larvicide 0%,0;0.4;0.4_0;0;0_0;0;0_-100;2;5475_-100;2;5475_-100;2;5475,34.9479452054795,Incidence,0.000103778127527918
NbyGQVwzFc_loc12_loop6,12,ITN 0%/IRS 0%/Larvicide 0%,0;0.4;0.4_0;0;0_0;0;0_-100;2;5475_-100;2;5475_-100;2;5475,34.9506849315069,Incidence,0.000103827798155527
NbyGQVwzFc_loc12_loop6,12,ITN 0%/IRS 0%/Larvicide 0%,0;0.4;0.4_0;0;0_0;0;0_-100;2;5475_-100;2;5475_-100;2;5475,34.9534246575343,Incidence,0.00010387755812826
NbyGQVwzFc_loc12_loop6,12,ITN 0%/IRS 0%/Larvicide 0%,0;0.4;0.4_0;0;0_0;0;0_-100;2;5475_-100;2;5475_-100;2;5475,34.9561643835616,Incidence,0.000103927407376931
NbyGQVwzFc_loc12_loop6,12,ITN 0%/IRS 0%/Larvicide 0%,0;0.4;0.4_0;0;0_0;0;0_-100;2;5475_-100;2;5475_-100;2;5475,34.958904109589,Incidence,0.000103977345832379
NbyGQVwzFc_loc12_loop6,12,ITN 0%/IRS 0%/Larvicide 0%,0;0.4;0.4_0;0;0_0;0;0_-100;2;5475_-100;2;5475_-100;2;5475,34.9616438356164,Incidence,0.000104027373425465
NbyGQVwzFc_loc12_loop6,12,ITN 0%/IRS 0%/Larvicide 0%,0;0.4;0.4_0;0;0_0;0;0_-100;2;5475_-100;2;5475_-100;2;5475,34.9643835616438,Incidence,0.000104077490087074
NbyGQVwzFc_loc12_loop6,12,ITN 0%/IRS 0%/Larvicide 0%,0;0.4;0.4_0;0;0_0;0;0_-100;2;5475_-100;2;5475_-100;2;5475,34.9671232876712,Incidence,0.000104127695748115
NbyGQVwzFc_loc12_loop6,12,ITN 0%/IRS 0%/Larvicide 0%,0;0.4;0.4_0;0;0_0;0;0_-100;2;5475_-100;2;5475_-100;2;5475,34.9698630136986,Incidence,0.000104177990339517
NbyGQVwzFc_loc12_loop6,12,ITN 0%/IRS 0%/Larvicide 0%,0;0.4;0.4_0;0;0_0;0;0_-100;2;5475_-100;2;5475_-100;2;5475,34.972602739726,Incidence,0.000104228373792228
NbyGQVwzFc_loc12_loop6,12,ITN 0%/IRS 0%/Larvicide 0%,0;0.4;0.4_0;0;0_0;0;0_-100;2;5475_-100;2;5475_-100;2;5475,34.9753424657534,Incidence,0.00010427884603722
NbyGQVwzFc_loc12_loop6,12,ITN 0%/IRS 0%/Larvicide 0%,0;0.4;0.4_0;0;0_0;0;0_-100;2;5475_-100;2;5475_-100;2;5475,34.9780821917808,Incidence,0.000104329407005479
NbyGQVwzFc_loc12_loop6,12,ITN 0%/IRS 0%/Larvicide 0%,0;0.4;0.4_0;0;0_0;0;0_-100;2;5475_-100;2;5475_-100;2;5475,34.9808219178082,Incidence,0.000104380056628012
NbyGQVwzFc_loc12_loop6,12,ITN 0%/IRS 0%/Larvicide 0%,0;0.4;0.4_0;0;0_0;0;0_-100;2;5475_-100;2;5475_-100;2;5475,34.9835616438356,Incidence,0.000104430794835842
NbyGQVwzFc_loc12_loop6,12,ITN 0%/IRS 0%/Larvicide 0%,0;0.4;0.4_0;0;0_0;0;0_-100;2;5475_-100;2;5475_-100;2;5475,34.986301369863,Incidence,0.000104481621560008
NbyGQVwzFc_loc12_loop6,12,ITN 0%/IRS 0%/Larvicide 0%,0;0.4;0.4_0;0;0_0;0;0_-100;2;5475_-100;2;5475_-100;2;5475,34.9890410958904,Incidence,0.000104532536731566
NbyGQVwzFc_loc12_loop6,12,ITN 0%/IRS 0%/Larvicide 0%,0;0.4;0.4_0;0;0_0;0;0_-100;2;5475_-100;2;5475_-100;2;5475,34.9917808219178,Incidence,0.000104583540281583
NbyGQVwzFc_loc12_loop6,12,ITN 0%/IRS 0%/Larvicide 0%,0;0.4;0.4_0;0;0_0;0;0_-100;2;5475_-100;2;5475_-100;2;5475,34.9945205479452,Incidence,0.000104634632141141
NbyGQVwzFc_loc12_loop6,12,ITN 0%/IRS 0%/Larvicide 0%,0;0.4;0.4_0;0;0_0;0;0_-100;2;5475_-100;2;5475_-100;2;5475,34.9972602739726,Incidence,0.000104685812241336
NbyGQVwzFc_loc12_loop6,12,ITN 0%/IRS 0%/Larvicide 0%,0;0.4;0.4_0;0;0_0;0;0_-100;2;5475_-100;2;5475_-100;2;5475,35,Incidence,0.000104737080513274
NbyGQVwzFc_loc12_loop6,12,ITN 0%/IRS 0%/Larvicide 0%,0;0.4;0.4_0;0;0_0;0;0_-100;2;5475_-100;2;5475_-100;2;5475,35.0027397260274,Incidence,0.000104788436888072
NbyGQVwzFc_loc12_loop6,12,ITN 0%/IRS 0%/Larvicide 0%,0;0.4;0.4_0;0;0_0;0;0_-100;2;5475_-100;2;5475_-100;2;5475,35.0054794520548,Incidence,0.000104839881296853
NbyGQVwzFc_loc12_loop6,12,ITN 0%/IRS 0%/Larvicide 0%,0;0.4;0.4_0;0;0_0;0;0_-100;2;5475_-100;2;5475_-100;2;5475,35.0082191780822,Incidence,0.000104891413670755
NbyGQVwzFc_loc12_loop6,12,ITN 0%/IRS 0%/Larvicide 0%,0;0.4;0.4_0;0;0_0;0;0_-100;2;5475_-100;2;5475_-100;2;5475,35.0109589041096,Incidence,0.000104943033940919
NbyGQVwzFc_loc12_loop6,12,ITN 0%/IRS 0%/Larvicide 0%,0;0.4;0.4_0;0;0_0;0;0_-100;2;5475_-100;2;5475_-100;2;5475,35.013698630137,Incidence,0.000104994742038495
NbyGQVwzFc_loc12_loop6,12,ITN 0%/IRS 0%/Larvicide 0%,0;0.4;0.4_0;0;0_0;0;0_-100;2;5475_-100;2;5475_-100;2;5475,35.0164383561644,Incidence,0.000105046537894637
NbyGQVwzFc_loc12_loop6,12,ITN 0%/IRS 0%/Larvicide 0%,0;0.4;0.4_0;0;0_0;0;0_-100;2;5475_-100;2;5475_-100;2;5475,35.0191780821918,Incidence,0.000105098421441087
NbyGQVwzFc_loc12_loop6,12,ITN 0%/IRS 0%/Larvicide 0%,0;0.4;0.4_0;0;0_0;0;0_-100;2;5475_-100;2;5475_-100;2;5475,35.0219178082192,Incidence,0.000105150392609959
NbyGQVwzFc_loc12_loop6,12,ITN 0%/IRS 0%/Larvicide 0%,0;0.4;0.4_0;0;0_0;0;0_-100;2;5475_-100;2;5475_-100;2;5475,35.0246575342466,Incidence,0.000105202451329728
NbyGQVwzFc_loc12_loop6,12,ITN 0%/IRS 0%/Larvicide 0%,0;0.4;0.4_0;0;0_0;0;0_-100;2;5475_-100;2;5475_-100;2;5475,35.027397260274,Incidence,0.000105254597528574
NbyGQVwzFc_loc12_loop6,12,ITN 0%/IRS 0%/Larvicide 0%,0;0.4;0.4_0;0;0_0;0;0_-100;2;5475_-100;2;5475_-100;2;5475,35.0301369863014,Incidence,0.000105306831134685
NbyGQVwzFc_loc12_loop6,12,ITN 0%/IRS 0%/Larvicide 0%,0;0.4;0.4_0;0;0_0;0;0_-100;2;5475_-100;2;5475_-100;2;5475,35.0328767123288,Incidence,0.000105359152076253
NbyGQVwzFc_loc12_loop6,12,ITN 0%/IRS 0%/Larvicide 0%,0;0.4;0.4_0;0;0_0;0;0_-100;2;5475_-100;2;5475_-100;2;5475,35.0356164383562,Incidence,0.000105411560232421
NbyGQVwzFc_loc12_loop6,12,ITN 0%/IRS 0%/Larvicide 0%,0;0.4;0.4_0;0;0_0;0;0_-100;2;5475_-100;2;5475_-100;2;5475,35.0383561643836,Incidence,0.000105464055654504
NbyGQVwzFc_loc12_loop6,12,ITN 0%/IRS 0%/Larvicide 0%,0;0.4;0.4_0;0;0_0;0;0_-100;2;5475_-100;2;5475_-100;2;5475,35.041095890411,Incidence,0.000105516638190651
NbyGQVwzFc_loc12_loop6,12,ITN 0%/IRS 0%/Larvicide 0%,0;0.4;0.4_0;0;0_0;0;0_-100;2;5475_-100;2;5475_-100;2;5475,35.0438356164384,Incidence,0.000105569307740464
NbyGQVwzFc_loc12_loop6,12,ITN 0%/IRS 0%/Larvicide 0%,0;0.4;0.4_0;0;0_0;0;0_-100;2;5475_-100;2;5475_-100;2;5475,35.0465753424658,Incidence,0.000105622064283124
NbyGQVwzFc_loc12_loop6,12,ITN 0%/IRS 0%/Larvicide 0%,0;0.4;0.4_0;0;0_0;0;0_-100;2;5475_-100;2;5475_-100;2;5475,35.0493150684932,Incidence,0.00010567490774237
NbyGQVwzFc_loc12_loop6,12,ITN 0%/IRS 0%/Larvicide 0%,0;0.4;0.4_0;0;0_0;0;0_-100;2;5475_-100;2;5475_-100;2;5475,35.0520547945206,Incidence,0.000105727838022321
NbyGQVwzFc_loc12_loop6,12,ITN 0%/IRS 0%/Larvicide 0%,0;0.4;0.4_0;0;0_0;0;0_-100;2;5475_-100;2;5475_-100;2;5475,35.0547945205479,Incidence,0.000105780855060352
NbyGQVwzFc_loc12_loop6,12,ITN 0%/IRS 0%/Larvicide 0%,0;0.4;0.4_0;0;0_0;0;0_-100;2;5475_-100;2;5475_-100;2;5475,35.0575342465753,Incidence,0.000105833958787214
NbyGQVwzFc_loc12_loop6,12,ITN 0%/IRS 0%/Larvicide 0%,0;0.4;0.4_0;0;0_0;0;0_-100;2;5475_-100;2;5475_-100;2;5475,35.0602739726027,Incidence,0.000105887149276637
NbyGQVwzFc_loc12_loop6,12,ITN 0%/IRS 0%/Larvicide 0%,0;0.4;0.4_0;0;0_0;0;0_-100;2;5475_-100;2;5475_-100;2;5475,35.0630136986301,Incidence,0.000105940426034769
NbyGQVwzFc_loc12_loop6,12,ITN 0%/IRS 0%/Larvicide 0%,0;0.4;0.4_0;0;0_0;0;0_-100;2;5475_-100;2;5475_-100;2;5475,35.0657534246575,Incidence,0.000105993789375207
NbyGQVwzFc_loc12_loop6,12,ITN 0%/IRS 0%/Larvicide 0%,0;0.4;0.4_0;0;0_0;0;0_-100;2;5475_-100;2;5475_-100;2;5475,35.0684931506849,Incidence,0.00010604723923213
NbyGQVwzFc_loc12_loop6,12,ITN 0%/IRS 0%/Larvicide 0%,0;0.4;0.4_0;0;0_0;0;0_-100;2;5475_-100;2;5475_-100;2;5475,35.0712328767123,Incidence,0.000106100775286646
NbyGQVwzFc_loc12_loop6,12,ITN 0%/IRS 0%/Larvicide 0%,0;0.4;0.4_0;0;0_0;0;0_-100;2;5475_-100;2;5475_-100;2;5475,35.0739726027397,Incidence,0.00010615439761071
NbyGQVwzFc_loc12_loop6,12,ITN 0%/IRS 0%/Larvicide 0%,0;0.4;0.4_0;0;0_0;0;0_-100;2;5475_-100;2;5475_-100;2;5475,35.0767123287671,Incidence,0.000106208106198031
NbyGQVwzFc_loc12_loop6,12,ITN 0%/IRS 0%/Larvicide 0%,0;0.4;0.4_0;0;0_0;0;0_-100;2;5475_-100;2;5475_-100;2;5475,35.0794520547945,Incidence,0.000106261900847525
NbyGQVwzFc_loc12_loop6,12,ITN 0%/IRS 0%/Larvicide 0%,0;0.4;0.4_0;0;0_0;0;0_-100;2;5475_-100;2;5475_-100;2;5475,35.0821917808219,Incidence,0.000106315781526322
NbyGQVwzFc_loc12_loop6,12,ITN 0%/IRS 0%/Larvicide 0%,0;0.4;0.4_0;0;0_0;0;0_-100;2;5475_-100;2;5475_-100;2;5475,35.0849315068493,Incidence,0.000106369748216144
NbyGQVwzFc_loc12_loop6,12,ITN 0%/IRS 0%/Larvicide 0%,0;0.4;0.4_0;0;0_0;0;0_-100;2;5475_-100;2;5475_-100;2;5475,35.0876712328767,Incidence,0.000106423800788606
NbyGQVwzFc_loc12_loop6,12,ITN 0%/IRS 0%/Larvicide 0%,0;0.4;0.4_0;0;0_0;0;0_-100;2;5475_-100;2;5475_-100;2;5475,35.0904109589041,Incidence,0.000106477939175632
NbyGQVwzFc_loc12_loop6,12,ITN 0%/IRS 0%/Larvicide 0%,0;0.4;0.4_0;0;0_0;0;0_-100;2;5475_-100;2;5475_-100;2;5475,35.0931506849315,Incidence,0.000106532163335913
NbyGQVwzFc_loc12_loop6,12,ITN 0%/IRS 0%/Larvicide 0%,0;0.4;0.4_0;0;0_0;0;0_-100;2;5475_-100;2;5475_-100;2;5475,35.0958904109589,Incidence,0.000106586473174476
NbyGQVwzFc_loc12_loop6,12,ITN 0%/IRS 0%/Larvicide 0%,0;0.4;0.4_0;0;0_0;0;0_-100;2;5475_-100;2;5475_-100;2;5475,35.0986301369863,Incidence,0.000106640868617641
NbyGQVwzFc_loc12_loop6,12,ITN 0%/IRS 0%/Larvicide 0%,0;0.4;0.4_0;0;0_0;0;0_-100;2;5475_-100;2;5475_-100;2;5475,35.1013698630137,Incidence,0.000106695349607077
NbyGQVwzFc_loc12_loop6,12,ITN 0%/IRS 0%/Larvicide 0%,0;0.4;0.4_0;0;0_0;0;0_-100;2;5475_-100;2;5475_-100;2;5475,35.1041095890411,Incidence,0.000106749916063758
NbyGQVwzFc_loc12_loop6,12,ITN 0%/IRS 0%/Larvicide 0%,0;0.4;0.4_0;0;0_0;0;0_-100;2;5475_-100;2;5475_-100;2;5475,35.1068493150685,Incidence,0.000106804567912218
NbyGQVwzFc_loc12_loop6,12,ITN 0%/IRS 0%/Larvicide 0%,0;0.4;0.4_0;0;0_0;0;0_-100;2;5475_-100;2;5475_-100;2;5475,35.1095890410959,Incidence,0.000106859305086296
NbyGQVwzFc_loc12_loop6,12,ITN 0%/IRS 0%/Larvicide 0%,0;0.4;0.4_0;0;0_0;0;0_-100;2;5475_-100;2;5475_-100;2;5475,35.1123287671233,Incidence,0.000106914127514066
NbyGQVwzFc_loc12_loop6,12,ITN 0%/IRS 0%/Larvicide 0%,0;0.4;0.4_0;0;0_0;0;0_-100;2;5475_-100;2;5475_-100;2;5475,35.1150684931507,Incidence,0.000106969035118756
NbyGQVwzFc_loc12_loop6,12,ITN 0%/IRS 0%/Larvicide 0%,0;0.4;0.4_0;0;0_0;0;0_-100;2;5475_-100;2;5475_-100;2;5475,35.1178082191781,Incidence,0.000107024027827247
NbyGQVwzFc_loc12_loop6,12,ITN 0%/IRS 0%/Larvicide 0%,0;0.4;0.4_0;0;0_0;0;0_-100;2;5475_-100;2;5475_-100;2;5475,35.1205479452055,Incidence,0.000107079105565572
NbyGQVwzFc_loc12_loop6,12,ITN 0%/IRS 0%/Larvicide 0%,0;0.4;0.4_0;0;0_0;0;0_-100;2;5475_-100;2;5475_-100;2;5475,35.1232876712329,Incidence,0.000107134268257455
NbyGQVwzFc_loc12_loop6,12,ITN 0%/IRS 0%/Larvicide 0%,0;0.4;0.4_0;0;0_0;0;0_-100;2;5475_-100;2;5475_-100;2;5475,35.1260273972603,Incidence,0.000107189515827911
NbyGQVwzFc_loc12_loop6,12,ITN 0%/IRS 0%/Larvicide 0%,0;0.4;0.4_0;0;0_0;0;0_-100;2;5475_-100;2;5475_-100;2;5475,35.1287671232877,Incidence,0.000107244848203052
NbyGQVwzFc_loc12_loop6,12,ITN 0%/IRS 0%/Larvicide 0%,0;0.4;0.4_0;0;0_0;0;0_-100;2;5475_-100;2;5475_-100;2;5475,35.1315068493151,Incidence,0.00010730026530756
NbyGQVwzFc_loc12_loop6,12,ITN 0%/IRS 0%/Larvicide 0%,0;0.4;0.4_0;0;0_0;0;0_-100;2;5475_-100;2;5475_-100;2;5475,35.1342465753425,Incidence,0.000107355767065885
NbyGQVwzFc_loc12_loop6,12,ITN 0%/IRS 0%/Larvicide 0%,0;0.4;0.4_0;0;0_0;0;0_-100;2;5475_-100;2;5475_-100;2;5475,35.1369863013699,Incidence,0.000107411353403666
NbyGQVwzFc_loc12_loop6,12,ITN 0%/IRS 0%/Larvicide 0%,0;0.4;0.4_0;0;0_0;0;0_-100;2;5475_-100;2;5475_-100;2;5475,35.1397260273973,Incidence,0.000107467024246013
NbyGQVwzFc_loc12_loop6,12,ITN 0%/IRS 0%/Larvicide 0%,0;0.4;0.4_0;0;0_0;0;0_-100;2;5475_-100;2;5475_-100;2;5475,35.1424657534247,Incidence,0.000107522779517376
NbyGQVwzFc_loc12_loop6,12,ITN 0%/IRS 0%/Larvicide 0%,0;0.4;0.4_0;0;0_0;0;0_-100;2;5475_-100;2;5475_-100;2;5475,35.1452054794521,Incidence,0.000107578619142933
NbyGQVwzFc_loc12_loop6,12,ITN 0%/IRS 0%/Larvicide 0%,0;0.4;0.4_0;0;0_0;0;0_-100;2;5475_-100;2;5475_-100;2;5475,35.1479452054795,Incidence,0.000107634543047839
NbyGQVwzFc_loc12_loop6,12,ITN 0%/IRS 0%/Larvicide 0%,0;0.4;0.4_0;0;0_0;0;0_-100;2;5475_-100;2;5475_-100;2;5475,35.1506849315069,Incidence,0.000107690551156742
NbyGQVwzFc_loc12_loop6,12,ITN 0%/IRS 0%/Larvicide 0%,0;0.4;0.4_0;0;0_0;0;0_-100;2;5475_-100;2;5475_-100;2;5475,35.1534246575342,Incidence,0.000107746643394507
NbyGQVwzFc_loc12_loop6,12,ITN 0%/IRS 0%/Larvicide 0%,0;0.4;0.4_0;0;0_0;0;0_-100;2;5475_-100;2;5475_-100;2;5475,35.1561643835617,Incidence,0.000107802819686109
NbyGQVwzFc_loc12_loop6,12,ITN 0%/IRS 0%/Larvicide 0%,0;0.4;0.4_0;0;0_0;0;0_-100;2;5475_-100;2;5475_-100;2;5475,35.158904109589,Incidence,0.000107859079956251
NbyGQVwzFc_loc12_loop6,12,ITN 0%/IRS 0%/Larvicide 0%,0;0.4;0.4_0;0;0_0;0;0_-100;2;5475_-100;2;5475_-100;2;5475,35.1616438356164,Incidence,0.000107915424129671
NbyGQVwzFc_loc12_loop6,12,ITN 0%/IRS 0%/Larvicide 0%,0;0.4;0.4_0;0;0_0;0;0_-100;2;5475_-100;2;5475_-100;2;5475,35.1643835616438,Incidence,0.000107971852131199
NbyGQVwzFc_loc12_loop6,12,ITN 0%/IRS 0%/Larvicide 0%,0;0.4;0.4_0;0;0_0;0;0_-100;2;5475_-100;2;5475_-100;2;5475,35.1671232876712,Incidence,0.00010802836388551
NbyGQVwzFc_loc12_loop6,12,ITN 0%/IRS 0%/Larvicide 0%,0;0.4;0.4_0;0;0_0;0;0_-100;2;5475_-100;2;5475_-100;2;5475,35.1698630136986,Incidence,0.000108084959317249
NbyGQVwzFc_loc12_loop6,12,ITN 0%/IRS 0%/Larvicide 0%,0;0.4;0.4_0;0;0_0;0;0_-100;2;5475_-100;2;5475_-100;2;5475,35.172602739726,Incidence,0.000108141638351099
NbyGQVwzFc_loc12_loop6,12,ITN 0%/IRS 0%/Larvicide 0%,0;0.4;0.4_0;0;0_0;0;0_-100;2;5475_-100;2;5475_-100;2;5475,35.1753424657534,Incidence,0.000108198400911662
NbyGQVwzFc_loc12_loop6,12,ITN 0%/IRS 0%/Larvicide 0%,0;0.4;0.4_0;0;0_0;0;0_-100;2;5475_-100;2;5475_-100;2;5475,35.1780821917808,Incidence,0.000108255246923488
NbyGQVwzFc_loc12_loop6,12,ITN 0%/IRS 0%/Larvicide 0%,0;0.4;0.4_0;0;0_0;0;0_-100;2;5475_-100;2;5475_-100;2;5475,35.1808219178082,Incidence,0.000108312176311128
NbyGQVwzFc_loc12_loop6,12,ITN 0%/IRS 0%/Larvicide 0%,0;0.4;0.4_0;0;0_0;0;0_-100;2;5475_-100;2;5475_-100;2;5475,35.1835616438356,Incidence,0.000108369188999079
NbyGQVwzFc_loc12_loop6,12,ITN 0%/IRS 0%/Larvicide 0%,0;0.4;0.4_0;0;0_0;0;0_-100;2;5475_-100;2;5475_-100;2;5475,35.186301369863,Incidence,0.000108426284911786
NbyGQVwzFc_loc12_loop6,12,ITN 0%/IRS 0%/Larvicide 0%,0;0.4;0.4_0;0;0_0;0;0_-100;2;5475_-100;2;5475_-100;2;5475,35.1890410958904,Incidence,0.000108483463973673
NbyGQVwzFc_loc12_loop6,12,ITN 0%/IRS 0%/Larvicide 0%,0;0.4;0.4_0;0;0_0;0;0_-100;2;5475_-100;2;5475_-100;2;5475,35.1917808219178,Incidence,0.000108540726109116
NbyGQVwzFc_loc12_loop6,12,ITN 0%/IRS 0%/Larvicide 0%,0;0.4;0.4_0;0;0_0;0;0_-100;2;5475_-100;2;5475_-100;2;5475,35.1945205479452,Incidence,0.000108598071242444
NbyGQVwzFc_loc12_loop6,12,ITN 0%/IRS 0%/Larvicide 0%,0;0.4;0.4_0;0;0_0;0;0_-100;2;5475_-100;2;5475_-100;2;5475,35.1972602739726,Incidence,0.00010865549929795
NbyGQVwzFc_loc12_loop6,12,ITN 0%/IRS 0%/Larvicide 0%,0;0.4;0.4_0;0;0_0;0;0_-100;2;5475_-100;2;5475_-100;2;5475,35.2,Incidence,0.000108713010199881
NbyGQVwzFc_loc12_loop6,12,ITN 0%/IRS 0%/Larvicide 0%,0;0.4;0.4_0;0;0_0;0;0_-100;2;5475_-100;2;5475_-100;2;5475,35.2027397260274,Incidence,0.000108770603872437
NbyGQVwzFc_loc12_loop6,12,ITN 0%/IRS 0%/Larvicide 0%,0;0.4;0.4_0;0;0_0;0;0_-100;2;5475_-100;2;5475_-100;2;5475,35.2054794520548,Incidence,0.000108828280240078
NbyGQVwzFc_loc12_loop6,12,ITN 0%/IRS 0%/Larvicide 0%,0;0.4;0.4_0;0;0_0;0;0_-100;2;5475_-100;2;5475_-100;2;5475,35.2082191780822,Incidence,0.000108886039227396
NbyGQVwzFc_loc12_loop6,12,ITN 0%/IRS 0%/Larvicide 0%,0;0.4;0.4_0;0;0_0;0;0_-100;2;5475_-100;2;5475_-100;2;5475,35.2109589041096,Incidence,0.00010894388075624
NbyGQVwzFc_loc12_loop6,12,ITN 0%/IRS 0%/Larvicide 0%,0;0.4;0.4_0;0;0_0;0;0_-100;2;5475_-100;2;5475_-100;2;5475,35.213698630137,Incidence,0.000109001804748135
NbyGQVwzFc_loc12_loop6,12,ITN 0%/IRS 0%/Larvicide 0%,0;0.4;0.4_0;0;0_0;0;0_-100;2;5475_-100;2;5475_-100;2;5475,35.2164383561644,Incidence,0.000109059811124566
NbyGQVwzFc_loc12_loop6,12,ITN 0%/IRS 0%/Larvicide 0%,0;0.4;0.4_0;0;0_0;0;0_-100;2;5475_-100;2;5475_-100;2;5475,35.2191780821918,Incidence,0.000109117899806975
NbyGQVwzFc_loc12_loop6,12,ITN 0%/IRS 0%/Larvicide 0%,0;0.4;0.4_0;0;0_0;0;0_-100;2;5475_-100;2;5475_-100;2;5475,35.2219178082192,Incidence,0.000109176070716764
NbyGQVwzFc_loc12_loop6,12,ITN 0%/IRS 0%/Larvicide 0%,0;0.4;0.4_0;0;0_0;0;0_-100;2;5475_-100;2;5475_-100;2;5475,35.2246575342466,Incidence,0.000109234323775286
NbyGQVwzFc_loc12_loop6,12,ITN 0%/IRS 0%/Larvicide 0%,0;0.4;0.4_0;0;0_0;0;0_-100;2;5475_-100;2;5475_-100;2;5475,35.227397260274,Incidence,0.000109292658903855
NbyGQVwzFc_loc12_loop6,12,ITN 0%/IRS 0%/Larvicide 0%,0;0.4;0.4_0;0;0_0;0;0_-100;2;5475_-100;2;5475_-100;2;5475,35.2301369863014,Incidence,0.000109351076023735
NbyGQVwzFc_loc12_loop6,12,ITN 0%/IRS 0%/Larvicide 0%,0;0.4;0.4_0;0;0_0;0;0_-100;2;5475_-100;2;5475_-100;2;5475,35.2328767123288,Incidence,0.000109409575056148
NbyGQVwzFc_loc12_loop6,12,ITN 0%/IRS 0%/Larvicide 0%,0;0.4;0.4_0;0;0_0;0;0_-100;2;5475_-100;2;5475_-100;2;5475,35.2356164383562,Incidence,0.000109468155922265
NbyGQVwzFc_loc12_loop6,12,ITN 0%/IRS 0%/Larvicide 0%,0;0.4;0.4_0;0;0_0;0;0_-100;2;5475_-100;2;5475_-100;2;5475,35.2383561643836,Incidence,0.000109526818543211
NbyGQVwzFc_loc12_loop6,12,ITN 0%/IRS 0%/Larvicide 0%,0;0.4;0.4_0;0;0_0;0;0_-100;2;5475_-100;2;5475_-100;2;5475,35.241095890411,Incidence,0.000109585562840063
NbyGQVwzFc_loc12_loop6,12,ITN 0%/IRS 0%/Larvicide 0%,0;0.4;0.4_0;0;0_0;0;0_-100;2;5475_-100;2;5475_-100;2;5475,35.2438356164384,Incidence,0.000109644388733847
NbyGQVwzFc_loc12_loop6,12,ITN 0%/IRS 0%/Larvicide 0%,0;0.4;0.4_0;0;0_0;0;0_-100;2;5475_-100;2;5475_-100;2;5475,35.2465753424658,Incidence,0.000109703296145539
NbyGQVwzFc_loc12_loop6,12,ITN 0%/IRS 0%/Larvicide 0%,0;0.4;0.4_0;0;0_0;0;0_-100;2;5475_-100;2;5475_-100;2;5475,35.2493150684932,Incidence,0.000109762284996063
NbyGQVwzFc_loc12_loop6,12,ITN 0%/IRS 0%/Larvicide 0%,0;0.4;0.4_0;0;0_0;0;0_-100;2;5475_-100;2;5475_-100;2;5475,35.2520547945205,Incidence,0.000109821355206292
NbyGQVwzFc_loc12_loop6,12,ITN 0%/IRS 0%/Larvicide 0%,0;0.4;0.4_0;0;0_0;0;0_-100;2;5475_-100;2;5475_-100;2;5475,35.2547945205479,Incidence,0.000109880506697044
NbyGQVwzFc_loc12_loop6,12,ITN 0%/IRS 0%/Larvicide 0%,0;0.4;0.4_0;0;0_0;0;0_-100;2;5475_-100;2;5475_-100;2;5475,35.2575342465753,Incidence,0.000109939739389086
NbyGQVwzFc_loc12_loop6,12,ITN 0%/IRS 0%/Larvicide 0%,0;0.4;0.4_0;0;0_0;0;0_-100;2;5475_-100;2;5475_-100;2;5475,35.2602739726027,Incidence,0.000109999053203128
NbyGQVwzFc_loc12_loop6,12,ITN 0%/IRS 0%/Larvicide 0%,0;0.4;0.4_0;0;0_0;0;0_-100;2;5475_-100;2;5475_-100;2;5475,35.2630136986301,Incidence,0.000110058448059824
NbyGQVwzFc_loc12_loop6,12,ITN 0%/IRS 0%/Larvicide 0%,0;0.4;0.4_0;0;0_0;0;0_-100;2;5475_-100;2;5475_-100;2;5475,35.2657534246575,Incidence,0.000110117923879772
NbyGQVwzFc_loc12_loop6,12,ITN 0%/IRS 0%/Larvicide 0%,0;0.4;0.4_0;0;0_0;0;0_-100;2;5475_-100;2;5475_-100;2;5475,35.2684931506849,Incidence,0.000110177480583515
NbyGQVwzFc_loc12_loop6,12,ITN 0%/IRS 0%/Larvicide 0%,0;0.4;0.4_0;0;0_0;0;0_-100;2;5475_-100;2;5475_-100;2;5475,35.2712328767123,Incidence,0.000110237118091532
NbyGQVwzFc_loc12_loop6,12,ITN 0%/IRS 0%/Larvicide 0%,0;0.4;0.4_0;0;0_0;0;0_-100;2;5475_-100;2;5475_-100;2;5475,35.2739726027397,Incidence,0.00011029683632425
NbyGQVwzFc_loc12_loop6,12,ITN 0%/IRS 0%/Larvicide 0%,0;0.4;0.4_0;0;0_0;0;0_-100;2;5475_-100;2;5475_-100;2;5475,35.2767123287671,Incidence,0.00011035663520203
NbyGQVwzFc_loc12_loop6,12,ITN 0%/IRS 0%/Larvicide 0%,0;0.4;0.4_0;0;0_0;0;0_-100;2;5475_-100;2;5475_-100;2;5475,35.2794520547945,Incidence,0.000110416514645176
NbyGQVwzFc_loc12_loop6,12,ITN 0%/IRS 0%/Larvicide 0%,0;0.4;0.4_0;0;0_0;0;0_-100;2;5475_-100;2;5475_-100;2;5475,35.2821917808219,Incidence,0.000110476474573928
NbyGQVwzFc_loc12_loop6,12,ITN 0%/IRS 0%/Larvicide 0%,0;0.4;0.4_0;0;0_0;0;0_-100;2;5475_-100;2;5475_-100;2;5475,35.2849315068493,Incidence,0.000110536514908466
NbyGQVwzFc_loc12_loop6,12,ITN 0%/IRS 0%/Larvicide 0%,0;0.4;0.4_0;0;0_0;0;0_-100;2;5475_-100;2;5475_-100;2;5475,35.2876712328767,Incidence,0.000110596635568904
NbyGQVwzFc_loc12_loop6,12,ITN 0%/IRS 0%/Larvicide 0%,0;0.4;0.4_0;0;0_0;0;0_-100;2;5475_-100;2;5475_-100;2;5475,35.2904109589041,Incidence,0.000110656836475292
NbyGQVwzFc_loc12_loop6,12,ITN 0%/IRS 0%/Larvicide 0%,0;0.4;0.4_0;0;0_0;0;0_-100;2;5475_-100;2;5475_-100;2;5475,35.2931506849315,Incidence,0.000110717117547617
NbyGQVwzFc_loc12_loop6,12,ITN 0%/IRS 0%/Larvicide 0%,0;0.4;0.4_0;0;0_0;0;0_-100;2;5475_-100;2;5475_-100;2;5475,35.2958904109589,Incidence,0.000110777478705799
NbyGQVwzFc_loc12_loop6,12,ITN 0%/IRS 0%/Larvicide 0%,0;0.4;0.4_0;0;0_0;0;0_-100;2;5475_-100;2;5475_-100;2;5475,35.2986301369863,Incidence,0.000110837919869689
NbyGQVwzFc_loc12_loop6,12,ITN 0%/IRS 0%/Larvicide 0%,0;0.4;0.4_0;0;0_0;0;0_-100;2;5475_-100;2;5475_-100;2;5475,35.3013698630137,Incidence,0.000110898440959073
NbyGQVwzFc_loc12_loop6,12,ITN 0%/IRS 0%/Larvicide 0%,0;0.4;0.4_0;0;0_0;0;0_-100;2;5475_-100;2;5475_-100;2;5475,35.3041095890411,Incidence,0.000110959041893667
NbyGQVwzFc_loc12_loop6,12,ITN 0%/IRS 0%/Larvicide 0%,0;0.4;0.4_0;0;0_0;0;0_-100;2;5475_-100;2;5475_-100;2;5475,35.3068493150685,Incidence,0.000111019722593699
NbyGQVwzFc_loc12_loop6,12,ITN 0%/IRS 0%/Larvicide 0%,0;0.4;0.4_0;0;0_0;0;0_-100;2;5475_-100;2;5475_-100;2;5475,35.3095890410959,Incidence,0.000111080482977805
NbyGQVwzFc_loc12_loop6,12,ITN 0%/IRS 0%/Larvicide 0%,0;0.4;0.4_0;0;0_0;0;0_-100;2;5475_-100;2;5475_-100;2;5475,35.3123287671233,Incidence,0.000111141322963258
NbyGQVwzFc_loc12_loop6,12,ITN 0%/IRS 0%/Larvicide 0%,0;0.4;0.4_0;0;0_0;0;0_-100;2;5475_-100;2;5475_-100;2;5475,35.3150684931507,Incidence,0.000111202242467268
NbyGQVwzFc_loc12_loop6,12,ITN 0%/IRS 0%/Larvicide 0%,0;0.4;0.4_0;0;0_0;0;0_-100;2;5475_-100;2;5475_-100;2;5475,35.3178082191781,Incidence,0.000111263241406982
NbyGQVwzFc_loc12_loop6,12,ITN 0%/IRS 0%/Larvicide 0%,0;0.4;0.4_0;0;0_0;0;0_-100;2;5475_-100;2;5475_-100;2;5475,35.3205479452055,Incidence,0.000111324319699482
NbyGQVwzFc_loc12_loop6,12,ITN 0%/IRS 0%/Larvicide 0%,0;0.4;0.4_0;0;0_0;0;0_-100;2;5475_-100;2;5475_-100;2;5475,35.3232876712329,Incidence,0.000111385477261783
NbyGQVwzFc_loc12_loop6,12,ITN 0%/IRS 0%/Larvicide 0%,0;0.4;0.4_0;0;0_0;0;0_-100;2;5475_-100;2;5475_-100;2;5475,35.3260273972603,Incidence,0.000111446714010836
NbyGQVwzFc_loc12_loop6,12,ITN 0%/IRS 0%/Larvicide 0%,0;0.4;0.4_0;0;0_0;0;0_-100;2;5475_-100;2;5475_-100;2;5475,35.3287671232877,Incidence,0.000111508029863526
NbyGQVwzFc_loc12_loop6,12,ITN 0%/IRS 0%/Larvicide 0%,0;0.4;0.4_0;0;0_0;0;0_-100;2;5475_-100;2;5475_-100;2;5475,35.3315068493151,Incidence,0.000111569424736667
NbyGQVwzFc_loc12_loop6,12,ITN 0%/IRS 0%/Larvicide 0%,0;0.4;0.4_0;0;0_0;0;0_-100;2;5475_-100;2;5475_-100;2;5475,35.3342465753425,Incidence,0.000111630898547009
NbyGQVwzFc_loc12_loop6,12,ITN 0%/IRS 0%/Larvicide 0%,0;0.4;0.4_0;0;0_0;0;0_-100;2;5475_-100;2;5475_-100;2;5475,35.3369863013699,Incidence,0.000111692451211228
NbyGQVwzFc_loc12_loop6,12,ITN 0%/IRS 0%/Larvicide 0%,0;0.4;0.4_0;0;0_0;0;0_-100;2;5475_-100;2;5475_-100;2;5475,35.3397260273973,Incidence,0.000111754082645934
NbyGQVwzFc_loc12_loop6,12,ITN 0%/IRS 0%/Larvicide 0%,0;0.4;0.4_0;0;0_0;0;0_-100;2;5475_-100;2;5475_-100;2;5475,35.3424657534247,Incidence,0.000111815792767665
NbyGQVwzFc_loc12_loop6,12,ITN 0%/IRS 0%/Larvicide 0%,0;0.4;0.4_0;0;0_0;0;0_-100;2;5475_-100;2;5475_-100;2;5475,35.3452054794521,Incidence,0.000111877581492886
NbyGQVwzFc_loc12_loop6,12,ITN 0%/IRS 0%/Larvicide 0%,0;0.4;0.4_0;0;0_0;0;0_-100;2;5475_-100;2;5475_-100;2;5475,35.3479452054795,Incidence,0.000111939448737991
NbyGQVwzFc_loc12_loop6,12,ITN 0%/IRS 0%/Larvicide 0%,0;0.4;0.4_0;0;0_0;0;0_-100;2;5475_-100;2;5475_-100;2;5475,35.3506849315069,Incidence,0.000112001394419302
NbyGQVwzFc_loc12_loop6,12,ITN 0%/IRS 0%/Larvicide 0%,0;0.4;0.4_0;0;0_0;0;0_-100;2;5475_-100;2;5475_-100;2;5475,35.3534246575343,Incidence,0.000112063418453065
NbyGQVwzFc_loc12_loop6,12,ITN 0%/IRS 0%/Larvicide 0%,0;0.4;0.4_0;0;0_0;0;0_-100;2;5475_-100;2;5475_-100;2;5475,35.3561643835616,Incidence,0.000112125520755452
NbyGQVwzFc_loc12_loop6,12,ITN 0%/IRS 0%/Larvicide 0%,0;0.4;0.4_0;0;0_0;0;0_-100;2;5475_-100;2;5475_-100;2;5475,35.358904109589,Incidence,0.000112187701242562
NbyGQVwzFc_loc12_loop6,12,ITN 0%/IRS 0%/Larvicide 0%,0;0.4;0.4_0;0;0_0;0;0_-100;2;5475_-100;2;5475_-100;2;5475,35.3616438356164,Incidence,0.000112249959830413
NbyGQVwzFc_loc12_loop6,12,ITN 0%/IRS 0%/Larvicide 0%,0;0.4;0.4_0;0;0_0;0;0_-100;2;5475_-100;2;5475_-100;2;5475,35.3643835616438,Incidence,0.00011231229643495
NbyGQVwzFc_loc12_loop6,12,ITN 0%/IRS 0%/Larvicide 0%,0;0.4;0.4_0;0;0_0;0;0_-100;2;5475_-100;2;5475_-100;2;5475,35.3671232876712,Incidence,0.000112374710972039
NbyGQVwzFc_loc12_loop6,12,ITN 0%/IRS 0%/Larvicide 0%,0;0.4;0.4_0;0;0_0;0;0_-100;2;5475_-100;2;5475_-100;2;5475,35.3698630136986,Incidence,0.000112437203357468
NbyGQVwzFc_loc12_loop6,12,ITN 0%/IRS 0%/Larvicide 0%,0;0.4;0.4_0;0;0_0;0;0_-100;2;5475_-100;2;5475_-100;2;5475,35.372602739726,Incidence,0.000112499773506944
NbyGQVwzFc_loc12_loop6,12,ITN 0%/IRS 0%/Larvicide 0%,0;0.4;0.4_0;0;0_0;0;0_-100;2;5475_-100;2;5475_-100;2;5475,35.3753424657534,Incidence,0.000112562421336096
NbyGQVwzFc_loc12_loop6,12,ITN 0%/IRS 0%/Larvicide 0%,0;0.4;0.4_0;0;0_0;0;0_-100;2;5475_-100;2;5475_-100;2;5475,35.3780821917808,Incidence,0.000112625146760471
NbyGQVwzFc_loc12_loop6,12,ITN 0%/IRS 0%/Larvicide 0%,0;0.4;0.4_0;0;0_0;0;0_-100;2;5475_-100;2;5475_-100;2;5475,35.3808219178082,Incidence,0.000112687949695534
NbyGQVwzFc_loc12_loop6,12,ITN 0%/IRS 0%/Larvicide 0%,0;0.4;0.4_0;0;0_0;0;0_-100;2;5475_-100;2;5475_-100;2;5475,35.3835616438356,Incidence,0.00011275083005667
NbyGQVwzFc_loc12_loop6,12,ITN 0%/IRS 0%/Larvicide 0%,0;0.4;0.4_0;0;0_0;0;0_-100;2;5475_-100;2;5475_-100;2;5475,35.386301369863,Incidence,0.000112813787759178
NbyGQVwzFc_loc12_loop6,12,ITN 0%/IRS 0%/Larvicide 0%,0;0.4;0.4_0;0;0_0;0;0_-100;2;5475_-100;2;5475_-100;2;5475,35.3890410958904,Incidence,0.000112876822718275
NbyGQVwzFc_loc12_loop6,12,ITN 0%/IRS 0%/Larvicide 0%,0;0.4;0.4_0;0;0_0;0;0_-100;2;5475_-100;2;5475_-100;2;5475,35.3917808219178,Incidence,0.000112939934849092
NbyGQVwzFc_loc12_loop6,12,ITN 0%/IRS 0%/Larvicide 0%,0;0.4;0.4_0;0;0_0;0;0_-100;2;5475_-100;2;5475_-100;2;5475,35.3945205479452,Incidence,0.000113003124066676
NbyGQVwzFc_loc12_loop6,12,ITN 0%/IRS 0%/Larvicide 0%,0;0.4;0.4_0;0;0_0;0;0_-100;2;5475_-100;2;5475_-100;2;5475,35.3972602739726,Incidence,0.000113066390285988
NbyGQVwzFc_loc12_loop6,12,ITN 0%/IRS 0%/Larvicide 0%,0;0.4;0.4_0;0;0_0;0;0_-100;2;5475_-100;2;5475_-100;2;5475,35.4,Incidence,0.000113129733421899
NbyGQVwzFc_loc12_loop6,12,ITN 0%/IRS 0%/Larvicide 0%,0;0.4;0.4_0;0;0_0;0;0_-100;2;5475_-100;2;5475_-100;2;5475,35.4027397260274,Incidence,0.000113193153389197
NbyGQVwzFc_loc12_loop6,12,ITN 0%/IRS 0%/Larvicide 0%,0;0.4;0.4_0;0;0_0;0;0_-100;2;5475_-100;2;5475_-100;2;5475,35.4054794520548,Incidence,0.000113256650102578
NbyGQVwzFc_loc12_loop6,12,ITN 0%/IRS 0%/Larvicide 0%,0;0.4;0.4_0;0;0_0;0;0_-100;2;5475_-100;2;5475_-100;2;5475,35.4082191780822,Incidence,0.00011332022347665
NbyGQVwzFc_loc12_loop6,12,ITN 0%/IRS 0%/Larvicide 0%,0;0.4;0.4_0;0;0_0;0;0_-100;2;5475_-100;2;5475_-100;2;5475,35.4109589041096,Incidence,0.00011338387342607
NbyGQVwzFc_loc12_loop6,12,ITN 0%/IRS 0%/Larvicide 0%,0;0.4;0.4_0;0;0_0;0;0_-100;2;5475_-100;2;5475_-100;2;5475,35.413698630137,Incidence,0.000113447599865297
NbyGQVwzFc_loc12_loop6,12,ITN 0%/IRS 0%/Larvicide 0%,0;0.4;0.4_0;0;0_0;0;0_-100;2;5475_-100;2;5475_-100;2;5475,35.4164383561644,Incidence,0.000113511402706893
NbyGQVwzFc_loc12_loop6,12,ITN 0%/IRS 0%/Larvicide 0%,0;0.4;0.4_0;0;0_0;0;0_-100;2;5475_-100;2;5475_-100;2;5475,35.4191780821918,Incidence,0.000113575281863135
NbyGQVwzFc_loc12_loop6,12,ITN 0%/IRS 0%/Larvicide 0%,0;0.4;0.4_0;0;0_0;0;0_-100;2;5475_-100;2;5475_-100;2;5475,35.4219178082192,Incidence,0.000113639237246217
NbyGQVwzFc_loc12_loop6,12,ITN 0%/IRS 0%/Larvicide 0%,0;0.4;0.4_0;0;0_0;0;0_-100;2;5475_-100;2;5475_-100;2;5475,35.4246575342466,Incidence,0.000113703268768249
NbyGQVwzFc_loc12_loop6,12,ITN 0%/IRS 0%/Larvicide 0%,0;0.4;0.4_0;0;0_0;0;0_-100;2;5475_-100;2;5475_-100;2;5475,35.427397260274,Incidence,0.000113767376341256
NbyGQVwzFc_loc12_loop6,12,ITN 0%/IRS 0%/Larvicide 0%,0;0.4;0.4_0;0;0_0;0;0_-100;2;5475_-100;2;5475_-100;2;5475,35.4301369863014,Incidence,0.000113831559877177
NbyGQVwzFc_loc12_loop6,12,ITN 0%/IRS 0%/Larvicide 0%,0;0.4;0.4_0;0;0_0;0;0_-100;2;5475_-100;2;5475_-100;2;5475,35.4328767123288,Incidence,0.000113895819287866
NbyGQVwzFc_loc12_loop6,12,ITN 0%/IRS 0%/Larvicide 0%,0;0.4;0.4_0;0;0_0;0;0_-100;2;5475_-100;2;5475_-100;2;5475,35.4356164383562,Incidence,0.000113960154485089
NbyGQVwzFc_loc12_loop6,12,ITN 0%/IRS 0%/Larvicide 0%,0;0.4;0.4_0;0;0_0;0;0_-100;2;5475_-100;2;5475_-100;2;5475,35.4383561643836,Incidence,0.000114024565380525
NbyGQVwzFc_loc12_loop6,12,ITN 0%/IRS 0%/Larvicide 0%,0;0.4;0.4_0;0;0_0;0;0_-100;2;5475_-100;2;5475_-100;2;5475,35.441095890411,Incidence,0.000114089051885765
NbyGQVwzFc_loc12_loop6,12,ITN 0%/IRS 0%/Larvicide 0%,0;0.4;0.4_0;0;0_0;0;0_-100;2;5475_-100;2;5475_-100;2;5475,35.4438356164384,Incidence,0.000114153613912311
NbyGQVwzFc_loc12_loop6,12,ITN 0%/IRS 0%/Larvicide 0%,0;0.4;0.4_0;0;0_0;0;0_-100;2;5475_-100;2;5475_-100;2;5475,35.4465753424658,Incidence,0.000114218251371578
NbyGQVwzFc_loc12_loop6,12,ITN 0%/IRS 0%/Larvicide 0%,0;0.4;0.4_0;0;0_0;0;0_-100;2;5475_-100;2;5475_-100;2;5475,35.4493150684932,Incidence,0.00011428296417489
NbyGQVwzFc_loc12_loop6,12,ITN 0%/IRS 0%/Larvicide 0%,0;0.4;0.4_0;0;0_0;0;0_-100;2;5475_-100;2;5475_-100;2;5475,35.4520547945206,Incidence,0.000114347752233482
NbyGQVwzFc_loc12_loop6,12,ITN 0%/IRS 0%/Larvicide 0%,0;0.4;0.4_0;0;0_0;0;0_-100;2;5475_-100;2;5475_-100;2;5475,35.4547945205479,Incidence,0.000114412615458497
NbyGQVwzFc_loc12_loop6,12,ITN 0%/IRS 0%/Larvicide 0%,0;0.4;0.4_0;0;0_0;0;0_-100;2;5475_-100;2;5475_-100;2;5475,35.4575342465753,Incidence,0.000114477553760985
NbyGQVwzFc_loc12_loop6,12,ITN 0%/IRS 0%/Larvicide 0%,0;0.4;0.4_0;0;0_0;0;0_-100;2;5475_-100;2;5475_-100;2;5475,35.4602739726027,Incidence,0.000114542567051901
NbyGQVwzFc_loc12_loop6,12,ITN 0%/IRS 0%/Larvicide 0%,0;0.4;0.4_0;0;0_0;0;0_-100;2;5475_-100;2;5475_-100;2;5475,35.4630136986301,Incidence,0.000114607655242111
NbyGQVwzFc_loc12_loop6,12,ITN 0%/IRS 0%/Larvicide 0%,0;0.4;0.4_0;0;0_0;0;0_-100;2;5475_-100;2;5475_-100;2;5475,35.4657534246575,Incidence,0.000114672818242381
NbyGQVwzFc_loc12_loop6,12,ITN 0%/IRS 0%/Larvicide 0%,0;0.4;0.4_0;0;0_0;0;0_-100;2;5475_-100;2;5475_-100;2;5475,35.4684931506849,Incidence,0.000114738055963385
NbyGQVwzFc_loc12_loop6,12,ITN 0%/IRS 0%/Larvicide 0%,0;0.4;0.4_0;0;0_0;0;0_-100;2;5475_-100;2;5475_-100;2;5475,35.4712328767123,Incidence,0.000114803368315702
NbyGQVwzFc_loc12_loop6,12,ITN 0%/IRS 0%/Larvicide 0%,0;0.4;0.4_0;0;0_0;0;0_-100;2;5475_-100;2;5475_-100;2;5475,35.4739726027397,Incidence,0.000114868755209814
NbyGQVwzFc_loc12_loop6,12,ITN 0%/IRS 0%/Larvicide 0%,0;0.4;0.4_0;0;0_0;0;0_-100;2;5475_-100;2;5475_-100;2;5475,35.4767123287671,Incidence,0.000114934216556103
NbyGQVwzFc_loc12_loop6,12,ITN 0%/IRS 0%/Larvicide 0%,0;0.4;0.4_0;0;0_0;0;0_-100;2;5475_-100;2;5475_-100;2;5475,35.4794520547945,Incidence,0.000114999752264858
NbyGQVwzFc_loc12_loop6,12,ITN 0%/IRS 0%/Larvicide 0%,0;0.4;0.4_0;0;0_0;0;0_-100;2;5475_-100;2;5475_-100;2;5475,35.4821917808219,Incidence,0.000115065362246267
NbyGQVwzFc_loc12_loop6,12,ITN 0%/IRS 0%/Larvicide 0%,0;0.4;0.4_0;0;0_0;0;0_-100;2;5475_-100;2;5475_-100;2;5475,35.4849315068493,Incidence,0.00011513104641042
NbyGQVwzFc_loc12_loop6,12,ITN 0%/IRS 0%/Larvicide 0%,0;0.4;0.4_0;0;0_0;0;0_-100;2;5475_-100;2;5475_-100;2;5475,35.4876712328767,Incidence,0.000115196804667306
NbyGQVwzFc_loc12_loop6,12,ITN 0%/IRS 0%/Larvicide 0%,0;0.4;0.4_0;0;0_0;0;0_-100;2;5475_-100;2;5475_-100;2;5475,35.4904109589041,Incidence,0.000115262636926815
NbyGQVwzFc_loc12_loop6,12,ITN 0%/IRS 0%/Larvicide 0%,0;0.4;0.4_0;0;0_0;0;0_-100;2;5475_-100;2;5475_-100;2;5475,35.4931506849315,Incidence,0.000115328543098736
NbyGQVwzFc_loc12_loop6,12,ITN 0%/IRS 0%/Larvicide 0%,0;0.4;0.4_0;0;0_0;0;0_-100;2;5475_-100;2;5475_-100;2;5475,35.4958904109589,Incidence,0.000115394523092756
NbyGQVwzFc_loc12_loop6,12,ITN 0%/IRS 0%/Larvicide 0%,0;0.4;0.4_0;0;0_0;0;0_-100;2;5475_-100;2;5475_-100;2;5475,35.4986301369863,Incidence,0.00011546057681846
NbyGQVwzFc_loc12_loop6,12,ITN 0%/IRS 0%/Larvicide 0%,0;0.4;0.4_0;0;0_0;0;0_-100;2;5475_-100;2;5475_-100;2;5475,35.5013698630137,Incidence,0.000115526704185331
NbyGQVwzFc_loc12_loop6,12,ITN 0%/IRS 0%/Larvicide 0%,0;0.4;0.4_0;0;0_0;0;0_-100;2;5475_-100;2;5475_-100;2;5475,35.5041095890411,Incidence,0.000115592905102746
NbyGQVwzFc_loc12_loop6,12,ITN 0%/IRS 0%/Larvicide 0%,0;0.4;0.4_0;0;0_0;0;0_-100;2;5475_-100;2;5475_-100;2;5475,35.5068493150685,Incidence,0.000115659179479981
NbyGQVwzFc_loc12_loop6,12,ITN 0%/IRS 0%/Larvicide 0%,0;0.4;0.4_0;0;0_0;0;0_-100;2;5475_-100;2;5475_-100;2;5475,35.5095890410959,Incidence,0.000115725527226205
NbyGQVwzFc_loc12_loop6,12,ITN 0%/IRS 0%/Larvicide 0%,0;0.4;0.4_0;0;0_0;0;0_-100;2;5475_-100;2;5475_-100;2;5475,35.5123287671233,Incidence,0.000115791948250482
NbyGQVwzFc_loc12_loop6,12,ITN 0%/IRS 0%/Larvicide 0%,0;0.4;0.4_0;0;0_0;0;0_-100;2;5475_-100;2;5475_-100;2;5475,35.5150684931507,Incidence,0.00011585844246177
NbyGQVwzFc_loc12_loop6,12,ITN 0%/IRS 0%/Larvicide 0%,0;0.4;0.4_0;0;0_0;0;0_-100;2;5475_-100;2;5475_-100;2;5475,35.5178082191781,Incidence,0.00011592500976892
NbyGQVwzFc_loc12_loop6,12,ITN 0%/IRS 0%/Larvicide 0%,0;0.4;0.4_0;0;0_0;0;0_-100;2;5475_-100;2;5475_-100;2;5475,35.5205479452055,Incidence,0.000115991650080676
NbyGQVwzFc_loc12_loop6,12,ITN 0%/IRS 0%/Larvicide 0%,0;0.4;0.4_0;0;0_0;0;0_-100;2;5475_-100;2;5475_-100;2;5475,35.5232876712329,Incidence,0.000116058363305822
NbyGQVwzFc_loc12_loop6,12,ITN 0%/IRS 0%/Larvicide 0%,0;0.4;0.4_0;0;0_0;0;0_-100;2;5475_-100;2;5475_-100;2;5475,35.5260273972603,Incidence,0.000116125149352265
NbyGQVwzFc_loc12_loop6,12,ITN 0%/IRS 0%/Larvicide 0%,0;0.4;0.4_0;0;0_0;0;0_-100;2;5475_-100;2;5475_-100;2;5475,35.5287671232877,Incidence,0.000116192008126728
NbyGQVwzFc_loc12_loop6,12,ITN 0%/IRS 0%/Larvicide 0%,0;0.4;0.4_0;0;0_0;0;0_-100;2;5475_-100;2;5475_-100;2;5475,35.5315068493151,Incidence,0.000116258939535818
NbyGQVwzFc_loc12_loop6,12,ITN 0%/IRS 0%/Larvicide 0%,0;0.4;0.4_0;0;0_0;0;0_-100;2;5475_-100;2;5475_-100;2;5475,35.5342465753425,Incidence,0.000116325943486041
NbyGQVwzFc_loc12_loop6,12,ITN 0%/IRS 0%/Larvicide 0%,0;0.4;0.4_0;0;0_0;0;0_-100;2;5475_-100;2;5475_-100;2;5475,35.5369863013699,Incidence,0.0001163930198838
NbyGQVwzFc_loc12_loop6,12,ITN 0%/IRS 0%/Larvicide 0%,0;0.4;0.4_0;0;0_0;0;0_-100;2;5475_-100;2;5475_-100;2;5475,35.5397260273973,Incidence,0.000116460168635399
NbyGQVwzFc_loc12_loop6,12,ITN 0%/IRS 0%/Larvicide 0%,0;0.4;0.4_0;0;0_0;0;0_-100;2;5475_-100;2;5475_-100;2;5475,35.5424657534247,Incidence,0.000116527389647037
NbyGQVwzFc_loc12_loop6,12,ITN 0%/IRS 0%/Larvicide 0%,0;0.4;0.4_0;0;0_0;0;0_-100;2;5475_-100;2;5475_-100;2;5475,35.5452054794521,Incidence,0.000116594682824814
NbyGQVwzFc_loc12_loop6,12,ITN 0%/IRS 0%/Larvicide 0%,0;0.4;0.4_0;0;0_0;0;0_-100;2;5475_-100;2;5475_-100;2;5475,35.5479452054795,Incidence,0.000116662048074722
NbyGQVwzFc_loc12_loop6,12,ITN 0%/IRS 0%/Larvicide 0%,0;0.4;0.4_0;0;0_0;0;0_-100;2;5475_-100;2;5475_-100;2;5475,35.5506849315069,Incidence,0.000116729485302655
NbyGQVwzFc_loc12_loop6,12,ITN 0%/IRS 0%/Larvicide 0%,0;0.4;0.4_0;0;0_0;0;0_-100;2;5475_-100;2;5475_-100;2;5475,35.5534246575342,Incidence,0.000116796994414396
NbyGQVwzFc_loc12_loop6,12,ITN 0%/IRS 0%/Larvicide 0%,0;0.4;0.4_0;0;0_0;0;0_-100;2;5475_-100;2;5475_-100;2;5475,35.5561643835616,Incidence,0.000116864575315629
NbyGQVwzFc_loc12_loop6,12,ITN 0%/IRS 0%/Larvicide 0%,0;0.4;0.4_0;0;0_0;0;0_-100;2;5475_-100;2;5475_-100;2;5475,35.558904109589,Incidence,0.000116932227911928
NbyGQVwzFc_loc12_loop6,12,ITN 0%/IRS 0%/Larvicide 0%,0;0.4;0.4_0;0;0_0;0;0_-100;2;5475_-100;2;5475_-100;2;5475,35.5616438356164,Incidence,0.000116999952108765
NbyGQVwzFc_loc12_loop6,12,ITN 0%/IRS 0%/Larvicide 0%,0;0.4;0.4_0;0;0_0;0;0_-100;2;5475_-100;2;5475_-100;2;5475,35.5643835616438,Incidence,0.000117067747811502
NbyGQVwzFc_loc12_loop6,12,ITN 0%/IRS 0%/Larvicide 0%,0;0.4;0.4_0;0;0_0;0;0_-100;2;5475_-100;2;5475_-100;2;5475,35.5671232876712,Incidence,0.000117135614925394
NbyGQVwzFc_loc12_loop6,12,ITN 0%/IRS 0%/Larvicide 0%,0;0.4;0.4_0;0;0_0;0;0_-100;2;5475_-100;2;5475_-100;2;5475,35.5698630136986,Incidence,0.000117203553355591
NbyGQVwzFc_loc12_loop6,12,ITN 0%/IRS 0%/Larvicide 0%,0;0.4;0.4_0;0;0_0;0;0_-100;2;5475_-100;2;5475_-100;2;5475,35.572602739726,Incidence,0.000117271563007132
NbyGQVwzFc_loc12_loop6,12,ITN 0%/IRS 0%/Larvicide 0%,0;0.4;0.4_0;0;0_0;0;0_-100;2;5475_-100;2;5475_-100;2;5475,35.5753424657534,Incidence,0.000117339643784948
NbyGQVwzFc_loc12_loop6,12,ITN 0%/IRS 0%/Larvicide 0%,0;0.4;0.4_0;0;0_0;0;0_-100;2;5475_-100;2;5475_-100;2;5475,35.5780821917808,Incidence,0.000117407795593862
NbyGQVwzFc_loc12_loop6,12,ITN 0%/IRS 0%/Larvicide 0%,0;0.4;0.4_0;0;0_0;0;0_-100;2;5475_-100;2;5475_-100;2;5475,35.5808219178082,Incidence,0.000117476018338584
NbyGQVwzFc_loc12_loop6,12,ITN 0%/IRS 0%/Larvicide 0%,0;0.4;0.4_0;0;0_0;0;0_-100;2;5475_-100;2;5475_-100;2;5475,35.5835616438356,Incidence,0.000117544311923716
NbyGQVwzFc_loc12_loop6,12,ITN 0%/IRS 0%/Larvicide 0%,0;0.4;0.4_0;0;0_0;0;0_-100;2;5475_-100;2;5475_-100;2;5475,35.586301369863,Incidence,0.000117612676253748
NbyGQVwzFc_loc12_loop6,12,ITN 0%/IRS 0%/Larvicide 0%,0;0.4;0.4_0;0;0_0;0;0_-100;2;5475_-100;2;5475_-100;2;5475,35.5890410958904,Incidence,0.000117681111233059
NbyGQVwzFc_loc12_loop6,12,ITN 0%/IRS 0%/Larvicide 0%,0;0.4;0.4_0;0;0_0;0;0_-100;2;5475_-100;2;5475_-100;2;5475,35.5917808219178,Incidence,0.000117749616765915
NbyGQVwzFc_loc12_loop6,12,ITN 0%/IRS 0%/Larvicide 0%,0;0.4;0.4_0;0;0_0;0;0_-100;2;5475_-100;2;5475_-100;2;5475,35.5945205479452,Incidence,0.000117818192756469
NbyGQVwzFc_loc12_loop6,12,ITN 0%/IRS 0%/Larvicide 0%,0;0.4;0.4_0;0;0_0;0;0_-100;2;5475_-100;2;5475_-100;2;5475,35.5972602739726,Incidence,0.000117886839108763
NbyGQVwzFc_loc12_loop6,12,ITN 0%/IRS 0%/Larvicide 0%,0;0.4;0.4_0;0;0_0;0;0_-100;2;5475_-100;2;5475_-100;2;5475,35.6,Incidence,0.000117955555726722
NbyGQVwzFc_loc12_loop6,12,ITN 0%/IRS 0%/Larvicide 0%,0;0.4;0.4_0;0;0_0;0;0_-100;2;5475_-100;2;5475_-100;2;5475,35.6027397260274,Incidence,0.00011802434251416
NbyGQVwzFc_loc12_loop6,12,ITN 0%/IRS 0%/Larvicide 0%,0;0.4;0.4_0;0;0_0;0;0_-100;2;5475_-100;2;5475_-100;2;5475,35.6054794520548,Incidence,0.000118093199374773
NbyGQVwzFc_loc12_loop6,12,ITN 0%/IRS 0%/Larvicide 0%,0;0.4;0.4_0;0;0_0;0;0_-100;2;5475_-100;2;5475_-100;2;5475,35.6082191780822,Incidence,0.000118162126212144
NbyGQVwzFc_loc12_loop6,12,ITN 0%/IRS 0%/Larvicide 0%,0;0.4;0.4_0;0;0_0;0;0_-100;2;5475_-100;2;5475_-100;2;5475,35.6109589041096,Incidence,0.00011823112292974
NbyGQVwzFc_loc12_loop6,12,ITN 0%/IRS 0%/Larvicide 0%,0;0.4;0.4_0;0;0_0;0;0_-100;2;5475_-100;2;5475_-100;2;5475,35.613698630137,Incidence,0.00011830018943091
NbyGQVwzFc_loc12_loop6,12,ITN 0%/IRS 0%/Larvicide 0%,0;0.4;0.4_0;0;0_0;0;0_-100;2;5475_-100;2;5475_-100;2;5475,35.6164383561644,Incidence,0.000118369325618886
NbyGQVwzFc_loc12_loop6,12,ITN 0%/IRS 0%/Larvicide 0%,0;0.4;0.4_0;0;0_0;0;0_-100;2;5475_-100;2;5475_-100;2;5475,35.6191780821918,Incidence,0.000118438531396786
NbyGQVwzFc_loc12_loop6,12,ITN 0%/IRS 0%/Larvicide 0%,0;0.4;0.4_0;0;0_0;0;0_-100;2;5475_-100;2;5475_-100;2;5475,35.6219178082192,Incidence,0.000118507806667606
NbyGQVwzFc_loc12_loop6,12,ITN 0%/IRS 0%/Larvicide 0%,0;0.4;0.4_0;0;0_0;0;0_-100;2;5475_-100;2;5475_-100;2;5475,35.6246575342466,Incidence,0.000118577151334226
NbyGQVwzFc_loc12_loop6,12,ITN 0%/IRS 0%/Larvicide 0%,0;0.4;0.4_0;0;0_0;0;0_-100;2;5475_-100;2;5475_-100;2;5475,35.627397260274,Incidence,0.000118646565299405
NbyGQVwzFc_loc12_loop6,12,ITN 0%/IRS 0%/Larvicide 0%,0;0.4;0.4_0;0;0_0;0;0_-100;2;5475_-100;2;5475_-100;2;5475,35.6301369863014,Incidence,0.000118716048465785
NbyGQVwzFc_loc12_loop6,12,ITN 0%/IRS 0%/Larvicide 0%,0;0.4;0.4_0;0;0_0;0;0_-100;2;5475_-100;2;5475_-100;2;5475,35.6328767123288,Incidence,0.000118785600735886
NbyGQVwzFc_loc12_loop6,12,ITN 0%/IRS 0%/Larvicide 0%,0;0.4;0.4_0;0;0_0;0;0_-100;2;5475_-100;2;5475_-100;2;5475,35.6356164383562,Incidence,0.000118855222012107
NbyGQVwzFc_loc12_loop6,12,ITN 0%/IRS 0%/Larvicide 0%,0;0.4;0.4_0;0;0_0;0;0_-100;2;5475_-100;2;5475_-100;2;5475,35.6383561643836,Incidence,0.00011892491219673
NbyGQVwzFc_loc12_loop6,12,ITN 0%/IRS 0%/Larvicide 0%,0;0.4;0.4_0;0;0_0;0;0_-100;2;5475_-100;2;5475_-100;2;5475,35.641095890411,Incidence,0.000118994671191943
NbyGQVwzFc_loc12_loop6,12,ITN 0%/IRS 0%/Larvicide 0%,0;0.4;0.4_0;0;0_0;0;0_-100;2;5475_-100;2;5475_-100;2;5475,35.6438356164384,Incidence,0.000119064498899388
NbyGQVwzFc_loc12_loop6,12,ITN 0%/IRS 0%/Larvicide 0%,0;0.4;0.4_0;0;0_0;0;0_-100;2;5475_-100;2;5475_-100;2;5475,35.6465753424658,Incidence,0.000119134395219604
NbyGQVwzFc_loc12_loop6,12,ITN 0%/IRS 0%/Larvicide 0%,0;0.4;0.4_0;0;0_0;0;0_-100;2;5475_-100;2;5475_-100;2;5475,35.6493150684932,Incidence,0.00011920436005294
NbyGQVwzFc_loc12_loop6,12,ITN 0%/IRS 0%/Larvicide 0%,0;0.4;0.4_0;0;0_0;0;0_-100;2;5475_-100;2;5475_-100;2;5475,35.6520547945205,Incidence,0.00011927439329963
NbyGQVwzFc_loc12_loop6,12,ITN 0%/IRS 0%/Larvicide 0%,0;0.4;0.4_0;0;0_0;0;0_-100;2;5475_-100;2;5475_-100;2;5475,35.654794520548,Incidence,0.000119344494859796
NbyGQVwzFc_loc12_loop6,12,ITN 0%/IRS 0%/Larvicide 0%,0;0.4;0.4_0;0;0_0;0;0_-100;2;5475_-100;2;5475_-100;2;5475,35.6575342465754,Incidence,0.000119414664633445
NbyGQVwzFc_loc12_loop6,12,ITN 0%/IRS 0%/Larvicide 0%,0;0.4;0.4_0;0;0_0;0;0_-100;2;5475_-100;2;5475_-100;2;5475,35.6602739726027,Incidence,0.00011948490252047
NbyGQVwzFc_loc12_loop6,12,ITN 0%/IRS 0%/Larvicide 0%,0;0.4;0.4_0;0;0_0;0;0_-100;2;5475_-100;2;5475_-100;2;5475,35.6630136986301,Incidence,0.000119555208420649
NbyGQVwzFc_loc12_loop6,12,ITN 0%/IRS 0%/Larvicide 0%,0;0.4;0.4_0;0;0_0;0;0_-100;2;5475_-100;2;5475_-100;2;5475,35.6657534246575,Incidence,0.000119625582233645
NbyGQVwzFc_loc12_loop6,12,ITN 0%/IRS 0%/Larvicide 0%,0;0.4;0.4_0;0;0_0;0;0_-100;2;5475_-100;2;5475_-100;2;5475,35.6684931506849,Incidence,0.000119696023859004
NbyGQVwzFc_loc12_loop6,12,ITN 0%/IRS 0%/Larvicide 0%,0;0.4;0.4_0;0;0_0;0;0_-100;2;5475_-100;2;5475_-100;2;5475,35.6712328767123,Incidence,0.000119766533196158
NbyGQVwzFc_loc12_loop6,12,ITN 0%/IRS 0%/Larvicide 0%,0;0.4;0.4_0;0;0_0;0;0_-100;2;5475_-100;2;5475_-100;2;5475,35.6739726027397,Incidence,0.000119837110144419
NbyGQVwzFc_loc12_loop6,12,ITN 0%/IRS 0%/Larvicide 0%,0;0.4;0.4_0;0;0_0;0;0_-100;2;5475_-100;2;5475_-100;2;5475,35.6767123287671,Incidence,0.000119907754602985
NbyGQVwzFc_loc12_loop6,12,ITN 0%/IRS 0%/Larvicide 0%,0;0.4;0.4_0;0;0_0;0;0_-100;2;5475_-100;2;5475_-100;2;5475,35.6794520547945,Incidence,0.000119978466470935
NbyGQVwzFc_loc12_loop6,12,ITN 0%/IRS 0%/Larvicide 0%,0;0.4;0.4_0;0;0_0;0;0_-100;2;5475_-100;2;5475_-100;2;5475,35.6821917808219,Incidence,0.000120049245647231
NbyGQVwzFc_loc12_loop6,12,ITN 0%/IRS 0%/Larvicide 0%,0;0.4;0.4_0;0;0_0;0;0_-100;2;5475_-100;2;5475_-100;2;5475,35.6849315068493,Incidence,0.000120120092030715
NbyGQVwzFc_loc12_loop6,12,ITN 0%/IRS 0%/Larvicide 0%,0;0.4;0.4_0;0;0_0;0;0_-100;2;5475_-100;2;5475_-100;2;5475,35.6876712328767,Incidence,0.000120191005520112
NbyGQVwzFc_loc12_loop6,12,ITN 0%/IRS 0%/Larvicide 0%,0;0.4;0.4_0;0;0_0;0;0_-100;2;5475_-100;2;5475_-100;2;5475,35.6904109589041,Incidence,0.000120261986014028
NbyGQVwzFc_loc12_loop6,12,ITN 0%/IRS 0%/Larvicide 0%,0;0.4;0.4_0;0;0_0;0;0_-100;2;5475_-100;2;5475_-100;2;5475,35.6931506849315,Incidence,0.000120333033410947
NbyGQVwzFc_loc12_loop6,12,ITN 0%/IRS 0%/Larvicide 0%,0;0.4;0.4_0;0;0_0;0;0_-100;2;5475_-100;2;5475_-100;2;5475,35.6958904109589,Incidence,0.000120404147609235
NbyGQVwzFc_loc12_loop6,12,ITN 0%/IRS 0%/Larvicide 0%,0;0.4;0.4_0;0;0_0;0;0_-100;2;5475_-100;2;5475_-100;2;5475,35.6986301369863,Incidence,0.000120475328507138
NbyGQVwzFc_loc12_loop6,12,ITN 0%/IRS 0%/Larvicide 0%,0;0.4;0.4_0;0;0_0;0;0_-100;2;5475_-100;2;5475_-100;2;5475,35.7013698630137,Incidence,0.000120546576002779
NbyGQVwzFc_loc12_loop6,12,ITN 0%/IRS 0%/Larvicide 0%,0;0.4;0.4_0;0;0_0;0;0_-100;2;5475_-100;2;5475_-100;2;5475,35.7041095890411,Incidence,0.000120617889994162
NbyGQVwzFc_loc12_loop6,12,ITN 0%/IRS 0%/Larvicide 0%,0;0.4;0.4_0;0;0_0;0;0_-100;2;5475_-100;2;5475_-100;2;5475,35.7068493150685,Incidence,0.000120689270379169
NbyGQVwzFc_loc12_loop6,12,ITN 0%/IRS 0%/Larvicide 0%,0;0.4;0.4_0;0;0_0;0;0_-100;2;5475_-100;2;5475_-100;2;5475,35.7095890410959,Incidence,0.000120760717055558
NbyGQVwzFc_loc12_loop6,12,ITN 0%/IRS 0%/Larvicide 0%,0;0.4;0.4_0;0;0_0;0;0_-100;2;5475_-100;2;5475_-100;2;5475,35.7123287671233,Incidence,0.000120832229920967
NbyGQVwzFc_loc12_loop6,12,ITN 0%/IRS 0%/Larvicide 0%,0;0.4;0.4_0;0;0_0;0;0_-100;2;5475_-100;2;5475_-100;2;5475,35.7150684931507,Incidence,0.00012090380887291
NbyGQVwzFc_loc12_loop6,12,ITN 0%/IRS 0%/Larvicide 0%,0;0.4;0.4_0;0;0_0;0;0_-100;2;5475_-100;2;5475_-100;2;5475,35.7178082191781,Incidence,0.000120975453808779
NbyGQVwzFc_loc12_loop6,12,ITN 0%/IRS 0%/Larvicide 0%,0;0.4;0.4_0;0;0_0;0;0_-100;2;5475_-100;2;5475_-100;2;5475,35.7205479452055,Incidence,0.000121047164625841
NbyGQVwzFc_loc12_loop6,12,ITN 0%/IRS 0%/Larvicide 0%,0;0.4;0.4_0;0;0_0;0;0_-100;2;5475_-100;2;5475_-100;2;5475,35.7232876712329,Incidence,0.00012111894122124
NbyGQVwzFc_loc12_loop6,12,ITN 0%/IRS 0%/Larvicide 0%,0;0.4;0.4_0;0;0_0;0;0_-100;2;5475_-100;2;5475_-100;2;5475,35.7260273972603,Incidence,0.000121190783491996
NbyGQVwzFc_loc12_loop6,12,ITN 0%/IRS 0%/Larvicide 0%,0;0.4;0.4_0;0;0_0;0;0_-100;2;5475_-100;2;5475_-100;2;5475,35.7287671232877,Incidence,0.000121262691335003
NbyGQVwzFc_loc12_loop6,12,ITN 0%/IRS 0%/Larvicide 0%,0;0.4;0.4_0;0;0_0;0;0_-100;2;5475_-100;2;5475_-100;2;5475,35.7315068493151,Incidence,0.000121334664647031
NbyGQVwzFc_loc12_loop6,12,ITN 0%/IRS 0%/Larvicide 0%,0;0.4;0.4_0;0;0_0;0;0_-100;2;5475_-100;2;5475_-100;2;5475,35.7342465753425,Incidence,0.000121406703324725
NbyGQVwzFc_loc12_loop6,12,ITN 0%/IRS 0%/Larvicide 0%,0;0.4;0.4_0;0;0_0;0;0_-100;2;5475_-100;2;5475_-100;2;5475,35.7369863013699,Incidence,0.000121478807264603
NbyGQVwzFc_loc12_loop6,12,ITN 0%/IRS 0%/Larvicide 0%,0;0.4;0.4_0;0;0_0;0;0_-100;2;5475_-100;2;5475_-100;2;5475,35.7397260273973,Incidence,0.000121550976363058
NbyGQVwzFc_loc12_loop6,12,ITN 0%/IRS 0%/Larvicide 0%,0;0.4;0.4_0;0;0_0;0;0_-100;2;5475_-100;2;5475_-100;2;5475,35.7424657534247,Incidence,0.000121623210516357
NbyGQVwzFc_loc12_loop6,12,ITN 0%/IRS 0%/Larvicide 0%,0;0.4;0.4_0;0;0_0;0;0_-100;2;5475_-100;2;5475_-100;2;5475,35.7452054794521,Incidence,0.000121695509620637
NbyGQVwzFc_loc12_loop6,12,ITN 0%/IRS 0%/Larvicide 0%,0;0.4;0.4_0;0;0_0;0;0_-100;2;5475_-100;2;5475_-100;2;5475,35.7479452054795,Incidence,0.000121767873571913
NbyGQVwzFc_loc12_loop6,12,ITN 0%/IRS 0%/Larvicide 0%,0;0.4;0.4_0;0;0_0;0;0_-100;2;5475_-100;2;5475_-100;2;5475,35.7506849315068,Incidence,0.000121840302266069
NbyGQVwzFc_loc12_loop6,12,ITN 0%/IRS 0%/Larvicide 0%,0;0.4;0.4_0;0;0_0;0;0_-100;2;5475_-100;2;5475_-100;2;5475,35.7534246575342,Incidence,0.000121912795598862
NbyGQVwzFc_loc12_loop6,12,ITN 0%/IRS 0%/Larvicide 0%,0;0.4;0.4_0;0;0_0;0;0_-100;2;5475_-100;2;5475_-100;2;5475,35.7561643835617,Incidence,0.00012198535346592
NbyGQVwzFc_loc12_loop6,12,ITN 0%/IRS 0%/Larvicide 0%,0;0.4;0.4_0;0;0_0;0;0_-100;2;5475_-100;2;5475_-100;2;5475,35.758904109589,Incidence,0.000122057975762745
NbyGQVwzFc_loc12_loop6,12,ITN 0%/IRS 0%/Larvicide 0%,0;0.4;0.4_0;0;0_0;0;0_-100;2;5475_-100;2;5475_-100;2;5475,35.7616438356164,Incidence,0.000122130662384707
NbyGQVwzFc_loc12_loop6,12,ITN 0%/IRS 0%/Larvicide 0%,0;0.4;0.4_0;0;0_0;0;0_-100;2;5475_-100;2;5475_-100;2;5475,35.7643835616438,Incidence,0.00012220341322705
NbyGQVwzFc_loc12_loop6,12,ITN 0%/IRS 0%/Larvicide 0%,0;0.4;0.4_0;0;0_0;0;0_-100;2;5475_-100;2;5475_-100;2;5475,35.7671232876712,Incidence,0.000122276228184886
NbyGQVwzFc_loc12_loop6,12,ITN 0%/IRS 0%/Larvicide 0%,0;0.4;0.4_0;0;0_0;0;0_-100;2;5475_-100;2;5475_-100;2;5475,35.7698630136986,Incidence,0.000122349107152866
NbyGQVwzFc_loc12_loop6,12,ITN 0%/IRS 0%/Larvicide 0%,0;0.4;0.4_0;0;0_0;0;0_-100;2;5475_-100;2;5475_-100;2;5475,35.772602739726,Incidence,0.000122422050024748
NbyGQVwzFc_loc12_loop6,12,ITN 0%/IRS 0%/Larvicide 0%,0;0.4;0.4_0;0;0_0;0;0_-100;2;5475_-100;2;5475_-100;2;5475,35.7753424657534,Incidence,0.000122495056694066
NbyGQVwzFc_loc12_loop6,12,ITN 0%/IRS 0%/Larvicide 0%,0;0.4;0.4_0;0;0_0;0;0_-100;2;5475_-100;2;5475_-100;2;5475,35.7780821917808,Incidence,0.000122568127054233
NbyGQVwzFc_loc12_loop6,12,ITN 0%/IRS 0%/Larvicide 0%,0;0.4;0.4_0;0;0_0;0;0_-100;2;5475_-100;2;5475_-100;2;5475,35.7808219178082,Incidence,0.000122641260998539
NbyGQVwzFc_loc12_loop6,12,ITN 0%/IRS 0%/Larvicide 0%,0;0.4;0.4_0;0;0_0;0;0_-100;2;5475_-100;2;5475_-100;2;5475,35.7835616438356,Incidence,0.000122714458420156
NbyGQVwzFc_loc12_loop6,12,ITN 0%/IRS 0%/Larvicide 0%,0;0.4;0.4_0;0;0_0;0;0_-100;2;5475_-100;2;5475_-100;2;5475,35.786301369863,Incidence,0.00012278771921213
NbyGQVwzFc_loc12_loop6,12,ITN 0%/IRS 0%/Larvicide 0%,0;0.4;0.4_0;0;0_0;0;0_-100;2;5475_-100;2;5475_-100;2;5475,35.7890410958904,Incidence,0.00012286104326739
NbyGQVwzFc_loc12_loop6,12,ITN 0%/IRS 0%/Larvicide 0%,0;0.4;0.4_0;0;0_0;0;0_-100;2;5475_-100;2;5475_-100;2;5475,35.7917808219178,Incidence,0.000122934430478737
NbyGQVwzFc_loc12_loop6,12,ITN 0%/IRS 0%/Larvicide 0%,0;0.4;0.4_0;0;0_0;0;0_-100;2;5475_-100;2;5475_-100;2;5475,35.7945205479452,Incidence,0.000123007880738855
NbyGQVwzFc_loc12_loop6,12,ITN 0%/IRS 0%/Larvicide 0%,0;0.4;0.4_0;0;0_0;0;0_-100;2;5475_-100;2;5475_-100;2;5475,35.7972602739726,Incidence,0.000123081393940301
NbyGQVwzFc_loc12_loop6,12,ITN 0%/IRS 0%/Larvicide 0%,0;0.4;0.4_0;0;0_0;0;0_-100;2;5475_-100;2;5475_-100;2;5475,35.8,Incidence,0.00012315496997551
NbyGQVwzFc_loc12_loop6,12,ITN 0%/IRS 0%/Larvicide 0%,0;0.4;0.4_0;0;0_0;0;0_-100;2;5475_-100;2;5475_-100;2;5475,35.8027397260274,Incidence,0.000123228608736796
NbyGQVwzFc_loc12_loop6,12,ITN 0%/IRS 0%/Larvicide 0%,0;0.4;0.4_0;0;0_0;0;0_-100;2;5475_-100;2;5475_-100;2;5475,35.8054794520548,Incidence,0.000123302310116345
NbyGQVwzFc_loc12_loop6,12,ITN 0%/IRS 0%/Larvicide 0%,0;0.4;0.4_0;0;0_0;0;0_-100;2;5475_-100;2;5475_-100;2;5475,35.8082191780822,Incidence,0.000123376074006224
NbyGQVwzFc_loc12_loop6,12,ITN 0%/IRS 0%/Larvicide 0%,0;0.4;0.4_0;0;0_0;0;0_-100;2;5475_-100;2;5475_-100;2;5475,35.8109589041096,Incidence,0.000123449900298371
NbyGQVwzFc_loc12_loop6,12,ITN 0%/IRS 0%/Larvicide 0%,0;0.4;0.4_0;0;0_0;0;0_-100;2;5475_-100;2;5475_-100;2;5475,35.813698630137,Incidence,0.000123523788884603
NbyGQVwzFc_loc12_loop6,12,ITN 0%/IRS 0%/Larvicide 0%,0;0.4;0.4_0;0;0_0;0;0_-100;2;5475_-100;2;5475_-100;2;5475,35.8164383561644,Incidence,0.000123597739656611
NbyGQVwzFc_loc12_loop6,12,ITN 0%/IRS 0%/Larvicide 0%,0;0.4;0.4_0;0;0_0;0;0_-100;2;5475_-100;2;5475_-100;2;5475,35.8191780821918,Incidence,0.000123671752505961
NbyGQVwzFc_loc12_loop6,12,ITN 0%/IRS 0%/Larvicide 0%,0;0.4;0.4_0;0;0_0;0;0_-100;2;5475_-100;2;5475_-100;2;5475,35.8219178082192,Incidence,0.000123745827324094
NbyGQVwzFc_loc12_loop6,12,ITN 0%/IRS 0%/Larvicide 0%,0;0.4;0.4_0;0;0_0;0;0_-100;2;5475_-100;2;5475_-100;2;5475,35.8246575342466,Incidence,0.000123819964002326
NbyGQVwzFc_loc12_loop6,12,ITN 0%/IRS 0%/Larvicide 0%,0;0.4;0.4_0;0;0_0;0;0_-100;2;5475_-100;2;5475_-100;2;5475,35.827397260274,Incidence,0.000123894162431846
NbyGQVwzFc_loc12_loop6,12,ITN 0%/IRS 0%/Larvicide 0%,0;0.4;0.4_0;0;0_0;0;0_-100;2;5475_-100;2;5475_-100;2;5475,35.8301369863014,Incidence,0.00012396842250372
NbyGQVwzFc_loc12_loop6,12,ITN 0%/IRS 0%/Larvicide 0%,0;0.4;0.4_0;0;0_0;0;0_-100;2;5475_-100;2;5475_-100;2;5475,35.8328767123288,Incidence,0.000124042744108886
NbyGQVwzFc_loc12_loop6,12,ITN 0%/IRS 0%/Larvicide 0%,0;0.4;0.4_0;0;0_0;0;0_-100;2;5475_-100;2;5475_-100;2;5475,35.8356164383562,Incidence,0.000124117127138154
NbyGQVwzFc_loc12_loop6,12,ITN 0%/IRS 0%/Larvicide 0%,0;0.4;0.4_0;0;0_0;0;0_-100;2;5475_-100;2;5475_-100;2;5475,35.8383561643836,Incidence,0.00012419157148221
NbyGQVwzFc_loc12_loop6,12,ITN 0%/IRS 0%/Larvicide 0%,0;0.4;0.4_0;0;0_0;0;0_-100;2;5475_-100;2;5475_-100;2;5475,35.841095890411,Incidence,0.000124266077031614
NbyGQVwzFc_loc12_loop6,12,ITN 0%/IRS 0%/Larvicide 0%,0;0.4;0.4_0;0;0_0;0;0_-100;2;5475_-100;2;5475_-100;2;5475,35.8438356164384,Incidence,0.000124340643676795
NbyGQVwzFc_loc12_loop6,12,ITN 0%/IRS 0%/Larvicide 0%,0;0.4;0.4_0;0;0_0;0;0_-100;2;5475_-100;2;5475_-100;2;5475,35.8465753424658,Incidence,0.00012441527130806
NbyGQVwzFc_loc12_loop6,12,ITN 0%/IRS 0%/Larvicide 0%,0;0.4;0.4_0;0;0_0;0;0_-100;2;5475_-100;2;5475_-100;2;5475,35.8493150684932,Incidence,0.000124489959815584
NbyGQVwzFc_loc12_loop6,12,ITN 0%/IRS 0%/Larvicide 0%,0;0.4;0.4_0;0;0_0;0;0_-100;2;5475_-100;2;5475_-100;2;5475,35.8520547945206,Incidence,0.000124564709089417
NbyGQVwzFc_loc12_loop6,12,ITN 0%/IRS 0%/Larvicide 0%,0;0.4;0.4_0;0;0_0;0;0_-100;2;5475_-100;2;5475_-100;2;5475,35.854794520548,Incidence,0.000124639519019481
NbyGQVwzFc_loc12_loop6,12,ITN 0%/IRS 0%/Larvicide 0%,0;0.4;0.4_0;0;0_0;0;0_-100;2;5475_-100;2;5475_-100;2;5475,35.8575342465753,Incidence,0.000124714389495569
NbyGQVwzFc_loc12_loop6,12,ITN 0%/IRS 0%/Larvicide 0%,0;0.4;0.4_0;0;0_0;0;0_-100;2;5475_-100;2;5475_-100;2;5475,35.8602739726027,Incidence,0.000124789320407348
NbyGQVwzFc_loc12_loop6,12,ITN 0%/IRS 0%/Larvicide 0%,0;0.4;0.4_0;0;0_0;0;0_-100;2;5475_-100;2;5475_-100;2;5475,35.8630136986301,Incidence,0.000124864311644354
NbyGQVwzFc_loc12_loop6,12,ITN 0%/IRS 0%/Larvicide 0%,0;0.4;0.4_0;0;0_0;0;0_-100;2;5475_-100;2;5475_-100;2;5475,35.8657534246575,Incidence,0.000124939363095997
NbyGQVwzFc_loc12_loop6,12,ITN 0%/IRS 0%/Larvicide 0%,0;0.4;0.4_0;0;0_0;0;0_-100;2;5475_-100;2;5475_-100;2;5475,35.8684931506849,Incidence,0.000125014474651555
NbyGQVwzFc_loc12_loop6,12,ITN 0%/IRS 0%/Larvicide 0%,0;0.4;0.4_0;0;0_0;0;0_-100;2;5475_-100;2;5475_-100;2;5475,35.8712328767123,Incidence,0.000125089646200181
NbyGQVwzFc_loc12_loop6,12,ITN 0%/IRS 0%/Larvicide 0%,0;0.4;0.4_0;0;0_0;0;0_-100;2;5475_-100;2;5475_-100;2;5475,35.8739726027397,Incidence,0.000125164877630896
NbyGQVwzFc_loc12_loop6,12,ITN 0%/IRS 0%/Larvicide 0%,0;0.4;0.4_0;0;0_0;0;0_-100;2;5475_-100;2;5475_-100;2;5475,35.8767123287671,Incidence,0.000125240168832594
NbyGQVwzFc_loc12_loop6,12,ITN 0%/IRS 0%/Larvicide 0%,0;0.4;0.4_0;0;0_0;0;0_-100;2;5475_-100;2;5475_-100;2;5475,35.8794520547945,Incidence,0.000125315519694038
NbyGQVwzFc_loc12_loop6,12,ITN 0%/IRS 0%/Larvicide 0%,0;0.4;0.4_0;0;0_0;0;0_-100;2;5475_-100;2;5475_-100;2;5475,35.8821917808219,Incidence,0.000125390930103862
NbyGQVwzFc_loc12_loop6,12,ITN 0%/IRS 0%/Larvicide 0%,0;0.4;0.4_0;0;0_0;0;0_-100;2;5475_-100;2;5475_-100;2;5475,35.8849315068493,Incidence,0.000125466399950572
NbyGQVwzFc_loc12_loop6,12,ITN 0%/IRS 0%/Larvicide 0%,0;0.4;0.4_0;0;0_0;0;0_-100;2;5475_-100;2;5475_-100;2;5475,35.8876712328767,Incidence,0.00012554192912254
NbyGQVwzFc_loc12_loop6,12,ITN 0%/IRS 0%/Larvicide 0%,0;0.4;0.4_0;0;0_0;0;0_-100;2;5475_-100;2;5475_-100;2;5475,35.8904109589041,Incidence,0.000125617517508013
NbyGQVwzFc_loc12_loop6,12,ITN 0%/IRS 0%/Larvicide 0%,0;0.4;0.4_0;0;0_0;0;0_-100;2;5475_-100;2;5475_-100;2;5475,35.8931506849315,Incidence,0.000125693164995104
NbyGQVwzFc_loc12_loop6,12,ITN 0%/IRS 0%/Larvicide 0%,0;0.4;0.4_0;0;0_0;0;0_-100;2;5475_-100;2;5475_-100;2;5475,35.8958904109589,Incidence,0.000125768871471799
NbyGQVwzFc_loc12_loop6,12,ITN 0%/IRS 0%/Larvicide 0%,0;0.4;0.4_0;0;0_0;0;0_-100;2;5475_-100;2;5475_-100;2;5475,35.8986301369863,Incidence,0.000125844636825951
NbyGQVwzFc_loc12_loop6,12,ITN 0%/IRS 0%/Larvicide 0%,0;0.4;0.4_0;0;0_0;0;0_-100;2;5475_-100;2;5475_-100;2;5475,35.9013698630137,Incidence,0.000125920460945283
NbyGQVwzFc_loc12_loop6,12,ITN 0%/IRS 0%/Larvicide 0%,0;0.4;0.4_0;0;0_0;0;0_-100;2;5475_-100;2;5475_-100;2;5475,35.9041095890411,Incidence,0.000125996343717347
NbyGQVwzFc_loc12_loop6,12,ITN 0%/IRS 0%/Larvicide 0%,0;0.4;0.4_0;0;0_0;0;0_-100;2;5475_-100;2;5475_-100;2;5475,35.9068493150685,Incidence,0.00012607228502897
NbyGQVwzFc_loc12_loop6,12,ITN 0%/IRS 0%/Larvicide 0%,0;0.4;0.4_0;0;0_0;0;0_-100;2;5475_-100;2;5475_-100;2;5475,35.9095890410959,Incidence,0.00012614828476652
NbyGQVwzFc_loc12_loop6,12,ITN 0%/IRS 0%/Larvicide 0%,0;0.4;0.4_0;0;0_0;0;0_-100;2;5475_-100;2;5475_-100;2;5475,35.9123287671233,Incidence,0.000126224342816252
NbyGQVwzFc_loc12_loop6,12,ITN 0%/IRS 0%/Larvicide 0%,0;0.4;0.4_0;0;0_0;0;0_-100;2;5475_-100;2;5475_-100;2;5475,35.9150684931507,Incidence,0.000126300459064298
NbyGQVwzFc_loc12_loop6,12,ITN 0%/IRS 0%/Larvicide 0%,0;0.4;0.4_0;0;0_0;0;0_-100;2;5475_-100;2;5475_-100;2;5475,35.9178082191781,Incidence,0.000126376633396668
NbyGQVwzFc_loc12_loop6,12,ITN 0%/IRS 0%/Larvicide 0%,0;0.4;0.4_0;0;0_0;0;0_-100;2;5475_-100;2;5475_-100;2;5475,35.9205479452055,Incidence,0.000126452865699248
NbyGQVwzFc_loc12_loop6,12,ITN 0%/IRS 0%/Larvicide 0%,0;0.4;0.4_0;0;0_0;0;0_-100;2;5475_-100;2;5475_-100;2;5475,35.9232876712329,Incidence,0.000126529155857804
NbyGQVwzFc_loc12_loop6,12,ITN 0%/IRS 0%/Larvicide 0%,0;0.4;0.4_0;0;0_0;0;0_-100;2;5475_-100;2;5475_-100;2;5475,35.9260273972603,Incidence,0.000126605503757977
NbyGQVwzFc_loc12_loop6,12,ITN 0%/IRS 0%/Larvicide 0%,0;0.4;0.4_0;0;0_0;0;0_-100;2;5475_-100;2;5475_-100;2;5475,35.9287671232877,Incidence,0.000126681909285288
NbyGQVwzFc_loc12_loop6,12,ITN 0%/IRS 0%/Larvicide 0%,0;0.4;0.4_0;0;0_0;0;0_-100;2;5475_-100;2;5475_-100;2;5475,35.9315068493151,Incidence,0.000126758372325131
NbyGQVwzFc_loc12_loop6,12,ITN 0%/IRS 0%/Larvicide 0%,0;0.4;0.4_0;0;0_0;0;0_-100;2;5475_-100;2;5475_-100;2;5475,35.9342465753425,Incidence,0.00012683489276278
NbyGQVwzFc_loc12_loop6,12,ITN 0%/IRS 0%/Larvicide 0%,0;0.4;0.4_0;0;0_0;0;0_-100;2;5475_-100;2;5475_-100;2;5475,35.9369863013699,Incidence,0.000126911470483387
NbyGQVwzFc_loc12_loop6,12,ITN 0%/IRS 0%/Larvicide 0%,0;0.4;0.4_0;0;0_0;0;0_-100;2;5475_-100;2;5475_-100;2;5475,35.9397260273973,Incidence,0.000126988105371977
NbyGQVwzFc_loc12_loop6,12,ITN 0%/IRS 0%/Larvicide 0%,0;0.4;0.4_0;0;0_0;0;0_-100;2;5475_-100;2;5475_-100;2;5475,35.9424657534247,Incidence,0.000127064797313454
NbyGQVwzFc_loc12_loop6,12,ITN 0%/IRS 0%/Larvicide 0%,0;0.4;0.4_0;0;0_0;0;0_-100;2;5475_-100;2;5475_-100;2;5475,35.9452054794521,Incidence,0.000127141546192601
NbyGQVwzFc_loc12_loop6,12,ITN 0%/IRS 0%/Larvicide 0%,0;0.4;0.4_0;0;0_0;0;0_-100;2;5475_-100;2;5475_-100;2;5475,35.9479452054795,Incidence,0.000127218351894073
NbyGQVwzFc_loc12_loop6,12,ITN 0%/IRS 0%/Larvicide 0%,0;0.4;0.4_0;0;0_0;0;0_-100;2;5475_-100;2;5475_-100;2;5475,35.9506849315069,Incidence,0.000127295214302404
NbyGQVwzFc_loc12_loop6,12,ITN 0%/IRS 0%/Larvicide 0%,0;0.4;0.4_0;0;0_0;0;0_-100;2;5475_-100;2;5475_-100;2;5475,35.9534246575343,Incidence,0.000127372133302004
NbyGQVwzFc_loc12_loop6,12,ITN 0%/IRS 0%/Larvicide 0%,0;0.4;0.4_0;0;0_0;0;0_-100;2;5475_-100;2;5475_-100;2;5475,35.9561643835616,Incidence,0.000127449108777161
NbyGQVwzFc_loc12_loop6,12,ITN 0%/IRS 0%/Larvicide 0%,0;0.4;0.4_0;0;0_0;0;0_-100;2;5475_-100;2;5475_-100;2;5475,35.958904109589,Incidence,0.000127526140612037
NbyGQVwzFc_loc12_loop6,12,ITN 0%/IRS 0%/Larvicide 0%,0;0.4;0.4_0;0;0_0;0;0_-100;2;5475_-100;2;5475_-100;2;5475,35.9616438356164,Incidence,0.000127603228690671
NbyGQVwzFc_loc12_loop6,12,ITN 0%/IRS 0%/Larvicide 0%,0;0.4;0.4_0;0;0_0;0;0_-100;2;5475_-100;2;5475_-100;2;5475,35.9643835616438,Incidence,0.00012768037289698
NbyGQVwzFc_loc12_loop6,12,ITN 0%/IRS 0%/Larvicide 0%,0;0.4;0.4_0;0;0_0;0;0_-100;2;5475_-100;2;5475_-100;2;5475,35.9671232876712,Incidence,0.000127757573114753
NbyGQVwzFc_loc12_loop6,12,ITN 0%/IRS 0%/Larvicide 0%,0;0.4;0.4_0;0;0_0;0;0_-100;2;5475_-100;2;5475_-100;2;5475,35.9698630136986,Incidence,0.000127834829227661
NbyGQVwzFc_loc12_loop6,12,ITN 0%/IRS 0%/Larvicide 0%,0;0.4;0.4_0;0;0_0;0;0_-100;2;5475_-100;2;5475_-100;2;5475,35.972602739726,Incidence,0.000127912141119246
NbyGQVwzFc_loc12_loop6,12,ITN 0%/IRS 0%/Larvicide 0%,0;0.4;0.4_0;0;0_0;0;0_-100;2;5475_-100;2;5475_-100;2;5475,35.9753424657534,Incidence,0.000127989508672928
NbyGQVwzFc_loc12_loop6,12,ITN 0%/IRS 0%/Larvicide 0%,0;0.4;0.4_0;0;0_0;0;0_-100;2;5475_-100;2;5475_-100;2;5475,35.9780821917808,Incidence,0.000128066931772004
NbyGQVwzFc_loc12_loop6,12,ITN 0%/IRS 0%/Larvicide 0%,0;0.4;0.4_0;0;0_0;0;0_-100;2;5475_-100;2;5475_-100;2;5475,35.9808219178082,Incidence,0.000128144410299645
NbyGQVwzFc_loc12_loop6,12,ITN 0%/IRS 0%/Larvicide 0%,0;0.4;0.4_0;0;0_0;0;0_-100;2;5475_-100;2;5475_-100;2;5475,35.9835616438356,Incidence,0.0001282219441389
NbyGQVwzFc_loc12_loop6,12,ITN 0%/IRS 0%/Larvicide 0%,0;0.4;0.4_0;0;0_0;0;0_-100;2;5475_-100;2;5475_-100;2;5475,35.986301369863,Incidence,0.000128299533172693
NbyGQVwzFc_loc12_loop6,12,ITN 0%/IRS 0%/Larvicide 0%,0;0.4;0.4_0;0;0_0;0;0_-100;2;5475_-100;2;5475_-100;2;5475,35.9890410958904,Incidence,0.000128377177283823
NbyGQVwzFc_loc12_loop6,12,ITN 0%/IRS 0%/Larvicide 0%,0;0.4;0.4_0;0;0_0;0;0_-100;2;5475_-100;2;5475_-100;2;5475,35.9917808219178,Incidence,0.000128454876354967
NbyGQVwzFc_loc12_loop6,12,ITN 0%/IRS 0%/Larvicide 0%,0;0.4;0.4_0;0;0_0;0;0_-100;2;5475_-100;2;5475_-100;2;5475,35.9945205479452,Incidence,0.000128532630268676
NbyGQVwzFc_loc12_loop6,12,ITN 0%/IRS 0%/Larvicide 0%,0;0.4;0.4_0;0;0_0;0;0_-100;2;5475_-100;2;5475_-100;2;5475,35.9972602739726,Incidence,0.000128610438907378
NbyGQVwzFc_loc12_loop6,12,ITN 0%/IRS 0%/Larvicide 0%,0;0.4;0.4_0;0;0_0;0;0_-100;2;5475_-100;2;5475_-100;2;5475,36,Incidence,0.000128688302153377
NbyGQVwzFc_loc12_loop6,12,ITN 0%/IRS 0%/Larvicide 0%,0;0.4;0.4_0;0;0_0;0;0_-100;2;5475_-100;2;5475_-100;2;5475,36.0027397260274,Incidence,0.000128766219888851
NbyGQVwzFc_loc12_loop6,12,ITN 0%/IRS 0%/Larvicide 0%,0;0.4;0.4_0;0;0_0;0;0_-100;2;5475_-100;2;5475_-100;2;5475,36.0054794520548,Incidence,0.000128844191995853
NbyGQVwzFc_loc12_loop6,12,ITN 0%/IRS 0%/Larvicide 0%,0;0.4;0.4_0;0;0_0;0;0_-100;2;5475_-100;2;5475_-100;2;5475,36.0082191780822,Incidence,0.000128922218356325
NbyGQVwzFc_loc12_loop6,12,ITN 0%/IRS 0%/Larvicide 0%,0;0.4;0.4_0;0;0_0;0;0_-100;2;5475_-100;2;5475_-100;2;5475,36.0109589041096,Incidence,0.000129000298852065
NbyGQVwzFc_loc12_loop6,12,ITN 0%/IRS 0%/Larvicide 0%,0;0.4;0.4_0;0;0_0;0;0_-100;2;5475_-100;2;5475_-100;2;5475,36.013698630137,Incidence,0.000129078433364759
NbyGQVwzFc_loc12_loop6,12,ITN 0%/IRS 0%/Larvicide 0%,0;0.4;0.4_0;0;0_0;0;0_-100;2;5475_-100;2;5475_-100;2;5475,36.0164383561644,Incidence,0.000129156621775967
NbyGQVwzFc_loc12_loop6,12,ITN 0%/IRS 0%/Larvicide 0%,0;0.4;0.4_0;0;0_0;0;0_-100;2;5475_-100;2;5475_-100;2;5475,36.0191780821918,Incidence,0.000129234863967123
NbyGQVwzFc_loc12_loop6,12,ITN 0%/IRS 0%/Larvicide 0%,0;0.4;0.4_0;0;0_0;0;0_-100;2;5475_-100;2;5475_-100;2;5475,36.0219178082192,Incidence,0.000129313159819537
NbyGQVwzFc_loc12_loop6,12,ITN 0%/IRS 0%/Larvicide 0%,0;0.4;0.4_0;0;0_0;0;0_-100;2;5475_-100;2;5475_-100;2;5475,36.0246575342466,Incidence,0.000129391509214397
NbyGQVwzFc_loc12_loop6,12,ITN 0%/IRS 0%/Larvicide 0%,0;0.4;0.4_0;0;0_0;0;0_-100;2;5475_-100;2;5475_-100;2;5475,36.027397260274,Incidence,0.000129469912032765
NbyGQVwzFc_loc12_loop6,12,ITN 0%/IRS 0%/Larvicide 0%,0;0.4;0.4_0;0;0_0;0;0_-100;2;5475_-100;2;5475_-100;2;5475,36.0301369863014,Incidence,0.000129548368155582
NbyGQVwzFc_loc12_loop6,12,ITN 0%/IRS 0%/Larvicide 0%,0;0.4;0.4_0;0;0_0;0;0_-100;2;5475_-100;2;5475_-100;2;5475,36.0328767123288,Incidence,0.000108836577347511
NbyGQVwzFc_loc12_loop6,12,ITN 0%/IRS 0%/Larvicide 0%,0;0.4;0.4_0;0;0_0;0;0_-100;2;5475_-100;2;5475_-100;2;5475,36.0356164383562,Incidence,0.000108469886997382
NbyGQVwzFc_loc12_loop6,12,ITN 0%/IRS 0%/Larvicide 0%,0;0.4;0.4_0;0;0_0;0;0_-100;2;5475_-100;2;5475_-100;2;5475,36.0383561643836,Incidence,0.000108142913579852
NbyGQVwzFc_loc12_loop6,12,ITN 0%/IRS 0%/Larvicide 0%,0;0.4;0.4_0;0;0_0;0;0_-100;2;5475_-100;2;5475_-100;2;5475,36.041095890411,Incidence,0.000107853781263414
NbyGQVwzFc_loc12_loop6,12,ITN 0%/IRS 0%/Larvicide 0%,0;0.4;0.4_0;0;0_0;0;0_-100;2;5475_-100;2;5475_-100;2;5475,36.0438356164384,Incidence,0.000107599042801995
NbyGQVwzFc_loc12_loop6,12,ITN 0%/IRS 0%/Larvicide 0%,0;0.4;0.4_0;0;0_0;0;0_-100;2;5475_-100;2;5475_-100;2;5475,36.0465753424658,Incidence,0.00010737556498959
NbyGQVwzFc_loc12_loop6,12,ITN 0%/IRS 0%/Larvicide 0%,0;0.4;0.4_0;0;0_0;0;0_-100;2;5475_-100;2;5475_-100;2;5475,36.0493150684932,Incidence,0.000107180500035956
NbyGQVwzFc_loc12_loop6,12,ITN 0%/IRS 0%/Larvicide 0%,0;0.4;0.4_0;0;0_0;0;0_-100;2;5475_-100;2;5475_-100;2;5475,36.0520547945206,Incidence,0.000107011259840233
NbyGQVwzFc_loc12_loop6,12,ITN 0%/IRS 0%/Larvicide 0%,0;0.4;0.4_0;0;0_0;0;0_-100;2;5475_-100;2;5475_-100;2;5475,36.0547945205479,Incidence,0.000106851386722073
NbyGQVwzFc_loc12_loop6,12,ITN 0%/IRS 0%/Larvicide 0%,0;0.4;0.4_0;0;0_0;0;0_-100;2;5475_-100;2;5475_-100;2;5475,36.0575342465753,Incidence,0.000106376046484613
NbyGQVwzFc_loc12_loop6,12,ITN 0%/IRS 0%/Larvicide 0%,0;0.4;0.4_0;0;0_0;0;0_-100;2;5475_-100;2;5475_-100;2;5475,36.0602739726027,Incidence,0.00010591381104284
NbyGQVwzFc_loc12_loop6,12,ITN 0%/IRS 0%/Larvicide 0%,0;0.4;0.4_0;0;0_0;0;0_-100;2;5475_-100;2;5475_-100;2;5475,36.0630136986301,Incidence,0.000105468008750857
NbyGQVwzFc_loc12_loop6,12,ITN 0%/IRS 0%/Larvicide 0%,0;0.4;0.4_0;0;0_0;0;0_-100;2;5475_-100;2;5475_-100;2;5475,36.0657534246575,Incidence,0.0001050401020908
NbyGQVwzFc_loc12_loop6,12,ITN 0%/IRS 0%/Larvicide 0%,0;0.4;0.4_0;0;0_0;0;0_-100;2;5475_-100;2;5475_-100;2;5475,36.0684931506849,Incidence,0.000104631144057537
NbyGQVwzFc_loc12_loop6,12,ITN 0%/IRS 0%/Larvicide 0%,0;0.4;0.4_0;0;0_0;0;0_-100;2;5475_-100;2;5475_-100;2;5475,36.0712328767123,Incidence,0.000104241851112882
NbyGQVwzFc_loc12_loop6,12,ITN 0%/IRS 0%/Larvicide 0%,0;0.4;0.4_0;0;0_0;0;0_-100;2;5475_-100;2;5475_-100;2;5475,36.0739726027397,Incidence,0.000103872659392279
NbyGQVwzFc_loc12_loop6,12,ITN 0%/IRS 0%/Larvicide 0%,0;0.4;0.4_0;0;0_0;0;0_-100;2;5475_-100;2;5475_-100;2;5475,36.0767123287671,Incidence,0.000103523771171351
NbyGQVwzFc_loc12_loop6,12,ITN 0%/IRS 0%/Larvicide 0%,0;0.4;0.4_0;0;0_0;0;0_-100;2;5475_-100;2;5475_-100;2;5475,36.0794520547945,Incidence,0.000103195193659709
NbyGQVwzFc_loc12_loop6,12,ITN 0%/IRS 0%/Larvicide 0%,0;0.4;0.4_0;0;0_0;0;0_-100;2;5475_-100;2;5475_-100;2;5475,36.0821917808219,Incidence,0.000102886772103572
NbyGQVwzFc_loc12_loop6,12,ITN 0%/IRS 0%/Larvicide 0%,0;0.4;0.4_0;0;0_0;0;0_-100;2;5475_-100;2;5475_-100;2;5475,36.0849315068493,Incidence,0.000102598218972001
NbyGQVwzFc_loc12_loop6,12,ITN 0%/IRS 0%/Larvicide 0%,0;0.4;0.4_0;0;0_0;0;0_-100;2;5475_-100;2;5475_-100;2;5475,36.0876712328767,Incidence,0.000102329138962598
NbyGQVwzFc_loc12_loop6,12,ITN 0%/IRS 0%/Larvicide 0%,0;0.4;0.4_0;0;0_0;0;0_-100;2;5475_-100;2;5475_-100;2;5475,36.0904109589041,Incidence,0.000101486300005048
NbyGQVwzFc_loc12_loop6,12,ITN 0%/IRS 0%/Larvicide 0%,0;0.4;0.4_0;0;0_0;0;0_-100;2;5475_-100;2;5475_-100;2;5475,36.0931506849315,Incidence,0.000100327931021769
NbyGQVwzFc_loc12_loop6,12,ITN 0%/IRS 0%/Larvicide 0%,0;0.4;0.4_0;0;0_0;0;0_-100;2;5475_-100;2;5475_-100;2;5475,36.0958904109589,Incidence,9.92730777078271e-05
NbyGQVwzFc_loc12_loop6,12,ITN 0%/IRS 0%/Larvicide 0%,0;0.4;0.4_0;0;0_0;0;0_-100;2;5475_-100;2;5475_-100;2;5475,36.0986301369863,Incidence,9.83131419234026e-05
NbyGQVwzFc_loc12_loop6,12,ITN 0%/IRS 0%/Larvicide 0%,0;0.4;0.4_0;0;0_0;0;0_-100;2;5475_-100;2;5475_-100;2;5475,36.1013698630137,Incidence,9.74402426065385e-05
NbyGQVwzFc_loc12_loop6,12,ITN 0%/IRS 0%/Larvicide 0%,0;0.4;0.4_0;0;0_0;0;0_-100;2;5475_-100;2;5475_-100;2;5475,36.1041095890411,Incidence,9.66471550651442e-05
NbyGQVwzFc_loc12_loop6,12,ITN 0%/IRS 0%/Larvicide 0%,0;0.4;0.4_0;0;0_0;0;0_-100;2;5475_-100;2;5475_-100;2;5475,36.1068493150685,Incidence,9.59272555834418e-05
NbyGQVwzFc_loc12_loop6,12,ITN 0%/IRS 0%/Larvicide 0%,0;0.4;0.4_0;0;0_0;0;0_-100;2;5475_-100;2;5475_-100;2;5475,36.1095890410959,Incidence,9.52744709036469e-05
NbyGQVwzFc_loc12_loop6,12,ITN 0%/IRS 0%/Larvicide 0%,0;0.4;0.4_0;0;0_0;0;0_-100;2;5475_-100;2;5475_-100;2;5475,36.1123287671233,Incidence,9.46832321185437e-05
NbyGQVwzFc_loc12_loop6,12,ITN 0%/IRS 0%/Larvicide 0%,0;0.4;0.4_0;0;0_0;0;0_-100;2;5475_-100;2;5475_-100;2;5475,36.1150684931507,Incidence,9.41484325193874e-05
NbyGQVwzFc_loc12_loop6,12,ITN 0%/IRS 0%/Larvicide 0%,0;0.4;0.4_0;0;0_0;0;0_-100;2;5475_-100;2;5475_-100;2;5475,36.1178082191781,Incidence,9.3665389045523e-05
NbyGQVwzFc_loc12_loop6,12,ITN 0%/IRS 0%/Larvicide 0%,0;0.4;0.4_0;0;0_0;0;0_-100;2;5475_-100;2;5475_-100;2;5475,36.1205479452055,Incidence,9.32298068159813e-05
NbyGQVwzFc_loc12_loop6,12,ITN 0%/IRS 0%/Larvicide 0%,0;0.4;0.4_0;0;0_0;0;0_-100;2;5475_-100;2;5475_-100;2;5475,36.1232876712329,Incidence,9.28371612355535e-05
NbyGQVwzFc_loc12_loop6,12,ITN 0%/IRS 0%/Larvicide 0%,0;0.4;0.4_0;0;0_0;0;0_-100;2;5475_-100;2;5475_-100;2;5475,36.1260273972603,Incidence,9.24815573898064e-05
NbyGQVwzFc_loc12_loop6,12,ITN 0%/IRS 0%/Larvicide 0%,0;0.4;0.4_0;0;0_0;0;0_-100;2;5475_-100;2;5475_-100;2;5475,36.1287671232877,Incidence,9.21596803114649e-05
NbyGQVwzFc_loc12_loop6,12,ITN 0%/IRS 0%/Larvicide 0%,0;0.4;0.4_0;0;0_0;0;0_-100;2;5475_-100;2;5475_-100;2;5475,36.1315068493151,Incidence,9.18687192329659e-05
NbyGQVwzFc_loc12_loop6,12,ITN 0%/IRS 0%/Larvicide 0%,0;0.4;0.4_0;0;0_0;0;0_-100;2;5475_-100;2;5475_-100;2;5475,36.1342465753425,Incidence,9.16060983426396e-05
NbyGQVwzFc_loc12_loop6,12,ITN 0%/IRS 0%/Larvicide 0%,0;0.4;0.4_0;0;0_0;0;0_-100;2;5475_-100;2;5475_-100;2;5475,36.1369863013699,Incidence,9.13694571048942e-05
NbyGQVwzFc_loc12_loop6,12,ITN 0%/IRS 0%/Larvicide 0%,0;0.4;0.4_0;0;0_0;0;0_-100;2;5475_-100;2;5475_-100;2;5475,36.1397260273973,Incidence,9.11566322537038e-05
NbyGQVwzFc_loc12_loop6,12,ITN 0%/IRS 0%/Larvicide 0%,0;0.4;0.4_0;0;0_0;0;0_-100;2;5475_-100;2;5475_-100;2;5475,36.1424657534247,Incidence,9.09656413049936e-05
NbyGQVwzFc_loc12_loop6,12,ITN 0%/IRS 0%/Larvicide 0%,0;0.4;0.4_0;0;0_0;0;0_-100;2;5475_-100;2;5475_-100;2;5475,36.1452054794521,Incidence,9.07946622084664e-05
NbyGQVwzFc_loc12_loop6,12,ITN 0%/IRS 0%/Larvicide 0%,0;0.4;0.4_0;0;0_0;0;0_-100;2;5475_-100;2;5475_-100;2;5475,36.1479452054795,Incidence,9.06419187947532e-05
NbyGQVwzFc_loc12_loop6,12,ITN 0%/IRS 0%/Larvicide 0%,0;0.4;0.4_0;0;0_0;0;0_-100;2;5475_-100;2;5475_-100;2;5475,36.1506849315069,Incidence,9.05056986413226e-05
NbyGQVwzFc_loc12_loop6,12,ITN 0%/IRS 0%/Larvicide 0%,0;0.4;0.4_0;0;0_0;0;0_-100;2;5475_-100;2;5475_-100;2;5475,36.1534246575343,Incidence,9.03844436363882e-05
NbyGQVwzFc_loc12_loop6,12,ITN 0%/IRS 0%/Larvicide 0%,0;0.4;0.4_0;0;0_0;0;0_-100;2;5475_-100;2;5475_-100;2;5475,36.1561643835617,Incidence,9.02767397337853e-05
NbyGQVwzFc_loc12_loop6,12,ITN 0%/IRS 0%/Larvicide 0%,0;0.4;0.4_0;0;0_0;0;0_-100;2;5475_-100;2;5475_-100;2;5475,36.158904109589,Incidence,9.01813042237476e-05
NbyGQVwzFc_loc12_loop6,12,ITN 0%/IRS 0%/Larvicide 0%,0;0.4;0.4_0;0;0_0;0;0_-100;2;5475_-100;2;5475_-100;2;5475,36.1616438356164,Incidence,9.00969740478802e-05
NbyGQVwzFc_loc12_loop6,12,ITN 0%/IRS 0%/Larvicide 0%,0;0.4;0.4_0;0;0_0;0;0_-100;2;5475_-100;2;5475_-100;2;5475,36.1643835616438,Incidence,9.0022695089112e-05
NbyGQVwzFc_loc12_loop6,12,ITN 0%/IRS 0%/Larvicide 0%,0;0.4;0.4_0;0;0_0;0;0_-100;2;5475_-100;2;5475_-100;2;5475,36.1671232876712,Incidence,8.99575123669049e-05
NbyGQVwzFc_loc12_loop6,12,ITN 0%/IRS 0%/Larvicide 0%,0;0.4;0.4_0;0;0_0;0;0_-100;2;5475_-100;2;5475_-100;2;5475,36.1698630136986,Incidence,8.99005610692778e-05
NbyGQVwzFc_loc12_loop6,12,ITN 0%/IRS 0%/Larvicide 0%,0;0.4;0.4_0;0;0_0;0;0_-100;2;5475_-100;2;5475_-100;2;5475,36.172602739726,Incidence,8.98510583563074e-05
NbyGQVwzFc_loc12_loop6,12,ITN 0%/IRS 0%/Larvicide 0%,0;0.4;0.4_0;0;0_0;0;0_-100;2;5475_-100;2;5475_-100;2;5475,36.1753424657534,Incidence,8.98082958744171e-05
NbyGQVwzFc_loc12_loop6,12,ITN 0%/IRS 0%/Larvicide 0%,0;0.4;0.4_0;0;0_0;0;0_-100;2;5475_-100;2;5475_-100;2;5475,36.1780821917808,Incidence,8.97716330307286e-05
NbyGQVwzFc_loc12_loop6,12,ITN 0%/IRS 0%/Larvicide 0%,0;0.4;0.4_0;0;0_0;0;0_-100;2;5475_-100;2;5475_-100;2;5475,36.1808219178082,Incidence,8.97403576181242e-05
NbyGQVwzFc_loc12_loop6,12,ITN 0%/IRS 0%/Larvicide 0%,0;0.4;0.4_0;0;0_0;0;0_-100;2;5475_-100;2;5475_-100;2;5475,36.1835616438356,Incidence,8.97134669087234e-05
NbyGQVwzFc_loc12_loop6,12,ITN 0%/IRS 0%/Larvicide 0%,0;0.4;0.4_0;0;0_0;0;0_-100;2;5475_-100;2;5475_-100;2;5475,36.186301369863,Incidence,8.96900698170184e-05
NbyGQVwzFc_loc12_loop6,12,ITN 0%/IRS 0%/Larvicide 0%,0;0.4;0.4_0;0;0_0;0;0_-100;2;5475_-100;2;5475_-100;2;5475,36.1890410958904,Incidence,8.96694393103787e-05
NbyGQVwzFc_loc12_loop6,12,ITN 0%/IRS 0%/Larvicide 0%,0;0.4;0.4_0;0;0_0;0;0_-100;2;5475_-100;2;5475_-100;2;5475,36.1917808219178,Incidence,8.96509836291312e-05
NbyGQVwzFc_loc12_loop6,12,ITN 0%/IRS 0%/Larvicide 0%,0;0.4;0.4_0;0;0_0;0;0_-100;2;5475_-100;2;5475_-100;2;5475,36.1945205479452,Incidence,8.96342225670955e-05
NbyGQVwzFc_loc12_loop6,12,ITN 0%/IRS 0%/Larvicide 0%,0;0.4;0.4_0;0;0_0;0;0_-100;2;5475_-100;2;5475_-100;2;5475,36.1972602739726,Incidence,8.96187678820684e-05
NbyGQVwzFc_loc12_loop6,12,ITN 0%/IRS 0%/Larvicide 0%,0;0.4;0.4_0;0;0_0;0;0_-100;2;5475_-100;2;5475_-100;2;5475,36.2,Incidence,8.96043071142412e-05
NbyGQVwzFc_loc12_loop6,12,ITN 0%/IRS 0%/Larvicide 0%,0;0.4;0.4_0;0;0_0;0;0_-100;2;5475_-100;2;5475_-100;2;5475,36.2027397260274,Incidence,8.95905902156037e-05
NbyGQVwzFc_loc12_loop6,12,ITN 0%/IRS 0%/Larvicide 0%,0;0.4;0.4_0;0;0_0;0;0_-100;2;5475_-100;2;5475_-100;2;5475,36.2054794520548,Incidence,8.95774184978144e-05
NbyGQVwzFc_loc12_loop6,12,ITN 0%/IRS 0%/Larvicide 0%,0;0.4;0.4_0;0;0_0;0;0_-100;2;5475_-100;2;5475_-100;2;5475,36.2082191780822,Incidence,8.95646354933638e-05
NbyGQVwzFc_loc12_loop6,12,ITN 0%/IRS 0%/Larvicide 0%,0;0.4;0.4_0;0;0_0;0;0_-100;2;5475_-100;2;5475_-100;2;5475,36.2109589041096,Incidence,8.95521193965942e-05
NbyGQVwzFc_loc12_loop6,12,ITN 0%/IRS 0%/Larvicide 0%,0;0.4;0.4_0;0;0_0;0;0_-100;2;5475_-100;2;5475_-100;2;5475,36.213698630137,Incidence,8.95397766872848e-05
NbyGQVwzFc_loc12_loop6,12,ITN 0%/IRS 0%/Larvicide 0%,0;0.4;0.4_0;0;0_0;0;0_-100;2;5475_-100;2;5475_-100;2;5475,36.2164383561644,Incidence,8.95275360146207e-05
NbyGQVwzFc_loc12_loop6,12,ITN 0%/IRS 0%/Larvicide 0%,0;0.4;0.4_0;0;0_0;0;0_-100;2;5475_-100;2;5475_-100;2;5475,36.2191780821918,Incidence,8.95153434523009e-05
NbyGQVwzFc_loc12_loop6,12,ITN 0%/IRS 0%/Larvicide 0%,0;0.4;0.4_0;0;0_0;0;0_-100;2;5475_-100;2;5475_-100;2;5475,36.2219178082192,Incidence,8.95031593017687e-05
NbyGQVwzFc_loc12_loop6,12,ITN 0%/IRS 0%/Larvicide 0%,0;0.4;0.4_0;0;0_0;0;0_-100;2;5475_-100;2;5475_-100;2;5475,36.2246575342466,Incidence,8.94909554857927e-05
NbyGQVwzFc_loc12_loop6,12,ITN 0%/IRS 0%/Larvicide 0%,0;0.4;0.4_0;0;0_0;0;0_-100;2;5475_-100;2;5475_-100;2;5475,36.227397260274,Incidence,8.94787133876454e-05
NbyGQVwzFc_loc12_loop6,12,ITN 0%/IRS 0%/Larvicide 0%,0;0.4;0.4_0;0;0_0;0;0_-100;2;5475_-100;2;5475_-100;2;5475,36.2301369863014,Incidence,8.94664220789933e-05
NbyGQVwzFc_loc12_loop6,12,ITN 0%/IRS 0%/Larvicide 0%,0;0.4;0.4_0;0;0_0;0;0_-100;2;5475_-100;2;5475_-100;2;5475,36.2328767123288,Incidence,8.94540767933433e-05
NbyGQVwzFc_loc12_loop6,12,ITN 0%/IRS 0%/Larvicide 0%,0;0.4;0.4_0;0;0_0;0;0_-100;2;5475_-100;2;5475_-100;2;5475,36.2356164383562,Incidence,8.94416776929072e-05
NbyGQVwzFc_loc12_loop6,12,ITN 0%/IRS 0%/Larvicide 0%,0;0.4;0.4_0;0;0_0;0;0_-100;2;5475_-100;2;5475_-100;2;5475,36.2383561643836,Incidence,8.94292288174569e-05
NbyGQVwzFc_loc12_loop6,12,ITN 0%/IRS 0%/Larvicide 0%,0;0.4;0.4_0;0;0_0;0;0_-100;2;5475_-100;2;5475_-100;2;5475,36.241095890411,Incidence,8.94167371472294e-05
NbyGQVwzFc_loc12_loop6,12,ITN 0%/IRS 0%/Larvicide 0%,0;0.4;0.4_0;0;0_0;0;0_-100;2;5475_-100;2;5475_-100;2;5475,36.2438356164384,Incidence,8.94042118192238e-05
NbyGQVwzFc_loc12_loop6,12,ITN 0%/IRS 0%/Larvicide 0%,0;0.4;0.4_0;0;0_0;0;0_-100;2;5475_-100;2;5475_-100;2;5475,36.2465753424658,Incidence,8.93916634959978e-05
NbyGQVwzFc_loc12_loop6,12,ITN 0%/IRS 0%/Larvicide 0%,0;0.4;0.4_0;0;0_0;0;0_-100;2;5475_-100;2;5475_-100;2;5475,36.2493150684932,Incidence,8.93791038606335e-05
NbyGQVwzFc_loc12_loop6,12,ITN 0%/IRS 0%/Larvicide 0%,0;0.4;0.4_0;0;0_0;0;0_-100;2;5475_-100;2;5475_-100;2;5475,36.2520547945205,Incidence,8.9366545215243e-05
NbyGQVwzFc_loc12_loop6,12,ITN 0%/IRS 0%/Larvicide 0%,0;0.4;0.4_0;0;0_0;0;0_-100;2;5475_-100;2;5475_-100;2;5475,36.254794520548,Incidence,8.93540001643039e-05
NbyGQVwzFc_loc12_loop6,12,ITN 0%/IRS 0%/Larvicide 0%,0;0.4;0.4_0;0;0_0;0;0_-100;2;5475_-100;2;5475_-100;2;5475,36.2575342465753,Incidence,8.93414813673648e-05
NbyGQVwzFc_loc12_loop6,12,ITN 0%/IRS 0%/Larvicide 0%,0;0.4;0.4_0;0;0_0;0;0_-100;2;5475_-100;2;5475_-100;2;5475,36.2602739726027,Incidence,8.93290013483466e-05
NbyGQVwzFc_loc12_loop6,12,ITN 0%/IRS 0%/Larvicide 0%,0;0.4;0.4_0;0;0_0;0;0_-100;2;5475_-100;2;5475_-100;2;5475,36.2630136986301,Incidence,8.93165723508929e-05
NbyGQVwzFc_loc12_loop6,12,ITN 0%/IRS 0%/Larvicide 0%,0;0.4;0.4_0;0;0_0;0;0_-100;2;5475_-100;2;5475_-100;2;5475,36.2657534246575,Incidence,8.93042062310643e-05
NbyGQVwzFc_loc12_loop6,12,ITN 0%/IRS 0%/Larvicide 0%,0;0.4;0.4_0;0;0_0;0;0_-100;2;5475_-100;2;5475_-100;2;5475,36.2684931506849,Incidence,8.92919143800059e-05
NbyGQVwzFc_loc12_loop6,12,ITN 0%/IRS 0%/Larvicide 0%,0;0.4;0.4_0;0;0_0;0;0_-100;2;5475_-100;2;5475_-100;2;5475,36.2712328767123,Incidence,8.92797076583037e-05
NbyGQVwzFc_loc12_loop6,12,ITN 0%/IRS 0%/Larvicide 0%,0;0.4;0.4_0;0;0_0;0;0_-100;2;5475_-100;2;5475_-100;2;5475,36.2739726027397,Incidence,8.92675961645807e-05
NbyGQVwzFc_loc12_loop6,12,ITN 0%/IRS 0%/Larvicide 0%,0;0.4;0.4_0;0;0_0;0;0_-100;2;5475_-100;2;5475_-100;2;5475,36.2767123287671,Incidence,8.92555889597459e-05
NbyGQVwzFc_loc12_loop6,12,ITN 0%/IRS 0%/Larvicide 0%,0;0.4;0.4_0;0;0_0;0;0_-100;2;5475_-100;2;5475_-100;2;5475,36.2794520547945,Incidence,8.92436939353632e-05
NbyGQVwzFc_loc12_loop6,12,ITN 0%/IRS 0%/Larvicide 0%,0;0.4;0.4_0;0;0_0;0;0_-100;2;5475_-100;2;5475_-100;2;5475,36.2821917808219,Incidence,8.92319177654347e-05
NbyGQVwzFc_loc12_loop6,12,ITN 0%/IRS 0%/Larvicide 0%,0;0.4;0.4_0;0;0_0;0;0_-100;2;5475_-100;2;5475_-100;2;5475,36.2849315068493,Incidence,8.92202659235498e-05
NbyGQVwzFc_loc12_loop6,12,ITN 0%/IRS 0%/Larvicide 0%,0;0.4;0.4_0;0;0_0;0;0_-100;2;5475_-100;2;5475_-100;2;5475,36.2876712328767,Incidence,8.92087427433221e-05
NbyGQVwzFc_loc12_loop6,12,ITN 0%/IRS 0%/Larvicide 0%,0;0.4;0.4_0;0;0_0;0;0_-100;2;5475_-100;2;5475_-100;2;5475,36.2904109589041,Incidence,8.9197351505817e-05
NbyGQVwzFc_loc12_loop6,12,ITN 0%/IRS 0%/Larvicide 0%,0;0.4;0.4_0;0;0_0;0;0_-100;2;5475_-100;2;5475_-100;2;5475,36.2931506849315,Incidence,8.91860945421067e-05
NbyGQVwzFc_loc12_loop6,12,ITN 0%/IRS 0%/Larvicide 0%,0;0.4;0.4_0;0;0_0;0;0_-100;2;5475_-100;2;5475_-100;2;5475,36.2958904109589,Incidence,8.91749733424549e-05
NbyGQVwzFc_loc12_loop6,12,ITN 0%/IRS 0%/Larvicide 0%,0;0.4;0.4_0;0;0_0;0;0_-100;2;5475_-100;2;5475_-100;2;5475,36.2986301369863,Incidence,8.91639886661769e-05
NbyGQVwzFc_loc12_loop6,12,ITN 0%/IRS 0%/Larvicide 0%,0;0.4;0.4_0;0;0_0;0;0_-100;2;5475_-100;2;5475_-100;2;5475,36.3013698630137,Incidence,8.9153140648128e-05
NbyGQVwzFc_loc12_loop6,12,ITN 0%/IRS 0%/Larvicide 0%,0;0.4;0.4_0;0;0_0;0;0_-100;2;5475_-100;2;5475_-100;2;5475,36.3041095890411,Incidence,8.91424288991657e-05
NbyGQVwzFc_loc12_loop6,12,ITN 0%/IRS 0%/Larvicide 0%,0;0.4;0.4_0;0;0_0;0;0_-100;2;5475_-100;2;5475_-100;2;5475,36.3068493150685,Incidence,8.91318525986869e-05
NbyGQVwzFc_loc12_loop6,12,ITN 0%/IRS 0%/Larvicide 0%,0;0.4;0.4_0;0;0_0;0;0_-100;2;5475_-100;2;5475_-100;2;5475,36.3095890410959,Incidence,8.91214105779899e-05
NbyGQVwzFc_loc12_loop6,12,ITN 0%/IRS 0%/Larvicide 0%,0;0.4;0.4_0;0;0_0;0;0_-100;2;5475_-100;2;5475_-100;2;5475,36.3123287671233,Incidence,8.91111013966538e-05
NbyGQVwzFc_loc12_loop6,12,ITN 0%/IRS 0%/Larvicide 0%,0;0.4;0.4_0;0;0_0;0;0_-100;2;5475_-100;2;5475_-100;2;5475,36.3150684931507,Incidence,8.91009234297878e-05
NbyGQVwzFc_loc12_loop6,12,ITN 0%/IRS 0%/Larvicide 0%,0;0.4;0.4_0;0;0_0;0;0_-100;2;5475_-100;2;5475_-100;2;5475,36.3178082191781,Incidence,8.90908748910584e-05
NbyGQVwzFc_loc12_loop6,12,ITN 0%/IRS 0%/Larvicide 0%,0;0.4;0.4_0;0;0_0;0;0_-100;2;5475_-100;2;5475_-100;2;5475,36.3205479452055,Incidence,8.90809538855199e-05
NbyGQVwzFc_loc12_loop6,12,ITN 0%/IRS 0%/Larvicide 0%,0;0.4;0.4_0;0;0_0;0;0_-100;2;5475_-100;2;5475_-100;2;5475,36.3232876712329,Incidence,8.90711584563895e-05
NbyGQVwzFc_loc12_loop6,12,ITN 0%/IRS 0%/Larvicide 0%,0;0.4;0.4_0;0;0_0;0;0_-100;2;5475_-100;2;5475_-100;2;5475,36.3260273972603,Incidence,8.90614866205956e-05
NbyGQVwzFc_loc12_loop6,12,ITN 0%/IRS 0%/Larvicide 0%,0;0.4;0.4_0;0;0_0;0;0_-100;2;5475_-100;2;5475_-100;2;5475,36.3287671232877,Incidence,8.90519363986317e-05
NbyGQVwzFc_loc12_loop6,12,ITN 0%/IRS 0%/Larvicide 0%,0;0.4;0.4_0;0;0_0;0;0_-100;2;5475_-100;2;5475_-100;2;5475,36.3315068493151,Incidence,8.90425058393224e-05
NbyGQVwzFc_loc12_loop6,12,ITN 0%/IRS 0%/Larvicide 0%,0;0.4;0.4_0;0;0_0;0;0_-100;2;5475_-100;2;5475_-100;2;5475,36.3342465753425,Incidence,8.90331930400574e-05
NbyGQVwzFc_loc12_loop6,12,ITN 0%/IRS 0%/Larvicide 0%,0;0.4;0.4_0;0;0_0;0;0_-100;2;5475_-100;2;5475_-100;2;5475,36.3369863013699,Incidence,8.90239961630226e-05
NbyGQVwzFc_loc12_loop6,12,ITN 0%/IRS 0%/Larvicide 0%,0;0.4;0.4_0;0;0_0;0;0_-100;2;5475_-100;2;5475_-100;2;5475,36.3397260273973,Incidence,8.9014913447924e-05
NbyGQVwzFc_loc12_loop6,12,ITN 0%/IRS 0%/Larvicide 0%,0;0.4;0.4_0;0;0_0;0;0_-100;2;5475_-100;2;5475_-100;2;5475,36.3424657534247,Incidence,8.90059432216756e-05
NbyGQVwzFc_loc12_loop6,12,ITN 0%/IRS 0%/Larvicide 0%,0;0.4;0.4_0;0;0_0;0;0_-100;2;5475_-100;2;5475_-100;2;5475,36.3452054794521,Incidence,8.89970839054696e-05
NbyGQVwzFc_loc12_loop6,12,ITN 0%/IRS 0%/Larvicide 0%,0;0.4;0.4_0;0;0_0;0;0_-100;2;5475_-100;2;5475_-100;2;5475,36.3479452054795,Incidence,8.8988334019622e-05
NbyGQVwzFc_loc12_loop6,12,ITN 0%/IRS 0%/Larvicide 0%,0;0.4;0.4_0;0;0_0;0;0_-100;2;5475_-100;2;5475_-100;2;5475,36.3506849315069,Incidence,8.89796921865309e-05
NbyGQVwzFc_loc12_loop6,12,ITN 0%/IRS 0%/Larvicide 0%,0;0.4;0.4_0;0;0_0;0;0_-100;2;5475_-100;2;5475_-100;2;5475,36.3534246575343,Incidence,8.89711571320596e-05
NbyGQVwzFc_loc12_loop6,12,ITN 0%/IRS 0%/Larvicide 0%,0;0.4;0.4_0;0;0_0;0;0_-100;2;5475_-100;2;5475_-100;2;5475,36.3561643835616,Incidence,8.89627276892308e-05
NbyGQVwzFc_loc12_loop6,12,ITN 0%/IRS 0%/Larvicide 0%,0;0.4;0.4_0;0;0_0;0;0_-100;2;5475_-100;2;5475_-100;2;5475,36.358904109589,Incidence,8.8954402816711e-05
NbyGQVwzFc_loc12_loop6,12,ITN 0%/IRS 0%/Larvicide 0%,0;0.4;0.4_0;0;0_0;0;0_-100;2;5475_-100;2;5475_-100;2;5475,36.3616438356164,Incidence,8.89461815615318e-05
NbyGQVwzFc_loc12_loop6,12,ITN 0%/IRS 0%/Larvicide 0%,0;0.4;0.4_0;0;0_0;0;0_-100;2;5475_-100;2;5475_-100;2;5475,36.3643835616438,Incidence,8.8938063064971e-05
NbyGQVwzFc_loc12_loop6,12,ITN 0%/IRS 0%/Larvicide 0%,0;0.4;0.4_0;0;0_0;0;0_-100;2;5475_-100;2;5475_-100;2;5475,36.3671232876712,Incidence,8.89300465626229e-05
NbyGQVwzFc_loc12_loop6,12,ITN 0%/IRS 0%/Larvicide 0%,0;0.4;0.4_0;0;0_0;0;0_-100;2;5475_-100;2;5475_-100;2;5475,36.3698630136986,Incidence,8.89221313803644e-05
NbyGQVwzFc_loc12_loop6,12,ITN 0%/IRS 0%/Larvicide 0%,0;0.4;0.4_0;0;0_0;0;0_-100;2;5475_-100;2;5475_-100;2;5475,36.372602739726,Incidence,8.89143169297413e-05
NbyGQVwzFc_loc12_loop6,12,ITN 0%/IRS 0%/Larvicide 0%,0;0.4;0.4_0;0;0_0;0;0_-100;2;5475_-100;2;5475_-100;2;5475,36.3753424657534,Incidence,8.89066027028999e-05
NbyGQVwzFc_loc12_loop6,12,ITN 0%/IRS 0%/Larvicide 0%,0;0.4;0.4_0;0;0_0;0;0_-100;2;5475_-100;2;5475_-100;2;5475,36.3780821917808,Incidence,8.88989882672038e-05
NbyGQVwzFc_loc12_loop6,12,ITN 0%/IRS 0%/Larvicide 0%,0;0.4;0.4_0;0;0_0;0;0_-100;2;5475_-100;2;5475_-100;2;5475,36.3808219178082,Incidence,8.88914732596609e-05
NbyGQVwzFc_loc12_loop6,12,ITN 0%/IRS 0%/Larvicide 0%,0;0.4;0.4_0;0;0_0;0;0_-100;2;5475_-100;2;5475_-100;2;5475,36.3835616438356,Incidence,8.88840573812849e-05
NbyGQVwzFc_loc12_loop6,12,ITN 0%/IRS 0%/Larvicide 0%,0;0.4;0.4_0;0;0_0;0;0_-100;2;5475_-100;2;5475_-100;2;5475,36.386301369863,Incidence,8.88767403914887e-05
NbyGQVwzFc_loc12_loop6,12,ITN 0%/IRS 0%/Larvicide 0%,0;0.4;0.4_0;0;0_0;0;0_-100;2;5475_-100;2;5475_-100;2;5475,36.3890410958904,Incidence,8.88695221025997e-05
NbyGQVwzFc_loc12_loop6,12,ITN 0%/IRS 0%/Larvicide 0%,0;0.4;0.4_0;0;0_0;0;0_-100;2;5475_-100;2;5475_-100;2;5475,36.3917808219178,Incidence,8.88624023745641e-05
NbyGQVwzFc_loc12_loop6,12,ITN 0%/IRS 0%/Larvicide 0%,0;0.4;0.4_0;0;0_0;0;0_-100;2;5475_-100;2;5475_-100;2;5475,36.3945205479452,Incidence,8.8855381109895e-05
NbyGQVwzFc_loc12_loop6,12,ITN 0%/IRS 0%/Larvicide 0%,0;0.4;0.4_0;0;0_0;0;0_-100;2;5475_-100;2;5475_-100;2;5475,36.3972602739726,Incidence,8.88484582489006e-05
NbyGQVwzFc_loc12_loop6,12,ITN 0%/IRS 0%/Larvicide 0%,0;0.4;0.4_0;0;0_0;0;0_-100;2;5475_-100;2;5475_-100;2;5475,36.4,Incidence,8.88416337666532e-05
NbyGQVwzFc_loc12_loop6,12,ITN 0%/IRS 0%/Larvicide 0%,0;0.4;0.4_0;0;0_0;0;0_-100;2;5475_-100;2;5475_-100;2;5475,36.4027397260274,Incidence,8.88349076891403e-05
NbyGQVwzFc_loc12_loop6,12,ITN 0%/IRS 0%/Larvicide 0%,0;0.4;0.4_0;0;0_0;0;0_-100;2;5475_-100;2;5475_-100;2;5475,36.4054794520548,Incidence,8.8828280059773e-05
NbyGQVwzFc_loc12_loop6,12,ITN 0%/IRS 0%/Larvicide 0%,0;0.4;0.4_0;0;0_0;0;0_-100;2;5475_-100;2;5475_-100;2;5475,36.4082191780822,Incidence,8.88217509375893e-05
NbyGQVwzFc_loc12_loop6,12,ITN 0%/IRS 0%/Larvicide 0%,0;0.4;0.4_0;0;0_0;0;0_-100;2;5475_-100;2;5475_-100;2;5475,36.4109589041096,Incidence,8.8815320399978e-05
NbyGQVwzFc_loc12_loop6,12,ITN 0%/IRS 0%/Larvicide 0%,0;0.4;0.4_0;0;0_0;0;0_-100;2;5475_-100;2;5475_-100;2;5475,36.413698630137,Incidence,8.88089885398164e-05
NbyGQVwzFc_loc12_loop6,12,ITN 0%/IRS 0%/Larvicide 0%,0;0.4;0.4_0;0;0_0;0;0_-100;2;5475_-100;2;5475_-100;2;5475,36.4164383561644,Incidence,8.88027554629006e-05
NbyGQVwzFc_loc12_loop6,12,ITN 0%/IRS 0%/Larvicide 0%,0;0.4;0.4_0;0;0_0;0;0_-100;2;5475_-100;2;5475_-100;2;5475,36.4191780821918,Incidence,8.87966212856488e-05
NbyGQVwzFc_loc12_loop6,12,ITN 0%/IRS 0%/Larvicide 0%,0;0.4;0.4_0;0;0_0;0;0_-100;2;5475_-100;2;5475_-100;2;5475,36.4219178082192,Incidence,8.87905861330673e-05
NbyGQVwzFc_loc12_loop6,12,ITN 0%/IRS 0%/Larvicide 0%,0;0.4;0.4_0;0;0_0;0;0_-100;2;5475_-100;2;5475_-100;2;5475,36.4246575342466,Incidence,8.87846501369545e-05
NbyGQVwzFc_loc12_loop6,12,ITN 0%/IRS 0%/Larvicide 0%,0;0.4;0.4_0;0;0_0;0;0_-100;2;5475_-100;2;5475_-100;2;5475,36.427397260274,Incidence,8.87788134343256e-05
NbyGQVwzFc_loc12_loop6,12,ITN 0%/IRS 0%/Larvicide 0%,0;0.4;0.4_0;0;0_0;0;0_-100;2;5475_-100;2;5475_-100;2;5475,36.4301369863014,Incidence,8.87730761660419e-05
NbyGQVwzFc_loc12_loop6,12,ITN 0%/IRS 0%/Larvicide 0%,0;0.4;0.4_0;0;0_0;0;0_-100;2;5475_-100;2;5475_-100;2;5475,36.4328767123288,Incidence,8.87674384756239e-05
NbyGQVwzFc_loc12_loop6,12,ITN 0%/IRS 0%/Larvicide 0%,0;0.4;0.4_0;0;0_0;0;0_-100;2;5475_-100;2;5475_-100;2;5475,36.4356164383562,Incidence,8.87619005082326e-05
NbyGQVwzFc_loc12_loop6,12,ITN 0%/IRS 0%/Larvicide 0%,0;0.4;0.4_0;0;0_0;0;0_-100;2;5475_-100;2;5475_-100;2;5475,36.4383561643836,Incidence,8.8756462409801e-05
NbyGQVwzFc_loc12_loop6,12,ITN 0%/IRS 0%/Larvicide 0%,0;0.4;0.4_0;0;0_0;0;0_-100;2;5475_-100;2;5475_-100;2;5475,36.441095890411,Incidence,8.87511243263027e-05
NbyGQVwzFc_loc12_loop6,12,ITN 0%/IRS 0%/Larvicide 0%,0;0.4;0.4_0;0;0_0;0;0_-100;2;5475_-100;2;5475_-100;2;5475,36.4438356164384,Incidence,8.87458864031394e-05
NbyGQVwzFc_loc12_loop6,12,ITN 0%/IRS 0%/Larvicide 0%,0;0.4;0.4_0;0;0_0;0;0_-100;2;5475_-100;2;5475_-100;2;5475,36.4465753424658,Incidence,8.87407487953776e-05
NbyGQVwzFc_loc12_loop6,12,ITN 0%/IRS 0%/Larvicide 0%,0;0.4;0.4_0;0;0_0;0;0_-100;2;5475_-100;2;5475_-100;2;5475,36.4493150684932,Incidence,8.87357116682631e-05
NbyGQVwzFc_loc12_loop6,12,ITN 0%/IRS 0%/Larvicide 0%,0;0.4;0.4_0;0;0_0;0;0_-100;2;5475_-100;2;5475_-100;2;5475,36.4520547945206,Incidence,8.8730775170616e-05
NbyGQVwzFc_loc12_loop6,12,ITN 0%/IRS 0%/Larvicide 0%,0;0.4;0.4_0;0;0_0;0;0_-100;2;5475_-100;2;5475_-100;2;5475,36.4547945205479,Incidence,8.87259394486127e-05
NbyGQVwzFc_loc12_loop6,12,ITN 0%/IRS 0%/Larvicide 0%,0;0.4;0.4_0;0;0_0;0;0_-100;2;5475_-100;2;5475_-100;2;5475,36.4575342465753,Incidence,8.87212046458513e-05
NbyGQVwzFc_loc12_loop6,12,ITN 0%/IRS 0%/Larvicide 0%,0;0.4;0.4_0;0;0_0;0;0_-100;2;5475_-100;2;5475_-100;2;5475,36.4602739726027,Incidence,8.87165709032215e-05
NbyGQVwzFc_loc12_loop6,12,ITN 0%/IRS 0%/Larvicide 0%,0;0.4;0.4_0;0;0_0;0;0_-100;2;5475_-100;2;5475_-100;2;5475,36.4630136986301,Incidence,8.87120383588191e-05
NbyGQVwzFc_loc12_loop6,12,ITN 0%/IRS 0%/Larvicide 0%,0;0.4;0.4_0;0;0_0;0;0_-100;2;5475_-100;2;5475_-100;2;5475,36.4657534246575,Incidence,8.87076071479027e-05
NbyGQVwzFc_loc12_loop6,12,ITN 0%/IRS 0%/Larvicide 0%,0;0.4;0.4_0;0;0_0;0;0_-100;2;5475_-100;2;5475_-100;2;5475,36.4684931506849,Incidence,8.87032774028809e-05
NbyGQVwzFc_loc12_loop6,12,ITN 0%/IRS 0%/Larvicide 0%,0;0.4;0.4_0;0;0_0;0;0_-100;2;5475_-100;2;5475_-100;2;5475,36.4712328767123,Incidence,8.86990492533288e-05
NbyGQVwzFc_loc12_loop6,12,ITN 0%/IRS 0%/Larvicide 0%,0;0.4;0.4_0;0;0_0;0;0_-100;2;5475_-100;2;5475_-100;2;5475,36.4739726027397,Incidence,8.86949228260241e-05
NbyGQVwzFc_loc12_loop6,12,ITN 0%/IRS 0%/Larvicide 0%,0;0.4;0.4_0;0;0_0;0;0_-100;2;5475_-100;2;5475_-100;2;5475,36.4767123287671,Incidence,8.86908982450012e-05
NbyGQVwzFc_loc12_loop6,12,ITN 0%/IRS 0%/Larvicide 0%,0;0.4;0.4_0;0;0_0;0;0_-100;2;5475_-100;2;5475_-100;2;5475,36.4794520547945,Incidence,8.86869756316183e-05
NbyGQVwzFc_loc12_loop6,12,ITN 0%/IRS 0%/Larvicide 0%,0;0.4;0.4_0;0;0_0;0;0_-100;2;5475_-100;2;5475_-100;2;5475,36.4821917808219,Incidence,8.86831551046323e-05
NbyGQVwzFc_loc12_loop6,12,ITN 0%/IRS 0%/Larvicide 0%,0;0.4;0.4_0;0;0_0;0;0_-100;2;5475_-100;2;5475_-100;2;5475,36.4849315068493,Incidence,8.86794367802821e-05
NbyGQVwzFc_loc12_loop6,12,ITN 0%/IRS 0%/Larvicide 0%,0;0.4;0.4_0;0;0_0;0;0_-100;2;5475_-100;2;5475_-100;2;5475,36.4876712328767,Incidence,8.86758207723751e-05
NbyGQVwzFc_loc12_loop6,12,ITN 0%/IRS 0%/Larvicide 0%,0;0.4;0.4_0;0;0_0;0;0_-100;2;5475_-100;2;5475_-100;2;5475,36.4904109589041,Incidence,8.8672307192536e-05
NbyGQVwzFc_loc12_loop6,12,ITN 0%/IRS 0%/Larvicide 0%,0;0.4;0.4_0;0;0_0;0;0_-100;2;5475_-100;2;5475_-100;2;5475,36.4931506849315,Incidence,8.86688961668911e-05
NbyGQVwzFc_loc12_loop6,12,ITN 0%/IRS 0%/Larvicide 0%,0;0.4;0.4_0;0;0_0;0;0_-100;2;5475_-100;2;5475_-100;2;5475,36.4958904109589,Incidence,8.86655878181848e-05
NbyGQVwzFc_loc12_loop6,12,ITN 0%/IRS 0%/Larvicide 0%,0;0.4;0.4_0;0;0_0;0;0_-100;2;5475_-100;2;5475_-100;2;5475,36.4986301369863,Incidence,8.86623822573609e-05
NbyGQVwzFc_loc12_loop6,12,ITN 0%/IRS 0%/Larvicide 0%,0;0.4;0.4_0;0;0_0;0;0_-100;2;5475_-100;2;5475_-100;2;5475,36.5013698630137,Incidence,8.86592795930569e-05
NbyGQVwzFc_loc12_loop6,12,ITN 0%/IRS 0%/Larvicide 0%,0;0.4;0.4_0;0;0_0;0;0_-100;2;5475_-100;2;5475_-100;2;5475,36.5041095890411,Incidence,8.86562799316835e-05
NbyGQVwzFc_loc12_loop6,12,ITN 0%/IRS 0%/Larvicide 0%,0;0.4;0.4_0;0;0_0;0;0_-100;2;5475_-100;2;5475_-100;2;5475,36.5068493150685,Incidence,8.86533833775025e-05
NbyGQVwzFc_loc12_loop6,12,ITN 0%/IRS 0%/Larvicide 0%,0;0.4;0.4_0;0;0_0;0;0_-100;2;5475_-100;2;5475_-100;2;5475,36.5095890410959,Incidence,8.86505900326982e-05
NbyGQVwzFc_loc12_loop6,12,ITN 0%/IRS 0%/Larvicide 0%,0;0.4;0.4_0;0;0_0;0;0_-100;2;5475_-100;2;5475_-100;2;5475,36.5123287671233,Incidence,8.86478999974454e-05
NbyGQVwzFc_loc12_loop6,12,ITN 0%/IRS 0%/Larvicide 0%,0;0.4;0.4_0;0;0_0;0;0_-100;2;5475_-100;2;5475_-100;2;5475,36.5150684931507,Incidence,8.86453133699741e-05
NbyGQVwzFc_loc12_loop6,12,ITN 0%/IRS 0%/Larvicide 0%,0;0.4;0.4_0;0;0_0;0;0_-100;2;5475_-100;2;5475_-100;2;5475,36.5178082191781,Incidence,8.86428302466279e-05
NbyGQVwzFc_loc12_loop6,12,ITN 0%/IRS 0%/Larvicide 0%,0;0.4;0.4_0;0;0_0;0;0_-100;2;5475_-100;2;5475_-100;2;5475,36.5205479452055,Incidence,8.8640450721921e-05
NbyGQVwzFc_loc12_loop6,12,ITN 0%/IRS 0%/Larvicide 0%,0;0.4;0.4_0;0;0_0;0;0_-100;2;5475_-100;2;5475_-100;2;5475,36.5232876712329,Incidence,8.8638174888589e-05
NbyGQVwzFc_loc12_loop6,12,ITN 0%/IRS 0%/Larvicide 0%,0;0.4;0.4_0;0;0_0;0;0_-100;2;5475_-100;2;5475_-100;2;5475,36.5260273972603,Incidence,8.8636002837638e-05
NbyGQVwzFc_loc12_loop6,12,ITN 0%/IRS 0%/Larvicide 0%,0;0.4;0.4_0;0;0_0;0;0_-100;2;5475_-100;2;5475_-100;2;5475,36.5287671232877,Incidence,8.86339346583893e-05
NbyGQVwzFc_loc12_loop6,12,ITN 0%/IRS 0%/Larvicide 0%,0;0.4;0.4_0;0;0_0;0;0_-100;2;5475_-100;2;5475_-100;2;5475,36.5315068493151,Incidence,8.8631970438521e-05
NbyGQVwzFc_loc12_loop6,12,ITN 0%/IRS 0%/Larvicide 0%,0;0.4;0.4_0;0;0_0;0;0_-100;2;5475_-100;2;5475_-100;2;5475,36.5342465753425,Incidence,8.8630110264108e-05
NbyGQVwzFc_loc12_loop6,12,ITN 0%/IRS 0%/Larvicide 0%,0;0.4;0.4_0;0;0_0;0;0_-100;2;5475_-100;2;5475_-100;2;5475,36.5369863013699,Incidence,8.86283542196959e-05
NbyGQVwzFc_loc12_loop6,12,ITN 0%/IRS 0%/Larvicide 0%,0;0.4;0.4_0;0;0_0;0;0_-100;2;5475_-100;2;5475_-100;2;5475,36.5397260273973,Incidence,8.8626702402997e-05
NbyGQVwzFc_loc12_loop6,12,ITN 0%/IRS 0%/Larvicide 0%,0;0.4;0.4_0;0;0_0;0;0_-100;2;5475_-100;2;5475_-100;2;5475,36.5424657534247,Incidence,8.86251549108009e-05
NbyGQVwzFc_loc12_loop6,12,ITN 0%/IRS 0%/Larvicide 0%,0;0.4;0.4_0;0;0_0;0;0_-100;2;5475_-100;2;5475_-100;2;5475,36.5452054794521,Incidence,8.86237118277741e-05
NbyGQVwzFc_loc12_loop6,12,ITN 0%/IRS 0%/Larvicide 0%,0;0.4;0.4_0;0;0_0;0;0_-100;2;5475_-100;2;5475_-100;2;5475,36.5479452054795,Incidence,8.86223732368648e-05
NbyGQVwzFc_loc12_loop6,12,ITN 0%/IRS 0%/Larvicide 0%,0;0.4;0.4_0;0;0_0;0;0_-100;2;5475_-100;2;5475_-100;2;5475,36.5506849315069,Incidence,8.86211392193316e-05
NbyGQVwzFc_loc12_loop6,12,ITN 0%/IRS 0%/Larvicide 0%,0;0.4;0.4_0;0;0_0;0;0_-100;2;5475_-100;2;5475_-100;2;5475,36.5534246575342,Incidence,8.86200098547746e-05
NbyGQVwzFc_loc12_loop6,12,ITN 0%/IRS 0%/Larvicide 0%,0;0.4;0.4_0;0;0_0;0;0_-100;2;5475_-100;2;5475_-100;2;5475,36.5561643835616,Incidence,8.86189852211629e-05
NbyGQVwzFc_loc12_loop6,12,ITN 0%/IRS 0%/Larvicide 0%,0;0.4;0.4_0;0;0_0;0;0_-100;2;5475_-100;2;5475_-100;2;5475,36.558904109589,Incidence,8.86180653948611e-05
NbyGQVwzFc_loc12_loop6,12,ITN 0%/IRS 0%/Larvicide 0%,0;0.4;0.4_0;0;0_0;0;0_-100;2;5475_-100;2;5475_-100;2;5475,36.5616438356164,Incidence,8.86172504506582e-05
NbyGQVwzFc_loc12_loop6,12,ITN 0%/IRS 0%/Larvicide 0%,0;0.4;0.4_0;0;0_0;0;0_-100;2;5475_-100;2;5475_-100;2;5475,36.5643835616438,Incidence,8.86165404617918e-05
NbyGQVwzFc_loc12_loop6,12,ITN 0%/IRS 0%/Larvicide 0%,0;0.4;0.4_0;0;0_0;0;0_-100;2;5475_-100;2;5475_-100;2;5475,36.5671232876712,Incidence,8.86159354999753e-05
NbyGQVwzFc_loc12_loop6,12,ITN 0%/IRS 0%/Larvicide 0%,0;0.4;0.4_0;0;0_0;0;0_-100;2;5475_-100;2;5475_-100;2;5475,36.5698630136986,Incidence,8.86154356354235e-05
NbyGQVwzFc_loc12_loop6,12,ITN 0%/IRS 0%/Larvicide 0%,0;0.4;0.4_0;0;0_0;0;0_-100;2;5475_-100;2;5475_-100;2;5475,36.572602739726,Incidence,8.86150409368774e-05
NbyGQVwzFc_loc12_loop6,12,ITN 0%/IRS 0%/Larvicide 0%,0;0.4;0.4_0;0;0_0;0;0_-100;2;5475_-100;2;5475_-100;2;5475,36.5753424657534,Incidence,8.86147514716301e-05
NbyGQVwzFc_loc12_loop6,12,ITN 0%/IRS 0%/Larvicide 0%,0;0.4;0.4_0;0;0_0;0;0_-100;2;5475_-100;2;5475_-100;2;5475,36.5780821917808,Incidence,8.86145673055516e-05
NbyGQVwzFc_loc12_loop6,12,ITN 0%/IRS 0%/Larvicide 0%,0;0.4;0.4_0;0;0_0;0;0_-100;2;5475_-100;2;5475_-100;2;5475,36.5808219178082,Incidence,8.86144885031137e-05
NbyGQVwzFc_loc12_loop6,12,ITN 0%/IRS 0%/Larvicide 0%,0;0.4;0.4_0;0;0_0;0;0_-100;2;5475_-100;2;5475_-100;2;5475,36.5835616438356,Incidence,8.86145151274153e-05
NbyGQVwzFc_loc12_loop6,12,ITN 0%/IRS 0%/Larvicide 0%,0;0.4;0.4_0;0;0_0;0;0_-100;2;5475_-100;2;5475_-100;2;5475,36.586301369863,Incidence,8.86146472459491e-05
NbyGQVwzFc_loc12_loop6,12,ITN 0%/IRS 0%/Larvicide 0%,0;0.4;0.4_0;0;0_0;0;0_-100;2;5475_-100;2;5475_-100;2;5475,36.5890410958904,Incidence,8.86148849386747e-05
NbyGQVwzFc_loc12_loop6,12,ITN 0%/IRS 0%/Larvicide 0%,0;0.4;0.4_0;0;0_0;0;0_-100;2;5475_-100;2;5475_-100;2;5475,36.5917808219178,Incidence,8.86152282694519e-05
NbyGQVwzFc_loc12_loop6,12,ITN 0%/IRS 0%/Larvicide 0%,0;0.4;0.4_0;0;0_0;0;0_-100;2;5475_-100;2;5475_-100;2;5475,36.5945205479452,Incidence,8.86156772994086e-05
NbyGQVwzFc_loc12_loop6,12,ITN 0%/IRS 0%/Larvicide 0%,0;0.4;0.4_0;0;0_0;0;0_-100;2;5475_-100;2;5475_-100;2;5475,36.5972602739726,Incidence,8.8616232088172e-05
NbyGQVwzFc_loc12_loop6,12,ITN 0%/IRS 0%/Larvicide 0%,0;0.4;0.4_0;0;0_0;0;0_-100;2;5475_-100;2;5475_-100;2;5475,36.6,Incidence,8.86168926938971e-05
NbyGQVwzFc_loc12_loop6,12,ITN 0%/IRS 0%/Larvicide 0%,0;0.4;0.4_0;0;0_0;0;0_-100;2;5475_-100;2;5475_-100;2;5475,36.6027397260274,Incidence,8.86176591732929e-05
NbyGQVwzFc_loc12_loop6,12,ITN 0%/IRS 0%/Larvicide 0%,0;0.4;0.4_0;0;0_0;0;0_-100;2;5475_-100;2;5475_-100;2;5475,36.6054794520548,Incidence,8.86185315816508e-05
NbyGQVwzFc_loc12_loop6,12,ITN 0%/IRS 0%/Larvicide 0%,0;0.4;0.4_0;0;0_0;0;0_-100;2;5475_-100;2;5475_-100;2;5475,36.6082191780822,Incidence,8.86195099728704e-05
NbyGQVwzFc_loc12_loop6,12,ITN 0%/IRS 0%/Larvicide 0%,0;0.4;0.4_0;0;0_0;0;0_-100;2;5475_-100;2;5475_-100;2;5475,36.6109589041096,Incidence,8.86205943994888e-05
NbyGQVwzFc_loc12_loop6,12,ITN 0%/IRS 0%/Larvicide 0%,0;0.4;0.4_0;0;0_0;0;0_-100;2;5475_-100;2;5475_-100;2;5475,36.613698630137,Incidence,8.86217849127068e-05
NbyGQVwzFc_loc12_loop6,12,ITN 0%/IRS 0%/Larvicide 0%,0;0.4;0.4_0;0;0_0;0;0_-100;2;5475_-100;2;5475_-100;2;5475,36.6164383561644,Incidence,8.86230815624162e-05
NbyGQVwzFc_loc12_loop6,12,ITN 0%/IRS 0%/Larvicide 0%,0;0.4;0.4_0;0;0_0;0;0_-100;2;5475_-100;2;5475_-100;2;5475,36.6191780821918,Incidence,8.86244843972271e-05
NbyGQVwzFc_loc12_loop6,12,ITN 0%/IRS 0%/Larvicide 0%,0;0.4;0.4_0;0;0_0;0;0_-100;2;5475_-100;2;5475_-100;2;5475,36.6219178082192,Incidence,8.86259934644951e-05
NbyGQVwzFc_loc12_loop6,12,ITN 0%/IRS 0%/Larvicide 0%,0;0.4;0.4_0;0;0_0;0;0_-100;2;5475_-100;2;5475_-100;2;5475,36.6246575342466,Incidence,8.86276088103477e-05
NbyGQVwzFc_loc12_loop6,12,ITN 0%/IRS 0%/Larvicide 0%,0;0.4;0.4_0;0;0_0;0;0_-100;2;5475_-100;2;5475_-100;2;5475,36.627397260274,Incidence,8.86293304797116e-05
NbyGQVwzFc_loc12_loop6,12,ITN 0%/IRS 0%/Larvicide 0%,0;0.4;0.4_0;0;0_0;0;0_-100;2;5475_-100;2;5475_-100;2;5475,36.6301369863014,Incidence,8.86311585163387e-05
NbyGQVwzFc_loc12_loop6,12,ITN 0%/IRS 0%/Larvicide 0%,0;0.4;0.4_0;0;0_0;0;0_-100;2;5475_-100;2;5475_-100;2;5475,36.6328767123288,Incidence,8.86330929628322e-05
NbyGQVwzFc_loc12_loop6,12,ITN 0%/IRS 0%/Larvicide 0%,0;0.4;0.4_0;0;0_0;0;0_-100;2;5475_-100;2;5475_-100;2;5475,36.6356164383562,Incidence,8.86351338719345e-05
NbyGQVwzFc_loc12_loop6,12,ITN 0%/IRS 0%/Larvicide 0%,0;0.4;0.4_0;0;0_0;0;0_-100;2;5475_-100;2;5475_-100;2;5475,36.6383561643836,Incidence,8.86372812982207e-05
NbyGQVwzFc_loc12_loop6,12,ITN 0%/IRS 0%/Larvicide 0%,0;0.4;0.4_0;0;0_0;0;0_-100;2;5475_-100;2;5475_-100;2;5475,36.641095890411,Incidence,8.86395352833439e-05
NbyGQVwzFc_loc12_loop6,12,ITN 0%/IRS 0%/Larvicide 0%,0;0.4;0.4_0;0;0_0;0;0_-100;2;5475_-100;2;5475_-100;2;5475,36.6438356164384,Incidence,8.86418958676718e-05
NbyGQVwzFc_loc12_loop6,12,ITN 0%/IRS 0%/Larvicide 0%,0;0.4;0.4_0;0;0_0;0;0_-100;2;5475_-100;2;5475_-100;2;5475,36.6465753424658,Incidence,8.86443630903239e-05
NbyGQVwzFc_loc12_loop6,12,ITN 0%/IRS 0%/Larvicide 0%,0;0.4;0.4_0;0;0_0;0;0_-100;2;5475_-100;2;5475_-100;2;5475,36.6493150684932,Incidence,8.86469369891979e-05
NbyGQVwzFc_loc12_loop6,12,ITN 0%/IRS 0%/Larvicide 0%,0;0.4;0.4_0;0;0_0;0;0_-100;2;5475_-100;2;5475_-100;2;5475,36.6520547945206,Incidence,8.8649617600997e-05
NbyGQVwzFc_loc12_loop6,12,ITN 0%/IRS 0%/Larvicide 0%,0;0.4;0.4_0;0;0_0;0;0_-100;2;5475_-100;2;5475_-100;2;5475,36.654794520548,Incidence,8.86524049612578e-05
NbyGQVwzFc_loc12_loop6,12,ITN 0%/IRS 0%/Larvicide 0%,0;0.4;0.4_0;0;0_0;0;0_-100;2;5475_-100;2;5475_-100;2;5475,36.6575342465753,Incidence,8.86552991043742e-05
NbyGQVwzFc_loc12_loop6,12,ITN 0%/IRS 0%/Larvicide 0%,0;0.4;0.4_0;0;0_0;0;0_-100;2;5475_-100;2;5475_-100;2;5475,36.6602739726027,Incidence,8.86583000636258e-05
NbyGQVwzFc_loc12_loop6,12,ITN 0%/IRS 0%/Larvicide 0%,0;0.4;0.4_0;0;0_0;0;0_-100;2;5475_-100;2;5475_-100;2;5475,36.6630136986301,Incidence,8.86614078712027e-05
NbyGQVwzFc_loc12_loop6,12,ITN 0%/IRS 0%/Larvicide 0%,0;0.4;0.4_0;0;0_0;0;0_-100;2;5475_-100;2;5475_-100;2;5475,36.6657534246575,Incidence,8.86646225582312e-05
NbyGQVwzFc_loc12_loop6,12,ITN 0%/IRS 0%/Larvicide 0%,0;0.4;0.4_0;0;0_0;0;0_-100;2;5475_-100;2;5475_-100;2;5475,36.6684931506849,Incidence,8.86679441547995e-05
NbyGQVwzFc_loc12_loop6,12,ITN 0%/IRS 0%/Larvicide 0%,0;0.4;0.4_0;0;0_0;0;0_-100;2;5475_-100;2;5475_-100;2;5475,36.6712328767123,Incidence,8.86713726899821e-05
NbyGQVwzFc_loc12_loop6,12,ITN 0%/IRS 0%/Larvicide 0%,0;0.4;0.4_0;0;0_0;0;0_-100;2;5475_-100;2;5475_-100;2;5475,36.6739726027397,Incidence,8.86749081918651e-05
NbyGQVwzFc_loc12_loop6,12,ITN 0%/IRS 0%/Larvicide 0%,0;0.4;0.4_0;0;0_0;0;0_-100;2;5475_-100;2;5475_-100;2;5475,36.6767123287671,Incidence,8.86785506875693e-05
NbyGQVwzFc_loc12_loop6,12,ITN 0%/IRS 0%/Larvicide 0%,0;0.4;0.4_0;0;0_0;0;0_-100;2;5475_-100;2;5475_-100;2;5475,36.6794520547945,Incidence,8.86823002032762e-05
NbyGQVwzFc_loc12_loop6,12,ITN 0%/IRS 0%/Larvicide 0%,0;0.4;0.4_0;0;0_0;0;0_-100;2;5475_-100;2;5475_-100;2;5475,36.6821917808219,Incidence,8.86861567642501e-05
NbyGQVwzFc_loc12_loop6,12,ITN 0%/IRS 0%/Larvicide 0%,0;0.4;0.4_0;0;0_0;0;0_-100;2;5475_-100;2;5475_-100;2;5475,36.6849315068493,Incidence,8.86901204042938e-05
NbyGQVwzFc_loc12_loop6,12,ITN 0%/IRS 0%/Larvicide 0%,0;0.4;0.4_0;0;0_0;0;0_-100;2;5475_-100;2;5475_-100;2;5475,36.6876712328767,Incidence,8.86941911607918e-05
NbyGQVwzFc_loc12_loop6,12,ITN 0%/IRS 0%/Larvicide 0%,0;0.4;0.4_0;0;0_0;0;0_-100;2;5475_-100;2;5475_-100;2;5475,36.6904109589041,Incidence,8.86983690578021e-05
NbyGQVwzFc_loc12_loop6,12,ITN 0%/IRS 0%/Larvicide 0%,0;0.4;0.4_0;0;0_0;0;0_-100;2;5475_-100;2;5475_-100;2;5475,36.6931506849315,Incidence,8.87026541182707e-05
NbyGQVwzFc_loc12_loop6,12,ITN 0%/IRS 0%/Larvicide 0%,0;0.4;0.4_0;0;0_0;0;0_-100;2;5475_-100;2;5475_-100;2;5475,36.6958904109589,Incidence,8.87070463641336e-05
NbyGQVwzFc_loc12_loop6,12,ITN 0%/IRS 0%/Larvicide 0%,0;0.4;0.4_0;0;0_0;0;0_-100;2;5475_-100;2;5475_-100;2;5475,36.6986301369863,Incidence,8.87115458163414e-05
NbyGQVwzFc_loc12_loop6,12,ITN 0%/IRS 0%/Larvicide 0%,0;0.4;0.4_0;0;0_0;0;0_-100;2;5475_-100;2;5475_-100;2;5475,36.7013698630137,Incidence,8.87161524948828e-05
NbyGQVwzFc_loc12_loop6,12,ITN 0%/IRS 0%/Larvicide 0%,0;0.4;0.4_0;0;0_0;0;0_-100;2;5475_-100;2;5475_-100;2;5475,36.7041095890411,Incidence,8.87208664188078e-05
NbyGQVwzFc_loc12_loop6,12,ITN 0%/IRS 0%/Larvicide 0%,0;0.4;0.4_0;0;0_0;0;0_-100;2;5475_-100;2;5475_-100;2;5475,36.7068493150685,Incidence,8.87256876062512e-05
NbyGQVwzFc_loc12_loop6,12,ITN 0%/IRS 0%/Larvicide 0%,0;0.4;0.4_0;0;0_0;0;0_-100;2;5475_-100;2;5475_-100;2;5475,36.7095890410959,Incidence,8.87306160744547e-05
NbyGQVwzFc_loc12_loop6,12,ITN 0%/IRS 0%/Larvicide 0%,0;0.4;0.4_0;0;0_0;0;0_-100;2;5475_-100;2;5475_-100;2;5475,36.7123287671233,Incidence,8.87356518397905e-05
NbyGQVwzFc_loc12_loop6,12,ITN 0%/IRS 0%/Larvicide 0%,0;0.4;0.4_0;0;0_0;0;0_-100;2;5475_-100;2;5475_-100;2;5475,36.7150684931507,Incidence,8.87407949177826e-05
NbyGQVwzFc_loc12_loop6,12,ITN 0%/IRS 0%/Larvicide 0%,0;0.4;0.4_0;0;0_0;0;0_-100;2;5475_-100;2;5475_-100;2;5475,36.7178082191781,Incidence,8.87460453231294e-05
NbyGQVwzFc_loc12_loop6,12,ITN 0%/IRS 0%/Larvicide 0%,0;0.4;0.4_0;0;0_0;0;0_-100;2;5475_-100;2;5475_-100;2;5475,36.7205479452055,Incidence,8.87514030697252e-05
NbyGQVwzFc_loc12_loop6,12,ITN 0%/IRS 0%/Larvicide 0%,0;0.4;0.4_0;0;0_0;0;0_-100;2;5475_-100;2;5475_-100;2;5475,36.7232876712329,Incidence,8.87568681706815e-05
NbyGQVwzFc_loc12_loop6,12,ITN 0%/IRS 0%/Larvicide 0%,0;0.4;0.4_0;0;0_0;0;0_-100;2;5475_-100;2;5475_-100;2;5475,36.7260273972603,Incidence,8.87624406383477e-05
NbyGQVwzFc_loc12_loop6,12,ITN 0%/IRS 0%/Larvicide 0%,0;0.4;0.4_0;0;0_0;0;0_-100;2;5475_-100;2;5475_-100;2;5475,36.7287671232877,Incidence,8.87681204843325e-05
NbyGQVwzFc_loc12_loop6,12,ITN 0%/IRS 0%/Larvicide 0%,0;0.4;0.4_0;0;0_0;0;0_-100;2;5475_-100;2;5475_-100;2;5475,36.7315068493151,Incidence,8.87739077195247e-05
NbyGQVwzFc_loc12_loop6,12,ITN 0%/IRS 0%/Larvicide 0%,0;0.4;0.4_0;0;0_0;0;0_-100;2;5475_-100;2;5475_-100;2;5475,36.7342465753425,Incidence,8.87798023567106e-05
NbyGQVwzFc_loc12_loop6,12,ITN 0%/IRS 0%/Larvicide 0%,0;0.4;0.4_0;0;0_0;0;0_-100;2;5475_-100;2;5475_-100;2;5475,36.7369863013699,Incidence,8.87858044214612e-05
NbyGQVwzFc_loc12_loop6,12,ITN 0%/IRS 0%/Larvicide 0%,0;0.4;0.4_0;0;0_0;0;0_-100;2;5475_-100;2;5475_-100;2;5475,36.7397260273973,Incidence,8.87919139257723e-05
NbyGQVwzFc_loc12_loop6,12,ITN 0%/IRS 0%/Larvicide 0%,0;0.4;0.4_0;0;0_0;0;0_-100;2;5475_-100;2;5475_-100;2;5475,36.7424657534247,Incidence,8.87981308781553e-05
NbyGQVwzFc_loc12_loop6,12,ITN 0%/IRS 0%/Larvicide 0%,0;0.4;0.4_0;0;0_0;0;0_-100;2;5475_-100;2;5475_-100;2;5475,36.7452054794521,Incidence,8.8804455286312e-05
NbyGQVwzFc_loc12_loop6,12,ITN 0%/IRS 0%/Larvicide 0%,0;0.4;0.4_0;0;0_0;0;0_-100;2;5475_-100;2;5475_-100;2;5475,36.7479452054795,Incidence,8.88108871571556e-05
NbyGQVwzFc_loc12_loop6,12,ITN 0%/IRS 0%/Larvicide 0%,0;0.4;0.4_0;0;0_0;0;0_-100;2;5475_-100;2;5475_-100;2;5475,36.7506849315068,Incidence,8.88174264968312e-05
NbyGQVwzFc_loc12_loop6,12,ITN 0%/IRS 0%/Larvicide 0%,0;0.4;0.4_0;0;0_0;0;0_-100;2;5475_-100;2;5475_-100;2;5475,36.7534246575343,Incidence,8.88240733107368e-05
NbyGQVwzFc_loc12_loop6,12,ITN 0%/IRS 0%/Larvicide 0%,0;0.4;0.4_0;0;0_0;0;0_-100;2;5475_-100;2;5475_-100;2;5475,36.7561643835617,Incidence,8.88308276035422e-05
NbyGQVwzFc_loc12_loop6,12,ITN 0%/IRS 0%/Larvicide 0%,0;0.4;0.4_0;0;0_0;0;0_-100;2;5475_-100;2;5475_-100;2;5475,36.758904109589,Incidence,8.88376893792093e-05
NbyGQVwzFc_loc12_loop6,12,ITN 0%/IRS 0%/Larvicide 0%,0;0.4;0.4_0;0;0_0;0;0_-100;2;5475_-100;2;5475_-100;2;5475,36.7616438356164,Incidence,8.88446586410118e-05
NbyGQVwzFc_loc12_loop6,12,ITN 0%/IRS 0%/Larvicide 0%,0;0.4;0.4_0;0;0_0;0;0_-100;2;5475_-100;2;5475_-100;2;5475,36.7643835616438,Incidence,8.88517353915542e-05
NbyGQVwzFc_loc12_loop6,12,ITN 0%/IRS 0%/Larvicide 0%,0;0.4;0.4_0;0;0_0;0;0_-100;2;5475_-100;2;5475_-100;2;5475,36.7671232876712,Incidence,8.88589196327903e-05
NbyGQVwzFc_loc12_loop6,12,ITN 0%/IRS 0%/Larvicide 0%,0;0.4;0.4_0;0;0_0;0;0_-100;2;5475_-100;2;5475_-100;2;5475,36.7698630136986,Incidence,8.88662113660434e-05
NbyGQVwzFc_loc12_loop6,12,ITN 0%/IRS 0%/Larvicide 0%,0;0.4;0.4_0;0;0_0;0;0_-100;2;5475_-100;2;5475_-100;2;5475,36.772602739726,Incidence,8.88736105920231e-05
NbyGQVwzFc_loc12_loop6,12,ITN 0%/IRS 0%/Larvicide 0%,0;0.4;0.4_0;0;0_0;0;0_-100;2;5475_-100;2;5475_-100;2;5475,36.7753424657534,Incidence,8.88811173108447e-05
NbyGQVwzFc_loc12_loop6,12,ITN 0%/IRS 0%/Larvicide 0%,0;0.4;0.4_0;0;0_0;0;0_-100;2;5475_-100;2;5475_-100;2;5475,36.7780821917808,Incidence,8.88887315220461e-05
NbyGQVwzFc_loc12_loop6,12,ITN 0%/IRS 0%/Larvicide 0%,0;0.4;0.4_0;0;0_0;0;0_-100;2;5475_-100;2;5475_-100;2;5475,36.7808219178082,Incidence,8.88964532246067e-05
NbyGQVwzFc_loc12_loop6,12,ITN 0%/IRS 0%/Larvicide 0%,0;0.4;0.4_0;0;0_0;0;0_-100;2;5475_-100;2;5475_-100;2;5475,36.7835616438356,Incidence,8.89042824169639e-05
NbyGQVwzFc_loc12_loop6,12,ITN 0%/IRS 0%/Larvicide 0%,0;0.4;0.4_0;0;0_0;0;0_-100;2;5475_-100;2;5475_-100;2;5475,36.786301369863,Incidence,8.89122191018604e-05
NbyGQVwzFc_loc12_loop6,12,ITN 0%/IRS 0%/Larvicide 0%,0;0.4;0.4_0;0;0_0;0;0_-100;2;5475_-100;2;5475_-100;2;5475,36.7890410958904,Incidence,8.89202632907907e-05
NbyGQVwzFc_loc12_loop6,12,ITN 0%/IRS 0%/Larvicide 0%,0;0.4;0.4_0;0;0_0;0;0_-100;2;5475_-100;2;5475_-100;2;5475,36.7917808219178,Incidence,8.8928414981238e-05
NbyGQVwzFc_loc12_loop6,12,ITN 0%/IRS 0%/Larvicide 0%,0;0.4;0.4_0;0;0_0;0;0_-100;2;5475_-100;2;5475_-100;2;5475,36.7945205479452,Incidence,8.89366741691141e-05
NbyGQVwzFc_loc12_loop6,12,ITN 0%/IRS 0%/Larvicide 0%,0;0.4;0.4_0;0;0_0;0;0_-100;2;5475_-100;2;5475_-100;2;5475,36.7972602739726,Incidence,8.89450408497053e-05
NbyGQVwzFc_loc12_loop6,12,ITN 0%/IRS 0%/Larvicide 0%,0;0.4;0.4_0;0;0_0;0;0_-100;2;5475_-100;2;5475_-100;2;5475,36.8,Incidence,8.895351501769e-05
NbyGQVwzFc_loc12_loop6,12,ITN 0%/IRS 0%/Larvicide 0%,0;0.4;0.4_0;0;0_0;0;0_-100;2;5475_-100;2;5475_-100;2;5475,36.8027397260274,Incidence,8.89620966671569e-05
NbyGQVwzFc_loc12_loop6,12,ITN 0%/IRS 0%/Larvicide 0%,0;0.4;0.4_0;0;0_0;0;0_-100;2;5475_-100;2;5475_-100;2;5475,36.8054794520548,Incidence,8.89707857916212e-05
NbyGQVwzFc_loc12_loop6,12,ITN 0%/IRS 0%/Larvicide 0%,0;0.4;0.4_0;0;0_0;0;0_-100;2;5475_-100;2;5475_-100;2;5475,36.8082191780822,Incidence,8.89795823840433e-05
NbyGQVwzFc_loc12_loop6,12,ITN 0%/IRS 0%/Larvicide 0%,0;0.4;0.4_0;0;0_0;0;0_-100;2;5475_-100;2;5475_-100;2;5475,36.8109589041096,Incidence,8.89884864368445e-05
NbyGQVwzFc_loc12_loop6,12,ITN 0%/IRS 0%/Larvicide 0%,0;0.4;0.4_0;0;0_0;0;0_-100;2;5475_-100;2;5475_-100;2;5475,36.813698630137,Incidence,8.89974979419235e-05
NbyGQVwzFc_loc12_loop6,12,ITN 0%/IRS 0%/Larvicide 0%,0;0.4;0.4_0;0;0_0;0;0_-100;2;5475_-100;2;5475_-100;2;5475,36.8164383561644,Incidence,8.90066168906738e-05
NbyGQVwzFc_loc12_loop6,12,ITN 0%/IRS 0%/Larvicide 0%,0;0.4;0.4_0;0;0_0;0;0_-100;2;5475_-100;2;5475_-100;2;5475,36.8191780821918,Incidence,8.90158432739996e-05
NbyGQVwzFc_loc12_loop6,12,ITN 0%/IRS 0%/Larvicide 0%,0;0.4;0.4_0;0;0_0;0;0_-100;2;5475_-100;2;5475_-100;2;5475,36.8219178082192,Incidence,8.90251770823305e-05
NbyGQVwzFc_loc12_loop6,12,ITN 0%/IRS 0%/Larvicide 0%,0;0.4;0.4_0;0;0_0;0;0_-100;2;5475_-100;2;5475_-100;2;5475,36.8246575342466,Incidence,8.90346183056397e-05
NbyGQVwzFc_loc12_loop6,12,ITN 0%/IRS 0%/Larvicide 0%,0;0.4;0.4_0;0;0_0;0;0_-100;2;5475_-100;2;5475_-100;2;5475,36.827397260274,Incidence,8.90441669334569e-05
NbyGQVwzFc_loc12_loop6,12,ITN 0%/IRS 0%/Larvicide 0%,0;0.4;0.4_0;0;0_0;0;0_-100;2;5475_-100;2;5475_-100;2;5475,36.8301369863014,Incidence,8.90538229548855e-05
NbyGQVwzFc_loc12_loop6,12,ITN 0%/IRS 0%/Larvicide 0%,0;0.4;0.4_0;0;0_0;0;0_-100;2;5475_-100;2;5475_-100;2;5475,36.8328767123288,Incidence,8.90635863586162e-05
NbyGQVwzFc_loc12_loop6,12,ITN 0%/IRS 0%/Larvicide 0%,0;0.4;0.4_0;0;0_0;0;0_-100;2;5475_-100;2;5475_-100;2;5475,36.8356164383562,Incidence,8.90734571329435e-05
NbyGQVwzFc_loc12_loop6,12,ITN 0%/IRS 0%/Larvicide 0%,0;0.4;0.4_0;0;0_0;0;0_-100;2;5475_-100;2;5475_-100;2;5475,36.8383561643836,Incidence,8.9083435268098e-05
NbyGQVwzFc_loc12_loop6,12,ITN 0%/IRS 0%/Larvicide 0%,0;0.4;0.4_0;0;0_0;0;0_-100;2;5475_-100;2;5475_-100;2;5475,36.841095890411,Incidence,8.90935207653957e-05
NbyGQVwzFc_loc12_loop6,12,ITN 0%/IRS 0%/Larvicide 0%,0;0.4;0.4_0;0;0_0;0;0_-100;2;5475_-100;2;5475_-100;2;5475,36.8438356164384,Incidence,8.91037136134078e-05
NbyGQVwzFc_loc12_loop6,12,ITN 0%/IRS 0%/Larvicide 0%,0;0.4;0.4_0;0;0_0;0;0_-100;2;5475_-100;2;5475_-100;2;5475,36.8465753424658,Incidence,8.91140137977836e-05
NbyGQVwzFc_loc12_loop6,12,ITN 0%/IRS 0%/Larvicide 0%,0;0.4;0.4_0;0;0_0;0;0_-100;2;5475_-100;2;5475_-100;2;5475,36.8493150684932,Incidence,8.91244213036971e-05
NbyGQVwzFc_loc12_loop6,12,ITN 0%/IRS 0%/Larvicide 0%,0;0.4;0.4_0;0;0_0;0;0_-100;2;5475_-100;2;5475_-100;2;5475,36.8520547945206,Incidence,8.91349361158615e-05
NbyGQVwzFc_loc12_loop6,12,ITN 0%/IRS 0%/Larvicide 0%,0;0.4;0.4_0;0;0_0;0;0_-100;2;5475_-100;2;5475_-100;2;5475,36.854794520548,Incidence,8.91455582185448e-05
NbyGQVwzFc_loc12_loop6,12,ITN 0%/IRS 0%/Larvicide 0%,0;0.4;0.4_0;0;0_0;0;0_-100;2;5475_-100;2;5475_-100;2;5475,36.8575342465753,Incidence,8.91562875955843e-05
NbyGQVwzFc_loc12_loop6,12,ITN 0%/IRS 0%/Larvicide 0%,0;0.4;0.4_0;0;0_0;0;0_-100;2;5475_-100;2;5475_-100;2;5475,36.8602739726027,Incidence,8.91671242304015e-05
NbyGQVwzFc_loc12_loop6,12,ITN 0%/IRS 0%/Larvicide 0%,0;0.4;0.4_0;0;0_0;0;0_-100;2;5475_-100;2;5475_-100;2;5475,36.8630136986301,Incidence,8.91780681060157e-05
NbyGQVwzFc_loc12_loop6,12,ITN 0%/IRS 0%/Larvicide 0%,0;0.4;0.4_0;0;0_0;0;0_-100;2;5475_-100;2;5475_-100;2;5475,36.8657534246575,Incidence,8.91891192050594e-05
NbyGQVwzFc_loc12_loop6,12,ITN 0%/IRS 0%/Larvicide 0%,0;0.4;0.4_0;0;0_0;0;0_-100;2;5475_-100;2;5475_-100;2;5475,36.8684931506849,Incidence,8.92002775097912e-05
NbyGQVwzFc_loc12_loop6,12,ITN 0%/IRS 0%/Larvicide 0%,0;0.4;0.4_0;0;0_0;0;0_-100;2;5475_-100;2;5475_-100;2;5475,36.8712328767123,Incidence,8.92115430021102e-05
NbyGQVwzFc_loc12_loop6,12,ITN 0%/IRS 0%/Larvicide 0%,0;0.4;0.4_0;0;0_0;0;0_-100;2;5475_-100;2;5475_-100;2;5475,36.8739726027397,Incidence,8.92229156635693e-05
NbyGQVwzFc_loc12_loop6,12,ITN 0%/IRS 0%/Larvicide 0%,0;0.4;0.4_0;0;0_0;0;0_-100;2;5475_-100;2;5475_-100;2;5475,36.8767123287671,Incidence,8.92343954753891e-05
NbyGQVwzFc_loc12_loop6,12,ITN 0%/IRS 0%/Larvicide 0%,0;0.4;0.4_0;0;0_0;0;0_-100;2;5475_-100;2;5475_-100;2;5475,36.8794520547945,Incidence,8.92459824184702e-05
NbyGQVwzFc_loc12_loop6,12,ITN 0%/IRS 0%/Larvicide 0%,0;0.4;0.4_0;0;0_0;0;0_-100;2;5475_-100;2;5475_-100;2;5475,36.8821917808219,Incidence,8.92576764734069e-05
NbyGQVwzFc_loc12_loop6,12,ITN 0%/IRS 0%/Larvicide 0%,0;0.4;0.4_0;0;0_0;0;0_-100;2;5475_-100;2;5475_-100;2;5475,36.8849315068493,Incidence,8.92694776204996e-05
NbyGQVwzFc_loc12_loop6,12,ITN 0%/IRS 0%/Larvicide 0%,0;0.4;0.4_0;0;0_0;0;0_-100;2;5475_-100;2;5475_-100;2;5475,36.8876712328767,Incidence,8.92813858397679e-05
NbyGQVwzFc_loc12_loop6,12,ITN 0%/IRS 0%/Larvicide 0%,0;0.4;0.4_0;0;0_0;0;0_-100;2;5475_-100;2;5475_-100;2;5475,36.8904109589041,Incidence,8.92934011109621e-05
NbyGQVwzFc_loc12_loop6,12,ITN 0%/IRS 0%/Larvicide 0%,0;0.4;0.4_0;0;0_0;0;0_-100;2;5475_-100;2;5475_-100;2;5475,36.8931506849315,Incidence,8.93055234203316e-05
NbyGQVwzFc_loc12_loop6,12,ITN 0%/IRS 0%/Larvicide 0%,0;0.4;0.4_0;0;0_0;0;0_-100;2;5475_-100;2;5475_-100;2;5475,36.8958904109589,Incidence,8.93177527568025e-05
NbyGQVwzFc_loc12_loop6,12,ITN 0%/IRS 0%/Larvicide 0%,0;0.4;0.4_0;0;0_0;0;0_-100;2;5475_-100;2;5475_-100;2;5475,36.8986301369863,Incidence,8.93300890977949e-05
NbyGQVwzFc_loc12_loop6,12,ITN 0%/IRS 0%/Larvicide 0%,0;0.4;0.4_0;0;0_0;0;0_-100;2;5475_-100;2;5475_-100;2;5475,36.9013698630137,Incidence,8.93425324202401e-05
NbyGQVwzFc_loc12_loop6,12,ITN 0%/IRS 0%/Larvicide 0%,0;0.4;0.4_0;0;0_0;0;0_-100;2;5475_-100;2;5475_-100;2;5475,36.9041095890411,Incidence,8.93550827007282e-05
NbyGQVwzFc_loc12_loop6,12,ITN 0%/IRS 0%/Larvicide 0%,0;0.4;0.4_0;0;0_0;0;0_-100;2;5475_-100;2;5475_-100;2;5475,36.9068493150685,Incidence,8.93677399155208e-05
NbyGQVwzFc_loc12_loop6,12,ITN 0%/IRS 0%/Larvicide 0%,0;0.4;0.4_0;0;0_0;0;0_-100;2;5475_-100;2;5475_-100;2;5475,36.9095890410959,Incidence,8.93805040405636e-05
NbyGQVwzFc_loc12_loop6,12,ITN 0%/IRS 0%/Larvicide 0%,0;0.4;0.4_0;0;0_0;0;0_-100;2;5475_-100;2;5475_-100;2;5475,36.9123287671233,Incidence,8.93933750514992e-05
NbyGQVwzFc_loc12_loop6,12,ITN 0%/IRS 0%/Larvicide 0%,0;0.4;0.4_0;0;0_0;0;0_-100;2;5475_-100;2;5475_-100;2;5475,36.9150684931507,Incidence,8.94063529236788e-05
NbyGQVwzFc_loc12_loop6,12,ITN 0%/IRS 0%/Larvicide 0%,0;0.4;0.4_0;0;0_0;0;0_-100;2;5475_-100;2;5475_-100;2;5475,36.9178082191781,Incidence,8.94194376321741e-05
NbyGQVwzFc_loc12_loop6,12,ITN 0%/IRS 0%/Larvicide 0%,0;0.4;0.4_0;0;0_0;0;0_-100;2;5475_-100;2;5475_-100;2;5475,36.9205479452055,Incidence,8.94326291517906e-05
NbyGQVwzFc_loc12_loop6,12,ITN 0%/IRS 0%/Larvicide 0%,0;0.4;0.4_0;0;0_0;0;0_-100;2;5475_-100;2;5475_-100;2;5475,36.9232876712329,Incidence,8.94459274570774e-05
NbyGQVwzFc_loc12_loop6,12,ITN 0%/IRS 0%/Larvicide 0%,0;0.4;0.4_0;0;0_0;0;0_-100;2;5475_-100;2;5475_-100;2;5475,36.9260273972603,Incidence,8.94593325223407e-05
NbyGQVwzFc_loc12_loop6,12,ITN 0%/IRS 0%/Larvicide 0%,0;0.4;0.4_0;0;0_0;0;0_-100;2;5475_-100;2;5475_-100;2;5475,36.9287671232877,Incidence,8.94728443216529e-05
NbyGQVwzFc_loc12_loop6,12,ITN 0%/IRS 0%/Larvicide 0%,0;0.4;0.4_0;0;0_0;0;0_-100;2;5475_-100;2;5475_-100;2;5475,36.9315068493151,Incidence,8.94864628288662e-05
NbyGQVwzFc_loc12_loop6,12,ITN 0%/IRS 0%/Larvicide 0%,0;0.4;0.4_0;0;0_0;0;0_-100;2;5475_-100;2;5475_-100;2;5475,36.9342465753425,Incidence,8.95001880176223e-05
NbyGQVwzFc_loc12_loop6,12,ITN 0%/IRS 0%/Larvicide 0%,0;0.4;0.4_0;0;0_0;0;0_-100;2;5475_-100;2;5475_-100;2;5475,36.9369863013699,Incidence,8.9514019861363e-05
NbyGQVwzFc_loc12_loop6,12,ITN 0%/IRS 0%/Larvicide 0%,0;0.4;0.4_0;0;0_0;0;0_-100;2;5475_-100;2;5475_-100;2;5475,36.9397260273973,Incidence,8.95279583333418e-05
NbyGQVwzFc_loc12_loop6,12,ITN 0%/IRS 0%/Larvicide 0%,0;0.4;0.4_0;0;0_0;0;0_-100;2;5475_-100;2;5475_-100;2;5475,36.9424657534247,Incidence,8.95420034066331e-05
NbyGQVwzFc_loc12_loop6,12,ITN 0%/IRS 0%/Larvicide 0%,0;0.4;0.4_0;0;0_0;0;0_-100;2;5475_-100;2;5475_-100;2;5475,36.9452054794521,Incidence,8.95561550541445e-05
NbyGQVwzFc_loc12_loop6,12,ITN 0%/IRS 0%/Larvicide 0%,0;0.4;0.4_0;0;0_0;0;0_-100;2;5475_-100;2;5475_-100;2;5475,36.9479452054795,Incidence,8.95704132541338e-05
NbyGQVwzFc_loc12_loop6,12,ITN 0%/IRS 0%/Larvicide 0%,0;0.4;0.4_0;0;0_0;0;0_-100;2;5475_-100;2;5475_-100;2;5475,36.9506849315069,Incidence,8.95847779886158e-05
NbyGQVwzFc_loc12_loop6,12,ITN 0%/IRS 0%/Larvicide 0%,0;0.4;0.4_0;0;0_0;0;0_-100;2;5475_-100;2;5475_-100;2;5475,36.9534246575343,Incidence,8.95992492280703e-05
NbyGQVwzFc_loc12_loop6,12,ITN 0%/IRS 0%/Larvicide 0%,0;0.4;0.4_0;0;0_0;0;0_-100;2;5475_-100;2;5475_-100;2;5475,36.9561643835616,Incidence,8.96138269424531e-05
NbyGQVwzFc_loc12_loop6,12,ITN 0%/IRS 0%/Larvicide 0%,0;0.4;0.4_0;0;0_0;0;0_-100;2;5475_-100;2;5475_-100;2;5475,36.958904109589,Incidence,8.96285111014866e-05
NbyGQVwzFc_loc12_loop6,12,ITN 0%/IRS 0%/Larvicide 0%,0;0.4;0.4_0;0;0_0;0;0_-100;2;5475_-100;2;5475_-100;2;5475,36.9616438356164,Incidence,8.96433016746683e-05
NbyGQVwzFc_loc12_loop6,12,ITN 0%/IRS 0%/Larvicide 0%,0;0.4;0.4_0;0;0_0;0;0_-100;2;5475_-100;2;5475_-100;2;5475,36.9643835616438,Incidence,8.96581986312834e-05
NbyGQVwzFc_loc12_loop6,12,ITN 0%/IRS 0%/Larvicide 0%,0;0.4;0.4_0;0;0_0;0;0_-100;2;5475_-100;2;5475_-100;2;5475,36.9671232876712,Incidence,8.96732019404135e-05
NbyGQVwzFc_loc12_loop6,12,ITN 0%/IRS 0%/Larvicide 0%,0;0.4;0.4_0;0;0_0;0;0_-100;2;5475_-100;2;5475_-100;2;5475,36.9698630136986,Incidence,8.96883115709483e-05
NbyGQVwzFc_loc12_loop6,12,ITN 0%/IRS 0%/Larvicide 0%,0;0.4;0.4_0;0;0_0;0;0_-100;2;5475_-100;2;5475_-100;2;5475,36.972602739726,Incidence,8.97035274915946e-05
NbyGQVwzFc_loc12_loop6,12,ITN 0%/IRS 0%/Larvicide 0%,0;0.4;0.4_0;0;0_0;0;0_-100;2;5475_-100;2;5475_-100;2;5475,36.9753424657534,Incidence,8.97188496708872e-05
NbyGQVwzFc_loc12_loop6,12,ITN 0%/IRS 0%/Larvicide 0%,0;0.4;0.4_0;0;0_0;0;0_-100;2;5475_-100;2;5475_-100;2;5475,36.9780821917808,Incidence,8.97342780771979e-05
NbyGQVwzFc_loc12_loop6,12,ITN 0%/IRS 0%/Larvicide 0%,0;0.4;0.4_0;0;0_0;0;0_-100;2;5475_-100;2;5475_-100;2;5475,36.9808219178082,Incidence,8.97498126787454e-05
NbyGQVwzFc_loc12_loop6,12,ITN 0%/IRS 0%/Larvicide 0%,0;0.4;0.4_0;0;0_0;0;0_-100;2;5475_-100;2;5475_-100;2;5475,36.9835616438356,Incidence,8.97654534436053e-05
NbyGQVwzFc_loc12_loop6,12,ITN 0%/IRS 0%/Larvicide 0%,0;0.4;0.4_0;0;0_0;0;0_-100;2;5475_-100;2;5475_-100;2;5475,36.986301369863,Incidence,8.9781200339719e-05
NbyGQVwzFc_loc12_loop6,12,ITN 0%/IRS 0%/Larvicide 0%,0;0.4;0.4_0;0;0_0;0;0_-100;2;5475_-100;2;5475_-100;2;5475,36.9890410958904,Incidence,8.97970533349027e-05
NbyGQVwzFc_loc12_loop6,12,ITN 0%/IRS 0%/Larvicide 0%,0;0.4;0.4_0;0;0_0;0;0_-100;2;5475_-100;2;5475_-100;2;5475,36.9917808219178,Incidence,8.98130123968568e-05
NbyGQVwzFc_loc12_loop6,12,ITN 0%/IRS 0%/Larvicide 0%,0;0.4;0.4_0;0;0_0;0;0_-100;2;5475_-100;2;5475_-100;2;5475,36.9945205479452,Incidence,8.98290774931747e-05
NbyGQVwzFc_loc12_loop6,12,ITN 0%/IRS 0%/Larvicide 0%,0;0.4;0.4_0;0;0_0;0;0_-100;2;5475_-100;2;5475_-100;2;5475,36.9972602739726,Incidence,8.98452485913511e-05
NbyGQVwzFc_loc12_loop6,12,ITN 0%/IRS 0%/Larvicide 0%,0;0.4;0.4_0;0;0_0;0;0_-100;2;5475_-100;2;5475_-100;2;5475,37,Incidence,8.98615256587914e-05
NbyGQVwzFc_loc12_loop6,12,ITN 0%/IRS 0%/Larvicide 0%,0;0.4;0.4_0;0;0_0;0;0_-100;2;5475_-100;2;5475_-100;2;5475,37.0027397260274,Incidence,8.98779086635187e-05
NbyGQVwzFc_loc12_loop6,12,ITN 0%/IRS 0%/Larvicide 0%,0;0.4;0.4_0;0;0_0;0;0_-100;2;5475_-100;2;5475_-100;2;5475,37.0054794520548,Incidence,8.9894397583193e-05
NbyGQVwzFc_loc12_loop6,12,ITN 0%/IRS 0%/Larvicide 0%,0;0.4;0.4_0;0;0_0;0;0_-100;2;5475_-100;2;5475_-100;2;5475,37.0082191780822,Incidence,8.99109923864152e-05
NbyGQVwzFc_loc12_loop6,12,ITN 0%/IRS 0%/Larvicide 0%,0;0.4;0.4_0;0;0_0;0;0_-100;2;5475_-100;2;5475_-100;2;5475,37.0109589041096,Incidence,8.99276930375481e-05
NbyGQVwzFc_loc12_loop6,12,ITN 0%/IRS 0%/Larvicide 0%,0;0.4;0.4_0;0;0_0;0;0_-100;2;5475_-100;2;5475_-100;2;5475,37.013698630137,Incidence,8.99444995008038e-05
NbyGQVwzFc_loc12_loop6,12,ITN 0%/IRS 0%/Larvicide 0%,0;0.4;0.4_0;0;0_0;0;0_-100;2;5475_-100;2;5475_-100;2;5475,37.0164383561644,Incidence,8.9961411740253e-05
NbyGQVwzFc_loc12_loop6,12,ITN 0%/IRS 0%/Larvicide 0%,0;0.4;0.4_0;0;0_0;0;0_-100;2;5475_-100;2;5475_-100;2;5475,37.0191780821918,Incidence,8.99784297198329e-05
NbyGQVwzFc_loc12_loop6,12,ITN 0%/IRS 0%/Larvicide 0%,0;0.4;0.4_0;0;0_0;0;0_-100;2;5475_-100;2;5475_-100;2;5475,37.0219178082192,Incidence,8.99955534033577e-05
NbyGQVwzFc_loc12_loop6,12,ITN 0%/IRS 0%/Larvicide 0%,0;0.4;0.4_0;0;0_0;0;0_-100;2;5475_-100;2;5475_-100;2;5475,37.0246575342466,Incidence,9.00127827545249e-05
NbyGQVwzFc_loc12_loop6,12,ITN 0%/IRS 0%/Larvicide 0%,0;0.4;0.4_0;0;0_0;0;0_-100;2;5475_-100;2;5475_-100;2;5475,37.027397260274,Incidence,9.00301177369263e-05
NbyGQVwzFc_loc12_loop6,12,ITN 0%/IRS 0%/Larvicide 0%,0;0.4;0.4_0;0;0_0;0;0_-100;2;5475_-100;2;5475_-100;2;5475,37.0301369863014,Incidence,9.00475583140541e-05
NbyGQVwzFc_loc12_loop6,12,ITN 0%/IRS 0%/Larvicide 0%,0;0.4;0.4_0;0;0_0;0;0_-100;2;5475_-100;2;5475_-100;2;5475,37.0328767123288,Incidence,9.006510444931e-05
NbyGQVwzFc_loc12_loop6,12,ITN 0%/IRS 0%/Larvicide 0%,0;0.4;0.4_0;0;0_0;0;0_-100;2;5475_-100;2;5475_-100;2;5475,37.0356164383562,Incidence,9.00827561060692e-05
NbyGQVwzFc_loc12_loop6,12,ITN 0%/IRS 0%/Larvicide 0%,0;0.4;0.4_0;0;0_0;0;0_-100;2;5475_-100;2;5475_-100;2;5475,37.0383561643836,Incidence,9.01005132473002e-05
NbyGQVwzFc_loc12_loop6,12,ITN 0%/IRS 0%/Larvicide 0%,0;0.4;0.4_0;0;0_0;0;0_-100;2;5475_-100;2;5475_-100;2;5475,37.041095890411,Incidence,9.01183758366687e-05
NbyGQVwzFc_loc12_loop6,12,ITN 0%/IRS 0%/Larvicide 0%,0;0.4;0.4_0;0;0_0;0;0_-100;2;5475_-100;2;5475_-100;2;5475,37.0438356164384,Incidence,9.0136343836935e-05
NbyGQVwzFc_loc12_loop6,12,ITN 0%/IRS 0%/Larvicide 0%,0;0.4;0.4_0;0;0_0;0;0_-100;2;5475_-100;2;5475_-100;2;5475,37.0465753424658,Incidence,9.0154417211183e-05
NbyGQVwzFc_loc12_loop6,12,ITN 0%/IRS 0%/Larvicide 0%,0;0.4;0.4_0;0;0_0;0;0_-100;2;5475_-100;2;5475_-100;2;5475,37.0493150684932,Incidence,9.01725959226314e-05
NbyGQVwzFc_loc12_loop6,12,ITN 0%/IRS 0%/Larvicide 0%,0;0.4;0.4_0;0;0_0;0;0_-100;2;5475_-100;2;5475_-100;2;5475,37.0520547945206,Incidence,9.01908799340714e-05
NbyGQVwzFc_loc12_loop6,12,ITN 0%/IRS 0%/Larvicide 0%,0;0.4;0.4_0;0;0_0;0;0_-100;2;5475_-100;2;5475_-100;2;5475,37.0547945205479,Incidence,9.02092692085185e-05
NbyGQVwzFc_loc12_loop6,12,ITN 0%/IRS 0%/Larvicide 0%,0;0.4;0.4_0;0;0_0;0;0_-100;2;5475_-100;2;5475_-100;2;5475,37.0575342465753,Incidence,9.02277637090065e-05
NbyGQVwzFc_loc12_loop6,12,ITN 0%/IRS 0%/Larvicide 0%,0;0.4;0.4_0;0;0_0;0;0_-100;2;5475_-100;2;5475_-100;2;5475,37.0602739726027,Incidence,9.02463633991971e-05
NbyGQVwzFc_loc12_loop6,12,ITN 0%/IRS 0%/Larvicide 0%,0;0.4;0.4_0;0;0_0;0;0_-100;2;5475_-100;2;5475_-100;2;5475,37.0630136986301,Incidence,9.02650682507328e-05
NbyGQVwzFc_loc12_loop6,12,ITN 0%/IRS 0%/Larvicide 0%,0;0.4;0.4_0;0;0_0;0;0_-100;2;5475_-100;2;5475_-100;2;5475,37.0657534246575,Incidence,9.0283878228239e-05
NbyGQVwzFc_loc12_loop6,12,ITN 0%/IRS 0%/Larvicide 0%,0;0.4;0.4_0;0;0_0;0;0_-100;2;5475_-100;2;5475_-100;2;5475,37.0684931506849,Incidence,9.03027932874555e-05
NbyGQVwzFc_loc12_loop6,12,ITN 0%/IRS 0%/Larvicide 0%,0;0.4;0.4_0;0;0_0;0;0_-100;2;5475_-100;2;5475_-100;2;5475,37.0712328767123,Incidence,9.03218133999079e-05
NbyGQVwzFc_loc12_loop6,12,ITN 0%/IRS 0%/Larvicide 0%,0;0.4;0.4_0;0;0_0;0;0_-100;2;5475_-100;2;5475_-100;2;5475,37.0739726027397,Incidence,9.03409385115211e-05
NbyGQVwzFc_loc12_loop6,12,ITN 0%/IRS 0%/Larvicide 0%,0;0.4;0.4_0;0;0_0;0;0_-100;2;5475_-100;2;5475_-100;2;5475,37.0767123287671,Incidence,9.03601685889429e-05
NbyGQVwzFc_loc12_loop6,12,ITN 0%/IRS 0%/Larvicide 0%,0;0.4;0.4_0;0;0_0;0;0_-100;2;5475_-100;2;5475_-100;2;5475,37.0794520547945,Incidence,9.03795035905427e-05
NbyGQVwzFc_loc12_loop6,12,ITN 0%/IRS 0%/Larvicide 0%,0;0.4;0.4_0;0;0_0;0;0_-100;2;5475_-100;2;5475_-100;2;5475,37.0821917808219,Incidence,9.03989434747717e-05
NbyGQVwzFc_loc12_loop6,12,ITN 0%/IRS 0%/Larvicide 0%,0;0.4;0.4_0;0;0_0;0;0_-100;2;5475_-100;2;5475_-100;2;5475,37.0849315068493,Incidence,9.04184882033027e-05
NbyGQVwzFc_loc12_loop6,12,ITN 0%/IRS 0%/Larvicide 0%,0;0.4;0.4_0;0;0_0;0;0_-100;2;5475_-100;2;5475_-100;2;5475,37.0876712328767,Incidence,9.04381377321033e-05
NbyGQVwzFc_loc12_loop6,12,ITN 0%/IRS 0%/Larvicide 0%,0;0.4;0.4_0;0;0_0;0;0_-100;2;5475_-100;2;5475_-100;2;5475,37.0904109589041,Incidence,9.04578920141538e-05
NbyGQVwzFc_loc12_loop6,12,ITN 0%/IRS 0%/Larvicide 0%,0;0.4;0.4_0;0;0_0;0;0_-100;2;5475_-100;2;5475_-100;2;5475,37.0931506849315,Incidence,9.04777510544102e-05
NbyGQVwzFc_loc12_loop6,12,ITN 0%/IRS 0%/Larvicide 0%,0;0.4;0.4_0;0;0_0;0;0_-100;2;5475_-100;2;5475_-100;2;5475,37.0958904109589,Incidence,9.04977147283969e-05
NbyGQVwzFc_loc12_loop6,12,ITN 0%/IRS 0%/Larvicide 0%,0;0.4;0.4_0;0;0_0;0;0_-100;2;5475_-100;2;5475_-100;2;5475,37.0986301369863,Incidence,9.05177830525959e-05
NbyGQVwzFc_loc12_loop6,12,ITN 0%/IRS 0%/Larvicide 0%,0;0.4;0.4_0;0;0_0;0;0_-100;2;5475_-100;2;5475_-100;2;5475,37.1013698630137,Incidence,9.05379559969228e-05
NbyGQVwzFc_loc12_loop6,12,ITN 0%/IRS 0%/Larvicide 0%,0;0.4;0.4_0;0;0_0;0;0_-100;2;5475_-100;2;5475_-100;2;5475,37.1041095890411,Incidence,9.05582334795489e-05
NbyGQVwzFc_loc12_loop6,12,ITN 0%/IRS 0%/Larvicide 0%,0;0.4;0.4_0;0;0_0;0;0_-100;2;5475_-100;2;5475_-100;2;5475,37.1068493150685,Incidence,9.05786154801507e-05
NbyGQVwzFc_loc12_loop6,12,ITN 0%/IRS 0%/Larvicide 0%,0;0.4;0.4_0;0;0_0;0;0_-100;2;5475_-100;2;5475_-100;2;5475,37.1095890410959,Incidence,9.05991019676001e-05
NbyGQVwzFc_loc12_loop6,12,ITN 0%/IRS 0%/Larvicide 0%,0;0.4;0.4_0;0;0_0;0;0_-100;2;5475_-100;2;5475_-100;2;5475,37.1123287671233,Incidence,9.06196928843221e-05
NbyGQVwzFc_loc12_loop6,12,ITN 0%/IRS 0%/Larvicide 0%,0;0.4;0.4_0;0;0_0;0;0_-100;2;5475_-100;2;5475_-100;2;5475,37.1150684931507,Incidence,9.06403881955555e-05
NbyGQVwzFc_loc12_loop6,12,ITN 0%/IRS 0%/Larvicide 0%,0;0.4;0.4_0;0;0_0;0;0_-100;2;5475_-100;2;5475_-100;2;5475,37.1178082191781,Incidence,9.06611878652948e-05
NbyGQVwzFc_loc12_loop6,12,ITN 0%/IRS 0%/Larvicide 0%,0;0.4;0.4_0;0;0_0;0;0_-100;2;5475_-100;2;5475_-100;2;5475,37.1205479452055,Incidence,9.06820918513371e-05
NbyGQVwzFc_loc12_loop6,12,ITN 0%/IRS 0%/Larvicide 0%,0;0.4;0.4_0;0;0_0;0;0_-100;2;5475_-100;2;5475_-100;2;5475,37.1232876712329,Incidence,9.07031001213103e-05
NbyGQVwzFc_loc12_loop6,12,ITN 0%/IRS 0%/Larvicide 0%,0;0.4;0.4_0;0;0_0;0;0_-100;2;5475_-100;2;5475_-100;2;5475,37.1260273972603,Incidence,9.07242126335578e-05
NbyGQVwzFc_loc12_loop6,12,ITN 0%/IRS 0%/Larvicide 0%,0;0.4;0.4_0;0;0_0;0;0_-100;2;5475_-100;2;5475_-100;2;5475,37.1287671232877,Incidence,9.07454293433759e-05
NbyGQVwzFc_loc12_loop6,12,ITN 0%/IRS 0%/Larvicide 0%,0;0.4;0.4_0;0;0_0;0;0_-100;2;5475_-100;2;5475_-100;2;5475,37.1315068493151,Incidence,9.0766750206023e-05
NbyGQVwzFc_loc12_loop6,12,ITN 0%/IRS 0%/Larvicide 0%,0;0.4;0.4_0;0;0_0;0;0_-100;2;5475_-100;2;5475_-100;2;5475,37.1342465753425,Incidence,9.07881751780084e-05
NbyGQVwzFc_loc12_loop6,12,ITN 0%/IRS 0%/Larvicide 0%,0;0.4;0.4_0;0;0_0;0;0_-100;2;5475_-100;2;5475_-100;2;5475,37.1369863013699,Incidence,9.08097042163759e-05
NbyGQVwzFc_loc12_loop6,12,ITN 0%/IRS 0%/Larvicide 0%,0;0.4;0.4_0;0;0_0;0;0_-100;2;5475_-100;2;5475_-100;2;5475,37.1397260273973,Incidence,9.08313372761989e-05
NbyGQVwzFc_loc12_loop6,12,ITN 0%/IRS 0%/Larvicide 0%,0;0.4;0.4_0;0;0_0;0;0_-100;2;5475_-100;2;5475_-100;2;5475,37.1424657534247,Incidence,9.08530743132198e-05
NbyGQVwzFc_loc12_loop6,12,ITN 0%/IRS 0%/Larvicide 0%,0;0.4;0.4_0;0;0_0;0;0_-100;2;5475_-100;2;5475_-100;2;5475,37.1452054794521,Incidence,9.08749152846783e-05
NbyGQVwzFc_loc12_loop6,12,ITN 0%/IRS 0%/Larvicide 0%,0;0.4;0.4_0;0;0_0;0;0_-100;2;5475_-100;2;5475_-100;2;5475,37.1479452054795,Incidence,9.0896860146178e-05
NbyGQVwzFc_loc12_loop6,12,ITN 0%/IRS 0%/Larvicide 0%,0;0.4;0.4_0;0;0_0;0;0_-100;2;5475_-100;2;5475_-100;2;5475,37.1506849315069,Incidence,9.09189088533122e-05
NbyGQVwzFc_loc12_loop6,12,ITN 0%/IRS 0%/Larvicide 0%,0;0.4;0.4_0;0;0_0;0;0_-100;2;5475_-100;2;5475_-100;2;5475,37.1534246575343,Incidence,9.09410613629723e-05
NbyGQVwzFc_loc12_loop6,12,ITN 0%/IRS 0%/Larvicide 0%,0;0.4;0.4_0;0;0_0;0;0_-100;2;5475_-100;2;5475_-100;2;5475,37.1561643835616,Incidence,9.09633176312317e-05
NbyGQVwzFc_loc12_loop6,12,ITN 0%/IRS 0%/Larvicide 0%,0;0.4;0.4_0;0;0_0;0;0_-100;2;5475_-100;2;5475_-100;2;5475,37.158904109589,Incidence,9.09856776139192e-05
NbyGQVwzFc_loc12_loop6,12,ITN 0%/IRS 0%/Larvicide 0%,0;0.4;0.4_0;0;0_0;0;0_-100;2;5475_-100;2;5475_-100;2;5475,37.1616438356164,Incidence,9.10081412676425e-05
NbyGQVwzFc_loc12_loop6,12,ITN 0%/IRS 0%/Larvicide 0%,0;0.4;0.4_0;0;0_0;0;0_-100;2;5475_-100;2;5475_-100;2;5475,37.1643835616438,Incidence,9.10307085487423e-05
NbyGQVwzFc_loc12_loop6,12,ITN 0%/IRS 0%/Larvicide 0%,0;0.4;0.4_0;0;0_0;0;0_-100;2;5475_-100;2;5475_-100;2;5475,37.1671232876712,Incidence,9.10533794133828e-05
NbyGQVwzFc_loc12_loop6,12,ITN 0%/IRS 0%/Larvicide 0%,0;0.4;0.4_0;0;0_0;0;0_-100;2;5475_-100;2;5475_-100;2;5475,37.1698630136986,Incidence,9.10761538181134e-05
NbyGQVwzFc_loc12_loop6,12,ITN 0%/IRS 0%/Larvicide 0%,0;0.4;0.4_0;0;0_0;0;0_-100;2;5475_-100;2;5475_-100;2;5475,37.172602739726,Incidence,9.10990317194541e-05
NbyGQVwzFc_loc12_loop6,12,ITN 0%/IRS 0%/Larvicide 0%,0;0.4;0.4_0;0;0_0;0;0_-100;2;5475_-100;2;5475_-100;2;5475,37.1753424657534,Incidence,9.11220130738764e-05
NbyGQVwzFc_loc12_loop6,12,ITN 0%/IRS 0%/Larvicide 0%,0;0.4;0.4_0;0;0_0;0;0_-100;2;5475_-100;2;5475_-100;2;5475,37.1780821917808,Incidence,9.11450978380395e-05
NbyGQVwzFc_loc12_loop6,12,ITN 0%/IRS 0%/Larvicide 0%,0;0.4;0.4_0;0;0_0;0;0_-100;2;5475_-100;2;5475_-100;2;5475,37.1808219178082,Incidence,9.11682859715791e-05
NbyGQVwzFc_loc12_loop6,12,ITN 0%/IRS 0%/Larvicide 0%,0;0.4;0.4_0;0;0_0;0;0_-100;2;5475_-100;2;5475_-100;2;5475,37.1835616438356,Incidence,9.1191577438234e-05
NbyGQVwzFc_loc12_loop6,12,ITN 0%/IRS 0%/Larvicide 0%,0;0.4;0.4_0;0;0_0;0;0_-100;2;5475_-100;2;5475_-100;2;5475,37.186301369863,Incidence,9.12149721918716e-05
NbyGQVwzFc_loc12_loop6,12,ITN 0%/IRS 0%/Larvicide 0%,0;0.4;0.4_0;0;0_0;0;0_-100;2;5475_-100;2;5475_-100;2;5475,37.1890410958904,Incidence,9.12384701857444e-05
NbyGQVwzFc_loc12_loop6,12,ITN 0%/IRS 0%/Larvicide 0%,0;0.4;0.4_0;0;0_0;0;0_-100;2;5475_-100;2;5475_-100;2;5475,37.1917808219178,Incidence,9.12620713731324e-05
NbyGQVwzFc_loc12_loop6,12,ITN 0%/IRS 0%/Larvicide 0%,0;0.4;0.4_0;0;0_0;0;0_-100;2;5475_-100;2;5475_-100;2;5475,37.1945205479452,Incidence,9.12857757073408e-05
NbyGQVwzFc_loc12_loop6,12,ITN 0%/IRS 0%/Larvicide 0%,0;0.4;0.4_0;0;0_0;0;0_-100;2;5475_-100;2;5475_-100;2;5475,37.1972602739726,Incidence,9.13095831417145e-05
NbyGQVwzFc_loc12_loop6,12,ITN 0%/IRS 0%/Larvicide 0%,0;0.4;0.4_0;0;0_0;0;0_-100;2;5475_-100;2;5475_-100;2;5475,37.2,Incidence,9.13334936296462e-05
NbyGQVwzFc_loc12_loop6,12,ITN 0%/IRS 0%/Larvicide 0%,0;0.4;0.4_0;0;0_0;0;0_-100;2;5475_-100;2;5475_-100;2;5475,37.2027397260274,Incidence,9.13575071245619e-05
NbyGQVwzFc_loc12_loop6,12,ITN 0%/IRS 0%/Larvicide 0%,0;0.4;0.4_0;0;0_0;0;0_-100;2;5475_-100;2;5475_-100;2;5475,37.2054794520548,Incidence,9.13816235799394e-05
NbyGQVwzFc_loc12_loop6,12,ITN 0%/IRS 0%/Larvicide 0%,0;0.4;0.4_0;0;0_0;0;0_-100;2;5475_-100;2;5475_-100;2;5475,37.2082191780822,Incidence,9.14058429493184e-05
NbyGQVwzFc_loc12_loop6,12,ITN 0%/IRS 0%/Larvicide 0%,0;0.4;0.4_0;0;0_0;0;0_-100;2;5475_-100;2;5475_-100;2;5475,37.2109589041096,Incidence,9.14301651862884e-05
NbyGQVwzFc_loc12_loop6,12,ITN 0%/IRS 0%/Larvicide 0%,0;0.4;0.4_0;0;0_0;0;0_-100;2;5475_-100;2;5475_-100;2;5475,37.213698630137,Incidence,9.14545902444991e-05
NbyGQVwzFc_loc12_loop6,12,ITN 0%/IRS 0%/Larvicide 0%,0;0.4;0.4_0;0;0_0;0;0_-100;2;5475_-100;2;5475_-100;2;5475,37.2164383561644,Incidence,9.14791180776731e-05
NbyGQVwzFc_loc12_loop6,12,ITN 0%/IRS 0%/Larvicide 0%,0;0.4;0.4_0;0;0_0;0;0_-100;2;5475_-100;2;5475_-100;2;5475,37.2191780821918,Incidence,9.15037486395986e-05
NbyGQVwzFc_loc12_loop6,12,ITN 0%/IRS 0%/Larvicide 0%,0;0.4;0.4_0;0;0_0;0;0_-100;2;5475_-100;2;5475_-100;2;5475,37.2219178082192,Incidence,9.15284818841357e-05
NbyGQVwzFc_loc12_loop6,12,ITN 0%/IRS 0%/Larvicide 0%,0;0.4;0.4_0;0;0_0;0;0_-100;2;5475_-100;2;5475_-100;2;5475,37.2246575342466,Incidence,9.15533177652254e-05
NbyGQVwzFc_loc12_loop6,12,ITN 0%/IRS 0%/Larvicide 0%,0;0.4;0.4_0;0;0_0;0;0_-100;2;5475_-100;2;5475_-100;2;5475,37.227397260274,Incidence,9.15782562368881e-05
NbyGQVwzFc_loc12_loop6,12,ITN 0%/IRS 0%/Larvicide 0%,0;0.4;0.4_0;0;0_0;0;0_-100;2;5475_-100;2;5475_-100;2;5475,37.2301369863014,Incidence,9.16032972532276e-05
NbyGQVwzFc_loc12_loop6,12,ITN 0%/IRS 0%/Larvicide 0%,0;0.4;0.4_0;0;0_0;0;0_-100;2;5475_-100;2;5475_-100;2;5475,37.2328767123288,Incidence,9.16284407684374e-05
NbyGQVwzFc_loc12_loop6,12,ITN 0%/IRS 0%/Larvicide 0%,0;0.4;0.4_0;0;0_0;0;0_-100;2;5475_-100;2;5475_-100;2;5475,37.2356164383562,Incidence,9.16536867368018e-05
NbyGQVwzFc_loc12_loop6,12,ITN 0%/IRS 0%/Larvicide 0%,0;0.4;0.4_0;0;0_0;0;0_-100;2;5475_-100;2;5475_-100;2;5475,37.2383561643836,Incidence,9.16790351126993e-05
NbyGQVwzFc_loc12_loop6,12,ITN 0%/IRS 0%/Larvicide 0%,0;0.4;0.4_0;0;0_0;0;0_-100;2;5475_-100;2;5475_-100;2;5475,37.241095890411,Incidence,9.17044858506176e-05
NbyGQVwzFc_loc12_loop6,12,ITN 0%/IRS 0%/Larvicide 0%,0;0.4;0.4_0;0;0_0;0;0_-100;2;5475_-100;2;5475_-100;2;5475,37.2438356164384,Incidence,9.17300389109504e-05
NbyGQVwzFc_loc12_loop6,12,ITN 0%/IRS 0%/Larvicide 0%,0;0.4;0.4_0;0;0_0;0;0_-100;2;5475_-100;2;5475_-100;2;5475,37.2465753424658,Incidence,9.17556942506853e-05
NbyGQVwzFc_loc12_loop6,12,ITN 0%/IRS 0%/Larvicide 0%,0;0.4;0.4_0;0;0_0;0;0_-100;2;5475_-100;2;5475_-100;2;5475,37.2493150684932,Incidence,9.17814518207923e-05
NbyGQVwzFc_loc12_loop6,12,ITN 0%/IRS 0%/Larvicide 0%,0;0.4;0.4_0;0;0_0;0;0_-100;2;5475_-100;2;5475_-100;2;5475,37.2520547945206,Incidence,9.18073115722973e-05
NbyGQVwzFc_loc12_loop6,12,ITN 0%/IRS 0%/Larvicide 0%,0;0.4;0.4_0;0;0_0;0;0_-100;2;5475_-100;2;5475_-100;2;5475,37.254794520548,Incidence,9.18332734562871e-05
NbyGQVwzFc_loc12_loop6,12,ITN 0%/IRS 0%/Larvicide 0%,0;0.4;0.4_0;0;0_0;0;0_-100;2;5475_-100;2;5475_-100;2;5475,37.2575342465753,Incidence,9.18593374239128e-05
NbyGQVwzFc_loc12_loop6,12,ITN 0%/IRS 0%/Larvicide 0%,0;0.4;0.4_0;0;0_0;0;0_-100;2;5475_-100;2;5475_-100;2;5475,37.2602739726027,Incidence,9.18855034263923e-05
NbyGQVwzFc_loc12_loop6,12,ITN 0%/IRS 0%/Larvicide 0%,0;0.4;0.4_0;0;0_0;0;0_-100;2;5475_-100;2;5475_-100;2;5475,37.2630136986301,Incidence,9.19117714150158e-05
NbyGQVwzFc_loc12_loop6,12,ITN 0%/IRS 0%/Larvicide 0%,0;0.4;0.4_0;0;0_0;0;0_-100;2;5475_-100;2;5475_-100;2;5475,37.2657534246575,Incidence,9.19381413411468e-05
NbyGQVwzFc_loc12_loop6,12,ITN 0%/IRS 0%/Larvicide 0%,0;0.4;0.4_0;0;0_0;0;0_-100;2;5475_-100;2;5475_-100;2;5475,37.2684931506849,Incidence,9.19646131562275e-05
NbyGQVwzFc_loc12_loop6,12,ITN 0%/IRS 0%/Larvicide 0%,0;0.4;0.4_0;0;0_0;0;0_-100;2;5475_-100;2;5475_-100;2;5475,37.2712328767123,Incidence,9.19911868117807e-05
NbyGQVwzFc_loc12_loop6,12,ITN 0%/IRS 0%/Larvicide 0%,0;0.4;0.4_0;0;0_0;0;0_-100;2;5475_-100;2;5475_-100;2;5475,37.2739726027397,Incidence,9.20178622594137e-05
NbyGQVwzFc_loc12_loop6,12,ITN 0%/IRS 0%/Larvicide 0%,0;0.4;0.4_0;0;0_0;0;0_-100;2;5475_-100;2;5475_-100;2;5475,37.2767123287671,Incidence,9.20446394508205e-05
NbyGQVwzFc_loc12_loop6,12,ITN 0%/IRS 0%/Larvicide 0%,0;0.4;0.4_0;0;0_0;0;0_-100;2;5475_-100;2;5475_-100;2;5475,37.2794520547945,Incidence,9.20715183377858e-05
NbyGQVwzFc_loc12_loop6,12,ITN 0%/IRS 0%/Larvicide 0%,0;0.4;0.4_0;0;0_0;0;0_-100;2;5475_-100;2;5475_-100;2;5475,37.2821917808219,Incidence,9.20984988721877e-05
NbyGQVwzFc_loc12_loop6,12,ITN 0%/IRS 0%/Larvicide 0%,0;0.4;0.4_0;0;0_0;0;0_-100;2;5475_-100;2;5475_-100;2;5475,37.2849315068493,Incidence,9.21255810060003e-05
NbyGQVwzFc_loc12_loop6,12,ITN 0%/IRS 0%/Larvicide 0%,0;0.4;0.4_0;0;0_0;0;0_-100;2;5475_-100;2;5475_-100;2;5475,37.2876712328767,Incidence,9.21527646912966e-05
NbyGQVwzFc_loc12_loop6,12,ITN 0%/IRS 0%/Larvicide 0%,0;0.4;0.4_0;0;0_0;0;0_-100;2;5475_-100;2;5475_-100;2;5475,37.2904109589041,Incidence,9.21800498802515e-05
NbyGQVwzFc_loc12_loop6,12,ITN 0%/IRS 0%/Larvicide 0%,0;0.4;0.4_0;0;0_0;0;0_-100;2;5475_-100;2;5475_-100;2;5475,37.2931506849315,Incidence,9.2207436525144e-05
NbyGQVwzFc_loc12_loop6,12,ITN 0%/IRS 0%/Larvicide 0%,0;0.4;0.4_0;0;0_0;0;0_-100;2;5475_-100;2;5475_-100;2;5475,37.2958904109589,Incidence,9.22349245783601e-05
NbyGQVwzFc_loc12_loop6,12,ITN 0%/IRS 0%/Larvicide 0%,0;0.4;0.4_0;0;0_0;0;0_-100;2;5475_-100;2;5475_-100;2;5475,37.2986301369863,Incidence,9.22625139923953e-05
NbyGQVwzFc_loc12_loop6,12,ITN 0%/IRS 0%/Larvicide 0%,0;0.4;0.4_0;0;0_0;0;0_-100;2;5475_-100;2;5475_-100;2;5475,37.3013698630137,Incidence,9.2290204719857e-05
NbyGQVwzFc_loc12_loop6,12,ITN 0%/IRS 0%/Larvicide 0%,0;0.4;0.4_0;0;0_0;0;0_-100;2;5475_-100;2;5475_-100;2;5475,37.3041095890411,Incidence,9.23179967134666e-05
NbyGQVwzFc_loc12_loop6,12,ITN 0%/IRS 0%/Larvicide 0%,0;0.4;0.4_0;0;0_0;0;0_-100;2;5475_-100;2;5475_-100;2;5475,37.3068493150685,Incidence,9.23458899291268e-05
NbyGQVwzFc_loc12_loop6,12,ITN 0%/IRS 0%/Larvicide 0%,0;0.4;0.4_0;0;0_0;0;0_-100;2;5475_-100;2;5475_-100;2;5475,37.3095890410959,Incidence,9.23738843245532e-05
NbyGQVwzFc_loc12_loop6,12,ITN 0%/IRS 0%/Larvicide 0%,0;0.4;0.4_0;0;0_0;0;0_-100;2;5475_-100;2;5475_-100;2;5475,37.3123287671233,Incidence,9.24019798491849e-05
NbyGQVwzFc_loc12_loop6,12,ITN 0%/IRS 0%/Larvicide 0%,0;0.4;0.4_0;0;0_0;0;0_-100;2;5475_-100;2;5475_-100;2;5475,37.3150684931507,Incidence,9.24301764522598e-05
NbyGQVwzFc_loc12_loop6,12,ITN 0%/IRS 0%/Larvicide 0%,0;0.4;0.4_0;0;0_0;0;0_-100;2;5475_-100;2;5475_-100;2;5475,37.3178082191781,Incidence,9.24584740830971e-05
NbyGQVwzFc_loc12_loop6,12,ITN 0%/IRS 0%/Larvicide 0%,0;0.4;0.4_0;0;0_0;0;0_-100;2;5475_-100;2;5475_-100;2;5475,37.3205479452055,Incidence,9.24868726911009e-05
NbyGQVwzFc_loc12_loop6,12,ITN 0%/IRS 0%/Larvicide 0%,0;0.4;0.4_0;0;0_0;0;0_-100;2;5475_-100;2;5475_-100;2;5475,37.3232876712329,Incidence,9.25153722257627e-05
NbyGQVwzFc_loc12_loop6,12,ITN 0%/IRS 0%/Larvicide 0%,0;0.4;0.4_0;0;0_0;0;0_-100;2;5475_-100;2;5475_-100;2;5475,37.3260273972603,Incidence,9.2543972636663e-05
NbyGQVwzFc_loc12_loop6,12,ITN 0%/IRS 0%/Larvicide 0%,0;0.4;0.4_0;0;0_0;0;0_-100;2;5475_-100;2;5475_-100;2;5475,37.3287671232877,Incidence,9.25726738734758e-05
NbyGQVwzFc_loc12_loop6,12,ITN 0%/IRS 0%/Larvicide 0%,0;0.4;0.4_0;0;0_0;0;0_-100;2;5475_-100;2;5475_-100;2;5475,37.3315068493151,Incidence,9.2601475885969e-05
NbyGQVwzFc_loc12_loop6,12,ITN 0%/IRS 0%/Larvicide 0%,0;0.4;0.4_0;0;0_0;0;0_-100;2;5475_-100;2;5475_-100;2;5475,37.3342465753425,Incidence,9.26303786240082e-05
NbyGQVwzFc_loc12_loop6,12,ITN 0%/IRS 0%/Larvicide 0%,0;0.4;0.4_0;0;0_0;0;0_-100;2;5475_-100;2;5475_-100;2;5475,37.3369863013699,Incidence,9.26593820375584e-05
NbyGQVwzFc_loc12_loop6,12,ITN 0%/IRS 0%/Larvicide 0%,0;0.4;0.4_0;0;0_0;0;0_-100;2;5475_-100;2;5475_-100;2;5475,37.3397260273973,Incidence,9.26884860766864e-05
NbyGQVwzFc_loc12_loop6,12,ITN 0%/IRS 0%/Larvicide 0%,0;0.4;0.4_0;0;0_0;0;0_-100;2;5475_-100;2;5475_-100;2;5475,37.3424657534247,Incidence,9.27176906915631e-05
NbyGQVwzFc_loc12_loop6,12,ITN 0%/IRS 0%/Larvicide 0%,0;0.4;0.4_0;0;0_0;0;0_-100;2;5475_-100;2;5475_-100;2;5475,37.3452054794521,Incidence,9.27469958324656e-05
NbyGQVwzFc_loc12_loop6,12,ITN 0%/IRS 0%/Larvicide 0%,0;0.4;0.4_0;0;0_0;0;0_-100;2;5475_-100;2;5475_-100;2;5475,37.3479452054795,Incidence,9.27764014497792e-05
NbyGQVwzFc_loc12_loop6,12,ITN 0%/IRS 0%/Larvicide 0%,0;0.4;0.4_0;0;0_0;0;0_-100;2;5475_-100;2;5475_-100;2;5475,37.3506849315069,Incidence,9.28059074939999e-05
NbyGQVwzFc_loc12_loop6,12,ITN 0%/IRS 0%/Larvicide 0%,0;0.4;0.4_0;0;0_0;0;0_-100;2;5475_-100;2;5475_-100;2;5475,37.3534246575343,Incidence,9.28355139157359e-05
NbyGQVwzFc_loc12_loop6,12,ITN 0%/IRS 0%/Larvicide 0%,0;0.4;0.4_0;0;0_0;0;0_-100;2;5475_-100;2;5475_-100;2;5475,37.3561643835616,Incidence,9.28652206657095e-05
NbyGQVwzFc_loc12_loop6,12,ITN 0%/IRS 0%/Larvicide 0%,0;0.4;0.4_0;0;0_0;0;0_-100;2;5475_-100;2;5475_-100;2;5475,37.358904109589,Incidence,9.28950276947594e-05
NbyGQVwzFc_loc12_loop6,12,ITN 0%/IRS 0%/Larvicide 0%,0;0.4;0.4_0;0;0_0;0;0_-100;2;5475_-100;2;5475_-100;2;5475,37.3616438356164,Incidence,9.29249349538416e-05
NbyGQVwzFc_loc12_loop6,12,ITN 0%/IRS 0%/Larvicide 0%,0;0.4;0.4_0;0;0_0;0;0_-100;2;5475_-100;2;5475_-100;2;5475,37.3643835616438,Incidence,9.29549423940325e-05
NbyGQVwzFc_loc12_loop6,12,ITN 0%/IRS 0%/Larvicide 0%,0;0.4;0.4_0;0;0_0;0;0_-100;2;5475_-100;2;5475_-100;2;5475,37.3671232876712,Incidence,9.29850499665289e-05
NbyGQVwzFc_loc12_loop6,12,ITN 0%/IRS 0%/Larvicide 0%,0;0.4;0.4_0;0;0_0;0;0_-100;2;5475_-100;2;5475_-100;2;5475,37.3698630136986,Incidence,9.30152576226517e-05
NbyGQVwzFc_loc12_loop6,12,ITN 0%/IRS 0%/Larvicide 0%,0;0.4;0.4_0;0;0_0;0;0_-100;2;5475_-100;2;5475_-100;2;5475,37.372602739726,Incidence,9.30455653171977e-05
NbyGQVwzFc_loc12_loop6,12,ITN 0%/IRS 0%/Larvicide 0%,0;0.4;0.4_0;0;0_0;0;0_-100;2;5475_-100;2;5475_-100;2;5475,37.3753424657534,Incidence,9.30759730050995e-05
NbyGQVwzFc_loc12_loop6,12,ITN 0%/IRS 0%/Larvicide 0%,0;0.4;0.4_0;0;0_0;0;0_-100;2;5475_-100;2;5475_-100;2;5475,37.3780821917808,Incidence,9.31064806341769e-05
NbyGQVwzFc_loc12_loop6,12,ITN 0%/IRS 0%/Larvicide 0%,0;0.4;0.4_0;0;0_0;0;0_-100;2;5475_-100;2;5475_-100;2;5475,37.3808219178082,Incidence,9.31370881522399e-05
NbyGQVwzFc_loc12_loop6,12,ITN 0%/IRS 0%/Larvicide 0%,0;0.4;0.4_0;0;0_0;0;0_-100;2;5475_-100;2;5475_-100;2;5475,37.3835616438356,Incidence,9.31677955071939e-05
NbyGQVwzFc_loc12_loop6,12,ITN 0%/IRS 0%/Larvicide 0%,0;0.4;0.4_0;0;0_0;0;0_-100;2;5475_-100;2;5475_-100;2;5475,37.386301369863,Incidence,9.3198602647042e-05
NbyGQVwzFc_loc12_loop6,12,ITN 0%/IRS 0%/Larvicide 0%,0;0.4;0.4_0;0;0_0;0;0_-100;2;5475_-100;2;5475_-100;2;5475,37.3890410958904,Incidence,9.32295095198861e-05
NbyGQVwzFc_loc12_loop6,12,ITN 0%/IRS 0%/Larvicide 0%,0;0.4;0.4_0;0;0_0;0;0_-100;2;5475_-100;2;5475_-100;2;5475,37.3917808219178,Incidence,9.32605160739296e-05
NbyGQVwzFc_loc12_loop6,12,ITN 0%/IRS 0%/Larvicide 0%,0;0.4;0.4_0;0;0_0;0;0_-100;2;5475_-100;2;5475_-100;2;5475,37.3945205479452,Incidence,9.32916222574781e-05
NbyGQVwzFc_loc12_loop6,12,ITN 0%/IRS 0%/Larvicide 0%,0;0.4;0.4_0;0;0_0;0;0_-100;2;5475_-100;2;5475_-100;2;5475,37.3972602739726,Incidence,9.33228280189426e-05
NbyGQVwzFc_loc12_loop6,12,ITN 0%/IRS 0%/Larvicide 0%,0;0.4;0.4_0;0;0_0;0;0_-100;2;5475_-100;2;5475_-100;2;5475,37.4,Incidence,9.33541333068397e-05
NbyGQVwzFc_loc12_loop6,12,ITN 0%/IRS 0%/Larvicide 0%,0;0.4;0.4_0;0;0_0;0;0_-100;2;5475_-100;2;5475_-100;2;5475,37.4027397260274,Incidence,9.33855380697946e-05
NbyGQVwzFc_loc12_loop6,12,ITN 0%/IRS 0%/Larvicide 0%,0;0.4;0.4_0;0;0_0;0;0_-100;2;5475_-100;2;5475_-100;2;5475,37.4054794520548,Incidence,9.34170422565409e-05
NbyGQVwzFc_loc12_loop6,12,ITN 0%/IRS 0%/Larvicide 0%,0;0.4;0.4_0;0;0_0;0;0_-100;2;5475_-100;2;5475_-100;2;5475,37.4082191780822,Incidence,9.34486458159243e-05
NbyGQVwzFc_loc12_loop6,12,ITN 0%/IRS 0%/Larvicide 0%,0;0.4;0.4_0;0;0_0;0;0_-100;2;5475_-100;2;5475_-100;2;5475,37.4109589041096,Incidence,9.3480348696902e-05
NbyGQVwzFc_loc12_loop6,12,ITN 0%/IRS 0%/Larvicide 0%,0;0.4;0.4_0;0;0_0;0;0_-100;2;5475_-100;2;5475_-100;2;5475,37.413698630137,Incidence,9.35121508485453e-05
NbyGQVwzFc_loc12_loop6,12,ITN 0%/IRS 0%/Larvicide 0%,0;0.4;0.4_0;0;0_0;0;0_-100;2;5475_-100;2;5475_-100;2;5475,37.4164383561644,Incidence,9.35440522200412e-05
NbyGQVwzFc_loc12_loop6,12,ITN 0%/IRS 0%/Larvicide 0%,0;0.4;0.4_0;0;0_0;0;0_-100;2;5475_-100;2;5475_-100;2;5475,37.4191780821918,Incidence,9.35760527606927e-05
NbyGQVwzFc_loc12_loop6,12,ITN 0%/IRS 0%/Larvicide 0%,0;0.4;0.4_0;0;0_0;0;0_-100;2;5475_-100;2;5475_-100;2;5475,37.4219178082192,Incidence,9.36081524199209e-05
NbyGQVwzFc_loc12_loop6,12,ITN 0%/IRS 0%/Larvicide 0%,0;0.4;0.4_0;0;0_0;0;0_-100;2;5475_-100;2;5475_-100;2;5475,37.4246575342466,Incidence,9.36403511472657e-05
NbyGQVwzFc_loc12_loop6,12,ITN 0%/IRS 0%/Larvicide 0%,0;0.4;0.4_0;0;0_0;0;0_-100;2;5475_-100;2;5475_-100;2;5475,37.427397260274,Incidence,9.36726488923875e-05
NbyGQVwzFc_loc12_loop6,12,ITN 0%/IRS 0%/Larvicide 0%,0;0.4;0.4_0;0;0_0;0;0_-100;2;5475_-100;2;5475_-100;2;5475,37.4301369863014,Incidence,9.37050456050676e-05
NbyGQVwzFc_loc12_loop6,12,ITN 0%/IRS 0%/Larvicide 0%,0;0.4;0.4_0;0;0_0;0;0_-100;2;5475_-100;2;5475_-100;2;5475,37.4328767123288,Incidence,9.37375412352097e-05
NbyGQVwzFc_loc12_loop6,12,ITN 0%/IRS 0%/Larvicide 0%,0;0.4;0.4_0;0;0_0;0;0_-100;2;5475_-100;2;5475_-100;2;5475,37.4356164383562,Incidence,9.3770135732841e-05
NbyGQVwzFc_loc12_loop6,12,ITN 0%/IRS 0%/Larvicide 0%,0;0.4;0.4_0;0;0_0;0;0_-100;2;5475_-100;2;5475_-100;2;5475,37.4383561643836,Incidence,9.38028290483758e-05
NbyGQVwzFc_loc12_loop6,12,ITN 0%/IRS 0%/Larvicide 0%,0;0.4;0.4_0;0;0_0;0;0_-100;2;5475_-100;2;5475_-100;2;5475,37.441095890411,Incidence,9.38356211372241e-05
NbyGQVwzFc_loc12_loop6,12,ITN 0%/IRS 0%/Larvicide 0%,0;0.4;0.4_0;0;0_0;0;0_-100;2;5475_-100;2;5475_-100;2;5475,37.4438356164384,Incidence,9.38685119487837e-05
NbyGQVwzFc_loc12_loop6,12,ITN 0%/IRS 0%/Larvicide 0%,0;0.4;0.4_0;0;0_0;0;0_-100;2;5475_-100;2;5475_-100;2;5475,37.4465753424658,Incidence,9.39015014295842e-05
NbyGQVwzFc_loc12_loop6,12,ITN 0%/IRS 0%/Larvicide 0%,0;0.4;0.4_0;0;0_0;0;0_-100;2;5475_-100;2;5475_-100;2;5475,37.4493150684932,Incidence,9.39345895262544e-05
NbyGQVwzFc_loc12_loop6,12,ITN 0%/IRS 0%/Larvicide 0%,0;0.4;0.4_0;0;0_0;0;0_-100;2;5475_-100;2;5475_-100;2;5475,37.4520547945206,Incidence,9.3967776185525e-05
NbyGQVwzFc_loc12_loop6,12,ITN 0%/IRS 0%/Larvicide 0%,0;0.4;0.4_0;0;0_0;0;0_-100;2;5475_-100;2;5475_-100;2;5475,37.4547945205479,Incidence,9.40010613542297e-05
NbyGQVwzFc_loc12_loop6,12,ITN 0%/IRS 0%/Larvicide 0%,0;0.4;0.4_0;0;0_0;0;0_-100;2;5475_-100;2;5475_-100;2;5475,37.4575342465753,Incidence,9.40344449793056e-05
NbyGQVwzFc_loc12_loop6,12,ITN 0%/IRS 0%/Larvicide 0%,0;0.4;0.4_0;0;0_0;0;0_-100;2;5475_-100;2;5475_-100;2;5475,37.4602739726027,Incidence,9.40679270077957e-05
NbyGQVwzFc_loc12_loop6,12,ITN 0%/IRS 0%/Larvicide 0%,0;0.4;0.4_0;0;0_0;0;0_-100;2;5475_-100;2;5475_-100;2;5475,37.4630136986301,Incidence,9.41015073868489e-05
NbyGQVwzFc_loc12_loop6,12,ITN 0%/IRS 0%/Larvicide 0%,0;0.4;0.4_0;0;0_0;0;0_-100;2;5475_-100;2;5475_-100;2;5475,37.4657534246575,Incidence,9.41351860637216e-05
NbyGQVwzFc_loc12_loop6,12,ITN 0%/IRS 0%/Larvicide 0%,0;0.4;0.4_0;0;0_0;0;0_-100;2;5475_-100;2;5475_-100;2;5475,37.4684931506849,Incidence,9.41689629857787e-05
NbyGQVwzFc_loc12_loop6,12,ITN 0%/IRS 0%/Larvicide 0%,0;0.4;0.4_0;0;0_0;0;0_-100;2;5475_-100;2;5475_-100;2;5475,37.4712328767123,Incidence,9.42028381004944e-05
NbyGQVwzFc_loc12_loop6,12,ITN 0%/IRS 0%/Larvicide 0%,0;0.4;0.4_0;0;0_0;0;0_-100;2;5475_-100;2;5475_-100;2;5475,37.4739726027397,Incidence,9.42368113554538e-05
NbyGQVwzFc_loc12_loop6,12,ITN 0%/IRS 0%/Larvicide 0%,0;0.4;0.4_0;0;0_0;0;0_-100;2;5475_-100;2;5475_-100;2;5475,37.4767123287671,Incidence,9.42708826983529e-05
NbyGQVwzFc_loc12_loop6,12,ITN 0%/IRS 0%/Larvicide 0%,0;0.4;0.4_0;0;0_0;0;0_-100;2;5475_-100;2;5475_-100;2;5475,37.4794520547945,Incidence,9.43050520769998e-05
NbyGQVwzFc_loc12_loop6,12,ITN 0%/IRS 0%/Larvicide 0%,0;0.4;0.4_0;0;0_0;0;0_-100;2;5475_-100;2;5475_-100;2;5475,37.4821917808219,Incidence,9.43393194393159e-05
NbyGQVwzFc_loc12_loop6,12,ITN 0%/IRS 0%/Larvicide 0%,0;0.4;0.4_0;0;0_0;0;0_-100;2;5475_-100;2;5475_-100;2;5475,37.4849315068493,Incidence,9.43736847333366e-05
NbyGQVwzFc_loc12_loop6,12,ITN 0%/IRS 0%/Larvicide 0%,0;0.4;0.4_0;0;0_0;0;0_-100;2;5475_-100;2;5475_-100;2;5475,37.4876712328767,Incidence,9.44081479072114e-05
NbyGQVwzFc_loc12_loop6,12,ITN 0%/IRS 0%/Larvicide 0%,0;0.4;0.4_0;0;0_0;0;0_-100;2;5475_-100;2;5475_-100;2;5475,37.4904109589041,Incidence,9.44427089092058e-05
NbyGQVwzFc_loc12_loop6,12,ITN 0%/IRS 0%/Larvicide 0%,0;0.4;0.4_0;0;0_0;0;0_-100;2;5475_-100;2;5475_-100;2;5475,37.4931506849315,Incidence,9.44773676877008e-05
NbyGQVwzFc_loc12_loop6,12,ITN 0%/IRS 0%/Larvicide 0%,0;0.4;0.4_0;0;0_0;0;0_-100;2;5475_-100;2;5475_-100;2;5475,37.4958904109589,Incidence,9.4512124191194e-05
NbyGQVwzFc_loc12_loop6,12,ITN 0%/IRS 0%/Larvicide 0%,0;0.4;0.4_0;0;0_0;0;0_-100;2;5475_-100;2;5475_-100;2;5475,37.4986301369863,Incidence,9.45469783683004e-05
NbyGQVwzFc_loc12_loop6,12,ITN 0%/IRS 0%/Larvicide 0%,0;0.4;0.4_0;0;0_0;0;0_-100;2;5475_-100;2;5475_-100;2;5475,37.5013698630137,Incidence,9.45819301677523e-05
NbyGQVwzFc_loc12_loop6,12,ITN 0%/IRS 0%/Larvicide 0%,0;0.4;0.4_0;0;0_0;0;0_-100;2;5475_-100;2;5475_-100;2;5475,37.5041095890411,Incidence,9.46169795384007e-05
NbyGQVwzFc_loc12_loop6,12,ITN 0%/IRS 0%/Larvicide 0%,0;0.4;0.4_0;0;0_0;0;0_-100;2;5475_-100;2;5475_-100;2;5475,37.5068493150685,Incidence,9.46521264292151e-05
NbyGQVwzFc_loc12_loop6,12,ITN 0%/IRS 0%/Larvicide 0%,0;0.4;0.4_0;0;0_0;0;0_-100;2;5475_-100;2;5475_-100;2;5475,37.5095890410959,Incidence,9.46873707920898e-05
NbyGQVwzFc_loc12_loop6,12,ITN 0%/IRS 0%/Larvicide 0%,0;0.4;0.4_0;0;0_0;0;0_-100;2;5475_-100;2;5475_-100;2;5475,37.5123287671233,Incidence,9.47227125783687e-05
NbyGQVwzFc_loc12_loop6,12,ITN 0%/IRS 0%/Larvicide 0%,0;0.4;0.4_0;0;0_0;0;0_-100;2;5475_-100;2;5475_-100;2;5475,37.5150684931507,Incidence,9.47581517334917e-05
NbyGQVwzFc_loc12_loop6,12,ITN 0%/IRS 0%/Larvicide 0%,0;0.4;0.4_0;0;0_0;0;0_-100;2;5475_-100;2;5475_-100;2;5475,37.5178082191781,Incidence,9.47936882029322e-05
NbyGQVwzFc_loc12_loop6,12,ITN 0%/IRS 0%/Larvicide 0%,0;0.4;0.4_0;0;0_0;0;0_-100;2;5475_-100;2;5475_-100;2;5475,37.5205479452055,Incidence,9.48293219322629e-05
NbyGQVwzFc_loc12_loop6,12,ITN 0%/IRS 0%/Larvicide 0%,0;0.4;0.4_0;0;0_0;0;0_-100;2;5475_-100;2;5475_-100;2;5475,37.5232876712329,Incidence,9.48650528671577e-05
NbyGQVwzFc_loc12_loop6,12,ITN 0%/IRS 0%/Larvicide 0%,0;0.4;0.4_0;0;0_0;0;0_-100;2;5475_-100;2;5475_-100;2;5475,37.5260273972603,Incidence,9.49008809533915e-05
NbyGQVwzFc_loc12_loop6,12,ITN 0%/IRS 0%/Larvicide 0%,0;0.4;0.4_0;0;0_0;0;0_-100;2;5475_-100;2;5475_-100;2;5475,37.5287671232877,Incidence,9.49368061368414e-05
NbyGQVwzFc_loc12_loop6,12,ITN 0%/IRS 0%/Larvicide 0%,0;0.4;0.4_0;0;0_0;0;0_-100;2;5475_-100;2;5475_-100;2;5475,37.5315068493151,Incidence,9.49728283634876e-05
NbyGQVwzFc_loc12_loop6,12,ITN 0%/IRS 0%/Larvicide 0%,0;0.4;0.4_0;0;0_0;0;0_-100;2;5475_-100;2;5475_-100;2;5475,37.5342465753425,Incidence,9.50089475794135e-05
NbyGQVwzFc_loc12_loop6,12,ITN 0%/IRS 0%/Larvicide 0%,0;0.4;0.4_0;0;0_0;0;0_-100;2;5475_-100;2;5475_-100;2;5475,37.5369863013699,Incidence,9.50451637308054e-05
NbyGQVwzFc_loc12_loop6,12,ITN 0%/IRS 0%/Larvicide 0%,0;0.4;0.4_0;0;0_0;0;0_-100;2;5475_-100;2;5475_-100;2;5475,37.5397260273973,Incidence,9.50814767639554e-05
NbyGQVwzFc_loc12_loop6,12,ITN 0%/IRS 0%/Larvicide 0%,0;0.4;0.4_0;0;0_0;0;0_-100;2;5475_-100;2;5475_-100;2;5475,37.5424657534247,Incidence,9.51178866252594e-05
NbyGQVwzFc_loc12_loop6,12,ITN 0%/IRS 0%/Larvicide 0%,0;0.4;0.4_0;0;0_0;0;0_-100;2;5475_-100;2;5475_-100;2;5475,37.5452054794521,Incidence,9.51543932612193e-05
NbyGQVwzFc_loc12_loop6,12,ITN 0%/IRS 0%/Larvicide 0%,0;0.4;0.4_0;0;0_0;0;0_-100;2;5475_-100;2;5475_-100;2;5475,37.5479452054795,Incidence,9.51909966184424e-05
NbyGQVwzFc_loc12_loop6,12,ITN 0%/IRS 0%/Larvicide 0%,0;0.4;0.4_0;0;0_0;0;0_-100;2;5475_-100;2;5475_-100;2;5475,37.5506849315069,Incidence,9.52276966436416e-05
NbyGQVwzFc_loc12_loop6,12,ITN 0%/IRS 0%/Larvicide 0%,0;0.4;0.4_0;0;0_0;0;0_-100;2;5475_-100;2;5475_-100;2;5475,37.5534246575342,Incidence,9.52644932836372e-05
NbyGQVwzFc_loc12_loop6,12,ITN 0%/IRS 0%/Larvicide 0%,0;0.4;0.4_0;0;0_0;0;0_-100;2;5475_-100;2;5475_-100;2;5475,37.5561643835616,Incidence,9.53013864853554e-05
NbyGQVwzFc_loc12_loop6,12,ITN 0%/IRS 0%/Larvicide 0%,0;0.4;0.4_0;0;0_0;0;0_-100;2;5475_-100;2;5475_-100;2;5475,37.558904109589,Incidence,9.53383761958301e-05
NbyGQVwzFc_loc12_loop6,12,ITN 0%/IRS 0%/Larvicide 0%,0;0.4;0.4_0;0;0_0;0;0_-100;2;5475_-100;2;5475_-100;2;5475,37.5616438356164,Incidence,9.53754623622021e-05
NbyGQVwzFc_loc12_loop6,12,ITN 0%/IRS 0%/Larvicide 0%,0;0.4;0.4_0;0;0_0;0;0_-100;2;5475_-100;2;5475_-100;2;5475,37.5643835616438,Incidence,9.541264493172e-05
NbyGQVwzFc_loc12_loop6,12,ITN 0%/IRS 0%/Larvicide 0%,0;0.4;0.4_0;0;0_0;0;0_-100;2;5475_-100;2;5475_-100;2;5475,37.5671232876712,Incidence,9.54499238517396e-05
NbyGQVwzFc_loc12_loop6,12,ITN 0%/IRS 0%/Larvicide 0%,0;0.4;0.4_0;0;0_0;0;0_-100;2;5475_-100;2;5475_-100;2;5475,37.5698630136986,Incidence,9.5487299069725e-05
NbyGQVwzFc_loc12_loop6,12,ITN 0%/IRS 0%/Larvicide 0%,0;0.4;0.4_0;0;0_0;0;0_-100;2;5475_-100;2;5475_-100;2;5475,37.572602739726,Incidence,9.55247705332478e-05
NbyGQVwzFc_loc12_loop6,12,ITN 0%/IRS 0%/Larvicide 0%,0;0.4;0.4_0;0;0_0;0;0_-100;2;5475_-100;2;5475_-100;2;5475,37.5753424657534,Incidence,9.5562338189988e-05
NbyGQVwzFc_loc12_loop6,12,ITN 0%/IRS 0%/Larvicide 0%,0;0.4;0.4_0;0;0_0;0;0_-100;2;5475_-100;2;5475_-100;2;5475,37.5780821917808,Incidence,9.5600001987733e-05
NbyGQVwzFc_loc12_loop6,12,ITN 0%/IRS 0%/Larvicide 0%,0;0.4;0.4_0;0;0_0;0;0_-100;2;5475_-100;2;5475_-100;2;5475,37.5808219178082,Incidence,9.56377618760614e-05
NbyGQVwzFc_loc12_loop6,12,ITN 0%/IRS 0%/Larvicide 0%,0;0.4;0.4_0;0;0_0;0;0_-100;2;5475_-100;2;5475_-100;2;5475,37.5835616438356,Incidence,9.56756178058372e-05
NbyGQVwzFc_loc12_loop6,12,ITN 0%/IRS 0%/Larvicide 0%,0;0.4;0.4_0;0;0_0;0;0_-100;2;5475_-100;2;5475_-100;2;5475,37.586301369863,Incidence,9.5713569721638e-05
NbyGQVwzFc_loc12_loop6,12,ITN 0%/IRS 0%/Larvicide 0%,0;0.4;0.4_0;0;0_0;0;0_-100;2;5475_-100;2;5475_-100;2;5475,37.5890410958904,Incidence,9.57516175677948e-05
NbyGQVwzFc_loc12_loop6,12,ITN 0%/IRS 0%/Larvicide 0%,0;0.4;0.4_0;0;0_0;0;0_-100;2;5475_-100;2;5475_-100;2;5475,37.5917808219178,Incidence,9.57897612887307e-05
NbyGQVwzFc_loc12_loop6,12,ITN 0%/IRS 0%/Larvicide 0%,0;0.4;0.4_0;0;0_0;0;0_-100;2;5475_-100;2;5475_-100;2;5475,37.5945205479452,Incidence,9.58280008289632e-05
NbyGQVwzFc_loc12_loop6,12,ITN 0%/IRS 0%/Larvicide 0%,0;0.4;0.4_0;0;0_0;0;0_-100;2;5475_-100;2;5475_-100;2;5475,37.5972602739726,Incidence,9.58663361331027e-05
NbyGQVwzFc_loc12_loop6,12,ITN 0%/IRS 0%/Larvicide 0%,0;0.4;0.4_0;0;0_0;0;0_-100;2;5475_-100;2;5475_-100;2;5475,37.6,Incidence,9.59047671458543e-05
NbyGQVwzFc_loc12_loop6,12,ITN 0%/IRS 0%/Larvicide 0%,0;0.4;0.4_0;0;0_0;0;0_-100;2;5475_-100;2;5475_-100;2;5475,37.6027397260274,Incidence,9.5943293812017e-05
NbyGQVwzFc_loc12_loop6,12,ITN 0%/IRS 0%/Larvicide 0%,0;0.4;0.4_0;0;0_0;0;0_-100;2;5475_-100;2;5475_-100;2;5475,37.6054794520548,Incidence,9.59819160764837e-05
NbyGQVwzFc_loc12_loop6,12,ITN 0%/IRS 0%/Larvicide 0%,0;0.4;0.4_0;0;0_0;0;0_-100;2;5475_-100;2;5475_-100;2;5475,37.6082191780822,Incidence,9.60206338842423e-05
NbyGQVwzFc_loc12_loop6,12,ITN 0%/IRS 0%/Larvicide 0%,0;0.4;0.4_0;0;0_0;0;0_-100;2;5475_-100;2;5475_-100;2;5475,37.6109589041096,Incidence,9.60594471803751e-05
NbyGQVwzFc_loc12_loop6,12,ITN 0%/IRS 0%/Larvicide 0%,0;0.4;0.4_0;0;0_0;0;0_-100;2;5475_-100;2;5475_-100;2;5475,37.613698630137,Incidence,9.60983559100592e-05
NbyGQVwzFc_loc12_loop6,12,ITN 0%/IRS 0%/Larvicide 0%,0;0.4;0.4_0;0;0_0;0;0_-100;2;5475_-100;2;5475_-100;2;5475,37.6164383561644,Incidence,9.61373600185665e-05
NbyGQVwzFc_loc12_loop6,12,ITN 0%/IRS 0%/Larvicide 0%,0;0.4;0.4_0;0;0_0;0;0_-100;2;5475_-100;2;5475_-100;2;5475,37.6191780821918,Incidence,9.61764594512634e-05
NbyGQVwzFc_loc12_loop6,12,ITN 0%/IRS 0%/Larvicide 0%,0;0.4;0.4_0;0;0_0;0;0_-100;2;5475_-100;2;5475_-100;2;5475,37.6219178082192,Incidence,9.62156541536116e-05
NbyGQVwzFc_loc12_loop6,12,ITN 0%/IRS 0%/Larvicide 0%,0;0.4;0.4_0;0;0_0;0;0_-100;2;5475_-100;2;5475_-100;2;5475,37.6246575342466,Incidence,9.62549440711668e-05
NbyGQVwzFc_loc12_loop6,12,ITN 0%/IRS 0%/Larvicide 0%,0;0.4;0.4_0;0;0_0;0;0_-100;2;5475_-100;2;5475_-100;2;5475,37.627397260274,Incidence,9.62943291495798e-05
NbyGQVwzFc_loc12_loop6,12,ITN 0%/IRS 0%/Larvicide 0%,0;0.4;0.4_0;0;0_0;0;0_-100;2;5475_-100;2;5475_-100;2;5475,37.6301369863014,Incidence,9.6333809334596e-05
NbyGQVwzFc_loc12_loop6,12,ITN 0%/IRS 0%/Larvicide 0%,0;0.4;0.4_0;0;0_0;0;0_-100;2;5475_-100;2;5475_-100;2;5475,37.6328767123288,Incidence,9.63733845720557e-05
NbyGQVwzFc_loc12_loop6,12,ITN 0%/IRS 0%/Larvicide 0%,0;0.4;0.4_0;0;0_0;0;0_-100;2;5475_-100;2;5475_-100;2;5475,37.6356164383562,Incidence,9.64130548078931e-05
NbyGQVwzFc_loc12_loop6,12,ITN 0%/IRS 0%/Larvicide 0%,0;0.4;0.4_0;0;0_0;0;0_-100;2;5475_-100;2;5475_-100;2;5475,37.6383561643836,Incidence,9.6452819988137e-05
NbyGQVwzFc_loc12_loop6,12,ITN 0%/IRS 0%/Larvicide 0%,0;0.4;0.4_0;0;0_0;0;0_-100;2;5475_-100;2;5475_-100;2;5475,37.641095890411,Incidence,9.64926800589099e-05
NbyGQVwzFc_loc12_loop6,12,ITN 0%/IRS 0%/Larvicide 0%,0;0.4;0.4_0;0;0_0;0;0_-100;2;5475_-100;2;5475_-100;2;5475,37.6438356164384,Incidence,9.65326349664286e-05
NbyGQVwzFc_loc12_loop6,12,ITN 0%/IRS 0%/Larvicide 0%,0;0.4;0.4_0;0;0_0;0;0_-100;2;5475_-100;2;5475_-100;2;5475,37.6465753424658,Incidence,9.65726846570028e-05
NbyGQVwzFc_loc12_loop6,12,ITN 0%/IRS 0%/Larvicide 0%,0;0.4;0.4_0;0;0_0;0;0_-100;2;5475_-100;2;5475_-100;2;5475,37.6493150684932,Incidence,9.66128290770364e-05
NbyGQVwzFc_loc12_loop6,12,ITN 0%/IRS 0%/Larvicide 0%,0;0.4;0.4_0;0;0_0;0;0_-100;2;5475_-100;2;5475_-100;2;5475,37.6520547945206,Incidence,9.66530681730256e-05
NbyGQVwzFc_loc12_loop6,12,ITN 0%/IRS 0%/Larvicide 0%,0;0.4;0.4_0;0;0_0;0;0_-100;2;5475_-100;2;5475_-100;2;5475,37.6547945205479,Incidence,9.66934018929227e-05
NbyGQVwzFc_loc12_loop6,12,ITN 0%/IRS 0%/Larvicide 0%,0;0.4;0.4_0;0;0_0;0;0_-100;2;5475_-100;2;5475_-100;2;5475,37.6575342465753,Incidence,9.67338301859398e-05
NbyGQVwzFc_loc12_loop6,12,ITN 0%/IRS 0%/Larvicide 0%,0;0.4;0.4_0;0;0_0;0;0_-100;2;5475_-100;2;5475_-100;2;5475,37.6602739726027,Incidence,9.67743529954676e-05
NbyGQVwzFc_loc12_loop6,12,ITN 0%/IRS 0%/Larvicide 0%,0;0.4;0.4_0;0;0_0;0;0_-100;2;5475_-100;2;5475_-100;2;5475,37.6630136986301,Incidence,9.68149702646005e-05
NbyGQVwzFc_loc12_loop6,12,ITN 0%/IRS 0%/Larvicide 0%,0;0.4;0.4_0;0;0_0;0;0_-100;2;5475_-100;2;5475_-100;2;5475,37.6657534246575,Incidence,9.68556819365144e-05
NbyGQVwzFc_loc12_loop6,12,ITN 0%/IRS 0%/Larvicide 0%,0;0.4;0.4_0;0;0_0;0;0_-100;2;5475_-100;2;5475_-100;2;5475,37.6684931506849,Incidence,9.68964879544668e-05
NbyGQVwzFc_loc12_loop6,12,ITN 0%/IRS 0%/Larvicide 0%,0;0.4;0.4_0;0;0_0;0;0_-100;2;5475_-100;2;5475_-100;2;5475,37.6712328767123,Incidence,9.69373882617966e-05
NbyGQVwzFc_loc12_loop6,12,ITN 0%/IRS 0%/Larvicide 0%,0;0.4;0.4_0;0;0_0;0;0_-100;2;5475_-100;2;5475_-100;2;5475,37.6739726027397,Incidence,9.69783828019242e-05
NbyGQVwzFc_loc12_loop6,12,ITN 0%/IRS 0%/Larvicide 0%,0;0.4;0.4_0;0;0_0;0;0_-100;2;5475_-100;2;5475_-100;2;5475,37.6767123287671,Incidence,9.70194715183515e-05
NbyGQVwzFc_loc12_loop6,12,ITN 0%/IRS 0%/Larvicide 0%,0;0.4;0.4_0;0;0_0;0;0_-100;2;5475_-100;2;5475_-100;2;5475,37.6794520547945,Incidence,9.70606543546611e-05
NbyGQVwzFc_loc12_loop6,12,ITN 0%/IRS 0%/Larvicide 0%,0;0.4;0.4_0;0;0_0;0;0_-100;2;5475_-100;2;5475_-100;2;5475,37.6821917808219,Incidence,9.7101931254517e-05
NbyGQVwzFc_loc12_loop6,12,ITN 0%/IRS 0%/Larvicide 0%,0;0.4;0.4_0;0;0_0;0;0_-100;2;5475_-100;2;5475_-100;2;5475,37.6849315068493,Incidence,9.71433021616635e-05
NbyGQVwzFc_loc12_loop6,12,ITN 0%/IRS 0%/Larvicide 0%,0;0.4;0.4_0;0;0_0;0;0_-100;2;5475_-100;2;5475_-100;2;5475,37.6876712328767,Incidence,9.71847670199261e-05
NbyGQVwzFc_loc12_loop6,12,ITN 0%/IRS 0%/Larvicide 0%,0;0.4;0.4_0;0;0_0;0;0_-100;2;5475_-100;2;5475_-100;2;5475,37.6904109589041,Incidence,9.72263257732097e-05
NbyGQVwzFc_loc12_loop6,12,ITN 0%/IRS 0%/Larvicide 0%,0;0.4;0.4_0;0;0_0;0;0_-100;2;5475_-100;2;5475_-100;2;5475,37.6931506849315,Incidence,9.72679783654998e-05
NbyGQVwzFc_loc12_loop6,12,ITN 0%/IRS 0%/Larvicide 0%,0;0.4;0.4_0;0;0_0;0;0_-100;2;5475_-100;2;5475_-100;2;5475,37.6958904109589,Incidence,9.73097247408612e-05
NbyGQVwzFc_loc12_loop6,12,ITN 0%/IRS 0%/Larvicide 0%,0;0.4;0.4_0;0;0_0;0;0_-100;2;5475_-100;2;5475_-100;2;5475,37.6986301369863,Incidence,9.73515648434389e-05
NbyGQVwzFc_loc12_loop6,12,ITN 0%/IRS 0%/Larvicide 0%,0;0.4;0.4_0;0;0_0;0;0_-100;2;5475_-100;2;5475_-100;2;5475,37.7013698630137,Incidence,9.73934986174551e-05
NbyGQVwzFc_loc12_loop6,12,ITN 0%/IRS 0%/Larvicide 0%,0;0.4;0.4_0;0;0_0;0;0_-100;2;5475_-100;2;5475_-100;2;5475,37.7041095890411,Incidence,9.74355260072125e-05
NbyGQVwzFc_loc12_loop6,12,ITN 0%/IRS 0%/Larvicide 0%,0;0.4;0.4_0;0;0_0;0;0_-100;2;5475_-100;2;5475_-100;2;5475,37.7068493150685,Incidence,9.74776469570913e-05
NbyGQVwzFc_loc12_loop6,12,ITN 0%/IRS 0%/Larvicide 0%,0;0.4;0.4_0;0;0_0;0;0_-100;2;5475_-100;2;5475_-100;2;5475,37.7095890410959,Incidence,9.75198614115497e-05
NbyGQVwzFc_loc12_loop6,12,ITN 0%/IRS 0%/Larvicide 0%,0;0.4;0.4_0;0;0_0;0;0_-100;2;5475_-100;2;5475_-100;2;5475,37.7123287671233,Incidence,9.75621693151233e-05
NbyGQVwzFc_loc12_loop6,12,ITN 0%/IRS 0%/Larvicide 0%,0;0.4;0.4_0;0;0_0;0;0_-100;2;5475_-100;2;5475_-100;2;5475,37.7150684931507,Incidence,9.7604570612425e-05
NbyGQVwzFc_loc12_loop6,12,ITN 0%/IRS 0%/Larvicide 0%,0;0.4;0.4_0;0;0_0;0;0_-100;2;5475_-100;2;5475_-100;2;5475,37.7178082191781,Incidence,9.76470652481437e-05
NbyGQVwzFc_loc12_loop6,12,ITN 0%/IRS 0%/Larvicide 0%,0;0.4;0.4_0;0;0_0;0;0_-100;2;5475_-100;2;5475_-100;2;5475,37.7205479452055,Incidence,9.76896531670446e-05
NbyGQVwzFc_loc12_loop6,12,ITN 0%/IRS 0%/Larvicide 0%,0;0.4;0.4_0;0;0_0;0;0_-100;2;5475_-100;2;5475_-100;2;5475,37.7232876712329,Incidence,9.77323343139688e-05
NbyGQVwzFc_loc12_loop6,12,ITN 0%/IRS 0%/Larvicide 0%,0;0.4;0.4_0;0;0_0;0;0_-100;2;5475_-100;2;5475_-100;2;5475,37.7260273972603,Incidence,9.77751086338318e-05
NbyGQVwzFc_loc12_loop6,12,ITN 0%/IRS 0%/Larvicide 0%,0;0.4;0.4_0;0;0_0;0;0_-100;2;5475_-100;2;5475_-100;2;5475,37.7287671232877,Incidence,9.78179760716239e-05
NbyGQVwzFc_loc12_loop6,12,ITN 0%/IRS 0%/Larvicide 0%,0;0.4;0.4_0;0;0_0;0;0_-100;2;5475_-100;2;5475_-100;2;5475,37.7315068493151,Incidence,9.78609365737136e-05
NbyGQVwzFc_loc12_loop6,12,ITN 0%/IRS 0%/Larvicide 0%,0;0.4;0.4_0;0;0_0;0;0_-100;2;5475_-100;2;5475_-100;2;5475,37.7342465753425,Incidence,9.79039900871325e-05
NbyGQVwzFc_loc12_loop6,12,ITN 0%/IRS 0%/Larvicide 0%,0;0.4;0.4_0;0;0_0;0;0_-100;2;5475_-100;2;5475_-100;2;5475,37.7369863013699,Incidence,9.79471365537426e-05
NbyGQVwzFc_loc12_loop6,12,ITN 0%/IRS 0%/Larvicide 0%,0;0.4;0.4_0;0;0_0;0;0_-100;2;5475_-100;2;5475_-100;2;5475,37.7397260273973,Incidence,9.79903759152037e-05
NbyGQVwzFc_loc12_loop6,12,ITN 0%/IRS 0%/Larvicide 0%,0;0.4;0.4_0;0;0_0;0;0_-100;2;5475_-100;2;5475_-100;2;5475,37.7424657534247,Incidence,9.8033708113242e-05
NbyGQVwzFc_loc12_loop6,12,ITN 0%/IRS 0%/Larvicide 0%,0;0.4;0.4_0;0;0_0;0;0_-100;2;5475_-100;2;5475_-100;2;5475,37.7452054794521,Incidence,9.80771330896499e-05
NbyGQVwzFc_loc12_loop6,12,ITN 0%/IRS 0%/Larvicide 0%,0;0.4;0.4_0;0;0_0;0;0_-100;2;5475_-100;2;5475_-100;2;5475,37.7479452054795,Incidence,9.81206507862851e-05
NbyGQVwzFc_loc12_loop6,12,ITN 0%/IRS 0%/Larvicide 0%,0;0.4;0.4_0;0;0_0;0;0_-100;2;5475_-100;2;5475_-100;2;5475,37.7506849315069,Incidence,9.81642611450706e-05
NbyGQVwzFc_loc12_loop6,12,ITN 0%/IRS 0%/Larvicide 0%,0;0.4;0.4_0;0;0_0;0;0_-100;2;5475_-100;2;5475_-100;2;5475,37.7534246575343,Incidence,9.82079641079943e-05
NbyGQVwzFc_loc12_loop6,12,ITN 0%/IRS 0%/Larvicide 0%,0;0.4;0.4_0;0;0_0;0;0_-100;2;5475_-100;2;5475_-100;2;5475,37.7561643835617,Incidence,9.82517596171082e-05
NbyGQVwzFc_loc12_loop6,12,ITN 0%/IRS 0%/Larvicide 0%,0;0.4;0.4_0;0;0_0;0;0_-100;2;5475_-100;2;5475_-100;2;5475,37.758904109589,Incidence,9.82956476145285e-05
NbyGQVwzFc_loc12_loop6,12,ITN 0%/IRS 0%/Larvicide 0%,0;0.4;0.4_0;0;0_0;0;0_-100;2;5475_-100;2;5475_-100;2;5475,37.7616438356164,Incidence,9.83396280424349e-05
NbyGQVwzFc_loc12_loop6,12,ITN 0%/IRS 0%/Larvicide 0%,0;0.4;0.4_0;0;0_0;0;0_-100;2;5475_-100;2;5475_-100;2;5475,37.7643835616438,Incidence,9.83837008430699e-05
NbyGQVwzFc_loc12_loop6,12,ITN 0%/IRS 0%/Larvicide 0%,0;0.4;0.4_0;0;0_0;0;0_-100;2;5475_-100;2;5475_-100;2;5475,37.7671232876712,Incidence,9.84278659587386e-05
NbyGQVwzFc_loc12_loop6,12,ITN 0%/IRS 0%/Larvicide 0%,0;0.4;0.4_0;0;0_0;0;0_-100;2;5475_-100;2;5475_-100;2;5475,37.7698630136986,Incidence,9.84721233318082e-05
NbyGQVwzFc_loc12_loop6,12,ITN 0%/IRS 0%/Larvicide 0%,0;0.4;0.4_0;0;0_0;0;0_-100;2;5475_-100;2;5475_-100;2;5475,37.772602739726,Incidence,9.85164729047074e-05
NbyGQVwzFc_loc12_loop6,12,ITN 0%/IRS 0%/Larvicide 0%,0;0.4;0.4_0;0;0_0;0;0_-100;2;5475_-100;2;5475_-100;2;5475,37.7753424657534,Incidence,9.85609146199254e-05
NbyGQVwzFc_loc12_loop6,12,ITN 0%/IRS 0%/Larvicide 0%,0;0.4;0.4_0;0;0_0;0;0_-100;2;5475_-100;2;5475_-100;2;5475,37.7780821917808,Incidence,9.86054484200123e-05
NbyGQVwzFc_loc12_loop6,12,ITN 0%/IRS 0%/Larvicide 0%,0;0.4;0.4_0;0;0_0;0;0_-100;2;5475_-100;2;5475_-100;2;5475,37.7808219178082,Incidence,9.86500742475777e-05
NbyGQVwzFc_loc12_loop6,12,ITN 0%/IRS 0%/Larvicide 0%,0;0.4;0.4_0;0;0_0;0;0_-100;2;5475_-100;2;5475_-100;2;5475,37.7835616438356,Incidence,9.86947920452902e-05
NbyGQVwzFc_loc12_loop6,12,ITN 0%/IRS 0%/Larvicide 0%,0;0.4;0.4_0;0;0_0;0;0_-100;2;5475_-100;2;5475_-100;2;5475,37.786301369863,Incidence,9.87396017558773e-05
NbyGQVwzFc_loc12_loop6,12,ITN 0%/IRS 0%/Larvicide 0%,0;0.4;0.4_0;0;0_0;0;0_-100;2;5475_-100;2;5475_-100;2;5475,37.7890410958904,Incidence,9.87845033221243e-05
NbyGQVwzFc_loc12_loop6,12,ITN 0%/IRS 0%/Larvicide 0%,0;0.4;0.4_0;0;0_0;0;0_-100;2;5475_-100;2;5475_-100;2;5475,37.7917808219178,Incidence,9.88294966868743e-05
NbyGQVwzFc_loc12_loop6,12,ITN 0%/IRS 0%/Larvicide 0%,0;0.4;0.4_0;0;0_0;0;0_-100;2;5475_-100;2;5475_-100;2;5475,37.7945205479452,Incidence,9.88745817930263e-05
NbyGQVwzFc_loc12_loop6,12,ITN 0%/IRS 0%/Larvicide 0%,0;0.4;0.4_0;0;0_0;0;0_-100;2;5475_-100;2;5475_-100;2;5475,37.7972602739726,Incidence,9.89197585835355e-05
NbyGQVwzFc_loc12_loop6,12,ITN 0%/IRS 0%/Larvicide 0%,0;0.4;0.4_0;0;0_0;0;0_-100;2;5475_-100;2;5475_-100;2;5475,37.8,Incidence,9.89650270014127e-05
NbyGQVwzFc_loc12_loop6,12,ITN 0%/IRS 0%/Larvicide 0%,0;0.4;0.4_0;0;0_0;0;0_-100;2;5475_-100;2;5475_-100;2;5475,37.8027397260274,Incidence,9.90103869897229e-05
NbyGQVwzFc_loc12_loop6,12,ITN 0%/IRS 0%/Larvicide 0%,0;0.4;0.4_0;0;0_0;0;0_-100;2;5475_-100;2;5475_-100;2;5475,37.8054794520548,Incidence,9.90558384915852e-05
NbyGQVwzFc_loc12_loop6,12,ITN 0%/IRS 0%/Larvicide 0%,0;0.4;0.4_0;0;0_0;0;0_-100;2;5475_-100;2;5475_-100;2;5475,37.8082191780822,Incidence,9.91013814501715e-05
NbyGQVwzFc_loc12_loop6,12,ITN 0%/IRS 0%/Larvicide 0%,0;0.4;0.4_0;0;0_0;0;0_-100;2;5475_-100;2;5475_-100;2;5475,37.8109589041096,Incidence,9.91470158098935e-05
NbyGQVwzFc_loc12_loop6,12,ITN 0%/IRS 0%/Larvicide 0%,0;0.4;0.4_0;0;0_0;0;0_-100;2;5475_-100;2;5475_-100;2;5475,37.813698630137,Incidence,9.91927415154073e-05
NbyGQVwzFc_loc12_loop6,12,ITN 0%/IRS 0%/Larvicide 0%,0;0.4;0.4_0;0;0_0;0;0_-100;2;5475_-100;2;5475_-100;2;5475,37.8164383561644,Incidence,9.92385585067987e-05
NbyGQVwzFc_loc12_loop6,12,ITN 0%/IRS 0%/Larvicide 0%,0;0.4;0.4_0;0;0_0;0;0_-100;2;5475_-100;2;5475_-100;2;5475,37.8191780821918,Incidence,9.92844667239986e-05
NbyGQVwzFc_loc12_loop6,12,ITN 0%/IRS 0%/Larvicide 0%,0;0.4;0.4_0;0;0_0;0;0_-100;2;5475_-100;2;5475_-100;2;5475,37.8219178082192,Incidence,9.93304661069858e-05
NbyGQVwzFc_loc12_loop6,12,ITN 0%/IRS 0%/Larvicide 0%,0;0.4;0.4_0;0;0_0;0;0_-100;2;5475_-100;2;5475_-100;2;5475,37.8246575342466,Incidence,9.93765565957862e-05
NbyGQVwzFc_loc12_loop6,12,ITN 0%/IRS 0%/Larvicide 0%,0;0.4;0.4_0;0;0_0;0;0_-100;2;5475_-100;2;5475_-100;2;5475,37.827397260274,Incidence,9.94227381304722e-05
NbyGQVwzFc_loc12_loop6,12,ITN 0%/IRS 0%/Larvicide 0%,0;0.4;0.4_0;0;0_0;0;0_-100;2;5475_-100;2;5475_-100;2;5475,37.8301369863014,Incidence,9.94690106511628e-05
NbyGQVwzFc_loc12_loop6,12,ITN 0%/IRS 0%/Larvicide 0%,0;0.4;0.4_0;0;0_0;0;0_-100;2;5475_-100;2;5475_-100;2;5475,37.8328767123288,Incidence,9.9515374098022e-05
NbyGQVwzFc_loc12_loop6,12,ITN 0%/IRS 0%/Larvicide 0%,0;0.4;0.4_0;0;0_0;0;0_-100;2;5475_-100;2;5475_-100;2;5475,37.8356164383562,Incidence,9.95618284112591e-05
NbyGQVwzFc_loc12_loop6,12,ITN 0%/IRS 0%/Larvicide 0%,0;0.4;0.4_0;0;0_0;0;0_-100;2;5475_-100;2;5475_-100;2;5475,37.8383561643836,Incidence,9.96083735311272e-05
NbyGQVwzFc_loc12_loop6,12,ITN 0%/IRS 0%/Larvicide 0%,0;0.4;0.4_0;0;0_0;0;0_-100;2;5475_-100;2;5475_-100;2;5475,37.841095890411,Incidence,9.96550093979231e-05
NbyGQVwzFc_loc12_loop6,12,ITN 0%/IRS 0%/Larvicide 0%,0;0.4;0.4_0;0;0_0;0;0_-100;2;5475_-100;2;5475_-100;2;5475,37.8438356164384,Incidence,9.97017359519867e-05
NbyGQVwzFc_loc12_loop6,12,ITN 0%/IRS 0%/Larvicide 0%,0;0.4;0.4_0;0;0_0;0;0_-100;2;5475_-100;2;5475_-100;2;5475,37.8465753424658,Incidence,9.97485531337002e-05
NbyGQVwzFc_loc12_loop6,12,ITN 0%/IRS 0%/Larvicide 0%,0;0.4;0.4_0;0;0_0;0;0_-100;2;5475_-100;2;5475_-100;2;5475,37.8493150684932,Incidence,9.97954608834871e-05
NbyGQVwzFc_loc12_loop6,12,ITN 0%/IRS 0%/Larvicide 0%,0;0.4;0.4_0;0;0_0;0;0_-100;2;5475_-100;2;5475_-100;2;5475,37.8520547945206,Incidence,9.98424591418123e-05
NbyGQVwzFc_loc12_loop6,12,ITN 0%/IRS 0%/Larvicide 0%,0;0.4;0.4_0;0;0_0;0;0_-100;2;5475_-100;2;5475_-100;2;5475,37.854794520548,Incidence,9.98895478491801e-05
NbyGQVwzFc_loc12_loop6,12,ITN 0%/IRS 0%/Larvicide 0%,0;0.4;0.4_0;0;0_0;0;0_-100;2;5475_-100;2;5475_-100;2;5475,37.8575342465753,Incidence,9.9936726946135e-05
NbyGQVwzFc_loc12_loop6,12,ITN 0%/IRS 0%/Larvicide 0%,0;0.4;0.4_0;0;0_0;0;0_-100;2;5475_-100;2;5475_-100;2;5475,37.8602739726027,Incidence,9.99839963732598e-05
NbyGQVwzFc_loc12_loop6,12,ITN 0%/IRS 0%/Larvicide 0%,0;0.4;0.4_0;0;0_0;0;0_-100;2;5475_-100;2;5475_-100;2;5475,37.8630136986301,Incidence,0.000100031356071175
NbyGQVwzFc_loc12_loop6,12,ITN 0%/IRS 0%/Larvicide 0%,0;0.4;0.4_0;0;0_0;0;0_-100;2;5475_-100;2;5475_-100;2;5475,37.8657534246575,Incidence,0.000100078805980539
NbyGQVwzFc_loc12_loop6,12,ITN 0%/IRS 0%/Larvicide 0%,0;0.4;0.4_0;0;0_0;0;0_-100;2;5475_-100;2;5475_-100;2;5475,37.8684931506849,Incidence,0.000100126346042046
NbyGQVwzFc_loc12_loop6,12,ITN 0%/IRS 0%/Larvicide 0%,0;0.4;0.4_0;0;0_0;0;0_-100;2;5475_-100;2;5475_-100;2;5475,37.8712328767123,Incidence,0.000100173976196427
NbyGQVwzFc_loc12_loop6,12,ITN 0%/IRS 0%/Larvicide 0%,0;0.4;0.4_0;0;0_0;0;0_-100;2;5475_-100;2;5475_-100;2;5475,37.8739726027397,Incidence,0.000100221696384446
NbyGQVwzFc_loc12_loop6,12,ITN 0%/IRS 0%/Larvicide 0%,0;0.4;0.4_0;0;0_0;0;0_-100;2;5475_-100;2;5475_-100;2;5475,37.8767123287671,Incidence,0.000100269506546903
NbyGQVwzFc_loc12_loop6,12,ITN 0%/IRS 0%/Larvicide 0%,0;0.4;0.4_0;0;0_0;0;0_-100;2;5475_-100;2;5475_-100;2;5475,37.8794520547945,Incidence,0.00010031740662463
NbyGQVwzFc_loc12_loop6,12,ITN 0%/IRS 0%/Larvicide 0%,0;0.4;0.4_0;0;0_0;0;0_-100;2;5475_-100;2;5475_-100;2;5475,37.8821917808219,Incidence,0.000100365396558492
NbyGQVwzFc_loc12_loop6,12,ITN 0%/IRS 0%/Larvicide 0%,0;0.4;0.4_0;0;0_0;0;0_-100;2;5475_-100;2;5475_-100;2;5475,37.8849315068493,Incidence,0.000100413476289385
NbyGQVwzFc_loc12_loop6,12,ITN 0%/IRS 0%/Larvicide 0%,0;0.4;0.4_0;0;0_0;0;0_-100;2;5475_-100;2;5475_-100;2;5475,37.8876712328767,Incidence,0.000100461645758236
NbyGQVwzFc_loc12_loop6,12,ITN 0%/IRS 0%/Larvicide 0%,0;0.4;0.4_0;0;0_0;0;0_-100;2;5475_-100;2;5475_-100;2;5475,37.8904109589041,Incidence,0.000100509904906003
NbyGQVwzFc_loc12_loop6,12,ITN 0%/IRS 0%/Larvicide 0%,0;0.4;0.4_0;0;0_0;0;0_-100;2;5475_-100;2;5475_-100;2;5475,37.8931506849315,Incidence,0.000100558253674483
NbyGQVwzFc_loc12_loop6,12,ITN 0%/IRS 0%/Larvicide 0%,0;0.4;0.4_0;0;0_0;0;0_-100;2;5475_-100;2;5475_-100;2;5475,37.8958904109589,Incidence,0.000100606692006041
NbyGQVwzFc_loc12_loop6,12,ITN 0%/IRS 0%/Larvicide 0%,0;0.4;0.4_0;0;0_0;0;0_-100;2;5475_-100;2;5475_-100;2;5475,37.8986301369863,Incidence,0.000100655219838777
NbyGQVwzFc_loc12_loop6,12,ITN 0%/IRS 0%/Larvicide 0%,0;0.4;0.4_0;0;0_0;0;0_-100;2;5475_-100;2;5475_-100;2;5475,37.9013698630137,Incidence,0.000100703837110511
NbyGQVwzFc_loc12_loop6,12,ITN 0%/IRS 0%/Larvicide 0%,0;0.4;0.4_0;0;0_0;0;0_-100;2;5475_-100;2;5475_-100;2;5475,37.9041095890411,Incidence,0.000100752543759092
NbyGQVwzFc_loc12_loop6,12,ITN 0%/IRS 0%/Larvicide 0%,0;0.4;0.4_0;0;0_0;0;0_-100;2;5475_-100;2;5475_-100;2;5475,37.9068493150685,Incidence,0.000100801339722394
NbyGQVwzFc_loc12_loop6,12,ITN 0%/IRS 0%/Larvicide 0%,0;0.4;0.4_0;0;0_0;0;0_-100;2;5475_-100;2;5475_-100;2;5475,37.9095890410959,Incidence,0.000100850224938317
NbyGQVwzFc_loc12_loop6,12,ITN 0%/IRS 0%/Larvicide 0%,0;0.4;0.4_0;0;0_0;0;0_-100;2;5475_-100;2;5475_-100;2;5475,37.9123287671233,Incidence,0.000100899199344785
NbyGQVwzFc_loc12_loop6,12,ITN 0%/IRS 0%/Larvicide 0%,0;0.4;0.4_0;0;0_0;0;0_-100;2;5475_-100;2;5475_-100;2;5475,37.9150684931507,Incidence,0.000100948262879749
NbyGQVwzFc_loc12_loop6,12,ITN 0%/IRS 0%/Larvicide 0%,0;0.4;0.4_0;0;0_0;0;0_-100;2;5475_-100;2;5475_-100;2;5475,37.9178082191781,Incidence,0.000100997415481178
NbyGQVwzFc_loc12_loop6,12,ITN 0%/IRS 0%/Larvicide 0%,0;0.4;0.4_0;0;0_0;0;0_-100;2;5475_-100;2;5475_-100;2;5475,37.9205479452055,Incidence,0.00010104665708707
NbyGQVwzFc_loc12_loop6,12,ITN 0%/IRS 0%/Larvicide 0%,0;0.4;0.4_0;0;0_0;0;0_-100;2;5475_-100;2;5475_-100;2;5475,37.9232876712329,Incidence,0.000101095987635441
NbyGQVwzFc_loc12_loop6,12,ITN 0%/IRS 0%/Larvicide 0%,0;0.4;0.4_0;0;0_0;0;0_-100;2;5475_-100;2;5475_-100;2;5475,37.9260273972603,Incidence,0.000101145407064328
NbyGQVwzFc_loc12_loop6,12,ITN 0%/IRS 0%/Larvicide 0%,0;0.4;0.4_0;0;0_0;0;0_-100;2;5475_-100;2;5475_-100;2;5475,37.9287671232877,Incidence,0.00010119491531179
NbyGQVwzFc_loc12_loop6,12,ITN 0%/IRS 0%/Larvicide 0%,0;0.4;0.4_0;0;0_0;0;0_-100;2;5475_-100;2;5475_-100;2;5475,37.9315068493151,Incidence,0.000101244512315905
NbyGQVwzFc_loc12_loop6,12,ITN 0%/IRS 0%/Larvicide 0%,0;0.4;0.4_0;0;0_0;0;0_-100;2;5475_-100;2;5475_-100;2;5475,37.9342465753425,Incidence,0.00010129419801477
NbyGQVwzFc_loc12_loop6,12,ITN 0%/IRS 0%/Larvicide 0%,0;0.4;0.4_0;0;0_0;0;0_-100;2;5475_-100;2;5475_-100;2;5475,37.9369863013699,Incidence,0.000101343972346498
NbyGQVwzFc_loc12_loop6,12,ITN 0%/IRS 0%/Larvicide 0%,0;0.4;0.4_0;0;0_0;0;0_-100;2;5475_-100;2;5475_-100;2;5475,37.9397260273973,Incidence,0.000101393835249222
NbyGQVwzFc_loc12_loop6,12,ITN 0%/IRS 0%/Larvicide 0%,0;0.4;0.4_0;0;0_0;0;0_-100;2;5475_-100;2;5475_-100;2;5475,37.9424657534247,Incidence,0.00010144378666109
NbyGQVwzFc_loc12_loop6,12,ITN 0%/IRS 0%/Larvicide 0%,0;0.4;0.4_0;0;0_0;0;0_-100;2;5475_-100;2;5475_-100;2;5475,37.9452054794521,Incidence,0.000101493826520263
NbyGQVwzFc_loc12_loop6,12,ITN 0%/IRS 0%/Larvicide 0%,0;0.4;0.4_0;0;0_0;0;0_-100;2;5475_-100;2;5475_-100;2;5475,37.9479452054795,Incidence,0.000101543954764921
NbyGQVwzFc_loc12_loop6,12,ITN 0%/IRS 0%/Larvicide 0%,0;0.4;0.4_0;0;0_0;0;0_-100;2;5475_-100;2;5475_-100;2;5475,37.9506849315069,Incidence,0.000101594171333254
NbyGQVwzFc_loc12_loop6,12,ITN 0%/IRS 0%/Larvicide 0%,0;0.4;0.4_0;0;0_0;0;0_-100;2;5475_-100;2;5475_-100;2;5475,37.9534246575343,Incidence,0.000101644476163466
NbyGQVwzFc_loc12_loop6,12,ITN 0%/IRS 0%/Larvicide 0%,0;0.4;0.4_0;0;0_0;0;0_-100;2;5475_-100;2;5475_-100;2;5475,37.9561643835616,Incidence,0.000101694869193775
NbyGQVwzFc_loc12_loop6,12,ITN 0%/IRS 0%/Larvicide 0%,0;0.4;0.4_0;0;0_0;0;0_-100;2;5475_-100;2;5475_-100;2;5475,37.958904109589,Incidence,0.000101745350362406
NbyGQVwzFc_loc12_loop6,12,ITN 0%/IRS 0%/Larvicide 0%,0;0.4;0.4_0;0;0_0;0;0_-100;2;5475_-100;2;5475_-100;2;5475,37.9616438356164,Incidence,0.000101795919607598
NbyGQVwzFc_loc12_loop6,12,ITN 0%/IRS 0%/Larvicide 0%,0;0.4;0.4_0;0;0_0;0;0_-100;2;5475_-100;2;5475_-100;2;5475,37.9643835616438,Incidence,0.000101846576867598
NbyGQVwzFc_loc12_loop6,12,ITN 0%/IRS 0%/Larvicide 0%,0;0.4;0.4_0;0;0_0;0;0_-100;2;5475_-100;2;5475_-100;2;5475,37.9671232876712,Incidence,0.00010189732208066
NbyGQVwzFc_loc12_loop6,12,ITN 0%/IRS 0%/Larvicide 0%,0;0.4;0.4_0;0;0_0;0;0_-100;2;5475_-100;2;5475_-100;2;5475,37.9698630136986,Incidence,0.000101948155185046
NbyGQVwzFc_loc12_loop6,12,ITN 0%/IRS 0%/Larvicide 0%,0;0.4;0.4_0;0;0_0;0;0_-100;2;5475_-100;2;5475_-100;2;5475,37.972602739726,Incidence,0.000101999076119027
NbyGQVwzFc_loc12_loop6,12,ITN 0%/IRS 0%/Larvicide 0%,0;0.4;0.4_0;0;0_0;0;0_-100;2;5475_-100;2;5475_-100;2;5475,37.9753424657534,Incidence,0.000102050084820876
NbyGQVwzFc_loc12_loop6,12,ITN 0%/IRS 0%/Larvicide 0%,0;0.4;0.4_0;0;0_0;0;0_-100;2;5475_-100;2;5475_-100;2;5475,37.9780821917808,Incidence,0.000102101181229098
NbyGQVwzFc_loc12_loop6,12,ITN 0%/IRS 0%/Larvicide 0%,0;0.4;0.4_0;0;0_0;0;0_-100;2;5475_-100;2;5475_-100;2;5475,37.9808219178082,Incidence,0.000102152365283624
NbyGQVwzFc_loc12_loop6,12,ITN 0%/IRS 0%/Larvicide 0%,0;0.4;0.4_0;0;0_0;0;0_-100;2;5475_-100;2;5475_-100;2;5475,37.9835616438356,Incidence,0.000102203636920648
NbyGQVwzFc_loc12_loop6,12,ITN 0%/IRS 0%/Larvicide 0%,0;0.4;0.4_0;0;0_0;0;0_-100;2;5475_-100;2;5475_-100;2;5475,37.986301369863,Incidence,0.000102254996075427
NbyGQVwzFc_loc12_loop6,12,ITN 0%/IRS 0%/Larvicide 0%,0;0.4;0.4_0;0;0_0;0;0_-100;2;5475_-100;2;5475_-100;2;5475,37.9890410958904,Incidence,0.000102306442683224
NbyGQVwzFc_loc12_loop6,12,ITN 0%/IRS 0%/Larvicide 0%,0;0.4;0.4_0;0;0_0;0;0_-100;2;5475_-100;2;5475_-100;2;5475,37.9917808219178,Incidence,0.000102357976679305
NbyGQVwzFc_loc12_loop6,12,ITN 0%/IRS 0%/Larvicide 0%,0;0.4;0.4_0;0;0_0;0;0_-100;2;5475_-100;2;5475_-100;2;5475,37.9945205479452,Incidence,0.00010240959799894
NbyGQVwzFc_loc12_loop6,12,ITN 0%/IRS 0%/Larvicide 0%,0;0.4;0.4_0;0;0_0;0;0_-100;2;5475_-100;2;5475_-100;2;5475,37.9972602739726,Incidence,0.000102461306577402
NbyGQVwzFc_loc12_loop6,12,ITN 0%/IRS 0%/Larvicide 0%,0;0.4;0.4_0;0;0_0;0;0_-100;2;5475_-100;2;5475_-100;2;5475,38,Incidence,0.000102513102349966
NbyGQVwzFc_loc12_loop6,12,ITN 0%/IRS 0%/Larvicide 0%,0;0.4;0.4_0;0;0_0;0;0_-100;2;5475_-100;2;5475_-100;2;5475,38.0027397260274,Incidence,0.000102564985251905
NbyGQVwzFc_loc12_loop6,12,ITN 0%/IRS 0%/Larvicide 0%,0;0.4;0.4_0;0;0_0;0;0_-100;2;5475_-100;2;5475_-100;2;5475,38.0054794520548,Incidence,0.000102616955218497
NbyGQVwzFc_loc12_loop6,12,ITN 0%/IRS 0%/Larvicide 0%,0;0.4;0.4_0;0;0_0;0;0_-100;2;5475_-100;2;5475_-100;2;5475,38.0082191780822,Incidence,0.000102669012185014
NbyGQVwzFc_loc12_loop6,12,ITN 0%/IRS 0%/Larvicide 0%,0;0.4;0.4_0;0;0_0;0;0_-100;2;5475_-100;2;5475_-100;2;5475,38.0109589041096,Incidence,0.000102721156086729
NbyGQVwzFc_loc12_loop6,12,ITN 0%/IRS 0%/Larvicide 0%,0;0.4;0.4_0;0;0_0;0;0_-100;2;5475_-100;2;5475_-100;2;5475,38.013698630137,Incidence,0.000102773386858913
NbyGQVwzFc_loc12_loop6,12,ITN 0%/IRS 0%/Larvicide 0%,0;0.4;0.4_0;0;0_0;0;0_-100;2;5475_-100;2;5475_-100;2;5475,38.0164383561644,Incidence,0.000102825704436833
NbyGQVwzFc_loc12_loop6,12,ITN 0%/IRS 0%/Larvicide 0%,0;0.4;0.4_0;0;0_0;0;0_-100;2;5475_-100;2;5475_-100;2;5475,38.0191780821918,Incidence,0.000102878108755751
NbyGQVwzFc_loc12_loop6,12,ITN 0%/IRS 0%/Larvicide 0%,0;0.4;0.4_0;0;0_0;0;0_-100;2;5475_-100;2;5475_-100;2;5475,38.0219178082192,Incidence,0.000102930599750924
NbyGQVwzFc_loc12_loop6,12,ITN 0%/IRS 0%/Larvicide 0%,0;0.4;0.4_0;0;0_0;0;0_-100;2;5475_-100;2;5475_-100;2;5475,38.0246575342466,Incidence,0.000102983177357605
NbyGQVwzFc_loc12_loop6,12,ITN 0%/IRS 0%/Larvicide 0%,0;0.4;0.4_0;0;0_0;0;0_-100;2;5475_-100;2;5475_-100;2;5475,38.027397260274,Incidence,0.000103035841511037
NbyGQVwzFc_loc12_loop6,12,ITN 0%/IRS 0%/Larvicide 0%,0;0.4;0.4_0;0;0_0;0;0_-100;2;5475_-100;2;5475_-100;2;5475,38.0301369863014,Incidence,0.000103088592146457
NbyGQVwzFc_loc12_loop6,12,ITN 0%/IRS 0%/Larvicide 0%,0;0.4;0.4_0;0;0_0;0;0_-100;2;5475_-100;2;5475_-100;2;5475,38.0328767123288,Incidence,0.000103141429199095
NbyGQVwzFc_loc12_loop6,12,ITN 0%/IRS 0%/Larvicide 0%,0;0.4;0.4_0;0;0_0;0;0_-100;2;5475_-100;2;5475_-100;2;5475,38.0356164383562,Incidence,0.000103194352604103
NbyGQVwzFc_loc12_loop6,12,ITN 0%/IRS 0%/Larvicide 0%,0;0.4;0.4_0;0;0_0;0;0_-100;2;5475_-100;2;5475_-100;2;5475,38.0383561643836,Incidence,0.000103247362296425
NbyGQVwzFc_loc12_loop6,12,ITN 0%/IRS 0%/Larvicide 0%,0;0.4;0.4_0;0;0_0;0;0_-100;2;5475_-100;2;5475_-100;2;5475,38.041095890411,Incidence,0.000103300458212266
NbyGQVwzFc_loc12_loop6,12,ITN 0%/IRS 0%/Larvicide 0%,0;0.4;0.4_0;0;0_0;0;0_-100;2;5475_-100;2;5475_-100;2;5475,38.0438356164384,Incidence,0.000103353640285974
NbyGQVwzFc_loc12_loop6,12,ITN 0%/IRS 0%/Larvicide 0%,0;0.4;0.4_0;0;0_0;0;0_-100;2;5475_-100;2;5475_-100;2;5475,38.0465753424658,Incidence,0.000103406908452535
NbyGQVwzFc_loc12_loop6,12,ITN 0%/IRS 0%/Larvicide 0%,0;0.4;0.4_0;0;0_0;0;0_-100;2;5475_-100;2;5475_-100;2;5475,38.0493150684932,Incidence,0.000103460262647754
NbyGQVwzFc_loc12_loop6,12,ITN 0%/IRS 0%/Larvicide 0%,0;0.4;0.4_0;0;0_0;0;0_-100;2;5475_-100;2;5475_-100;2;5475,38.0520547945206,Incidence,0.00010351370280649
NbyGQVwzFc_loc12_loop6,12,ITN 0%/IRS 0%/Larvicide 0%,0;0.4;0.4_0;0;0_0;0;0_-100;2;5475_-100;2;5475_-100;2;5475,38.0547945205479,Incidence,0.000103567228863639
NbyGQVwzFc_loc12_loop6,12,ITN 0%/IRS 0%/Larvicide 0%,0;0.4;0.4_0;0;0_0;0;0_-100;2;5475_-100;2;5475_-100;2;5475,38.0575342465753,Incidence,0.00010362084075501
NbyGQVwzFc_loc12_loop6,12,ITN 0%/IRS 0%/Larvicide 0%,0;0.4;0.4_0;0;0_0;0;0_-100;2;5475_-100;2;5475_-100;2;5475,38.0602739726027,Incidence,0.000103674538415473
NbyGQVwzFc_loc12_loop6,12,ITN 0%/IRS 0%/Larvicide 0%,0;0.4;0.4_0;0;0_0;0;0_-100;2;5475_-100;2;5475_-100;2;5475,38.0630136986301,Incidence,0.00010372832177838
NbyGQVwzFc_loc12_loop6,12,ITN 0%/IRS 0%/Larvicide 0%,0;0.4;0.4_0;0;0_0;0;0_-100;2;5475_-100;2;5475_-100;2;5475,38.0657534246575,Incidence,0.000103782190781016
NbyGQVwzFc_loc12_loop6,12,ITN 0%/IRS 0%/Larvicide 0%,0;0.4;0.4_0;0;0_0;0;0_-100;2;5475_-100;2;5475_-100;2;5475,38.0684931506849,Incidence,0.00010383614535869
NbyGQVwzFc_loc12_loop6,12,ITN 0%/IRS 0%/Larvicide 0%,0;0.4;0.4_0;0;0_0;0;0_-100;2;5475_-100;2;5475_-100;2;5475,38.0712328767123,Incidence,0.000103890185445803
NbyGQVwzFc_loc12_loop6,12,ITN 0%/IRS 0%/Larvicide 0%,0;0.4;0.4_0;0;0_0;0;0_-100;2;5475_-100;2;5475_-100;2;5475,38.0739726027397,Incidence,0.000103944310975435
NbyGQVwzFc_loc12_loop6,12,ITN 0%/IRS 0%/Larvicide 0%,0;0.4;0.4_0;0;0_0;0;0_-100;2;5475_-100;2;5475_-100;2;5475,38.0767123287671,Incidence,0.000103998521879877
NbyGQVwzFc_loc12_loop6,12,ITN 0%/IRS 0%/Larvicide 0%,0;0.4;0.4_0;0;0_0;0;0_-100;2;5475_-100;2;5475_-100;2;5475,38.0794520547945,Incidence,0.000104052818090836
NbyGQVwzFc_loc12_loop6,12,ITN 0%/IRS 0%/Larvicide 0%,0;0.4;0.4_0;0;0_0;0;0_-100;2;5475_-100;2;5475_-100;2;5475,38.0821917808219,Incidence,0.000104107199540493
NbyGQVwzFc_loc12_loop6,12,ITN 0%/IRS 0%/Larvicide 0%,0;0.4;0.4_0;0;0_0;0;0_-100;2;5475_-100;2;5475_-100;2;5475,38.0849315068493,Incidence,0.000104161666161237
NbyGQVwzFc_loc12_loop6,12,ITN 0%/IRS 0%/Larvicide 0%,0;0.4;0.4_0;0;0_0;0;0_-100;2;5475_-100;2;5475_-100;2;5475,38.0876712328767,Incidence,0.000104216217885034
NbyGQVwzFc_loc12_loop6,12,ITN 0%/IRS 0%/Larvicide 0%,0;0.4;0.4_0;0;0_0;0;0_-100;2;5475_-100;2;5475_-100;2;5475,38.0904109589041,Incidence,0.00010427085464372
NbyGQVwzFc_loc12_loop6,12,ITN 0%/IRS 0%/Larvicide 0%,0;0.4;0.4_0;0;0_0;0;0_-100;2;5475_-100;2;5475_-100;2;5475,38.0931506849315,Incidence,0.000104325576369841
NbyGQVwzFc_loc12_loop6,12,ITN 0%/IRS 0%/Larvicide 0%,0;0.4;0.4_0;0;0_0;0;0_-100;2;5475_-100;2;5475_-100;2;5475,38.0958904109589,Incidence,0.000104380382994978
NbyGQVwzFc_loc12_loop6,12,ITN 0%/IRS 0%/Larvicide 0%,0;0.4;0.4_0;0;0_0;0;0_-100;2;5475_-100;2;5475_-100;2;5475,38.0986301369863,Incidence,0.000104435274451038
NbyGQVwzFc_loc12_loop6,12,ITN 0%/IRS 0%/Larvicide 0%,0;0.4;0.4_0;0;0_0;0;0_-100;2;5475_-100;2;5475_-100;2;5475,38.1013698630137,Incidence,0.00010449025067045
NbyGQVwzFc_loc12_loop6,12,ITN 0%/IRS 0%/Larvicide 0%,0;0.4;0.4_0;0;0_0;0;0_-100;2;5475_-100;2;5475_-100;2;5475,38.1041095890411,Incidence,0.000104545311584947
NbyGQVwzFc_loc12_loop6,12,ITN 0%/IRS 0%/Larvicide 0%,0;0.4;0.4_0;0;0_0;0;0_-100;2;5475_-100;2;5475_-100;2;5475,38.1068493150685,Incidence,0.000104600457126249
NbyGQVwzFc_loc12_loop6,12,ITN 0%/IRS 0%/Larvicide 0%,0;0.4;0.4_0;0;0_0;0;0_-100;2;5475_-100;2;5475_-100;2;5475,38.1095890410959,Incidence,0.000104655687226515
NbyGQVwzFc_loc12_loop6,12,ITN 0%/IRS 0%/Larvicide 0%,0;0.4;0.4_0;0;0_0;0;0_-100;2;5475_-100;2;5475_-100;2;5475,38.1123287671233,Incidence,0.000104711001817574
NbyGQVwzFc_loc12_loop6,12,ITN 0%/IRS 0%/Larvicide 0%,0;0.4;0.4_0;0;0_0;0;0_-100;2;5475_-100;2;5475_-100;2;5475,38.1150684931507,Incidence,0.000104766400831096
NbyGQVwzFc_loc12_loop6,12,ITN 0%/IRS 0%/Larvicide 0%,0;0.4;0.4_0;0;0_0;0;0_-100;2;5475_-100;2;5475_-100;2;5475,38.1178082191781,Incidence,0.000104821884199
NbyGQVwzFc_loc12_loop6,12,ITN 0%/IRS 0%/Larvicide 0%,0;0.4;0.4_0;0;0_0;0;0_-100;2;5475_-100;2;5475_-100;2;5475,38.1205479452055,Incidence,0.000104877451853086
NbyGQVwzFc_loc12_loop6,12,ITN 0%/IRS 0%/Larvicide 0%,0;0.4;0.4_0;0;0_0;0;0_-100;2;5475_-100;2;5475_-100;2;5475,38.1232876712329,Incidence,0.000104933103724993
NbyGQVwzFc_loc12_loop6,12,ITN 0%/IRS 0%/Larvicide 0%,0;0.4;0.4_0;0;0_0;0;0_-100;2;5475_-100;2;5475_-100;2;5475,38.1260273972603,Incidence,0.000104988839746464
NbyGQVwzFc_loc12_loop6,12,ITN 0%/IRS 0%/Larvicide 0%,0;0.4;0.4_0;0;0_0;0;0_-100;2;5475_-100;2;5475_-100;2;5475,38.1287671232877,Incidence,0.000105044659849202
NbyGQVwzFc_loc12_loop6,12,ITN 0%/IRS 0%/Larvicide 0%,0;0.4;0.4_0;0;0_0;0;0_-100;2;5475_-100;2;5475_-100;2;5475,38.1315068493151,Incidence,0.000105100563964792
NbyGQVwzFc_loc12_loop6,12,ITN 0%/IRS 0%/Larvicide 0%,0;0.4;0.4_0;0;0_0;0;0_-100;2;5475_-100;2;5475_-100;2;5475,38.1342465753425,Incidence,0.000105156552024841
NbyGQVwzFc_loc12_loop6,12,ITN 0%/IRS 0%/Larvicide 0%,0;0.4;0.4_0;0;0_0;0;0_-100;2;5475_-100;2;5475_-100;2;5475,38.1369863013699,Incidence,0.000105212623960929
NbyGQVwzFc_loc12_loop6,12,ITN 0%/IRS 0%/Larvicide 0%,0;0.4;0.4_0;0;0_0;0;0_-100;2;5475_-100;2;5475_-100;2;5475,38.1397260273973,Incidence,0.00010526877970456
NbyGQVwzFc_loc12_loop6,12,ITN 0%/IRS 0%/Larvicide 0%,0;0.4;0.4_0;0;0_0;0;0_-100;2;5475_-100;2;5475_-100;2;5475,38.1424657534247,Incidence,0.000105325019187216
NbyGQVwzFc_loc12_loop6,12,ITN 0%/IRS 0%/Larvicide 0%,0;0.4;0.4_0;0;0_0;0;0_-100;2;5475_-100;2;5475_-100;2;5475,38.1452054794521,Incidence,0.000105381342340349
NbyGQVwzFc_loc12_loop6,12,ITN 0%/IRS 0%/Larvicide 0%,0;0.4;0.4_0;0;0_0;0;0_-100;2;5475_-100;2;5475_-100;2;5475,38.1479452054795,Incidence,0.000105437749095358
NbyGQVwzFc_loc12_loop6,12,ITN 0%/IRS 0%/Larvicide 0%,0;0.4;0.4_0;0;0_0;0;0_-100;2;5475_-100;2;5475_-100;2;5475,38.1506849315069,Incidence,0.000105494239383599
NbyGQVwzFc_loc12_loop6,12,ITN 0%/IRS 0%/Larvicide 0%,0;0.4;0.4_0;0;0_0;0;0_-100;2;5475_-100;2;5475_-100;2;5475,38.1534246575342,Incidence,0.000105550813136396
NbyGQVwzFc_loc12_loop6,12,ITN 0%/IRS 0%/Larvicide 0%,0;0.4;0.4_0;0;0_0;0;0_-100;2;5475_-100;2;5475_-100;2;5475,38.1561643835616,Incidence,0.00010560747028502
NbyGQVwzFc_loc12_loop6,12,ITN 0%/IRS 0%/Larvicide 0%,0;0.4;0.4_0;0;0_0;0;0_-100;2;5475_-100;2;5475_-100;2;5475,38.158904109589,Incidence,0.0001056642107607
NbyGQVwzFc_loc12_loop6,12,ITN 0%/IRS 0%/Larvicide 0%,0;0.4;0.4_0;0;0_0;0;0_-100;2;5475_-100;2;5475_-100;2;5475,38.1616438356164,Incidence,0.000105721034495061
NbyGQVwzFc_loc12_loop6,12,ITN 0%/IRS 0%/Larvicide 0%,0;0.4;0.4_0;0;0_0;0;0_-100;2;5475_-100;2;5475_-100;2;5475,38.1643835616438,Incidence,0.00010577794141962
NbyGQVwzFc_loc12_loop6,12,ITN 0%/IRS 0%/Larvicide 0%,0;0.4;0.4_0;0;0_0;0;0_-100;2;5475_-100;2;5475_-100;2;5475,38.1671232876712,Incidence,0.000105834931463094
NbyGQVwzFc_loc12_loop6,12,ITN 0%/IRS 0%/Larvicide 0%,0;0.4;0.4_0;0;0_0;0;0_-100;2;5475_-100;2;5475_-100;2;5475,38.1698630136986,Incidence,0.000105892004553974
NbyGQVwzFc_loc12_loop6,12,ITN 0%/IRS 0%/Larvicide 0%,0;0.4;0.4_0;0;0_0;0;0_-100;2;5475_-100;2;5475_-100;2;5475,38.172602739726,Incidence,0.000105949160620709
NbyGQVwzFc_loc12_loop6,12,ITN 0%/IRS 0%/Larvicide 0%,0;0.4;0.4_0;0;0_0;0;0_-100;2;5475_-100;2;5475_-100;2;5475,38.1753424657534,Incidence,0.000106006399591707
NbyGQVwzFc_loc12_loop6,12,ITN 0%/IRS 0%/Larvicide 0%,0;0.4;0.4_0;0;0_0;0;0_-100;2;5475_-100;2;5475_-100;2;5475,38.1780821917808,Incidence,0.00010606372139533
NbyGQVwzFc_loc12_loop6,12,ITN 0%/IRS 0%/Larvicide 0%,0;0.4;0.4_0;0;0_0;0;0_-100;2;5475_-100;2;5475_-100;2;5475,38.1808219178082,Incidence,0.000106121125959897
NbyGQVwzFc_loc12_loop6,12,ITN 0%/IRS 0%/Larvicide 0%,0;0.4;0.4_0;0;0_0;0;0_-100;2;5475_-100;2;5475_-100;2;5475,38.1835616438356,Incidence,0.000106178613213683
NbyGQVwzFc_loc12_loop6,12,ITN 0%/IRS 0%/Larvicide 0%,0;0.4;0.4_0;0;0_0;0;0_-100;2;5475_-100;2;5475_-100;2;5475,38.186301369863,Incidence,0.000106236183084916
NbyGQVwzFc_loc12_loop6,12,ITN 0%/IRS 0%/Larvicide 0%,0;0.4;0.4_0;0;0_0;0;0_-100;2;5475_-100;2;5475_-100;2;5475,38.1890410958904,Incidence,0.000106293835501776
NbyGQVwzFc_loc12_loop6,12,ITN 0%/IRS 0%/Larvicide 0%,0;0.4;0.4_0;0;0_0;0;0_-100;2;5475_-100;2;5475_-100;2;5475,38.1917808219178,Incidence,0.000106351570392398
NbyGQVwzFc_loc12_loop6,12,ITN 0%/IRS 0%/Larvicide 0%,0;0.4;0.4_0;0;0_0;0;0_-100;2;5475_-100;2;5475_-100;2;5475,38.1945205479452,Incidence,0.000106409387684868
NbyGQVwzFc_loc12_loop6,12,ITN 0%/IRS 0%/Larvicide 0%,0;0.4;0.4_0;0;0_0;0;0_-100;2;5475_-100;2;5475_-100;2;5475,38.1972602739726,Incidence,0.00010646728730722
NbyGQVwzFc_loc12_loop6,12,ITN 0%/IRS 0%/Larvicide 0%,0;0.4;0.4_0;0;0_0;0;0_-100;2;5475_-100;2;5475_-100;2;5475,38.2,Incidence,0.00010652526918744
NbyGQVwzFc_loc12_loop6,12,ITN 0%/IRS 0%/Larvicide 0%,0;0.4;0.4_0;0;0_0;0;0_-100;2;5475_-100;2;5475_-100;2;5475,38.2027397260274,Incidence,0.000106583333253464
NbyGQVwzFc_loc12_loop6,12,ITN 0%/IRS 0%/Larvicide 0%,0;0.4;0.4_0;0;0_0;0;0_-100;2;5475_-100;2;5475_-100;2;5475,38.2054794520548,Incidence,0.000106641479433174
NbyGQVwzFc_loc12_loop6,12,ITN 0%/IRS 0%/Larvicide 0%,0;0.4;0.4_0;0;0_0;0;0_-100;2;5475_-100;2;5475_-100;2;5475,38.2082191780822,Incidence,0.000106699707654401
NbyGQVwzFc_loc12_loop6,12,ITN 0%/IRS 0%/Larvicide 0%,0;0.4;0.4_0;0;0_0;0;0_-100;2;5475_-100;2;5475_-100;2;5475,38.2109589041096,Incidence,0.00010675801784492
NbyGQVwzFc_loc12_loop6,12,ITN 0%/IRS 0%/Larvicide 0%,0;0.4;0.4_0;0;0_0;0;0_-100;2;5475_-100;2;5475_-100;2;5475,38.213698630137,Incidence,0.000106816409932454
NbyGQVwzFc_loc12_loop6,12,ITN 0%/IRS 0%/Larvicide 0%,0;0.4;0.4_0;0;0_0;0;0_-100;2;5475_-100;2;5475_-100;2;5475,38.2164383561644,Incidence,0.000106874883844668
NbyGQVwzFc_loc12_loop6,12,ITN 0%/IRS 0%/Larvicide 0%,0;0.4;0.4_0;0;0_0;0;0_-100;2;5475_-100;2;5475_-100;2;5475,38.2191780821918,Incidence,0.000106933439509175
NbyGQVwzFc_loc12_loop6,12,ITN 0%/IRS 0%/Larvicide 0%,0;0.4;0.4_0;0;0_0;0;0_-100;2;5475_-100;2;5475_-100;2;5475,38.2219178082192,Incidence,0.000106992076853526
NbyGQVwzFc_loc12_loop6,12,ITN 0%/IRS 0%/Larvicide 0%,0;0.4;0.4_0;0;0_0;0;0_-100;2;5475_-100;2;5475_-100;2;5475,38.2246575342466,Incidence,0.000107050795805217
NbyGQVwzFc_loc12_loop6,12,ITN 0%/IRS 0%/Larvicide 0%,0;0.4;0.4_0;0;0_0;0;0_-100;2;5475_-100;2;5475_-100;2;5475,38.227397260274,Incidence,0.000107109596291684
NbyGQVwzFc_loc12_loop6,12,ITN 0%/IRS 0%/Larvicide 0%,0;0.4;0.4_0;0;0_0;0;0_-100;2;5475_-100;2;5475_-100;2;5475,38.2301369863014,Incidence,0.000107168478240304
NbyGQVwzFc_loc12_loop6,12,ITN 0%/IRS 0%/Larvicide 0%,0;0.4;0.4_0;0;0_0;0;0_-100;2;5475_-100;2;5475_-100;2;5475,38.2328767123288,Incidence,0.000107227441578393
NbyGQVwzFc_loc12_loop6,12,ITN 0%/IRS 0%/Larvicide 0%,0;0.4;0.4_0;0;0_0;0;0_-100;2;5475_-100;2;5475_-100;2;5475,38.2356164383562,Incidence,0.000107286486233206
NbyGQVwzFc_loc12_loop6,12,ITN 0%/IRS 0%/Larvicide 0%,0;0.4;0.4_0;0;0_0;0;0_-100;2;5475_-100;2;5475_-100;2;5475,38.2383561643836,Incidence,0.000107345612131934
NbyGQVwzFc_loc12_loop6,12,ITN 0%/IRS 0%/Larvicide 0%,0;0.4;0.4_0;0;0_0;0;0_-100;2;5475_-100;2;5475_-100;2;5475,38.241095890411,Incidence,0.000107404819201707
NbyGQVwzFc_loc12_loop6,12,ITN 0%/IRS 0%/Larvicide 0%,0;0.4;0.4_0;0;0_0;0;0_-100;2;5475_-100;2;5475_-100;2;5475,38.2438356164384,Incidence,0.000107464107369591
NbyGQVwzFc_loc12_loop6,12,ITN 0%/IRS 0%/Larvicide 0%,0;0.4;0.4_0;0;0_0;0;0_-100;2;5475_-100;2;5475_-100;2;5475,38.2465753424658,Incidence,0.000107523476562584
NbyGQVwzFc_loc12_loop6,12,ITN 0%/IRS 0%/Larvicide 0%,0;0.4;0.4_0;0;0_0;0;0_-100;2;5475_-100;2;5475_-100;2;5475,38.2493150684932,Incidence,0.000107582926707621
NbyGQVwzFc_loc12_loop6,12,ITN 0%/IRS 0%/Larvicide 0%,0;0.4;0.4_0;0;0_0;0;0_-100;2;5475_-100;2;5475_-100;2;5475,38.2520547945206,Incidence,0.000107642457731569
NbyGQVwzFc_loc12_loop6,12,ITN 0%/IRS 0%/Larvicide 0%,0;0.4;0.4_0;0;0_0;0;0_-100;2;5475_-100;2;5475_-100;2;5475,38.254794520548,Incidence,0.000107702069561229
NbyGQVwzFc_loc12_loop6,12,ITN 0%/IRS 0%/Larvicide 0%,0;0.4;0.4_0;0;0_0;0;0_-100;2;5475_-100;2;5475_-100;2;5475,38.2575342465753,Incidence,0.000107761762123331
NbyGQVwzFc_loc12_loop6,12,ITN 0%/IRS 0%/Larvicide 0%,0;0.4;0.4_0;0;0_0;0;0_-100;2;5475_-100;2;5475_-100;2;5475,38.2602739726027,Incidence,0.00010782153534512
NbyGQVwzFc_loc12_loop6,12,ITN 0%/IRS 0%/Larvicide 0%,0;0.4;0.4_0;0;0_0;0;0_-100;2;5475_-100;2;5475_-100;2;5475,38.2630136986301,Incidence,0.000107881389152584
NbyGQVwzFc_loc12_loop6,12,ITN 0%/IRS 0%/Larvicide 0%,0;0.4;0.4_0;0;0_0;0;0_-100;2;5475_-100;2;5475_-100;2;5475,38.2657534246575,Incidence,0.000107941323469943
NbyGQVwzFc_loc12_loop6,12,ITN 0%/IRS 0%/Larvicide 0%,0;0.4;0.4_0;0;0_0;0;0_-100;2;5475_-100;2;5475_-100;2;5475,38.2684931506849,Incidence,0.000108001338221351
NbyGQVwzFc_loc12_loop6,12,ITN 0%/IRS 0%/Larvicide 0%,0;0.4;0.4_0;0;0_0;0;0_-100;2;5475_-100;2;5475_-100;2;5475,38.2712328767123,Incidence,0.000108061433330891
NbyGQVwzFc_loc12_loop6,12,ITN 0%/IRS 0%/Larvicide 0%,0;0.4;0.4_0;0;0_0;0;0_-100;2;5475_-100;2;5475_-100;2;5475,38.2739726027397,Incidence,0.000108121608722588
NbyGQVwzFc_loc12_loop6,12,ITN 0%/IRS 0%/Larvicide 0%,0;0.4;0.4_0;0;0_0;0;0_-100;2;5475_-100;2;5475_-100;2;5475,38.2767123287671,Incidence,0.000108181864320394
NbyGQVwzFc_loc12_loop6,12,ITN 0%/IRS 0%/Larvicide 0%,0;0.4;0.4_0;0;0_0;0;0_-100;2;5475_-100;2;5475_-100;2;5475,38.2794520547945,Incidence,0.000108242200048199
NbyGQVwzFc_loc12_loop6,12,ITN 0%/IRS 0%/Larvicide 0%,0;0.4;0.4_0;0;0_0;0;0_-100;2;5475_-100;2;5475_-100;2;5475,38.2821917808219,Incidence,0.000108302615829824
NbyGQVwzFc_loc12_loop6,12,ITN 0%/IRS 0%/Larvicide 0%,0;0.4;0.4_0;0;0_0;0;0_-100;2;5475_-100;2;5475_-100;2;5475,38.2849315068493,Incidence,0.000108363111589023
NbyGQVwzFc_loc12_loop6,12,ITN 0%/IRS 0%/Larvicide 0%,0;0.4;0.4_0;0;0_0;0;0_-100;2;5475_-100;2;5475_-100;2;5475,38.2876712328767,Incidence,0.000108423687249477
NbyGQVwzFc_loc12_loop6,12,ITN 0%/IRS 0%/Larvicide 0%,0;0.4;0.4_0;0;0_0;0;0_-100;2;5475_-100;2;5475_-100;2;5475,38.2904109589041,Incidence,0.0001084843427348
NbyGQVwzFc_loc12_loop6,12,ITN 0%/IRS 0%/Larvicide 0%,0;0.4;0.4_0;0;0_0;0;0_-100;2;5475_-100;2;5475_-100;2;5475,38.2931506849315,Incidence,0.000108545077968536
NbyGQVwzFc_loc12_loop6,12,ITN 0%/IRS 0%/Larvicide 0%,0;0.4;0.4_0;0;0_0;0;0_-100;2;5475_-100;2;5475_-100;2;5475,38.2958904109589,Incidence,0.000108605892874156
NbyGQVwzFc_loc12_loop6,12,ITN 0%/IRS 0%/Larvicide 0%,0;0.4;0.4_0;0;0_0;0;0_-100;2;5475_-100;2;5475_-100;2;5475,38.2986301369863,Incidence,0.000108666787375059
NbyGQVwzFc_loc12_loop6,12,ITN 0%/IRS 0%/Larvicide 0%,0;0.4;0.4_0;0;0_0;0;0_-100;2;5475_-100;2;5475_-100;2;5475,38.3013698630137,Incidence,0.000108727761394569
NbyGQVwzFc_loc12_loop6,12,ITN 0%/IRS 0%/Larvicide 0%,0;0.4;0.4_0;0;0_0;0;0_-100;2;5475_-100;2;5475_-100;2;5475,38.3041095890411,Incidence,0.000108788814855939
NbyGQVwzFc_loc12_loop6,12,ITN 0%/IRS 0%/Larvicide 0%,0;0.4;0.4_0;0;0_0;0;0_-100;2;5475_-100;2;5475_-100;2;5475,38.3068493150685,Incidence,0.000108849947682346
NbyGQVwzFc_loc12_loop6,12,ITN 0%/IRS 0%/Larvicide 0%,0;0.4;0.4_0;0;0_0;0;0_-100;2;5475_-100;2;5475_-100;2;5475,38.3095890410959,Incidence,0.000108911159796891
NbyGQVwzFc_loc12_loop6,12,ITN 0%/IRS 0%/Larvicide 0%,0;0.4;0.4_0;0;0_0;0;0_-100;2;5475_-100;2;5475_-100;2;5475,38.3123287671233,Incidence,0.0001089724511226
NbyGQVwzFc_loc12_loop6,12,ITN 0%/IRS 0%/Larvicide 0%,0;0.4;0.4_0;0;0_0;0;0_-100;2;5475_-100;2;5475_-100;2;5475,38.3150684931507,Incidence,0.000109033821582419
NbyGQVwzFc_loc12_loop6,12,ITN 0%/IRS 0%/Larvicide 0%,0;0.4;0.4_0;0;0_0;0;0_-100;2;5475_-100;2;5475_-100;2;5475,38.3178082191781,Incidence,0.000109095271099218
NbyGQVwzFc_loc12_loop6,12,ITN 0%/IRS 0%/Larvicide 0%,0;0.4;0.4_0;0;0_0;0;0_-100;2;5475_-100;2;5475_-100;2;5475,38.3205479452055,Incidence,0.00010915679959579
NbyGQVwzFc_loc12_loop6,12,ITN 0%/IRS 0%/Larvicide 0%,0;0.4;0.4_0;0;0_0;0;0_-100;2;5475_-100;2;5475_-100;2;5475,38.3232876712329,Incidence,0.000109218406994844
NbyGQVwzFc_loc12_loop6,12,ITN 0%/IRS 0%/Larvicide 0%,0;0.4;0.4_0;0;0_0;0;0_-100;2;5475_-100;2;5475_-100;2;5475,38.3260273972603,Incidence,0.000109280093219012
NbyGQVwzFc_loc12_loop6,12,ITN 0%/IRS 0%/Larvicide 0%,0;0.4;0.4_0;0;0_0;0;0_-100;2;5475_-100;2;5475_-100;2;5475,38.3287671232877,Incidence,0.000109341858190845
NbyGQVwzFc_loc12_loop6,12,ITN 0%/IRS 0%/Larvicide 0%,0;0.4;0.4_0;0;0_0;0;0_-100;2;5475_-100;2;5475_-100;2;5475,38.3315068493151,Incidence,0.000109403701832808
NbyGQVwzFc_loc12_loop6,12,ITN 0%/IRS 0%/Larvicide 0%,0;0.4;0.4_0;0;0_0;0;0_-100;2;5475_-100;2;5475_-100;2;5475,38.3342465753425,Incidence,0.000109465624067289
NbyGQVwzFc_loc12_loop6,12,ITN 0%/IRS 0%/Larvicide 0%,0;0.4;0.4_0;0;0_0;0;0_-100;2;5475_-100;2;5475_-100;2;5475,38.3369863013699,Incidence,0.000109527624816588
NbyGQVwzFc_loc12_loop6,12,ITN 0%/IRS 0%/Larvicide 0%,0;0.4;0.4_0;0;0_0;0;0_-100;2;5475_-100;2;5475_-100;2;5475,38.3397260273973,Incidence,0.000109589704002923
NbyGQVwzFc_loc12_loop6,12,ITN 0%/IRS 0%/Larvicide 0%,0;0.4;0.4_0;0;0_0;0;0_-100;2;5475_-100;2;5475_-100;2;5475,38.3424657534247,Incidence,0.000109651861548425
NbyGQVwzFc_loc12_loop6,12,ITN 0%/IRS 0%/Larvicide 0%,0;0.4;0.4_0;0;0_0;0;0_-100;2;5475_-100;2;5475_-100;2;5475,38.3452054794521,Incidence,0.00010971409737514
NbyGQVwzFc_loc12_loop6,12,ITN 0%/IRS 0%/Larvicide 0%,0;0.4;0.4_0;0;0_0;0;0_-100;2;5475_-100;2;5475_-100;2;5475,38.3479452054795,Incidence,0.000109776411405029
NbyGQVwzFc_loc12_loop6,12,ITN 0%/IRS 0%/Larvicide 0%,0;0.4;0.4_0;0;0_0;0;0_-100;2;5475_-100;2;5475_-100;2;5475,38.3506849315069,Incidence,0.000109838803559962
NbyGQVwzFc_loc12_loop6,12,ITN 0%/IRS 0%/Larvicide 0%,0;0.4;0.4_0;0;0_0;0;0_-100;2;5475_-100;2;5475_-100;2;5475,38.3534246575343,Incidence,0.000109901273761722
NbyGQVwzFc_loc12_loop6,12,ITN 0%/IRS 0%/Larvicide 0%,0;0.4;0.4_0;0;0_0;0;0_-100;2;5475_-100;2;5475_-100;2;5475,38.3561643835616,Incidence,0.000109963821932005
NbyGQVwzFc_loc12_loop6,12,ITN 0%/IRS 0%/Larvicide 0%,0;0.4;0.4_0;0;0_0;0;0_-100;2;5475_-100;2;5475_-100;2;5475,38.358904109589,Incidence,0.000110026447992415
NbyGQVwzFc_loc12_loop6,12,ITN 0%/IRS 0%/Larvicide 0%,0;0.4;0.4_0;0;0_0;0;0_-100;2;5475_-100;2;5475_-100;2;5475,38.3616438356164,Incidence,0.000110089151864543
NbyGQVwzFc_loc12_loop6,12,ITN 0%/IRS 0%/Larvicide 0%,0;0.4;0.4_0;0;0_0;0;0_-100;2;5475_-100;2;5475_-100;2;5475,38.3643835616438,Incidence,0.000110151933470173
NbyGQVwzFc_loc12_loop6,12,ITN 0%/IRS 0%/Larvicide 0%,0;0.4;0.4_0;0;0_0;0;0_-100;2;5475_-100;2;5475_-100;2;5475,38.3671232876712,Incidence,0.000110214792729022
NbyGQVwzFc_loc12_loop6,12,ITN 0%/IRS 0%/Larvicide 0%,0;0.4;0.4_0;0;0_0;0;0_-100;2;5475_-100;2;5475_-100;2;5475,38.3698630136986,Incidence,0.000110277729560279
NbyGQVwzFc_loc12_loop6,12,ITN 0%/IRS 0%/Larvicide 0%,0;0.4;0.4_0;0;0_0;0;0_-100;2;5475_-100;2;5475_-100;2;5475,38.372602739726,Incidence,0.000110340743883048
NbyGQVwzFc_loc12_loop6,12,ITN 0%/IRS 0%/Larvicide 0%,0;0.4;0.4_0;0;0_0;0;0_-100;2;5475_-100;2;5475_-100;2;5475,38.3753424657534,Incidence,0.000110403835616347
NbyGQVwzFc_loc12_loop6,12,ITN 0%/IRS 0%/Larvicide 0%,0;0.4;0.4_0;0;0_0;0;0_-100;2;5475_-100;2;5475_-100;2;5475,38.3780821917808,Incidence,0.00011046700467911
NbyGQVwzFc_loc12_loop6,12,ITN 0%/IRS 0%/Larvicide 0%,0;0.4;0.4_0;0;0_0;0;0_-100;2;5475_-100;2;5475_-100;2;5475,38.3808219178082,Incidence,0.000110530250990181
NbyGQVwzFc_loc12_loop6,12,ITN 0%/IRS 0%/Larvicide 0%,0;0.4;0.4_0;0;0_0;0;0_-100;2;5475_-100;2;5475_-100;2;5475,38.3835616438356,Incidence,0.000110593574468319
NbyGQVwzFc_loc12_loop6,12,ITN 0%/IRS 0%/Larvicide 0%,0;0.4;0.4_0;0;0_0;0;0_-100;2;5475_-100;2;5475_-100;2;5475,38.386301369863,Incidence,0.000110656975032193
NbyGQVwzFc_loc12_loop6,12,ITN 0%/IRS 0%/Larvicide 0%,0;0.4;0.4_0;0;0_0;0;0_-100;2;5475_-100;2;5475_-100;2;5475,38.3890410958904,Incidence,0.000110720452600383
NbyGQVwzFc_loc12_loop6,12,ITN 0%/IRS 0%/Larvicide 0%,0;0.4;0.4_0;0;0_0;0;0_-100;2;5475_-100;2;5475_-100;2;5475,38.3917808219178,Incidence,0.00011078400709138
NbyGQVwzFc_loc12_loop6,12,ITN 0%/IRS 0%/Larvicide 0%,0;0.4;0.4_0;0;0_0;0;0_-100;2;5475_-100;2;5475_-100;2;5475,38.3945205479452,Incidence,0.000110847638423584
NbyGQVwzFc_loc12_loop6,12,ITN 0%/IRS 0%/Larvicide 0%,0;0.4;0.4_0;0;0_0;0;0_-100;2;5475_-100;2;5475_-100;2;5475,38.3972602739726,Incidence,0.000110911346515303
NbyGQVwzFc_loc12_loop6,12,ITN 0%/IRS 0%/Larvicide 0%,0;0.4;0.4_0;0;0_0;0;0_-100;2;5475_-100;2;5475_-100;2;5475,38.4,Incidence,0.000110975131284754
NbyGQVwzFc_loc12_loop6,12,ITN 0%/IRS 0%/Larvicide 0%,0;0.4;0.4_0;0;0_0;0;0_-100;2;5475_-100;2;5475_-100;2;5475,38.4027397260274,Incidence,0.000111038992650062
NbyGQVwzFc_loc12_loop6,12,ITN 0%/IRS 0%/Larvicide 0%,0;0.4;0.4_0;0;0_0;0;0_-100;2;5475_-100;2;5475_-100;2;5475,38.4054794520548,Incidence,0.000111102930529255
NbyGQVwzFc_loc12_loop6,12,ITN 0%/IRS 0%/Larvicide 0%,0;0.4;0.4_0;0;0_0;0;0_-100;2;5475_-100;2;5475_-100;2;5475,38.4082191780822,Incidence,0.000111166944840272
NbyGQVwzFc_loc12_loop6,12,ITN 0%/IRS 0%/Larvicide 0%,0;0.4;0.4_0;0;0_0;0;0_-100;2;5475_-100;2;5475_-100;2;5475,38.4109589041096,Incidence,0.000111231035500953
NbyGQVwzFc_loc12_loop6,12,ITN 0%/IRS 0%/Larvicide 0%,0;0.4;0.4_0;0;0_0;0;0_-100;2;5475_-100;2;5475_-100;2;5475,38.413698630137,Incidence,0.000111295202429045
NbyGQVwzFc_loc12_loop6,12,ITN 0%/IRS 0%/Larvicide 0%,0;0.4;0.4_0;0;0_0;0;0_-100;2;5475_-100;2;5475_-100;2;5475,38.4164383561644,Incidence,0.000111359445542197
NbyGQVwzFc_loc12_loop6,12,ITN 0%/IRS 0%/Larvicide 0%,0;0.4;0.4_0;0;0_0;0;0_-100;2;5475_-100;2;5475_-100;2;5475,38.4191780821918,Incidence,0.000111423764757962
NbyGQVwzFc_loc12_loop6,12,ITN 0%/IRS 0%/Larvicide 0%,0;0.4;0.4_0;0;0_0;0;0_-100;2;5475_-100;2;5475_-100;2;5475,38.4219178082192,Incidence,0.000111488159993795
NbyGQVwzFc_loc12_loop6,12,ITN 0%/IRS 0%/Larvicide 0%,0;0.4;0.4_0;0;0_0;0;0_-100;2;5475_-100;2;5475_-100;2;5475,38.4246575342466,Incidence,0.000111552631167053
NbyGQVwzFc_loc12_loop6,12,ITN 0%/IRS 0%/Larvicide 0%,0;0.4;0.4_0;0;0_0;0;0_-100;2;5475_-100;2;5475_-100;2;5475,38.427397260274,Incidence,0.000111617178194994
NbyGQVwzFc_loc12_loop6,12,ITN 0%/IRS 0%/Larvicide 0%,0;0.4;0.4_0;0;0_0;0;0_-100;2;5475_-100;2;5475_-100;2;5475,38.4301369863014,Incidence,0.000111681800994775
NbyGQVwzFc_loc12_loop6,12,ITN 0%/IRS 0%/Larvicide 0%,0;0.4;0.4_0;0;0_0;0;0_-100;2;5475_-100;2;5475_-100;2;5475,38.4328767123288,Incidence,0.000111746499483454
NbyGQVwzFc_loc12_loop6,12,ITN 0%/IRS 0%/Larvicide 0%,0;0.4;0.4_0;0;0_0;0;0_-100;2;5475_-100;2;5475_-100;2;5475,38.4356164383562,Incidence,0.000111811273577988
NbyGQVwzFc_loc12_loop6,12,ITN 0%/IRS 0%/Larvicide 0%,0;0.4;0.4_0;0;0_0;0;0_-100;2;5475_-100;2;5475_-100;2;5475,38.4383561643836,Incidence,0.00011187612319523
NbyGQVwzFc_loc12_loop6,12,ITN 0%/IRS 0%/Larvicide 0%,0;0.4;0.4_0;0;0_0;0;0_-100;2;5475_-100;2;5475_-100;2;5475,38.441095890411,Incidence,0.000111941048251932
NbyGQVwzFc_loc12_loop6,12,ITN 0%/IRS 0%/Larvicide 0%,0;0.4;0.4_0;0;0_0;0;0_-100;2;5475_-100;2;5475_-100;2;5475,38.4438356164384,Incidence,0.000112006048664744
NbyGQVwzFc_loc12_loop6,12,ITN 0%/IRS 0%/Larvicide 0%,0;0.4;0.4_0;0;0_0;0;0_-100;2;5475_-100;2;5475_-100;2;5475,38.4465753424658,Incidence,0.000112071124350212
NbyGQVwzFc_loc12_loop6,12,ITN 0%/IRS 0%/Larvicide 0%,0;0.4;0.4_0;0;0_0;0;0_-100;2;5475_-100;2;5475_-100;2;5475,38.4493150684932,Incidence,0.00011213627522478
NbyGQVwzFc_loc12_loop6,12,ITN 0%/IRS 0%/Larvicide 0%,0;0.4;0.4_0;0;0_0;0;0_-100;2;5475_-100;2;5475_-100;2;5475,38.4520547945206,Incidence,0.000112201501204786
NbyGQVwzFc_loc12_loop6,12,ITN 0%/IRS 0%/Larvicide 0%,0;0.4;0.4_0;0;0_0;0;0_-100;2;5475_-100;2;5475_-100;2;5475,38.4547945205479,Incidence,0.000112266802206464
NbyGQVwzFc_loc12_loop6,12,ITN 0%/IRS 0%/Larvicide 0%,0;0.4;0.4_0;0;0_0;0;0_-100;2;5475_-100;2;5475_-100;2;5475,38.4575342465753,Incidence,0.000112332178145937
NbyGQVwzFc_loc12_loop6,12,ITN 0%/IRS 0%/Larvicide 0%,0;0.4;0.4_0;0;0_0;0;0_-100;2;5475_-100;2;5475_-100;2;5475,38.4602739726027,Incidence,0.000112397628939223
NbyGQVwzFc_loc12_loop6,12,ITN 0%/IRS 0%/Larvicide 0%,0;0.4;0.4_0;0;0_0;0;0_-100;2;5475_-100;2;5475_-100;2;5475,38.4630136986301,Incidence,0.000112463154502231
NbyGQVwzFc_loc12_loop6,12,ITN 0%/IRS 0%/Larvicide 0%,0;0.4;0.4_0;0;0_0;0;0_-100;2;5475_-100;2;5475_-100;2;5475,38.4657534246575,Incidence,0.000112528754750763
NbyGQVwzFc_loc12_loop6,12,ITN 0%/IRS 0%/Larvicide 0%,0;0.4;0.4_0;0;0_0;0;0_-100;2;5475_-100;2;5475_-100;2;5475,38.4684931506849,Incidence,0.000112594429600507
NbyGQVwzFc_loc12_loop6,12,ITN 0%/IRS 0%/Larvicide 0%,0;0.4;0.4_0;0;0_0;0;0_-100;2;5475_-100;2;5475_-100;2;5475,38.4712328767123,Incidence,0.000112660178967206
NbyGQVwzFc_loc12_loop6,12,ITN 0%/IRS 0%/Larvicide 0%,0;0.4;0.4_0;0;0_0;0;0_-100;2;5475_-100;2;5475_-100;2;5475,38.4739726027397,Incidence,0.000112726002765988
NbyGQVwzFc_loc12_loop6,12,ITN 0%/IRS 0%/Larvicide 0%,0;0.4;0.4_0;0;0_0;0;0_-100;2;5475_-100;2;5475_-100;2;5475,38.4767123287671,Incidence,0.00011279190091048
NbyGQVwzFc_loc12_loop6,12,ITN 0%/IRS 0%/Larvicide 0%,0;0.4;0.4_0;0;0_0;0;0_-100;2;5475_-100;2;5475_-100;2;5475,38.4794520547945,Incidence,0.000112857873314136
NbyGQVwzFc_loc12_loop6,12,ITN 0%/IRS 0%/Larvicide 0%,0;0.4;0.4_0;0;0_0;0;0_-100;2;5475_-100;2;5475_-100;2;5475,38.4821917808219,Incidence,0.000112923919890308
NbyGQVwzFc_loc12_loop6,12,ITN 0%/IRS 0%/Larvicide 0%,0;0.4;0.4_0;0;0_0;0;0_-100;2;5475_-100;2;5475_-100;2;5475,38.4849315068493,Incidence,0.000112990040552245
NbyGQVwzFc_loc12_loop6,12,ITN 0%/IRS 0%/Larvicide 0%,0;0.4;0.4_0;0;0_0;0;0_-100;2;5475_-100;2;5475_-100;2;5475,38.4876712328767,Incidence,0.00011305623521309
NbyGQVwzFc_loc12_loop6,12,ITN 0%/IRS 0%/Larvicide 0%,0;0.4;0.4_0;0;0_0;0;0_-100;2;5475_-100;2;5475_-100;2;5475,38.4904109589041,Incidence,0.000113122503785881
NbyGQVwzFc_loc12_loop6,12,ITN 0%/IRS 0%/Larvicide 0%,0;0.4;0.4_0;0;0_0;0;0_-100;2;5475_-100;2;5475_-100;2;5475,38.4931506849315,Incidence,0.00011318884618355
NbyGQVwzFc_loc12_loop6,12,ITN 0%/IRS 0%/Larvicide 0%,0;0.4;0.4_0;0;0_0;0;0_-100;2;5475_-100;2;5475_-100;2;5475,38.4958904109589,Incidence,0.000113255262318922
NbyGQVwzFc_loc12_loop6,12,ITN 0%/IRS 0%/Larvicide 0%,0;0.4;0.4_0;0;0_0;0;0_-100;2;5475_-100;2;5475_-100;2;5475,38.4986301369863,Incidence,0.000113321752104718
NbyGQVwzFc_loc12_loop6,12,ITN 0%/IRS 0%/Larvicide 0%,0;0.4;0.4_0;0;0_0;0;0_-100;2;5475_-100;2;5475_-100;2;5475,38.5013698630137,Incidence,0.000113388315453546
NbyGQVwzFc_loc12_loop6,12,ITN 0%/IRS 0%/Larvicide 0%,0;0.4;0.4_0;0;0_0;0;0_-100;2;5475_-100;2;5475_-100;2;5475,38.5041095890411,Incidence,0.000113454952277911
NbyGQVwzFc_loc12_loop6,12,ITN 0%/IRS 0%/Larvicide 0%,0;0.4;0.4_0;0;0_0;0;0_-100;2;5475_-100;2;5475_-100;2;5475,38.5068493150685,Incidence,0.000113521662490207
NbyGQVwzFc_loc12_loop6,12,ITN 0%/IRS 0%/Larvicide 0%,0;0.4;0.4_0;0;0_0;0;0_-100;2;5475_-100;2;5475_-100;2;5475,38.5095890410959,Incidence,0.000113588446002717
NbyGQVwzFc_loc12_loop6,12,ITN 0%/IRS 0%/Larvicide 0%,0;0.4;0.4_0;0;0_0;0;0_-100;2;5475_-100;2;5475_-100;2;5475,38.5123287671233,Incidence,0.000113655302727617
NbyGQVwzFc_loc12_loop6,12,ITN 0%/IRS 0%/Larvicide 0%,0;0.4;0.4_0;0;0_0;0;0_-100;2;5475_-100;2;5475_-100;2;5475,38.5150684931507,Incidence,0.000113722232576969
NbyGQVwzFc_loc12_loop6,12,ITN 0%/IRS 0%/Larvicide 0%,0;0.4;0.4_0;0;0_0;0;0_-100;2;5475_-100;2;5475_-100;2;5475,38.5178082191781,Incidence,0.000113789235462728
NbyGQVwzFc_loc12_loop6,12,ITN 0%/IRS 0%/Larvicide 0%,0;0.4;0.4_0;0;0_0;0;0_-100;2;5475_-100;2;5475_-100;2;5475,38.5205479452055,Incidence,0.000113856311296732
NbyGQVwzFc_loc12_loop6,12,ITN 0%/IRS 0%/Larvicide 0%,0;0.4;0.4_0;0;0_0;0;0_-100;2;5475_-100;2;5475_-100;2;5475,38.5232876712329,Incidence,0.000113923459990712
NbyGQVwzFc_loc12_loop6,12,ITN 0%/IRS 0%/Larvicide 0%,0;0.4;0.4_0;0;0_0;0;0_-100;2;5475_-100;2;5475_-100;2;5475,38.5260273972603,Incidence,0.000113990681456282
NbyGQVwzFc_loc12_loop6,12,ITN 0%/IRS 0%/Larvicide 0%,0;0.4;0.4_0;0;0_0;0;0_-100;2;5475_-100;2;5475_-100;2;5475,38.5287671232877,Incidence,0.000114057975604943
NbyGQVwzFc_loc12_loop6,12,ITN 0%/IRS 0%/Larvicide 0%,0;0.4;0.4_0;0;0_0;0;0_-100;2;5475_-100;2;5475_-100;2;5475,38.5315068493151,Incidence,0.000114125342348083
NbyGQVwzFc_loc12_loop6,12,ITN 0%/IRS 0%/Larvicide 0%,0;0.4;0.4_0;0;0_0;0;0_-100;2;5475_-100;2;5475_-100;2;5475,38.5342465753425,Incidence,0.000114192781596976
NbyGQVwzFc_loc12_loop6,12,ITN 0%/IRS 0%/Larvicide 0%,0;0.4;0.4_0;0;0_0;0;0_-100;2;5475_-100;2;5475_-100;2;5475,38.5369863013699,Incidence,0.000114260293262777
NbyGQVwzFc_loc12_loop6,12,ITN 0%/IRS 0%/Larvicide 0%,0;0.4;0.4_0;0;0_0;0;0_-100;2;5475_-100;2;5475_-100;2;5475,38.5397260273973,Incidence,0.000114327877256528
NbyGQVwzFc_loc12_loop6,12,ITN 0%/IRS 0%/Larvicide 0%,0;0.4;0.4_0;0;0_0;0;0_-100;2;5475_-100;2;5475_-100;2;5475,38.5424657534247,Incidence,0.000114395533489154
NbyGQVwzFc_loc12_loop6,12,ITN 0%/IRS 0%/Larvicide 0%,0;0.4;0.4_0;0;0_0;0;0_-100;2;5475_-100;2;5475_-100;2;5475,38.5452054794521,Incidence,0.000114463261871462
NbyGQVwzFc_loc12_loop6,12,ITN 0%/IRS 0%/Larvicide 0%,0;0.4;0.4_0;0;0_0;0;0_-100;2;5475_-100;2;5475_-100;2;5475,38.5479452054795,Incidence,0.000114531062314143
NbyGQVwzFc_loc12_loop6,12,ITN 0%/IRS 0%/Larvicide 0%,0;0.4;0.4_0;0;0_0;0;0_-100;2;5475_-100;2;5475_-100;2;5475,38.5506849315069,Incidence,0.000114598934727766
NbyGQVwzFc_loc12_loop6,12,ITN 0%/IRS 0%/Larvicide 0%,0;0.4;0.4_0;0;0_0;0;0_-100;2;5475_-100;2;5475_-100;2;5475,38.5534246575342,Incidence,0.000114666879022784
NbyGQVwzFc_loc12_loop6,12,ITN 0%/IRS 0%/Larvicide 0%,0;0.4;0.4_0;0;0_0;0;0_-100;2;5475_-100;2;5475_-100;2;5475,38.5561643835616,Incidence,0.000114734895109531
NbyGQVwzFc_loc12_loop6,12,ITN 0%/IRS 0%/Larvicide 0%,0;0.4;0.4_0;0;0_0;0;0_-100;2;5475_-100;2;5475_-100;2;5475,38.558904109589,Incidence,0.000114802982898219
NbyGQVwzFc_loc12_loop6,12,ITN 0%/IRS 0%/Larvicide 0%,0;0.4;0.4_0;0;0_0;0;0_-100;2;5475_-100;2;5475_-100;2;5475,38.5616438356164,Incidence,0.00011487114229894
NbyGQVwzFc_loc12_loop6,12,ITN 0%/IRS 0%/Larvicide 0%,0;0.4;0.4_0;0;0_0;0;0_-100;2;5475_-100;2;5475_-100;2;5475,38.5643835616438,Incidence,0.000114939373221664
NbyGQVwzFc_loc12_loop6,12,ITN 0%/IRS 0%/Larvicide 0%,0;0.4;0.4_0;0;0_0;0;0_-100;2;5475_-100;2;5475_-100;2;5475,38.5671232876712,Incidence,0.000115007675576241
NbyGQVwzFc_loc12_loop6,12,ITN 0%/IRS 0%/Larvicide 0%,0;0.4;0.4_0;0;0_0;0;0_-100;2;5475_-100;2;5475_-100;2;5475,38.5698630136986,Incidence,0.000115076049272397
NbyGQVwzFc_loc12_loop6,12,ITN 0%/IRS 0%/Larvicide 0%,0;0.4;0.4_0;0;0_0;0;0_-100;2;5475_-100;2;5475_-100;2;5475,38.572602739726,Incidence,0.000115144494219737
NbyGQVwzFc_loc12_loop6,12,ITN 0%/IRS 0%/Larvicide 0%,0;0.4;0.4_0;0;0_0;0;0_-100;2;5475_-100;2;5475_-100;2;5475,38.5753424657534,Incidence,0.000115213010327738
NbyGQVwzFc_loc12_loop6,12,ITN 0%/IRS 0%/Larvicide 0%,0;0.4;0.4_0;0;0_0;0;0_-100;2;5475_-100;2;5475_-100;2;5475,38.5780821917808,Incidence,0.000115281597505758
NbyGQVwzFc_loc12_loop6,12,ITN 0%/IRS 0%/Larvicide 0%,0;0.4;0.4_0;0;0_0;0;0_-100;2;5475_-100;2;5475_-100;2;5475,38.5808219178082,Incidence,0.000115350255663028
NbyGQVwzFc_loc12_loop6,12,ITN 0%/IRS 0%/Larvicide 0%,0;0.4;0.4_0;0;0_0;0;0_-100;2;5475_-100;2;5475_-100;2;5475,38.5835616438356,Incidence,0.000115418984708653
NbyGQVwzFc_loc12_loop6,12,ITN 0%/IRS 0%/Larvicide 0%,0;0.4;0.4_0;0;0_0;0;0_-100;2;5475_-100;2;5475_-100;2;5475,38.586301369863,Incidence,0.000115487784551681
NbyGQVwzFc_loc12_loop6,12,ITN 0%/IRS 0%/Larvicide 0%,0;0.4;0.4_0;0;0_0;0;0_-100;2;5475_-100;2;5475_-100;2;5475,38.5890410958904,Incidence,0.000115556655100545
NbyGQVwzFc_loc12_loop6,12,ITN 0%/IRS 0%/Larvicide 0%,0;0.4;0.4_0;0;0_0;0;0_-100;2;5475_-100;2;5475_-100;2;5475,38.5917808219178,Incidence,0.00011562559626249
NbyGQVwzFc_loc12_loop6,12,ITN 0%/IRS 0%/Larvicide 0%,0;0.4;0.4_0;0;0_0;0;0_-100;2;5475_-100;2;5475_-100;2;5475,38.5945205479452,Incidence,0.000115694607944583
NbyGQVwzFc_loc12_loop6,12,ITN 0%/IRS 0%/Larvicide 0%,0;0.4;0.4_0;0;0_0;0;0_-100;2;5475_-100;2;5475_-100;2;5475,38.5972602739726,Incidence,0.000115763690053771
NbyGQVwzFc_loc12_loop6,12,ITN 0%/IRS 0%/Larvicide 0%,0;0.4;0.4_0;0;0_0;0;0_-100;2;5475_-100;2;5475_-100;2;5475,38.6,Incidence,0.000115832842496886
NbyGQVwzFc_loc12_loop6,12,ITN 0%/IRS 0%/Larvicide 0%,0;0.4;0.4_0;0;0_0;0;0_-100;2;5475_-100;2;5475_-100;2;5475,38.6027397260274,Incidence,0.000115902065180638
NbyGQVwzFc_loc12_loop6,12,ITN 0%/IRS 0%/Larvicide 0%,0;0.4;0.4_0;0;0_0;0;0_-100;2;5475_-100;2;5475_-100;2;5475,38.6054794520548,Incidence,0.00011597135801162
NbyGQVwzFc_loc12_loop6,12,ITN 0%/IRS 0%/Larvicide 0%,0;0.4;0.4_0;0;0_0;0;0_-100;2;5475_-100;2;5475_-100;2;5475,38.6082191780822,Incidence,0.000116040720896301
NbyGQVwzFc_loc12_loop6,12,ITN 0%/IRS 0%/Larvicide 0%,0;0.4;0.4_0;0;0_0;0;0_-100;2;5475_-100;2;5475_-100;2;5475,38.6109589041096,Incidence,0.000116110153741033
NbyGQVwzFc_loc12_loop6,12,ITN 0%/IRS 0%/Larvicide 0%,0;0.4;0.4_0;0;0_0;0;0_-100;2;5475_-100;2;5475_-100;2;5475,38.613698630137,Incidence,0.000116179656452047
NbyGQVwzFc_loc12_loop6,12,ITN 0%/IRS 0%/Larvicide 0%,0;0.4;0.4_0;0;0_0;0;0_-100;2;5475_-100;2;5475_-100;2;5475,38.6164383561644,Incidence,0.000116249228935451
NbyGQVwzFc_loc12_loop6,12,ITN 0%/IRS 0%/Larvicide 0%,0;0.4;0.4_0;0;0_0;0;0_-100;2;5475_-100;2;5475_-100;2;5475,38.6191780821918,Incidence,0.000116318871097232
NbyGQVwzFc_loc12_loop6,12,ITN 0%/IRS 0%/Larvicide 0%,0;0.4;0.4_0;0;0_0;0;0_-100;2;5475_-100;2;5475_-100;2;5475,38.6219178082192,Incidence,0.000116388582843254
NbyGQVwzFc_loc12_loop6,12,ITN 0%/IRS 0%/Larvicide 0%,0;0.4;0.4_0;0;0_0;0;0_-100;2;5475_-100;2;5475_-100;2;5475,38.6246575342466,Incidence,0.000116458364079259
NbyGQVwzFc_loc12_loop6,12,ITN 0%/IRS 0%/Larvicide 0%,0;0.4;0.4_0;0;0_0;0;0_-100;2;5475_-100;2;5475_-100;2;5475,38.627397260274,Incidence,0.000116528214710864
NbyGQVwzFc_loc12_loop6,12,ITN 0%/IRS 0%/Larvicide 0%,0;0.4;0.4_0;0;0_0;0;0_-100;2;5475_-100;2;5475_-100;2;5475,38.6301369863014,Incidence,0.000116598134643563
NbyGQVwzFc_loc12_loop6,12,ITN 0%/IRS 0%/Larvicide 0%,0;0.4;0.4_0;0;0_0;0;0_-100;2;5475_-100;2;5475_-100;2;5475,38.6328767123288,Incidence,0.000116668123782727
NbyGQVwzFc_loc12_loop6,12,ITN 0%/IRS 0%/Larvicide 0%,0;0.4;0.4_0;0;0_0;0;0_-100;2;5475_-100;2;5475_-100;2;5475,38.6356164383562,Incidence,0.000116738182033599
NbyGQVwzFc_loc12_loop6,12,ITN 0%/IRS 0%/Larvicide 0%,0;0.4;0.4_0;0;0_0;0;0_-100;2;5475_-100;2;5475_-100;2;5475,38.6383561643836,Incidence,0.0001168083093013
NbyGQVwzFc_loc12_loop6,12,ITN 0%/IRS 0%/Larvicide 0%,0;0.4;0.4_0;0;0_0;0;0_-100;2;5475_-100;2;5475_-100;2;5475,38.641095890411,Incidence,0.000116878505490823
NbyGQVwzFc_loc12_loop6,12,ITN 0%/IRS 0%/Larvicide 0%,0;0.4;0.4_0;0;0_0;0;0_-100;2;5475_-100;2;5475_-100;2;5475,38.6438356164384,Incidence,0.000116948770507036
NbyGQVwzFc_loc12_loop6,12,ITN 0%/IRS 0%/Larvicide 0%,0;0.4;0.4_0;0;0_0;0;0_-100;2;5475_-100;2;5475_-100;2;5475,38.6465753424658,Incidence,0.000117019104254679
NbyGQVwzFc_loc12_loop6,12,ITN 0%/IRS 0%/Larvicide 0%,0;0.4;0.4_0;0;0_0;0;0_-100;2;5475_-100;2;5475_-100;2;5475,38.6493150684932,Incidence,0.000117089506638366
NbyGQVwzFc_loc12_loop6,12,ITN 0%/IRS 0%/Larvicide 0%,0;0.4;0.4_0;0;0_0;0;0_-100;2;5475_-100;2;5475_-100;2;5475,38.6520547945205,Incidence,0.000117159977562583
NbyGQVwzFc_loc12_loop6,12,ITN 0%/IRS 0%/Larvicide 0%,0;0.4;0.4_0;0;0_0;0;0_-100;2;5475_-100;2;5475_-100;2;5475,38.6547945205479,Incidence,0.000117230516931687
NbyGQVwzFc_loc12_loop6,12,ITN 0%/IRS 0%/Larvicide 0%,0;0.4;0.4_0;0;0_0;0;0_-100;2;5475_-100;2;5475_-100;2;5475,38.6575342465753,Incidence,0.000117301124649908
NbyGQVwzFc_loc12_loop6,12,ITN 0%/IRS 0%/Larvicide 0%,0;0.4;0.4_0;0;0_0;0;0_-100;2;5475_-100;2;5475_-100;2;5475,38.6602739726027,Incidence,0.000117371800621346
NbyGQVwzFc_loc12_loop6,12,ITN 0%/IRS 0%/Larvicide 0%,0;0.4;0.4_0;0;0_0;0;0_-100;2;5475_-100;2;5475_-100;2;5475,38.6630136986301,Incidence,0.000117442544749971
NbyGQVwzFc_loc12_loop6,12,ITN 0%/IRS 0%/Larvicide 0%,0;0.4;0.4_0;0;0_0;0;0_-100;2;5475_-100;2;5475_-100;2;5475,38.6657534246575,Incidence,0.000117513356939625
NbyGQVwzFc_loc12_loop6,12,ITN 0%/IRS 0%/Larvicide 0%,0;0.4;0.4_0;0;0_0;0;0_-100;2;5475_-100;2;5475_-100;2;5475,38.6684931506849,Incidence,0.000117584237094018
NbyGQVwzFc_loc12_loop6,12,ITN 0%/IRS 0%/Larvicide 0%,0;0.4;0.4_0;0;0_0;0;0_-100;2;5475_-100;2;5475_-100;2;5475,38.6712328767123,Incidence,0.00011765518511673
NbyGQVwzFc_loc12_loop6,12,ITN 0%/IRS 0%/Larvicide 0%,0;0.4;0.4_0;0;0_0;0;0_-100;2;5475_-100;2;5475_-100;2;5475,38.6739726027397,Incidence,0.000117726200911208
NbyGQVwzFc_loc12_loop6,12,ITN 0%/IRS 0%/Larvicide 0%,0;0.4;0.4_0;0;0_0;0;0_-100;2;5475_-100;2;5475_-100;2;5475,38.6767123287671,Incidence,0.000117797284380769
NbyGQVwzFc_loc12_loop6,12,ITN 0%/IRS 0%/Larvicide 0%,0;0.4;0.4_0;0;0_0;0;0_-100;2;5475_-100;2;5475_-100;2;5475,38.6794520547945,Incidence,0.000117868435428599
NbyGQVwzFc_loc12_loop6,12,ITN 0%/IRS 0%/Larvicide 0%,0;0.4;0.4_0;0;0_0;0;0_-100;2;5475_-100;2;5475_-100;2;5475,38.6821917808219,Incidence,0.000117939653957749
NbyGQVwzFc_loc12_loop6,12,ITN 0%/IRS 0%/Larvicide 0%,0;0.4;0.4_0;0;0_0;0;0_-100;2;5475_-100;2;5475_-100;2;5475,38.6849315068493,Incidence,0.000118010939871138
NbyGQVwzFc_loc12_loop6,12,ITN 0%/IRS 0%/Larvicide 0%,0;0.4;0.4_0;0;0_0;0;0_-100;2;5475_-100;2;5475_-100;2;5475,38.6876712328767,Incidence,0.000118082293071552
NbyGQVwzFc_loc12_loop6,12,ITN 0%/IRS 0%/Larvicide 0%,0;0.4;0.4_0;0;0_0;0;0_-100;2;5475_-100;2;5475_-100;2;5475,38.6904109589041,Incidence,0.000118153713461643
NbyGQVwzFc_loc12_loop6,12,ITN 0%/IRS 0%/Larvicide 0%,0;0.4;0.4_0;0;0_0;0;0_-100;2;5475_-100;2;5475_-100;2;5475,38.6931506849315,Incidence,0.000118225200943928
NbyGQVwzFc_loc12_loop6,12,ITN 0%/IRS 0%/Larvicide 0%,0;0.4;0.4_0;0;0_0;0;0_-100;2;5475_-100;2;5475_-100;2;5475,38.6958904109589,Incidence,0.000118296755420791
NbyGQVwzFc_loc12_loop6,12,ITN 0%/IRS 0%/Larvicide 0%,0;0.4;0.4_0;0;0_0;0;0_-100;2;5475_-100;2;5475_-100;2;5475,38.6986301369863,Incidence,0.00011836837679448
NbyGQVwzFc_loc12_loop6,12,ITN 0%/IRS 0%/Larvicide 0%,0;0.4;0.4_0;0;0_0;0;0_-100;2;5475_-100;2;5475_-100;2;5475,38.7013698630137,Incidence,0.000118440064967107
NbyGQVwzFc_loc12_loop6,12,ITN 0%/IRS 0%/Larvicide 0%,0;0.4;0.4_0;0;0_0;0;0_-100;2;5475_-100;2;5475_-100;2;5475,38.7041095890411,Incidence,0.000118511819840648
NbyGQVwzFc_loc12_loop6,12,ITN 0%/IRS 0%/Larvicide 0%,0;0.4;0.4_0;0;0_0;0;0_-100;2;5475_-100;2;5475_-100;2;5475,38.7068493150685,Incidence,0.000118583641316945
NbyGQVwzFc_loc12_loop6,12,ITN 0%/IRS 0%/Larvicide 0%,0;0.4;0.4_0;0;0_0;0;0_-100;2;5475_-100;2;5475_-100;2;5475,38.7095890410959,Incidence,0.000118655529297679
NbyGQVwzFc_loc12_loop6,12,ITN 0%/IRS 0%/Larvicide 0%,0;0.4;0.4_0;0;0_0;0;0_-100;2;5475_-100;2;5475_-100;2;5475,38.7123287671233,Incidence,0.000118727483683677
NbyGQVwzFc_loc12_loop6,12,ITN 0%/IRS 0%/Larvicide 0%,0;0.4;0.4_0;0;0_0;0;0_-100;2;5475_-100;2;5475_-100;2;5475,38.7150684931507,Incidence,0.00011879950437509
NbyGQVwzFc_loc12_loop6,12,ITN 0%/IRS 0%/Larvicide 0%,0;0.4;0.4_0;0;0_0;0;0_-100;2;5475_-100;2;5475_-100;2;5475,38.7178082191781,Incidence,0.000118871591271932
NbyGQVwzFc_loc12_loop6,12,ITN 0%/IRS 0%/Larvicide 0%,0;0.4;0.4_0;0;0_0;0;0_-100;2;5475_-100;2;5475_-100;2;5475,38.7205479452055,Incidence,0.00011894374427409
NbyGQVwzFc_loc12_loop6,12,ITN 0%/IRS 0%/Larvicide 0%,0;0.4;0.4_0;0;0_0;0;0_-100;2;5475_-100;2;5475_-100;2;5475,38.7232876712329,Incidence,0.00011901596328132
NbyGQVwzFc_loc12_loop6,12,ITN 0%/IRS 0%/Larvicide 0%,0;0.4;0.4_0;0;0_0;0;0_-100;2;5475_-100;2;5475_-100;2;5475,38.7260273972603,Incidence,0.000119088248193252
NbyGQVwzFc_loc12_loop6,12,ITN 0%/IRS 0%/Larvicide 0%,0;0.4;0.4_0;0;0_0;0;0_-100;2;5475_-100;2;5475_-100;2;5475,38.7287671232877,Incidence,0.000119160598909384
NbyGQVwzFc_loc12_loop6,12,ITN 0%/IRS 0%/Larvicide 0%,0;0.4;0.4_0;0;0_0;0;0_-100;2;5475_-100;2;5475_-100;2;5475,38.7315068493151,Incidence,0.000119233015329084
NbyGQVwzFc_loc12_loop6,12,ITN 0%/IRS 0%/Larvicide 0%,0;0.4;0.4_0;0;0_0;0;0_-100;2;5475_-100;2;5475_-100;2;5475,38.7342465753425,Incidence,0.000119305497351594
NbyGQVwzFc_loc12_loop6,12,ITN 0%/IRS 0%/Larvicide 0%,0;0.4;0.4_0;0;0_0;0;0_-100;2;5475_-100;2;5475_-100;2;5475,38.7369863013699,Incidence,0.00011937804487602
NbyGQVwzFc_loc12_loop6,12,ITN 0%/IRS 0%/Larvicide 0%,0;0.4;0.4_0;0;0_0;0;0_-100;2;5475_-100;2;5475_-100;2;5475,38.7397260273973,Incidence,0.00011945065780134
NbyGQVwzFc_loc12_loop6,12,ITN 0%/IRS 0%/Larvicide 0%,0;0.4;0.4_0;0;0_0;0;0_-100;2;5475_-100;2;5475_-100;2;5475,38.7424657534247,Incidence,0.000119523336026401
NbyGQVwzFc_loc12_loop6,12,ITN 0%/IRS 0%/Larvicide 0%,0;0.4;0.4_0;0;0_0;0;0_-100;2;5475_-100;2;5475_-100;2;5475,38.7452054794521,Incidence,0.000119596079449919
NbyGQVwzFc_loc12_loop6,12,ITN 0%/IRS 0%/Larvicide 0%,0;0.4;0.4_0;0;0_0;0;0_-100;2;5475_-100;2;5475_-100;2;5475,38.7479452054795,Incidence,0.000119668887970476
NbyGQVwzFc_loc12_loop6,12,ITN 0%/IRS 0%/Larvicide 0%,0;0.4;0.4_0;0;0_0;0;0_-100;2;5475_-100;2;5475_-100;2;5475,38.7506849315069,Incidence,0.000119741761486524
NbyGQVwzFc_loc12_loop6,12,ITN 0%/IRS 0%/Larvicide 0%,0;0.4;0.4_0;0;0_0;0;0_-100;2;5475_-100;2;5475_-100;2;5475,38.7534246575343,Incidence,0.00011981469989638
NbyGQVwzFc_loc12_loop6,12,ITN 0%/IRS 0%/Larvicide 0%,0;0.4;0.4_0;0;0_0;0;0_-100;2;5475_-100;2;5475_-100;2;5475,38.7561643835616,Incidence,0.000119887703098232
NbyGQVwzFc_loc12_loop6,12,ITN 0%/IRS 0%/Larvicide 0%,0;0.4;0.4_0;0;0_0;0;0_-100;2;5475_-100;2;5475_-100;2;5475,38.758904109589,Incidence,0.00011996077099013
NbyGQVwzFc_loc12_loop6,12,ITN 0%/IRS 0%/Larvicide 0%,0;0.4;0.4_0;0;0_0;0;0_-100;2;5475_-100;2;5475_-100;2;5475,38.7616438356164,Incidence,0.000120033903469996
NbyGQVwzFc_loc12_loop6,12,ITN 0%/IRS 0%/Larvicide 0%,0;0.4;0.4_0;0;0_0;0;0_-100;2;5475_-100;2;5475_-100;2;5475,38.7643835616438,Incidence,0.000120107100435613
NbyGQVwzFc_loc12_loop6,12,ITN 0%/IRS 0%/Larvicide 0%,0;0.4;0.4_0;0;0_0;0;0_-100;2;5475_-100;2;5475_-100;2;5475,38.7671232876712,Incidence,0.000120180361784634
NbyGQVwzFc_loc12_loop6,12,ITN 0%/IRS 0%/Larvicide 0%,0;0.4;0.4_0;0;0_0;0;0_-100;2;5475_-100;2;5475_-100;2;5475,38.7698630136986,Incidence,0.000120253687414575
NbyGQVwzFc_loc12_loop6,12,ITN 0%/IRS 0%/Larvicide 0%,0;0.4;0.4_0;0;0_0;0;0_-100;2;5475_-100;2;5475_-100;2;5475,38.772602739726,Incidence,0.00012032707722282
NbyGQVwzFc_loc12_loop6,12,ITN 0%/IRS 0%/Larvicide 0%,0;0.4;0.4_0;0;0_0;0;0_-100;2;5475_-100;2;5475_-100;2;5475,38.7753424657534,Incidence,0.000120400531106613
NbyGQVwzFc_loc12_loop6,12,ITN 0%/IRS 0%/Larvicide 0%,0;0.4;0.4_0;0;0_0;0;0_-100;2;5475_-100;2;5475_-100;2;5475,38.7780821917808,Incidence,0.000120474048963069
NbyGQVwzFc_loc12_loop6,12,ITN 0%/IRS 0%/Larvicide 0%,0;0.4;0.4_0;0;0_0;0;0_-100;2;5475_-100;2;5475_-100;2;5475,38.7808219178082,Incidence,0.000120547630689163
NbyGQVwzFc_loc12_loop6,12,ITN 0%/IRS 0%/Larvicide 0%,0;0.4;0.4_0;0;0_0;0;0_-100;2;5475_-100;2;5475_-100;2;5475,38.7835616438356,Incidence,0.000120621276181735
NbyGQVwzFc_loc12_loop6,12,ITN 0%/IRS 0%/Larvicide 0%,0;0.4;0.4_0;0;0_0;0;0_-100;2;5475_-100;2;5475_-100;2;5475,38.786301369863,Incidence,0.000120694985337491
NbyGQVwzFc_loc12_loop6,12,ITN 0%/IRS 0%/Larvicide 0%,0;0.4;0.4_0;0;0_0;0;0_-100;2;5475_-100;2;5475_-100;2;5475,38.7890410958904,Incidence,0.000120768758052997
NbyGQVwzFc_loc12_loop6,12,ITN 0%/IRS 0%/Larvicide 0%,0;0.4;0.4_0;0;0_0;0;0_-100;2;5475_-100;2;5475_-100;2;5475,38.7917808219178,Incidence,0.000120842594224686
NbyGQVwzFc_loc12_loop6,12,ITN 0%/IRS 0%/Larvicide 0%,0;0.4;0.4_0;0;0_0;0;0_-100;2;5475_-100;2;5475_-100;2;5475,38.7945205479452,Incidence,0.000120916493748851
NbyGQVwzFc_loc12_loop6,12,ITN 0%/IRS 0%/Larvicide 0%,0;0.4;0.4_0;0;0_0;0;0_-100;2;5475_-100;2;5475_-100;2;5475,38.7972602739726,Incidence,0.000120990456521649
NbyGQVwzFc_loc12_loop6,12,ITN 0%/IRS 0%/Larvicide 0%,0;0.4;0.4_0;0;0_0;0;0_-100;2;5475_-100;2;5475_-100;2;5475,38.8,Incidence,0.000121064482439099
NbyGQVwzFc_loc12_loop6,12,ITN 0%/IRS 0%/Larvicide 0%,0;0.4;0.4_0;0;0_0;0;0_-100;2;5475_-100;2;5475_-100;2;5475,38.8027397260274,Incidence,0.000121138571397083
NbyGQVwzFc_loc12_loop6,12,ITN 0%/IRS 0%/Larvicide 0%,0;0.4;0.4_0;0;0_0;0;0_-100;2;5475_-100;2;5475_-100;2;5475,38.8054794520548,Incidence,0.000121212723291346
NbyGQVwzFc_loc12_loop6,12,ITN 0%/IRS 0%/Larvicide 0%,0;0.4;0.4_0;0;0_0;0;0_-100;2;5475_-100;2;5475_-100;2;5475,38.8082191780822,Incidence,0.00012128693801749
NbyGQVwzFc_loc12_loop6,12,ITN 0%/IRS 0%/Larvicide 0%,0;0.4;0.4_0;0;0_0;0;0_-100;2;5475_-100;2;5475_-100;2;5475,38.8109589041096,Incidence,0.000121361215470984
NbyGQVwzFc_loc12_loop6,12,ITN 0%/IRS 0%/Larvicide 0%,0;0.4;0.4_0;0;0_0;0;0_-100;2;5475_-100;2;5475_-100;2;5475,38.813698630137,Incidence,0.000121435555547155
NbyGQVwzFc_loc12_loop6,12,ITN 0%/IRS 0%/Larvicide 0%,0;0.4;0.4_0;0;0_0;0;0_-100;2;5475_-100;2;5475_-100;2;5475,38.8164383561644,Incidence,0.000121509958141192
NbyGQVwzFc_loc12_loop6,12,ITN 0%/IRS 0%/Larvicide 0%,0;0.4;0.4_0;0;0_0;0;0_-100;2;5475_-100;2;5475_-100;2;5475,38.8191780821918,Incidence,0.000121584423148143
NbyGQVwzFc_loc12_loop6,12,ITN 0%/IRS 0%/Larvicide 0%,0;0.4;0.4_0;0;0_0;0;0_-100;2;5475_-100;2;5475_-100;2;5475,38.8219178082192,Incidence,0.00012165895046292
NbyGQVwzFc_loc12_loop6,12,ITN 0%/IRS 0%/Larvicide 0%,0;0.4;0.4_0;0;0_0;0;0_-100;2;5475_-100;2;5475_-100;2;5475,38.8246575342466,Incidence,0.000121733539980292
NbyGQVwzFc_loc12_loop6,12,ITN 0%/IRS 0%/Larvicide 0%,0;0.4;0.4_0;0;0_0;0;0_-100;2;5475_-100;2;5475_-100;2;5475,38.827397260274,Incidence,0.000121808191594889
NbyGQVwzFc_loc12_loop6,12,ITN 0%/IRS 0%/Larvicide 0%,0;0.4;0.4_0;0;0_0;0;0_-100;2;5475_-100;2;5475_-100;2;5475,38.8301369863014,Incidence,0.0001218829052012
NbyGQVwzFc_loc12_loop6,12,ITN 0%/IRS 0%/Larvicide 0%,0;0.4;0.4_0;0;0_0;0;0_-100;2;5475_-100;2;5475_-100;2;5475,38.8328767123288,Incidence,0.000121957680693576
NbyGQVwzFc_loc12_loop6,12,ITN 0%/IRS 0%/Larvicide 0%,0;0.4;0.4_0;0;0_0;0;0_-100;2;5475_-100;2;5475_-100;2;5475,38.8356164383562,Incidence,0.000122032517966225
NbyGQVwzFc_loc12_loop6,12,ITN 0%/IRS 0%/Larvicide 0%,0;0.4;0.4_0;0;0_0;0;0_-100;2;5475_-100;2;5475_-100;2;5475,38.8383561643836,Incidence,0.000122107416913215
NbyGQVwzFc_loc12_loop6,12,ITN 0%/IRS 0%/Larvicide 0%,0;0.4;0.4_0;0;0_0;0;0_-100;2;5475_-100;2;5475_-100;2;5475,38.841095890411,Incidence,0.000122182377428395
NbyGQVwzFc_loc12_loop6,12,ITN 0%/IRS 0%/Larvicide 0%,0;0.4;0.4_0;0;0_0;0;0_-100;2;5475_-100;2;5475_-100;2;5475,38.8438356164384,Incidence,0.00012225739940482
NbyGQVwzFc_loc12_loop6,12,ITN 0%/IRS 0%/Larvicide 0%,0;0.4;0.4_0;0;0_0;0;0_-100;2;5475_-100;2;5475_-100;2;5475,38.8465753424658,Incidence,0.000122332482735093
NbyGQVwzFc_loc12_loop6,12,ITN 0%/IRS 0%/Larvicide 0%,0;0.4;0.4_0;0;0_0;0;0_-100;2;5475_-100;2;5475_-100;2;5475,38.8493150684932,Incidence,0.00012240762731168
NbyGQVwzFc_loc12_loop6,12,ITN 0%/IRS 0%/Larvicide 0%,0;0.4;0.4_0;0;0_0;0;0_-100;2;5475_-100;2;5475_-100;2;5475,38.8520547945206,Incidence,0.000122482833026916
NbyGQVwzFc_loc12_loop6,12,ITN 0%/IRS 0%/Larvicide 0%,0;0.4;0.4_0;0;0_0;0;0_-100;2;5475_-100;2;5475_-100;2;5475,38.854794520548,Incidence,0.000122558099773002
NbyGQVwzFc_loc12_loop6,12,ITN 0%/IRS 0%/Larvicide 0%,0;0.4;0.4_0;0;0_0;0;0_-100;2;5475_-100;2;5475_-100;2;5475,38.8575342465753,Incidence,0.000122633427442008
NbyGQVwzFc_loc12_loop6,12,ITN 0%/IRS 0%/Larvicide 0%,0;0.4;0.4_0;0;0_0;0;0_-100;2;5475_-100;2;5475_-100;2;5475,38.8602739726027,Incidence,0.000122708815925868
NbyGQVwzFc_loc12_loop6,12,ITN 0%/IRS 0%/Larvicide 0%,0;0.4;0.4_0;0;0_0;0;0_-100;2;5475_-100;2;5475_-100;2;5475,38.8630136986301,Incidence,0.000122784265116383
NbyGQVwzFc_loc12_loop6,12,ITN 0%/IRS 0%/Larvicide 0%,0;0.4;0.4_0;0;0_0;0;0_-100;2;5475_-100;2;5475_-100;2;5475,38.8657534246575,Incidence,0.000122859774905223
NbyGQVwzFc_loc12_loop6,12,ITN 0%/IRS 0%/Larvicide 0%,0;0.4;0.4_0;0;0_0;0;0_-100;2;5475_-100;2;5475_-100;2;5475,38.8684931506849,Incidence,0.000122935345183919
NbyGQVwzFc_loc12_loop6,12,ITN 0%/IRS 0%/Larvicide 0%,0;0.4;0.4_0;0;0_0;0;0_-100;2;5475_-100;2;5475_-100;2;5475,38.8712328767123,Incidence,0.000123010975843873
NbyGQVwzFc_loc12_loop6,12,ITN 0%/IRS 0%/Larvicide 0%,0;0.4;0.4_0;0;0_0;0;0_-100;2;5475_-100;2;5475_-100;2;5475,38.8739726027397,Incidence,0.000123086666776349
NbyGQVwzFc_loc12_loop6,12,ITN 0%/IRS 0%/Larvicide 0%,0;0.4;0.4_0;0;0_0;0;0_-100;2;5475_-100;2;5475_-100;2;5475,38.8767123287671,Incidence,0.000123162417872479
NbyGQVwzFc_loc12_loop6,12,ITN 0%/IRS 0%/Larvicide 0%,0;0.4;0.4_0;0;0_0;0;0_-100;2;5475_-100;2;5475_-100;2;5475,38.8794520547945,Incidence,0.000123238229023259
NbyGQVwzFc_loc12_loop6,12,ITN 0%/IRS 0%/Larvicide 0%,0;0.4;0.4_0;0;0_0;0;0_-100;2;5475_-100;2;5475_-100;2;5475,38.8821917808219,Incidence,0.000123314100119551
NbyGQVwzFc_loc12_loop6,12,ITN 0%/IRS 0%/Larvicide 0%,0;0.4;0.4_0;0;0_0;0;0_-100;2;5475_-100;2;5475_-100;2;5475,38.8849315068493,Incidence,0.000123390031052082
NbyGQVwzFc_loc12_loop6,12,ITN 0%/IRS 0%/Larvicide 0%,0;0.4;0.4_0;0;0_0;0;0_-100;2;5475_-100;2;5475_-100;2;5475,38.8876712328767,Incidence,0.000123466021711444
NbyGQVwzFc_loc12_loop6,12,ITN 0%/IRS 0%/Larvicide 0%,0;0.4;0.4_0;0;0_0;0;0_-100;2;5475_-100;2;5475_-100;2;5475,38.8904109589041,Incidence,0.000123542071988092
NbyGQVwzFc_loc12_loop6,12,ITN 0%/IRS 0%/Larvicide 0%,0;0.4;0.4_0;0;0_0;0;0_-100;2;5475_-100;2;5475_-100;2;5475,38.8931506849315,Incidence,0.000123618181772349
NbyGQVwzFc_loc12_loop6,12,ITN 0%/IRS 0%/Larvicide 0%,0;0.4;0.4_0;0;0_0;0;0_-100;2;5475_-100;2;5475_-100;2;5475,38.8958904109589,Incidence,0.000123694350954401
NbyGQVwzFc_loc12_loop6,12,ITN 0%/IRS 0%/Larvicide 0%,0;0.4;0.4_0;0;0_0;0;0_-100;2;5475_-100;2;5475_-100;2;5475,38.8986301369863,Incidence,0.000123770579424296
NbyGQVwzFc_loc12_loop6,12,ITN 0%/IRS 0%/Larvicide 0%,0;0.4;0.4_0;0;0_0;0;0_-100;2;5475_-100;2;5475_-100;2;5475,38.9013698630137,Incidence,0.00012384686707195
NbyGQVwzFc_loc12_loop6,12,ITN 0%/IRS 0%/Larvicide 0%,0;0.4;0.4_0;0;0_0;0;0_-100;2;5475_-100;2;5475_-100;2;5475,38.9041095890411,Incidence,0.000123923213787142
NbyGQVwzFc_loc12_loop6,12,ITN 0%/IRS 0%/Larvicide 0%,0;0.4;0.4_0;0;0_0;0;0_-100;2;5475_-100;2;5475_-100;2;5475,38.9068493150685,Incidence,0.000123999619459513
NbyGQVwzFc_loc12_loop6,12,ITN 0%/IRS 0%/Larvicide 0%,0;0.4;0.4_0;0;0_0;0;0_-100;2;5475_-100;2;5475_-100;2;5475,38.9095890410959,Incidence,0.000124076083978569
NbyGQVwzFc_loc12_loop6,12,ITN 0%/IRS 0%/Larvicide 0%,0;0.4;0.4_0;0;0_0;0;0_-100;2;5475_-100;2;5475_-100;2;5475,38.9123287671233,Incidence,0.000124152607233682
NbyGQVwzFc_loc12_loop6,12,ITN 0%/IRS 0%/Larvicide 0%,0;0.4;0.4_0;0;0_0;0;0_-100;2;5475_-100;2;5475_-100;2;5475,38.9150684931507,Incidence,0.000124229189114085
NbyGQVwzFc_loc12_loop6,12,ITN 0%/IRS 0%/Larvicide 0%,0;0.4;0.4_0;0;0_0;0;0_-100;2;5475_-100;2;5475_-100;2;5475,38.9178082191781,Incidence,0.000124305829508874
NbyGQVwzFc_loc12_loop6,12,ITN 0%/IRS 0%/Larvicide 0%,0;0.4;0.4_0;0;0_0;0;0_-100;2;5475_-100;2;5475_-100;2;5475,38.9205479452055,Incidence,0.000124382528307012
NbyGQVwzFc_loc12_loop6,12,ITN 0%/IRS 0%/Larvicide 0%,0;0.4;0.4_0;0;0_0;0;0_-100;2;5475_-100;2;5475_-100;2;5475,38.9232876712329,Incidence,0.00012445928539732
NbyGQVwzFc_loc12_loop6,12,ITN 0%/IRS 0%/Larvicide 0%,0;0.4;0.4_0;0;0_0;0;0_-100;2;5475_-100;2;5475_-100;2;5475,38.9260273972603,Incidence,0.000124536100668488
NbyGQVwzFc_loc12_loop6,12,ITN 0%/IRS 0%/Larvicide 0%,0;0.4;0.4_0;0;0_0;0;0_-100;2;5475_-100;2;5475_-100;2;5475,38.9287671232877,Incidence,0.000124612974009065
NbyGQVwzFc_loc12_loop6,12,ITN 0%/IRS 0%/Larvicide 0%,0;0.4;0.4_0;0;0_0;0;0_-100;2;5475_-100;2;5475_-100;2;5475,38.9315068493151,Incidence,0.000124689905307465
NbyGQVwzFc_loc12_loop6,12,ITN 0%/IRS 0%/Larvicide 0%,0;0.4;0.4_0;0;0_0;0;0_-100;2;5475_-100;2;5475_-100;2;5475,38.9342465753425,Incidence,0.000124766894451964
NbyGQVwzFc_loc12_loop6,12,ITN 0%/IRS 0%/Larvicide 0%,0;0.4;0.4_0;0;0_0;0;0_-100;2;5475_-100;2;5475_-100;2;5475,38.9369863013699,Incidence,0.0001248439413307
NbyGQVwzFc_loc12_loop6,12,ITN 0%/IRS 0%/Larvicide 0%,0;0.4;0.4_0;0;0_0;0;0_-100;2;5475_-100;2;5475_-100;2;5475,38.9397260273973,Incidence,0.000124921045831677
NbyGQVwzFc_loc12_loop6,12,ITN 0%/IRS 0%/Larvicide 0%,0;0.4;0.4_0;0;0_0;0;0_-100;2;5475_-100;2;5475_-100;2;5475,38.9424657534247,Incidence,0.000124998207842759
NbyGQVwzFc_loc12_loop6,12,ITN 0%/IRS 0%/Larvicide 0%,0;0.4;0.4_0;0;0_0;0;0_-100;2;5475_-100;2;5475_-100;2;5475,38.9452054794521,Incidence,0.000125075427251673
NbyGQVwzFc_loc12_loop6,12,ITN 0%/IRS 0%/Larvicide 0%,0;0.4;0.4_0;0;0_0;0;0_-100;2;5475_-100;2;5475_-100;2;5475,38.9479452054795,Incidence,0.000125152703946009
NbyGQVwzFc_loc12_loop6,12,ITN 0%/IRS 0%/Larvicide 0%,0;0.4;0.4_0;0;0_0;0;0_-100;2;5475_-100;2;5475_-100;2;5475,38.9506849315069,Incidence,0.00012523003781322
NbyGQVwzFc_loc12_loop6,12,ITN 0%/IRS 0%/Larvicide 0%,0;0.4;0.4_0;0;0_0;0;0_-100;2;5475_-100;2;5475_-100;2;5475,38.9534246575343,Incidence,0.000125307428740621
NbyGQVwzFc_loc12_loop6,12,ITN 0%/IRS 0%/Larvicide 0%,0;0.4;0.4_0;0;0_0;0;0_-100;2;5475_-100;2;5475_-100;2;5475,38.9561643835616,Incidence,0.000125384876615388
NbyGQVwzFc_loc12_loop6,12,ITN 0%/IRS 0%/Larvicide 0%,0;0.4;0.4_0;0;0_0;0;0_-100;2;5475_-100;2;5475_-100;2;5475,38.958904109589,Incidence,0.000125462381324562
NbyGQVwzFc_loc12_loop6,12,ITN 0%/IRS 0%/Larvicide 0%,0;0.4;0.4_0;0;0_0;0;0_-100;2;5475_-100;2;5475_-100;2;5475,38.9616438356164,Incidence,0.000125539942755046
NbyGQVwzFc_loc12_loop6,12,ITN 0%/IRS 0%/Larvicide 0%,0;0.4;0.4_0;0;0_0;0;0_-100;2;5475_-100;2;5475_-100;2;5475,38.9643835616438,Incidence,0.000125617560793602
NbyGQVwzFc_loc12_loop6,12,ITN 0%/IRS 0%/Larvicide 0%,0;0.4;0.4_0;0;0_0;0;0_-100;2;5475_-100;2;5475_-100;2;5475,38.9671232876712,Incidence,0.000125695235326858
NbyGQVwzFc_loc12_loop6,12,ITN 0%/IRS 0%/Larvicide 0%,0;0.4;0.4_0;0;0_0;0;0_-100;2;5475_-100;2;5475_-100;2;5475,38.9698630136986,Incidence,0.000125772966241302
NbyGQVwzFc_loc12_loop6,12,ITN 0%/IRS 0%/Larvicide 0%,0;0.4;0.4_0;0;0_0;0;0_-100;2;5475_-100;2;5475_-100;2;5475,38.972602739726,Incidence,0.000125850753423286
NbyGQVwzFc_loc12_loop6,12,ITN 0%/IRS 0%/Larvicide 0%,0;0.4;0.4_0;0;0_0;0;0_-100;2;5475_-100;2;5475_-100;2;5475,38.9753424657534,Incidence,0.000125928596759022
NbyGQVwzFc_loc12_loop6,12,ITN 0%/IRS 0%/Larvicide 0%,0;0.4;0.4_0;0;0_0;0;0_-100;2;5475_-100;2;5475_-100;2;5475,38.9780821917808,Incidence,0.000126006496134586
NbyGQVwzFc_loc12_loop6,12,ITN 0%/IRS 0%/Larvicide 0%,0;0.4;0.4_0;0;0_0;0;0_-100;2;5475_-100;2;5475_-100;2;5475,38.9808219178082,Incidence,0.000126084451435914
NbyGQVwzFc_loc12_loop6,12,ITN 0%/IRS 0%/Larvicide 0%,0;0.4;0.4_0;0;0_0;0;0_-100;2;5475_-100;2;5475_-100;2;5475,38.9835616438356,Incidence,0.000126162462548688
NbyGQVwzFc_loc12_loop6,12,ITN 0%/IRS 0%/Larvicide 0%,0;0.4;0.4_0;0;0_0;0;0_-100;2;5475_-100;2;5475_-100;2;5475,38.986301369863,Incidence,0.000126240529357787
NbyGQVwzFc_loc12_loop6,12,ITN 0%/IRS 0%/Larvicide 0%,0;0.4;0.4_0;0;0_0;0;0_-100;2;5475_-100;2;5475_-100;2;5475,38.9890410958904,Incidence,0.000126318651747903
NbyGQVwzFc_loc12_loop6,12,ITN 0%/IRS 0%/Larvicide 0%,0;0.4;0.4_0;0;0_0;0;0_-100;2;5475_-100;2;5475_-100;2;5475,38.9917808219178,Incidence,0.000126396829603611
NbyGQVwzFc_loc12_loop6,12,ITN 0%/IRS 0%/Larvicide 0%,0;0.4;0.4_0;0;0_0;0;0_-100;2;5475_-100;2;5475_-100;2;5475,38.9945205479452,Incidence,0.000126475062809361
NbyGQVwzFc_loc12_loop6,12,ITN 0%/IRS 0%/Larvicide 0%,0;0.4;0.4_0;0;0_0;0;0_-100;2;5475_-100;2;5475_-100;2;5475,38.9972602739726,Incidence,0.000126553351249468
NbyGQVwzFc_loc12_loop6,12,ITN 0%/IRS 0%/Larvicide 0%,0;0.4;0.4_0;0;0_0;0;0_-100;2;5475_-100;2;5475_-100;2;5475,39,Incidence,0.000126631694808121
NbyGQVwzFc_loc12_loop6,12,ITN 0%/IRS 0%/Larvicide 0%,0;0.4;0.4_0;0;0_0;0;0_-100;2;5475_-100;2;5475_-100;2;5475,39.0027397260274,Incidence,0.000126710093369376
NbyGQVwzFc_loc12_loop6,12,ITN 0%/IRS 0%/Larvicide 0%,0;0.4;0.4_0;0;0_0;0;0_-100;2;5475_-100;2;5475_-100;2;5475,39.0054794520548,Incidence,0.000126788546817161
NbyGQVwzFc_loc12_loop6,12,ITN 0%/IRS 0%/Larvicide 0%,0;0.4;0.4_0;0;0_0;0;0_-100;2;5475_-100;2;5475_-100;2;5475,39.0082191780822,Incidence,0.000126867055035275
NbyGQVwzFc_loc12_loop6,12,ITN 0%/IRS 0%/Larvicide 0%,0;0.4;0.4_0;0;0_0;0;0_-100;2;5475_-100;2;5475_-100;2;5475,39.0109589041096,Incidence,0.000126945617907384
NbyGQVwzFc_loc12_loop6,12,ITN 0%/IRS 0%/Larvicide 0%,0;0.4;0.4_0;0;0_0;0;0_-100;2;5475_-100;2;5475_-100;2;5475,39.013698630137,Incidence,0.000127024235317025
NbyGQVwzFc_loc12_loop6,12,ITN 0%/IRS 0%/Larvicide 0%,0;0.4;0.4_0;0;0_0;0;0_-100;2;5475_-100;2;5475_-100;2;5475,39.0164383561644,Incidence,0.000127102907147607
NbyGQVwzFc_loc12_loop6,12,ITN 0%/IRS 0%/Larvicide 0%,0;0.4;0.4_0;0;0_0;0;0_-100;2;5475_-100;2;5475_-100;2;5475,39.0191780821918,Incidence,0.000127181633282406
NbyGQVwzFc_loc12_loop6,12,ITN 0%/IRS 0%/Larvicide 0%,0;0.4;0.4_0;0;0_0;0;0_-100;2;5475_-100;2;5475_-100;2;5475,39.0219178082192,Incidence,0.000127260413604572
NbyGQVwzFc_loc12_loop6,12,ITN 0%/IRS 0%/Larvicide 0%,0;0.4;0.4_0;0;0_0;0;0_-100;2;5475_-100;2;5475_-100;2;5475,39.0246575342466,Incidence,0.000127339247997121
NbyGQVwzFc_loc12_loop6,12,ITN 0%/IRS 0%/Larvicide 0%,0;0.4;0.4_0;0;0_0;0;0_-100;2;5475_-100;2;5475_-100;2;5475,39.027397260274,Incidence,0.000127418136342942
NbyGQVwzFc_loc12_loop6,12,ITN 0%/IRS 0%/Larvicide 0%,0;0.4;0.4_0;0;0_0;0;0_-100;2;5475_-100;2;5475_-100;2;5475,39.0301369863014,Incidence,0.000127497078524793
NbyGQVwzFc_loc12_loop6,12,ITN 0%/IRS 0%/Larvicide 0%,0;0.4;0.4_0;0;0_0;0;0_-100;2;5475_-100;2;5475_-100;2;5475,39.0328767123288,Incidence,0.00010701110893532
NbyGQVwzFc_loc12_loop6,12,ITN 0%/IRS 0%/Larvicide 0%,0;0.4;0.4_0;0;0_0;0;0_-100;2;5475_-100;2;5475_-100;2;5475,39.0356164383562,Incidence,0.000106649891097722
NbyGQVwzFc_loc12_loop6,12,ITN 0%/IRS 0%/Larvicide 0%,0;0.4;0.4_0;0;0_0;0;0_-100;2;5475_-100;2;5475_-100;2;5475,39.0383561643836,Incidence,0.000106331763523358
NbyGQVwzFc_loc12_loop6,12,ITN 0%/IRS 0%/Larvicide 0%,0;0.4;0.4_0;0;0_0;0;0_-100;2;5475_-100;2;5475_-100;2;5475,39.041095890411,Incidence,0.000106050666661605
NbyGQVwzFc_loc12_loop6,12,ITN 0%/IRS 0%/Larvicide 0%,0;0.4;0.4_0;0;0_0;0;0_-100;2;5475_-100;2;5475_-100;2;5475,39.0438356164384,Incidence,0.000105803228488483
NbyGQVwzFc_loc12_loop6,12,ITN 0%/IRS 0%/Larvicide 0%,0;0.4;0.4_0;0;0_0;0;0_-100;2;5475_-100;2;5475_-100;2;5475,39.0465753424658,Incidence,0.000105586384043278
NbyGQVwzFc_loc12_loop6,12,ITN 0%/IRS 0%/Larvicide 0%,0;0.4;0.4_0;0;0_0;0;0_-100;2;5475_-100;2;5475_-100;2;5475,39.0493150684932,Incidence,0.000105397347527326
NbyGQVwzFc_loc12_loop6,12,ITN 0%/IRS 0%/Larvicide 0%,0;0.4;0.4_0;0;0_0;0;0_-100;2;5475_-100;2;5475_-100;2;5475,39.0520547945206,Incidence,0.000105233586917783
NbyGQVwzFc_loc12_loop6,12,ITN 0%/IRS 0%/Larvicide 0%,0;0.4;0.4_0;0;0_0;0;0_-100;2;5475_-100;2;5475_-100;2;5475,39.0547945205479,Incidence,0.000105096147137152
NbyGQVwzFc_loc12_loop6,12,ITN 0%/IRS 0%/Larvicide 0%,0;0.4;0.4_0;0;0_0;0;0_-100;2;5475_-100;2;5475_-100;2;5475,39.0575342465753,Incidence,0.00010464287869736
NbyGQVwzFc_loc12_loop6,12,ITN 0%/IRS 0%/Larvicide 0%,0;0.4;0.4_0;0;0_0;0;0_-100;2;5475_-100;2;5475_-100;2;5475,39.0602739726027,Incidence,0.000104186274917613
NbyGQVwzFc_loc12_loop6,12,ITN 0%/IRS 0%/Larvicide 0%,0;0.4;0.4_0;0;0_0;0;0_-100;2;5475_-100;2;5475_-100;2;5475,39.0630136986301,Incidence,0.00010374627719308
NbyGQVwzFc_loc12_loop6,12,ITN 0%/IRS 0%/Larvicide 0%,0;0.4;0.4_0;0;0_0;0;0_-100;2;5475_-100;2;5475_-100;2;5475,39.0657534246575,Incidence,0.000103324269658521
NbyGQVwzFc_loc12_loop6,12,ITN 0%/IRS 0%/Larvicide 0%,0;0.4;0.4_0;0;0_0;0;0_-100;2;5475_-100;2;5475_-100;2;5475,39.0684931506849,Incidence,0.000102921240426652
NbyGQVwzFc_loc12_loop6,12,ITN 0%/IRS 0%/Larvicide 0%,0;0.4;0.4_0;0;0_0;0;0_-100;2;5475_-100;2;5475_-100;2;5475,39.0712328767123,Incidence,0.000102537852537542
NbyGQVwzFc_loc12_loop6,12,ITN 0%/IRS 0%/Larvicide 0%,0;0.4;0.4_0;0;0_0;0;0_-100;2;5475_-100;2;5475_-100;2;5475,39.0739726027397,Incidence,0.00010217449855105
NbyGQVwzFc_loc12_loop6,12,ITN 0%/IRS 0%/Larvicide 0%,0;0.4;0.4_0;0;0_0;0;0_-100;2;5475_-100;2;5475_-100;2;5475,39.0767123287671,Incidence,0.000101831345042628
NbyGQVwzFc_loc12_loop6,12,ITN 0%/IRS 0%/Larvicide 0%,0;0.4;0.4_0;0;0_0;0;0_-100;2;5475_-100;2;5475_-100;2;5475,39.0794520547945,Incidence,0.000101508370404062
NbyGQVwzFc_loc12_loop6,12,ITN 0%/IRS 0%/Larvicide 0%,0;0.4;0.4_0;0;0_0;0;0_-100;2;5475_-100;2;5475_-100;2;5475,39.0821917808219,Incidence,0.000101205397330747
NbyGQVwzFc_loc12_loop6,12,ITN 0%/IRS 0%/Larvicide 0%,0;0.4;0.4_0;0;0_0;0;0_-100;2;5475_-100;2;5475_-100;2;5475,39.0849315068493,Incidence,0.000100922120789501
NbyGQVwzFc_loc12_loop6,12,ITN 0%/IRS 0%/Larvicide 0%,0;0.4;0.4_0;0;0_0;0;0_-100;2;5475_-100;2;5475_-100;2;5475,39.0876712328767,Incidence,0.000100658132253855
NbyGQVwzFc_loc12_loop6,12,ITN 0%/IRS 0%/Larvicide 0%,0;0.4;0.4_0;0;0_0;0;0_-100;2;5475_-100;2;5475_-100;2;5475,39.0904109589041,Incidence,9.98129958322836e-05
NbyGQVwzFc_loc12_loop6,12,ITN 0%/IRS 0%/Larvicide 0%,0;0.4;0.4_0;0;0_0;0;0_-100;2;5475_-100;2;5475_-100;2;5475,39.0931506849315,Incidence,9.8679053834875e-05
NbyGQVwzFc_loc12_loop6,12,ITN 0%/IRS 0%/Larvicide 0%,0;0.4;0.4_0;0;0_0;0;0_-100;2;5475_-100;2;5475_-100;2;5475,39.0958904109589,Incidence,9.76465544416965e-05
NbyGQVwzFc_loc12_loop6,12,ITN 0%/IRS 0%/Larvicide 0%,0;0.4;0.4_0;0;0_0;0;0_-100;2;5475_-100;2;5475_-100;2;5475,39.0986301369863,Incidence,9.67070752548338e-05
NbyGQVwzFc_loc12_loop6,12,ITN 0%/IRS 0%/Larvicide 0%,0;0.4;0.4_0;0;0_0;0;0_-100;2;5475_-100;2;5475_-100;2;5475,39.1013698630137,Incidence,9.58528957316636e-05
NbyGQVwzFc_loc12_loop6,12,ITN 0%/IRS 0%/Larvicide 0%,0;0.4;0.4_0;0;0_0;0;0_-100;2;5475_-100;2;5475_-100;2;5475,39.1041095890411,Incidence,9.50769378341558e-05
NbyGQVwzFc_loc12_loop6,12,ITN 0%/IRS 0%/Larvicide 0%,0;0.4;0.4_0;0;0_0;0;0_-100;2;5475_-100;2;5475_-100;2;5475,39.1068493150685,Incidence,9.43727119249913e-05
NbyGQVwzFc_loc12_loop6,12,ITN 0%/IRS 0%/Larvicide 0%,0;0.4;0.4_0;0;0_0;0;0_-100;2;5475_-100;2;5475_-100;2;5475,39.1095890410959,Incidence,9.37342673971014e-05
NbyGQVwzFc_loc12_loop6,12,ITN 0%/IRS 0%/Larvicide 0%,0;0.4;0.4_0;0;0_0;0;0_-100;2;5475_-100;2;5475_-100;2;5475,39.1123287671233,Incidence,9.31561475638989e-05
NbyGQVwzFc_loc12_loop6,12,ITN 0%/IRS 0%/Larvicide 0%,0;0.4;0.4_0;0;0_0;0;0_-100;2;5475_-100;2;5475_-100;2;5475,39.1150684931507,Incidence,9.2633348421293e-05
NbyGQVwzFc_loc12_loop6,12,ITN 0%/IRS 0%/Larvicide 0%,0;0.4;0.4_0;0;0_0;0;0_-100;2;5475_-100;2;5475_-100;2;5475,39.1178082191781,Incidence,9.21612809329627e-05
NbyGQVwzFc_loc12_loop6,12,ITN 0%/IRS 0%/Larvicide 0%,0;0.4;0.4_0;0;0_0;0;0_-100;2;5475_-100;2;5475_-100;2;5475,39.1205479452055,Incidence,9.17357364457825e-05
NbyGQVwzFc_loc12_loop6,12,ITN 0%/IRS 0%/Larvicide 0%,0;0.4;0.4_0;0;0_0;0;0_-100;2;5475_-100;2;5475_-100;2;5475,39.1232876712329,Incidence,9.13523408181575e-05
NbyGQVwzFc_loc12_loop6,12,ITN 0%/IRS 0%/Larvicide 0%,0;0.4;0.4_0;0;0_0;0;0_-100;2;5475_-100;2;5475_-100;2;5475,39.1260273972603,Incidence,9.10052691173263e-05
NbyGQVwzFc_loc12_loop6,12,ITN 0%/IRS 0%/Larvicide 0%,0;0.4;0.4_0;0;0_0;0;0_-100;2;5475_-100;2;5475_-100;2;5475,39.1287671232877,Incidence,9.06912332102298e-05
NbyGQVwzFc_loc12_loop6,12,ITN 0%/IRS 0%/Larvicide 0%,0;0.4;0.4_0;0;0_0;0;0_-100;2;5475_-100;2;5475_-100;2;5475,39.1315068493151,Incidence,9.04074867559712e-05
NbyGQVwzFc_loc12_loop6,12,ITN 0%/IRS 0%/Larvicide 0%,0;0.4;0.4_0;0;0_0;0;0_-100;2;5475_-100;2;5475_-100;2;5475,39.1342465753425,Incidence,9.01515112907625e-05
NbyGQVwzFc_loc12_loop6,12,ITN 0%/IRS 0%/Larvicide 0%,0;0.4;0.4_0;0;0_0;0;0_-100;2;5475_-100;2;5475_-100;2;5475,39.1369863013699,Incidence,8.99209975033271e-05
NbyGQVwzFc_loc12_loop6,12,ITN 0%/IRS 0%/Larvicide 0%,0;0.4;0.4_0;0;0_0;0;0_-100;2;5475_-100;2;5475_-100;2;5475,39.1397260273973,Incidence,8.97138280261277e-05
NbyGQVwzFc_loc12_loop6,12,ITN 0%/IRS 0%/Larvicide 0%,0;0.4;0.4_0;0;0_0;0;0_-100;2;5475_-100;2;5475_-100;2;5475,39.1424657534247,Incidence,8.95280616222079e-05
NbyGQVwzFc_loc12_loop6,12,ITN 0%/IRS 0%/Larvicide 0%,0;0.4;0.4_0;0;0_0;0;0_-100;2;5475_-100;2;5475_-100;2;5475,39.1452054794521,Incidence,8.93619159236208e-05
NbyGQVwzFc_loc12_loop6,12,ITN 0%/IRS 0%/Larvicide 0%,0;0.4;0.4_0;0;0_0;0;0_-100;2;5475_-100;2;5475_-100;2;5475,39.1479452054795,Incidence,8.9213665197117e-05
NbyGQVwzFc_loc12_loop6,12,ITN 0%/IRS 0%/Larvicide 0%,0;0.4;0.4_0;0;0_0;0;0_-100;2;5475_-100;2;5475_-100;2;5475,39.1506849315069,Incidence,8.90816307481251e-05
NbyGQVwzFc_loc12_loop6,12,ITN 0%/IRS 0%/Larvicide 0%,0;0.4;0.4_0;0;0_0;0;0_-100;2;5475_-100;2;5475_-100;2;5475,39.1534246575342,Incidence,8.89642824338309e-05
NbyGQVwzFc_loc12_loop6,12,ITN 0%/IRS 0%/Larvicide 0%,0;0.4;0.4_0;0;0_0;0;0_-100;2;5475_-100;2;5475_-100;2;5475,39.1561643835616,Incidence,8.88602314602984e-05
NbyGQVwzFc_loc12_loop6,12,ITN 0%/IRS 0%/Larvicide 0%,0;0.4;0.4_0;0;0_0;0;0_-100;2;5475_-100;2;5475_-100;2;5475,39.158904109589,Incidence,8.8768217909988e-05
NbyGQVwzFc_loc12_loop6,12,ITN 0%/IRS 0%/Larvicide 0%,0;0.4;0.4_0;0;0_0;0;0_-100;2;5475_-100;2;5475_-100;2;5475,39.1616438356164,Incidence,8.86870992931818e-05
NbyGQVwzFc_loc12_loop6,12,ITN 0%/IRS 0%/Larvicide 0%,0;0.4;0.4_0;0;0_0;0;0_-100;2;5475_-100;2;5475_-100;2;5475,39.1643835616438,Incidence,8.86158400571423e-05
NbyGQVwzFc_loc12_loop6,12,ITN 0%/IRS 0%/Larvicide 0%,0;0.4;0.4_0;0;0_0;0;0_-100;2;5475_-100;2;5475_-100;2;5475,39.1671232876712,Incidence,8.85535020040843e-05
NbyGQVwzFc_loc12_loop6,12,ITN 0%/IRS 0%/Larvicide 0%,0;0.4;0.4_0;0;0_0;0;0_-100;2;5475_-100;2;5475_-100;2;5475,39.1698630136986,Incidence,8.84992354693297e-05
NbyGQVwzFc_loc12_loop6,12,ITN 0%/IRS 0%/Larvicide 0%,0;0.4;0.4_0;0;0_0;0;0_-100;2;5475_-100;2;5475_-100;2;5475,39.172602739726,Incidence,8.84522712886513e-05
NbyGQVwzFc_loc12_loop6,12,ITN 0%/IRS 0%/Larvicide 0%,0;0.4;0.4_0;0;0_0;0;0_-100;2;5475_-100;2;5475_-100;2;5475,39.1753424657534,Incidence,8.84119134651328e-05
NbyGQVwzFc_loc12_loop6,12,ITN 0%/IRS 0%/Larvicide 0%,0;0.4;0.4_0;0;0_0;0;0_-100;2;5475_-100;2;5475_-100;2;5475,39.1780821917808,Incidence,8.83775323892593e-05
NbyGQVwzFc_loc12_loop6,12,ITN 0%/IRS 0%/Larvicide 0%,0;0.4;0.4_0;0;0_0;0;0_-100;2;5475_-100;2;5475_-100;2;5475,39.1808219178082,Incidence,8.83484245931872e-05
NbyGQVwzFc_loc12_loop6,12,ITN 0%/IRS 0%/Larvicide 0%,0;0.4;0.4_0;0;0_0;0;0_-100;2;5475_-100;2;5475_-100;2;5475,39.1835616438356,Incidence,8.83236115471935e-05
NbyGQVwzFc_loc12_loop6,12,ITN 0%/IRS 0%/Larvicide 0%,0;0.4;0.4_0;0;0_0;0;0_-100;2;5475_-100;2;5475_-100;2;5475,39.186301369863,Incidence,8.83022271602379e-05
NbyGQVwzFc_loc12_loop6,12,ITN 0%/IRS 0%/Larvicide 0%,0;0.4;0.4_0;0;0_0;0;0_-100;2;5475_-100;2;5475_-100;2;5475,39.1890410958904,Incidence,8.82835628271344e-05
NbyGQVwzFc_loc12_loop6,12,ITN 0%/IRS 0%/Larvicide 0%,0;0.4;0.4_0;0;0_0;0;0_-100;2;5475_-100;2;5475_-100;2;5475,39.1917808219178,Incidence,8.82670401569066e-05
NbyGQVwzFc_loc12_loop6,12,ITN 0%/IRS 0%/Larvicide 0%,0;0.4;0.4_0;0;0_0;0;0_-100;2;5475_-100;2;5475_-100;2;5475,39.1945205479452,Incidence,8.82521884024183e-05
NbyGQVwzFc_loc12_loop6,12,ITN 0%/IRS 0%/Larvicide 0%,0;0.4;0.4_0;0;0_0;0;0_-100;2;5475_-100;2;5475_-100;2;5475,39.1972602739726,Incidence,8.82386257890863e-05
NbyGQVwzFc_loc12_loop6,12,ITN 0%/IRS 0%/Larvicide 0%,0;0.4;0.4_0;0;0_0;0;0_-100;2;5475_-100;2;5475_-100;2;5475,39.2,Incidence,8.82260440607874e-05
NbyGQVwzFc_loc12_loop6,12,ITN 0%/IRS 0%/Larvicide 0%,0;0.4;0.4_0;0;0_0;0;0_-100;2;5475_-100;2;5475_-100;2;5475,39.2027397260274,Incidence,8.8214195681951e-05
NbyGQVwzFc_loc12_loop6,12,ITN 0%/IRS 0%/Larvicide 0%,0;0.4;0.4_0;0;0_0;0;0_-100;2;5475_-100;2;5475_-100;2;5475,39.2054794520548,Incidence,8.82028832351045e-05
NbyGQVwzFc_loc12_loop6,12,ITN 0%/IRS 0%/Larvicide 0%,0;0.4;0.4_0;0;0_0;0;0_-100;2;5475_-100;2;5475_-100;2;5475,39.2082191780822,Incidence,8.8191950655826e-05
NbyGQVwzFc_loc12_loop6,12,ITN 0%/IRS 0%/Larvicide 0%,0;0.4;0.4_0;0;0_0;0;0_-100;2;5475_-100;2;5475_-100;2;5475,39.2109589041096,Incidence,8.81812759168307e-05
NbyGQVwzFc_loc12_loop6,12,ITN 0%/IRS 0%/Larvicide 0%,0;0.4;0.4_0;0;0_0;0;0_-100;2;5475_-100;2;5475_-100;2;5475,39.213698630137,Incidence,8.81707648711605e-05
NbyGQVwzFc_loc12_loop6,12,ITN 0%/IRS 0%/Larvicide 0%,0;0.4;0.4_0;0;0_0;0;0_-100;2;5475_-100;2;5475_-100;2;5475,39.2164383561644,Incidence,8.81603453525756e-05
NbyGQVwzFc_loc12_loop6,12,ITN 0%/IRS 0%/Larvicide 0%,0;0.4;0.4_0;0;0_0;0;0_-100;2;5475_-100;2;5475_-100;2;5475,39.2191780821918,Incidence,8.81499625166562e-05
NbyGQVwzFc_loc12_loop6,12,ITN 0%/IRS 0%/Larvicide 0%,0;0.4;0.4_0;0;0_0;0;0_-100;2;5475_-100;2;5475_-100;2;5475,39.2219178082192,Incidence,8.8139575715216e-05
NbyGQVwzFc_loc12_loop6,12,ITN 0%/IRS 0%/Larvicide 0%,0;0.4;0.4_0;0;0_0;0;0_-100;2;5475_-100;2;5475_-100;2;5475,39.2246575342466,Incidence,8.81291559454862e-05
NbyGQVwzFc_loc12_loop6,12,ITN 0%/IRS 0%/Larvicide 0%,0;0.4;0.4_0;0;0_0;0;0_-100;2;5475_-100;2;5475_-100;2;5475,39.227397260274,Incidence,8.81186837240935e-05
NbyGQVwzFc_loc12_loop6,12,ITN 0%/IRS 0%/Larvicide 0%,0;0.4;0.4_0;0;0_0;0;0_-100;2;5475_-100;2;5475_-100;2;5475,39.2301369863014,Incidence,8.81081473152511e-05
NbyGQVwzFc_loc12_loop6,12,ITN 0%/IRS 0%/Larvicide 0%,0;0.4;0.4_0;0;0_0;0;0_-100;2;5475_-100;2;5475_-100;2;5475,39.2328767123288,Incidence,8.80975412545364e-05
NbyGQVwzFc_loc12_loop6,12,ITN 0%/IRS 0%/Larvicide 0%,0;0.4;0.4_0;0;0_0;0;0_-100;2;5475_-100;2;5475_-100;2;5475,39.2356164383562,Incidence,8.80868651187772e-05
NbyGQVwzFc_loc12_loop6,12,ITN 0%/IRS 0%/Larvicide 0%,0;0.4;0.4_0;0;0_0;0;0_-100;2;5475_-100;2;5475_-100;2;5475,39.2383561643836,Incidence,8.80761224783447e-05
NbyGQVwzFc_loc12_loop6,12,ITN 0%/IRS 0%/Larvicide 0%,0;0.4;0.4_0;0;0_0;0;0_-100;2;5475_-100;2;5475_-100;2;5475,39.241095890411,Incidence,8.80653199640797e-05
NbyGQVwzFc_loc12_loop6,12,ITN 0%/IRS 0%/Larvicide 0%,0;0.4;0.4_0;0;0_0;0;0_-100;2;5475_-100;2;5475_-100;2;5475,39.2438356164384,Incidence,8.80544664784924e-05
NbyGQVwzFc_loc12_loop6,12,ITN 0%/IRS 0%/Larvicide 0%,0;0.4;0.4_0;0;0_0;0;0_-100;2;5475_-100;2;5475_-100;2;5475,39.2465753424658,Incidence,8.80435725565826e-05
NbyGQVwzFc_loc12_loop6,12,ITN 0%/IRS 0%/Larvicide 0%,0;0.4;0.4_0;0;0_0;0;0_-100;2;5475_-100;2;5475_-100;2;5475,39.2493150684932,Incidence,8.80326498678419e-05
NbyGQVwzFc_loc12_loop6,12,ITN 0%/IRS 0%/Larvicide 0%,0;0.4;0.4_0;0;0_0;0;0_-100;2;5475_-100;2;5475_-100;2;5475,39.2520547945206,Incidence,8.80217108001118e-05
NbyGQVwzFc_loc12_loop6,12,ITN 0%/IRS 0%/Larvicide 0%,0;0.4;0.4_0;0;0_0;0;0_-100;2;5475_-100;2;5475_-100;2;5475,39.2547945205479,Incidence,8.80107681075909e-05
NbyGQVwzFc_loc12_loop6,12,ITN 0%/IRS 0%/Larvicide 0%,0;0.4;0.4_0;0;0_0;0;0_-100;2;5475_-100;2;5475_-100;2;5475,39.2575342465753,Incidence,8.79998346658378e-05
NbyGQVwzFc_loc12_loop6,12,ITN 0%/IRS 0%/Larvicide 0%,0;0.4;0.4_0;0;0_0;0;0_-100;2;5475_-100;2;5475_-100;2;5475,39.2602739726027,Incidence,8.79889232711644e-05
NbyGQVwzFc_loc12_loop6,12,ITN 0%/IRS 0%/Larvicide 0%,0;0.4;0.4_0;0;0_0;0;0_-100;2;5475_-100;2;5475_-100;2;5475,39.2630136986301,Incidence,8.79780464866141e-05
NbyGQVwzFc_loc12_loop6,12,ITN 0%/IRS 0%/Larvicide 0%,0;0.4;0.4_0;0;0_0;0;0_-100;2;5475_-100;2;5475_-100;2;5475,39.2657534246575,Incidence,8.79672165259436e-05
NbyGQVwzFc_loc12_loop6,12,ITN 0%/IRS 0%/Larvicide 0%,0;0.4;0.4_0;0;0_0;0;0_-100;2;5475_-100;2;5475_-100;2;5475,39.2684931506849,Incidence,8.79564451682401e-05
NbyGQVwzFc_loc12_loop6,12,ITN 0%/IRS 0%/Larvicide 0%,0;0.4;0.4_0;0;0_0;0;0_-100;2;5475_-100;2;5475_-100;2;5475,39.2712328767123,Incidence,8.79457436666082e-05
NbyGQVwzFc_loc12_loop6,12,ITN 0%/IRS 0%/Larvicide 0%,0;0.4;0.4_0;0;0_0;0;0_-100;2;5475_-100;2;5475_-100;2;5475,39.2739726027397,Incidence,8.7935122528101e-05
NbyGQVwzFc_loc12_loop6,12,ITN 0%/IRS 0%/Larvicide 0%,0;0.4;0.4_0;0;0_0;0;0_-100;2;5475_-100;2;5475_-100;2;5475,39.2767123287671,Incidence,8.79245912654114e-05
NbyGQVwzFc_loc12_loop6,12,ITN 0%/IRS 0%/Larvicide 0%,0;0.4;0.4_0;0;0_0;0;0_-100;2;5475_-100;2;5475_-100;2;5475,39.2794520547945,Incidence,8.79141582560763e-05
NbyGQVwzFc_loc12_loop6,12,ITN 0%/IRS 0%/Larvicide 0%,0;0.4;0.4_0;0;0_0;0;0_-100;2;5475_-100;2;5475_-100;2;5475,39.2821917808219,Incidence,8.79038306916407e-05
NbyGQVwzFc_loc12_loop6,12,ITN 0%/IRS 0%/Larvicide 0%,0;0.4;0.4_0;0;0_0;0;0_-100;2;5475_-100;2;5475_-100;2;5475,39.2849315068493,Incidence,8.78936145892165e-05
NbyGQVwzFc_loc12_loop6,12,ITN 0%/IRS 0%/Larvicide 0%,0;0.4;0.4_0;0;0_0;0;0_-100;2;5475_-100;2;5475_-100;2;5475,39.2876712328767,Incidence,8.78835148447884e-05
NbyGQVwzFc_loc12_loop6,12,ITN 0%/IRS 0%/Larvicide 0%,0;0.4;0.4_0;0;0_0;0;0_-100;2;5475_-100;2;5475_-100;2;5475,39.2904109589041,Incidence,8.78735353162544e-05
NbyGQVwzFc_loc12_loop6,12,ITN 0%/IRS 0%/Larvicide 0%,0;0.4;0.4_0;0;0_0;0;0_-100;2;5475_-100;2;5475_-100;2;5475,39.2931506849315,Incidence,8.78636789399772e-05
NbyGQVwzFc_loc12_loop6,12,ITN 0%/IRS 0%/Larvicide 0%,0;0.4;0.4_0;0;0_0;0;0_-100;2;5475_-100;2;5475_-100;2;5475,39.2958904109589,Incidence,8.78539477974046e-05
NbyGQVwzFc_loc12_loop6,12,ITN 0%/IRS 0%/Larvicide 0%,0;0.4;0.4_0;0;0_0;0;0_-100;2;5475_-100;2;5475_-100;2;5475,39.2986301369863,Incidence,8.78443432251059e-05
NbyGQVwzFc_loc12_loop6,12,ITN 0%/IRS 0%/Larvicide 0%,0;0.4;0.4_0;0;0_0;0;0_-100;2;5475_-100;2;5475_-100;2;5475,39.3013698630137,Incidence,8.78348659197416e-05
NbyGQVwzFc_loc12_loop6,12,ITN 0%/IRS 0%/Larvicide 0%,0;0.4;0.4_0;0;0_0;0;0_-100;2;5475_-100;2;5475_-100;2;5475,39.3041095890411,Incidence,8.78255160341042e-05
NbyGQVwzFc_loc12_loop6,12,ITN 0%/IRS 0%/Larvicide 0%,0;0.4;0.4_0;0;0_0;0;0_-100;2;5475_-100;2;5475_-100;2;5475,39.3068493150685,Incidence,8.78162932661781e-05
NbyGQVwzFc_loc12_loop6,12,ITN 0%/IRS 0%/Larvicide 0%,0;0.4;0.4_0;0;0_0;0;0_-100;2;5475_-100;2;5475_-100;2;5475,39.3095890410959,Incidence,8.78071969399193e-05
NbyGQVwzFc_loc12_loop6,12,ITN 0%/IRS 0%/Larvicide 0%,0;0.4;0.4_0;0;0_0;0;0_-100;2;5475_-100;2;5475_-100;2;5475,39.3123287671233,Incidence,8.7798226077491e-05
NbyGQVwzFc_loc12_loop6,12,ITN 0%/IRS 0%/Larvicide 0%,0;0.4;0.4_0;0;0_0;0;0_-100;2;5475_-100;2;5475_-100;2;5475,39.3150684931507,Incidence,8.77893794632427e-05
NbyGQVwzFc_loc12_loop6,12,ITN 0%/IRS 0%/Larvicide 0%,0;0.4;0.4_0;0;0_0;0;0_-100;2;5475_-100;2;5475_-100;2;5475,39.3178082191781,Incidence,8.77806556998933e-05
NbyGQVwzFc_loc12_loop6,12,ITN 0%/IRS 0%/Larvicide 0%,0;0.4;0.4_0;0;0_0;0;0_-100;2;5475_-100;2;5475_-100;2;5475,39.3205479452055,Incidence,8.77720532574666e-05
NbyGQVwzFc_loc12_loop6,12,ITN 0%/IRS 0%/Larvicide 0%,0;0.4;0.4_0;0;0_0;0;0_-100;2;5475_-100;2;5475_-100;2;5475,39.3232876712329,Incidence,8.77635705155771e-05
NbyGQVwzFc_loc12_loop6,12,ITN 0%/IRS 0%/Larvicide 0%,0;0.4;0.4_0;0;0_0;0;0_-100;2;5475_-100;2;5475_-100;2;5475,39.3260273972603,Incidence,8.77552057996799e-05
NbyGQVwzFc_loc12_loop6,12,ITN 0%/IRS 0%/Larvicide 0%,0;0.4;0.4_0;0;0_0;0;0_-100;2;5475_-100;2;5475_-100;2;5475,39.3287671232877,Incidence,8.7746957411882e-05
NbyGQVwzFc_loc12_loop6,12,ITN 0%/IRS 0%/Larvicide 0%,0;0.4;0.4_0;0;0_0;0;0_-100;2;5475_-100;2;5475_-100;2;5475,39.3315068493151,Incidence,8.77388236568624e-05
NbyGQVwzFc_loc12_loop6,12,ITN 0%/IRS 0%/Larvicide 0%,0;0.4;0.4_0;0;0_0;0;0_-100;2;5475_-100;2;5475_-100;2;5475,39.3342465753425,Incidence,8.7730802870876e-05
NbyGQVwzFc_loc12_loop6,12,ITN 0%/IRS 0%/Larvicide 0%,0;0.4;0.4_0;0;0_0;0;0_-100;2;5475_-100;2;5475_-100;2;5475,39.3369863013699,Incidence,8.77228934522232e-05
NbyGQVwzFc_loc12_loop6,12,ITN 0%/IRS 0%/Larvicide 0%,0;0.4;0.4_0;0;0_0;0;0_-100;2;5475_-100;2;5475_-100;2;5475,39.3397260273973,Incidence,8.7715093840262e-05
NbyGQVwzFc_loc12_loop6,12,ITN 0%/IRS 0%/Larvicide 0%,0;0.4;0.4_0;0;0_0;0;0_-100;2;5475_-100;2;5475_-100;2;5475,39.3424657534247,Incidence,8.77074025397901e-05
NbyGQVwzFc_loc12_loop6,12,ITN 0%/IRS 0%/Larvicide 0%,0;0.4;0.4_0;0;0_0;0;0_-100;2;5475_-100;2;5475_-100;2;5475,39.3452054794521,Incidence,8.76998181308663e-05
NbyGQVwzFc_loc12_loop6,12,ITN 0%/IRS 0%/Larvicide 0%,0;0.4;0.4_0;0;0_0;0;0_-100;2;5475_-100;2;5475_-100;2;5475,39.3479452054795,Incidence,8.76923392751238e-05
NbyGQVwzFc_loc12_loop6,12,ITN 0%/IRS 0%/Larvicide 0%,0;0.4;0.4_0;0;0_0;0;0_-100;2;5475_-100;2;5475_-100;2;5475,39.3506849315069,Incidence,8.76849647201566e-05
NbyGQVwzFc_loc12_loop6,12,ITN 0%/IRS 0%/Larvicide 0%,0;0.4;0.4_0;0;0_0;0;0_-100;2;5475_-100;2;5475_-100;2;5475,39.3534246575343,Incidence,8.76776933022781e-05
NbyGQVwzFc_loc12_loop6,12,ITN 0%/IRS 0%/Larvicide 0%,0;0.4;0.4_0;0;0_0;0;0_-100;2;5475_-100;2;5475_-100;2;5475,39.3561643835616,Incidence,8.76705239479128e-05
NbyGQVwzFc_loc12_loop6,12,ITN 0%/IRS 0%/Larvicide 0%,0;0.4;0.4_0;0;0_0;0;0_-100;2;5475_-100;2;5475_-100;2;5475,39.358904109589,Incidence,8.76634556738458e-05
NbyGQVwzFc_loc12_loop6,12,ITN 0%/IRS 0%/Larvicide 0%,0;0.4;0.4_0;0;0_0;0;0_-100;2;5475_-100;2;5475_-100;2;5475,39.3616438356164,Incidence,8.76564875865275e-05
NbyGQVwzFc_loc12_loop6,12,ITN 0%/IRS 0%/Larvicide 0%,0;0.4;0.4_0;0;0_0;0;0_-100;2;5475_-100;2;5475_-100;2;5475,39.3643835616438,Incidence,8.76496188805496e-05
NbyGQVwzFc_loc12_loop6,12,ITN 0%/IRS 0%/Larvicide 0%,0;0.4;0.4_0;0;0_0;0;0_-100;2;5475_-100;2;5475_-100;2;5475,39.3671232876712,Incidence,8.76428488363228e-05
NbyGQVwzFc_loc12_loop6,12,ITN 0%/IRS 0%/Larvicide 0%,0;0.4;0.4_0;0;0_0;0;0_-100;2;5475_-100;2;5475_-100;2;5475,39.3698630136986,Incidence,8.76361768170174e-05
NbyGQVwzFc_loc12_loop6,12,ITN 0%/IRS 0%/Larvicide 0%,0;0.4;0.4_0;0;0_0;0;0_-100;2;5475_-100;2;5475_-100;2;5475,39.372602739726,Incidence,8.76296022648665e-05
NbyGQVwzFc_loc12_loop6,12,ITN 0%/IRS 0%/Larvicide 0%,0;0.4;0.4_0;0;0_0;0;0_-100;2;5475_-100;2;5475_-100;2;5475,39.3753424657534,Incidence,8.76231246969569e-05
NbyGQVwzFc_loc12_loop6,12,ITN 0%/IRS 0%/Larvicide 0%,0;0.4;0.4_0;0;0_0;0;0_-100;2;5475_-100;2;5475_-100;2;5475,39.3780821917808,Incidence,8.76167437071689e-05
NbyGQVwzFc_loc12_loop6,12,ITN 0%/IRS 0%/Larvicide 0%,0;0.4;0.4_0;0;0_0;0;0_-100;2;5475_-100;2;5475_-100;2;5475,39.3808219178082,Incidence,8.76104589745003e-05
NbyGQVwzFc_loc12_loop6,12,ITN 0%/IRS 0%/Larvicide 0%,0;0.4;0.4_0;0;0_0;0;0_-100;2;5475_-100;2;5475_-100;2;5475,39.3835616438356,Incidence,8.76042702236344e-05
NbyGQVwzFc_loc12_loop6,12,ITN 0%/IRS 0%/Larvicide 0%,0;0.4;0.4_0;0;0_0;0;0_-100;2;5475_-100;2;5475_-100;2;5475,39.386301369863,Incidence,8.75981772328581e-05
NbyGQVwzFc_loc12_loop6,12,ITN 0%/IRS 0%/Larvicide 0%,0;0.4;0.4_0;0;0_0;0;0_-100;2;5475_-100;2;5475_-100;2;5475,39.3890410958904,Incidence,8.7592179830633e-05
NbyGQVwzFc_loc12_loop6,12,ITN 0%/IRS 0%/Larvicide 0%,0;0.4;0.4_0;0;0_0;0;0_-100;2;5475_-100;2;5475_-100;2;5475,39.3917808219178,Incidence,8.75862778907887e-05
NbyGQVwzFc_loc12_loop6,12,ITN 0%/IRS 0%/Larvicide 0%,0;0.4;0.4_0;0;0_0;0;0_-100;2;5475_-100;2;5475_-100;2;5475,39.3945205479452,Incidence,8.75804713279019e-05
NbyGQVwzFc_loc12_loop6,12,ITN 0%/IRS 0%/Larvicide 0%,0;0.4;0.4_0;0;0_0;0;0_-100;2;5475_-100;2;5475_-100;2;5475,39.3972602739726,Incidence,8.75747600929004e-05
NbyGQVwzFc_loc12_loop6,12,ITN 0%/IRS 0%/Larvicide 0%,0;0.4;0.4_0;0;0_0;0;0_-100;2;5475_-100;2;5475_-100;2;5475,39.4,Incidence,8.7569144168922e-05
NbyGQVwzFc_loc12_loop6,12,ITN 0%/IRS 0%/Larvicide 0%,0;0.4;0.4_0;0;0_0;0;0_-100;2;5475_-100;2;5475_-100;2;5475,39.4027397260274,Incidence,8.75636235674483e-05
NbyGQVwzFc_loc12_loop6,12,ITN 0%/IRS 0%/Larvicide 0%,0;0.4;0.4_0;0;0_0;0;0_-100;2;5475_-100;2;5475_-100;2;5475,39.4054794520548,Incidence,8.75581983247219e-05
NbyGQVwzFc_loc12_loop6,12,ITN 0%/IRS 0%/Larvicide 0%,0;0.4;0.4_0;0;0_0;0;0_-100;2;5475_-100;2;5475_-100;2;5475,39.4082191780822,Incidence,8.75528684984482e-05
NbyGQVwzFc_loc12_loop6,12,ITN 0%/IRS 0%/Larvicide 0%,0;0.4;0.4_0;0;0_0;0;0_-100;2;5475_-100;2;5475_-100;2;5475,39.4109589041096,Incidence,8.75476341647822e-05
NbyGQVwzFc_loc12_loop6,12,ITN 0%/IRS 0%/Larvicide 0%,0;0.4;0.4_0;0;0_0;0;0_-100;2;5475_-100;2;5475_-100;2;5475,39.413698630137,Incidence,8.75424954155897e-05
NbyGQVwzFc_loc12_loop6,12,ITN 0%/IRS 0%/Larvicide 0%,0;0.4;0.4_0;0;0_0;0;0_-100;2;5475_-100;2;5475_-100;2;5475,39.4164383561644,Incidence,8.75374523559752e-05
NbyGQVwzFc_loc12_loop6,12,ITN 0%/IRS 0%/Larvicide 0%,0;0.4;0.4_0;0;0_0;0;0_-100;2;5475_-100;2;5475_-100;2;5475,39.4191780821918,Incidence,8.75325051020595e-05
NbyGQVwzFc_loc12_loop6,12,ITN 0%/IRS 0%/Larvicide 0%,0;0.4;0.4_0;0;0_0;0;0_-100;2;5475_-100;2;5475_-100;2;5475,39.4219178082192,Incidence,8.75276537807287e-05
NbyGQVwzFc_loc12_loop6,12,ITN 0%/IRS 0%/Larvicide 0%,0;0.4;0.4_0;0;0_0;0;0_-100;2;5475_-100;2;5475_-100;2;5475,39.4246575342466,Incidence,8.75228985472194e-05
NbyGQVwzFc_loc12_loop6,12,ITN 0%/IRS 0%/Larvicide 0%,0;0.4;0.4_0;0;0_0;0;0_-100;2;5475_-100;2;5475_-100;2;5475,39.427397260274,Incidence,8.75182395532759e-05
NbyGQVwzFc_loc12_loop6,12,ITN 0%/IRS 0%/Larvicide 0%,0;0.4;0.4_0;0;0_0;0;0_-100;2;5475_-100;2;5475_-100;2;5475,39.4301369863014,Incidence,8.75136769494673e-05
NbyGQVwzFc_loc12_loop6,12,ITN 0%/IRS 0%/Larvicide 0%,0;0.4;0.4_0;0;0_0;0;0_-100;2;5475_-100;2;5475_-100;2;5475,39.4328767123288,Incidence,8.75092108891995e-05
NbyGQVwzFc_loc12_loop6,12,ITN 0%/IRS 0%/Larvicide 0%,0;0.4;0.4_0;0;0_0;0;0_-100;2;5475_-100;2;5475_-100;2;5475,39.4356164383562,Incidence,8.75048415276892e-05
NbyGQVwzFc_loc12_loop6,12,ITN 0%/IRS 0%/Larvicide 0%,0;0.4;0.4_0;0;0_0;0;0_-100;2;5475_-100;2;5475_-100;2;5475,39.4383561643836,Incidence,8.75005690210847e-05
NbyGQVwzFc_loc12_loop6,12,ITN 0%/IRS 0%/Larvicide 0%,0;0.4;0.4_0;0;0_0;0;0_-100;2;5475_-100;2;5475_-100;2;5475,39.441095890411,Incidence,8.74963935257159e-05
NbyGQVwzFc_loc12_loop6,12,ITN 0%/IRS 0%/Larvicide 0%,0;0.4;0.4_0;0;0_0;0;0_-100;2;5475_-100;2;5475_-100;2;5475,39.4438356164384,Incidence,8.74923151974625e-05
NbyGQVwzFc_loc12_loop6,12,ITN 0%/IRS 0%/Larvicide 0%,0;0.4;0.4_0;0;0_0;0;0_-100;2;5475_-100;2;5475_-100;2;5475,39.4465753424658,Incidence,8.7488334191227e-05
NbyGQVwzFc_loc12_loop6,12,ITN 0%/IRS 0%/Larvicide 0%,0;0.4;0.4_0;0;0_0;0;0_-100;2;5475_-100;2;5475_-100;2;5475,39.4493150684932,Incidence,8.74844506605023e-05
NbyGQVwzFc_loc12_loop6,12,ITN 0%/IRS 0%/Larvicide 0%,0;0.4;0.4_0;0;0_0;0;0_-100;2;5475_-100;2;5475_-100;2;5475,39.4520547945206,Incidence,8.74806647570192e-05
NbyGQVwzFc_loc12_loop6,12,ITN 0%/IRS 0%/Larvicide 0%,0;0.4;0.4_0;0;0_0;0;0_-100;2;5475_-100;2;5475_-100;2;5475,39.4547945205479,Incidence,8.74769766304712e-05
NbyGQVwzFc_loc12_loop6,12,ITN 0%/IRS 0%/Larvicide 0%,0;0.4;0.4_0;0;0_0;0;0_-100;2;5475_-100;2;5475_-100;2;5475,39.4575342465753,Incidence,8.74733864282988e-05
NbyGQVwzFc_loc12_loop6,12,ITN 0%/IRS 0%/Larvicide 0%,0;0.4;0.4_0;0;0_0;0;0_-100;2;5475_-100;2;5475_-100;2;5475,39.4602739726027,Incidence,8.74698942955323e-05
NbyGQVwzFc_loc12_loop6,12,ITN 0%/IRS 0%/Larvicide 0%,0;0.4;0.4_0;0;0_0;0;0_-100;2;5475_-100;2;5475_-100;2;5475,39.4630136986301,Incidence,8.74665003746818e-05
NbyGQVwzFc_loc12_loop6,12,ITN 0%/IRS 0%/Larvicide 0%,0;0.4;0.4_0;0;0_0;0;0_-100;2;5475_-100;2;5475_-100;2;5475,39.4657534246575,Incidence,8.74632048056682e-05
NbyGQVwzFc_loc12_loop6,12,ITN 0%/IRS 0%/Larvicide 0%,0;0.4;0.4_0;0;0_0;0;0_-100;2;5475_-100;2;5475_-100;2;5475,39.4684931506849,Incidence,8.7460007733692e-05
NbyGQVwzFc_loc12_loop6,12,ITN 0%/IRS 0%/Larvicide 0%,0;0.4;0.4_0;0;0_0;0;0_-100;2;5475_-100;2;5475_-100;2;5475,39.4712328767123,Incidence,8.74569093159252e-05
NbyGQVwzFc_loc12_loop6,12,ITN 0%/IRS 0%/Larvicide 0%,0;0.4;0.4_0;0;0_0;0;0_-100;2;5475_-100;2;5475_-100;2;5475,39.4739726027397,Incidence,8.7453909691921e-05
NbyGQVwzFc_loc12_loop6,12,ITN 0%/IRS 0%/Larvicide 0%,0;0.4;0.4_0;0;0_0;0;0_-100;2;5475_-100;2;5475_-100;2;5475,39.4767123287671,Incidence,8.74510089975897e-05
NbyGQVwzFc_loc12_loop6,12,ITN 0%/IRS 0%/Larvicide 0%,0;0.4;0.4_0;0;0_0;0;0_-100;2;5475_-100;2;5475_-100;2;5475,39.4794520547945,Incidence,8.74482073660044e-05
NbyGQVwzFc_loc12_loop6,12,ITN 0%/IRS 0%/Larvicide 0%,0;0.4;0.4_0;0;0_0;0;0_-100;2;5475_-100;2;5475_-100;2;5475,39.4821917808219,Incidence,8.7445504927466e-05
NbyGQVwzFc_loc12_loop6,12,ITN 0%/IRS 0%/Larvicide 0%,0;0.4;0.4_0;0;0_0;0;0_-100;2;5475_-100;2;5475_-100;2;5475,39.4849315068493,Incidence,8.74429018095751e-05
NbyGQVwzFc_loc12_loop6,12,ITN 0%/IRS 0%/Larvicide 0%,0;0.4;0.4_0;0;0_0;0;0_-100;2;5475_-100;2;5475_-100;2;5475,39.4876712328767,Incidence,8.74403981373111e-05
NbyGQVwzFc_loc12_loop6,12,ITN 0%/IRS 0%/Larvicide 0%,0;0.4;0.4_0;0;0_0;0;0_-100;2;5475_-100;2;5475_-100;2;5475,39.4904109589041,Incidence,8.74379940331119e-05
NbyGQVwzFc_loc12_loop6,12,ITN 0%/IRS 0%/Larvicide 0%,0;0.4;0.4_0;0;0_0;0;0_-100;2;5475_-100;2;5475_-100;2;5475,39.4931506849315,Incidence,8.74356896169579e-05
NbyGQVwzFc_loc12_loop6,12,ITN 0%/IRS 0%/Larvicide 0%,0;0.4;0.4_0;0;0_0;0;0_-100;2;5475_-100;2;5475_-100;2;5475,39.4958904109589,Incidence,8.74334850064554e-05
NbyGQVwzFc_loc12_loop6,12,ITN 0%/IRS 0%/Larvicide 0%,0;0.4;0.4_0;0;0_0;0;0_-100;2;5475_-100;2;5475_-100;2;5475,39.4986301369863,Incidence,8.74313803169175e-05
NbyGQVwzFc_loc12_loop6,12,ITN 0%/IRS 0%/Larvicide 0%,0;0.4;0.4_0;0;0_0;0;0_-100;2;5475_-100;2;5475_-100;2;5475,39.5013698630137,Incidence,8.74293756614454e-05
NbyGQVwzFc_loc12_loop6,12,ITN 0%/IRS 0%/Larvicide 0%,0;0.4;0.4_0;0;0_0;0;0_-100;2;5475_-100;2;5475_-100;2;5475,39.5041095890411,Incidence,8.74274711510046e-05
NbyGQVwzFc_loc12_loop6,12,ITN 0%/IRS 0%/Larvicide 0%,0;0.4;0.4_0;0;0_0;0;0_-100;2;5475_-100;2;5475_-100;2;5475,39.5068493150685,Incidence,8.74256668945009e-05
NbyGQVwzFc_loc12_loop6,12,ITN 0%/IRS 0%/Larvicide 0%,0;0.4;0.4_0;0;0_0;0;0_-100;2;5475_-100;2;5475_-100;2;5475,39.5095890410959,Incidence,8.74239629988493e-05
NbyGQVwzFc_loc12_loop6,12,ITN 0%/IRS 0%/Larvicide 0%,0;0.4;0.4_0;0;0_0;0;0_-100;2;5475_-100;2;5475_-100;2;5475,39.5123287671233,Incidence,8.74223595690434e-05
NbyGQVwzFc_loc12_loop6,12,ITN 0%/IRS 0%/Larvicide 0%,0;0.4;0.4_0;0;0_0;0;0_-100;2;5475_-100;2;5475_-100;2;5475,39.5150684931507,Incidence,8.7420856718037e-05
NbyGQVwzFc_loc12_loop6,12,ITN 0%/IRS 0%/Larvicide 0%,0;0.4;0.4_0;0;0_0;0;0_-100;2;5475_-100;2;5475_-100;2;5475,39.5178082191781,Incidence,8.74194545668879e-05
NbyGQVwzFc_loc12_loop6,12,ITN 0%/IRS 0%/Larvicide 0%,0;0.4;0.4_0;0;0_0;0;0_-100;2;5475_-100;2;5475_-100;2;5475,39.5205479452055,Incidence,8.74181532207603e-05
NbyGQVwzFc_loc12_loop6,12,ITN 0%/IRS 0%/Larvicide 0%,0;0.4;0.4_0;0;0_0;0;0_-100;2;5475_-100;2;5475_-100;2;5475,39.5232876712329,Incidence,8.74169527825933e-05
NbyGQVwzFc_loc12_loop6,12,ITN 0%/IRS 0%/Larvicide 0%,0;0.4;0.4_0;0;0_0;0;0_-100;2;5475_-100;2;5475_-100;2;5475,39.5260273972603,Incidence,8.74158533534001e-05
NbyGQVwzFc_loc12_loop6,12,ITN 0%/IRS 0%/Larvicide 0%,0;0.4;0.4_0;0;0_0;0;0_-100;2;5475_-100;2;5475_-100;2;5475,39.5287671232877,Incidence,8.74148550323177e-05
NbyGQVwzFc_loc12_loop6,12,ITN 0%/IRS 0%/Larvicide 0%,0;0.4;0.4_0;0;0_0;0;0_-100;2;5475_-100;2;5475_-100;2;5475,39.5315068493151,Incidence,8.74139579166515e-05
NbyGQVwzFc_loc12_loop6,12,ITN 0%/IRS 0%/Larvicide 0%,0;0.4;0.4_0;0;0_0;0;0_-100;2;5475_-100;2;5475_-100;2;5475,39.5342465753425,Incidence,8.74131621019185e-05
NbyGQVwzFc_loc12_loop6,12,ITN 0%/IRS 0%/Larvicide 0%,0;0.4;0.4_0;0;0_0;0;0_-100;2;5475_-100;2;5475_-100;2;5475,39.5369863013699,Incidence,8.74124676818873e-05
NbyGQVwzFc_loc12_loop6,12,ITN 0%/IRS 0%/Larvicide 0%,0;0.4;0.4_0;0;0_0;0;0_-100;2;5475_-100;2;5475_-100;2;5475,39.5397260273973,Incidence,8.74118747486178e-05
NbyGQVwzFc_loc12_loop6,12,ITN 0%/IRS 0%/Larvicide 0%,0;0.4;0.4_0;0;0_0;0;0_-100;2;5475_-100;2;5475_-100;2;5475,39.5424657534247,Incidence,8.74113833924949e-05
NbyGQVwzFc_loc12_loop6,12,ITN 0%/IRS 0%/Larvicide 0%,0;0.4;0.4_0;0;0_0;0;0_-100;2;5475_-100;2;5475_-100;2;5475,39.5452054794521,Incidence,8.74109937022648e-05
NbyGQVwzFc_loc12_loop6,12,ITN 0%/IRS 0%/Larvicide 0%,0;0.4;0.4_0;0;0_0;0;0_-100;2;5475_-100;2;5475_-100;2;5475,39.5479452054795,Incidence,8.74107057650675e-05
NbyGQVwzFc_loc12_loop6,12,ITN 0%/IRS 0%/Larvicide 0%,0;0.4;0.4_0;0;0_0;0;0_-100;2;5475_-100;2;5475_-100;2;5475,39.5506849315069,Incidence,8.74105196664663e-05
NbyGQVwzFc_loc12_loop6,12,ITN 0%/IRS 0%/Larvicide 0%,0;0.4;0.4_0;0;0_0;0;0_-100;2;5475_-100;2;5475_-100;2;5475,39.5534246575342,Incidence,8.74104354904799e-05
NbyGQVwzFc_loc12_loop6,12,ITN 0%/IRS 0%/Larvicide 0%,0;0.4;0.4_0;0;0_0;0;0_-100;2;5475_-100;2;5475_-100;2;5475,39.5561643835616,Incidence,8.74104533196098e-05
NbyGQVwzFc_loc12_loop6,12,ITN 0%/IRS 0%/Larvicide 0%,0;0.4;0.4_0;0;0_0;0;0_-100;2;5475_-100;2;5475_-100;2;5475,39.558904109589,Incidence,8.7410573234869e-05
NbyGQVwzFc_loc12_loop6,12,ITN 0%/IRS 0%/Larvicide 0%,0;0.4;0.4_0;0;0_0;0;0_-100;2;5475_-100;2;5475_-100;2;5475,39.5616438356164,Incidence,8.74107953210866e-05
NbyGQVwzFc_loc12_loop6,12,ITN 0%/IRS 0%/Larvicide 0%,0;0.4;0.4_0;0;0_0;0;0_-100;2;5475_-100;2;5475_-100;2;5475,39.5643835616438,Incidence,8.74111196765386e-05
NbyGQVwzFc_loc12_loop6,12,ITN 0%/IRS 0%/Larvicide 0%,0;0.4;0.4_0;0;0_0;0;0_-100;2;5475_-100;2;5475_-100;2;5475,39.5671232876712,Incidence,8.74115463834866e-05
NbyGQVwzFc_loc12_loop6,12,ITN 0%/IRS 0%/Larvicide 0%,0;0.4;0.4_0;0;0_0;0;0_-100;2;5475_-100;2;5475_-100;2;5475,39.5698630136986,Incidence,8.74120755210938e-05
NbyGQVwzFc_loc12_loop6,12,ITN 0%/IRS 0%/Larvicide 0%,0;0.4;0.4_0;0;0_0;0;0_-100;2;5475_-100;2;5475_-100;2;5475,39.572602739726,Incidence,8.74127071669028e-05
NbyGQVwzFc_loc12_loop6,12,ITN 0%/IRS 0%/Larvicide 0%,0;0.4;0.4_0;0;0_0;0;0_-100;2;5475_-100;2;5475_-100;2;5475,39.5753424657534,Incidence,8.74134413968641e-05
NbyGQVwzFc_loc12_loop6,12,ITN 0%/IRS 0%/Larvicide 0%,0;0.4;0.4_0;0;0_0;0;0_-100;2;5475_-100;2;5475_-100;2;5475,39.5780821917808,Incidence,8.74142782853636e-05
NbyGQVwzFc_loc12_loop6,12,ITN 0%/IRS 0%/Larvicide 0%,0;0.4;0.4_0;0;0_0;0;0_-100;2;5475_-100;2;5475_-100;2;5475,39.5808219178082,Incidence,8.74152179052481e-05
NbyGQVwzFc_loc12_loop6,12,ITN 0%/IRS 0%/Larvicide 0%,0;0.4;0.4_0;0;0_0;0;0_-100;2;5475_-100;2;5475_-100;2;5475,39.5835616438356,Incidence,8.74162603278524e-05
NbyGQVwzFc_loc12_loop6,12,ITN 0%/IRS 0%/Larvicide 0%,0;0.4;0.4_0;0;0_0;0;0_-100;2;5475_-100;2;5475_-100;2;5475,39.586301369863,Incidence,8.74174056230271e-05
NbyGQVwzFc_loc12_loop6,12,ITN 0%/IRS 0%/Larvicide 0%,0;0.4;0.4_0;0;0_0;0;0_-100;2;5475_-100;2;5475_-100;2;5475,39.5890410958904,Incidence,8.74186538591629e-05
NbyGQVwzFc_loc12_loop6,12,ITN 0%/IRS 0%/Larvicide 0%,0;0.4;0.4_0;0;0_0;0;0_-100;2;5475_-100;2;5475_-100;2;5475,39.5917808219178,Incidence,8.74200051032196e-05
NbyGQVwzFc_loc12_loop6,12,ITN 0%/IRS 0%/Larvicide 0%,0;0.4;0.4_0;0;0_0;0;0_-100;2;5475_-100;2;5475_-100;2;5475,39.5945205479452,Incidence,8.7421459420751e-05
NbyGQVwzFc_loc12_loop6,12,ITN 0%/IRS 0%/Larvicide 0%,0;0.4;0.4_0;0;0_0;0;0_-100;2;5475_-100;2;5475_-100;2;5475,39.5972602739726,Incidence,8.74230168759309e-05
NbyGQVwzFc_loc12_loop6,12,ITN 0%/IRS 0%/Larvicide 0%,0;0.4;0.4_0;0;0_0;0;0_-100;2;5475_-100;2;5475_-100;2;5475,39.6,Incidence,8.74246775315814e-05
NbyGQVwzFc_loc12_loop6,12,ITN 0%/IRS 0%/Larvicide 0%,0;0.4;0.4_0;0;0_0;0;0_-100;2;5475_-100;2;5475_-100;2;5475,39.6027397260274,Incidence,8.74264414491969e-05
NbyGQVwzFc_loc12_loop6,12,ITN 0%/IRS 0%/Larvicide 0%,0;0.4;0.4_0;0;0_0;0;0_-100;2;5475_-100;2;5475_-100;2;5475,39.6054794520548,Incidence,8.74283086889721e-05
NbyGQVwzFc_loc12_loop6,12,ITN 0%/IRS 0%/Larvicide 0%,0;0.4;0.4_0;0;0_0;0;0_-100;2;5475_-100;2;5475_-100;2;5475,39.6082191780822,Incidence,8.74302793099765e-05
NbyGQVwzFc_loc12_loop6,12,ITN 0%/IRS 0%/Larvicide 0%,0;0.4;0.4_0;0;0_0;0;0_-100;2;5475_-100;2;5475_-100;2;5475,39.6109589041096,Incidence,8.74323533845257e-05
NbyGQVwzFc_loc12_loop6,12,ITN 0%/IRS 0%/Larvicide 0%,0;0.4;0.4_0;0;0_0;0;0_-100;2;5475_-100;2;5475_-100;2;5475,39.613698630137,Incidence,8.74345309808548e-05
NbyGQVwzFc_loc12_loop6,12,ITN 0%/IRS 0%/Larvicide 0%,0;0.4;0.4_0;0;0_0;0;0_-100;2;5475_-100;2;5475_-100;2;5475,39.6164383561644,Incidence,8.74368121570365e-05
NbyGQVwzFc_loc12_loop6,12,ITN 0%/IRS 0%/Larvicide 0%,0;0.4;0.4_0;0;0_0;0;0_-100;2;5475_-100;2;5475_-100;2;5475,39.6191780821918,Incidence,8.74391969697339e-05
NbyGQVwzFc_loc12_loop6,12,ITN 0%/IRS 0%/Larvicide 0%,0;0.4;0.4_0;0;0_0;0;0_-100;2;5475_-100;2;5475_-100;2;5475,39.6219178082192,Incidence,8.74416854742277e-05
NbyGQVwzFc_loc12_loop6,12,ITN 0%/IRS 0%/Larvicide 0%,0;0.4;0.4_0;0;0_0;0;0_-100;2;5475_-100;2;5475_-100;2;5475,39.6246575342466,Incidence,8.74442777244441e-05
NbyGQVwzFc_loc12_loop6,12,ITN 0%/IRS 0%/Larvicide 0%,0;0.4;0.4_0;0;0_0;0;0_-100;2;5475_-100;2;5475_-100;2;5475,39.627397260274,Incidence,8.74469737729832e-05
NbyGQVwzFc_loc12_loop6,12,ITN 0%/IRS 0%/Larvicide 0%,0;0.4;0.4_0;0;0_0;0;0_-100;2;5475_-100;2;5475_-100;2;5475,39.6301369863014,Incidence,8.7449773671145e-05
NbyGQVwzFc_loc12_loop6,12,ITN 0%/IRS 0%/Larvicide 0%,0;0.4;0.4_0;0;0_0;0;0_-100;2;5475_-100;2;5475_-100;2;5475,39.6328767123288,Incidence,8.74526774689568e-05
NbyGQVwzFc_loc12_loop6,12,ITN 0%/IRS 0%/Larvicide 0%,0;0.4;0.4_0;0;0_0;0;0_-100;2;5475_-100;2;5475_-100;2;5475,39.6356164383562,Incidence,8.74556852152022e-05
NbyGQVwzFc_loc12_loop6,12,ITN 0%/IRS 0%/Larvicide 0%,0;0.4;0.4_0;0;0_0;0;0_-100;2;5475_-100;2;5475_-100;2;5475,39.6383561643836,Incidence,8.74587969574448e-05
NbyGQVwzFc_loc12_loop6,12,ITN 0%/IRS 0%/Larvicide 0%,0;0.4;0.4_0;0;0_0;0;0_-100;2;5475_-100;2;5475_-100;2;5475,39.641095890411,Incidence,8.74620127420575e-05
NbyGQVwzFc_loc12_loop6,12,ITN 0%/IRS 0%/Larvicide 0%,0;0.4;0.4_0;0;0_0;0;0_-100;2;5475_-100;2;5475_-100;2;5475,39.6438356164384,Incidence,8.74653326142473e-05
NbyGQVwzFc_loc12_loop6,12,ITN 0%/IRS 0%/Larvicide 0%,0;0.4;0.4_0;0;0_0;0;0_-100;2;5475_-100;2;5475_-100;2;5475,39.6465753424658,Incidence,8.74687566180823e-05
NbyGQVwzFc_loc12_loop6,12,ITN 0%/IRS 0%/Larvicide 0%,0;0.4;0.4_0;0;0_0;0;0_-100;2;5475_-100;2;5475_-100;2;5475,39.6493150684932,Incidence,8.74722847965166e-05
NbyGQVwzFc_loc12_loop6,12,ITN 0%/IRS 0%/Larvicide 0%,0;0.4;0.4_0;0;0_0;0;0_-100;2;5475_-100;2;5475_-100;2;5475,39.6520547945205,Incidence,8.74759171914169e-05
NbyGQVwzFc_loc12_loop6,12,ITN 0%/IRS 0%/Larvicide 0%,0;0.4;0.4_0;0;0_0;0;0_-100;2;5475_-100;2;5475_-100;2;5475,39.6547945205479,Incidence,8.74796538435875e-05
NbyGQVwzFc_loc12_loop6,12,ITN 0%/IRS 0%/Larvicide 0%,0;0.4;0.4_0;0;0_0;0;0_-100;2;5475_-100;2;5475_-100;2;5475,39.6575342465754,Incidence,8.74834947934296e-05
NbyGQVwzFc_loc12_loop6,12,ITN 0%/IRS 0%/Larvicide 0%,0;0.4;0.4_0;0;0_0;0;0_-100;2;5475_-100;2;5475_-100;2;5475,39.6602739726027,Incidence,8.74874400954744e-05
NbyGQVwzFc_loc12_loop6,12,ITN 0%/IRS 0%/Larvicide 0%,0;0.4;0.4_0;0;0_0;0;0_-100;2;5475_-100;2;5475_-100;2;5475,39.6630136986301,Incidence,8.74914897957381e-05
NbyGQVwzFc_loc12_loop6,12,ITN 0%/IRS 0%/Larvicide 0%,0;0.4;0.4_0;0;0_0;0;0_-100;2;5475_-100;2;5475_-100;2;5475,39.6657534246575,Incidence,8.74956439327635e-05
NbyGQVwzFc_loc12_loop6,12,ITN 0%/IRS 0%/Larvicide 0%,0;0.4;0.4_0;0;0_0;0;0_-100;2;5475_-100;2;5475_-100;2;5475,39.6684931506849,Incidence,8.74999025439369e-05
NbyGQVwzFc_loc12_loop6,12,ITN 0%/IRS 0%/Larvicide 0%,0;0.4;0.4_0;0;0_0;0;0_-100;2;5475_-100;2;5475_-100;2;5475,39.6712328767123,Incidence,8.75042656655135e-05
NbyGQVwzFc_loc12_loop6,12,ITN 0%/IRS 0%/Larvicide 0%,0;0.4;0.4_0;0;0_0;0;0_-100;2;5475_-100;2;5475_-100;2;5475,39.6739726027397,Incidence,8.75087333326427e-05
NbyGQVwzFc_loc12_loop6,12,ITN 0%/IRS 0%/Larvicide 0%,0;0.4;0.4_0;0;0_0;0;0_-100;2;5475_-100;2;5475_-100;2;5475,39.6767123287671,Incidence,8.75133055793939e-05
NbyGQVwzFc_loc12_loop6,12,ITN 0%/IRS 0%/Larvicide 0%,0;0.4;0.4_0;0;0_0;0;0_-100;2;5475_-100;2;5475_-100;2;5475,39.6794520547945,Incidence,8.75179824387804e-05
NbyGQVwzFc_loc12_loop6,12,ITN 0%/IRS 0%/Larvicide 0%,0;0.4;0.4_0;0;0_0;0;0_-100;2;5475_-100;2;5475_-100;2;5475,39.6821917808219,Incidence,8.7522763942785e-05
NbyGQVwzFc_loc12_loop6,12,ITN 0%/IRS 0%/Larvicide 0%,0;0.4;0.4_0;0;0_0;0;0_-100;2;5475_-100;2;5475_-100;2;5475,39.6849315068493,Incidence,8.75276501223838e-05
NbyGQVwzFc_loc12_loop6,12,ITN 0%/IRS 0%/Larvicide 0%,0;0.4;0.4_0;0;0_0;0;0_-100;2;5475_-100;2;5475_-100;2;5475,39.6876712328767,Incidence,8.75326410075697e-05
NbyGQVwzFc_loc12_loop6,12,ITN 0%/IRS 0%/Larvicide 0%,0;0.4;0.4_0;0;0_0;0;0_-100;2;5475_-100;2;5475_-100;2;5475,39.6904109589041,Incidence,8.75377366273769e-05
NbyGQVwzFc_loc12_loop6,12,ITN 0%/IRS 0%/Larvicide 0%,0;0.4;0.4_0;0;0_0;0;0_-100;2;5475_-100;2;5475_-100;2;5475,39.6931506849315,Incidence,8.75429370099044e-05
NbyGQVwzFc_loc12_loop6,12,ITN 0%/IRS 0%/Larvicide 0%,0;0.4;0.4_0;0;0_0;0;0_-100;2;5475_-100;2;5475_-100;2;5475,39.6958904109589,Incidence,8.7548242182338e-05
NbyGQVwzFc_loc12_loop6,12,ITN 0%/IRS 0%/Larvicide 0%,0;0.4;0.4_0;0;0_0;0;0_-100;2;5475_-100;2;5475_-100;2;5475,39.6986301369863,Incidence,8.75536521709744e-05
NbyGQVwzFc_loc12_loop6,12,ITN 0%/IRS 0%/Larvicide 0%,0;0.4;0.4_0;0;0_0;0;0_-100;2;5475_-100;2;5475_-100;2;5475,39.7013698630137,Incidence,8.75591670012429e-05
NbyGQVwzFc_loc12_loop6,12,ITN 0%/IRS 0%/Larvicide 0%,0;0.4;0.4_0;0;0_0;0;0_-100;2;5475_-100;2;5475_-100;2;5475,39.7041095890411,Incidence,8.75647866977274e-05
NbyGQVwzFc_loc12_loop6,12,ITN 0%/IRS 0%/Larvicide 0%,0;0.4;0.4_0;0;0_0;0;0_-100;2;5475_-100;2;5475_-100;2;5475,39.7068493150685,Incidence,8.75705112841896e-05
NbyGQVwzFc_loc12_loop6,12,ITN 0%/IRS 0%/Larvicide 0%,0;0.4;0.4_0;0;0_0;0;0_-100;2;5475_-100;2;5475_-100;2;5475,39.7095890410959,Incidence,8.75763407945522e-05
NbyGQVwzFc_loc12_loop6,12,ITN 0%/IRS 0%/Larvicide 0%,0;0.4;0.4_0;0;0_0;0;0_-100;2;5475_-100;2;5475_-100;2;5475,39.7123287671233,Incidence,8.7582275262312e-05
NbyGQVwzFc_loc12_loop6,12,ITN 0%/IRS 0%/Larvicide 0%,0;0.4;0.4_0;0;0_0;0;0_-100;2;5475_-100;2;5475_-100;2;5475,39.7150684931507,Incidence,8.7588314709731e-05
NbyGQVwzFc_loc12_loop6,12,ITN 0%/IRS 0%/Larvicide 0%,0;0.4;0.4_0;0;0_0;0;0_-100;2;5475_-100;2;5475_-100;2;5475,39.7178082191781,Incidence,8.7594459158136e-05
NbyGQVwzFc_loc12_loop6,12,ITN 0%/IRS 0%/Larvicide 0%,0;0.4;0.4_0;0;0_0;0;0_-100;2;5475_-100;2;5475_-100;2;5475,39.7205479452055,Incidence,8.76007086279416e-05
NbyGQVwzFc_loc12_loop6,12,ITN 0%/IRS 0%/Larvicide 0%,0;0.4;0.4_0;0;0_0;0;0_-100;2;5475_-100;2;5475_-100;2;5475,39.7232876712329,Incidence,8.76070631386725e-05
NbyGQVwzFc_loc12_loop6,12,ITN 0%/IRS 0%/Larvicide 0%,0;0.4;0.4_0;0;0_0;0;0_-100;2;5475_-100;2;5475_-100;2;5475,39.7260273972603,Incidence,8.76135227089848e-05
NbyGQVwzFc_loc12_loop6,12,ITN 0%/IRS 0%/Larvicide 0%,0;0.4;0.4_0;0;0_0;0;0_-100;2;5475_-100;2;5475_-100;2;5475,39.7287671232877,Incidence,8.76200873566886e-05
NbyGQVwzFc_loc12_loop6,12,ITN 0%/IRS 0%/Larvicide 0%,0;0.4;0.4_0;0;0_0;0;0_-100;2;5475_-100;2;5475_-100;2;5475,39.7315068493151,Incidence,8.7626757098768e-05
NbyGQVwzFc_loc12_loop6,12,ITN 0%/IRS 0%/Larvicide 0%,0;0.4;0.4_0;0;0_0;0;0_-100;2;5475_-100;2;5475_-100;2;5475,39.7342465753425,Incidence,8.76335319514033e-05
NbyGQVwzFc_loc12_loop6,12,ITN 0%/IRS 0%/Larvicide 0%,0;0.4;0.4_0;0;0_0;0;0_-100;2;5475_-100;2;5475_-100;2;5475,39.7369863013699,Incidence,8.7640411929991e-05
NbyGQVwzFc_loc12_loop6,12,ITN 0%/IRS 0%/Larvicide 0%,0;0.4;0.4_0;0;0_0;0;0_-100;2;5475_-100;2;5475_-100;2;5475,39.7397260273973,Incidence,8.76473970491653e-05
NbyGQVwzFc_loc12_loop6,12,ITN 0%/IRS 0%/Larvicide 0%,0;0.4;0.4_0;0;0_0;0;0_-100;2;5475_-100;2;5475_-100;2;5475,39.7424657534247,Incidence,8.7654487322817e-05
NbyGQVwzFc_loc12_loop6,12,ITN 0%/IRS 0%/Larvicide 0%,0;0.4;0.4_0;0;0_0;0;0_-100;2;5475_-100;2;5475_-100;2;5475,39.7452054794521,Incidence,8.76616827641145e-05
NbyGQVwzFc_loc12_loop6,12,ITN 0%/IRS 0%/Larvicide 0%,0;0.4;0.4_0;0;0_0;0;0_-100;2;5475_-100;2;5475_-100;2;5475,39.7479452054795,Incidence,8.76689833855231e-05
NbyGQVwzFc_loc12_loop6,12,ITN 0%/IRS 0%/Larvicide 0%,0;0.4;0.4_0;0;0_0;0;0_-100;2;5475_-100;2;5475_-100;2;5475,39.7506849315069,Incidence,8.76763891988245e-05
NbyGQVwzFc_loc12_loop6,12,ITN 0%/IRS 0%/Larvicide 0%,0;0.4;0.4_0;0;0_0;0;0_-100;2;5475_-100;2;5475_-100;2;5475,39.7534246575342,Incidence,8.76839002151359e-05
NbyGQVwzFc_loc12_loop6,12,ITN 0%/IRS 0%/Larvicide 0%,0;0.4;0.4_0;0;0_0;0;0_-100;2;5475_-100;2;5475_-100;2;5475,39.7561643835616,Incidence,8.76915164449289e-05
NbyGQVwzFc_loc12_loop6,12,ITN 0%/IRS 0%/Larvicide 0%,0;0.4;0.4_0;0;0_0;0;0_-100;2;5475_-100;2;5475_-100;2;5475,39.758904109589,Incidence,8.76992378997095e-05
NbyGQVwzFc_loc12_loop6,12,ITN 0%/IRS 0%/Larvicide 0%,0;0.4;0.4_0;0;0_0;0;0_-100;2;5475_-100;2;5475_-100;2;5475,39.7616438356164,Incidence,8.77070646038127e-05
NbyGQVwzFc_loc12_loop6,12,ITN 0%/IRS 0%/Larvicide 0%,0;0.4;0.4_0;0;0_0;0;0_-100;2;5475_-100;2;5475_-100;2;5475,39.7643835616438,Incidence,8.77149965695656e-05
NbyGQVwzFc_loc12_loop6,12,ITN 0%/IRS 0%/Larvicide 0%,0;0.4;0.4_0;0;0_0;0;0_-100;2;5475_-100;2;5475_-100;2;5475,39.7671232876712,Incidence,8.77230338049636e-05
NbyGQVwzFc_loc12_loop6,12,ITN 0%/IRS 0%/Larvicide 0%,0;0.4;0.4_0;0;0_0;0;0_-100;2;5475_-100;2;5475_-100;2;5475,39.7698630136986,Incidence,8.7731176317271e-05
NbyGQVwzFc_loc12_loop6,12,ITN 0%/IRS 0%/Larvicide 0%,0;0.4;0.4_0;0;0_0;0;0_-100;2;5475_-100;2;5475_-100;2;5475,39.772602739726,Incidence,8.77394241130405e-05
NbyGQVwzFc_loc12_loop6,12,ITN 0%/IRS 0%/Larvicide 0%,0;0.4;0.4_0;0;0_0;0;0_-100;2;5475_-100;2;5475_-100;2;5475,39.7753424657534,Incidence,8.7747777198133e-05
NbyGQVwzFc_loc12_loop6,12,ITN 0%/IRS 0%/Larvicide 0%,0;0.4;0.4_0;0;0_0;0;0_-100;2;5475_-100;2;5475_-100;2;5475,39.7780821917808,Incidence,8.77562355777353e-05
NbyGQVwzFc_loc12_loop6,12,ITN 0%/IRS 0%/Larvicide 0%,0;0.4;0.4_0;0;0_0;0;0_-100;2;5475_-100;2;5475_-100;2;5475,39.7808219178082,Incidence,8.77647992563793e-05
NbyGQVwzFc_loc12_loop6,12,ITN 0%/IRS 0%/Larvicide 0%,0;0.4;0.4_0;0;0_0;0;0_-100;2;5475_-100;2;5475_-100;2;5475,39.7835616438356,Incidence,8.77734682379596e-05
NbyGQVwzFc_loc12_loop6,12,ITN 0%/IRS 0%/Larvicide 0%,0;0.4;0.4_0;0;0_0;0;0_-100;2;5475_-100;2;5475_-100;2;5475,39.786301369863,Incidence,8.77822425257519e-05
NbyGQVwzFc_loc12_loop6,12,ITN 0%/IRS 0%/Larvicide 0%,0;0.4;0.4_0;0;0_0;0;0_-100;2;5475_-100;2;5475_-100;2;5475,39.7890410958904,Incidence,8.77911221224306e-05
NbyGQVwzFc_loc12_loop6,12,ITN 0%/IRS 0%/Larvicide 0%,0;0.4;0.4_0;0;0_0;0;0_-100;2;5475_-100;2;5475_-100;2;5475,39.7917808219178,Incidence,8.78001070300865e-05
NbyGQVwzFc_loc12_loop6,12,ITN 0%/IRS 0%/Larvicide 0%,0;0.4;0.4_0;0;0_0;0;0_-100;2;5475_-100;2;5475_-100;2;5475,39.7945205479452,Incidence,8.78091972502438e-05
NbyGQVwzFc_loc12_loop6,12,ITN 0%/IRS 0%/Larvicide 0%,0;0.4;0.4_0;0;0_0;0;0_-100;2;5475_-100;2;5475_-100;2;5475,39.7972602739726,Incidence,8.78183927838772e-05
NbyGQVwzFc_loc12_loop6,12,ITN 0%/IRS 0%/Larvicide 0%,0;0.4;0.4_0;0;0_0;0;0_-100;2;5475_-100;2;5475_-100;2;5475,39.8,Incidence,8.78276936314289e-05
NbyGQVwzFc_loc12_loop6,12,ITN 0%/IRS 0%/Larvicide 0%,0;0.4;0.4_0;0;0_0;0;0_-100;2;5475_-100;2;5475_-100;2;5475,39.8027397260274,Incidence,8.78370997928249e-05
NbyGQVwzFc_loc12_loop6,12,ITN 0%/IRS 0%/Larvicide 0%,0;0.4;0.4_0;0;0_0;0;0_-100;2;5475_-100;2;5475_-100;2;5475,39.8054794520548,Incidence,8.78466112674914e-05
NbyGQVwzFc_loc12_loop6,12,ITN 0%/IRS 0%/Larvicide 0%,0;0.4;0.4_0;0;0_0;0;0_-100;2;5475_-100;2;5475_-100;2;5475,39.8082191780822,Incidence,8.78562280543705e-05
NbyGQVwzFc_loc12_loop6,12,ITN 0%/IRS 0%/Larvicide 0%,0;0.4;0.4_0;0;0_0;0;0_-100;2;5475_-100;2;5475_-100;2;5475,39.8109589041096,Incidence,8.78659501535706e-05
NbyGQVwzFc_loc12_loop6,12,ITN 0%/IRS 0%/Larvicide 0%,0;0.4;0.4_0;0;0_0;0;0_-100;2;5475_-100;2;5475_-100;2;5475,39.813698630137,Incidence,8.78757775771703e-05
NbyGQVwzFc_loc12_loop6,12,ITN 0%/IRS 0%/Larvicide 0%,0;0.4;0.4_0;0;0_0;0;0_-100;2;5475_-100;2;5475_-100;2;5475,39.8164383561644,Incidence,8.78857103254311e-05
NbyGQVwzFc_loc12_loop6,12,ITN 0%/IRS 0%/Larvicide 0%,0;0.4;0.4_0;0;0_0;0;0_-100;2;5475_-100;2;5475_-100;2;5475,39.8191780821918,Incidence,8.78957483946919e-05
NbyGQVwzFc_loc12_loop6,12,ITN 0%/IRS 0%/Larvicide 0%,0;0.4;0.4_0;0;0_0;0;0_-100;2;5475_-100;2;5475_-100;2;5475,39.8219178082192,Incidence,8.79058917807272e-05
NbyGQVwzFc_loc12_loop6,12,ITN 0%/IRS 0%/Larvicide 0%,0;0.4;0.4_0;0;0_0;0;0_-100;2;5475_-100;2;5475_-100;2;5475,39.8246575342466,Incidence,8.79161404787653e-05
NbyGQVwzFc_loc12_loop6,12,ITN 0%/IRS 0%/Larvicide 0%,0;0.4;0.4_0;0;0_0;0;0_-100;2;5475_-100;2;5475_-100;2;5475,39.827397260274,Incidence,8.79264944835021e-05
NbyGQVwzFc_loc12_loop6,12,ITN 0%/IRS 0%/Larvicide 0%,0;0.4;0.4_0;0;0_0;0;0_-100;2;5475_-100;2;5475_-100;2;5475,39.8301369863014,Incidence,8.79369537891194e-05
NbyGQVwzFc_loc12_loop6,12,ITN 0%/IRS 0%/Larvicide 0%,0;0.4;0.4_0;0;0_0;0;0_-100;2;5475_-100;2;5475_-100;2;5475,39.8328767123288,Incidence,8.79475183892996e-05
NbyGQVwzFc_loc12_loop6,12,ITN 0%/IRS 0%/Larvicide 0%,0;0.4;0.4_0;0;0_0;0;0_-100;2;5475_-100;2;5475_-100;2;5475,39.8356164383562,Incidence,8.79581882772413e-05
NbyGQVwzFc_loc12_loop6,12,ITN 0%/IRS 0%/Larvicide 0%,0;0.4;0.4_0;0;0_0;0;0_-100;2;5475_-100;2;5475_-100;2;5475,39.8383561643836,Incidence,8.79689634456745e-05
NbyGQVwzFc_loc12_loop6,12,ITN 0%/IRS 0%/Larvicide 0%,0;0.4;0.4_0;0;0_0;0;0_-100;2;5475_-100;2;5475_-100;2;5475,39.841095890411,Incidence,8.79798438868765e-05
NbyGQVwzFc_loc12_loop6,12,ITN 0%/IRS 0%/Larvicide 0%,0;0.4;0.4_0;0;0_0;0;0_-100;2;5475_-100;2;5475_-100;2;5475,39.8438356164384,Incidence,8.79908295926857e-05
NbyGQVwzFc_loc12_loop6,12,ITN 0%/IRS 0%/Larvicide 0%,0;0.4;0.4_0;0;0_0;0;0_-100;2;5475_-100;2;5475_-100;2;5475,39.8465753424658,Incidence,8.80019205545174e-05
NbyGQVwzFc_loc12_loop6,12,ITN 0%/IRS 0%/Larvicide 0%,0;0.4;0.4_0;0;0_0;0;0_-100;2;5475_-100;2;5475_-100;2;5475,39.8493150684932,Incidence,8.80131167633776e-05
NbyGQVwzFc_loc12_loop6,12,ITN 0%/IRS 0%/Larvicide 0%,0;0.4;0.4_0;0;0_0;0;0_-100;2;5475_-100;2;5475_-100;2;5475,39.8520547945206,Incidence,8.80244182098774e-05
NbyGQVwzFc_loc12_loop6,12,ITN 0%/IRS 0%/Larvicide 0%,0;0.4;0.4_0;0;0_0;0;0_-100;2;5475_-100;2;5475_-100;2;5475,39.854794520548,Incidence,8.80358248842476e-05
NbyGQVwzFc_loc12_loop6,12,ITN 0%/IRS 0%/Larvicide 0%,0;0.4;0.4_0;0;0_0;0;0_-100;2;5475_-100;2;5475_-100;2;5475,39.8575342465753,Incidence,8.80473367763517e-05
NbyGQVwzFc_loc12_loop6,12,ITN 0%/IRS 0%/Larvicide 0%,0;0.4;0.4_0;0;0_0;0;0_-100;2;5475_-100;2;5475_-100;2;5475,39.8602739726027,Incidence,8.80589538757002e-05
NbyGQVwzFc_loc12_loop6,12,ITN 0%/IRS 0%/Larvicide 0%,0;0.4;0.4_0;0;0_0;0;0_-100;2;5475_-100;2;5475_-100;2;5475,39.8630136986301,Incidence,8.80706761714651e-05
NbyGQVwzFc_loc12_loop6,12,ITN 0%/IRS 0%/Larvicide 0%,0;0.4;0.4_0;0;0_0;0;0_-100;2;5475_-100;2;5475_-100;2;5475,39.8657534246575,Incidence,8.80825036616339e-05
NbyGQVwzFc_loc12_loop6,12,ITN 0%/IRS 0%/Larvicide 0%,0;0.4;0.4_0;0;0_0;0;0_-100;2;5475_-100;2;5475_-100;2;5475,39.8684931506849,Incidence,8.8094436342564e-05
NbyGQVwzFc_loc12_loop6,12,ITN 0%/IRS 0%/Larvicide 0%,0;0.4;0.4_0;0;0_0;0;0_-100;2;5475_-100;2;5475_-100;2;5475,39.8712328767123,Incidence,8.81064742010634e-05
NbyGQVwzFc_loc12_loop6,12,ITN 0%/IRS 0%/Larvicide 0%,0;0.4;0.4_0;0;0_0;0;0_-100;2;5475_-100;2;5475_-100;2;5475,39.8739726027397,Incidence,8.81186172235124e-05
NbyGQVwzFc_loc12_loop6,12,ITN 0%/IRS 0%/Larvicide 0%,0;0.4;0.4_0;0;0_0;0;0_-100;2;5475_-100;2;5475_-100;2;5475,39.8767123287671,Incidence,8.81308653958769e-05
NbyGQVwzFc_loc12_loop6,12,ITN 0%/IRS 0%/Larvicide 0%,0;0.4;0.4_0;0;0_0;0;0_-100;2;5475_-100;2;5475_-100;2;5475,39.8794520547945,Incidence,8.81432187037232e-05
NbyGQVwzFc_loc12_loop6,12,ITN 0%/IRS 0%/Larvicide 0%,0;0.4;0.4_0;0;0_0;0;0_-100;2;5475_-100;2;5475_-100;2;5475,39.8821917808219,Incidence,8.81556771322309e-05
NbyGQVwzFc_loc12_loop6,12,ITN 0%/IRS 0%/Larvicide 0%,0;0.4;0.4_0;0;0_0;0;0_-100;2;5475_-100;2;5475_-100;2;5475,39.8849315068493,Incidence,8.81682406662069e-05
NbyGQVwzFc_loc12_loop6,12,ITN 0%/IRS 0%/Larvicide 0%,0;0.4;0.4_0;0;0_0;0;0_-100;2;5475_-100;2;5475_-100;2;5475,39.8876712328767,Incidence,8.81809092900983e-05
NbyGQVwzFc_loc12_loop6,12,ITN 0%/IRS 0%/Larvicide 0%,0;0.4;0.4_0;0;0_0;0;0_-100;2;5475_-100;2;5475_-100;2;5475,39.8904109589041,Incidence,8.81936829880059e-05
NbyGQVwzFc_loc12_loop6,12,ITN 0%/IRS 0%/Larvicide 0%,0;0.4;0.4_0;0;0_0;0;0_-100;2;5475_-100;2;5475_-100;2;5475,39.8931506849315,Incidence,8.82065617436965e-05
NbyGQVwzFc_loc12_loop6,12,ITN 0%/IRS 0%/Larvicide 0%,0;0.4;0.4_0;0;0_0;0;0_-100;2;5475_-100;2;5475_-100;2;5475,39.8958904109589,Incidence,8.8219545540616e-05
NbyGQVwzFc_loc12_loop6,12,ITN 0%/IRS 0%/Larvicide 0%,0;0.4;0.4_0;0;0_0;0;0_-100;2;5475_-100;2;5475_-100;2;5475,39.8986301369863,Incidence,8.82326343619022e-05
NbyGQVwzFc_loc12_loop6,12,ITN 0%/IRS 0%/Larvicide 0%,0;0.4;0.4_0;0;0_0;0;0_-100;2;5475_-100;2;5475_-100;2;5475,39.9013698630137,Incidence,8.82458281903962e-05
NbyGQVwzFc_loc12_loop6,12,ITN 0%/IRS 0%/Larvicide 0%,0;0.4;0.4_0;0;0_0;0;0_-100;2;5475_-100;2;5475_-100;2;5475,39.9041095890411,Incidence,8.82591270086557e-05
NbyGQVwzFc_loc12_loop6,12,ITN 0%/IRS 0%/Larvicide 0%,0;0.4;0.4_0;0;0_0;0;0_-100;2;5475_-100;2;5475_-100;2;5475,39.9068493150685,Incidence,8.82725307989661e-05
NbyGQVwzFc_loc12_loop6,12,ITN 0%/IRS 0%/Larvicide 0%,0;0.4;0.4_0;0;0_0;0;0_-100;2;5475_-100;2;5475_-100;2;5475,39.9095890410959,Incidence,8.82860395433528e-05
NbyGQVwzFc_loc12_loop6,12,ITN 0%/IRS 0%/Larvicide 0%,0;0.4;0.4_0;0;0_0;0;0_-100;2;5475_-100;2;5475_-100;2;5475,39.9123287671233,Incidence,8.82996532235923e-05
NbyGQVwzFc_loc12_loop6,12,ITN 0%/IRS 0%/Larvicide 0%,0;0.4;0.4_0;0;0_0;0;0_-100;2;5475_-100;2;5475_-100;2;5475,39.9150684931507,Incidence,8.83133718212242e-05
NbyGQVwzFc_loc12_loop6,12,ITN 0%/IRS 0%/Larvicide 0%,0;0.4;0.4_0;0;0_0;0;0_-100;2;5475_-100;2;5475_-100;2;5475,39.9178082191781,Incidence,8.83271953178485e-05
NbyGQVwzFc_loc12_loop6,12,ITN 0%/IRS 0%/Larvicide 0%,0;0.4;0.4_0;0;0_0;0;0_-100;2;5475_-100;2;5475_-100;2;5475,39.9205479452055,Incidence,8.83411237052842e-05
NbyGQVwzFc_loc12_loop6,12,ITN 0%/IRS 0%/Larvicide 0%,0;0.4;0.4_0;0;0_0;0;0_-100;2;5475_-100;2;5475_-100;2;5475,39.9232876712329,Incidence,8.83551569684667e-05
NbyGQVwzFc_loc12_loop6,12,ITN 0%/IRS 0%/Larvicide 0%,0;0.4;0.4_0;0;0_0;0;0_-100;2;5475_-100;2;5475_-100;2;5475,39.9260273972603,Incidence,8.83692950860811e-05
NbyGQVwzFc_loc12_loop6,12,ITN 0%/IRS 0%/Larvicide 0%,0;0.4;0.4_0;0;0_0;0;0_-100;2;5475_-100;2;5475_-100;2;5475,39.9287671232877,Incidence,8.83835380365061e-05
NbyGQVwzFc_loc12_loop6,12,ITN 0%/IRS 0%/Larvicide 0%,0;0.4;0.4_0;0;0_0;0;0_-100;2;5475_-100;2;5475_-100;2;5475,39.9315068493151,Incidence,8.83978857978267e-05
NbyGQVwzFc_loc12_loop6,12,ITN 0%/IRS 0%/Larvicide 0%,0;0.4;0.4_0;0;0_0;0;0_-100;2;5475_-100;2;5475_-100;2;5475,39.9342465753425,Incidence,8.84123383478445e-05
NbyGQVwzFc_loc12_loop6,12,ITN 0%/IRS 0%/Larvicide 0%,0;0.4;0.4_0;0;0_0;0;0_-100;2;5475_-100;2;5475_-100;2;5475,39.9369863013699,Incidence,8.84268956640901e-05
NbyGQVwzFc_loc12_loop6,12,ITN 0%/IRS 0%/Larvicide 0%,0;0.4;0.4_0;0;0_0;0;0_-100;2;5475_-100;2;5475_-100;2;5475,39.9397260273973,Incidence,8.84415577238345e-05
NbyGQVwzFc_loc12_loop6,12,ITN 0%/IRS 0%/Larvicide 0%,0;0.4;0.4_0;0;0_0;0;0_-100;2;5475_-100;2;5475_-100;2;5475,39.9424657534247,Incidence,8.84563245040997e-05
NbyGQVwzFc_loc12_loop6,12,ITN 0%/IRS 0%/Larvicide 0%,0;0.4;0.4_0;0;0_0;0;0_-100;2;5475_-100;2;5475_-100;2;5475,39.9452054794521,Incidence,8.84711959816702e-05
NbyGQVwzFc_loc12_loop6,12,ITN 0%/IRS 0%/Larvicide 0%,0;0.4;0.4_0;0;0_0;0;0_-100;2;5475_-100;2;5475_-100;2;5475,39.9479452054795,Incidence,8.84861721331029e-05
NbyGQVwzFc_loc12_loop6,12,ITN 0%/IRS 0%/Larvicide 0%,0;0.4;0.4_0;0;0_0;0;0_-100;2;5475_-100;2;5475_-100;2;5475,39.9506849315069,Incidence,8.85012529347388e-05
NbyGQVwzFc_loc12_loop6,12,ITN 0%/IRS 0%/Larvicide 0%,0;0.4;0.4_0;0;0_0;0;0_-100;2;5475_-100;2;5475_-100;2;5475,39.9534246575343,Incidence,8.85164383627131e-05
NbyGQVwzFc_loc12_loop6,12,ITN 0%/IRS 0%/Larvicide 0%,0;0.4;0.4_0;0;0_0;0;0_-100;2;5475_-100;2;5475_-100;2;5475,39.9561643835616,Incidence,8.85317283929649e-05
NbyGQVwzFc_loc12_loop6,12,ITN 0%/IRS 0%/Larvicide 0%,0;0.4;0.4_0;0;0_0;0;0_-100;2;5475_-100;2;5475_-100;2;5475,39.958904109589,Incidence,8.8547123001249e-05
NbyGQVwzFc_loc12_loop6,12,ITN 0%/IRS 0%/Larvicide 0%,0;0.4;0.4_0;0;0_0;0;0_-100;2;5475_-100;2;5475_-100;2;5475,39.9616438356164,Incidence,8.85626221631437e-05
NbyGQVwzFc_loc12_loop6,12,ITN 0%/IRS 0%/Larvicide 0%,0;0.4;0.4_0;0;0_0;0;0_-100;2;5475_-100;2;5475_-100;2;5475,39.9643835616438,Incidence,8.85782258540622e-05
NbyGQVwzFc_loc12_loop6,12,ITN 0%/IRS 0%/Larvicide 0%,0;0.4;0.4_0;0;0_0;0;0_-100;2;5475_-100;2;5475_-100;2;5475,39.9671232876712,Incidence,8.85939340492619e-05
NbyGQVwzFc_loc12_loop6,12,ITN 0%/IRS 0%/Larvicide 0%,0;0.4;0.4_0;0;0_0;0;0_-100;2;5475_-100;2;5475_-100;2;5475,39.9698630136986,Incidence,8.86097467238536e-05
NbyGQVwzFc_loc12_loop6,12,ITN 0%/IRS 0%/Larvicide 0%,0;0.4;0.4_0;0;0_0;0;0_-100;2;5475_-100;2;5475_-100;2;5475,39.972602739726,Incidence,8.86256638528111e-05
NbyGQVwzFc_loc12_loop6,12,ITN 0%/IRS 0%/Larvicide 0%,0;0.4;0.4_0;0;0_0;0;0_-100;2;5475_-100;2;5475_-100;2;5475,39.9753424657534,Incidence,8.86416854173257e-05
NbyGQVwzFc_loc12_loop6,12,ITN 0%/IRS 0%/Larvicide 0%,0;0.4;0.4_0;0;0_0;0;0_-100;2;5475_-100;2;5475_-100;2;5475,39.9780821917808,Incidence,8.86578113998446e-05
NbyGQVwzFc_loc12_loop6,12,ITN 0%/IRS 0%/Larvicide 0%,0;0.4;0.4_0;0;0_0;0;0_-100;2;5475_-100;2;5475_-100;2;5475,39.9808219178082,Incidence,8.86740417725903e-05
NbyGQVwzFc_loc12_loop6,12,ITN 0%/IRS 0%/Larvicide 0%,0;0.4;0.4_0;0;0_0;0;0_-100;2;5475_-100;2;5475_-100;2;5475,39.9835616438356,Incidence,8.8690376507499e-05
NbyGQVwzFc_loc12_loop6,12,ITN 0%/IRS 0%/Larvicide 0%,0;0.4;0.4_0;0;0_0;0;0_-100;2;5475_-100;2;5475_-100;2;5475,39.986301369863,Incidence,8.87068155763063e-05
NbyGQVwzFc_loc12_loop6,12,ITN 0%/IRS 0%/Larvicide 0%,0;0.4;0.4_0;0;0_0;0;0_-100;2;5475_-100;2;5475_-100;2;5475,39.9890410958904,Incidence,8.8723358950558e-05
NbyGQVwzFc_loc12_loop6,12,ITN 0%/IRS 0%/Larvicide 0%,0;0.4;0.4_0;0;0_0;0;0_-100;2;5475_-100;2;5475_-100;2;5475,39.9917808219178,Incidence,8.87400066016199e-05
NbyGQVwzFc_loc12_loop6,12,ITN 0%/IRS 0%/Larvicide 0%,0;0.4;0.4_0;0;0_0;0;0_-100;2;5475_-100;2;5475_-100;2;5475,39.9945205479452,Incidence,8.87567585006865e-05
NbyGQVwzFc_loc12_loop6,12,ITN 0%/IRS 0%/Larvicide 0%,0;0.4;0.4_0;0;0_0;0;0_-100;2;5475_-100;2;5475_-100;2;5475,39.9972602739726,Incidence,8.87736146187914e-05
NbyGQVwzFc_loc12_loop6,12,ITN 0%/IRS 0%/Larvicide 0%,0;0.4;0.4_0;0;0_0;0;0_-100;2;5475_-100;2;5475_-100;2;5475,40,Incidence,8.87905749268144e-05
NbyGQVwzFc_loc12_loop6,12,ITN 0%/IRS 0%/Larvicide 0%,0;0.4;0.4_0;0;0_0;0;0_-100;2;5475_-100;2;5475_-100;2;5475,9,Prevalence,6.30222168266479e-07
NbyGQVwzFc_loc12_loop6,12,ITN 0%/IRS 0%/Larvicide 0%,0;0.4;0.4_0;0;0_0;0;0_-100;2;5475_-100;2;5475_-100;2;5475,9.0027397260274,Prevalence,6.29244429599031e-07
NbyGQVwzFc_loc12_loop6,12,ITN 0%/IRS 0%/Larvicide 0%,0;0.4;0.4_0;0;0_0;0;0_-100;2;5475_-100;2;5475_-100;2;5475,9.0054794520548,Prevalence,6.28268514525558e-07
NbyGQVwzFc_loc12_loop6,12,ITN 0%/IRS 0%/Larvicide 0%,0;0.4;0.4_0;0;0_0;0;0_-100;2;5475_-100;2;5475_-100;2;5475,9.00821917808219,Prevalence,6.27294419125761e-07
NbyGQVwzFc_loc12_loop6,12,ITN 0%/IRS 0%/Larvicide 0%,0;0.4;0.4_0;0;0_0;0;0_-100;2;5475_-100;2;5475_-100;2;5475,9.01095890410959,Prevalence,6.26322139488773e-07
NbyGQVwzFc_loc12_loop6,12,ITN 0%/IRS 0%/Larvicide 0%,0;0.4;0.4_0;0;0_0;0;0_-100;2;5475_-100;2;5475_-100;2;5475,9.01369863013699,Prevalence,6.25351671713521e-07
NbyGQVwzFc_loc12_loop6,12,ITN 0%/IRS 0%/Larvicide 0%,0;0.4;0.4_0;0;0_0;0;0_-100;2;5475_-100;2;5475_-100;2;5475,9.01643835616438,Prevalence,6.24383011908717e-07
NbyGQVwzFc_loc12_loop6,12,ITN 0%/IRS 0%/Larvicide 0%,0;0.4;0.4_0;0;0_0;0;0_-100;2;5475_-100;2;5475_-100;2;5475,9.01917808219178,Prevalence,6.23416156192366e-07
NbyGQVwzFc_loc12_loop6,12,ITN 0%/IRS 0%/Larvicide 0%,0;0.4;0.4_0;0;0_0;0;0_-100;2;5475_-100;2;5475_-100;2;5475,9.02191780821918,Prevalence,6.22451100692236e-07
NbyGQVwzFc_loc12_loop6,12,ITN 0%/IRS 0%/Larvicide 0%,0;0.4;0.4_0;0;0_0;0;0_-100;2;5475_-100;2;5475_-100;2;5475,9.02465753424658,Prevalence,6.21487841545643e-07
NbyGQVwzFc_loc12_loop6,12,ITN 0%/IRS 0%/Larvicide 0%,0;0.4;0.4_0;0;0_0;0;0_-100;2;5475_-100;2;5475_-100;2;5475,9.02739726027397,Prevalence,6.20526374899242e-07
NbyGQVwzFc_loc12_loop6,12,ITN 0%/IRS 0%/Larvicide 0%,0;0.4;0.4_0;0;0_0;0;0_-100;2;5475_-100;2;5475_-100;2;5475,9.03013698630137,Prevalence,6.19566696909373e-07
NbyGQVwzFc_loc12_loop6,12,ITN 0%/IRS 0%/Larvicide 0%,0;0.4;0.4_0;0;0_0;0;0_-100;2;5475_-100;2;5475_-100;2;5475,9.03287671232877,Prevalence,6.18608803741798e-07
NbyGQVwzFc_loc12_loop6,12,ITN 0%/IRS 0%/Larvicide 0%,0;0.4;0.4_0;0;0_0;0;0_-100;2;5475_-100;2;5475_-100;2;5475,9.03561643835616,Prevalence,6.17652691571607e-07
NbyGQVwzFc_loc12_loop6,12,ITN 0%/IRS 0%/Larvicide 0%,0;0.4;0.4_0;0;0_0;0;0_-100;2;5475_-100;2;5475_-100;2;5475,9.03835616438356,Prevalence,6.16645812123183e-07
NbyGQVwzFc_loc12_loop6,12,ITN 0%/IRS 0%/Larvicide 0%,0;0.4;0.4_0;0;0_0;0;0_-100;2;5475_-100;2;5475_-100;2;5475,9.04109589041096,Prevalence,6.15160211610925e-07
NbyGQVwzFc_loc12_loop6,12,ITN 0%/IRS 0%/Larvicide 0%,0;0.4;0.4_0;0;0_0;0;0_-100;2;5475_-100;2;5475_-100;2;5475,9.04383561643836,Prevalence,6.13702166448977e-07
NbyGQVwzFc_loc12_loop6,12,ITN 0%/IRS 0%/Larvicide 0%,0;0.4;0.4_0;0;0_0;0;0_-100;2;5475_-100;2;5475_-100;2;5475,9.04657534246575,Prevalence,6.12263355434753e-07
NbyGQVwzFc_loc12_loop6,12,ITN 0%/IRS 0%/Larvicide 0%,0;0.4;0.4_0;0;0_0;0;0_-100;2;5475_-100;2;5475_-100;2;5475,9.04931506849315,Prevalence,6.10840856580184e-07
NbyGQVwzFc_loc12_loop6,12,ITN 0%/IRS 0%/Larvicide 0%,0;0.4;0.4_0;0;0_0;0;0_-100;2;5475_-100;2;5475_-100;2;5475,9.05205479452055,Prevalence,6.09432309771114e-07
NbyGQVwzFc_loc12_loop6,12,ITN 0%/IRS 0%/Larvicide 0%,0;0.4;0.4_0;0;0_0;0;0_-100;2;5475_-100;2;5475_-100;2;5475,9.05479452054795,Prevalence,6.08035811410892e-07
NbyGQVwzFc_loc12_loop6,12,ITN 0%/IRS 0%/Larvicide 0%,0;0.4;0.4_0;0;0_0;0;0_-100;2;5475_-100;2;5475_-100;2;5475,9.05753424657534,Prevalence,6.06649828516724e-07
NbyGQVwzFc_loc12_loop6,12,ITN 0%/IRS 0%/Larvicide 0%,0;0.4;0.4_0;0;0_0;0;0_-100;2;5475_-100;2;5475_-100;2;5475,9.06027397260274,Prevalence,6.05273166920084e-07
NbyGQVwzFc_loc12_loop6,12,ITN 0%/IRS 0%/Larvicide 0%,0;0.4;0.4_0;0;0_0;0;0_-100;2;5475_-100;2;5475_-100;2;5475,9.06301369863014,Prevalence,6.03902135916521e-07
NbyGQVwzFc_loc12_loop6,12,ITN 0%/IRS 0%/Larvicide 0%,0;0.4;0.4_0;0;0_0;0;0_-100;2;5475_-100;2;5475_-100;2;5475,9.06575342465753,Prevalence,6.02531361064412e-07
NbyGQVwzFc_loc12_loop6,12,ITN 0%/IRS 0%/Larvicide 0%,0;0.4;0.4_0;0;0_0;0;0_-100;2;5475_-100;2;5475_-100;2;5475,9.06849315068493,Prevalence,6.0116051809818e-07
NbyGQVwzFc_loc12_loop6,12,ITN 0%/IRS 0%/Larvicide 0%,0;0.4;0.4_0;0;0_0;0;0_-100;2;5475_-100;2;5475_-100;2;5475,9.07123287671233,Prevalence,5.99789450691514e-07
NbyGQVwzFc_loc12_loop6,12,ITN 0%/IRS 0%/Larvicide 0%,0;0.4;0.4_0;0;0_0;0;0_-100;2;5475_-100;2;5475_-100;2;5475,9.07397260273973,Prevalence,5.98418108826997e-07
NbyGQVwzFc_loc12_loop6,12,ITN 0%/IRS 0%/Larvicide 0%,0;0.4;0.4_0;0;0_0;0;0_-100;2;5475_-100;2;5475_-100;2;5475,9.07671232876712,Prevalence,5.97046524585318e-07
NbyGQVwzFc_loc12_loop6,12,ITN 0%/IRS 0%/Larvicide 0%,0;0.4;0.4_0;0;0_0;0;0_-100;2;5475_-100;2;5475_-100;2;5475,9.07945205479452,Prevalence,5.95674792663923e-07
NbyGQVwzFc_loc12_loop6,12,ITN 0%/IRS 0%/Larvicide 0%,0;0.4;0.4_0;0;0_0;0;0_-100;2;5475_-100;2;5475_-100;2;5475,9.08219178082192,Prevalence,5.94303054694368e-07
NbyGQVwzFc_loc12_loop6,12,ITN 0%/IRS 0%/Larvicide 0%,0;0.4;0.4_0;0;0_0;0;0_-100;2;5475_-100;2;5475_-100;2;5475,9.08493150684932,Prevalence,5.92931486615062e-07
NbyGQVwzFc_loc12_loop6,12,ITN 0%/IRS 0%/Larvicide 0%,0;0.4;0.4_0;0;0_0;0;0_-100;2;5475_-100;2;5475_-100;2;5475,9.08767123287671,Prevalence,5.91560288521403e-07
NbyGQVwzFc_loc12_loop6,12,ITN 0%/IRS 0%/Larvicide 0%,0;0.4;0.4_0;0;0_0;0;0_-100;2;5475_-100;2;5475_-100;2;5475,9.09041095890411,Prevalence,5.90189676550718e-07
NbyGQVwzFc_loc12_loop6,12,ITN 0%/IRS 0%/Larvicide 0%,0;0.4;0.4_0;0;0_0;0;0_-100;2;5475_-100;2;5475_-100;2;5475,9.09315068493151,Prevalence,5.88819876427104e-07
NbyGQVwzFc_loc12_loop6,12,ITN 0%/IRS 0%/Larvicide 0%,0;0.4;0.4_0;0;0_0;0;0_-100;2;5475_-100;2;5475_-100;2;5475,9.0958904109589,Prevalence,5.87449406635036e-07
NbyGQVwzFc_loc12_loop6,12,ITN 0%/IRS 0%/Larvicide 0%,0;0.4;0.4_0;0;0_0;0;0_-100;2;5475_-100;2;5475_-100;2;5475,9.0986301369863,Prevalence,5.86064550159521e-07
NbyGQVwzFc_loc12_loop6,12,ITN 0%/IRS 0%/Larvicide 0%,0;0.4;0.4_0;0;0_0;0;0_-100;2;5475_-100;2;5475_-100;2;5475,9.1013698630137,Prevalence,5.84664933331271e-07
NbyGQVwzFc_loc12_loop6,12,ITN 0%/IRS 0%/Larvicide 0%,0;0.4;0.4_0;0;0_0;0;0_-100;2;5475_-100;2;5475_-100;2;5475,9.1041095890411,Prevalence,5.83253167417615e-07
NbyGQVwzFc_loc12_loop6,12,ITN 0%/IRS 0%/Larvicide 0%,0;0.4;0.4_0;0;0_0;0;0_-100;2;5475_-100;2;5475_-100;2;5475,9.10684931506849,Prevalence,5.81831492897166e-07
NbyGQVwzFc_loc12_loop6,12,ITN 0%/IRS 0%/Larvicide 0%,0;0.4;0.4_0;0;0_0;0;0_-100;2;5475_-100;2;5475_-100;2;5475,9.10958904109589,Prevalence,5.80401836696426e-07
NbyGQVwzFc_loc12_loop6,12,ITN 0%/IRS 0%/Larvicide 0%,0;0.4;0.4_0;0;0_0;0;0_-100;2;5475_-100;2;5475_-100;2;5475,9.11232876712329,Prevalence,5.78965861047173e-07
NbyGQVwzFc_loc12_loop6,12,ITN 0%/IRS 0%/Larvicide 0%,0;0.4;0.4_0;0;0_0;0;0_-100;2;5475_-100;2;5475_-100;2;5475,9.11506849315069,Prevalence,5.77525004120762e-07
NbyGQVwzFc_loc12_loop6,12,ITN 0%/IRS 0%/Larvicide 0%,0;0.4;0.4_0;0;0_0;0;0_-100;2;5475_-100;2;5475_-100;2;5475,9.11780821917808,Prevalence,5.76080513882699e-07
NbyGQVwzFc_loc12_loop6,12,ITN 0%/IRS 0%/Larvicide 0%,0;0.4;0.4_0;0;0_0;0;0_-100;2;5475_-100;2;5475_-100;2;5475,9.12054794520548,Prevalence,5.74633476351618e-07
NbyGQVwzFc_loc12_loop6,12,ITN 0%/IRS 0%/Larvicide 0%,0;0.4;0.4_0;0;0_0;0;0_-100;2;5475_-100;2;5475_-100;2;5475,9.12328767123288,Prevalence,5.73184839234673e-07
NbyGQVwzFc_loc12_loop6,12,ITN 0%/IRS 0%/Larvicide 0%,0;0.4;0.4_0;0;0_0;0;0_-100;2;5475_-100;2;5475_-100;2;5475,9.12602739726027,Prevalence,5.71735431738397e-07
NbyGQVwzFc_loc12_loop6,12,ITN 0%/IRS 0%/Larvicide 0%,0;0.4;0.4_0;0;0_0;0;0_-100;2;5475_-100;2;5475_-100;2;5475,9.12876712328767,Prevalence,5.70285979976011e-07
NbyGQVwzFc_loc12_loop6,12,ITN 0%/IRS 0%/Larvicide 0%,0;0.4;0.4_0;0;0_0;0;0_-100;2;5475_-100;2;5475_-100;2;5475,9.13150684931507,Prevalence,5.68837103683025e-07
NbyGQVwzFc_loc12_loop6,12,ITN 0%/IRS 0%/Larvicide 0%,0;0.4;0.4_0;0;0_0;0;0_-100;2;5475_-100;2;5475_-100;2;5475,9.13424657534247,Prevalence,5.67389335015782e-07
NbyGQVwzFc_loc12_loop6,12,ITN 0%/IRS 0%/Larvicide 0%,0;0.4;0.4_0;0;0_0;0;0_-100;2;5475_-100;2;5475_-100;2;5475,9.13698630136986,Prevalence,5.65943143122505e-07
NbyGQVwzFc_loc12_loop6,12,ITN 0%/IRS 0%/Larvicide 0%,0;0.4;0.4_0;0;0_0;0;0_-100;2;5475_-100;2;5475_-100;2;5475,9.13972602739726,Prevalence,5.64498942606736e-07
NbyGQVwzFc_loc12_loop6,12,ITN 0%/IRS 0%/Larvicide 0%,0;0.4;0.4_0;0;0_0;0;0_-100;2;5475_-100;2;5475_-100;2;5475,9.14246575342466,Prevalence,5.63057100447162e-07
NbyGQVwzFc_loc12_loop6,12,ITN 0%/IRS 0%/Larvicide 0%,0;0.4;0.4_0;0;0_0;0;0_-100;2;5475_-100;2;5475_-100;2;5475,9.14520547945206,Prevalence,5.61617941910248e-07
NbyGQVwzFc_loc12_loop6,12,ITN 0%/IRS 0%/Larvicide 0%,0;0.4;0.4_0;0;0_0;0;0_-100;2;5475_-100;2;5475_-100;2;5475,9.14794520547945,Prevalence,5.60181755618058e-07
NbyGQVwzFc_loc12_loop6,12,ITN 0%/IRS 0%/Larvicide 0%,0;0.4;0.4_0;0;0_0;0;0_-100;2;5475_-100;2;5475_-100;2;5475,9.15068493150685,Prevalence,5.58748797904891e-07
NbyGQVwzFc_loc12_loop6,12,ITN 0%/IRS 0%/Larvicide 0%,0;0.4;0.4_0;0;0_0;0;0_-100;2;5475_-100;2;5475_-100;2;5475,9.15342465753425,Prevalence,5.57319296293869e-07
NbyGQVwzFc_loc12_loop6,12,ITN 0%/IRS 0%/Larvicide 0%,0;0.4;0.4_0;0;0_0;0;0_-100;2;5475_-100;2;5475_-100;2;5475,9.15616438356164,Prevalence,5.55893451489128e-07
NbyGQVwzFc_loc12_loop6,12,ITN 0%/IRS 0%/Larvicide 0%,0;0.4;0.4_0;0;0_0;0;0_-100;2;5475_-100;2;5475_-100;2;5475,9.15890410958904,Prevalence,5.544714399186e-07
NbyGQVwzFc_loc12_loop6,12,ITN 0%/IRS 0%/Larvicide 0%,0;0.4;0.4_0;0;0_0;0;0_-100;2;5475_-100;2;5475_-100;2;5475,9.16164383561644,Prevalence,5.53053416524029e-07
NbyGQVwzFc_loc12_loop6,12,ITN 0%/IRS 0%/Larvicide 0%,0;0.4;0.4_0;0;0_0;0;0_-100;2;5475_-100;2;5475_-100;2;5475,9.16438356164384,Prevalence,5.51639517207283e-07
NbyGQVwzFc_loc12_loop6,12,ITN 0%/IRS 0%/Larvicide 0%,0;0.4;0.4_0;0;0_0;0;0_-100;2;5475_-100;2;5475_-100;2;5475,9.16712328767123,Prevalence,5.50229860970816e-07
NbyGQVwzFc_loc12_loop6,12,ITN 0%/IRS 0%/Larvicide 0%,0;0.4;0.4_0;0;0_0;0;0_-100;2;5475_-100;2;5475_-100;2;5475,9.16986301369863,Prevalence,5.48824551795242e-07
NbyGQVwzFc_loc12_loop6,12,ITN 0%/IRS 0%/Larvicide 0%,0;0.4;0.4_0;0;0_0;0;0_-100;2;5475_-100;2;5475_-100;2;5475,9.17260273972603,Prevalence,5.47423680290323e-07
NbyGQVwzFc_loc12_loop6,12,ITN 0%/IRS 0%/Larvicide 0%,0;0.4;0.4_0;0;0_0;0;0_-100;2;5475_-100;2;5475_-100;2;5475,9.17534246575342,Prevalence,5.46027325150106e-07
NbyGQVwzFc_loc12_loop6,12,ITN 0%/IRS 0%/Larvicide 0%,0;0.4;0.4_0;0;0_0;0;0_-100;2;5475_-100;2;5475_-100;2;5475,9.17808219178082,Prevalence,5.44635554438267e-07
NbyGQVwzFc_loc12_loop6,12,ITN 0%/IRS 0%/Larvicide 0%,0;0.4;0.4_0;0;0_0;0;0_-100;2;5475_-100;2;5475_-100;2;5475,9.18082191780822,Prevalence,5.43248426725863e-07
NbyGQVwzFc_loc12_loop6,12,ITN 0%/IRS 0%/Larvicide 0%,0;0.4;0.4_0;0;0_0;0;0_-100;2;5475_-100;2;5475_-100;2;5475,9.18356164383562,Prevalence,5.41865992100248e-07
NbyGQVwzFc_loc12_loop6,12,ITN 0%/IRS 0%/Larvicide 0%,0;0.4;0.4_0;0;0_0;0;0_-100;2;5475_-100;2;5475_-100;2;5475,9.18630136986301,Prevalence,5.40488292889219e-07
NbyGQVwzFc_loc12_loop6,12,ITN 0%/IRS 0%/Larvicide 0%,0;0.4;0.4_0;0;0_0;0;0_-100;2;5475_-100;2;5475_-100;2;5475,9.18904109589041,Prevalence,5.39115362105942e-07
NbyGQVwzFc_loc12_loop6,12,ITN 0%/IRS 0%/Larvicide 0%,0;0.4;0.4_0;0;0_0;0;0_-100;2;5475_-100;2;5475_-100;2;5475,9.19178082191781,Prevalence,5.37747222202504e-07
NbyGQVwzFc_loc12_loop6,12,ITN 0%/IRS 0%/Larvicide 0%,0;0.4;0.4_0;0;0_0;0;0_-100;2;5475_-100;2;5475_-100;2;5475,9.19452054794521,Prevalence,5.3638388673393e-07
NbyGQVwzFc_loc12_loop6,12,ITN 0%/IRS 0%/Larvicide 0%,0;0.4;0.4_0;0;0_0;0;0_-100;2;5475_-100;2;5475_-100;2;5475,9.1972602739726,Prevalence,5.35025362018659e-07
NbyGQVwzFc_loc12_loop6,12,ITN 0%/IRS 0%/Larvicide 0%,0;0.4;0.4_0;0;0_0;0;0_-100;2;5475_-100;2;5475_-100;2;5475,9.2,Prevalence,5.33671648492628e-07
NbyGQVwzFc_loc12_loop6,12,ITN 0%/IRS 0%/Larvicide 0%,0;0.4;0.4_0;0;0_0;0;0_-100;2;5475_-100;2;5475_-100;2;5475,9.2027397260274,Prevalence,5.32322741815189e-07
NbyGQVwzFc_loc12_loop6,12,ITN 0%/IRS 0%/Larvicide 0%,0;0.4;0.4_0;0;0_0;0;0_-100;2;5475_-100;2;5475_-100;2;5475,9.20547945205479,Prevalence,5.30978633773545e-07
NbyGQVwzFc_loc12_loop6,12,ITN 0%/IRS 0%/Larvicide 0%,0;0.4;0.4_0;0;0_0;0;0_-100;2;5475_-100;2;5475_-100;2;5475,9.20821917808219,Prevalence,5.2963931302341e-07
NbyGQVwzFc_loc12_loop6,12,ITN 0%/IRS 0%/Larvicide 0%,0;0.4;0.4_0;0;0_0;0;0_-100;2;5475_-100;2;5475_-100;2;5475,9.21095890410959,Prevalence,5.28304765696381e-07
NbyGQVwzFc_loc12_loop6,12,ITN 0%/IRS 0%/Larvicide 0%,0;0.4;0.4_0;0;0_0;0;0_-100;2;5475_-100;2;5475_-100;2;5475,9.21369863013699,Prevalence,5.26974975898605e-07
NbyGQVwzFc_loc12_loop6,12,ITN 0%/IRS 0%/Larvicide 0%,0;0.4;0.4_0;0;0_0;0;0_-100;2;5475_-100;2;5475_-100;2;5475,9.21643835616438,Prevalence,5.25649926120709e-07
NbyGQVwzFc_loc12_loop6,12,ITN 0%/IRS 0%/Larvicide 0%,0;0.4;0.4_0;0;0_0;0;0_-100;2;5475_-100;2;5475_-100;2;5475,9.21917808219178,Prevalence,5.24329597574968e-07
NbyGQVwzFc_loc12_loop6,12,ITN 0%/IRS 0%/Larvicide 0%,0;0.4;0.4_0;0;0_0;0;0_-100;2;5475_-100;2;5475_-100;2;5475,9.22191780821918,Prevalence,5.23013970470301e-07
NbyGQVwzFc_loc12_loop6,12,ITN 0%/IRS 0%/Larvicide 0%,0;0.4;0.4_0;0;0_0;0;0_-100;2;5475_-100;2;5475_-100;2;5475,9.22465753424657,Prevalence,5.2170302423365e-07
NbyGQVwzFc_loc12_loop6,12,ITN 0%/IRS 0%/Larvicide 0%,0;0.4;0.4_0;0;0_0;0;0_-100;2;5475_-100;2;5475_-100;2;5475,9.22739726027397,Prevalence,5.20396737691348e-07
NbyGQVwzFc_loc12_loop6,12,ITN 0%/IRS 0%/Larvicide 0%,0;0.4;0.4_0;0;0_0;0;0_-100;2;5475_-100;2;5475_-100;2;5475,9.23013698630137,Prevalence,5.1909508921916e-07
NbyGQVwzFc_loc12_loop6,12,ITN 0%/IRS 0%/Larvicide 0%,0;0.4;0.4_0;0;0_0;0;0_-100;2;5475_-100;2;5475_-100;2;5475,9.23287671232877,Prevalence,5.17798056866458e-07
NbyGQVwzFc_loc12_loop6,12,ITN 0%/IRS 0%/Larvicide 0%,0;0.4;0.4_0;0;0_0;0;0_-100;2;5475_-100;2;5475_-100;2;5475,9.23561643835616,Prevalence,5.16505618458955e-07
NbyGQVwzFc_loc12_loop6,12,ITN 0%/IRS 0%/Larvicide 0%,0;0.4;0.4_0;0;0_0;0;0_-100;2;5475_-100;2;5475_-100;2;5475,9.23835616438356,Prevalence,5.15217751683615e-07
NbyGQVwzFc_loc12_loop6,12,ITN 0%/IRS 0%/Larvicide 0%,0;0.4;0.4_0;0;0_0;0;0_-100;2;5475_-100;2;5475_-100;2;5475,9.24109589041096,Prevalence,5.13934434158739e-07
NbyGQVwzFc_loc12_loop6,12,ITN 0%/IRS 0%/Larvicide 0%,0;0.4;0.4_0;0;0_0;0;0_-100;2;5475_-100;2;5475_-100;2;5475,9.24383561643836,Prevalence,5.12655643491643e-07
NbyGQVwzFc_loc12_loop6,12,ITN 0%/IRS 0%/Larvicide 0%,0;0.4;0.4_0;0;0_0;0;0_-100;2;5475_-100;2;5475_-100;2;5475,9.24657534246575,Prevalence,5.11381357325729e-07
NbyGQVwzFc_loc12_loop6,12,ITN 0%/IRS 0%/Larvicide 0%,0;0.4;0.4_0;0;0_0;0;0_-100;2;5475_-100;2;5475_-100;2;5475,9.24931506849315,Prevalence,5.10111553378438e-07
NbyGQVwzFc_loc12_loop6,12,ITN 0%/IRS 0%/Larvicide 0%,0;0.4;0.4_0;0;0_0;0;0_-100;2;5475_-100;2;5475_-100;2;5475,9.25205479452055,Prevalence,5.08846209471555e-07
NbyGQVwzFc_loc12_loop6,12,ITN 0%/IRS 0%/Larvicide 0%,0;0.4;0.4_0;0;0_0;0;0_-100;2;5475_-100;2;5475_-100;2;5475,9.25479452054794,Prevalence,5.07585303555183e-07
NbyGQVwzFc_loc12_loop6,12,ITN 0%/IRS 0%/Larvicide 0%,0;0.4;0.4_0;0;0_0;0;0_-100;2;5475_-100;2;5475_-100;2;5475,9.25753424657534,Prevalence,5.06328813726494e-07
NbyGQVwzFc_loc12_loop6,12,ITN 0%/IRS 0%/Larvicide 0%,0;0.4;0.4_0;0;0_0;0;0_-100;2;5475_-100;2;5475_-100;2;5475,9.26027397260274,Prevalence,5.05076718244129e-07
NbyGQVwzFc_loc12_loop6,12,ITN 0%/IRS 0%/Larvicide 0%,0;0.4;0.4_0;0;0_0;0;0_-100;2;5475_-100;2;5475_-100;2;5475,9.26301369863014,Prevalence,5.03828995539021e-07
NbyGQVwzFc_loc12_loop6,12,ITN 0%/IRS 0%/Larvicide 0%,0;0.4;0.4_0;0;0_0;0;0_-100;2;5475_-100;2;5475_-100;2;5475,9.26575342465753,Prevalence,5.02585624222243e-07
NbyGQVwzFc_loc12_loop6,12,ITN 0%/IRS 0%/Larvicide 0%,0;0.4;0.4_0;0;0_0;0;0_-100;2;5475_-100;2;5475_-100;2;5475,9.26849315068493,Prevalence,5.01346583090423e-07
NbyGQVwzFc_loc12_loop6,12,ITN 0%/IRS 0%/Larvicide 0%,0;0.4;0.4_0;0;0_0;0;0_-100;2;5475_-100;2;5475_-100;2;5475,9.27123287671233,Prevalence,5.00111851129145e-07
NbyGQVwzFc_loc12_loop6,12,ITN 0%/IRS 0%/Larvicide 0%,0;0.4;0.4_0;0;0_0;0;0_-100;2;5475_-100;2;5475_-100;2;5475,9.27397260273973,Prevalence,4.98881407514728e-07
NbyGQVwzFc_loc12_loop6,12,ITN 0%/IRS 0%/Larvicide 0%,0;0.4;0.4_0;0;0_0;0;0_-100;2;5475_-100;2;5475_-100;2;5475,9.27671232876712,Prevalence,4.97655231614634e-07
NbyGQVwzFc_loc12_loop6,12,ITN 0%/IRS 0%/Larvicide 0%,0;0.4;0.4_0;0;0_0;0;0_-100;2;5475_-100;2;5475_-100;2;5475,9.27945205479452,Prevalence,4.96433302986444e-07
NbyGQVwzFc_loc12_loop6,12,ITN 0%/IRS 0%/Larvicide 0%,0;0.4;0.4_0;0;0_0;0;0_-100;2;5475_-100;2;5475_-100;2;5475,9.28219178082192,Prevalence,4.95215601374929e-07
NbyGQVwzFc_loc12_loop6,12,ITN 0%/IRS 0%/Larvicide 0%,0;0.4;0.4_0;0;0_0;0;0_-100;2;5475_-100;2;5475_-100;2;5475,9.28493150684931,Prevalence,4.94002106707443e-07
NbyGQVwzFc_loc12_loop6,12,ITN 0%/IRS 0%/Larvicide 0%,0;0.4;0.4_0;0;0_0;0;0_-100;2;5475_-100;2;5475_-100;2;5475,9.28767123287671,Prevalence,4.92792799088249e-07
NbyGQVwzFc_loc12_loop6,12,ITN 0%/IRS 0%/Larvicide 0%,0;0.4;0.4_0;0;0_0;0;0_-100;2;5475_-100;2;5475_-100;2;5475,9.29041095890411,Prevalence,4.91587658792252e-07
NbyGQVwzFc_loc12_loop6,12,ITN 0%/IRS 0%/Larvicide 0%,0;0.4;0.4_0;0;0_0;0;0_-100;2;5475_-100;2;5475_-100;2;5475,9.29315068493151,Prevalence,4.90386666258484e-07
NbyGQVwzFc_loc12_loop6,12,ITN 0%/IRS 0%/Larvicide 0%,0;0.4;0.4_0;0;0_0;0;0_-100;2;5475_-100;2;5475_-100;2;5475,9.2958904109589,Prevalence,4.89189802083592e-07
NbyGQVwzFc_loc12_loop6,12,ITN 0%/IRS 0%/Larvicide 0%,0;0.4;0.4_0;0;0_0;0;0_-100;2;5475_-100;2;5475_-100;2;5475,9.2986301369863,Prevalence,4.87997047015475e-07
NbyGQVwzFc_loc12_loop6,12,ITN 0%/IRS 0%/Larvicide 0%,0;0.4;0.4_0;0;0_0;0;0_-100;2;5475_-100;2;5475_-100;2;5475,9.3013698630137,Prevalence,4.86808381947224e-07
NbyGQVwzFc_loc12_loop6,12,ITN 0%/IRS 0%/Larvicide 0%,0;0.4;0.4_0;0;0_0;0;0_-100;2;5475_-100;2;5475_-100;2;5475,9.3041095890411,Prevalence,4.85623787911385e-07
NbyGQVwzFc_loc12_loop6,12,ITN 0%/IRS 0%/Larvicide 0%,0;0.4;0.4_0;0;0_0;0;0_-100;2;5475_-100;2;5475_-100;2;5475,9.30684931506849,Prevalence,4.84443246074631e-07
NbyGQVwzFc_loc12_loop6,12,ITN 0%/IRS 0%/Larvicide 0%,0;0.4;0.4_0;0;0_0;0;0_-100;2;5475_-100;2;5475_-100;2;5475,9.30958904109589,Prevalence,4.8326673773282e-07
NbyGQVwzFc_loc12_loop6,12,ITN 0%/IRS 0%/Larvicide 0%,0;0.4;0.4_0;0;0_0;0;0_-100;2;5475_-100;2;5475_-100;2;5475,9.31232876712329,Prevalence,4.82094244306478e-07
NbyGQVwzFc_loc12_loop6,12,ITN 0%/IRS 0%/Larvicide 0%,0;0.4;0.4_0;0;0_0;0;0_-100;2;5475_-100;2;5475_-100;2;5475,9.31506849315068,Prevalence,4.80925747336681e-07
NbyGQVwzFc_loc12_loop6,12,ITN 0%/IRS 0%/Larvicide 0%,0;0.4;0.4_0;0;0_0;0;0_-100;2;5475_-100;2;5475_-100;2;5475,9.31780821917808,Prevalence,4.79761228481312e-07
NbyGQVwzFc_loc12_loop6,12,ITN 0%/IRS 0%/Larvicide 0%,0;0.4;0.4_0;0;0_0;0;0_-100;2;5475_-100;2;5475_-100;2;5475,9.32054794520548,Prevalence,4.7860066951168e-07
NbyGQVwzFc_loc12_loop6,12,ITN 0%/IRS 0%/Larvicide 0%,0;0.4;0.4_0;0;0_0;0;0_-100;2;5475_-100;2;5475_-100;2;5475,9.32328767123288,Prevalence,4.77444052309456e-07
NbyGQVwzFc_loc12_loop6,12,ITN 0%/IRS 0%/Larvicide 0%,0;0.4;0.4_0;0;0_0;0;0_-100;2;5475_-100;2;5475_-100;2;5475,9.32602739726027,Prevalence,4.76291358863933e-07
NbyGQVwzFc_loc12_loop6,12,ITN 0%/IRS 0%/Larvicide 0%,0;0.4;0.4_0;0;0_0;0;0_-100;2;5475_-100;2;5475_-100;2;5475,9.32876712328767,Prevalence,4.75142571269556e-07
NbyGQVwzFc_loc12_loop6,12,ITN 0%/IRS 0%/Larvicide 0%,0;0.4;0.4_0;0;0_0;0;0_-100;2;5475_-100;2;5475_-100;2;5475,9.33150684931507,Prevalence,4.73997671723711e-07
NbyGQVwzFc_loc12_loop6,12,ITN 0%/IRS 0%/Larvicide 0%,0;0.4;0.4_0;0;0_0;0;0_-100;2;5475_-100;2;5475_-100;2;5475,9.33424657534247,Prevalence,4.72856642524743e-07
NbyGQVwzFc_loc12_loop6,12,ITN 0%/IRS 0%/Larvicide 0%,0;0.4;0.4_0;0;0_0;0;0_-100;2;5475_-100;2;5475_-100;2;5475,9.33698630136986,Prevalence,4.71719466070196e-07
NbyGQVwzFc_loc12_loop6,12,ITN 0%/IRS 0%/Larvicide 0%,0;0.4;0.4_0;0;0_0;0;0_-100;2;5475_-100;2;5475_-100;2;5475,9.33972602739726,Prevalence,4.70586124855223e-07
NbyGQVwzFc_loc12_loop6,12,ITN 0%/IRS 0%/Larvicide 0%,0;0.4;0.4_0;0;0_0;0;0_-100;2;5475_-100;2;5475_-100;2;5475,9.34246575342466,Prevalence,4.69456601471178e-07
NbyGQVwzFc_loc12_loop6,12,ITN 0%/IRS 0%/Larvicide 0%,0;0.4;0.4_0;0;0_0;0;0_-100;2;5475_-100;2;5475_-100;2;5475,9.34520547945205,Prevalence,4.68330878604356e-07
NbyGQVwzFc_loc12_loop6,12,ITN 0%/IRS 0%/Larvicide 0%,0;0.4;0.4_0;0;0_0;0;0_-100;2;5475_-100;2;5475_-100;2;5475,9.34794520547945,Prevalence,4.67208939034859e-07
NbyGQVwzFc_loc12_loop6,12,ITN 0%/IRS 0%/Larvicide 0%,0;0.4;0.4_0;0;0_0;0;0_-100;2;5475_-100;2;5475_-100;2;5475,9.35068493150685,Prevalence,4.6609076563559e-07
NbyGQVwzFc_loc12_loop6,12,ITN 0%/IRS 0%/Larvicide 0%,0;0.4;0.4_0;0;0_0;0;0_-100;2;5475_-100;2;5475_-100;2;5475,9.35342465753425,Prevalence,4.6497634137134e-07
NbyGQVwzFc_loc12_loop6,12,ITN 0%/IRS 0%/Larvicide 0%,0;0.4;0.4_0;0;0_0;0;0_-100;2;5475_-100;2;5475_-100;2;5475,9.35616438356164,Prevalence,4.63865649297976e-07
NbyGQVwzFc_loc12_loop6,12,ITN 0%/IRS 0%/Larvicide 0%,0;0.4;0.4_0;0;0_0;0;0_-100;2;5475_-100;2;5475_-100;2;5475,9.35890410958904,Prevalence,4.62758672561702e-07
NbyGQVwzFc_loc12_loop6,12,ITN 0%/IRS 0%/Larvicide 0%,0;0.4;0.4_0;0;0_0;0;0_-100;2;5475_-100;2;5475_-100;2;5475,9.36164383561644,Prevalence,4.61655394398385e-07
NbyGQVwzFc_loc12_loop6,12,ITN 0%/IRS 0%/Larvicide 0%,0;0.4;0.4_0;0;0_0;0;0_-100;2;5475_-100;2;5475_-100;2;5475,9.36438356164384,Prevalence,4.60555798132956e-07
NbyGQVwzFc_loc12_loop6,12,ITN 0%/IRS 0%/Larvicide 0%,0;0.4;0.4_0;0;0_0;0;0_-100;2;5475_-100;2;5475_-100;2;5475,9.36712328767123,Prevalence,4.59459867178832e-07
NbyGQVwzFc_loc12_loop6,12,ITN 0%/IRS 0%/Larvicide 0%,0;0.4;0.4_0;0;0_0;0;0_-100;2;5475_-100;2;5475_-100;2;5475,9.36986301369863,Prevalence,4.58367585037412e-07
NbyGQVwzFc_loc12_loop6,12,ITN 0%/IRS 0%/Larvicide 0%,0;0.4;0.4_0;0;0_0;0;0_-100;2;5475_-100;2;5475_-100;2;5475,9.37260273972603,Prevalence,4.57278935297602e-07
NbyGQVwzFc_loc12_loop6,12,ITN 0%/IRS 0%/Larvicide 0%,0;0.4;0.4_0;0;0_0;0;0_-100;2;5475_-100;2;5475_-100;2;5475,9.37534246575343,Prevalence,4.56193901635371e-07
NbyGQVwzFc_loc12_loop6,12,ITN 0%/IRS 0%/Larvicide 0%,0;0.4;0.4_0;0;0_0;0;0_-100;2;5475_-100;2;5475_-100;2;5475,9.37808219178082,Prevalence,4.55112467813328e-07
NbyGQVwzFc_loc12_loop6,12,ITN 0%/IRS 0%/Larvicide 0%,0;0.4;0.4_0;0;0_0;0;0_-100;2;5475_-100;2;5475_-100;2;5475,9.38082191780822,Prevalence,4.5403461768032e-07
NbyGQVwzFc_loc12_loop6,12,ITN 0%/IRS 0%/Larvicide 0%,0;0.4;0.4_0;0;0_0;0;0_-100;2;5475_-100;2;5475_-100;2;5475,9.38356164383562,Prevalence,4.52960335171048e-07
NbyGQVwzFc_loc12_loop6,12,ITN 0%/IRS 0%/Larvicide 0%,0;0.4;0.4_0;0;0_0;0;0_-100;2;5475_-100;2;5475_-100;2;5475,9.38630136986301,Prevalence,4.51889604305685e-07
NbyGQVwzFc_loc12_loop6,12,ITN 0%/IRS 0%/Larvicide 0%,0;0.4;0.4_0;0;0_0;0;0_-100;2;5475_-100;2;5475_-100;2;5475,9.38904109589041,Prevalence,4.50822409189511e-07
NbyGQVwzFc_loc12_loop6,12,ITN 0%/IRS 0%/Larvicide 0%,0;0.4;0.4_0;0;0_0;0;0_-100;2;5475_-100;2;5475_-100;2;5475,9.39178082191781,Prevalence,4.49758734012553e-07
NbyGQVwzFc_loc12_loop6,12,ITN 0%/IRS 0%/Larvicide 0%,0;0.4;0.4_0;0;0_0;0;0_-100;2;5475_-100;2;5475_-100;2;5475,9.39452054794521,Prevalence,4.48698563049212e-07
NbyGQVwzFc_loc12_loop6,12,ITN 0%/IRS 0%/Larvicide 0%,0;0.4;0.4_0;0;0_0;0;0_-100;2;5475_-100;2;5475_-100;2;5475,9.3972602739726,Prevalence,4.47641880657918e-07
NbyGQVwzFc_loc12_loop6,12,ITN 0%/IRS 0%/Larvicide 0%,0;0.4;0.4_0;0;0_0;0;0_-100;2;5475_-100;2;5475_-100;2;5475,9.4,Prevalence,4.46588671280755e-07
NbyGQVwzFc_loc12_loop6,12,ITN 0%/IRS 0%/Larvicide 0%,0;0.4;0.4_0;0;0_0;0;0_-100;2;5475_-100;2;5475_-100;2;5475,9.4027397260274,Prevalence,4.45538919443104e-07
NbyGQVwzFc_loc12_loop6,12,ITN 0%/IRS 0%/Larvicide 0%,0;0.4;0.4_0;0;0_0;0;0_-100;2;5475_-100;2;5475_-100;2;5475,9.4054794520548,Prevalence,4.44492609753274e-07
NbyGQVwzFc_loc12_loop6,12,ITN 0%/IRS 0%/Larvicide 0%,0;0.4;0.4_0;0;0_0;0;0_-100;2;5475_-100;2;5475_-100;2;5475,9.40821917808219,Prevalence,4.43449726902131e-07
NbyGQVwzFc_loc12_loop6,12,ITN 0%/IRS 0%/Larvicide 0%,0;0.4;0.4_0;0;0_0;0;0_-100;2;5475_-100;2;5475_-100;2;5475,9.41095890410959,Prevalence,4.42410255662723e-07
NbyGQVwzFc_loc12_loop6,12,ITN 0%/IRS 0%/Larvicide 0%,0;0.4;0.4_0;0;0_0;0;0_-100;2;5475_-100;2;5475_-100;2;5475,9.41369863013699,Prevalence,4.41374180889903e-07
NbyGQVwzFc_loc12_loop6,12,ITN 0%/IRS 0%/Larvicide 0%,0;0.4;0.4_0;0;0_0;0;0_-100;2;5475_-100;2;5475_-100;2;5475,9.41643835616438,Prevalence,4.40341487519941e-07
NbyGQVwzFc_loc12_loop6,12,ITN 0%/IRS 0%/Larvicide 0%,0;0.4;0.4_0;0;0_0;0;0_-100;2;5475_-100;2;5475_-100;2;5475,9.41917808219178,Prevalence,4.39312160570137e-07
NbyGQVwzFc_loc12_loop6,12,ITN 0%/IRS 0%/Larvicide 0%,0;0.4;0.4_0;0;0_0;0;0_-100;2;5475_-100;2;5475_-100;2;5475,9.42191780821918,Prevalence,4.3828618513843e-07
NbyGQVwzFc_loc12_loop6,12,ITN 0%/IRS 0%/Larvicide 0%,0;0.4;0.4_0;0;0_0;0;0_-100;2;5475_-100;2;5475_-100;2;5475,9.42465753424658,Prevalence,4.37263546402999e-07
NbyGQVwzFc_loc12_loop6,12,ITN 0%/IRS 0%/Larvicide 0%,0;0.4;0.4_0;0;0_0;0;0_-100;2;5475_-100;2;5475_-100;2;5475,9.42739726027397,Prevalence,4.36244229621846e-07
NbyGQVwzFc_loc12_loop6,12,ITN 0%/IRS 0%/Larvicide 0%,0;0.4;0.4_0;0;0_0;0;0_-100;2;5475_-100;2;5475_-100;2;5475,9.43013698630137,Prevalence,4.35228220132408e-07
NbyGQVwzFc_loc12_loop6,12,ITN 0%/IRS 0%/Larvicide 0%,0;0.4;0.4_0;0;0_0;0;0_-100;2;5475_-100;2;5475_-100;2;5475,9.43287671232877,Prevalence,4.34215503351149e-07
NbyGQVwzFc_loc12_loop6,12,ITN 0%/IRS 0%/Larvicide 0%,0;0.4;0.4_0;0;0_0;0;0_-100;2;5475_-100;2;5475_-100;2;5475,9.43561643835617,Prevalence,4.33206064773146e-07
NbyGQVwzFc_loc12_loop6,12,ITN 0%/IRS 0%/Larvicide 0%,0;0.4;0.4_0;0;0_0;0;0_-100;2;5475_-100;2;5475_-100;2;5475,9.43835616438356,Prevalence,4.32199889971675e-07
NbyGQVwzFc_loc12_loop6,12,ITN 0%/IRS 0%/Larvicide 0%,0;0.4;0.4_0;0;0_0;0;0_-100;2;5475_-100;2;5475_-100;2;5475,9.44109589041096,Prevalence,4.31196964597793e-07
NbyGQVwzFc_loc12_loop6,12,ITN 0%/IRS 0%/Larvicide 0%,0;0.4;0.4_0;0;0_0;0;0_-100;2;5475_-100;2;5475_-100;2;5475,9.44383561643836,Prevalence,4.3019727437992e-07
NbyGQVwzFc_loc12_loop6,12,ITN 0%/IRS 0%/Larvicide 0%,0;0.4;0.4_0;0;0_0;0;0_-100;2;5475_-100;2;5475_-100;2;5475,9.44657534246575,Prevalence,4.29200805123416e-07
NbyGQVwzFc_loc12_loop6,12,ITN 0%/IRS 0%/Larvicide 0%,0;0.4;0.4_0;0;0_0;0;0_-100;2;5475_-100;2;5475_-100;2;5475,9.44931506849315,Prevalence,4.28207542710158e-07
NbyGQVwzFc_loc12_loop6,12,ITN 0%/IRS 0%/Larvicide 0%,0;0.4;0.4_0;0;0_0;0;0_-100;2;5475_-100;2;5475_-100;2;5475,9.45205479452055,Prevalence,4.27217473098117e-07
NbyGQVwzFc_loc12_loop6,12,ITN 0%/IRS 0%/Larvicide 0%,0;0.4;0.4_0;0;0_0;0;0_-100;2;5475_-100;2;5475_-100;2;5475,9.45479452054795,Prevalence,4.26230582320933e-07
NbyGQVwzFc_loc12_loop6,12,ITN 0%/IRS 0%/Larvicide 0%,0;0.4;0.4_0;0;0_0;0;0_-100;2;5475_-100;2;5475_-100;2;5475,9.45753424657534,Prevalence,4.25246856487487e-07
NbyGQVwzFc_loc12_loop6,12,ITN 0%/IRS 0%/Larvicide 0%,0;0.4;0.4_0;0;0_0;0;0_-100;2;5475_-100;2;5475_-100;2;5475,9.46027397260274,Prevalence,4.24266281781478e-07
NbyGQVwzFc_loc12_loop6,12,ITN 0%/IRS 0%/Larvicide 0%,0;0.4;0.4_0;0;0_0;0;0_-100;2;5475_-100;2;5475_-100;2;5475,9.46301369863014,Prevalence,4.23288844460996e-07
NbyGQVwzFc_loc12_loop6,12,ITN 0%/IRS 0%/Larvicide 0%,0;0.4;0.4_0;0;0_0;0;0_-100;2;5475_-100;2;5475_-100;2;5475,9.46575342465753,Prevalence,4.22314530858094e-07
NbyGQVwzFc_loc12_loop6,12,ITN 0%/IRS 0%/Larvicide 0%,0;0.4;0.4_0;0;0_0;0;0_-100;2;5475_-100;2;5475_-100;2;5475,9.46849315068493,Prevalence,4.21343327378362e-07
NbyGQVwzFc_loc12_loop6,12,ITN 0%/IRS 0%/Larvicide 0%,0;0.4;0.4_0;0;0_0;0;0_-100;2;5475_-100;2;5475_-100;2;5475,9.47123287671233,Prevalence,4.20375220500507e-07
NbyGQVwzFc_loc12_loop6,12,ITN 0%/IRS 0%/Larvicide 0%,0;0.4;0.4_0;0;0_0;0;0_-100;2;5475_-100;2;5475_-100;2;5475,9.47397260273973,Prevalence,4.19410196775922e-07
NbyGQVwzFc_loc12_loop6,12,ITN 0%/IRS 0%/Larvicide 0%,0;0.4;0.4_0;0;0_0;0;0_-100;2;5475_-100;2;5475_-100;2;5475,9.47671232876712,Prevalence,4.18448242828269e-07
NbyGQVwzFc_loc12_loop6,12,ITN 0%/IRS 0%/Larvicide 0%,0;0.4;0.4_0;0;0_0;0;0_-100;2;5475_-100;2;5475_-100;2;5475,9.47945205479452,Prevalence,4.17489345353049e-07
NbyGQVwzFc_loc12_loop6,12,ITN 0%/IRS 0%/Larvicide 0%,0;0.4;0.4_0;0;0_0;0;0_-100;2;5475_-100;2;5475_-100;2;5475,9.48219178082192,Prevalence,4.16533491117189e-07
NbyGQVwzFc_loc12_loop6,12,ITN 0%/IRS 0%/Larvicide 0%,0;0.4;0.4_0;0;0_0;0;0_-100;2;5475_-100;2;5475_-100;2;5475,9.48493150684932,Prevalence,4.15580666958615e-07
NbyGQVwzFc_loc12_loop6,12,ITN 0%/IRS 0%/Larvicide 0%,0;0.4;0.4_0;0;0_0;0;0_-100;2;5475_-100;2;5475_-100;2;5475,9.48767123287671,Prevalence,4.14630859785824e-07
NbyGQVwzFc_loc12_loop6,12,ITN 0%/IRS 0%/Larvicide 0%,0;0.4;0.4_0;0;0_0;0;0_-100;2;5475_-100;2;5475_-100;2;5475,9.49041095890411,Prevalence,4.13684056577486e-07
NbyGQVwzFc_loc12_loop6,12,ITN 0%/IRS 0%/Larvicide 0%,0;0.4;0.4_0;0;0_0;0;0_-100;2;5475_-100;2;5475_-100;2;5475,9.49315068493151,Prevalence,4.12740244382022e-07
NbyGQVwzFc_loc12_loop6,12,ITN 0%/IRS 0%/Larvicide 0%,0;0.4;0.4_0;0;0_0;0;0_-100;2;5475_-100;2;5475_-100;2;5475,9.4958904109589,Prevalence,4.11799410317198e-07
NbyGQVwzFc_loc12_loop6,12,ITN 0%/IRS 0%/Larvicide 0%,0;0.4;0.4_0;0;0_0;0;0_-100;2;5475_-100;2;5475_-100;2;5475,9.4986301369863,Prevalence,4.10861541569709e-07
NbyGQVwzFc_loc12_loop6,12,ITN 0%/IRS 0%/Larvicide 0%,0;0.4;0.4_0;0;0_0;0;0_-100;2;5475_-100;2;5475_-100;2;5475,9.5013698630137,Prevalence,4.09926625394769e-07
NbyGQVwzFc_loc12_loop6,12,ITN 0%/IRS 0%/Larvicide 0%,0;0.4;0.4_0;0;0_0;0;0_-100;2;5475_-100;2;5475_-100;2;5475,9.5041095890411,Prevalence,4.08994649115709e-07
NbyGQVwzFc_loc12_loop6,12,ITN 0%/IRS 0%/Larvicide 0%,0;0.4;0.4_0;0;0_0;0;0_-100;2;5475_-100;2;5475_-100;2;5475,9.50684931506849,Prevalence,4.08065600123569e-07
NbyGQVwzFc_loc12_loop6,12,ITN 0%/IRS 0%/Larvicide 0%,0;0.4;0.4_0;0;0_0;0;0_-100;2;5475_-100;2;5475_-100;2;5475,9.50958904109589,Prevalence,4.07139465876694e-07
NbyGQVwzFc_loc12_loop6,12,ITN 0%/IRS 0%/Larvicide 0%,0;0.4;0.4_0;0;0_0;0;0_-100;2;5475_-100;2;5475_-100;2;5475,9.51232876712329,Prevalence,4.06216233900337e-07
NbyGQVwzFc_loc12_loop6,12,ITN 0%/IRS 0%/Larvicide 0%,0;0.4;0.4_0;0;0_0;0;0_-100;2;5475_-100;2;5475_-100;2;5475,9.51506849315068,Prevalence,4.05295891786258e-07
NbyGQVwzFc_loc12_loop6,12,ITN 0%/IRS 0%/Larvicide 0%,0;0.4;0.4_0;0;0_0;0;0_-100;2;5475_-100;2;5475_-100;2;5475,9.51780821917808,Prevalence,4.04378427192329e-07
NbyGQVwzFc_loc12_loop6,12,ITN 0%/IRS 0%/Larvicide 0%,0;0.4;0.4_0;0;0_0;0;0_-100;2;5475_-100;2;5475_-100;2;5475,9.52054794520548,Prevalence,4.03463827842137e-07
NbyGQVwzFc_loc12_loop6,12,ITN 0%/IRS 0%/Larvicide 0%,0;0.4;0.4_0;0;0_0;0;0_-100;2;5475_-100;2;5475_-100;2;5475,9.52328767123288,Prevalence,4.02552081524599e-07
NbyGQVwzFc_loc12_loop6,12,ITN 0%/IRS 0%/Larvicide 0%,0;0.4;0.4_0;0;0_0;0;0_-100;2;5475_-100;2;5475_-100;2;5475,9.52602739726027,Prevalence,4.01643176093567e-07
NbyGQVwzFc_loc12_loop6,12,ITN 0%/IRS 0%/Larvicide 0%,0;0.4;0.4_0;0;0_0;0;0_-100;2;5475_-100;2;5475_-100;2;5475,9.52876712328767,Prevalence,4.00737099467442e-07
NbyGQVwzFc_loc12_loop6,12,ITN 0%/IRS 0%/Larvicide 0%,0;0.4;0.4_0;0;0_0;0;0_-100;2;5475_-100;2;5475_-100;2;5475,9.53150684931507,Prevalence,3.9983383962879e-07
NbyGQVwzFc_loc12_loop6,12,ITN 0%/IRS 0%/Larvicide 0%,0;0.4;0.4_0;0;0_0;0;0_-100;2;5475_-100;2;5475_-100;2;5475,9.53424657534247,Prevalence,3.98933384623959e-07
NbyGQVwzFc_loc12_loop6,12,ITN 0%/IRS 0%/Larvicide 0%,0;0.4;0.4_0;0;0_0;0;0_-100;2;5475_-100;2;5475_-100;2;5475,9.53698630136986,Prevalence,3.98035722562701e-07
NbyGQVwzFc_loc12_loop6,12,ITN 0%/IRS 0%/Larvicide 0%,0;0.4;0.4_0;0;0_0;0;0_-100;2;5475_-100;2;5475_-100;2;5475,9.53972602739726,Prevalence,3.97140841617789e-07
NbyGQVwzFc_loc12_loop6,12,ITN 0%/IRS 0%/Larvicide 0%,0;0.4;0.4_0;0;0_0;0;0_-100;2;5475_-100;2;5475_-100;2;5475,9.54246575342466,Prevalence,3.96248730024647e-07
NbyGQVwzFc_loc12_loop6,12,ITN 0%/IRS 0%/Larvicide 0%,0;0.4;0.4_0;0;0_0;0;0_-100;2;5475_-100;2;5475_-100;2;5475,9.54520547945205,Prevalence,3.95359376080973e-07
NbyGQVwzFc_loc12_loop6,12,ITN 0%/IRS 0%/Larvicide 0%,0;0.4;0.4_0;0;0_0;0;0_-100;2;5475_-100;2;5475_-100;2;5475,9.54794520547945,Prevalence,3.94472768146358e-07
NbyGQVwzFc_loc12_loop6,12,ITN 0%/IRS 0%/Larvicide 0%,0;0.4;0.4_0;0;0_0;0;0_-100;2;5475_-100;2;5475_-100;2;5475,9.55068493150685,Prevalence,3.93588894641926e-07
NbyGQVwzFc_loc12_loop6,12,ITN 0%/IRS 0%/Larvicide 0%,0;0.4;0.4_0;0;0_0;0;0_-100;2;5475_-100;2;5475_-100;2;5475,9.55342465753425,Prevalence,3.92707744049972e-07
NbyGQVwzFc_loc12_loop6,12,ITN 0%/IRS 0%/Larvicide 0%,0;0.4;0.4_0;0;0_0;0;0_-100;2;5475_-100;2;5475_-100;2;5475,9.55616438356164,Prevalence,3.91829304913597e-07
NbyGQVwzFc_loc12_loop6,12,ITN 0%/IRS 0%/Larvicide 0%,0;0.4;0.4_0;0;0_0;0;0_-100;2;5475_-100;2;5475_-100;2;5475,9.55890410958904,Prevalence,3.90953565836345e-07
NbyGQVwzFc_loc12_loop6,12,ITN 0%/IRS 0%/Larvicide 0%,0;0.4;0.4_0;0;0_0;0;0_-100;2;5475_-100;2;5475_-100;2;5475,9.56164383561644,Prevalence,3.90080515481842e-07
NbyGQVwzFc_loc12_loop6,12,ITN 0%/IRS 0%/Larvicide 0%,0;0.4;0.4_0;0;0_0;0;0_-100;2;5475_-100;2;5475_-100;2;5475,9.56438356164383,Prevalence,3.89210142573444e-07
NbyGQVwzFc_loc12_loop6,12,ITN 0%/IRS 0%/Larvicide 0%,0;0.4;0.4_0;0;0_0;0;0_-100;2;5475_-100;2;5475_-100;2;5475,9.56712328767123,Prevalence,3.88342435893872e-07
NbyGQVwzFc_loc12_loop6,12,ITN 0%/IRS 0%/Larvicide 0%,0;0.4;0.4_0;0;0_0;0;0_-100;2;5475_-100;2;5475_-100;2;5475,9.56986301369863,Prevalence,3.87477384284867e-07
NbyGQVwzFc_loc12_loop6,12,ITN 0%/IRS 0%/Larvicide 0%,0;0.4;0.4_0;0;0_0;0;0_-100;2;5475_-100;2;5475_-100;2;5475,9.57260273972603,Prevalence,3.86614976646838e-07
NbyGQVwzFc_loc12_loop6,12,ITN 0%/IRS 0%/Larvicide 0%,0;0.4;0.4_0;0;0_0;0;0_-100;2;5475_-100;2;5475_-100;2;5475,9.57534246575342,Prevalence,3.85755201938509e-07
NbyGQVwzFc_loc12_loop6,12,ITN 0%/IRS 0%/Larvicide 0%,0;0.4;0.4_0;0;0_0;0;0_-100;2;5475_-100;2;5475_-100;2;5475,9.57808219178082,Prevalence,3.84898049176578e-07
NbyGQVwzFc_loc12_loop6,12,ITN 0%/IRS 0%/Larvicide 0%,0;0.4;0.4_0;0;0_0;0;0_-100;2;5475_-100;2;5475_-100;2;5475,9.58082191780822,Prevalence,3.84043507435369e-07
NbyGQVwzFc_loc12_loop6,12,ITN 0%/IRS 0%/Larvicide 0%,0;0.4;0.4_0;0;0_0;0;0_-100;2;5475_-100;2;5475_-100;2;5475,9.58356164383562,Prevalence,3.83191565846492e-07
NbyGQVwzFc_loc12_loop6,12,ITN 0%/IRS 0%/Larvicide 0%,0;0.4;0.4_0;0;0_0;0;0_-100;2;5475_-100;2;5475_-100;2;5475,9.58630136986301,Prevalence,3.823422135985e-07
NbyGQVwzFc_loc12_loop6,12,ITN 0%/IRS 0%/Larvicide 0%,0;0.4;0.4_0;0;0_0;0;0_-100;2;5475_-100;2;5475_-100;2;5475,9.58904109589041,Prevalence,3.81495439936554e-07
NbyGQVwzFc_loc12_loop6,12,ITN 0%/IRS 0%/Larvicide 0%,0;0.4;0.4_0;0;0_0;0;0_-100;2;5475_-100;2;5475_-100;2;5475,9.59178082191781,Prevalence,3.80651234162088e-07
NbyGQVwzFc_loc12_loop6,12,ITN 0%/IRS 0%/Larvicide 0%,0;0.4;0.4_0;0;0_0;0;0_-100;2;5475_-100;2;5475_-100;2;5475,9.5945205479452,Prevalence,3.79809585632471e-07
NbyGQVwzFc_loc12_loop6,12,ITN 0%/IRS 0%/Larvicide 0%,0;0.4;0.4_0;0;0_0;0;0_-100;2;5475_-100;2;5475_-100;2;5475,9.5972602739726,Prevalence,3.7897048376068e-07
NbyGQVwzFc_loc12_loop6,12,ITN 0%/IRS 0%/Larvicide 0%,0;0.4;0.4_0;0;0_0;0;0_-100;2;5475_-100;2;5475_-100;2;5475,9.6,Prevalence,3.78133918014966e-07
NbyGQVwzFc_loc12_loop6,12,ITN 0%/IRS 0%/Larvicide 0%,0;0.4;0.4_0;0;0_0;0;0_-100;2;5475_-100;2;5475_-100;2;5475,9.6027397260274,Prevalence,3.77299877918532e-07
NbyGQVwzFc_loc12_loop6,12,ITN 0%/IRS 0%/Larvicide 0%,0;0.4;0.4_0;0;0_0;0;0_-100;2;5475_-100;2;5475_-100;2;5475,9.60547945205479,Prevalence,3.76468353049203e-07
NbyGQVwzFc_loc12_loop6,12,ITN 0%/IRS 0%/Larvicide 0%,0;0.4;0.4_0;0;0_0;0;0_-100;2;5475_-100;2;5475_-100;2;5475,9.60821917808219,Prevalence,3.75639333039103e-07
NbyGQVwzFc_loc12_loop6,12,ITN 0%/IRS 0%/Larvicide 0%,0;0.4;0.4_0;0;0_0;0;0_-100;2;5475_-100;2;5475_-100;2;5475,9.61095890410959,Prevalence,3.74812807574325e-07
NbyGQVwzFc_loc12_loop6,12,ITN 0%/IRS 0%/Larvicide 0%,0;0.4;0.4_0;0;0_0;0;0_-100;2;5475_-100;2;5475_-100;2;5475,9.61369863013699,Prevalence,3.73988766394618e-07
NbyGQVwzFc_loc12_loop6,12,ITN 0%/IRS 0%/Larvicide 0%,0;0.4;0.4_0;0;0_0;0;0_-100;2;5475_-100;2;5475_-100;2;5475,9.61643835616438,Prevalence,3.7316719929308e-07
NbyGQVwzFc_loc12_loop6,12,ITN 0%/IRS 0%/Larvicide 0%,0;0.4;0.4_0;0;0_0;0;0_-100;2;5475_-100;2;5475_-100;2;5475,9.61917808219178,Prevalence,3.72348096115835e-07
NbyGQVwzFc_loc12_loop6,12,ITN 0%/IRS 0%/Larvicide 0%,0;0.4;0.4_0;0;0_0;0;0_-100;2;5475_-100;2;5475_-100;2;5475,9.62191780821918,Prevalence,3.71531446761718e-07
NbyGQVwzFc_loc12_loop6,12,ITN 0%/IRS 0%/Larvicide 0%,0;0.4;0.4_0;0;0_0;0;0_-100;2;5475_-100;2;5475_-100;2;5475,9.62465753424657,Prevalence,3.70717241181971e-07
NbyGQVwzFc_loc12_loop6,12,ITN 0%/IRS 0%/Larvicide 0%,0;0.4;0.4_0;0;0_0;0;0_-100;2;5475_-100;2;5475_-100;2;5475,9.62739726027397,Prevalence,3.69905469379926e-07
NbyGQVwzFc_loc12_loop6,12,ITN 0%/IRS 0%/Larvicide 0%,0;0.4;0.4_0;0;0_0;0;0_-100;2;5475_-100;2;5475_-100;2;5475,9.63013698630137,Prevalence,3.69096121410699e-07
NbyGQVwzFc_loc12_loop6,12,ITN 0%/IRS 0%/Larvicide 0%,0;0.4;0.4_0;0;0_0;0;0_-100;2;5475_-100;2;5475_-100;2;5475,9.63287671232877,Prevalence,3.68289187380889e-07
NbyGQVwzFc_loc12_loop6,12,ITN 0%/IRS 0%/Larvicide 0%,0;0.4;0.4_0;0;0_0;0;0_-100;2;5475_-100;2;5475_-100;2;5475,9.63561643835616,Prevalence,3.67484657448269e-07
NbyGQVwzFc_loc12_loop6,12,ITN 0%/IRS 0%/Larvicide 0%,0;0.4;0.4_0;0;0_0;0;0_-100;2;5475_-100;2;5475_-100;2;5475,9.63835616438356,Prevalence,3.66682521821485e-07
NbyGQVwzFc_loc12_loop6,12,ITN 0%/IRS 0%/Larvicide 0%,0;0.4;0.4_0;0;0_0;0;0_-100;2;5475_-100;2;5475_-100;2;5475,9.64109589041096,Prevalence,3.6588277075976e-07
NbyGQVwzFc_loc12_loop6,12,ITN 0%/IRS 0%/Larvicide 0%,0;0.4;0.4_0;0;0_0;0;0_-100;2;5475_-100;2;5475_-100;2;5475,9.64383561643836,Prevalence,3.65085394572592e-07
NbyGQVwzFc_loc12_loop6,12,ITN 0%/IRS 0%/Larvicide 0%,0;0.4;0.4_0;0;0_0;0;0_-100;2;5475_-100;2;5475_-100;2;5475,9.64657534246575,Prevalence,3.64290383619457e-07
NbyGQVwzFc_loc12_loop6,12,ITN 0%/IRS 0%/Larvicide 0%,0;0.4;0.4_0;0;0_0;0;0_-100;2;5475_-100;2;5475_-100;2;5475,9.64931506849315,Prevalence,3.6349772830952e-07
NbyGQVwzFc_loc12_loop6,12,ITN 0%/IRS 0%/Larvicide 0%,0;0.4;0.4_0;0;0_0;0;0_-100;2;5475_-100;2;5475_-100;2;5475,9.65205479452055,Prevalence,3.62707419101337e-07
NbyGQVwzFc_loc12_loop6,12,ITN 0%/IRS 0%/Larvicide 0%,0;0.4;0.4_0;0;0_0;0;0_-100;2;5475_-100;2;5475_-100;2;5475,9.65479452054795,Prevalence,3.61919446502568e-07
NbyGQVwzFc_loc12_loop6,12,ITN 0%/IRS 0%/Larvicide 0%,0;0.4;0.4_0;0;0_0;0;0_-100;2;5475_-100;2;5475_-100;2;5475,9.65753424657534,Prevalence,3.61133801069685e-07
NbyGQVwzFc_loc12_loop6,12,ITN 0%/IRS 0%/Larvicide 0%,0;0.4;0.4_0;0;0_0;0;0_-100;2;5475_-100;2;5475_-100;2;5475,9.66027397260274,Prevalence,3.60350473407688e-07
NbyGQVwzFc_loc12_loop6,12,ITN 0%/IRS 0%/Larvicide 0%,0;0.4;0.4_0;0;0_0;0;0_-100;2;5475_-100;2;5475_-100;2;5475,9.66301369863014,Prevalence,3.59569454169819e-07
NbyGQVwzFc_loc12_loop6,12,ITN 0%/IRS 0%/Larvicide 0%,0;0.4;0.4_0;0;0_0;0;0_-100;2;5475_-100;2;5475_-100;2;5475,9.66575342465753,Prevalence,3.58790734057276e-07
NbyGQVwzFc_loc12_loop6,12,ITN 0%/IRS 0%/Larvicide 0%,0;0.4;0.4_0;0;0_0;0;0_-100;2;5475_-100;2;5475_-100;2;5475,9.66849315068493,Prevalence,3.58014303818935e-07
NbyGQVwzFc_loc12_loop6,12,ITN 0%/IRS 0%/Larvicide 0%,0;0.4;0.4_0;0;0_0;0;0_-100;2;5475_-100;2;5475_-100;2;5475,9.67123287671233,Prevalence,3.57240154251067e-07
NbyGQVwzFc_loc12_loop6,12,ITN 0%/IRS 0%/Larvicide 0%,0;0.4;0.4_0;0;0_0;0;0_-100;2;5475_-100;2;5475_-100;2;5475,9.67397260273973,Prevalence,3.56468276197059e-07
NbyGQVwzFc_loc12_loop6,12,ITN 0%/IRS 0%/Larvicide 0%,0;0.4;0.4_0;0;0_0;0;0_-100;2;5475_-100;2;5475_-100;2;5475,9.67671232876712,Prevalence,3.55698660547127e-07
NbyGQVwzFc_loc12_loop6,12,ITN 0%/IRS 0%/Larvicide 0%,0;0.4;0.4_0;0;0_0;0;0_-100;2;5475_-100;2;5475_-100;2;5475,9.67945205479452,Prevalence,3.5493129823806e-07
NbyGQVwzFc_loc12_loop6,12,ITN 0%/IRS 0%/Larvicide 0%,0;0.4;0.4_0;0;0_0;0;0_-100;2;5475_-100;2;5475_-100;2;5475,9.68219178082192,Prevalence,3.54166180252945e-07
NbyGQVwzFc_loc12_loop6,12,ITN 0%/IRS 0%/Larvicide 0%,0;0.4;0.4_0;0;0_0;0;0_-100;2;5475_-100;2;5475_-100;2;5475,9.68493150684932,Prevalence,3.53403297620891e-07
NbyGQVwzFc_loc12_loop6,12,ITN 0%/IRS 0%/Larvicide 0%,0;0.4;0.4_0;0;0_0;0;0_-100;2;5475_-100;2;5475_-100;2;5475,9.68767123287671,Prevalence,3.52642641416759e-07
NbyGQVwzFc_loc12_loop6,12,ITN 0%/IRS 0%/Larvicide 0%,0;0.4;0.4_0;0;0_0;0;0_-100;2;5475_-100;2;5475_-100;2;5475,9.69041095890411,Prevalence,3.51884202760899e-07
NbyGQVwzFc_loc12_loop6,12,ITN 0%/IRS 0%/Larvicide 0%,0;0.4;0.4_0;0;0_0;0;0_-100;2;5475_-100;2;5475_-100;2;5475,9.69315068493151,Prevalence,3.51127972818877e-07
NbyGQVwzFc_loc12_loop6,12,ITN 0%/IRS 0%/Larvicide 0%,0;0.4;0.4_0;0;0_0;0;0_-100;2;5475_-100;2;5475_-100;2;5475,9.6958904109589,Prevalence,3.50373942801215e-07
NbyGQVwzFc_loc12_loop6,12,ITN 0%/IRS 0%/Larvicide 0%,0;0.4;0.4_0;0;0_0;0;0_-100;2;5475_-100;2;5475_-100;2;5475,9.6986301369863,Prevalence,3.49622103963127e-07
NbyGQVwzFc_loc12_loop6,12,ITN 0%/IRS 0%/Larvicide 0%,0;0.4;0.4_0;0;0_0;0;0_-100;2;5475_-100;2;5475_-100;2;5475,9.7013698630137,Prevalence,3.48872447604258e-07
NbyGQVwzFc_loc12_loop6,12,ITN 0%/IRS 0%/Larvicide 0%,0;0.4;0.4_0;0;0_0;0;0_-100;2;5475_-100;2;5475_-100;2;5475,9.7041095890411,Prevalence,3.48124965068422e-07
NbyGQVwzFc_loc12_loop6,12,ITN 0%/IRS 0%/Larvicide 0%,0;0.4;0.4_0;0;0_0;0;0_-100;2;5475_-100;2;5475_-100;2;5475,9.70684931506849,Prevalence,3.47379647743349e-07
NbyGQVwzFc_loc12_loop6,12,ITN 0%/IRS 0%/Larvicide 0%,0;0.4;0.4_0;0;0_0;0;0_-100;2;5475_-100;2;5475_-100;2;5475,9.70958904109589,Prevalence,3.46636487060422e-07
NbyGQVwzFc_loc12_loop6,12,ITN 0%/IRS 0%/Larvicide 0%,0;0.4;0.4_0;0;0_0;0;0_-100;2;5475_-100;2;5475_-100;2;5475,9.71232876712329,Prevalence,3.45895474494429e-07
NbyGQVwzFc_loc12_loop6,12,ITN 0%/IRS 0%/Larvicide 0%,0;0.4;0.4_0;0;0_0;0;0_-100;2;5475_-100;2;5475_-100;2;5475,9.71506849315069,Prevalence,3.45156601563303e-07
NbyGQVwzFc_loc12_loop6,12,ITN 0%/IRS 0%/Larvicide 0%,0;0.4;0.4_0;0;0_0;0;0_-100;2;5475_-100;2;5475_-100;2;5475,9.71780821917808,Prevalence,3.44419859827877e-07
NbyGQVwzFc_loc12_loop6,12,ITN 0%/IRS 0%/Larvicide 0%,0;0.4;0.4_0;0;0_0;0;0_-100;2;5475_-100;2;5475_-100;2;5475,9.72054794520548,Prevalence,3.43685240891629e-07
NbyGQVwzFc_loc12_loop6,12,ITN 0%/IRS 0%/Larvicide 0%,0;0.4;0.4_0;0;0_0;0;0_-100;2;5475_-100;2;5475_-100;2;5475,9.72328767123288,Prevalence,3.42952736400434e-07
NbyGQVwzFc_loc12_loop6,12,ITN 0%/IRS 0%/Larvicide 0%,0;0.4;0.4_0;0;0_0;0;0_-100;2;5475_-100;2;5475_-100;2;5475,9.72602739726027,Prevalence,3.4222233804232e-07
NbyGQVwzFc_loc12_loop6,12,ITN 0%/IRS 0%/Larvicide 0%,0;0.4;0.4_0;0;0_0;0;0_-100;2;5475_-100;2;5475_-100;2;5475,9.72876712328767,Prevalence,3.4149403754722e-07
NbyGQVwzFc_loc12_loop6,12,ITN 0%/IRS 0%/Larvicide 0%,0;0.4;0.4_0;0;0_0;0;0_-100;2;5475_-100;2;5475_-100;2;5475,9.73150684931507,Prevalence,3.4076782668673e-07
NbyGQVwzFc_loc12_loop6,12,ITN 0%/IRS 0%/Larvicide 0%,0;0.4;0.4_0;0;0_0;0;0_-100;2;5475_-100;2;5475_-100;2;5475,9.73424657534247,Prevalence,3.40043697273862e-07
NbyGQVwzFc_loc12_loop6,12,ITN 0%/IRS 0%/Larvicide 0%,0;0.4;0.4_0;0;0_0;0;0_-100;2;5475_-100;2;5475_-100;2;5475,9.73698630136986,Prevalence,3.3932164116281e-07
NbyGQVwzFc_loc12_loop6,12,ITN 0%/IRS 0%/Larvicide 0%,0;0.4;0.4_0;0;0_0;0;0_-100;2;5475_-100;2;5475_-100;2;5475,9.73972602739726,Prevalence,3.38601650248701e-07
NbyGQVwzFc_loc12_loop6,12,ITN 0%/IRS 0%/Larvicide 0%,0;0.4;0.4_0;0;0_0;0;0_-100;2;5475_-100;2;5475_-100;2;5475,9.74246575342466,Prevalence,3.37883716467352e-07
NbyGQVwzFc_loc12_loop6,12,ITN 0%/IRS 0%/Larvicide 0%,0;0.4;0.4_0;0;0_0;0;0_-100;2;5475_-100;2;5475_-100;2;5475,9.74520547945206,Prevalence,3.37167831795054e-07
NbyGQVwzFc_loc12_loop6,12,ITN 0%/IRS 0%/Larvicide 0%,0;0.4;0.4_0;0;0_0;0;0_-100;2;5475_-100;2;5475_-100;2;5475,9.74794520547945,Prevalence,3.3645398824833e-07
NbyGQVwzFc_loc12_loop6,12,ITN 0%/IRS 0%/Larvicide 0%,0;0.4;0.4_0;0;0_0;0;0_-100;2;5475_-100;2;5475_-100;2;5475,9.75068493150685,Prevalence,3.35742177883695e-07
NbyGQVwzFc_loc12_loop6,12,ITN 0%/IRS 0%/Larvicide 0%,0;0.4;0.4_0;0;0_0;0;0_-100;2;5475_-100;2;5475_-100;2;5475,9.75342465753425,Prevalence,3.35032392797434e-07
NbyGQVwzFc_loc12_loop6,12,ITN 0%/IRS 0%/Larvicide 0%,0;0.4;0.4_0;0;0_0;0;0_-100;2;5475_-100;2;5475_-100;2;5475,9.75616438356164,Prevalence,3.34324625125363e-07
NbyGQVwzFc_loc12_loop6,12,ITN 0%/IRS 0%/Larvicide 0%,0;0.4;0.4_0;0;0_0;0;0_-100;2;5475_-100;2;5475_-100;2;5475,9.75890410958904,Prevalence,3.33618867042602e-07
NbyGQVwzFc_loc12_loop6,12,ITN 0%/IRS 0%/Larvicide 0%,0;0.4;0.4_0;0;0_0;0;0_-100;2;5475_-100;2;5475_-100;2;5475,9.76164383561644,Prevalence,3.32915110763351e-07
NbyGQVwzFc_loc12_loop6,12,ITN 0%/IRS 0%/Larvicide 0%,0;0.4;0.4_0;0;0_0;0;0_-100;2;5475_-100;2;5475_-100;2;5475,9.76438356164384,Prevalence,3.32213348540657e-07
NbyGQVwzFc_loc12_loop6,12,ITN 0%/IRS 0%/Larvicide 0%,0;0.4;0.4_0;0;0_0;0;0_-100;2;5475_-100;2;5475_-100;2;5475,9.76712328767123,Prevalence,3.31513572666195e-07
NbyGQVwzFc_loc12_loop6,12,ITN 0%/IRS 0%/Larvicide 0%,0;0.4;0.4_0;0;0_0;0;0_-100;2;5475_-100;2;5475_-100;2;5475,9.76986301369863,Prevalence,3.30815775470043e-07
NbyGQVwzFc_loc12_loop6,12,ITN 0%/IRS 0%/Larvicide 0%,0;0.4;0.4_0;0;0_0;0;0_-100;2;5475_-100;2;5475_-100;2;5475,9.77260273972603,Prevalence,3.30119949320458e-07
NbyGQVwzFc_loc12_loop6,12,ITN 0%/IRS 0%/Larvicide 0%,0;0.4;0.4_0;0;0_0;0;0_-100;2;5475_-100;2;5475_-100;2;5475,9.77534246575343,Prevalence,3.29426086623655e-07
NbyGQVwzFc_loc12_loop6,12,ITN 0%/IRS 0%/Larvicide 0%,0;0.4;0.4_0;0;0_0;0;0_-100;2;5475_-100;2;5475_-100;2;5475,9.77808219178082,Prevalence,3.28734179823591e-07
NbyGQVwzFc_loc12_loop6,12,ITN 0%/IRS 0%/Larvicide 0%,0;0.4;0.4_0;0;0_0;0;0_-100;2;5475_-100;2;5475_-100;2;5475,9.78082191780822,Prevalence,3.28044221401746e-07
NbyGQVwzFc_loc12_loop6,12,ITN 0%/IRS 0%/Larvicide 0%,0;0.4;0.4_0;0;0_0;0;0_-100;2;5475_-100;2;5475_-100;2;5475,9.78356164383562,Prevalence,3.27356203876901e-07
NbyGQVwzFc_loc12_loop6,12,ITN 0%/IRS 0%/Larvicide 0%,0;0.4;0.4_0;0;0_0;0;0_-100;2;5475_-100;2;5475_-100;2;5475,9.78630136986301,Prevalence,3.26670119804932e-07
NbyGQVwzFc_loc12_loop6,12,ITN 0%/IRS 0%/Larvicide 0%,0;0.4;0.4_0;0;0_0;0;0_-100;2;5475_-100;2;5475_-100;2;5475,9.78904109589041,Prevalence,3.25985961778587e-07
NbyGQVwzFc_loc12_loop6,12,ITN 0%/IRS 0%/Larvicide 0%,0;0.4;0.4_0;0;0_0;0;0_-100;2;5475_-100;2;5475_-100;2;5475,9.79178082191781,Prevalence,3.25303722427279e-07
NbyGQVwzFc_loc12_loop6,12,ITN 0%/IRS 0%/Larvicide 0%,0;0.4;0.4_0;0;0_0;0;0_-100;2;5475_-100;2;5475_-100;2;5475,9.79452054794521,Prevalence,3.24623394416874e-07
NbyGQVwzFc_loc12_loop6,12,ITN 0%/IRS 0%/Larvicide 0%,0;0.4;0.4_0;0;0_0;0;0_-100;2;5475_-100;2;5475_-100;2;5475,9.7972602739726,Prevalence,3.23944970449478e-07
NbyGQVwzFc_loc12_loop6,12,ITN 0%/IRS 0%/Larvicide 0%,0;0.4;0.4_0;0;0_0;0;0_-100;2;5475_-100;2;5475_-100;2;5475,9.8,Prevalence,3.23268443263233e-07
NbyGQVwzFc_loc12_loop6,12,ITN 0%/IRS 0%/Larvicide 0%,0;0.4;0.4_0;0;0_0;0;0_-100;2;5475_-100;2;5475_-100;2;5475,9.8027397260274,Prevalence,3.22593805632102e-07
NbyGQVwzFc_loc12_loop6,12,ITN 0%/IRS 0%/Larvicide 0%,0;0.4;0.4_0;0;0_0;0;0_-100;2;5475_-100;2;5475_-100;2;5475,9.80547945205479,Prevalence,3.21921050365673e-07
NbyGQVwzFc_loc12_loop6,12,ITN 0%/IRS 0%/Larvicide 0%,0;0.4;0.4_0;0;0_0;0;0_-100;2;5475_-100;2;5475_-100;2;5475,9.80821917808219,Prevalence,3.21250170308934e-07
NbyGQVwzFc_loc12_loop6,12,ITN 0%/IRS 0%/Larvicide 0%,0;0.4;0.4_0;0;0_0;0;0_-100;2;5475_-100;2;5475_-100;2;5475,9.81095890410959,Prevalence,3.20581158342087e-07
NbyGQVwzFc_loc12_loop6,12,ITN 0%/IRS 0%/Larvicide 0%,0;0.4;0.4_0;0;0_0;0;0_-100;2;5475_-100;2;5475_-100;2;5475,9.81369863013699,Prevalence,3.19914007380347e-07
NbyGQVwzFc_loc12_loop6,12,ITN 0%/IRS 0%/Larvicide 0%,0;0.4;0.4_0;0;0_0;0;0_-100;2;5475_-100;2;5475_-100;2;5475,9.81643835616438,Prevalence,3.19248710373737e-07
NbyGQVwzFc_loc12_loop6,12,ITN 0%/IRS 0%/Larvicide 0%,0;0.4;0.4_0;0;0_0;0;0_-100;2;5475_-100;2;5475_-100;2;5475,9.81917808219178,Prevalence,3.18585260306889e-07
NbyGQVwzFc_loc12_loop6,12,ITN 0%/IRS 0%/Larvicide 0%,0;0.4;0.4_0;0;0_0;0;0_-100;2;5475_-100;2;5475_-100;2;5475,9.82191780821918,Prevalence,3.17923650198845e-07
NbyGQVwzFc_loc12_loop6,12,ITN 0%/IRS 0%/Larvicide 0%,0;0.4;0.4_0;0;0_0;0;0_-100;2;5475_-100;2;5475_-100;2;5475,9.82465753424658,Prevalence,3.17263873102856e-07
NbyGQVwzFc_loc12_loop6,12,ITN 0%/IRS 0%/Larvicide 0%,0;0.4;0.4_0;0;0_0;0;0_-100;2;5475_-100;2;5475_-100;2;5475,9.82739726027397,Prevalence,3.16605922106192e-07
NbyGQVwzFc_loc12_loop6,12,ITN 0%/IRS 0%/Larvicide 0%,0;0.4;0.4_0;0;0_0;0;0_-100;2;5475_-100;2;5475_-100;2;5475,9.83013698630137,Prevalence,3.15949790329943e-07
NbyGQVwzFc_loc12_loop6,12,ITN 0%/IRS 0%/Larvicide 0%,0;0.4;0.4_0;0;0_0;0;0_-100;2;5475_-100;2;5475_-100;2;5475,9.83287671232877,Prevalence,3.15295470928826e-07
NbyGQVwzFc_loc12_loop6,12,ITN 0%/IRS 0%/Larvicide 0%,0;0.4;0.4_0;0;0_0;0;0_-100;2;5475_-100;2;5475_-100;2;5475,9.83561643835616,Prevalence,3.14642957090993e-07
NbyGQVwzFc_loc12_loop6,12,ITN 0%/IRS 0%/Larvicide 0%,0;0.4;0.4_0;0;0_0;0;0_-100;2;5475_-100;2;5475_-100;2;5475,9.83835616438356,Prevalence,3.13992242037839e-07
NbyGQVwzFc_loc12_loop6,12,ITN 0%/IRS 0%/Larvicide 0%,0;0.4;0.4_0;0;0_0;0;0_-100;2;5475_-100;2;5475_-100;2;5475,9.84109589041096,Prevalence,3.13343319023811e-07
NbyGQVwzFc_loc12_loop6,12,ITN 0%/IRS 0%/Larvicide 0%,0;0.4;0.4_0;0;0_0;0;0_-100;2;5475_-100;2;5475_-100;2;5475,9.84383561643836,Prevalence,3.12696181336222e-07
NbyGQVwzFc_loc12_loop6,12,ITN 0%/IRS 0%/Larvicide 0%,0;0.4;0.4_0;0;0_0;0;0_-100;2;5475_-100;2;5475_-100;2;5475,9.84657534246575,Prevalence,3.12050822295062e-07
NbyGQVwzFc_loc12_loop6,12,ITN 0%/IRS 0%/Larvicide 0%,0;0.4;0.4_0;0;0_0;0;0_-100;2;5475_-100;2;5475_-100;2;5475,9.84931506849315,Prevalence,3.11407235252808e-07
NbyGQVwzFc_loc12_loop6,12,ITN 0%/IRS 0%/Larvicide 0%,0;0.4;0.4_0;0;0_0;0;0_-100;2;5475_-100;2;5475_-100;2;5475,9.85205479452055,Prevalence,3.10765413594242e-07
NbyGQVwzFc_loc12_loop6,12,ITN 0%/IRS 0%/Larvicide 0%,0;0.4;0.4_0;0;0_0;0;0_-100;2;5475_-100;2;5475_-100;2;5475,9.85479452054794,Prevalence,3.10125350736266e-07
NbyGQVwzFc_loc12_loop6,12,ITN 0%/IRS 0%/Larvicide 0%,0;0.4;0.4_0;0;0_0;0;0_-100;2;5475_-100;2;5475_-100;2;5475,9.85753424657534,Prevalence,3.09487040127719e-07
NbyGQVwzFc_loc12_loop6,12,ITN 0%/IRS 0%/Larvicide 0%,0;0.4;0.4_0;0;0_0;0;0_-100;2;5475_-100;2;5475_-100;2;5475,9.86027397260274,Prevalence,3.08850475249193e-07
NbyGQVwzFc_loc12_loop6,12,ITN 0%/IRS 0%/Larvicide 0%,0;0.4;0.4_0;0;0_0;0;0_-100;2;5475_-100;2;5475_-100;2;5475,9.86301369863014,Prevalence,3.08215649612856e-07
NbyGQVwzFc_loc12_loop6,12,ITN 0%/IRS 0%/Larvicide 0%,0;0.4;0.4_0;0;0_0;0;0_-100;2;5475_-100;2;5475_-100;2;5475,9.86575342465753,Prevalence,3.07582556762266e-07
NbyGQVwzFc_loc12_loop6,12,ITN 0%/IRS 0%/Larvicide 0%,0;0.4;0.4_0;0;0_0;0;0_-100;2;5475_-100;2;5475_-100;2;5475,9.86849315068493,Prevalence,3.06951190272197e-07
NbyGQVwzFc_loc12_loop6,12,ITN 0%/IRS 0%/Larvicide 0%,0;0.4;0.4_0;0;0_0;0;0_-100;2;5475_-100;2;5475_-100;2;5475,9.87123287671233,Prevalence,3.06321543748463e-07
NbyGQVwzFc_loc12_loop6,12,ITN 0%/IRS 0%/Larvicide 0%,0;0.4;0.4_0;0;0_0;0;0_-100;2;5475_-100;2;5475_-100;2;5475,9.87397260273973,Prevalence,3.05693610827733e-07
NbyGQVwzFc_loc12_loop6,12,ITN 0%/IRS 0%/Larvicide 0%,0;0.4;0.4_0;0;0_0;0;0_-100;2;5475_-100;2;5475_-100;2;5475,9.87671232876712,Prevalence,3.0506738517736e-07
NbyGQVwzFc_loc12_loop6,12,ITN 0%/IRS 0%/Larvicide 0%,0;0.4;0.4_0;0;0_0;0;0_-100;2;5475_-100;2;5475_-100;2;5475,9.87945205479452,Prevalence,3.04442860495198e-07
NbyGQVwzFc_loc12_loop6,12,ITN 0%/IRS 0%/Larvicide 0%,0;0.4;0.4_0;0;0_0;0;0_-100;2;5475_-100;2;5475_-100;2;5475,9.88219178082192,Prevalence,3.03820030509449e-07
NbyGQVwzFc_loc12_loop6,12,ITN 0%/IRS 0%/Larvicide 0%,0;0.4;0.4_0;0;0_0;0;0_-100;2;5475_-100;2;5475_-100;2;5475,9.88493150684931,Prevalence,3.03198888978479e-07
NbyGQVwzFc_loc12_loop6,12,ITN 0%/IRS 0%/Larvicide 0%,0;0.4;0.4_0;0;0_0;0;0_-100;2;5475_-100;2;5475_-100;2;5475,9.88767123287671,Prevalence,3.0257942969065e-07
NbyGQVwzFc_loc12_loop6,12,ITN 0%/IRS 0%/Larvicide 0%,0;0.4;0.4_0;0;0_0;0;0_-100;2;5475_-100;2;5475_-100;2;5475,9.89041095890411,Prevalence,3.01961646464146e-07
NbyGQVwzFc_loc12_loop6,12,ITN 0%/IRS 0%/Larvicide 0%,0;0.4;0.4_0;0;0_0;0;0_-100;2;5475_-100;2;5475_-100;2;5475,9.89315068493151,Prevalence,3.01345533146806e-07
NbyGQVwzFc_loc12_loop6,12,ITN 0%/IRS 0%/Larvicide 0%,0;0.4;0.4_0;0;0_0;0;0_-100;2;5475_-100;2;5475_-100;2;5475,9.8958904109589,Prevalence,3.00731083615958e-07
NbyGQVwzFc_loc12_loop6,12,ITN 0%/IRS 0%/Larvicide 0%,0;0.4;0.4_0;0;0_0;0;0_-100;2;5475_-100;2;5475_-100;2;5475,9.8986301369863,Prevalence,3.00118291778246e-07
NbyGQVwzFc_loc12_loop6,12,ITN 0%/IRS 0%/Larvicide 0%,0;0.4;0.4_0;0;0_0;0;0_-100;2;5475_-100;2;5475_-100;2;5475,9.9013698630137,Prevalence,2.99507151569472e-07
NbyGQVwzFc_loc12_loop6,12,ITN 0%/IRS 0%/Larvicide 0%,0;0.4;0.4_0;0;0_0;0;0_-100;2;5475_-100;2;5475_-100;2;5475,9.9041095890411,Prevalence,2.98897656954422e-07
NbyGQVwzFc_loc12_loop6,12,ITN 0%/IRS 0%/Larvicide 0%,0;0.4;0.4_0;0;0_0;0;0_-100;2;5475_-100;2;5475_-100;2;5475,9.90684931506849,Prevalence,2.98289801926711e-07
NbyGQVwzFc_loc12_loop6,12,ITN 0%/IRS 0%/Larvicide 0%,0;0.4;0.4_0;0;0_0;0;0_-100;2;5475_-100;2;5475_-100;2;5475,9.90958904109589,Prevalence,2.97683580508614e-07
NbyGQVwzFc_loc12_loop6,12,ITN 0%/IRS 0%/Larvicide 0%,0;0.4;0.4_0;0;0_0;0;0_-100;2;5475_-100;2;5475_-100;2;5475,9.91232876712329,Prevalence,2.97078986750905e-07
NbyGQVwzFc_loc12_loop6,12,ITN 0%/IRS 0%/Larvicide 0%,0;0.4;0.4_0;0;0_0;0;0_-100;2;5475_-100;2;5475_-100;2;5475,9.91506849315068,Prevalence,2.96476014732699e-07
NbyGQVwzFc_loc12_loop6,12,ITN 0%/IRS 0%/Larvicide 0%,0;0.4;0.4_0;0;0_0;0;0_-100;2;5475_-100;2;5475_-100;2;5475,9.91780821917808,Prevalence,2.95874658561288e-07
NbyGQVwzFc_loc12_loop6,12,ITN 0%/IRS 0%/Larvicide 0%,0;0.4;0.4_0;0;0_0;0;0_-100;2;5475_-100;2;5475_-100;2;5475,9.92054794520548,Prevalence,2.95274912371986e-07
NbyGQVwzFc_loc12_loop6,12,ITN 0%/IRS 0%/Larvicide 0%,0;0.4;0.4_0;0;0_0;0;0_-100;2;5475_-100;2;5475_-100;2;5475,9.92328767123288,Prevalence,2.94676770327967e-07
NbyGQVwzFc_loc12_loop6,12,ITN 0%/IRS 0%/Larvicide 0%,0;0.4;0.4_0;0;0_0;0;0_-100;2;5475_-100;2;5475_-100;2;5475,9.92602739726027,Prevalence,2.94080226620111e-07
NbyGQVwzFc_loc12_loop6,12,ITN 0%/IRS 0%/Larvicide 0%,0;0.4;0.4_0;0;0_0;0;0_-100;2;5475_-100;2;5475_-100;2;5475,9.92876712328767,Prevalence,2.93485275466847e-07
NbyGQVwzFc_loc12_loop6,12,ITN 0%/IRS 0%/Larvicide 0%,0;0.4;0.4_0;0;0_0;0;0_-100;2;5475_-100;2;5475_-100;2;5475,9.93150684931507,Prevalence,2.92891911113996e-07
NbyGQVwzFc_loc12_loop6,12,ITN 0%/IRS 0%/Larvicide 0%,0;0.4;0.4_0;0;0_0;0;0_-100;2;5475_-100;2;5475_-100;2;5475,9.93424657534247,Prevalence,2.92300127834621e-07
NbyGQVwzFc_loc12_loop6,12,ITN 0%/IRS 0%/Larvicide 0%,0;0.4;0.4_0;0;0_0;0;0_-100;2;5475_-100;2;5475_-100;2;5475,9.93698630136986,Prevalence,2.91709919928869e-07
NbyGQVwzFc_loc12_loop6,12,ITN 0%/IRS 0%/Larvicide 0%,0;0.4;0.4_0;0;0_0;0;0_-100;2;5475_-100;2;5475_-100;2;5475,9.93972602739726,Prevalence,2.91121281723824e-07
NbyGQVwzFc_loc12_loop6,12,ITN 0%/IRS 0%/Larvicide 0%,0;0.4;0.4_0;0;0_0;0;0_-100;2;5475_-100;2;5475_-100;2;5475,9.94246575342466,Prevalence,2.90534207573349e-07
NbyGQVwzFc_loc12_loop6,12,ITN 0%/IRS 0%/Larvicide 0%,0;0.4;0.4_0;0;0_0;0;0_-100;2;5475_-100;2;5475_-100;2;5475,9.94520547945205,Prevalence,2.89948691857942e-07
NbyGQVwzFc_loc12_loop6,12,ITN 0%/IRS 0%/Larvicide 0%,0;0.4;0.4_0;0;0_0;0;0_-100;2;5475_-100;2;5475_-100;2;5475,9.94794520547945,Prevalence,2.89364728984574e-07
NbyGQVwzFc_loc12_loop6,12,ITN 0%/IRS 0%/Larvicide 0%,0;0.4;0.4_0;0;0_0;0;0_-100;2;5475_-100;2;5475_-100;2;5475,9.95068493150685,Prevalence,2.8878231338655e-07
NbyGQVwzFc_loc12_loop6,12,ITN 0%/IRS 0%/Larvicide 0%,0;0.4;0.4_0;0;0_0;0;0_-100;2;5475_-100;2;5475_-100;2;5475,9.95342465753425,Prevalence,2.88201439523368e-07
NbyGQVwzFc_loc12_loop6,12,ITN 0%/IRS 0%/Larvicide 0%,0;0.4;0.4_0;0;0_0;0;0_-100;2;5475_-100;2;5475_-100;2;5475,9.95616438356164,Prevalence,2.87622101880565e-07
NbyGQVwzFc_loc12_loop6,12,ITN 0%/IRS 0%/Larvicide 0%,0;0.4;0.4_0;0;0_0;0;0_-100;2;5475_-100;2;5475_-100;2;5475,9.95890410958904,Prevalence,2.87044294969574e-07
NbyGQVwzFc_loc12_loop6,12,ITN 0%/IRS 0%/Larvicide 0%,0;0.4;0.4_0;0;0_0;0;0_-100;2;5475_-100;2;5475_-100;2;5475,9.96164383561644,Prevalence,2.86468013327575e-07
NbyGQVwzFc_loc12_loop6,12,ITN 0%/IRS 0%/Larvicide 0%,0;0.4;0.4_0;0;0_0;0;0_-100;2;5475_-100;2;5475_-100;2;5475,9.96438356164384,Prevalence,2.85893251517354e-07
NbyGQVwzFc_loc12_loop6,12,ITN 0%/IRS 0%/Larvicide 0%,0;0.4;0.4_0;0;0_0;0;0_-100;2;5475_-100;2;5475_-100;2;5475,9.96712328767123,Prevalence,2.85320004127158e-07
NbyGQVwzFc_loc12_loop6,12,ITN 0%/IRS 0%/Larvicide 0%,0;0.4;0.4_0;0;0_0;0;0_-100;2;5475_-100;2;5475_-100;2;5475,9.96986301369863,Prevalence,2.84748265770553e-07
NbyGQVwzFc_loc12_loop6,12,ITN 0%/IRS 0%/Larvicide 0%,0;0.4;0.4_0;0;0_0;0;0_-100;2;5475_-100;2;5475_-100;2;5475,9.97260273972603,Prevalence,2.84178031086286e-07
NbyGQVwzFc_loc12_loop6,12,ITN 0%/IRS 0%/Larvicide 0%,0;0.4;0.4_0;0;0_0;0;0_-100;2;5475_-100;2;5475_-100;2;5475,9.97534246575342,Prevalence,2.83609294738136e-07
NbyGQVwzFc_loc12_loop6,12,ITN 0%/IRS 0%/Larvicide 0%,0;0.4;0.4_0;0;0_0;0;0_-100;2;5475_-100;2;5475_-100;2;5475,9.97808219178082,Prevalence,2.83042051414783e-07
NbyGQVwzFc_loc12_loop6,12,ITN 0%/IRS 0%/Larvicide 0%,0;0.4;0.4_0;0;0_0;0;0_-100;2;5475_-100;2;5475_-100;2;5475,9.98082191780822,Prevalence,2.82476295829664e-07
NbyGQVwzFc_loc12_loop6,12,ITN 0%/IRS 0%/Larvicide 0%,0;0.4;0.4_0;0;0_0;0;0_-100;2;5475_-100;2;5475_-100;2;5475,9.98356164383562,Prevalence,2.81912022720838e-07
NbyGQVwzFc_loc12_loop6,12,ITN 0%/IRS 0%/Larvicide 0%,0;0.4;0.4_0;0;0_0;0;0_-100;2;5475_-100;2;5475_-100;2;5475,9.98630136986301,Prevalence,2.81349226850845e-07
NbyGQVwzFc_loc12_loop6,12,ITN 0%/IRS 0%/Larvicide 0%,0;0.4;0.4_0;0;0_0;0;0_-100;2;5475_-100;2;5475_-100;2;5475,9.98904109589041,Prevalence,2.80787903006575e-07
NbyGQVwzFc_loc12_loop6,12,ITN 0%/IRS 0%/Larvicide 0%,0;0.4;0.4_0;0;0_0;0;0_-100;2;5475_-100;2;5475_-100;2;5475,9.99178082191781,Prevalence,2.80228045999126e-07
NbyGQVwzFc_loc12_loop6,12,ITN 0%/IRS 0%/Larvicide 0%,0;0.4;0.4_0;0;0_0;0;0_-100;2;5475_-100;2;5475_-100;2;5475,9.99452054794521,Prevalence,2.79669650663676e-07
NbyGQVwzFc_loc12_loop6,12,ITN 0%/IRS 0%/Larvicide 0%,0;0.4;0.4_0;0;0_0;0;0_-100;2;5475_-100;2;5475_-100;2;5475,9.9972602739726,Prevalence,2.79112711859342e-07
NbyGQVwzFc_loc12_loop6,12,ITN 0%/IRS 0%/Larvicide 0%,0;0.4;0.4_0;0;0_0;0;0_-100;2;5475_-100;2;5475_-100;2;5475,10,Prevalence,2.78557224469054e-07
NbyGQVwzFc_loc12_loop6,12,ITN 0%/IRS 0%/Larvicide 0%,0;0.4;0.4_0;0;0_0;0;0_-100;2;5475_-100;2;5475_-100;2;5475,10.0027397260274,Prevalence,2.78003183399418e-07
NbyGQVwzFc_loc12_loop6,12,ITN 0%/IRS 0%/Larvicide 0%,0;0.4;0.4_0;0;0_0;0;0_-100;2;5475_-100;2;5475_-100;2;5475,10.0054794520548,Prevalence,2.77450583580586e-07
NbyGQVwzFc_loc12_loop6,12,ITN 0%/IRS 0%/Larvicide 0%,0;0.4;0.4_0;0;0_0;0;0_-100;2;5475_-100;2;5475_-100;2;5475,10.0082191780822,Prevalence,2.76899419966126e-07
NbyGQVwzFc_loc12_loop6,12,ITN 0%/IRS 0%/Larvicide 0%,0;0.4;0.4_0;0;0_0;0;0_-100;2;5475_-100;2;5475_-100;2;5475,10.0109589041096,Prevalence,2.76349687532889e-07
NbyGQVwzFc_loc12_loop6,12,ITN 0%/IRS 0%/Larvicide 0%,0;0.4;0.4_0;0;0_0;0;0_-100;2;5475_-100;2;5475_-100;2;5475,10.013698630137,Prevalence,2.75801381280885e-07
NbyGQVwzFc_loc12_loop6,12,ITN 0%/IRS 0%/Larvicide 0%,0;0.4;0.4_0;0;0_0;0;0_-100;2;5475_-100;2;5475_-100;2;5475,10.0164383561644,Prevalence,2.75254496233151e-07
NbyGQVwzFc_loc12_loop6,12,ITN 0%/IRS 0%/Larvicide 0%,0;0.4;0.4_0;0;0_0;0;0_-100;2;5475_-100;2;5475_-100;2;5475,10.0191780821918,Prevalence,2.74709027435625e-07
NbyGQVwzFc_loc12_loop6,12,ITN 0%/IRS 0%/Larvicide 0%,0;0.4;0.4_0;0;0_0;0;0_-100;2;5475_-100;2;5475_-100;2;5475,10.0219178082192,Prevalence,2.74164969957005e-07
NbyGQVwzFc_loc12_loop6,12,ITN 0%/IRS 0%/Larvicide 0%,0;0.4;0.4_0;0;0_0;0;0_-100;2;5475_-100;2;5475_-100;2;5475,10.0246575342466,Prevalence,2.73622318888649e-07
NbyGQVwzFc_loc12_loop6,12,ITN 0%/IRS 0%/Larvicide 0%,0;0.4;0.4_0;0;0_0;0;0_-100;2;5475_-100;2;5475_-100;2;5475,10.027397260274,Prevalence,2.73081069344435e-07
NbyGQVwzFc_loc12_loop6,12,ITN 0%/IRS 0%/Larvicide 0%,0;0.4;0.4_0;0;0_0;0;0_-100;2;5475_-100;2;5475_-100;2;5475,10.0301369863014,Prevalence,2.72541216460643e-07
NbyGQVwzFc_loc12_loop6,12,ITN 0%/IRS 0%/Larvicide 0%,0;0.4;0.4_0;0;0_0;0;0_-100;2;5475_-100;2;5475_-100;2;5475,10.0328767123288,Prevalence,2.72002755395829e-07
NbyGQVwzFc_loc12_loop6,12,ITN 0%/IRS 0%/Larvicide 0%,0;0.4;0.4_0;0;0_0;0;0_-100;2;5475_-100;2;5475_-100;2;5475,10.0356164383562,Prevalence,2.71465681330696e-07
NbyGQVwzFc_loc12_loop6,12,ITN 0%/IRS 0%/Larvicide 0%,0;0.4;0.4_0;0;0_0;0;0_-100;2;5475_-100;2;5475_-100;2;5475,10.0383561643836,Prevalence,2.7092998946798e-07
NbyGQVwzFc_loc12_loop6,12,ITN 0%/IRS 0%/Larvicide 0%,0;0.4;0.4_0;0;0_0;0;0_-100;2;5475_-100;2;5475_-100;2;5475,10.041095890411,Prevalence,2.70395675032324e-07
NbyGQVwzFc_loc12_loop6,12,ITN 0%/IRS 0%/Larvicide 0%,0;0.4;0.4_0;0;0_0;0;0_-100;2;5475_-100;2;5475_-100;2;5475,10.0438356164384,Prevalence,2.6986273327016e-07
NbyGQVwzFc_loc12_loop6,12,ITN 0%/IRS 0%/Larvicide 0%,0;0.4;0.4_0;0;0_0;0;0_-100;2;5475_-100;2;5475_-100;2;5475,10.0465753424658,Prevalence,2.69331159449585e-07
NbyGQVwzFc_loc12_loop6,12,ITN 0%/IRS 0%/Larvicide 0%,0;0.4;0.4_0;0;0_0;0;0_-100;2;5475_-100;2;5475_-100;2;5475,10.0493150684932,Prevalence,2.68800948860245e-07
NbyGQVwzFc_loc12_loop6,12,ITN 0%/IRS 0%/Larvicide 0%,0;0.4;0.4_0;0;0_0;0;0_-100;2;5475_-100;2;5475_-100;2;5475,10.0520547945205,Prevalence,2.68272096813217e-07
NbyGQVwzFc_loc12_loop6,12,ITN 0%/IRS 0%/Larvicide 0%,0;0.4;0.4_0;0;0_0;0;0_-100;2;5475_-100;2;5475_-100;2;5475,10.0547945205479,Prevalence,2.67744598640888e-07
NbyGQVwzFc_loc12_loop6,12,ITN 0%/IRS 0%/Larvicide 0%,0;0.4;0.4_0;0;0_0;0;0_-100;2;5475_-100;2;5475_-100;2;5475,10.0575342465753,Prevalence,2.67218449696842e-07
NbyGQVwzFc_loc12_loop6,12,ITN 0%/IRS 0%/Larvicide 0%,0;0.4;0.4_0;0;0_0;0;0_-100;2;5475_-100;2;5475_-100;2;5475,10.0602739726027,Prevalence,2.66693645355738e-07
NbyGQVwzFc_loc12_loop6,12,ITN 0%/IRS 0%/Larvicide 0%,0;0.4;0.4_0;0;0_0;0;0_-100;2;5475_-100;2;5475_-100;2;5475,10.0630136986301,Prevalence,2.66170181013202e-07
NbyGQVwzFc_loc12_loop6,12,ITN 0%/IRS 0%/Larvicide 0%,0;0.4;0.4_0;0;0_0;0;0_-100;2;5475_-100;2;5475_-100;2;5475,10.0657534246575,Prevalence,2.65648052085704e-07
NbyGQVwzFc_loc12_loop6,12,ITN 0%/IRS 0%/Larvicide 0%,0;0.4;0.4_0;0;0_0;0;0_-100;2;5475_-100;2;5475_-100;2;5475,10.0684931506849,Prevalence,2.65127254010449e-07
NbyGQVwzFc_loc12_loop6,12,ITN 0%/IRS 0%/Larvicide 0%,0;0.4;0.4_0;0;0_0;0;0_-100;2;5475_-100;2;5475_-100;2;5475,10.0712328767123,Prevalence,2.64607782245262e-07
NbyGQVwzFc_loc12_loop6,12,ITN 0%/IRS 0%/Larvicide 0%,0;0.4;0.4_0;0;0_0;0;0_-100;2;5475_-100;2;5475_-100;2;5475,10.0739726027397,Prevalence,2.64089632268476e-07
NbyGQVwzFc_loc12_loop6,12,ITN 0%/IRS 0%/Larvicide 0%,0;0.4;0.4_0;0;0_0;0;0_-100;2;5475_-100;2;5475_-100;2;5475,10.0767123287671,Prevalence,2.63572799578816e-07
NbyGQVwzFc_loc12_loop6,12,ITN 0%/IRS 0%/Larvicide 0%,0;0.4;0.4_0;0;0_0;0;0_-100;2;5475_-100;2;5475_-100;2;5475,10.0794520547945,Prevalence,2.63057279695292e-07
NbyGQVwzFc_loc12_loop6,12,ITN 0%/IRS 0%/Larvicide 0%,0;0.4;0.4_0;0;0_0;0;0_-100;2;5475_-100;2;5475_-100;2;5475,10.0821917808219,Prevalence,2.62543068157088e-07
NbyGQVwzFc_loc12_loop6,12,ITN 0%/IRS 0%/Larvicide 0%,0;0.4;0.4_0;0;0_0;0;0_-100;2;5475_-100;2;5475_-100;2;5475,10.0849315068493,Prevalence,2.62030160523447e-07
NbyGQVwzFc_loc12_loop6,12,ITN 0%/IRS 0%/Larvicide 0%,0;0.4;0.4_0;0;0_0;0;0_-100;2;5475_-100;2;5475_-100;2;5475,10.0876712328767,Prevalence,2.61518552373565e-07
NbyGQVwzFc_loc12_loop6,12,ITN 0%/IRS 0%/Larvicide 0%,0;0.4;0.4_0;0;0_0;0;0_-100;2;5475_-100;2;5475_-100;2;5475,10.0904109589041,Prevalence,2.61008239306486e-07
NbyGQVwzFc_loc12_loop6,12,ITN 0%/IRS 0%/Larvicide 0%,0;0.4;0.4_0;0;0_0;0;0_-100;2;5475_-100;2;5475_-100;2;5475,10.0931506849315,Prevalence,2.60499216940983e-07
NbyGQVwzFc_loc12_loop6,12,ITN 0%/IRS 0%/Larvicide 0%,0;0.4;0.4_0;0;0_0;0;0_-100;2;5475_-100;2;5475_-100;2;5475,10.0958904109589,Prevalence,2.59991480915455e-07
NbyGQVwzFc_loc12_loop6,12,ITN 0%/IRS 0%/Larvicide 0%,0;0.4;0.4_0;0;0_0;0;0_-100;2;5475_-100;2;5475_-100;2;5475,10.0986301369863,Prevalence,2.5948502688782e-07
NbyGQVwzFc_loc12_loop6,12,ITN 0%/IRS 0%/Larvicide 0%,0;0.4;0.4_0;0;0_0;0;0_-100;2;5475_-100;2;5475_-100;2;5475,10.1013698630137,Prevalence,2.58979850535419e-07
NbyGQVwzFc_loc12_loop6,12,ITN 0%/IRS 0%/Larvicide 0%,0;0.4;0.4_0;0;0_0;0;0_-100;2;5475_-100;2;5475_-100;2;5475,10.1041095890411,Prevalence,2.584759475549e-07
NbyGQVwzFc_loc12_loop6,12,ITN 0%/IRS 0%/Larvicide 0%,0;0.4;0.4_0;0;0_0;0;0_-100;2;5475_-100;2;5475_-100;2;5475,10.1068493150685,Prevalence,2.57973313662117e-07
NbyGQVwzFc_loc12_loop6,12,ITN 0%/IRS 0%/Larvicide 0%,0;0.4;0.4_0;0;0_0;0;0_-100;2;5475_-100;2;5475_-100;2;5475,10.1095890410959,Prevalence,2.57471944592025e-07
NbyGQVwzFc_loc12_loop6,12,ITN 0%/IRS 0%/Larvicide 0%,0;0.4;0.4_0;0;0_0;0;0_-100;2;5475_-100;2;5475_-100;2;5475,10.1123287671233,Prevalence,2.56971836098573e-07
NbyGQVwzFc_loc12_loop6,12,ITN 0%/IRS 0%/Larvicide 0%,0;0.4;0.4_0;0;0_0;0;0_-100;2;5475_-100;2;5475_-100;2;5475,10.1150684931507,Prevalence,2.56472983954604e-07
NbyGQVwzFc_loc12_loop6,12,ITN 0%/IRS 0%/Larvicide 0%,0;0.4;0.4_0;0;0_0;0;0_-100;2;5475_-100;2;5475_-100;2;5475,10.1178082191781,Prevalence,2.55975383951753e-07
NbyGQVwzFc_loc12_loop6,12,ITN 0%/IRS 0%/Larvicide 0%,0;0.4;0.4_0;0;0_0;0;0_-100;2;5475_-100;2;5475_-100;2;5475,10.1205479452055,Prevalence,2.55479031900342e-07
NbyGQVwzFc_loc12_loop6,12,ITN 0%/IRS 0%/Larvicide 0%,0;0.4;0.4_0;0;0_0;0;0_-100;2;5475_-100;2;5475_-100;2;5475,10.1232876712329,Prevalence,2.54983923629282e-07
NbyGQVwzFc_loc12_loop6,12,ITN 0%/IRS 0%/Larvicide 0%,0;0.4;0.4_0;0;0_0;0;0_-100;2;5475_-100;2;5475_-100;2;5475,10.1260273972603,Prevalence,2.54490054985969e-07
NbyGQVwzFc_loc12_loop6,12,ITN 0%/IRS 0%/Larvicide 0%,0;0.4;0.4_0;0;0_0;0;0_-100;2;5475_-100;2;5475_-100;2;5475,10.1287671232877,Prevalence,2.53997421836189e-07
NbyGQVwzFc_loc12_loop6,12,ITN 0%/IRS 0%/Larvicide 0%,0;0.4;0.4_0;0;0_0;0;0_-100;2;5475_-100;2;5475_-100;2;5475,10.1315068493151,Prevalence,2.53506020064013e-07
NbyGQVwzFc_loc12_loop6,12,ITN 0%/IRS 0%/Larvicide 0%,0;0.4;0.4_0;0;0_0;0;0_-100;2;5475_-100;2;5475_-100;2;5475,10.1342465753425,Prevalence,2.53015845571701e-07
NbyGQVwzFc_loc12_loop6,12,ITN 0%/IRS 0%/Larvicide 0%,0;0.4;0.4_0;0;0_0;0;0_-100;2;5475_-100;2;5475_-100;2;5475,10.1369863013699,Prevalence,2.52526894279605e-07
NbyGQVwzFc_loc12_loop6,12,ITN 0%/IRS 0%/Larvicide 0%,0;0.4;0.4_0;0;0_0;0;0_-100;2;5475_-100;2;5475_-100;2;5475,10.1397260273973,Prevalence,2.52039162126068e-07
NbyGQVwzFc_loc12_loop6,12,ITN 0%/IRS 0%/Larvicide 0%,0;0.4;0.4_0;0;0_0;0;0_-100;2;5475_-100;2;5475_-100;2;5475,10.1424657534247,Prevalence,2.5155264506733e-07
NbyGQVwzFc_loc12_loop6,12,ITN 0%/IRS 0%/Larvicide 0%,0;0.4;0.4_0;0;0_0;0;0_-100;2;5475_-100;2;5475_-100;2;5475,10.1452054794521,Prevalence,2.5106733907743e-07
NbyGQVwzFc_loc12_loop6,12,ITN 0%/IRS 0%/Larvicide 0%,0;0.4;0.4_0;0;0_0;0;0_-100;2;5475_-100;2;5475_-100;2;5475,10.1479452054795,Prevalence,2.50583240148109e-07
NbyGQVwzFc_loc12_loop6,12,ITN 0%/IRS 0%/Larvicide 0%,0;0.4;0.4_0;0;0_0;0;0_-100;2;5475_-100;2;5475_-100;2;5475,10.1506849315068,Prevalence,2.50100344288718e-07
NbyGQVwzFc_loc12_loop6,12,ITN 0%/IRS 0%/Larvicide 0%,0;0.4;0.4_0;0;0_0;0;0_-100;2;5475_-100;2;5475_-100;2;5475,10.1534246575342,Prevalence,2.4961864752612e-07
NbyGQVwzFc_loc12_loop6,12,ITN 0%/IRS 0%/Larvicide 0%,0;0.4;0.4_0;0;0_0;0;0_-100;2;5475_-100;2;5475_-100;2;5475,10.1561643835616,Prevalence,2.49138145904597e-07
NbyGQVwzFc_loc12_loop6,12,ITN 0%/IRS 0%/Larvicide 0%,0;0.4;0.4_0;0;0_0;0;0_-100;2;5475_-100;2;5475_-100;2;5475,10.158904109589,Prevalence,2.48658835485759e-07
NbyGQVwzFc_loc12_loop6,12,ITN 0%/IRS 0%/Larvicide 0%,0;0.4;0.4_0;0;0_0;0;0_-100;2;5475_-100;2;5475_-100;2;5475,10.1616438356164,Prevalence,2.48180712348444e-07
NbyGQVwzFc_loc12_loop6,12,ITN 0%/IRS 0%/Larvicide 0%,0;0.4;0.4_0;0;0_0;0;0_-100;2;5475_-100;2;5475_-100;2;5475,10.1643835616438,Prevalence,2.47703772588633e-07
NbyGQVwzFc_loc12_loop6,12,ITN 0%/IRS 0%/Larvicide 0%,0;0.4;0.4_0;0;0_0;0;0_-100;2;5475_-100;2;5475_-100;2;5475,10.1671232876712,Prevalence,2.47228012319354e-07
NbyGQVwzFc_loc12_loop6,12,ITN 0%/IRS 0%/Larvicide 0%,0;0.4;0.4_0;0;0_0;0;0_-100;2;5475_-100;2;5475_-100;2;5475,10.1698630136986,Prevalence,2.46753427670594e-07
NbyGQVwzFc_loc12_loop6,12,ITN 0%/IRS 0%/Larvicide 0%,0;0.4;0.4_0;0;0_0;0;0_-100;2;5475_-100;2;5475_-100;2;5475,10.172602739726,Prevalence,2.46280014789196e-07
NbyGQVwzFc_loc12_loop6,12,ITN 0%/IRS 0%/Larvicide 0%,0;0.4;0.4_0;0;0_0;0;0_-100;2;5475_-100;2;5475_-100;2;5475,10.1753424657534,Prevalence,2.4580776983878e-07
NbyGQVwzFc_loc12_loop6,12,ITN 0%/IRS 0%/Larvicide 0%,0;0.4;0.4_0;0;0_0;0;0_-100;2;5475_-100;2;5475_-100;2;5475,10.1780821917808,Prevalence,2.45336688999657e-07
NbyGQVwzFc_loc12_loop6,12,ITN 0%/IRS 0%/Larvicide 0%,0;0.4;0.4_0;0;0_0;0;0_-100;2;5475_-100;2;5475_-100;2;5475,10.1808219178082,Prevalence,2.44866768468737e-07
NbyGQVwzFc_loc12_loop6,12,ITN 0%/IRS 0%/Larvicide 0%,0;0.4;0.4_0;0;0_0;0;0_-100;2;5475_-100;2;5475_-100;2;5475,10.1835616438356,Prevalence,2.44398004459435e-07
NbyGQVwzFc_loc12_loop6,12,ITN 0%/IRS 0%/Larvicide 0%,0;0.4;0.4_0;0;0_0;0;0_-100;2;5475_-100;2;5475_-100;2;5475,10.186301369863,Prevalence,2.43930393201589e-07
NbyGQVwzFc_loc12_loop6,12,ITN 0%/IRS 0%/Larvicide 0%,0;0.4;0.4_0;0;0_0;0;0_-100;2;5475_-100;2;5475_-100;2;5475,10.1890410958904,Prevalence,2.43463930941365e-07
NbyGQVwzFc_loc12_loop6,12,ITN 0%/IRS 0%/Larvicide 0%,0;0.4;0.4_0;0;0_0;0;0_-100;2;5475_-100;2;5475_-100;2;5475,10.1917808219178,Prevalence,2.42998613941177e-07
NbyGQVwzFc_loc12_loop6,12,ITN 0%/IRS 0%/Larvicide 0%,0;0.4;0.4_0;0;0_0;0;0_-100;2;5475_-100;2;5475_-100;2;5475,10.1945205479452,Prevalence,2.42534438479596e-07
NbyGQVwzFc_loc12_loop6,12,ITN 0%/IRS 0%/Larvicide 0%,0;0.4;0.4_0;0;0_0;0;0_-100;2;5475_-100;2;5475_-100;2;5475,10.1972602739726,Prevalence,2.42071400851267e-07
NbyGQVwzFc_loc12_loop6,12,ITN 0%/IRS 0%/Larvicide 0%,0;0.4;0.4_0;0;0_0;0;0_-100;2;5475_-100;2;5475_-100;2;5475,10.2,Prevalence,2.41609497366818e-07
NbyGQVwzFc_loc12_loop6,12,ITN 0%/IRS 0%/Larvicide 0%,0;0.4;0.4_0;0;0_0;0;0_-100;2;5475_-100;2;5475_-100;2;5475,10.2027397260274,Prevalence,2.41148724352784e-07
NbyGQVwzFc_loc12_loop6,12,ITN 0%/IRS 0%/Larvicide 0%,0;0.4;0.4_0;0;0_0;0;0_-100;2;5475_-100;2;5475_-100;2;5475,10.2054794520548,Prevalence,2.40689078151512e-07
NbyGQVwzFc_loc12_loop6,12,ITN 0%/IRS 0%/Larvicide 0%,0;0.4;0.4_0;0;0_0;0;0_-100;2;5475_-100;2;5475_-100;2;5475,10.2082191780822,Prevalence,2.40230555121084e-07
NbyGQVwzFc_loc12_loop6,12,ITN 0%/IRS 0%/Larvicide 0%,0;0.4;0.4_0;0;0_0;0;0_-100;2;5475_-100;2;5475_-100;2;5475,10.2109589041096,Prevalence,2.39773151635233e-07
NbyGQVwzFc_loc12_loop6,12,ITN 0%/IRS 0%/Larvicide 0%,0;0.4;0.4_0;0;0_0;0;0_-100;2;5475_-100;2;5475_-100;2;5475,10.213698630137,Prevalence,2.39316864083256e-07
NbyGQVwzFc_loc12_loop6,12,ITN 0%/IRS 0%/Larvicide 0%,0;0.4;0.4_0;0;0_0;0;0_-100;2;5475_-100;2;5475_-100;2;5475,10.2164383561644,Prevalence,2.38861688869935e-07
NbyGQVwzFc_loc12_loop6,12,ITN 0%/IRS 0%/Larvicide 0%,0;0.4;0.4_0;0;0_0;0;0_-100;2;5475_-100;2;5475_-100;2;5475,10.2191780821918,Prevalence,2.38407622415455e-07
NbyGQVwzFc_loc12_loop6,12,ITN 0%/IRS 0%/Larvicide 0%,0;0.4;0.4_0;0;0_0;0;0_-100;2;5475_-100;2;5475_-100;2;5475,10.2219178082192,Prevalence,2.3795466115532e-07
NbyGQVwzFc_loc12_loop6,12,ITN 0%/IRS 0%/Larvicide 0%,0;0.4;0.4_0;0;0_0;0;0_-100;2;5475_-100;2;5475_-100;2;5475,10.2246575342466,Prevalence,2.37502801540272e-07
NbyGQVwzFc_loc12_loop6,12,ITN 0%/IRS 0%/Larvicide 0%,0;0.4;0.4_0;0;0_0;0;0_-100;2;5475_-100;2;5475_-100;2;5475,10.227397260274,Prevalence,2.37052040036214e-07
NbyGQVwzFc_loc12_loop6,12,ITN 0%/IRS 0%/Larvicide 0%,0;0.4;0.4_0;0;0_0;0;0_-100;2;5475_-100;2;5475_-100;2;5475,10.2301369863014,Prevalence,2.36602373124128e-07
NbyGQVwzFc_loc12_loop6,12,ITN 0%/IRS 0%/Larvicide 0%,0;0.4;0.4_0;0;0_0;0;0_-100;2;5475_-100;2;5475_-100;2;5475,10.2328767123288,Prevalence,2.36153797299991e-07
NbyGQVwzFc_loc12_loop6,12,ITN 0%/IRS 0%/Larvicide 0%,0;0.4;0.4_0;0;0_0;0;0_-100;2;5475_-100;2;5475_-100;2;5475,10.2356164383562,Prevalence,2.35706309074703e-07
NbyGQVwzFc_loc12_loop6,12,ITN 0%/IRS 0%/Larvicide 0%,0;0.4;0.4_0;0;0_0;0;0_-100;2;5475_-100;2;5475_-100;2;5475,10.2383561643836,Prevalence,2.35259904974005e-07
NbyGQVwzFc_loc12_loop6,12,ITN 0%/IRS 0%/Larvicide 0%,0;0.4;0.4_0;0;0_0;0;0_-100;2;5475_-100;2;5475_-100;2;5475,10.241095890411,Prevalence,2.34814581538398e-07
NbyGQVwzFc_loc12_loop6,12,ITN 0%/IRS 0%/Larvicide 0%,0;0.4;0.4_0;0;0_0;0;0_-100;2;5475_-100;2;5475_-100;2;5475,10.2438356164384,Prevalence,2.34370335323071e-07
NbyGQVwzFc_loc12_loop6,12,ITN 0%/IRS 0%/Larvicide 0%,0;0.4;0.4_0;0;0_0;0;0_-100;2;5475_-100;2;5475_-100;2;5475,10.2465753424658,Prevalence,2.3392716289782e-07
NbyGQVwzFc_loc12_loop6,12,ITN 0%/IRS 0%/Larvicide 0%,0;0.4;0.4_0;0;0_0;0;0_-100;2;5475_-100;2;5475_-100;2;5475,10.2493150684932,Prevalence,2.33485060846971e-07
NbyGQVwzFc_loc12_loop6,12,ITN 0%/IRS 0%/Larvicide 0%,0;0.4;0.4_0;0;0_0;0;0_-100;2;5475_-100;2;5475_-100;2;5475,10.2520547945205,Prevalence,2.33044025769299e-07
NbyGQVwzFc_loc12_loop6,12,ITN 0%/IRS 0%/Larvicide 0%,0;0.4;0.4_0;0;0_0;0;0_-100;2;5475_-100;2;5475_-100;2;5475,10.2547945205479,Prevalence,2.32604054277958e-07
NbyGQVwzFc_loc12_loop6,12,ITN 0%/IRS 0%/Larvicide 0%,0;0.4;0.4_0;0;0_0;0;0_-100;2;5475_-100;2;5475_-100;2;5475,10.2575342465753,Prevalence,2.32165143000411e-07
NbyGQVwzFc_loc12_loop6,12,ITN 0%/IRS 0%/Larvicide 0%,0;0.4;0.4_0;0;0_0;0;0_-100;2;5475_-100;2;5475_-100;2;5475,10.2602739726027,Prevalence,2.31727288578349e-07
NbyGQVwzFc_loc12_loop6,12,ITN 0%/IRS 0%/Larvicide 0%,0;0.4;0.4_0;0;0_0;0;0_-100;2;5475_-100;2;5475_-100;2;5475,10.2630136986301,Prevalence,2.31290487667617e-07
NbyGQVwzFc_loc12_loop6,12,ITN 0%/IRS 0%/Larvicide 0%,0;0.4;0.4_0;0;0_0;0;0_-100;2;5475_-100;2;5475_-100;2;5475,10.2657534246575,Prevalence,2.30854736938139e-07
NbyGQVwzFc_loc12_loop6,12,ITN 0%/IRS 0%/Larvicide 0%,0;0.4;0.4_0;0;0_0;0;0_-100;2;5475_-100;2;5475_-100;2;5475,10.2684931506849,Prevalence,2.30420033073844e-07
NbyGQVwzFc_loc12_loop6,12,ITN 0%/IRS 0%/Larvicide 0%,0;0.4;0.4_0;0;0_0;0;0_-100;2;5475_-100;2;5475_-100;2;5475,10.2712328767123,Prevalence,2.29986372772595e-07
NbyGQVwzFc_loc12_loop6,12,ITN 0%/IRS 0%/Larvicide 0%,0;0.4;0.4_0;0;0_0;0;0_-100;2;5475_-100;2;5475_-100;2;5475,10.2739726027397,Prevalence,2.29553752746111e-07
NbyGQVwzFc_loc12_loop6,12,ITN 0%/IRS 0%/Larvicide 0%,0;0.4;0.4_0;0;0_0;0;0_-100;2;5475_-100;2;5475_-100;2;5475,10.2767123287671,Prevalence,2.29122169719902e-07
NbyGQVwzFc_loc12_loop6,12,ITN 0%/IRS 0%/Larvicide 0%,0;0.4;0.4_0;0;0_0;0;0_-100;2;5475_-100;2;5475_-100;2;5475,10.2794520547945,Prevalence,2.28691620433191e-07
NbyGQVwzFc_loc12_loop6,12,ITN 0%/IRS 0%/Larvicide 0%,0;0.4;0.4_0;0;0_0;0;0_-100;2;5475_-100;2;5475_-100;2;5475,10.2821917808219,Prevalence,2.28262101638844e-07
NbyGQVwzFc_loc12_loop6,12,ITN 0%/IRS 0%/Larvicide 0%,0;0.4;0.4_0;0;0_0;0;0_-100;2;5475_-100;2;5475_-100;2;5475,10.2849315068493,Prevalence,2.278336101033e-07
NbyGQVwzFc_loc12_loop6,12,ITN 0%/IRS 0%/Larvicide 0%,0;0.4;0.4_0;0;0_0;0;0_-100;2;5475_-100;2;5475_-100;2;5475,10.2876712328767,Prevalence,2.27406142606501e-07
NbyGQVwzFc_loc12_loop6,12,ITN 0%/IRS 0%/Larvicide 0%,0;0.4;0.4_0;0;0_0;0;0_-100;2;5475_-100;2;5475_-100;2;5475,10.2904109589041,Prevalence,2.26979695941817e-07
NbyGQVwzFc_loc12_loop6,12,ITN 0%/IRS 0%/Larvicide 0%,0;0.4;0.4_0;0;0_0;0;0_-100;2;5475_-100;2;5475_-100;2;5475,10.2931506849315,Prevalence,2.26554266915982e-07
NbyGQVwzFc_loc12_loop6,12,ITN 0%/IRS 0%/Larvicide 0%,0;0.4;0.4_0;0;0_0;0;0_-100;2;5475_-100;2;5475_-100;2;5475,10.2958904109589,Prevalence,2.26129852349021e-07
NbyGQVwzFc_loc12_loop6,12,ITN 0%/IRS 0%/Larvicide 0%,0;0.4;0.4_0;0;0_0;0;0_-100;2;5475_-100;2;5475_-100;2;5475,10.2986301369863,Prevalence,2.25706449074182e-07
NbyGQVwzFc_loc12_loop6,12,ITN 0%/IRS 0%/Larvicide 0%,0;0.4;0.4_0;0;0_0;0;0_-100;2;5475_-100;2;5475_-100;2;5475,10.3013698630137,Prevalence,2.25284053937868e-07
NbyGQVwzFc_loc12_loop6,12,ITN 0%/IRS 0%/Larvicide 0%,0;0.4;0.4_0;0;0_0;0;0_-100;2;5475_-100;2;5475_-100;2;5475,10.3041095890411,Prevalence,2.24862663799566e-07
NbyGQVwzFc_loc12_loop6,12,ITN 0%/IRS 0%/Larvicide 0%,0;0.4;0.4_0;0;0_0;0;0_-100;2;5475_-100;2;5475_-100;2;5475,10.3068493150685,Prevalence,2.24442275531784e-07
NbyGQVwzFc_loc12_loop6,12,ITN 0%/IRS 0%/Larvicide 0%,0;0.4;0.4_0;0;0_0;0;0_-100;2;5475_-100;2;5475_-100;2;5475,10.3095890410959,Prevalence,2.24022886019976e-07
NbyGQVwzFc_loc12_loop6,12,ITN 0%/IRS 0%/Larvicide 0%,0;0.4;0.4_0;0;0_0;0;0_-100;2;5475_-100;2;5475_-100;2;5475,10.3123287671233,Prevalence,2.23604492162485e-07
NbyGQVwzFc_loc12_loop6,12,ITN 0%/IRS 0%/Larvicide 0%,0;0.4;0.4_0;0;0_0;0;0_-100;2;5475_-100;2;5475_-100;2;5475,10.3150684931507,Prevalence,2.23187090870467e-07
NbyGQVwzFc_loc12_loop6,12,ITN 0%/IRS 0%/Larvicide 0%,0;0.4;0.4_0;0;0_0;0;0_-100;2;5475_-100;2;5475_-100;2;5475,10.3178082191781,Prevalence,2.22770679067831e-07
NbyGQVwzFc_loc12_loop6,12,ITN 0%/IRS 0%/Larvicide 0%,0;0.4;0.4_0;0;0_0;0;0_-100;2;5475_-100;2;5475_-100;2;5475,10.3205479452055,Prevalence,2.22355253691168e-07
NbyGQVwzFc_loc12_loop6,12,ITN 0%/IRS 0%/Larvicide 0%,0;0.4;0.4_0;0;0_0;0;0_-100;2;5475_-100;2;5475_-100;2;5475,10.3232876712329,Prevalence,2.21940811689691e-07
NbyGQVwzFc_loc12_loop6,12,ITN 0%/IRS 0%/Larvicide 0%,0;0.4;0.4_0;0;0_0;0;0_-100;2;5475_-100;2;5475_-100;2;5475,10.3260273972603,Prevalence,2.21527350025165e-07
NbyGQVwzFc_loc12_loop6,12,ITN 0%/IRS 0%/Larvicide 0%,0;0.4;0.4_0;0;0_0;0;0_-100;2;5475_-100;2;5475_-100;2;5475,10.3287671232877,Prevalence,2.21114865671848e-07
NbyGQVwzFc_loc12_loop6,12,ITN 0%/IRS 0%/Larvicide 0%,0;0.4;0.4_0;0;0_0;0;0_-100;2;5475_-100;2;5475_-100;2;5475,10.3315068493151,Prevalence,2.20703355616418e-07
NbyGQVwzFc_loc12_loop6,12,ITN 0%/IRS 0%/Larvicide 0%,0;0.4;0.4_0;0;0_0;0;0_-100;2;5475_-100;2;5475_-100;2;5475,10.3342465753425,Prevalence,2.20292816857913e-07
NbyGQVwzFc_loc12_loop6,12,ITN 0%/IRS 0%/Larvicide 0%,0;0.4;0.4_0;0;0_0;0;0_-100;2;5475_-100;2;5475_-100;2;5475,10.3369863013699,Prevalence,2.19883246407667e-07
NbyGQVwzFc_loc12_loop6,12,ITN 0%/IRS 0%/Larvicide 0%,0;0.4;0.4_0;0;0_0;0;0_-100;2;5475_-100;2;5475_-100;2;5475,10.3397260273973,Prevalence,2.19474641289256e-07
NbyGQVwzFc_loc12_loop6,12,ITN 0%/IRS 0%/Larvicide 0%,0;0.4;0.4_0;0;0_0;0;0_-100;2;5475_-100;2;5475_-100;2;5475,10.3424657534247,Prevalence,2.19066998538426e-07
NbyGQVwzFc_loc12_loop6,12,ITN 0%/IRS 0%/Larvicide 0%,0;0.4;0.4_0;0;0_0;0;0_-100;2;5475_-100;2;5475_-100;2;5475,10.3452054794521,Prevalence,2.18660315203032e-07
NbyGQVwzFc_loc12_loop6,12,ITN 0%/IRS 0%/Larvicide 0%,0;0.4;0.4_0;0;0_0;0;0_-100;2;5475_-100;2;5475_-100;2;5475,10.3479452054795,Prevalence,2.18254588342975e-07
NbyGQVwzFc_loc12_loop6,12,ITN 0%/IRS 0%/Larvicide 0%,0;0.4;0.4_0;0;0_0;0;0_-100;2;5475_-100;2;5475_-100;2;5475,10.3506849315069,Prevalence,2.17849815030144e-07
NbyGQVwzFc_loc12_loop6,12,ITN 0%/IRS 0%/Larvicide 0%,0;0.4;0.4_0;0;0_0;0;0_-100;2;5475_-100;2;5475_-100;2;5475,10.3534246575342,Prevalence,2.1744599234835e-07
NbyGQVwzFc_loc12_loop6,12,ITN 0%/IRS 0%/Larvicide 0%,0;0.4;0.4_0;0;0_0;0;0_-100;2;5475_-100;2;5475_-100;2;5475,10.3561643835616,Prevalence,2.17043117393265e-07
NbyGQVwzFc_loc12_loop6,12,ITN 0%/IRS 0%/Larvicide 0%,0;0.4;0.4_0;0;0_0;0;0_-100;2;5475_-100;2;5475_-100;2;5475,10.358904109589,Prevalence,2.16641187272366e-07
NbyGQVwzFc_loc12_loop6,12,ITN 0%/IRS 0%/Larvicide 0%,0;0.4;0.4_0;0;0_0;0;0_-100;2;5475_-100;2;5475_-100;2;5475,10.3616438356164,Prevalence,2.1624019910487e-07
NbyGQVwzFc_loc12_loop6,12,ITN 0%/IRS 0%/Larvicide 0%,0;0.4;0.4_0;0;0_0;0;0_-100;2;5475_-100;2;5475_-100;2;5475,10.3643835616438,Prevalence,2.15840150021676e-07
NbyGQVwzFc_loc12_loop6,12,ITN 0%/IRS 0%/Larvicide 0%,0;0.4;0.4_0;0;0_0;0;0_-100;2;5475_-100;2;5475_-100;2;5475,10.3671232876712,Prevalence,2.15441037165306e-07
NbyGQVwzFc_loc12_loop6,12,ITN 0%/IRS 0%/Larvicide 0%,0;0.4;0.4_0;0;0_0;0;0_-100;2;5475_-100;2;5475_-100;2;5475,10.3698630136986,Prevalence,2.15042857689843e-07
NbyGQVwzFc_loc12_loop6,12,ITN 0%/IRS 0%/Larvicide 0%,0;0.4;0.4_0;0;0_0;0;0_-100;2;5475_-100;2;5475_-100;2;5475,10.372602739726,Prevalence,2.14645608760875e-07
NbyGQVwzFc_loc12_loop6,12,ITN 0%/IRS 0%/Larvicide 0%,0;0.4;0.4_0;0;0_0;0;0_-100;2;5475_-100;2;5475_-100;2;5475,10.3753424657534,Prevalence,2.14249287555436e-07
NbyGQVwzFc_loc12_loop6,12,ITN 0%/IRS 0%/Larvicide 0%,0;0.4;0.4_0;0;0_0;0;0_-100;2;5475_-100;2;5475_-100;2;5475,10.3780821917808,Prevalence,2.13853891261946e-07
NbyGQVwzFc_loc12_loop6,12,ITN 0%/IRS 0%/Larvicide 0%,0;0.4;0.4_0;0;0_0;0;0_-100;2;5475_-100;2;5475_-100;2;5475,10.3808219178082,Prevalence,2.13459417080155e-07
NbyGQVwzFc_loc12_loop6,12,ITN 0%/IRS 0%/Larvicide 0%,0;0.4;0.4_0;0;0_0;0;0_-100;2;5475_-100;2;5475_-100;2;5475,10.3835616438356,Prevalence,2.13065862221083e-07
NbyGQVwzFc_loc12_loop6,12,ITN 0%/IRS 0%/Larvicide 0%,0;0.4;0.4_0;0;0_0;0;0_-100;2;5475_-100;2;5475_-100;2;5475,10.386301369863,Prevalence,2.12673223906967e-07
NbyGQVwzFc_loc12_loop6,12,ITN 0%/IRS 0%/Larvicide 0%,0;0.4;0.4_0;0;0_0;0;0_-100;2;5475_-100;2;5475_-100;2;5475,10.3890410958904,Prevalence,2.12281499371198e-07
NbyGQVwzFc_loc12_loop6,12,ITN 0%/IRS 0%/Larvicide 0%,0;0.4;0.4_0;0;0_0;0;0_-100;2;5475_-100;2;5475_-100;2;5475,10.3917808219178,Prevalence,2.11890685858272e-07
NbyGQVwzFc_loc12_loop6,12,ITN 0%/IRS 0%/Larvicide 0%,0;0.4;0.4_0;0;0_0;0;0_-100;2;5475_-100;2;5475_-100;2;5475,10.3945205479452,Prevalence,2.11500780623727e-07
NbyGQVwzFc_loc12_loop6,12,ITN 0%/IRS 0%/Larvicide 0%,0;0.4;0.4_0;0;0_0;0;0_-100;2;5475_-100;2;5475_-100;2;5475,10.3972602739726,Prevalence,2.1111178093409e-07
NbyGQVwzFc_loc12_loop6,12,ITN 0%/IRS 0%/Larvicide 0%,0;0.4;0.4_0;0;0_0;0;0_-100;2;5475_-100;2;5475_-100;2;5475,10.4,Prevalence,2.10723684066822e-07
NbyGQVwzFc_loc12_loop6,12,ITN 0%/IRS 0%/Larvicide 0%,0;0.4;0.4_0;0;0_0;0;0_-100;2;5475_-100;2;5475_-100;2;5475,10.4027397260274,Prevalence,2.10336487310262e-07
NbyGQVwzFc_loc12_loop6,12,ITN 0%/IRS 0%/Larvicide 0%,0;0.4;0.4_0;0;0_0;0;0_-100;2;5475_-100;2;5475_-100;2;5475,10.4054794520548,Prevalence,2.09950187963571e-07
NbyGQVwzFc_loc12_loop6,12,ITN 0%/IRS 0%/Larvicide 0%,0;0.4;0.4_0;0;0_0;0;0_-100;2;5475_-100;2;5475_-100;2;5475,10.4082191780822,Prevalence,2.09564783336679e-07
NbyGQVwzFc_loc12_loop6,12,ITN 0%/IRS 0%/Larvicide 0%,0;0.4;0.4_0;0;0_0;0;0_-100;2;5475_-100;2;5475_-100;2;5475,10.4109589041096,Prevalence,2.09180270750231e-07
NbyGQVwzFc_loc12_loop6,12,ITN 0%/IRS 0%/Larvicide 0%,0;0.4;0.4_0;0;0_0;0;0_-100;2;5475_-100;2;5475_-100;2;5475,10.413698630137,Prevalence,2.08796647535529e-07
NbyGQVwzFc_loc12_loop6,12,ITN 0%/IRS 0%/Larvicide 0%,0;0.4;0.4_0;0;0_0;0;0_-100;2;5475_-100;2;5475_-100;2;5475,10.4164383561644,Prevalence,2.08413911034486e-07
NbyGQVwzFc_loc12_loop6,12,ITN 0%/IRS 0%/Larvicide 0%,0;0.4;0.4_0;0;0_0;0;0_-100;2;5475_-100;2;5475_-100;2;5475,10.4191780821918,Prevalence,2.08032058599559e-07
NbyGQVwzFc_loc12_loop6,12,ITN 0%/IRS 0%/Larvicide 0%,0;0.4;0.4_0;0;0_0;0;0_-100;2;5475_-100;2;5475_-100;2;5475,10.4219178082192,Prevalence,2.0765108759371e-07
NbyGQVwzFc_loc12_loop6,12,ITN 0%/IRS 0%/Larvicide 0%,0;0.4;0.4_0;0;0_0;0;0_-100;2;5475_-100;2;5475_-100;2;5475,10.4246575342466,Prevalence,2.07270995390352e-07
NbyGQVwzFc_loc12_loop6,12,ITN 0%/IRS 0%/Larvicide 0%,0;0.4;0.4_0;0;0_0;0;0_-100;2;5475_-100;2;5475_-100;2;5475,10.427397260274,Prevalence,2.06891779373292e-07
NbyGQVwzFc_loc12_loop6,12,ITN 0%/IRS 0%/Larvicide 0%,0;0.4;0.4_0;0;0_0;0;0_-100;2;5475_-100;2;5475_-100;2;5475,10.4301369863014,Prevalence,2.06513436936679e-07
NbyGQVwzFc_loc12_loop6,12,ITN 0%/IRS 0%/Larvicide 0%,0;0.4;0.4_0;0;0_0;0;0_-100;2;5475_-100;2;5475_-100;2;5475,10.4328767123288,Prevalence,2.06135965484956e-07
NbyGQVwzFc_loc12_loop6,12,ITN 0%/IRS 0%/Larvicide 0%,0;0.4;0.4_0;0;0_0;0;0_-100;2;5475_-100;2;5475_-100;2;5475,10.4356164383562,Prevalence,2.05759362432803e-07
NbyGQVwzFc_loc12_loop6,12,ITN 0%/IRS 0%/Larvicide 0%,0;0.4;0.4_0;0;0_0;0;0_-100;2;5475_-100;2;5475_-100;2;5475,10.4383561643836,Prevalence,2.05383625205087e-07
NbyGQVwzFc_loc12_loop6,12,ITN 0%/IRS 0%/Larvicide 0%,0;0.4;0.4_0;0;0_0;0;0_-100;2;5475_-100;2;5475_-100;2;5475,10.441095890411,Prevalence,2.05008751236815e-07
NbyGQVwzFc_loc12_loop6,12,ITN 0%/IRS 0%/Larvicide 0%,0;0.4;0.4_0;0;0_0;0;0_-100;2;5475_-100;2;5475_-100;2;5475,10.4438356164384,Prevalence,2.04634737973078e-07
NbyGQVwzFc_loc12_loop6,12,ITN 0%/IRS 0%/Larvicide 0%,0;0.4;0.4_0;0;0_0;0;0_-100;2;5475_-100;2;5475_-100;2;5475,10.4465753424658,Prevalence,2.04261582869006e-07
NbyGQVwzFc_loc12_loop6,12,ITN 0%/IRS 0%/Larvicide 0%,0;0.4;0.4_0;0;0_0;0;0_-100;2;5475_-100;2;5475_-100;2;5475,10.4493150684932,Prevalence,2.03889283389711e-07
NbyGQVwzFc_loc12_loop6,12,ITN 0%/IRS 0%/Larvicide 0%,0;0.4;0.4_0;0;0_0;0;0_-100;2;5475_-100;2;5475_-100;2;5475,10.4520547945205,Prevalence,2.03517837010246e-07
NbyGQVwzFc_loc12_loop6,12,ITN 0%/IRS 0%/Larvicide 0%,0;0.4;0.4_0;0;0_0;0;0_-100;2;5475_-100;2;5475_-100;2;5475,10.4547945205479,Prevalence,2.03147241215547e-07
NbyGQVwzFc_loc12_loop6,12,ITN 0%/IRS 0%/Larvicide 0%,0;0.4;0.4_0;0;0_0;0;0_-100;2;5475_-100;2;5475_-100;2;5475,10.4575342465753,Prevalence,2.02777493500389e-07
NbyGQVwzFc_loc12_loop6,12,ITN 0%/IRS 0%/Larvicide 0%,0;0.4;0.4_0;0;0_0;0;0_-100;2;5475_-100;2;5475_-100;2;5475,10.4602739726027,Prevalence,2.02408591369337e-07
NbyGQVwzFc_loc12_loop6,12,ITN 0%/IRS 0%/Larvicide 0%,0;0.4;0.4_0;0;0_0;0;0_-100;2;5475_-100;2;5475_-100;2;5475,10.4630136986301,Prevalence,2.02040532336693e-07
NbyGQVwzFc_loc12_loop6,12,ITN 0%/IRS 0%/Larvicide 0%,0;0.4;0.4_0;0;0_0;0;0_-100;2;5475_-100;2;5475_-100;2;5475,10.4657534246575,Prevalence,2.01673313926454e-07
NbyGQVwzFc_loc12_loop6,12,ITN 0%/IRS 0%/Larvicide 0%,0;0.4;0.4_0;0;0_0;0;0_-100;2;5475_-100;2;5475_-100;2;5475,10.4684931506849,Prevalence,2.01306933672258e-07
NbyGQVwzFc_loc12_loop6,12,ITN 0%/IRS 0%/Larvicide 0%,0;0.4;0.4_0;0;0_0;0;0_-100;2;5475_-100;2;5475_-100;2;5475,10.4712328767123,Prevalence,2.00941389117341e-07
NbyGQVwzFc_loc12_loop6,12,ITN 0%/IRS 0%/Larvicide 0%,0;0.4;0.4_0;0;0_0;0;0_-100;2;5475_-100;2;5475_-100;2;5475,10.4739726027397,Prevalence,2.00576677814486e-07
NbyGQVwzFc_loc12_loop6,12,ITN 0%/IRS 0%/Larvicide 0%,0;0.4;0.4_0;0;0_0;0;0_-100;2;5475_-100;2;5475_-100;2;5475,10.4767123287671,Prevalence,2.00212797325977e-07
NbyGQVwzFc_loc12_loop6,12,ITN 0%/IRS 0%/Larvicide 0%,0;0.4;0.4_0;0;0_0;0;0_-100;2;5475_-100;2;5475_-100;2;5475,10.4794520547945,Prevalence,1.99849745223551e-07
NbyGQVwzFc_loc12_loop6,12,ITN 0%/IRS 0%/Larvicide 0%,0;0.4;0.4_0;0;0_0;0;0_-100;2;5475_-100;2;5475_-100;2;5475,10.4821917808219,Prevalence,1.99487519088355e-07
NbyGQVwzFc_loc12_loop6,12,ITN 0%/IRS 0%/Larvicide 0%,0;0.4;0.4_0;0;0_0;0;0_-100;2;5475_-100;2;5475_-100;2;5475,10.4849315068493,Prevalence,1.99126116510894e-07
NbyGQVwzFc_loc12_loop6,12,ITN 0%/IRS 0%/Larvicide 0%,0;0.4;0.4_0;0;0_0;0;0_-100;2;5475_-100;2;5475_-100;2;5475,10.4876712328767,Prevalence,1.98765535090991e-07
NbyGQVwzFc_loc12_loop6,12,ITN 0%/IRS 0%/Larvicide 0%,0;0.4;0.4_0;0;0_0;0;0_-100;2;5475_-100;2;5475_-100;2;5475,10.4904109589041,Prevalence,1.98405772437734e-07
NbyGQVwzFc_loc12_loop6,12,ITN 0%/IRS 0%/Larvicide 0%,0;0.4;0.4_0;0;0_0;0;0_-100;2;5475_-100;2;5475_-100;2;5475,10.4931506849315,Prevalence,1.98046826169437e-07
NbyGQVwzFc_loc12_loop6,12,ITN 0%/IRS 0%/Larvicide 0%,0;0.4;0.4_0;0;0_0;0;0_-100;2;5475_-100;2;5475_-100;2;5475,10.4958904109589,Prevalence,1.97688693913589e-07
NbyGQVwzFc_loc12_loop6,12,ITN 0%/IRS 0%/Larvicide 0%,0;0.4;0.4_0;0;0_0;0;0_-100;2;5475_-100;2;5475_-100;2;5475,10.4986301369863,Prevalence,1.97331373306815e-07
NbyGQVwzFc_loc12_loop6,12,ITN 0%/IRS 0%/Larvicide 0%,0;0.4;0.4_0;0;0_0;0;0_-100;2;5475_-100;2;5475_-100;2;5475,10.5013698630137,Prevalence,1.96974861994825e-07
NbyGQVwzFc_loc12_loop6,12,ITN 0%/IRS 0%/Larvicide 0%,0;0.4;0.4_0;0;0_0;0;0_-100;2;5475_-100;2;5475_-100;2;5475,10.5041095890411,Prevalence,1.96619157632374e-07
NbyGQVwzFc_loc12_loop6,12,ITN 0%/IRS 0%/Larvicide 0%,0;0.4;0.4_0;0;0_0;0;0_-100;2;5475_-100;2;5475_-100;2;5475,10.5068493150685,Prevalence,1.96264257883208e-07
NbyGQVwzFc_loc12_loop6,12,ITN 0%/IRS 0%/Larvicide 0%,0;0.4;0.4_0;0;0_0;0;0_-100;2;5475_-100;2;5475_-100;2;5475,10.5095890410959,Prevalence,1.95910160420034e-07
NbyGQVwzFc_loc12_loop6,12,ITN 0%/IRS 0%/Larvicide 0%,0;0.4;0.4_0;0;0_0;0;0_-100;2;5475_-100;2;5475_-100;2;5475,10.5123287671233,Prevalence,1.95556862924473e-07
NbyGQVwzFc_loc12_loop6,12,ITN 0%/IRS 0%/Larvicide 0%,0;0.4;0.4_0;0;0_0;0;0_-100;2;5475_-100;2;5475_-100;2;5475,10.5150684931507,Prevalence,1.95204363087011e-07
NbyGQVwzFc_loc12_loop6,12,ITN 0%/IRS 0%/Larvicide 0%,0;0.4;0.4_0;0;0_0;0;0_-100;2;5475_-100;2;5475_-100;2;5475,10.5178082191781,Prevalence,1.94852658606959e-07
NbyGQVwzFc_loc12_loop6,12,ITN 0%/IRS 0%/Larvicide 0%,0;0.4;0.4_0;0;0_0;0;0_-100;2;5475_-100;2;5475_-100;2;5475,10.5205479452055,Prevalence,1.94501747192409e-07
NbyGQVwzFc_loc12_loop6,12,ITN 0%/IRS 0%/Larvicide 0%,0;0.4;0.4_0;0;0_0;0;0_-100;2;5475_-100;2;5475_-100;2;5475,10.5232876712329,Prevalence,1.9415162656019e-07
NbyGQVwzFc_loc12_loop6,12,ITN 0%/IRS 0%/Larvicide 0%,0;0.4;0.4_0;0;0_0;0;0_-100;2;5475_-100;2;5475_-100;2;5475,10.5260273972603,Prevalence,1.93802294435827e-07
NbyGQVwzFc_loc12_loop6,12,ITN 0%/IRS 0%/Larvicide 0%,0;0.4;0.4_0;0;0_0;0;0_-100;2;5475_-100;2;5475_-100;2;5475,10.5287671232877,Prevalence,1.93453748553497e-07
NbyGQVwzFc_loc12_loop6,12,ITN 0%/IRS 0%/Larvicide 0%,0;0.4;0.4_0;0;0_0;0;0_-100;2;5475_-100;2;5475_-100;2;5475,10.5315068493151,Prevalence,1.93105986655988e-07
NbyGQVwzFc_loc12_loop6,12,ITN 0%/IRS 0%/Larvicide 0%,0;0.4;0.4_0;0;0_0;0;0_-100;2;5475_-100;2;5475_-100;2;5475,10.5342465753425,Prevalence,1.92759006494658e-07
NbyGQVwzFc_loc12_loop6,12,ITN 0%/IRS 0%/Larvicide 0%,0;0.4;0.4_0;0;0_0;0;0_-100;2;5475_-100;2;5475_-100;2;5475,10.5369863013699,Prevalence,1.9241280582939e-07
NbyGQVwzFc_loc12_loop6,12,ITN 0%/IRS 0%/Larvicide 0%,0;0.4;0.4_0;0;0_0;0;0_-100;2;5475_-100;2;5475_-100;2;5475,10.5397260273973,Prevalence,1.92067382428554e-07
NbyGQVwzFc_loc12_loop6,12,ITN 0%/IRS 0%/Larvicide 0%,0;0.4;0.4_0;0;0_0;0;0_-100;2;5475_-100;2;5475_-100;2;5475,10.5424657534247,Prevalence,1.91722734068966e-07
NbyGQVwzFc_loc12_loop6,12,ITN 0%/IRS 0%/Larvicide 0%,0;0.4;0.4_0;0;0_0;0;0_-100;2;5475_-100;2;5475_-100;2;5475,10.5452054794521,Prevalence,1.91378858535842e-07
NbyGQVwzFc_loc12_loop6,12,ITN 0%/IRS 0%/Larvicide 0%,0;0.4;0.4_0;0;0_0;0;0_-100;2;5475_-100;2;5475_-100;2;5475,10.5479452054795,Prevalence,1.91035753622763e-07
NbyGQVwzFc_loc12_loop6,12,ITN 0%/IRS 0%/Larvicide 0%,0;0.4;0.4_0;0;0_0;0;0_-100;2;5475_-100;2;5475_-100;2;5475,10.5506849315068,Prevalence,1.90693417131634e-07
NbyGQVwzFc_loc12_loop6,12,ITN 0%/IRS 0%/Larvicide 0%,0;0.4;0.4_0;0;0_0;0;0_-100;2;5475_-100;2;5475_-100;2;5475,10.5534246575342,Prevalence,1.90351846872638e-07
NbyGQVwzFc_loc12_loop6,12,ITN 0%/IRS 0%/Larvicide 0%,0;0.4;0.4_0;0;0_0;0;0_-100;2;5475_-100;2;5475_-100;2;5475,10.5561643835616,Prevalence,1.90011040664204e-07
NbyGQVwzFc_loc12_loop6,12,ITN 0%/IRS 0%/Larvicide 0%,0;0.4;0.4_0;0;0_0;0;0_-100;2;5475_-100;2;5475_-100;2;5475,10.558904109589,Prevalence,1.89670996332961e-07
NbyGQVwzFc_loc12_loop6,12,ITN 0%/IRS 0%/Larvicide 0%,0;0.4;0.4_0;0;0_0;0;0_-100;2;5475_-100;2;5475_-100;2;5475,10.5616438356164,Prevalence,1.89331711713702e-07
NbyGQVwzFc_loc12_loop6,12,ITN 0%/IRS 0%/Larvicide 0%,0;0.4;0.4_0;0;0_0;0;0_-100;2;5475_-100;2;5475_-100;2;5475,10.5643835616438,Prevalence,1.88993184649343e-07
NbyGQVwzFc_loc12_loop6,12,ITN 0%/IRS 0%/Larvicide 0%,0;0.4;0.4_0;0;0_0;0;0_-100;2;5475_-100;2;5475_-100;2;5475,10.5671232876712,Prevalence,1.88655412990882e-07
NbyGQVwzFc_loc12_loop6,12,ITN 0%/IRS 0%/Larvicide 0%,0;0.4;0.4_0;0;0_0;0;0_-100;2;5475_-100;2;5475_-100;2;5475,10.5698630136986,Prevalence,1.88318394597366e-07
NbyGQVwzFc_loc12_loop6,12,ITN 0%/IRS 0%/Larvicide 0%,0;0.4;0.4_0;0;0_0;0;0_-100;2;5475_-100;2;5475_-100;2;5475,10.572602739726,Prevalence,1.87982127335847e-07
NbyGQVwzFc_loc12_loop6,12,ITN 0%/IRS 0%/Larvicide 0%,0;0.4;0.4_0;0;0_0;0;0_-100;2;5475_-100;2;5475_-100;2;5475,10.5753424657534,Prevalence,1.87646609081345e-07
NbyGQVwzFc_loc12_loop6,12,ITN 0%/IRS 0%/Larvicide 0%,0;0.4;0.4_0;0;0_0;0;0_-100;2;5475_-100;2;5475_-100;2;5475,10.5780821917808,Prevalence,1.87311837716808e-07
NbyGQVwzFc_loc12_loop6,12,ITN 0%/IRS 0%/Larvicide 0%,0;0.4;0.4_0;0;0_0;0;0_-100;2;5475_-100;2;5475_-100;2;5475,10.5808219178082,Prevalence,1.86977811133081e-07
NbyGQVwzFc_loc12_loop6,12,ITN 0%/IRS 0%/Larvicide 0%,0;0.4;0.4_0;0;0_0;0;0_-100;2;5475_-100;2;5475_-100;2;5475,10.5835616438356,Prevalence,1.86644527228856e-07
NbyGQVwzFc_loc12_loop6,12,ITN 0%/IRS 0%/Larvicide 0%,0;0.4;0.4_0;0;0_0;0;0_-100;2;5475_-100;2;5475_-100;2;5475,10.586301369863,Prevalence,1.86311983910649e-07
NbyGQVwzFc_loc12_loop6,12,ITN 0%/IRS 0%/Larvicide 0%,0;0.4;0.4_0;0;0_0;0;0_-100;2;5475_-100;2;5475_-100;2;5475,10.5890410958904,Prevalence,1.85980179092749e-07
NbyGQVwzFc_loc12_loop6,12,ITN 0%/IRS 0%/Larvicide 0%,0;0.4;0.4_0;0;0_0;0;0_-100;2;5475_-100;2;5475_-100;2;5475,10.5917808219178,Prevalence,1.85649110697189e-07
NbyGQVwzFc_loc12_loop6,12,ITN 0%/IRS 0%/Larvicide 0%,0;0.4;0.4_0;0;0_0;0;0_-100;2;5475_-100;2;5475_-100;2;5475,10.5945205479452,Prevalence,1.85318776653708e-07
NbyGQVwzFc_loc12_loop6,12,ITN 0%/IRS 0%/Larvicide 0%,0;0.4;0.4_0;0;0_0;0;0_-100;2;5475_-100;2;5475_-100;2;5475,10.5972602739726,Prevalence,1.84989174899709e-07
NbyGQVwzFc_loc12_loop6,12,ITN 0%/IRS 0%/Larvicide 0%,0;0.4;0.4_0;0;0_0;0;0_-100;2;5475_-100;2;5475_-100;2;5475,10.6,Prevalence,1.84660303380226e-07
NbyGQVwzFc_loc12_loop6,12,ITN 0%/IRS 0%/Larvicide 0%,0;0.4;0.4_0;0;0_0;0;0_-100;2;5475_-100;2;5475_-100;2;5475,10.6027397260274,Prevalence,1.84332160047896e-07
NbyGQVwzFc_loc12_loop6,12,ITN 0%/IRS 0%/Larvicide 0%,0;0.4;0.4_0;0;0_0;0;0_-100;2;5475_-100;2;5475_-100;2;5475,10.6054794520548,Prevalence,1.84004742862911e-07
NbyGQVwzFc_loc12_loop6,12,ITN 0%/IRS 0%/Larvicide 0%,0;0.4;0.4_0;0;0_0;0;0_-100;2;5475_-100;2;5475_-100;2;5475,10.6082191780822,Prevalence,1.83678049792988e-07
NbyGQVwzFc_loc12_loop6,12,ITN 0%/IRS 0%/Larvicide 0%,0;0.4;0.4_0;0;0_0;0;0_-100;2;5475_-100;2;5475_-100;2;5475,10.6109589041096,Prevalence,1.83352078813332e-07
NbyGQVwzFc_loc12_loop6,12,ITN 0%/IRS 0%/Larvicide 0%,0;0.4;0.4_0;0;0_0;0;0_-100;2;5475_-100;2;5475_-100;2;5475,10.613698630137,Prevalence,1.83026827906598e-07
NbyGQVwzFc_loc12_loop6,12,ITN 0%/IRS 0%/Larvicide 0%,0;0.4;0.4_0;0;0_0;0;0_-100;2;5475_-100;2;5475_-100;2;5475,10.6164383561644,Prevalence,1.82702295062859e-07
NbyGQVwzFc_loc12_loop6,12,ITN 0%/IRS 0%/Larvicide 0%,0;0.4;0.4_0;0;0_0;0;0_-100;2;5475_-100;2;5475_-100;2;5475,10.6191780821918,Prevalence,1.82378478279567e-07
NbyGQVwzFc_loc12_loop6,12,ITN 0%/IRS 0%/Larvicide 0%,0;0.4;0.4_0;0;0_0;0;0_-100;2;5475_-100;2;5475_-100;2;5475,10.6219178082192,Prevalence,1.82055375561523e-07
NbyGQVwzFc_loc12_loop6,12,ITN 0%/IRS 0%/Larvicide 0%,0;0.4;0.4_0;0;0_0;0;0_-100;2;5475_-100;2;5475_-100;2;5475,10.6246575342466,Prevalence,1.81732984920838e-07
NbyGQVwzFc_loc12_loop6,12,ITN 0%/IRS 0%/Larvicide 0%,0;0.4;0.4_0;0;0_0;0;0_-100;2;5475_-100;2;5475_-100;2;5475,10.627397260274,Prevalence,1.81411304376901e-07
NbyGQVwzFc_loc12_loop6,12,ITN 0%/IRS 0%/Larvicide 0%,0;0.4;0.4_0;0;0_0;0;0_-100;2;5475_-100;2;5475_-100;2;5475,10.6301369863014,Prevalence,1.81090331956342e-07
NbyGQVwzFc_loc12_loop6,12,ITN 0%/IRS 0%/Larvicide 0%,0;0.4;0.4_0;0;0_0;0;0_-100;2;5475_-100;2;5475_-100;2;5475,10.6328767123288,Prevalence,1.80770065693002e-07
NbyGQVwzFc_loc12_loop6,12,ITN 0%/IRS 0%/Larvicide 0%,0;0.4;0.4_0;0;0_0;0;0_-100;2;5475_-100;2;5475_-100;2;5475,10.6356164383562,Prevalence,1.80450503627894e-07
NbyGQVwzFc_loc12_loop6,12,ITN 0%/IRS 0%/Larvicide 0%,0;0.4;0.4_0;0;0_0;0;0_-100;2;5475_-100;2;5475_-100;2;5475,10.6383561643836,Prevalence,1.80131643809172e-07
NbyGQVwzFc_loc12_loop6,12,ITN 0%/IRS 0%/Larvicide 0%,0;0.4;0.4_0;0;0_0;0;0_-100;2;5475_-100;2;5475_-100;2;5475,10.641095890411,Prevalence,1.79813484292099e-07
NbyGQVwzFc_loc12_loop6,12,ITN 0%/IRS 0%/Larvicide 0%,0;0.4;0.4_0;0;0_0;0;0_-100;2;5475_-100;2;5475_-100;2;5475,10.6438356164384,Prevalence,1.7949602313901e-07
NbyGQVwzFc_loc12_loop6,12,ITN 0%/IRS 0%/Larvicide 0%,0;0.4;0.4_0;0;0_0;0;0_-100;2;5475_-100;2;5475_-100;2;5475,10.6465753424658,Prevalence,1.79179258419281e-07
NbyGQVwzFc_loc12_loop6,12,ITN 0%/IRS 0%/Larvicide 0%,0;0.4;0.4_0;0;0_0;0;0_-100;2;5475_-100;2;5475_-100;2;5475,10.6493150684932,Prevalence,1.78863188209294e-07
NbyGQVwzFc_loc12_loop6,12,ITN 0%/IRS 0%/Larvicide 0%,0;0.4;0.4_0;0;0_0;0;0_-100;2;5475_-100;2;5475_-100;2;5475,10.6520547945205,Prevalence,1.78547810592408e-07
NbyGQVwzFc_loc12_loop6,12,ITN 0%/IRS 0%/Larvicide 0%,0;0.4;0.4_0;0;0_0;0;0_-100;2;5475_-100;2;5475_-100;2;5475,10.6547945205479,Prevalence,1.78233123658923e-07
NbyGQVwzFc_loc12_loop6,12,ITN 0%/IRS 0%/Larvicide 0%,0;0.4;0.4_0;0;0_0;0;0_-100;2;5475_-100;2;5475_-100;2;5475,10.6575342465753,Prevalence,1.77919125506046e-07
NbyGQVwzFc_loc12_loop6,12,ITN 0%/IRS 0%/Larvicide 0%,0;0.4;0.4_0;0;0_0;0;0_-100;2;5475_-100;2;5475_-100;2;5475,10.6602739726027,Prevalence,1.77605814237863e-07
NbyGQVwzFc_loc12_loop6,12,ITN 0%/IRS 0%/Larvicide 0%,0;0.4;0.4_0;0;0_0;0;0_-100;2;5475_-100;2;5475_-100;2;5475,10.6630136986301,Prevalence,1.77293187965307e-07
NbyGQVwzFc_loc12_loop6,12,ITN 0%/IRS 0%/Larvicide 0%,0;0.4;0.4_0;0;0_0;0;0_-100;2;5475_-100;2;5475_-100;2;5475,10.6657534246575,Prevalence,1.76981244806119e-07
NbyGQVwzFc_loc12_loop6,12,ITN 0%/IRS 0%/Larvicide 0%,0;0.4;0.4_0;0;0_0;0;0_-100;2;5475_-100;2;5475_-100;2;5475,10.6684931506849,Prevalence,1.76669982884824e-07
NbyGQVwzFc_loc12_loop6,12,ITN 0%/IRS 0%/Larvicide 0%,0;0.4;0.4_0;0;0_0;0;0_-100;2;5475_-100;2;5475_-100;2;5475,10.6712328767123,Prevalence,1.76359400332698e-07
NbyGQVwzFc_loc12_loop6,12,ITN 0%/IRS 0%/Larvicide 0%,0;0.4;0.4_0;0;0_0;0;0_-100;2;5475_-100;2;5475_-100;2;5475,10.6739726027397,Prevalence,1.76049495287731e-07
NbyGQVwzFc_loc12_loop6,12,ITN 0%/IRS 0%/Larvicide 0%,0;0.4;0.4_0;0;0_0;0;0_-100;2;5475_-100;2;5475_-100;2;5475,10.6767123287671,Prevalence,1.75740265894604e-07
NbyGQVwzFc_loc12_loop6,12,ITN 0%/IRS 0%/Larvicide 0%,0;0.4;0.4_0;0;0_0;0;0_-100;2;5475_-100;2;5475_-100;2;5475,10.6794520547945,Prevalence,1.75431710304651e-07
NbyGQVwzFc_loc12_loop6,12,ITN 0%/IRS 0%/Larvicide 0%,0;0.4;0.4_0;0;0_0;0;0_-100;2;5475_-100;2;5475_-100;2;5475,10.6821917808219,Prevalence,1.75123826675832e-07
NbyGQVwzFc_loc12_loop6,12,ITN 0%/IRS 0%/Larvicide 0%,0;0.4;0.4_0;0;0_0;0;0_-100;2;5475_-100;2;5475_-100;2;5475,10.6849315068493,Prevalence,1.74816613172701e-07
NbyGQVwzFc_loc12_loop6,12,ITN 0%/IRS 0%/Larvicide 0%,0;0.4;0.4_0;0;0_0;0;0_-100;2;5475_-100;2;5475_-100;2;5475,10.6876712328767,Prevalence,1.74510067966375e-07
NbyGQVwzFc_loc12_loop6,12,ITN 0%/IRS 0%/Larvicide 0%,0;0.4;0.4_0;0;0_0;0;0_-100;2;5475_-100;2;5475_-100;2;5475,10.6904109589041,Prevalence,1.74204189234503e-07
NbyGQVwzFc_loc12_loop6,12,ITN 0%/IRS 0%/Larvicide 0%,0;0.4;0.4_0;0;0_0;0;0_-100;2;5475_-100;2;5475_-100;2;5475,10.6931506849315,Prevalence,1.73898975161237e-07
NbyGQVwzFc_loc12_loop6,12,ITN 0%/IRS 0%/Larvicide 0%,0;0.4;0.4_0;0;0_0;0;0_-100;2;5475_-100;2;5475_-100;2;5475,10.6958904109589,Prevalence,1.73594423937203e-07
NbyGQVwzFc_loc12_loop6,12,ITN 0%/IRS 0%/Larvicide 0%,0;0.4;0.4_0;0;0_0;0;0_-100;2;5475_-100;2;5475_-100;2;5475,10.6986301369863,Prevalence,1.73290533759473e-07
NbyGQVwzFc_loc12_loop6,12,ITN 0%/IRS 0%/Larvicide 0%,0;0.4;0.4_0;0;0_0;0;0_-100;2;5475_-100;2;5475_-100;2;5475,10.7013698630137,Prevalence,1.72987302831531e-07
NbyGQVwzFc_loc12_loop6,12,ITN 0%/IRS 0%/Larvicide 0%,0;0.4;0.4_0;0;0_0;0;0_-100;2;5475_-100;2;5475_-100;2;5475,10.7041095890411,Prevalence,1.72684729363244e-07
NbyGQVwzFc_loc12_loop6,12,ITN 0%/IRS 0%/Larvicide 0%,0;0.4;0.4_0;0;0_0;0;0_-100;2;5475_-100;2;5475_-100;2;5475,10.7068493150685,Prevalence,1.72382811570836e-07
NbyGQVwzFc_loc12_loop6,12,ITN 0%/IRS 0%/Larvicide 0%,0;0.4;0.4_0;0;0_0;0;0_-100;2;5475_-100;2;5475_-100;2;5475,10.7095890410959,Prevalence,1.72081547676853e-07
NbyGQVwzFc_loc12_loop6,12,ITN 0%/IRS 0%/Larvicide 0%,0;0.4;0.4_0;0;0_0;0;0_-100;2;5475_-100;2;5475_-100;2;5475,10.7123287671233,Prevalence,1.71780935910137e-07
NbyGQVwzFc_loc12_loop6,12,ITN 0%/IRS 0%/Larvicide 0%,0;0.4;0.4_0;0;0_0;0;0_-100;2;5475_-100;2;5475_-100;2;5475,10.7150684931507,Prevalence,1.714809745058e-07
NbyGQVwzFc_loc12_loop6,12,ITN 0%/IRS 0%/Larvicide 0%,0;0.4;0.4_0;0;0_0;0;0_-100;2;5475_-100;2;5475_-100;2;5475,10.7178082191781,Prevalence,1.71181661705189e-07
NbyGQVwzFc_loc12_loop6,12,ITN 0%/IRS 0%/Larvicide 0%,0;0.4;0.4_0;0;0_0;0;0_-100;2;5475_-100;2;5475_-100;2;5475,10.7205479452055,Prevalence,1.70882995755861e-07
NbyGQVwzFc_loc12_loop6,12,ITN 0%/IRS 0%/Larvicide 0%,0;0.4;0.4_0;0;0_0;0;0_-100;2;5475_-100;2;5475_-100;2;5475,10.7232876712329,Prevalence,1.70584974911557e-07
NbyGQVwzFc_loc12_loop6,12,ITN 0%/IRS 0%/Larvicide 0%,0;0.4;0.4_0;0;0_0;0;0_-100;2;5475_-100;2;5475_-100;2;5475,10.7260273972603,Prevalence,1.70287597432167e-07
NbyGQVwzFc_loc12_loop6,12,ITN 0%/IRS 0%/Larvicide 0%,0;0.4;0.4_0;0;0_0;0;0_-100;2;5475_-100;2;5475_-100;2;5475,10.7287671232877,Prevalence,1.69990861583707e-07
NbyGQVwzFc_loc12_loop6,12,ITN 0%/IRS 0%/Larvicide 0%,0;0.4;0.4_0;0;0_0;0;0_-100;2;5475_-100;2;5475_-100;2;5475,10.7315068493151,Prevalence,1.69694765638292e-07
NbyGQVwzFc_loc12_loop6,12,ITN 0%/IRS 0%/Larvicide 0%,0;0.4;0.4_0;0;0_0;0;0_-100;2;5475_-100;2;5475_-100;2;5475,10.7342465753425,Prevalence,1.69399307874102e-07
NbyGQVwzFc_loc12_loop6,12,ITN 0%/IRS 0%/Larvicide 0%,0;0.4;0.4_0;0;0_0;0;0_-100;2;5475_-100;2;5475_-100;2;5475,10.7369863013699,Prevalence,1.69104486575363e-07
NbyGQVwzFc_loc12_loop6,12,ITN 0%/IRS 0%/Larvicide 0%,0;0.4;0.4_0;0;0_0;0;0_-100;2;5475_-100;2;5475_-100;2;5475,10.7397260273973,Prevalence,1.6881030003231e-07
NbyGQVwzFc_loc12_loop6,12,ITN 0%/IRS 0%/Larvicide 0%,0;0.4;0.4_0;0;0_0;0;0_-100;2;5475_-100;2;5475_-100;2;5475,10.7424657534247,Prevalence,1.68516746541166e-07
NbyGQVwzFc_loc12_loop6,12,ITN 0%/IRS 0%/Larvicide 0%,0;0.4;0.4_0;0;0_0;0;0_-100;2;5475_-100;2;5475_-100;2;5475,10.7452054794521,Prevalence,1.68223824404115e-07
NbyGQVwzFc_loc12_loop6,12,ITN 0%/IRS 0%/Larvicide 0%,0;0.4;0.4_0;0;0_0;0;0_-100;2;5475_-100;2;5475_-100;2;5475,10.7479452054795,Prevalence,1.67931531929271e-07
NbyGQVwzFc_loc12_loop6,12,ITN 0%/IRS 0%/Larvicide 0%,0;0.4;0.4_0;0;0_0;0;0_-100;2;5475_-100;2;5475_-100;2;5475,10.7506849315069,Prevalence,1.67639867430653e-07
NbyGQVwzFc_loc12_loop6,12,ITN 0%/IRS 0%/Larvicide 0%,0;0.4;0.4_0;0;0_0;0;0_-100;2;5475_-100;2;5475_-100;2;5475,10.7534246575342,Prevalence,1.67348829228159e-07
NbyGQVwzFc_loc12_loop6,12,ITN 0%/IRS 0%/Larvicide 0%,0;0.4;0.4_0;0;0_0;0;0_-100;2;5475_-100;2;5475_-100;2;5475,10.7561643835616,Prevalence,1.67058415647538e-07
NbyGQVwzFc_loc12_loop6,12,ITN 0%/IRS 0%/Larvicide 0%,0;0.4;0.4_0;0;0_0;0;0_-100;2;5475_-100;2;5475_-100;2;5475,10.758904109589,Prevalence,1.66768625020367e-07
NbyGQVwzFc_loc12_loop6,12,ITN 0%/IRS 0%/Larvicide 0%,0;0.4;0.4_0;0;0_0;0;0_-100;2;5475_-100;2;5475_-100;2;5475,10.7616438356164,Prevalence,1.66479455684017e-07
NbyGQVwzFc_loc12_loop6,12,ITN 0%/IRS 0%/Larvicide 0%,0;0.4;0.4_0;0;0_0;0;0_-100;2;5475_-100;2;5475_-100;2;5475,10.7643835616438,Prevalence,1.66190905981635e-07
NbyGQVwzFc_loc12_loop6,12,ITN 0%/IRS 0%/Larvicide 0%,0;0.4;0.4_0;0;0_0;0;0_-100;2;5475_-100;2;5475_-100;2;5475,10.7671232876712,Prevalence,1.65902974262114e-07
NbyGQVwzFc_loc12_loop6,12,ITN 0%/IRS 0%/Larvicide 0%,0;0.4;0.4_0;0;0_0;0;0_-100;2;5475_-100;2;5475_-100;2;5475,10.7698630136986,Prevalence,1.65615658880067e-07
NbyGQVwzFc_loc12_loop6,12,ITN 0%/IRS 0%/Larvicide 0%,0;0.4;0.4_0;0;0_0;0;0_-100;2;5475_-100;2;5475_-100;2;5475,10.772602739726,Prevalence,1.65328958195803e-07
NbyGQVwzFc_loc12_loop6,12,ITN 0%/IRS 0%/Larvicide 0%,0;0.4;0.4_0;0;0_0;0;0_-100;2;5475_-100;2;5475_-100;2;5475,10.7753424657534,Prevalence,1.65042870575299e-07
NbyGQVwzFc_loc12_loop6,12,ITN 0%/IRS 0%/Larvicide 0%,0;0.4;0.4_0;0;0_0;0;0_-100;2;5475_-100;2;5475_-100;2;5475,10.7780821917808,Prevalence,1.64757394390177e-07
NbyGQVwzFc_loc12_loop6,12,ITN 0%/IRS 0%/Larvicide 0%,0;0.4;0.4_0;0;0_0;0;0_-100;2;5475_-100;2;5475_-100;2;5475,10.7808219178082,Prevalence,1.64472528017676e-07
NbyGQVwzFc_loc12_loop6,12,ITN 0%/IRS 0%/Larvicide 0%,0;0.4;0.4_0;0;0_0;0;0_-100;2;5475_-100;2;5475_-100;2;5475,10.7835616438356,Prevalence,1.64188269840628e-07
NbyGQVwzFc_loc12_loop6,12,ITN 0%/IRS 0%/Larvicide 0%,0;0.4;0.4_0;0;0_0;0;0_-100;2;5475_-100;2;5475_-100;2;5475,10.786301369863,Prevalence,1.63904618247435e-07
NbyGQVwzFc_loc12_loop6,12,ITN 0%/IRS 0%/Larvicide 0%,0;0.4;0.4_0;0;0_0;0;0_-100;2;5475_-100;2;5475_-100;2;5475,10.7890410958904,Prevalence,1.63621571632039e-07
NbyGQVwzFc_loc12_loop6,12,ITN 0%/IRS 0%/Larvicide 0%,0;0.4;0.4_0;0;0_0;0;0_-100;2;5475_-100;2;5475_-100;2;5475,10.7917808219178,Prevalence,1.63339128393902e-07
NbyGQVwzFc_loc12_loop6,12,ITN 0%/IRS 0%/Larvicide 0%,0;0.4;0.4_0;0;0_0;0;0_-100;2;5475_-100;2;5475_-100;2;5475,10.7945205479452,Prevalence,1.63057286937982e-07
NbyGQVwzFc_loc12_loop6,12,ITN 0%/IRS 0%/Larvicide 0%,0;0.4;0.4_0;0;0_0;0;0_-100;2;5475_-100;2;5475_-100;2;5475,10.7972602739726,Prevalence,1.62776045674704e-07
NbyGQVwzFc_loc12_loop6,12,ITN 0%/IRS 0%/Larvicide 0%,0;0.4;0.4_0;0;0_0;0;0_-100;2;5475_-100;2;5475_-100;2;5475,10.8,Prevalence,1.62495403019941e-07
NbyGQVwzFc_loc12_loop6,12,ITN 0%/IRS 0%/Larvicide 0%,0;0.4;0.4_0;0;0_0;0;0_-100;2;5475_-100;2;5475_-100;2;5475,10.8027397260274,Prevalence,1.62215357394985e-07
NbyGQVwzFc_loc12_loop6,12,ITN 0%/IRS 0%/Larvicide 0%,0;0.4;0.4_0;0;0_0;0;0_-100;2;5475_-100;2;5475_-100;2;5475,10.8054794520548,Prevalence,1.61935907226523e-07
NbyGQVwzFc_loc12_loop6,12,ITN 0%/IRS 0%/Larvicide 0%,0;0.4;0.4_0;0;0_0;0;0_-100;2;5475_-100;2;5475_-100;2;5475,10.8082191780822,Prevalence,1.61657050946617e-07
NbyGQVwzFc_loc12_loop6,12,ITN 0%/IRS 0%/Larvicide 0%,0;0.4;0.4_0;0;0_0;0;0_-100;2;5475_-100;2;5475_-100;2;5475,10.8109589041096,Prevalence,1.61378786992676e-07
NbyGQVwzFc_loc12_loop6,12,ITN 0%/IRS 0%/Larvicide 0%,0;0.4;0.4_0;0;0_0;0;0_-100;2;5475_-100;2;5475_-100;2;5475,10.813698630137,Prevalence,1.61101113807432e-07
NbyGQVwzFc_loc12_loop6,12,ITN 0%/IRS 0%/Larvicide 0%,0;0.4;0.4_0;0;0_0;0;0_-100;2;5475_-100;2;5475_-100;2;5475,10.8164383561644,Prevalence,1.6082402983892e-07
NbyGQVwzFc_loc12_loop6,12,ITN 0%/IRS 0%/Larvicide 0%,0;0.4;0.4_0;0;0_0;0;0_-100;2;5475_-100;2;5475_-100;2;5475,10.8191780821918,Prevalence,1.60547533540451e-07
NbyGQVwzFc_loc12_loop6,12,ITN 0%/IRS 0%/Larvicide 0%,0;0.4;0.4_0;0;0_0;0;0_-100;2;5475_-100;2;5475_-100;2;5475,10.8219178082192,Prevalence,1.60271623370592e-07
NbyGQVwzFc_loc12_loop6,12,ITN 0%/IRS 0%/Larvicide 0%,0;0.4;0.4_0;0;0_0;0;0_-100;2;5475_-100;2;5475_-100;2;5475,10.8246575342466,Prevalence,1.5999629779314e-07
NbyGQVwzFc_loc12_loop6,12,ITN 0%/IRS 0%/Larvicide 0%,0;0.4;0.4_0;0;0_0;0;0_-100;2;5475_-100;2;5475_-100;2;5475,10.827397260274,Prevalence,1.59721555277097e-07
NbyGQVwzFc_loc12_loop6,12,ITN 0%/IRS 0%/Larvicide 0%,0;0.4;0.4_0;0;0_0;0;0_-100;2;5475_-100;2;5475_-100;2;5475,10.8301369863014,Prevalence,1.59447394296654e-07
NbyGQVwzFc_loc12_loop6,12,ITN 0%/IRS 0%/Larvicide 0%,0;0.4;0.4_0;0;0_0;0;0_-100;2;5475_-100;2;5475_-100;2;5475,10.8328767123288,Prevalence,1.59173813331162e-07
NbyGQVwzFc_loc12_loop6,12,ITN 0%/IRS 0%/Larvicide 0%,0;0.4;0.4_0;0;0_0;0;0_-100;2;5475_-100;2;5475_-100;2;5475,10.8356164383562,Prevalence,1.58900810865109e-07
NbyGQVwzFc_loc12_loop6,12,ITN 0%/IRS 0%/Larvicide 0%,0;0.4;0.4_0;0;0_0;0;0_-100;2;5475_-100;2;5475_-100;2;5475,10.8383561643836,Prevalence,1.58628385388103e-07
NbyGQVwzFc_loc12_loop6,12,ITN 0%/IRS 0%/Larvicide 0%,0;0.4;0.4_0;0;0_0;0;0_-100;2;5475_-100;2;5475_-100;2;5475,10.841095890411,Prevalence,1.58356535394843e-07
NbyGQVwzFc_loc12_loop6,12,ITN 0%/IRS 0%/Larvicide 0%,0;0.4;0.4_0;0;0_0;0;0_-100;2;5475_-100;2;5475_-100;2;5475,10.8438356164384,Prevalence,1.580852593851e-07
NbyGQVwzFc_loc12_loop6,12,ITN 0%/IRS 0%/Larvicide 0%,0;0.4;0.4_0;0;0_0;0;0_-100;2;5475_-100;2;5475_-100;2;5475,10.8465753424658,Prevalence,1.57814555863696e-07
NbyGQVwzFc_loc12_loop6,12,ITN 0%/IRS 0%/Larvicide 0%,0;0.4;0.4_0;0;0_0;0;0_-100;2;5475_-100;2;5475_-100;2;5475,10.8493150684932,Prevalence,1.57544423340479e-07
NbyGQVwzFc_loc12_loop6,12,ITN 0%/IRS 0%/Larvicide 0%,0;0.4;0.4_0;0;0_0;0;0_-100;2;5475_-100;2;5475_-100;2;5475,10.8520547945205,Prevalence,1.572748603303e-07
NbyGQVwzFc_loc12_loop6,12,ITN 0%/IRS 0%/Larvicide 0%,0;0.4;0.4_0;0;0_0;0;0_-100;2;5475_-100;2;5475_-100;2;5475,10.8547945205479,Prevalence,1.57005865352997e-07
NbyGQVwzFc_loc12_loop6,12,ITN 0%/IRS 0%/Larvicide 0%,0;0.4;0.4_0;0;0_0;0;0_-100;2;5475_-100;2;5475_-100;2;5475,10.8575342465753,Prevalence,1.56737436933366e-07
NbyGQVwzFc_loc12_loop6,12,ITN 0%/IRS 0%/Larvicide 0%,0;0.4;0.4_0;0;0_0;0;0_-100;2;5475_-100;2;5475_-100;2;5475,10.8602739726027,Prevalence,1.56469573601144e-07
NbyGQVwzFc_loc12_loop6,12,ITN 0%/IRS 0%/Larvicide 0%,0;0.4;0.4_0;0;0_0;0;0_-100;2;5475_-100;2;5475_-100;2;5475,10.8630136986301,Prevalence,1.56202273890987e-07
NbyGQVwzFc_loc12_loop6,12,ITN 0%/IRS 0%/Larvicide 0%,0;0.4;0.4_0;0;0_0;0;0_-100;2;5475_-100;2;5475_-100;2;5475,10.8657534246575,Prevalence,1.55935536342445e-07
NbyGQVwzFc_loc12_loop6,12,ITN 0%/IRS 0%/Larvicide 0%,0;0.4;0.4_0;0;0_0;0;0_-100;2;5475_-100;2;5475_-100;2;5475,10.8684931506849,Prevalence,1.55669359499945e-07
NbyGQVwzFc_loc12_loop6,12,ITN 0%/IRS 0%/Larvicide 0%,0;0.4;0.4_0;0;0_0;0;0_-100;2;5475_-100;2;5475_-100;2;5475,10.8712328767123,Prevalence,1.55403741912768e-07
NbyGQVwzFc_loc12_loop6,12,ITN 0%/IRS 0%/Larvicide 0%,0;0.4;0.4_0;0;0_0;0;0_-100;2;5475_-100;2;5475_-100;2;5475,10.8739726027397,Prevalence,1.55138682135028e-07
NbyGQVwzFc_loc12_loop6,12,ITN 0%/IRS 0%/Larvicide 0%,0;0.4;0.4_0;0;0_0;0;0_-100;2;5475_-100;2;5475_-100;2;5475,10.8767123287671,Prevalence,1.5487417872565e-07
NbyGQVwzFc_loc12_loop6,12,ITN 0%/IRS 0%/Larvicide 0%,0;0.4;0.4_0;0;0_0;0;0_-100;2;5475_-100;2;5475_-100;2;5475,10.8794520547945,Prevalence,1.5461023024835e-07
NbyGQVwzFc_loc12_loop6,12,ITN 0%/IRS 0%/Larvicide 0%,0;0.4;0.4_0;0;0_0;0;0_-100;2;5475_-100;2;5475_-100;2;5475,10.8821917808219,Prevalence,1.54346835271616e-07
NbyGQVwzFc_loc12_loop6,12,ITN 0%/IRS 0%/Larvicide 0%,0;0.4;0.4_0;0;0_0;0;0_-100;2;5475_-100;2;5475_-100;2;5475,10.8849315068493,Prevalence,1.54083992368684e-07
NbyGQVwzFc_loc12_loop6,12,ITN 0%/IRS 0%/Larvicide 0%,0;0.4;0.4_0;0;0_0;0;0_-100;2;5475_-100;2;5475_-100;2;5475,10.8876712328767,Prevalence,1.53821700117519e-07
NbyGQVwzFc_loc12_loop6,12,ITN 0%/IRS 0%/Larvicide 0%,0;0.4;0.4_0;0;0_0;0;0_-100;2;5475_-100;2;5475_-100;2;5475,10.8904109589041,Prevalence,1.53559957100794e-07
NbyGQVwzFc_loc12_loop6,12,ITN 0%/IRS 0%/Larvicide 0%,0;0.4;0.4_0;0;0_0;0;0_-100;2;5475_-100;2;5475_-100;2;5475,10.8931506849315,Prevalence,1.5329876190587e-07
NbyGQVwzFc_loc12_loop6,12,ITN 0%/IRS 0%/Larvicide 0%,0;0.4;0.4_0;0;0_0;0;0_-100;2;5475_-100;2;5475_-100;2;5475,10.8958904109589,Prevalence,1.53038113124779e-07
NbyGQVwzFc_loc12_loop6,12,ITN 0%/IRS 0%/Larvicide 0%,0;0.4;0.4_0;0;0_0;0;0_-100;2;5475_-100;2;5475_-100;2;5475,10.8986301369863,Prevalence,1.52778009354199e-07
NbyGQVwzFc_loc12_loop6,12,ITN 0%/IRS 0%/Larvicide 0%,0;0.4;0.4_0;0;0_0;0;0_-100;2;5475_-100;2;5475_-100;2;5475,10.9013698630137,Prevalence,1.52518449195439e-07
NbyGQVwzFc_loc12_loop6,12,ITN 0%/IRS 0%/Larvicide 0%,0;0.4;0.4_0;0;0_0;0;0_-100;2;5475_-100;2;5475_-100;2;5475,10.9041095890411,Prevalence,1.52259431254413e-07
NbyGQVwzFc_loc12_loop6,12,ITN 0%/IRS 0%/Larvicide 0%,0;0.4;0.4_0;0;0_0;0;0_-100;2;5475_-100;2;5475_-100;2;5475,10.9068493150685,Prevalence,1.52000954141625e-07
NbyGQVwzFc_loc12_loop6,12,ITN 0%/IRS 0%/Larvicide 0%,0;0.4;0.4_0;0;0_0;0;0_-100;2;5475_-100;2;5475_-100;2;5475,10.9095890410959,Prevalence,1.51743016472146e-07
NbyGQVwzFc_loc12_loop6,12,ITN 0%/IRS 0%/Larvicide 0%,0;0.4;0.4_0;0;0_0;0;0_-100;2;5475_-100;2;5475_-100;2;5475,10.9123287671233,Prevalence,1.51485616865598e-07
NbyGQVwzFc_loc12_loop6,12,ITN 0%/IRS 0%/Larvicide 0%,0;0.4;0.4_0;0;0_0;0;0_-100;2;5475_-100;2;5475_-100;2;5475,10.9150684931507,Prevalence,1.5122875394613e-07
NbyGQVwzFc_loc12_loop6,12,ITN 0%/IRS 0%/Larvicide 0%,0;0.4;0.4_0;0;0_0;0;0_-100;2;5475_-100;2;5475_-100;2;5475,10.9178082191781,Prevalence,1.50972426342401e-07
NbyGQVwzFc_loc12_loop6,12,ITN 0%/IRS 0%/Larvicide 0%,0;0.4;0.4_0;0;0_0;0;0_-100;2;5475_-100;2;5475_-100;2;5475,10.9205479452055,Prevalence,1.50716632687563e-07
NbyGQVwzFc_loc12_loop6,12,ITN 0%/IRS 0%/Larvicide 0%,0;0.4;0.4_0;0;0_0;0;0_-100;2;5475_-100;2;5475_-100;2;5475,10.9232876712329,Prevalence,1.50461371619236e-07
NbyGQVwzFc_loc12_loop6,12,ITN 0%/IRS 0%/Larvicide 0%,0;0.4;0.4_0;0;0_0;0;0_-100;2;5475_-100;2;5475_-100;2;5475,10.9260273972603,Prevalence,1.50206641779494e-07
NbyGQVwzFc_loc12_loop6,12,ITN 0%/IRS 0%/Larvicide 0%,0;0.4;0.4_0;0;0_0;0;0_-100;2;5475_-100;2;5475_-100;2;5475,10.9287671232877,Prevalence,1.49952441814845e-07
NbyGQVwzFc_loc12_loop6,12,ITN 0%/IRS 0%/Larvicide 0%,0;0.4;0.4_0;0;0_0;0;0_-100;2;5475_-100;2;5475_-100;2;5475,10.9315068493151,Prevalence,1.49698770376211e-07
NbyGQVwzFc_loc12_loop6,12,ITN 0%/IRS 0%/Larvicide 0%,0;0.4;0.4_0;0;0_0;0;0_-100;2;5475_-100;2;5475_-100;2;5475,10.9342465753425,Prevalence,1.49445626118908e-07
NbyGQVwzFc_loc12_loop6,12,ITN 0%/IRS 0%/Larvicide 0%,0;0.4;0.4_0;0;0_0;0;0_-100;2;5475_-100;2;5475_-100;2;5475,10.9369863013699,Prevalence,1.49193007702631e-07
NbyGQVwzFc_loc12_loop6,12,ITN 0%/IRS 0%/Larvicide 0%,0;0.4;0.4_0;0;0_0;0;0_-100;2;5475_-100;2;5475_-100;2;5475,10.9397260273973,Prevalence,1.48940913791433e-07
NbyGQVwzFc_loc12_loop6,12,ITN 0%/IRS 0%/Larvicide 0%,0;0.4;0.4_0;0;0_0;0;0_-100;2;5475_-100;2;5475_-100;2;5475,10.9424657534247,Prevalence,1.48689343053706e-07
NbyGQVwzFc_loc12_loop6,12,ITN 0%/IRS 0%/Larvicide 0%,0;0.4;0.4_0;0;0_0;0;0_-100;2;5475_-100;2;5475_-100;2;5475,10.9452054794521,Prevalence,1.48438294162163e-07
NbyGQVwzFc_loc12_loop6,12,ITN 0%/IRS 0%/Larvicide 0%,0;0.4;0.4_0;0;0_0;0;0_-100;2;5475_-100;2;5475_-100;2;5475,10.9479452054795,Prevalence,1.48187765793823e-07
NbyGQVwzFc_loc12_loop6,12,ITN 0%/IRS 0%/Larvicide 0%,0;0.4;0.4_0;0;0_0;0;0_-100;2;5475_-100;2;5475_-100;2;5475,10.9506849315068,Prevalence,1.47937756629985e-07
NbyGQVwzFc_loc12_loop6,12,ITN 0%/IRS 0%/Larvicide 0%,0;0.4;0.4_0;0;0_0;0;0_-100;2;5475_-100;2;5475_-100;2;5475,10.9534246575342,Prevalence,1.4768826535622e-07
NbyGQVwzFc_loc12_loop6,12,ITN 0%/IRS 0%/Larvicide 0%,0;0.4;0.4_0;0;0_0;0;0_-100;2;5475_-100;2;5475_-100;2;5475,10.9561643835616,Prevalence,1.47439290662344e-07
NbyGQVwzFc_loc12_loop6,12,ITN 0%/IRS 0%/Larvicide 0%,0;0.4;0.4_0;0;0_0;0;0_-100;2;5475_-100;2;5475_-100;2;5475,10.958904109589,Prevalence,1.47190831242406e-07
NbyGQVwzFc_loc12_loop6,12,ITN 0%/IRS 0%/Larvicide 0%,0;0.4;0.4_0;0;0_0;0;0_-100;2;5475_-100;2;5475_-100;2;5475,10.9616438356164,Prevalence,1.46942885794667e-07
NbyGQVwzFc_loc12_loop6,12,ITN 0%/IRS 0%/Larvicide 0%,0;0.4;0.4_0;0;0_0;0;0_-100;2;5475_-100;2;5475_-100;2;5475,10.9643835616438,Prevalence,1.46695453021583e-07
NbyGQVwzFc_loc12_loop6,12,ITN 0%/IRS 0%/Larvicide 0%,0;0.4;0.4_0;0;0_0;0;0_-100;2;5475_-100;2;5475_-100;2;5475,10.9671232876712,Prevalence,1.46448531629789e-07
NbyGQVwzFc_loc12_loop6,12,ITN 0%/IRS 0%/Larvicide 0%,0;0.4;0.4_0;0;0_0;0;0_-100;2;5475_-100;2;5475_-100;2;5475,10.9698630136986,Prevalence,1.46202120330079e-07
NbyGQVwzFc_loc12_loop6,12,ITN 0%/IRS 0%/Larvicide 0%,0;0.4;0.4_0;0;0_0;0;0_-100;2;5475_-100;2;5475_-100;2;5475,10.972602739726,Prevalence,1.45956217837389e-07
NbyGQVwzFc_loc12_loop6,12,ITN 0%/IRS 0%/Larvicide 0%,0;0.4;0.4_0;0;0_0;0;0_-100;2;5475_-100;2;5475_-100;2;5475,10.9753424657534,Prevalence,1.45710822870781e-07
NbyGQVwzFc_loc12_loop6,12,ITN 0%/IRS 0%/Larvicide 0%,0;0.4;0.4_0;0;0_0;0;0_-100;2;5475_-100;2;5475_-100;2;5475,10.9780821917808,Prevalence,1.45465934153426e-07
NbyGQVwzFc_loc12_loop6,12,ITN 0%/IRS 0%/Larvicide 0%,0;0.4;0.4_0;0;0_0;0;0_-100;2;5475_-100;2;5475_-100;2;5475,10.9808219178082,Prevalence,1.45221550412584e-07
NbyGQVwzFc_loc12_loop6,12,ITN 0%/IRS 0%/Larvicide 0%,0;0.4;0.4_0;0;0_0;0;0_-100;2;5475_-100;2;5475_-100;2;5475,10.9835616438356,Prevalence,1.44977670379589e-07
NbyGQVwzFc_loc12_loop6,12,ITN 0%/IRS 0%/Larvicide 0%,0;0.4;0.4_0;0;0_0;0;0_-100;2;5475_-100;2;5475_-100;2;5475,10.986301369863,Prevalence,1.44734292789833e-07
NbyGQVwzFc_loc12_loop6,12,ITN 0%/IRS 0%/Larvicide 0%,0;0.4;0.4_0;0;0_0;0;0_-100;2;5475_-100;2;5475_-100;2;5475,10.9890410958904,Prevalence,1.44491416382745e-07
NbyGQVwzFc_loc12_loop6,12,ITN 0%/IRS 0%/Larvicide 0%,0;0.4;0.4_0;0;0_0;0;0_-100;2;5475_-100;2;5475_-100;2;5475,10.9917808219178,Prevalence,1.44249039901779e-07
NbyGQVwzFc_loc12_loop6,12,ITN 0%/IRS 0%/Larvicide 0%,0;0.4;0.4_0;0;0_0;0;0_-100;2;5475_-100;2;5475_-100;2;5475,10.9945205479452,Prevalence,1.44007162094394e-07
NbyGQVwzFc_loc12_loop6,12,ITN 0%/IRS 0%/Larvicide 0%,0;0.4;0.4_0;0;0_0;0;0_-100;2;5475_-100;2;5475_-100;2;5475,10.9972602739726,Prevalence,1.4376578171204e-07
NbyGQVwzFc_loc12_loop6,12,ITN 0%/IRS 0%/Larvicide 0%,0;0.4;0.4_0;0;0_0;0;0_-100;2;5475_-100;2;5475_-100;2;5475,11,Prevalence,1.43524897510136e-07
NbyGQVwzFc_loc12_loop6,12,ITN 0%/IRS 0%/Larvicide 0%,0;0.4;0.4_0;0;0_0;0;0_-100;2;5475_-100;2;5475_-100;2;5475,11.0027397260274,Prevalence,1.43284508248062e-07
NbyGQVwzFc_loc12_loop6,12,ITN 0%/IRS 0%/Larvicide 0%,0;0.4;0.4_0;0;0_0;0;0_-100;2;5475_-100;2;5475_-100;2;5475,11.0054794520548,Prevalence,1.43044612689137e-07
NbyGQVwzFc_loc12_loop6,12,ITN 0%/IRS 0%/Larvicide 0%,0;0.4;0.4_0;0;0_0;0;0_-100;2;5475_-100;2;5475_-100;2;5475,11.0082191780822,Prevalence,1.42805209600605e-07
NbyGQVwzFc_loc12_loop6,12,ITN 0%/IRS 0%/Larvicide 0%,0;0.4;0.4_0;0;0_0;0;0_-100;2;5475_-100;2;5475_-100;2;5475,11.0109589041096,Prevalence,1.42566297753615e-07
NbyGQVwzFc_loc12_loop6,12,ITN 0%/IRS 0%/Larvicide 0%,0;0.4;0.4_0;0;0_0;0;0_-100;2;5475_-100;2;5475_-100;2;5475,11.013698630137,Prevalence,1.42327875923209e-07
NbyGQVwzFc_loc12_loop6,12,ITN 0%/IRS 0%/Larvicide 0%,0;0.4;0.4_0;0;0_0;0;0_-100;2;5475_-100;2;5475_-100;2;5475,11.0164383561644,Prevalence,1.42089942888305e-07
NbyGQVwzFc_loc12_loop6,12,ITN 0%/IRS 0%/Larvicide 0%,0;0.4;0.4_0;0;0_0;0;0_-100;2;5475_-100;2;5475_-100;2;5475,11.0191780821918,Prevalence,1.41852497431676e-07
NbyGQVwzFc_loc12_loop6,12,ITN 0%/IRS 0%/Larvicide 0%,0;0.4;0.4_0;0;0_0;0;0_-100;2;5475_-100;2;5475_-100;2;5475,11.0219178082192,Prevalence,1.41615538339943e-07
NbyGQVwzFc_loc12_loop6,12,ITN 0%/IRS 0%/Larvicide 0%,0;0.4;0.4_0;0;0_0;0;0_-100;2;5475_-100;2;5475_-100;2;5475,11.0246575342466,Prevalence,1.41379064403552e-07
NbyGQVwzFc_loc12_loop6,12,ITN 0%/IRS 0%/Larvicide 0%,0;0.4;0.4_0;0;0_0;0;0_-100;2;5475_-100;2;5475_-100;2;5475,11.027397260274,Prevalence,1.4114307441676e-07
NbyGQVwzFc_loc12_loop6,12,ITN 0%/IRS 0%/Larvicide 0%,0;0.4;0.4_0;0;0_0;0;0_-100;2;5475_-100;2;5475_-100;2;5475,11.0301369863014,Prevalence,1.40907567177621e-07
NbyGQVwzFc_loc12_loop6,12,ITN 0%/IRS 0%/Larvicide 0%,0;0.4;0.4_0;0;0_0;0;0_-100;2;5475_-100;2;5475_-100;2;5475,11.0328767123288,Prevalence,1.40672541487969e-07
NbyGQVwzFc_loc12_loop6,12,ITN 0%/IRS 0%/Larvicide 0%,0;0.4;0.4_0;0;0_0;0;0_-100;2;5475_-100;2;5475_-100;2;5475,11.0356164383562,Prevalence,1.40437996153403e-07
NbyGQVwzFc_loc12_loop6,12,ITN 0%/IRS 0%/Larvicide 0%,0;0.4;0.4_0;0;0_0;0;0_-100;2;5475_-100;2;5475_-100;2;5475,11.0383561643836,Prevalence,1.40203929983271e-07
NbyGQVwzFc_loc12_loop6,12,ITN 0%/IRS 0%/Larvicide 0%,0;0.4;0.4_0;0;0_0;0;0_-100;2;5475_-100;2;5475_-100;2;5475,11.041095890411,Prevalence,1.39970341790657e-07
NbyGQVwzFc_loc12_loop6,12,ITN 0%/IRS 0%/Larvicide 0%,0;0.4;0.4_0;0;0_0;0;0_-100;2;5475_-100;2;5475_-100;2;5475,11.0438356164384,Prevalence,1.3973723039236e-07
NbyGQVwzFc_loc12_loop6,12,ITN 0%/IRS 0%/Larvicide 0%,0;0.4;0.4_0;0;0_0;0;0_-100;2;5475_-100;2;5475_-100;2;5475,11.0465753424658,Prevalence,1.39504594608885e-07
NbyGQVwzFc_loc12_loop6,12,ITN 0%/IRS 0%/Larvicide 0%,0;0.4;0.4_0;0;0_0;0;0_-100;2;5475_-100;2;5475_-100;2;5475,11.0493150684932,Prevalence,1.39272433264427e-07
NbyGQVwzFc_loc12_loop6,12,ITN 0%/IRS 0%/Larvicide 0%,0;0.4;0.4_0;0;0_0;0;0_-100;2;5475_-100;2;5475_-100;2;5475,11.0520547945205,Prevalence,1.3904074518685e-07
NbyGQVwzFc_loc12_loop6,12,ITN 0%/IRS 0%/Larvicide 0%,0;0.4;0.4_0;0;0_0;0;0_-100;2;5475_-100;2;5475_-100;2;5475,11.0547945205479,Prevalence,1.3880952920768e-07
NbyGQVwzFc_loc12_loop6,12,ITN 0%/IRS 0%/Larvicide 0%,0;0.4;0.4_0;0;0_0;0;0_-100;2;5475_-100;2;5475_-100;2;5475,11.0575342465753,Prevalence,1.38578784162087e-07
NbyGQVwzFc_loc12_loop6,12,ITN 0%/IRS 0%/Larvicide 0%,0;0.4;0.4_0;0;0_0;0;0_-100;2;5475_-100;2;5475_-100;2;5475,11.0602739726027,Prevalence,1.38348508888866e-07
NbyGQVwzFc_loc12_loop6,12,ITN 0%/IRS 0%/Larvicide 0%,0;0.4;0.4_0;0;0_0;0;0_-100;2;5475_-100;2;5475_-100;2;5475,11.0630136986301,Prevalence,1.38118702230429e-07
NbyGQVwzFc_loc12_loop6,12,ITN 0%/IRS 0%/Larvicide 0%,0;0.4;0.4_0;0;0_0;0;0_-100;2;5475_-100;2;5475_-100;2;5475,11.0657534246575,Prevalence,1.37889363032787e-07
NbyGQVwzFc_loc12_loop6,12,ITN 0%/IRS 0%/Larvicide 0%,0;0.4;0.4_0;0;0_0;0;0_-100;2;5475_-100;2;5475_-100;2;5475,11.0684931506849,Prevalence,1.37660490145535e-07
NbyGQVwzFc_loc12_loop6,12,ITN 0%/IRS 0%/Larvicide 0%,0;0.4;0.4_0;0;0_0;0;0_-100;2;5475_-100;2;5475_-100;2;5475,11.0712328767123,Prevalence,1.37432082421838e-07
NbyGQVwzFc_loc12_loop6,12,ITN 0%/IRS 0%/Larvicide 0%,0;0.4;0.4_0;0;0_0;0;0_-100;2;5475_-100;2;5475_-100;2;5475,11.0739726027397,Prevalence,1.37204138718418e-07
NbyGQVwzFc_loc12_loop6,12,ITN 0%/IRS 0%/Larvicide 0%,0;0.4;0.4_0;0;0_0;0;0_-100;2;5475_-100;2;5475_-100;2;5475,11.0767123287671,Prevalence,1.36976657895537e-07
NbyGQVwzFc_loc12_loop6,12,ITN 0%/IRS 0%/Larvicide 0%,0;0.4;0.4_0;0;0_0;0;0_-100;2;5475_-100;2;5475_-100;2;5475,11.0794520547945,Prevalence,1.36749638816986e-07
NbyGQVwzFc_loc12_loop6,12,ITN 0%/IRS 0%/Larvicide 0%,0;0.4;0.4_0;0;0_0;0;0_-100;2;5475_-100;2;5475_-100;2;5475,11.0821917808219,Prevalence,1.36523080350067e-07
NbyGQVwzFc_loc12_loop6,12,ITN 0%/IRS 0%/Larvicide 0%,0;0.4;0.4_0;0;0_0;0;0_-100;2;5475_-100;2;5475_-100;2;5475,11.0849315068493,Prevalence,1.36296981365581e-07
NbyGQVwzFc_loc12_loop6,12,ITN 0%/IRS 0%/Larvicide 0%,0;0.4;0.4_0;0;0_0;0;0_-100;2;5475_-100;2;5475_-100;2;5475,11.0876712328767,Prevalence,1.36071340737815e-07
NbyGQVwzFc_loc12_loop6,12,ITN 0%/IRS 0%/Larvicide 0%,0;0.4;0.4_0;0;0_0;0;0_-100;2;5475_-100;2;5475_-100;2;5475,11.0904109589041,Prevalence,1.35846157344525e-07
NbyGQVwzFc_loc12_loop6,12,ITN 0%/IRS 0%/Larvicide 0%,0;0.4;0.4_0;0;0_0;0;0_-100;2;5475_-100;2;5475_-100;2;5475,11.0931506849315,Prevalence,1.35621430066925e-07
NbyGQVwzFc_loc12_loop6,12,ITN 0%/IRS 0%/Larvicide 0%,0;0.4;0.4_0;0;0_0;0;0_-100;2;5475_-100;2;5475_-100;2;5475,11.0958904109589,Prevalence,1.35397157789672e-07
NbyGQVwzFc_loc12_loop6,12,ITN 0%/IRS 0%/Larvicide 0%,0;0.4;0.4_0;0;0_0;0;0_-100;2;5475_-100;2;5475_-100;2;5475,11.0986301369863,Prevalence,1.3517333940085e-07
NbyGQVwzFc_loc12_loop6,12,ITN 0%/IRS 0%/Larvicide 0%,0;0.4;0.4_0;0;0_0;0;0_-100;2;5475_-100;2;5475_-100;2;5475,11.1013698630137,Prevalence,1.3494997379196e-07
NbyGQVwzFc_loc12_loop6,12,ITN 0%/IRS 0%/Larvicide 0%,0;0.4;0.4_0;0;0_0;0;0_-100;2;5475_-100;2;5475_-100;2;5475,11.1041095890411,Prevalence,1.34727059857906e-07
NbyGQVwzFc_loc12_loop6,12,ITN 0%/IRS 0%/Larvicide 0%,0;0.4;0.4_0;0;0_0;0;0_-100;2;5475_-100;2;5475_-100;2;5475,11.1068493150685,Prevalence,1.34504596496976e-07
NbyGQVwzFc_loc12_loop6,12,ITN 0%/IRS 0%/Larvicide 0%,0;0.4;0.4_0;0;0_0;0;0_-100;2;5475_-100;2;5475_-100;2;5475,11.1095890410959,Prevalence,1.34282582610836e-07
NbyGQVwzFc_loc12_loop6,12,ITN 0%/IRS 0%/Larvicide 0%,0;0.4;0.4_0;0;0_0;0;0_-100;2;5475_-100;2;5475_-100;2;5475,11.1123287671233,Prevalence,1.34061017104512e-07
NbyGQVwzFc_loc12_loop6,12,ITN 0%/IRS 0%/Larvicide 0%,0;0.4;0.4_0;0;0_0;0;0_-100;2;5475_-100;2;5475_-100;2;5475,11.1150684931507,Prevalence,1.33839898886378e-07
NbyGQVwzFc_loc12_loop6,12,ITN 0%/IRS 0%/Larvicide 0%,0;0.4;0.4_0;0;0_0;0;0_-100;2;5475_-100;2;5475_-100;2;5475,11.1178082191781,Prevalence,1.33619226868144e-07
NbyGQVwzFc_loc12_loop6,12,ITN 0%/IRS 0%/Larvicide 0%,0;0.4;0.4_0;0;0_0;0;0_-100;2;5475_-100;2;5475_-100;2;5475,11.1205479452055,Prevalence,1.3339899996484e-07
NbyGQVwzFc_loc12_loop6,12,ITN 0%/IRS 0%/Larvicide 0%,0;0.4;0.4_0;0;0_0;0;0_-100;2;5475_-100;2;5475_-100;2;5475,11.1232876712329,Prevalence,1.33179217094805e-07
NbyGQVwzFc_loc12_loop6,12,ITN 0%/IRS 0%/Larvicide 0%,0;0.4;0.4_0;0;0_0;0;0_-100;2;5475_-100;2;5475_-100;2;5475,11.1260273972603,Prevalence,1.32959877179672e-07
NbyGQVwzFc_loc12_loop6,12,ITN 0%/IRS 0%/Larvicide 0%,0;0.4;0.4_0;0;0_0;0;0_-100;2;5475_-100;2;5475_-100;2;5475,11.1287671232877,Prevalence,1.32740979144355e-07
NbyGQVwzFc_loc12_loop6,12,ITN 0%/IRS 0%/Larvicide 0%,0;0.4;0.4_0;0;0_0;0;0_-100;2;5475_-100;2;5475_-100;2;5475,11.1315068493151,Prevalence,1.32522521917039e-07
NbyGQVwzFc_loc12_loop6,12,ITN 0%/IRS 0%/Larvicide 0%,0;0.4;0.4_0;0;0_0;0;0_-100;2;5475_-100;2;5475_-100;2;5475,11.1342465753425,Prevalence,1.32304504429162e-07
NbyGQVwzFc_loc12_loop6,12,ITN 0%/IRS 0%/Larvicide 0%,0;0.4;0.4_0;0;0_0;0;0_-100;2;5475_-100;2;5475_-100;2;5475,11.1369863013699,Prevalence,1.32086925615408e-07
NbyGQVwzFc_loc12_loop6,12,ITN 0%/IRS 0%/Larvicide 0%,0;0.4;0.4_0;0;0_0;0;0_-100;2;5475_-100;2;5475_-100;2;5475,11.1397260273973,Prevalence,1.31869784413688e-07
NbyGQVwzFc_loc12_loop6,12,ITN 0%/IRS 0%/Larvicide 0%,0;0.4;0.4_0;0;0_0;0;0_-100;2;5475_-100;2;5475_-100;2;5475,11.1424657534247,Prevalence,1.31653079765133e-07
NbyGQVwzFc_loc12_loop6,12,ITN 0%/IRS 0%/Larvicide 0%,0;0.4;0.4_0;0;0_0;0;0_-100;2;5475_-100;2;5475_-100;2;5475,11.1452054794521,Prevalence,1.31436810614076e-07
NbyGQVwzFc_loc12_loop6,12,ITN 0%/IRS 0%/Larvicide 0%,0;0.4;0.4_0;0;0_0;0;0_-100;2;5475_-100;2;5475_-100;2;5475,11.1479452054795,Prevalence,1.31220975908045e-07
NbyGQVwzFc_loc12_loop6,12,ITN 0%/IRS 0%/Larvicide 0%,0;0.4;0.4_0;0;0_0;0;0_-100;2;5475_-100;2;5475_-100;2;5475,11.1506849315068,Prevalence,1.31005574597746e-07
NbyGQVwzFc_loc12_loop6,12,ITN 0%/IRS 0%/Larvicide 0%,0;0.4;0.4_0;0;0_0;0;0_-100;2;5475_-100;2;5475_-100;2;5475,11.1534246575342,Prevalence,1.30790605637052e-07
NbyGQVwzFc_loc12_loop6,12,ITN 0%/IRS 0%/Larvicide 0%,0;0.4;0.4_0;0;0_0;0;0_-100;2;5475_-100;2;5475_-100;2;5475,11.1561643835616,Prevalence,1.30576067982992e-07
NbyGQVwzFc_loc12_loop6,12,ITN 0%/IRS 0%/Larvicide 0%,0;0.4;0.4_0;0;0_0;0;0_-100;2;5475_-100;2;5475_-100;2;5475,11.158904109589,Prevalence,1.30361960595735e-07
NbyGQVwzFc_loc12_loop6,12,ITN 0%/IRS 0%/Larvicide 0%,0;0.4;0.4_0;0;0_0;0;0_-100;2;5475_-100;2;5475_-100;2;5475,11.1616438356164,Prevalence,1.30148282438581e-07
NbyGQVwzFc_loc12_loop6,12,ITN 0%/IRS 0%/Larvicide 0%,0;0.4;0.4_0;0;0_0;0;0_-100;2;5475_-100;2;5475_-100;2;5475,11.1643835616438,Prevalence,1.29935032477948e-07
NbyGQVwzFc_loc12_loop6,12,ITN 0%/IRS 0%/Larvicide 0%,0;0.4;0.4_0;0;0_0;0;0_-100;2;5475_-100;2;5475_-100;2;5475,11.1671232876712,Prevalence,1.29722209683361e-07
NbyGQVwzFc_loc12_loop6,12,ITN 0%/IRS 0%/Larvicide 0%,0;0.4;0.4_0;0;0_0;0;0_-100;2;5475_-100;2;5475_-100;2;5475,11.1698630136986,Prevalence,1.29509813027435e-07
NbyGQVwzFc_loc12_loop6,12,ITN 0%/IRS 0%/Larvicide 0%,0;0.4;0.4_0;0;0_0;0;0_-100;2;5475_-100;2;5475_-100;2;5475,11.172602739726,Prevalence,1.2929784148587e-07
NbyGQVwzFc_loc12_loop6,12,ITN 0%/IRS 0%/Larvicide 0%,0;0.4;0.4_0;0;0_0;0;0_-100;2;5475_-100;2;5475_-100;2;5475,11.1753424657534,Prevalence,1.29086294037432e-07
NbyGQVwzFc_loc12_loop6,12,ITN 0%/IRS 0%/Larvicide 0%,0;0.4;0.4_0;0;0_0;0;0_-100;2;5475_-100;2;5475_-100;2;5475,11.1780821917808,Prevalence,1.28875169663947e-07
NbyGQVwzFc_loc12_loop6,12,ITN 0%/IRS 0%/Larvicide 0%,0;0.4;0.4_0;0;0_0;0;0_-100;2;5475_-100;2;5475_-100;2;5475,11.1808219178082,Prevalence,1.28664467350285e-07
NbyGQVwzFc_loc12_loop6,12,ITN 0%/IRS 0%/Larvicide 0%,0;0.4;0.4_0;0;0_0;0;0_-100;2;5475_-100;2;5475_-100;2;5475,11.1835616438356,Prevalence,1.28454186084351e-07
NbyGQVwzFc_loc12_loop6,12,ITN 0%/IRS 0%/Larvicide 0%,0;0.4;0.4_0;0;0_0;0;0_-100;2;5475_-100;2;5475_-100;2;5475,11.186301369863,Prevalence,1.2824432485707e-07
NbyGQVwzFc_loc12_loop6,12,ITN 0%/IRS 0%/Larvicide 0%,0;0.4;0.4_0;0;0_0;0;0_-100;2;5475_-100;2;5475_-100;2;5475,11.1890410958904,Prevalence,1.2803488266238e-07
NbyGQVwzFc_loc12_loop6,12,ITN 0%/IRS 0%/Larvicide 0%,0;0.4;0.4_0;0;0_0;0;0_-100;2;5475_-100;2;5475_-100;2;5475,11.1917808219178,Prevalence,1.27825858497215e-07
NbyGQVwzFc_loc12_loop6,12,ITN 0%/IRS 0%/Larvicide 0%,0;0.4;0.4_0;0;0_0;0;0_-100;2;5475_-100;2;5475_-100;2;5475,11.1945205479452,Prevalence,1.27617251361497e-07
NbyGQVwzFc_loc12_loop6,12,ITN 0%/IRS 0%/Larvicide 0%,0;0.4;0.4_0;0;0_0;0;0_-100;2;5475_-100;2;5475_-100;2;5475,11.1972602739726,Prevalence,1.27409060258124e-07
NbyGQVwzFc_loc12_loop6,12,ITN 0%/IRS 0%/Larvicide 0%,0;0.4;0.4_0;0;0_0;0;0_-100;2;5475_-100;2;5475_-100;2;5475,11.2,Prevalence,1.27201284192956e-07
NbyGQVwzFc_loc12_loop6,12,ITN 0%/IRS 0%/Larvicide 0%,0;0.4;0.4_0;0;0_0;0;0_-100;2;5475_-100;2;5475_-100;2;5475,11.2027397260274,Prevalence,1.26993922174809e-07
NbyGQVwzFc_loc12_loop6,12,ITN 0%/IRS 0%/Larvicide 0%,0;0.4;0.4_0;0;0_0;0;0_-100;2;5475_-100;2;5475_-100;2;5475,11.2054794520548,Prevalence,1.26786973215436e-07
NbyGQVwzFc_loc12_loop6,12,ITN 0%/IRS 0%/Larvicide 0%,0;0.4;0.4_0;0;0_0;0;0_-100;2;5475_-100;2;5475_-100;2;5475,11.2082191780822,Prevalence,1.26580436329523e-07
NbyGQVwzFc_loc12_loop6,12,ITN 0%/IRS 0%/Larvicide 0%,0;0.4;0.4_0;0;0_0;0;0_-100;2;5475_-100;2;5475_-100;2;5475,11.2109589041096,Prevalence,1.26374310534674e-07
NbyGQVwzFc_loc12_loop6,12,ITN 0%/IRS 0%/Larvicide 0%,0;0.4;0.4_0;0;0_0;0;0_-100;2;5475_-100;2;5475_-100;2;5475,11.213698630137,Prevalence,1.26168594851398e-07
NbyGQVwzFc_loc12_loop6,12,ITN 0%/IRS 0%/Larvicide 0%,0;0.4;0.4_0;0;0_0;0;0_-100;2;5475_-100;2;5475_-100;2;5475,11.2164383561644,Prevalence,1.25963288303103e-07
NbyGQVwzFc_loc12_loop6,12,ITN 0%/IRS 0%/Larvicide 0%,0;0.4;0.4_0;0;0_0;0;0_-100;2;5475_-100;2;5475_-100;2;5475,11.2191780821918,Prevalence,1.2575838991608e-07
NbyGQVwzFc_loc12_loop6,12,ITN 0%/IRS 0%/Larvicide 0%,0;0.4;0.4_0;0;0_0;0;0_-100;2;5475_-100;2;5475_-100;2;5475,11.2219178082192,Prevalence,1.25553898719497e-07
NbyGQVwzFc_loc12_loop6,12,ITN 0%/IRS 0%/Larvicide 0%,0;0.4;0.4_0;0;0_0;0;0_-100;2;5475_-100;2;5475_-100;2;5475,11.2246575342466,Prevalence,1.25349813745383e-07
NbyGQVwzFc_loc12_loop6,12,ITN 0%/IRS 0%/Larvicide 0%,0;0.4;0.4_0;0;0_0;0;0_-100;2;5475_-100;2;5475_-100;2;5475,11.227397260274,Prevalence,1.25146134028618e-07
NbyGQVwzFc_loc12_loop6,12,ITN 0%/IRS 0%/Larvicide 0%,0;0.4;0.4_0;0;0_0;0;0_-100;2;5475_-100;2;5475_-100;2;5475,11.2301369863014,Prevalence,1.24942858606925e-07
NbyGQVwzFc_loc12_loop6,12,ITN 0%/IRS 0%/Larvicide 0%,0;0.4;0.4_0;0;0_0;0;0_-100;2;5475_-100;2;5475_-100;2;5475,11.2328767123288,Prevalence,1.24739986520858e-07
NbyGQVwzFc_loc12_loop6,12,ITN 0%/IRS 0%/Larvicide 0%,0;0.4;0.4_0;0;0_0;0;0_-100;2;5475_-100;2;5475_-100;2;5475,11.2356164383562,Prevalence,1.24537516813791e-07
NbyGQVwzFc_loc12_loop6,12,ITN 0%/IRS 0%/Larvicide 0%,0;0.4;0.4_0;0;0_0;0;0_-100;2;5475_-100;2;5475_-100;2;5475,11.2383561643836,Prevalence,1.24335448531907e-07
NbyGQVwzFc_loc12_loop6,12,ITN 0%/IRS 0%/Larvicide 0%,0;0.4;0.4_0;0;0_0;0;0_-100;2;5475_-100;2;5475_-100;2;5475,11.241095890411,Prevalence,1.24133780724186e-07
NbyGQVwzFc_loc12_loop6,12,ITN 0%/IRS 0%/Larvicide 0%,0;0.4;0.4_0;0;0_0;0;0_-100;2;5475_-100;2;5475_-100;2;5475,11.2438356164384,Prevalence,1.23932512442398e-07
NbyGQVwzFc_loc12_loop6,12,ITN 0%/IRS 0%/Larvicide 0%,0;0.4;0.4_0;0;0_0;0;0_-100;2;5475_-100;2;5475_-100;2;5475,11.2465753424658,Prevalence,1.23731642741087e-07
NbyGQVwzFc_loc12_loop6,12,ITN 0%/IRS 0%/Larvicide 0%,0;0.4;0.4_0;0;0_0;0;0_-100;2;5475_-100;2;5475_-100;2;5475,11.2493150684932,Prevalence,1.23531170677566e-07
NbyGQVwzFc_loc12_loop6,12,ITN 0%/IRS 0%/Larvicide 0%,0;0.4;0.4_0;0;0_0;0;0_-100;2;5475_-100;2;5475_-100;2;5475,11.2520547945205,Prevalence,1.23331095311903e-07
NbyGQVwzFc_loc12_loop6,12,ITN 0%/IRS 0%/Larvicide 0%,0;0.4;0.4_0;0;0_0;0;0_-100;2;5475_-100;2;5475_-100;2;5475,11.2547945205479,Prevalence,1.2313141570691e-07
NbyGQVwzFc_loc12_loop6,12,ITN 0%/IRS 0%/Larvicide 0%,0;0.4;0.4_0;0;0_0;0;0_-100;2;5475_-100;2;5475_-100;2;5475,11.2575342465753,Prevalence,1.22932130928139e-07
NbyGQVwzFc_loc12_loop6,12,ITN 0%/IRS 0%/Larvicide 0%,0;0.4;0.4_0;0;0_0;0;0_-100;2;5475_-100;2;5475_-100;2;5475,11.2602739726027,Prevalence,1.22733240043861e-07
NbyGQVwzFc_loc12_loop6,12,ITN 0%/IRS 0%/Larvicide 0%,0;0.4;0.4_0;0;0_0;0;0_-100;2;5475_-100;2;5475_-100;2;5475,11.2630136986301,Prevalence,1.22534742125066e-07
NbyGQVwzFc_loc12_loop6,12,ITN 0%/IRS 0%/Larvicide 0%,0;0.4;0.4_0;0;0_0;0;0_-100;2;5475_-100;2;5475_-100;2;5475,11.2657534246575,Prevalence,1.22336636245447e-07
NbyGQVwzFc_loc12_loop6,12,ITN 0%/IRS 0%/Larvicide 0%,0;0.4;0.4_0;0;0_0;0;0_-100;2;5475_-100;2;5475_-100;2;5475,11.2684931506849,Prevalence,1.2213892148139e-07
NbyGQVwzFc_loc12_loop6,12,ITN 0%/IRS 0%/Larvicide 0%,0;0.4;0.4_0;0;0_0;0;0_-100;2;5475_-100;2;5475_-100;2;5475,11.2712328767123,Prevalence,1.21941596911967e-07
NbyGQVwzFc_loc12_loop6,12,ITN 0%/IRS 0%/Larvicide 0%,0;0.4;0.4_0;0;0_0;0;0_-100;2;5475_-100;2;5475_-100;2;5475,11.2739726027397,Prevalence,1.21744661618923e-07
NbyGQVwzFc_loc12_loop6,12,ITN 0%/IRS 0%/Larvicide 0%,0;0.4;0.4_0;0;0_0;0;0_-100;2;5475_-100;2;5475_-100;2;5475,11.2767123287671,Prevalence,1.21548114686668e-07
NbyGQVwzFc_loc12_loop6,12,ITN 0%/IRS 0%/Larvicide 0%,0;0.4;0.4_0;0;0_0;0;0_-100;2;5475_-100;2;5475_-100;2;5475,11.2794520547945,Prevalence,1.21351955202265e-07
NbyGQVwzFc_loc12_loop6,12,ITN 0%/IRS 0%/Larvicide 0%,0;0.4;0.4_0;0;0_0;0;0_-100;2;5475_-100;2;5475_-100;2;5475,11.2821917808219,Prevalence,1.21156182255422e-07
NbyGQVwzFc_loc12_loop6,12,ITN 0%/IRS 0%/Larvicide 0%,0;0.4;0.4_0;0;0_0;0;0_-100;2;5475_-100;2;5475_-100;2;5475,11.2849315068493,Prevalence,1.20960794938479e-07
NbyGQVwzFc_loc12_loop6,12,ITN 0%/IRS 0%/Larvicide 0%,0;0.4;0.4_0;0;0_0;0;0_-100;2;5475_-100;2;5475_-100;2;5475,11.2876712328767,Prevalence,1.20765792346404e-07
NbyGQVwzFc_loc12_loop6,12,ITN 0%/IRS 0%/Larvicide 0%,0;0.4;0.4_0;0;0_0;0;0_-100;2;5475_-100;2;5475_-100;2;5475,11.2904109589041,Prevalence,1.20571173576777e-07
NbyGQVwzFc_loc12_loop6,12,ITN 0%/IRS 0%/Larvicide 0%,0;0.4;0.4_0;0;0_0;0;0_-100;2;5475_-100;2;5475_-100;2;5475,11.2931506849315,Prevalence,1.20376937729783e-07
NbyGQVwzFc_loc12_loop6,12,ITN 0%/IRS 0%/Larvicide 0%,0;0.4;0.4_0;0;0_0;0;0_-100;2;5475_-100;2;5475_-100;2;5475,11.2958904109589,Prevalence,1.20183083908203e-07
NbyGQVwzFc_loc12_loop6,12,ITN 0%/IRS 0%/Larvicide 0%,0;0.4;0.4_0;0;0_0;0;0_-100;2;5475_-100;2;5475_-100;2;5475,11.2986301369863,Prevalence,1.19989611217403e-07
NbyGQVwzFc_loc12_loop6,12,ITN 0%/IRS 0%/Larvicide 0%,0;0.4;0.4_0;0;0_0;0;0_-100;2;5475_-100;2;5475_-100;2;5475,11.3013698630137,Prevalence,1.19796518765325e-07
NbyGQVwzFc_loc12_loop6,12,ITN 0%/IRS 0%/Larvicide 0%,0;0.4;0.4_0;0;0_0;0;0_-100;2;5475_-100;2;5475_-100;2;5475,11.3041095890411,Prevalence,1.19603805662478e-07
NbyGQVwzFc_loc12_loop6,12,ITN 0%/IRS 0%/Larvicide 0%,0;0.4;0.4_0;0;0_0;0;0_-100;2;5475_-100;2;5475_-100;2;5475,11.3068493150685,Prevalence,1.19411471021926e-07
NbyGQVwzFc_loc12_loop6,12,ITN 0%/IRS 0%/Larvicide 0%,0;0.4;0.4_0;0;0_0;0;0_-100;2;5475_-100;2;5475_-100;2;5475,11.3095890410959,Prevalence,1.19219513959282e-07
NbyGQVwzFc_loc12_loop6,12,ITN 0%/IRS 0%/Larvicide 0%,0;0.4;0.4_0;0;0_0;0;0_-100;2;5475_-100;2;5475_-100;2;5475,11.3123287671233,Prevalence,1.19027933592696e-07
NbyGQVwzFc_loc12_loop6,12,ITN 0%/IRS 0%/Larvicide 0%,0;0.4;0.4_0;0;0_0;0;0_-100;2;5475_-100;2;5475_-100;2;5475,11.3150684931507,Prevalence,1.18836729042848e-07
NbyGQVwzFc_loc12_loop6,12,ITN 0%/IRS 0%/Larvicide 0%,0;0.4;0.4_0;0;0_0;0;0_-100;2;5475_-100;2;5475_-100;2;5475,11.3178082191781,Prevalence,1.18645899432934e-07
NbyGQVwzFc_loc12_loop6,12,ITN 0%/IRS 0%/Larvicide 0%,0;0.4;0.4_0;0;0_0;0;0_-100;2;5475_-100;2;5475_-100;2;5475,11.3205479452055,Prevalence,1.18455443888664e-07
NbyGQVwzFc_loc12_loop6,12,ITN 0%/IRS 0%/Larvicide 0%,0;0.4;0.4_0;0;0_0;0;0_-100;2;5475_-100;2;5475_-100;2;5475,11.3232876712329,Prevalence,1.18265361538244e-07
NbyGQVwzFc_loc12_loop6,12,ITN 0%/IRS 0%/Larvicide 0%,0;0.4;0.4_0;0;0_0;0;0_-100;2;5475_-100;2;5475_-100;2;5475,11.3260273972603,Prevalence,1.18075651512377e-07
NbyGQVwzFc_loc12_loop6,12,ITN 0%/IRS 0%/Larvicide 0%,0;0.4;0.4_0;0;0_0;0;0_-100;2;5475_-100;2;5475_-100;2;5475,11.3287671232877,Prevalence,1.17886312944243e-07
NbyGQVwzFc_loc12_loop6,12,ITN 0%/IRS 0%/Larvicide 0%,0;0.4;0.4_0;0;0_0;0;0_-100;2;5475_-100;2;5475_-100;2;5475,11.3315068493151,Prevalence,1.17697344969499e-07
NbyGQVwzFc_loc12_loop6,12,ITN 0%/IRS 0%/Larvicide 0%,0;0.4;0.4_0;0;0_0;0;0_-100;2;5475_-100;2;5475_-100;2;5475,11.3342465753425,Prevalence,1.17508746726262e-07
NbyGQVwzFc_loc12_loop6,12,ITN 0%/IRS 0%/Larvicide 0%,0;0.4;0.4_0;0;0_0;0;0_-100;2;5475_-100;2;5475_-100;2;5475,11.3369863013699,Prevalence,1.17320517355109e-07
NbyGQVwzFc_loc12_loop6,12,ITN 0%/IRS 0%/Larvicide 0%,0;0.4;0.4_0;0;0_0;0;0_-100;2;5475_-100;2;5475_-100;2;5475,11.3397260273973,Prevalence,1.17132655999059e-07
NbyGQVwzFc_loc12_loop6,12,ITN 0%/IRS 0%/Larvicide 0%,0;0.4;0.4_0;0;0_0;0;0_-100;2;5475_-100;2;5475_-100;2;5475,11.3424657534247,Prevalence,1.1694516180357e-07
NbyGQVwzFc_loc12_loop6,12,ITN 0%/IRS 0%/Larvicide 0%,0;0.4;0.4_0;0;0_0;0;0_-100;2;5475_-100;2;5475_-100;2;5475,11.3452054794521,Prevalence,1.16758033916528e-07
NbyGQVwzFc_loc12_loop6,12,ITN 0%/IRS 0%/Larvicide 0%,0;0.4;0.4_0;0;0_0;0;0_-100;2;5475_-100;2;5475_-100;2;5475,11.3479452054795,Prevalence,1.16571271488237e-07
NbyGQVwzFc_loc12_loop6,12,ITN 0%/IRS 0%/Larvicide 0%,0;0.4;0.4_0;0;0_0;0;0_-100;2;5475_-100;2;5475_-100;2;5475,11.3506849315069,Prevalence,1.16384873671413e-07
NbyGQVwzFc_loc12_loop6,12,ITN 0%/IRS 0%/Larvicide 0%,0;0.4;0.4_0;0;0_0;0;0_-100;2;5475_-100;2;5475_-100;2;5475,11.3534246575342,Prevalence,1.16198839621173e-07
NbyGQVwzFc_loc12_loop6,12,ITN 0%/IRS 0%/Larvicide 0%,0;0.4;0.4_0;0;0_0;0;0_-100;2;5475_-100;2;5475_-100;2;5475,11.3561643835616,Prevalence,1.16013168495028e-07
NbyGQVwzFc_loc12_loop6,12,ITN 0%/IRS 0%/Larvicide 0%,0;0.4;0.4_0;0;0_0;0;0_-100;2;5475_-100;2;5475_-100;2;5475,11.358904109589,Prevalence,1.15827859452873e-07
NbyGQVwzFc_loc12_loop6,12,ITN 0%/IRS 0%/Larvicide 0%,0;0.4;0.4_0;0;0_0;0;0_-100;2;5475_-100;2;5475_-100;2;5475,11.3616438356164,Prevalence,1.1564291165698e-07
NbyGQVwzFc_loc12_loop6,12,ITN 0%/IRS 0%/Larvicide 0%,0;0.4;0.4_0;0;0_0;0;0_-100;2;5475_-100;2;5475_-100;2;5475,11.3643835616438,Prevalence,1.15458324271985e-07
NbyGQVwzFc_loc12_loop6,12,ITN 0%/IRS 0%/Larvicide 0%,0;0.4;0.4_0;0;0_0;0;0_-100;2;5475_-100;2;5475_-100;2;5475,11.3671232876712,Prevalence,1.15274096464884e-07
NbyGQVwzFc_loc12_loop6,12,ITN 0%/IRS 0%/Larvicide 0%,0;0.4;0.4_0;0;0_0;0;0_-100;2;5475_-100;2;5475_-100;2;5475,11.3698630136986,Prevalence,1.15090227405024e-07
NbyGQVwzFc_loc12_loop6,12,ITN 0%/IRS 0%/Larvicide 0%,0;0.4;0.4_0;0;0_0;0;0_-100;2;5475_-100;2;5475_-100;2;5475,11.372602739726,Prevalence,1.14906716264093e-07
NbyGQVwzFc_loc12_loop6,12,ITN 0%/IRS 0%/Larvicide 0%,0;0.4;0.4_0;0;0_0;0;0_-100;2;5475_-100;2;5475_-100;2;5475,11.3753424657534,Prevalence,1.14723562216109e-07
NbyGQVwzFc_loc12_loop6,12,ITN 0%/IRS 0%/Larvicide 0%,0;0.4;0.4_0;0;0_0;0;0_-100;2;5475_-100;2;5475_-100;2;5475,11.3780821917808,Prevalence,1.14540764437417e-07
NbyGQVwzFc_loc12_loop6,12,ITN 0%/IRS 0%/Larvicide 0%,0;0.4;0.4_0;0;0_0;0;0_-100;2;5475_-100;2;5475_-100;2;5475,11.3808219178082,Prevalence,1.14358322106678e-07
NbyGQVwzFc_loc12_loop6,12,ITN 0%/IRS 0%/Larvicide 0%,0;0.4;0.4_0;0;0_0;0;0_-100;2;5475_-100;2;5475_-100;2;5475,11.3835616438356,Prevalence,1.1417623440486e-07
NbyGQVwzFc_loc12_loop6,12,ITN 0%/IRS 0%/Larvicide 0%,0;0.4;0.4_0;0;0_0;0;0_-100;2;5475_-100;2;5475_-100;2;5475,11.386301369863,Prevalence,1.1399450051523e-07
NbyGQVwzFc_loc12_loop6,12,ITN 0%/IRS 0%/Larvicide 0%,0;0.4;0.4_0;0;0_0;0;0_-100;2;5475_-100;2;5475_-100;2;5475,11.3890410958904,Prevalence,1.13813119623348e-07
NbyGQVwzFc_loc12_loop6,12,ITN 0%/IRS 0%/Larvicide 0%,0;0.4;0.4_0;0;0_0;0;0_-100;2;5475_-100;2;5475_-100;2;5475,11.3917808219178,Prevalence,1.13632090917055e-07
NbyGQVwzFc_loc12_loop6,12,ITN 0%/IRS 0%/Larvicide 0%,0;0.4;0.4_0;0;0_0;0;0_-100;2;5475_-100;2;5475_-100;2;5475,11.3945205479452,Prevalence,1.13451413586466e-07
NbyGQVwzFc_loc12_loop6,12,ITN 0%/IRS 0%/Larvicide 0%,0;0.4;0.4_0;0;0_0;0;0_-100;2;5475_-100;2;5475_-100;2;5475,11.3972602739726,Prevalence,1.13271086823965e-07
NbyGQVwzFc_loc12_loop6,12,ITN 0%/IRS 0%/Larvicide 0%,0;0.4;0.4_0;0;0_0;0;0_-100;2;5475_-100;2;5475_-100;2;5475,11.4,Prevalence,1.13091109824193e-07
NbyGQVwzFc_loc12_loop6,12,ITN 0%/IRS 0%/Larvicide 0%,0;0.4;0.4_0;0;0_0;0;0_-100;2;5475_-100;2;5475_-100;2;5475,11.4027397260274,Prevalence,1.12911481784041e-07
NbyGQVwzFc_loc12_loop6,12,ITN 0%/IRS 0%/Larvicide 0%,0;0.4;0.4_0;0;0_0;0;0_-100;2;5475_-100;2;5475_-100;2;5475,11.4054794520548,Prevalence,1.12732201902643e-07
NbyGQVwzFc_loc12_loop6,12,ITN 0%/IRS 0%/Larvicide 0%,0;0.4;0.4_0;0;0_0;0;0_-100;2;5475_-100;2;5475_-100;2;5475,11.4082191780822,Prevalence,1.12553269381367e-07
NbyGQVwzFc_loc12_loop6,12,ITN 0%/IRS 0%/Larvicide 0%,0;0.4;0.4_0;0;0_0;0;0_-100;2;5475_-100;2;5475_-100;2;5475,11.4109589041096,Prevalence,1.12374683423807e-07
NbyGQVwzFc_loc12_loop6,12,ITN 0%/IRS 0%/Larvicide 0%,0;0.4;0.4_0;0;0_0;0;0_-100;2;5475_-100;2;5475_-100;2;5475,11.413698630137,Prevalence,1.12196443235776e-07
NbyGQVwzFc_loc12_loop6,12,ITN 0%/IRS 0%/Larvicide 0%,0;0.4;0.4_0;0;0_0;0;0_-100;2;5475_-100;2;5475_-100;2;5475,11.4164383561644,Prevalence,1.12018548025297e-07
NbyGQVwzFc_loc12_loop6,12,ITN 0%/IRS 0%/Larvicide 0%,0;0.4;0.4_0;0;0_0;0;0_-100;2;5475_-100;2;5475_-100;2;5475,11.4191780821918,Prevalence,1.11840997002595e-07
NbyGQVwzFc_loc12_loop6,12,ITN 0%/IRS 0%/Larvicide 0%,0;0.4;0.4_0;0;0_0;0;0_-100;2;5475_-100;2;5475_-100;2;5475,11.4219178082192,Prevalence,1.11663789380092e-07
NbyGQVwzFc_loc12_loop6,12,ITN 0%/IRS 0%/Larvicide 0%,0;0.4;0.4_0;0;0_0;0;0_-100;2;5475_-100;2;5475_-100;2;5475,11.4246575342466,Prevalence,1.11486924372394e-07
NbyGQVwzFc_loc12_loop6,12,ITN 0%/IRS 0%/Larvicide 0%,0;0.4;0.4_0;0;0_0;0;0_-100;2;5475_-100;2;5475_-100;2;5475,11.427397260274,Prevalence,1.11310401196288e-07
NbyGQVwzFc_loc12_loop6,12,ITN 0%/IRS 0%/Larvicide 0%,0;0.4;0.4_0;0;0_0;0;0_-100;2;5475_-100;2;5475_-100;2;5475,11.4301369863014,Prevalence,1.11134219070732e-07
NbyGQVwzFc_loc12_loop6,12,ITN 0%/IRS 0%/Larvicide 0%,0;0.4;0.4_0;0;0_0;0;0_-100;2;5475_-100;2;5475_-100;2;5475,11.4328767123288,Prevalence,1.10958377216848e-07
NbyGQVwzFc_loc12_loop6,12,ITN 0%/IRS 0%/Larvicide 0%,0;0.4;0.4_0;0;0_0;0;0_-100;2;5475_-100;2;5475_-100;2;5475,11.4356164383562,Prevalence,1.10782874857915e-07
NbyGQVwzFc_loc12_loop6,12,ITN 0%/IRS 0%/Larvicide 0%,0;0.4;0.4_0;0;0_0;0;0_-100;2;5475_-100;2;5475_-100;2;5475,11.4383561643836,Prevalence,1.10607711219358e-07
NbyGQVwzFc_loc12_loop6,12,ITN 0%/IRS 0%/Larvicide 0%,0;0.4;0.4_0;0;0_0;0;0_-100;2;5475_-100;2;5475_-100;2;5475,11.441095890411,Prevalence,1.10432885528746e-07
NbyGQVwzFc_loc12_loop6,12,ITN 0%/IRS 0%/Larvicide 0%,0;0.4;0.4_0;0;0_0;0;0_-100;2;5475_-100;2;5475_-100;2;5475,11.4438356164384,Prevalence,1.10258397015779e-07
NbyGQVwzFc_loc12_loop6,12,ITN 0%/IRS 0%/Larvicide 0%,0;0.4;0.4_0;0;0_0;0;0_-100;2;5475_-100;2;5475_-100;2;5475,11.4465753424658,Prevalence,1.10084244912286e-07
NbyGQVwzFc_loc12_loop6,12,ITN 0%/IRS 0%/Larvicide 0%,0;0.4;0.4_0;0;0_0;0;0_-100;2;5475_-100;2;5475_-100;2;5475,11.4493150684932,Prevalence,1.09910428452209e-07
NbyGQVwzFc_loc12_loop6,12,ITN 0%/IRS 0%/Larvicide 0%,0;0.4;0.4_0;0;0_0;0;0_-100;2;5475_-100;2;5475_-100;2;5475,11.4520547945205,Prevalence,1.09736946871607e-07
NbyGQVwzFc_loc12_loop6,12,ITN 0%/IRS 0%/Larvicide 0%,0;0.4;0.4_0;0;0_0;0;0_-100;2;5475_-100;2;5475_-100;2;5475,11.4547945205479,Prevalence,1.0956379940864e-07
NbyGQVwzFc_loc12_loop6,12,ITN 0%/IRS 0%/Larvicide 0%,0;0.4;0.4_0;0;0_0;0;0_-100;2;5475_-100;2;5475_-100;2;5475,11.4575342465753,Prevalence,1.09390985303562e-07
NbyGQVwzFc_loc12_loop6,12,ITN 0%/IRS 0%/Larvicide 0%,0;0.4;0.4_0;0;0_0;0;0_-100;2;5475_-100;2;5475_-100;2;5475,11.4602739726027,Prevalence,1.09218503798719e-07
NbyGQVwzFc_loc12_loop6,12,ITN 0%/IRS 0%/Larvicide 0%,0;0.4;0.4_0;0;0_0;0;0_-100;2;5475_-100;2;5475_-100;2;5475,11.4630136986301,Prevalence,1.09046354138538e-07
NbyGQVwzFc_loc12_loop6,12,ITN 0%/IRS 0%/Larvicide 0%,0;0.4;0.4_0;0;0_0;0;0_-100;2;5475_-100;2;5475_-100;2;5475,11.4657534246575,Prevalence,1.08874535569519e-07
NbyGQVwzFc_loc12_loop6,12,ITN 0%/IRS 0%/Larvicide 0%,0;0.4;0.4_0;0;0_0;0;0_-100;2;5475_-100;2;5475_-100;2;5475,11.4684931506849,Prevalence,1.08703047340229e-07
NbyGQVwzFc_loc12_loop6,12,ITN 0%/IRS 0%/Larvicide 0%,0;0.4;0.4_0;0;0_0;0;0_-100;2;5475_-100;2;5475_-100;2;5475,11.4712328767123,Prevalence,1.08531888701298e-07
NbyGQVwzFc_loc12_loop6,12,ITN 0%/IRS 0%/Larvicide 0%,0;0.4;0.4_0;0;0_0;0;0_-100;2;5475_-100;2;5475_-100;2;5475,11.4739726027397,Prevalence,1.08361058905403e-07
NbyGQVwzFc_loc12_loop6,12,ITN 0%/IRS 0%/Larvicide 0%,0;0.4;0.4_0;0;0_0;0;0_-100;2;5475_-100;2;5475_-100;2;5475,11.4767123287671,Prevalence,1.08190557207272e-07
NbyGQVwzFc_loc12_loop6,12,ITN 0%/IRS 0%/Larvicide 0%,0;0.4;0.4_0;0;0_0;0;0_-100;2;5475_-100;2;5475_-100;2;5475,11.4794520547945,Prevalence,1.08020382863668e-07
NbyGQVwzFc_loc12_loop6,12,ITN 0%/IRS 0%/Larvicide 0%,0;0.4;0.4_0;0;0_0;0;0_-100;2;5475_-100;2;5475_-100;2;5475,11.4821917808219,Prevalence,1.07850535133385e-07
NbyGQVwzFc_loc12_loop6,12,ITN 0%/IRS 0%/Larvicide 0%,0;0.4;0.4_0;0;0_0;0;0_-100;2;5475_-100;2;5475_-100;2;5475,11.4849315068493,Prevalence,1.07681013277245e-07
NbyGQVwzFc_loc12_loop6,12,ITN 0%/IRS 0%/Larvicide 0%,0;0.4;0.4_0;0;0_0;0;0_-100;2;5475_-100;2;5475_-100;2;5475,11.4876712328767,Prevalence,1.07511816558082e-07
NbyGQVwzFc_loc12_loop6,12,ITN 0%/IRS 0%/Larvicide 0%,0;0.4;0.4_0;0;0_0;0;0_-100;2;5475_-100;2;5475_-100;2;5475,11.4904109589041,Prevalence,1.07342944240746e-07
NbyGQVwzFc_loc12_loop6,12,ITN 0%/IRS 0%/Larvicide 0%,0;0.4;0.4_0;0;0_0;0;0_-100;2;5475_-100;2;5475_-100;2;5475,11.4931506849315,Prevalence,1.07174395592087e-07
NbyGQVwzFc_loc12_loop6,12,ITN 0%/IRS 0%/Larvicide 0%,0;0.4;0.4_0;0;0_0;0;0_-100;2;5475_-100;2;5475_-100;2;5475,11.4958904109589,Prevalence,1.0700616988095e-07
NbyGQVwzFc_loc12_loop6,12,ITN 0%/IRS 0%/Larvicide 0%,0;0.4;0.4_0;0;0_0;0;0_-100;2;5475_-100;2;5475_-100;2;5475,11.4986301369863,Prevalence,1.06838266378174e-07
NbyGQVwzFc_loc12_loop6,12,ITN 0%/IRS 0%/Larvicide 0%,0;0.4;0.4_0;0;0_0;0;0_-100;2;5475_-100;2;5475_-100;2;5475,11.5013698630137,Prevalence,1.06670684356576e-07
NbyGQVwzFc_loc12_loop6,12,ITN 0%/IRS 0%/Larvicide 0%,0;0.4;0.4_0;0;0_0;0;0_-100;2;5475_-100;2;5475_-100;2;5475,11.5041095890411,Prevalence,1.06503423090952e-07
NbyGQVwzFc_loc12_loop6,12,ITN 0%/IRS 0%/Larvicide 0%,0;0.4;0.4_0;0;0_0;0;0_-100;2;5475_-100;2;5475_-100;2;5475,11.5068493150685,Prevalence,1.06336481858063e-07
NbyGQVwzFc_loc12_loop6,12,ITN 0%/IRS 0%/Larvicide 0%,0;0.4;0.4_0;0;0_0;0;0_-100;2;5475_-100;2;5475_-100;2;5475,11.5095890410959,Prevalence,1.06169859936637e-07
NbyGQVwzFc_loc12_loop6,12,ITN 0%/IRS 0%/Larvicide 0%,0;0.4;0.4_0;0;0_0;0;0_-100;2;5475_-100;2;5475_-100;2;5475,11.5123287671233,Prevalence,1.06003556607353e-07
NbyGQVwzFc_loc12_loop6,12,ITN 0%/IRS 0%/Larvicide 0%,0;0.4;0.4_0;0;0_0;0;0_-100;2;5475_-100;2;5475_-100;2;5475,11.5150684931507,Prevalence,1.05837571152841e-07
NbyGQVwzFc_loc12_loop6,12,ITN 0%/IRS 0%/Larvicide 0%,0;0.4;0.4_0;0;0_0;0;0_-100;2;5475_-100;2;5475_-100;2;5475,11.5178082191781,Prevalence,1.05671902857673e-07
NbyGQVwzFc_loc12_loop6,12,ITN 0%/IRS 0%/Larvicide 0%,0;0.4;0.4_0;0;0_0;0;0_-100;2;5475_-100;2;5475_-100;2;5475,11.5205479452055,Prevalence,1.05506551008354e-07
NbyGQVwzFc_loc12_loop6,12,ITN 0%/IRS 0%/Larvicide 0%,0;0.4;0.4_0;0;0_0;0;0_-100;2;5475_-100;2;5475_-100;2;5475,11.5232876712329,Prevalence,1.05341514893321e-07
NbyGQVwzFc_loc12_loop6,12,ITN 0%/IRS 0%/Larvicide 0%,0;0.4;0.4_0;0;0_0;0;0_-100;2;5475_-100;2;5475_-100;2;5475,11.5260273972603,Prevalence,1.05176793802932e-07
NbyGQVwzFc_loc12_loop6,12,ITN 0%/IRS 0%/Larvicide 0%,0;0.4;0.4_0;0;0_0;0;0_-100;2;5475_-100;2;5475_-100;2;5475,11.5287671232877,Prevalence,1.05012387029457e-07
NbyGQVwzFc_loc12_loop6,12,ITN 0%/IRS 0%/Larvicide 0%,0;0.4;0.4_0;0;0_0;0;0_-100;2;5475_-100;2;5475_-100;2;5475,11.5315068493151,Prevalence,1.04848293867081e-07
NbyGQVwzFc_loc12_loop6,12,ITN 0%/IRS 0%/Larvicide 0%,0;0.4;0.4_0;0;0_0;0;0_-100;2;5475_-100;2;5475_-100;2;5475,11.5342465753425,Prevalence,1.04684513611886e-07
NbyGQVwzFc_loc12_loop6,12,ITN 0%/IRS 0%/Larvicide 0%,0;0.4;0.4_0;0;0_0;0;0_-100;2;5475_-100;2;5475_-100;2;5475,11.5369863013699,Prevalence,1.04521045561853e-07
NbyGQVwzFc_loc12_loop6,12,ITN 0%/IRS 0%/Larvicide 0%,0;0.4;0.4_0;0;0_0;0;0_-100;2;5475_-100;2;5475_-100;2;5475,11.5397260273973,Prevalence,1.04357889016852e-07
NbyGQVwzFc_loc12_loop6,12,ITN 0%/IRS 0%/Larvicide 0%,0;0.4;0.4_0;0;0_0;0;0_-100;2;5475_-100;2;5475_-100;2;5475,11.5424657534247,Prevalence,1.04195043278635e-07
NbyGQVwzFc_loc12_loop6,12,ITN 0%/IRS 0%/Larvicide 0%,0;0.4;0.4_0;0;0_0;0;0_-100;2;5475_-100;2;5475_-100;2;5475,11.5452054794521,Prevalence,1.04032507650832e-07
NbyGQVwzFc_loc12_loop6,12,ITN 0%/IRS 0%/Larvicide 0%,0;0.4;0.4_0;0;0_0;0;0_-100;2;5475_-100;2;5475_-100;2;5475,11.5479452054795,Prevalence,1.03870281438944e-07
NbyGQVwzFc_loc12_loop6,12,ITN 0%/IRS 0%/Larvicide 0%,0;0.4;0.4_0;0;0_0;0;0_-100;2;5475_-100;2;5475_-100;2;5475,11.5506849315069,Prevalence,1.03708363950332e-07
NbyGQVwzFc_loc12_loop6,12,ITN 0%/IRS 0%/Larvicide 0%,0;0.4;0.4_0;0;0_0;0;0_-100;2;5475_-100;2;5475_-100;2;5475,11.5534246575342,Prevalence,1.0354675449422e-07
NbyGQVwzFc_loc12_loop6,12,ITN 0%/IRS 0%/Larvicide 0%,0;0.4;0.4_0;0;0_0;0;0_-100;2;5475_-100;2;5475_-100;2;5475,11.5561643835616,Prevalence,1.03385452381679e-07
NbyGQVwzFc_loc12_loop6,12,ITN 0%/IRS 0%/Larvicide 0%,0;0.4;0.4_0;0;0_0;0;0_-100;2;5475_-100;2;5475_-100;2;5475,11.558904109589,Prevalence,1.03224456925627e-07
NbyGQVwzFc_loc12_loop6,12,ITN 0%/IRS 0%/Larvicide 0%,0;0.4;0.4_0;0;0_0;0;0_-100;2;5475_-100;2;5475_-100;2;5475,11.5616438356164,Prevalence,1.03063767440821e-07
NbyGQVwzFc_loc12_loop6,12,ITN 0%/IRS 0%/Larvicide 0%,0;0.4;0.4_0;0;0_0;0;0_-100;2;5475_-100;2;5475_-100;2;5475,11.5643835616438,Prevalence,1.02903383243851e-07
NbyGQVwzFc_loc12_loop6,12,ITN 0%/IRS 0%/Larvicide 0%,0;0.4;0.4_0;0;0_0;0;0_-100;2;5475_-100;2;5475_-100;2;5475,11.5671232876712,Prevalence,1.02743303653131e-07
NbyGQVwzFc_loc12_loop6,12,ITN 0%/IRS 0%/Larvicide 0%,0;0.4;0.4_0;0;0_0;0;0_-100;2;5475_-100;2;5475_-100;2;5475,11.5698630136986,Prevalence,1.02583527988899e-07
NbyGQVwzFc_loc12_loop6,12,ITN 0%/IRS 0%/Larvicide 0%,0;0.4;0.4_0;0;0_0;0;0_-100;2;5475_-100;2;5475_-100;2;5475,11.572602739726,Prevalence,1.02424055573204e-07
NbyGQVwzFc_loc12_loop6,12,ITN 0%/IRS 0%/Larvicide 0%,0;0.4;0.4_0;0;0_0;0;0_-100;2;5475_-100;2;5475_-100;2;5475,11.5753424657534,Prevalence,1.02264885729905e-07
NbyGQVwzFc_loc12_loop6,12,ITN 0%/IRS 0%/Larvicide 0%,0;0.4;0.4_0;0;0_0;0;0_-100;2;5475_-100;2;5475_-100;2;5475,11.5780821917808,Prevalence,1.02106017784662e-07
NbyGQVwzFc_loc12_loop6,12,ITN 0%/IRS 0%/Larvicide 0%,0;0.4;0.4_0;0;0_0;0;0_-100;2;5475_-100;2;5475_-100;2;5475,11.5808219178082,Prevalence,1.01947451064932e-07
NbyGQVwzFc_loc12_loop6,12,ITN 0%/IRS 0%/Larvicide 0%,0;0.4;0.4_0;0;0_0;0;0_-100;2;5475_-100;2;5475_-100;2;5475,11.5835616438356,Prevalence,1.0178918489996e-07
NbyGQVwzFc_loc12_loop6,12,ITN 0%/IRS 0%/Larvicide 0%,0;0.4;0.4_0;0;0_0;0;0_-100;2;5475_-100;2;5475_-100;2;5475,11.586301369863,Prevalence,1.01631218620778e-07
NbyGQVwzFc_loc12_loop6,12,ITN 0%/IRS 0%/Larvicide 0%,0;0.4;0.4_0;0;0_0;0;0_-100;2;5475_-100;2;5475_-100;2;5475,11.5890410958904,Prevalence,1.01473551560194e-07
NbyGQVwzFc_loc12_loop6,12,ITN 0%/IRS 0%/Larvicide 0%,0;0.4;0.4_0;0;0_0;0;0_-100;2;5475_-100;2;5475_-100;2;5475,11.5917808219178,Prevalence,1.01316183052787e-07
NbyGQVwzFc_loc12_loop6,12,ITN 0%/IRS 0%/Larvicide 0%,0;0.4;0.4_0;0;0_0;0;0_-100;2;5475_-100;2;5475_-100;2;5475,11.5945205479452,Prevalence,1.01159112434904e-07
NbyGQVwzFc_loc12_loop6,12,ITN 0%/IRS 0%/Larvicide 0%,0;0.4;0.4_0;0;0_0;0;0_-100;2;5475_-100;2;5475_-100;2;5475,11.5972602739726,Prevalence,1.01002339044653e-07
NbyGQVwzFc_loc12_loop6,12,ITN 0%/IRS 0%/Larvicide 0%,0;0.4;0.4_0;0;0_0;0;0_-100;2;5475_-100;2;5475_-100;2;5475,11.6,Prevalence,1.00845862221893e-07
NbyGQVwzFc_loc12_loop6,12,ITN 0%/IRS 0%/Larvicide 0%,0;0.4;0.4_0;0;0_0;0;0_-100;2;5475_-100;2;5475_-100;2;5475,11.6027397260274,Prevalence,1.00689681308236e-07
NbyGQVwzFc_loc12_loop6,12,ITN 0%/IRS 0%/Larvicide 0%,0;0.4;0.4_0;0;0_0;0;0_-100;2;5475_-100;2;5475_-100;2;5475,11.6054794520548,Prevalence,1.00533795647032e-07
NbyGQVwzFc_loc12_loop6,12,ITN 0%/IRS 0%/Larvicide 0%,0;0.4;0.4_0;0;0_0;0;0_-100;2;5475_-100;2;5475_-100;2;5475,11.6082191780822,Prevalence,1.00378204583371e-07
NbyGQVwzFc_loc12_loop6,12,ITN 0%/IRS 0%/Larvicide 0%,0;0.4;0.4_0;0;0_0;0;0_-100;2;5475_-100;2;5475_-100;2;5475,11.6109589041096,Prevalence,1.00222907464074e-07
NbyGQVwzFc_loc12_loop6,12,ITN 0%/IRS 0%/Larvicide 0%,0;0.4;0.4_0;0;0_0;0;0_-100;2;5475_-100;2;5475_-100;2;5475,11.613698630137,Prevalence,1.00067903637686e-07
NbyGQVwzFc_loc12_loop6,12,ITN 0%/IRS 0%/Larvicide 0%,0;0.4;0.4_0;0;0_0;0;0_-100;2;5475_-100;2;5475_-100;2;5475,11.6164383561644,Prevalence,9.99131924544726e-08
NbyGQVwzFc_loc12_loop6,12,ITN 0%/IRS 0%/Larvicide 0%,0;0.4;0.4_0;0;0_0;0;0_-100;2;5475_-100;2;5475_-100;2;5475,11.6191780821918,Prevalence,9.97587732664137e-08
NbyGQVwzFc_loc12_loop6,12,ITN 0%/IRS 0%/Larvicide 0%,0;0.4;0.4_0;0;0_0;0;0_-100;2;5475_-100;2;5475_-100;2;5475,11.6219178082192,Prevalence,9.96046454271971e-08
NbyGQVwzFc_loc12_loop6,12,ITN 0%/IRS 0%/Larvicide 0%,0;0.4;0.4_0;0;0_0;0;0_-100;2;5475_-100;2;5475_-100;2;5475,11.6246575342466,Prevalence,9.9450808292213e-08
NbyGQVwzFc_loc12_loop6,12,ITN 0%/IRS 0%/Larvicide 0%,0;0.4;0.4_0;0;0_0;0;0_-100;2;5475_-100;2;5475_-100;2;5475,11.627397260274,Prevalence,9.92972612185496e-08
NbyGQVwzFc_loc12_loop6,12,ITN 0%/IRS 0%/Larvicide 0%,0;0.4;0.4_0;0;0_0;0;0_-100;2;5475_-100;2;5475_-100;2;5475,11.6301369863014,Prevalence,9.91440035649864e-08
NbyGQVwzFc_loc12_loop6,12,ITN 0%/IRS 0%/Larvicide 0%,0;0.4;0.4_0;0;0_0;0;0_-100;2;5475_-100;2;5475_-100;2;5475,11.6328767123288,Prevalence,9.89910346919889e-08
NbyGQVwzFc_loc12_loop6,12,ITN 0%/IRS 0%/Larvicide 0%,0;0.4;0.4_0;0;0_0;0;0_-100;2;5475_-100;2;5475_-100;2;5475,11.6356164383562,Prevalence,9.88383539617029e-08
NbyGQVwzFc_loc12_loop6,12,ITN 0%/IRS 0%/Larvicide 0%,0;0.4;0.4_0;0;0_0;0;0_-100;2;5475_-100;2;5475_-100;2;5475,11.6383561643836,Prevalence,9.86859607379487e-08
NbyGQVwzFc_loc12_loop6,12,ITN 0%/IRS 0%/Larvicide 0%,0;0.4;0.4_0;0;0_0;0;0_-100;2;5475_-100;2;5475_-100;2;5475,11.641095890411,Prevalence,9.85338543862166e-08
NbyGQVwzFc_loc12_loop6,12,ITN 0%/IRS 0%/Larvicide 0%,0;0.4;0.4_0;0;0_0;0;0_-100;2;5475_-100;2;5475_-100;2;5475,11.6438356164384,Prevalence,9.838203427366e-08
NbyGQVwzFc_loc12_loop6,12,ITN 0%/IRS 0%/Larvicide 0%,0;0.4;0.4_0;0;0_0;0;0_-100;2;5475_-100;2;5475_-100;2;5475,11.6465753424658,Prevalence,9.8230499769091e-08
NbyGQVwzFc_loc12_loop6,12,ITN 0%/IRS 0%/Larvicide 0%,0;0.4;0.4_0;0;0_0;0;0_-100;2;5475_-100;2;5475_-100;2;5475,11.6493150684932,Prevalence,9.80792502429746e-08
NbyGQVwzFc_loc12_loop6,12,ITN 0%/IRS 0%/Larvicide 0%,0;0.4;0.4_0;0;0_0;0;0_-100;2;5475_-100;2;5475_-100;2;5475,11.6520547945205,Prevalence,9.79282850674234e-08
NbyGQVwzFc_loc12_loop6,12,ITN 0%/IRS 0%/Larvicide 0%,0;0.4;0.4_0;0;0_0;0;0_-100;2;5475_-100;2;5475_-100;2;5475,11.6547945205479,Prevalence,9.77776036161921e-08
NbyGQVwzFc_loc12_loop6,12,ITN 0%/IRS 0%/Larvicide 0%,0;0.4;0.4_0;0;0_0;0;0_-100;2;5475_-100;2;5475_-100;2;5475,11.6575342465753,Prevalence,9.76272052646722e-08
NbyGQVwzFc_loc12_loop6,12,ITN 0%/IRS 0%/Larvicide 0%,0;0.4;0.4_0;0;0_0;0;0_-100;2;5475_-100;2;5475_-100;2;5475,11.6602739726027,Prevalence,9.74770893898864e-08
NbyGQVwzFc_loc12_loop6,12,ITN 0%/IRS 0%/Larvicide 0%,0;0.4;0.4_0;0;0_0;0;0_-100;2;5475_-100;2;5475_-100;2;5475,11.6630136986301,Prevalence,9.73272553704838e-08
NbyGQVwzFc_loc12_loop6,12,ITN 0%/IRS 0%/Larvicide 0%,0;0.4;0.4_0;0;0_0;0;0_-100;2;5475_-100;2;5475_-100;2;5475,11.6657534246575,Prevalence,9.71777025867344e-08
NbyGQVwzFc_loc12_loop6,12,ITN 0%/IRS 0%/Larvicide 0%,0;0.4;0.4_0;0;0_0;0;0_-100;2;5475_-100;2;5475_-100;2;5475,11.6684931506849,Prevalence,9.70284304205234e-08
NbyGQVwzFc_loc12_loop6,12,ITN 0%/IRS 0%/Larvicide 0%,0;0.4;0.4_0;0;0_0;0;0_-100;2;5475_-100;2;5475_-100;2;5475,11.6712328767123,Prevalence,9.68794382553464e-08
NbyGQVwzFc_loc12_loop6,12,ITN 0%/IRS 0%/Larvicide 0%,0;0.4;0.4_0;0;0_0;0;0_-100;2;5475_-100;2;5475_-100;2;5475,11.6739726027397,Prevalence,9.67307254763042e-08
NbyGQVwzFc_loc12_loop6,12,ITN 0%/IRS 0%/Larvicide 0%,0;0.4;0.4_0;0;0_0;0;0_-100;2;5475_-100;2;5475_-100;2;5475,11.6767123287671,Prevalence,9.65822914700974e-08
NbyGQVwzFc_loc12_loop6,12,ITN 0%/IRS 0%/Larvicide 0%,0;0.4;0.4_0;0;0_0;0;0_-100;2;5475_-100;2;5475_-100;2;5475,11.6794520547945,Prevalence,9.64341356250212e-08
NbyGQVwzFc_loc12_loop6,12,ITN 0%/IRS 0%/Larvicide 0%,0;0.4;0.4_0;0;0_0;0;0_-100;2;5475_-100;2;5475_-100;2;5475,11.6821917808219,Prevalence,9.62862573309603e-08
NbyGQVwzFc_loc12_loop6,12,ITN 0%/IRS 0%/Larvicide 0%,0;0.4;0.4_0;0;0_0;0;0_-100;2;5475_-100;2;5475_-100;2;5475,11.6849315068493,Prevalence,9.61386559793839e-08
NbyGQVwzFc_loc12_loop6,12,ITN 0%/IRS 0%/Larvicide 0%,0;0.4;0.4_0;0;0_0;0;0_-100;2;5475_-100;2;5475_-100;2;5475,11.6876712328767,Prevalence,9.59913309633399e-08
NbyGQVwzFc_loc12_loop6,12,ITN 0%/IRS 0%/Larvicide 0%,0;0.4;0.4_0;0;0_0;0;0_-100;2;5475_-100;2;5475_-100;2;5475,11.6904109589041,Prevalence,9.58442816774511e-08
NbyGQVwzFc_loc12_loop6,12,ITN 0%/IRS 0%/Larvicide 0%,0;0.4;0.4_0;0;0_0;0;0_-100;2;5475_-100;2;5475_-100;2;5475,11.6931506849315,Prevalence,9.56975075179089e-08
NbyGQVwzFc_loc12_loop6,12,ITN 0%/IRS 0%/Larvicide 0%,0;0.4;0.4_0;0;0_0;0;0_-100;2;5475_-100;2;5475_-100;2;5475,11.6958904109589,Prevalence,9.55510078824686e-08
NbyGQVwzFc_loc12_loop6,12,ITN 0%/IRS 0%/Larvicide 0%,0;0.4;0.4_0;0;0_0;0;0_-100;2;5475_-100;2;5475_-100;2;5475,11.6986301369863,Prevalence,9.54047821704447e-08
NbyGQVwzFc_loc12_loop6,12,ITN 0%/IRS 0%/Larvicide 0%,0;0.4;0.4_0;0;0_0;0;0_-100;2;5475_-100;2;5475_-100;2;5475,11.7013698630137,Prevalence,9.52588297827056e-08
NbyGQVwzFc_loc12_loop6,12,ITN 0%/IRS 0%/Larvicide 0%,0;0.4;0.4_0;0;0_0;0;0_-100;2;5475_-100;2;5475_-100;2;5475,11.7041095890411,Prevalence,9.51131501216685e-08
NbyGQVwzFc_loc12_loop6,12,ITN 0%/IRS 0%/Larvicide 0%,0;0.4;0.4_0;0;0_0;0;0_-100;2;5475_-100;2;5475_-100;2;5475,11.7068493150685,Prevalence,9.49677425912945e-08
NbyGQVwzFc_loc12_loop6,12,ITN 0%/IRS 0%/Larvicide 0%,0;0.4;0.4_0;0;0_0;0;0_-100;2;5475_-100;2;5475_-100;2;5475,11.7095890410959,Prevalence,9.48226065970841e-08
NbyGQVwzFc_loc12_loop6,12,ITN 0%/IRS 0%/Larvicide 0%,0;0.4;0.4_0;0;0_0;0;0_-100;2;5475_-100;2;5475_-100;2;5475,11.7123287671233,Prevalence,9.46777415460711e-08
NbyGQVwzFc_loc12_loop6,12,ITN 0%/IRS 0%/Larvicide 0%,0;0.4;0.4_0;0;0_0;0;0_-100;2;5475_-100;2;5475_-100;2;5475,11.7150684931507,Prevalence,9.45331468468196e-08
NbyGQVwzFc_loc12_loop6,12,ITN 0%/IRS 0%/Larvicide 0%,0;0.4;0.4_0;0;0_0;0;0_-100;2;5475_-100;2;5475_-100;2;5475,11.7178082191781,Prevalence,9.43888219094168e-08
NbyGQVwzFc_loc12_loop6,12,ITN 0%/IRS 0%/Larvicide 0%,0;0.4;0.4_0;0;0_0;0;0_-100;2;5475_-100;2;5475_-100;2;5475,11.7205479452055,Prevalence,9.424476614547e-08
NbyGQVwzFc_loc12_loop6,12,ITN 0%/IRS 0%/Larvicide 0%,0;0.4;0.4_0;0;0_0;0;0_-100;2;5475_-100;2;5475_-100;2;5475,11.7232876712329,Prevalence,9.41009789681007e-08
NbyGQVwzFc_loc12_loop6,12,ITN 0%/IRS 0%/Larvicide 0%,0;0.4;0.4_0;0;0_0;0;0_-100;2;5475_-100;2;5475_-100;2;5475,11.7260273972603,Prevalence,9.39574597919404e-08
NbyGQVwzFc_loc12_loop6,12,ITN 0%/IRS 0%/Larvicide 0%,0;0.4;0.4_0;0;0_0;0;0_-100;2;5475_-100;2;5475_-100;2;5475,11.7287671232877,Prevalence,9.38142080331251e-08
NbyGQVwzFc_loc12_loop6,12,ITN 0%/IRS 0%/Larvicide 0%,0;0.4;0.4_0;0;0_0;0;0_-100;2;5475_-100;2;5475_-100;2;5475,11.7315068493151,Prevalence,9.36712231092911e-08
NbyGQVwzFc_loc12_loop6,12,ITN 0%/IRS 0%/Larvicide 0%,0;0.4;0.4_0;0;0_0;0;0_-100;2;5475_-100;2;5475_-100;2;5475,11.7342465753425,Prevalence,9.352850443957e-08
NbyGQVwzFc_loc12_loop6,12,ITN 0%/IRS 0%/Larvicide 0%,0;0.4;0.4_0;0;0_0;0;0_-100;2;5475_-100;2;5475_-100;2;5475,11.7369863013699,Prevalence,9.3386051444584e-08
NbyGQVwzFc_loc12_loop6,12,ITN 0%/IRS 0%/Larvicide 0%,0;0.4;0.4_0;0;0_0;0;0_-100;2;5475_-100;2;5475_-100;2;5475,11.7397260273973,Prevalence,9.3243863546441e-08
NbyGQVwzFc_loc12_loop6,12,ITN 0%/IRS 0%/Larvicide 0%,0;0.4;0.4_0;0;0_0;0;0_-100;2;5475_-100;2;5475_-100;2;5475,11.7424657534247,Prevalence,9.31019401687301e-08
NbyGQVwzFc_loc12_loop6,12,ITN 0%/IRS 0%/Larvicide 0%,0;0.4;0.4_0;0;0_0;0;0_-100;2;5475_-100;2;5475_-100;2;5475,11.7452054794521,Prevalence,9.2960280736517e-08
NbyGQVwzFc_loc12_loop6,12,ITN 0%/IRS 0%/Larvicide 0%,0;0.4;0.4_0;0;0_0;0;0_-100;2;5475_-100;2;5475_-100;2;5475,11.7479452054795,Prevalence,9.28188846763384e-08
NbyGQVwzFc_loc12_loop6,12,ITN 0%/IRS 0%/Larvicide 0%,0;0.4;0.4_0;0;0_0;0;0_-100;2;5475_-100;2;5475_-100;2;5475,11.7506849315069,Prevalence,9.26777514161991e-08
NbyGQVwzFc_loc12_loop6,12,ITN 0%/IRS 0%/Larvicide 0%,0;0.4;0.4_0;0;0_0;0;0_-100;2;5475_-100;2;5475_-100;2;5475,11.7534246575342,Prevalence,9.25368803855653e-08
NbyGQVwzFc_loc12_loop6,12,ITN 0%/IRS 0%/Larvicide 0%,0;0.4;0.4_0;0;0_0;0;0_-100;2;5475_-100;2;5475_-100;2;5475,11.7561643835616,Prevalence,9.23962710153618e-08
NbyGQVwzFc_loc12_loop6,12,ITN 0%/IRS 0%/Larvicide 0%,0;0.4;0.4_0;0;0_0;0;0_-100;2;5475_-100;2;5475_-100;2;5475,11.758904109589,Prevalence,9.22559227379662e-08
NbyGQVwzFc_loc12_loop6,12,ITN 0%/IRS 0%/Larvicide 0%,0;0.4;0.4_0;0;0_0;0;0_-100;2;5475_-100;2;5475_-100;2;5475,11.7616438356164,Prevalence,9.21158349872049e-08
NbyGQVwzFc_loc12_loop6,12,ITN 0%/IRS 0%/Larvicide 0%,0;0.4;0.4_0;0;0_0;0;0_-100;2;5475_-100;2;5475_-100;2;5475,11.7643835616438,Prevalence,9.19760071983483e-08
NbyGQVwzFc_loc12_loop6,12,ITN 0%/IRS 0%/Larvicide 0%,0;0.4;0.4_0;0;0_0;0;0_-100;2;5475_-100;2;5475_-100;2;5475,11.7671232876712,Prevalence,9.18364388081063e-08
NbyGQVwzFc_loc12_loop6,12,ITN 0%/IRS 0%/Larvicide 0%,0;0.4;0.4_0;0;0_0;0;0_-100;2;5475_-100;2;5475_-100;2;5475,11.7698630136986,Prevalence,9.16971292546238e-08
NbyGQVwzFc_loc12_loop6,12,ITN 0%/IRS 0%/Larvicide 0%,0;0.4;0.4_0;0;0_0;0;0_-100;2;5475_-100;2;5475_-100;2;5475,11.772602739726,Prevalence,9.1558077977476e-08
NbyGQVwzFc_loc12_loop6,12,ITN 0%/IRS 0%/Larvicide 0%,0;0.4;0.4_0;0;0_0;0;0_-100;2;5475_-100;2;5475_-100;2;5475,11.7753424657534,Prevalence,9.14192844176645e-08
NbyGQVwzFc_loc12_loop6,12,ITN 0%/IRS 0%/Larvicide 0%,0;0.4;0.4_0;0;0_0;0;0_-100;2;5475_-100;2;5475_-100;2;5475,11.7780821917808,Prevalence,9.12807480176123e-08
NbyGQVwzFc_loc12_loop6,12,ITN 0%/IRS 0%/Larvicide 0%,0;0.4;0.4_0;0;0_0;0;0_-100;2;5475_-100;2;5475_-100;2;5475,11.7808219178082,Prevalence,9.11424682211601e-08
NbyGQVwzFc_loc12_loop6,12,ITN 0%/IRS 0%/Larvicide 0%,0;0.4;0.4_0;0;0_0;0;0_-100;2;5475_-100;2;5475_-100;2;5475,11.7835616438356,Prevalence,9.10044444735602e-08
NbyGQVwzFc_loc12_loop6,12,ITN 0%/IRS 0%/Larvicide 0%,0;0.4;0.4_0;0;0_0;0;0_-100;2;5475_-100;2;5475_-100;2;5475,11.786301369863,Prevalence,9.08666762214738e-08
NbyGQVwzFc_loc12_loop6,12,ITN 0%/IRS 0%/Larvicide 0%,0;0.4;0.4_0;0;0_0;0;0_-100;2;5475_-100;2;5475_-100;2;5475,11.7890410958904,Prevalence,9.07291629129655e-08
NbyGQVwzFc_loc12_loop6,12,ITN 0%/IRS 0%/Larvicide 0%,0;0.4;0.4_0;0;0_0;0;0_-100;2;5475_-100;2;5475_-100;2;5475,11.7917808219178,Prevalence,9.05919039974999e-08
NbyGQVwzFc_loc12_loop6,12,ITN 0%/IRS 0%/Larvicide 0%,0;0.4;0.4_0;0;0_0;0;0_-100;2;5475_-100;2;5475_-100;2;5475,11.7945205479452,Prevalence,9.04548989259357e-08
NbyGQVwzFc_loc12_loop6,12,ITN 0%/IRS 0%/Larvicide 0%,0;0.4;0.4_0;0;0_0;0;0_-100;2;5475_-100;2;5475_-100;2;5475,11.7972602739726,Prevalence,9.03181471505233e-08
NbyGQVwzFc_loc12_loop6,12,ITN 0%/IRS 0%/Larvicide 0%,0;0.4;0.4_0;0;0_0;0;0_-100;2;5475_-100;2;5475_-100;2;5475,11.8,Prevalence,9.01816481248986e-08
NbyGQVwzFc_loc12_loop6,12,ITN 0%/IRS 0%/Larvicide 0%,0;0.4;0.4_0;0;0_0;0;0_-100;2;5475_-100;2;5475_-100;2;5475,11.8027397260274,Prevalence,9.004540130408e-08
NbyGQVwzFc_loc12_loop6,12,ITN 0%/IRS 0%/Larvicide 0%,0;0.4;0.4_0;0;0_0;0;0_-100;2;5475_-100;2;5475_-100;2;5475,11.8054794520548,Prevalence,8.99094061444633e-08
NbyGQVwzFc_loc12_loop6,12,ITN 0%/IRS 0%/Larvicide 0%,0;0.4;0.4_0;0;0_0;0;0_-100;2;5475_-100;2;5475_-100;2;5475,11.8082191780822,Prevalence,8.97736621038181e-08
NbyGQVwzFc_loc12_loop6,12,ITN 0%/IRS 0%/Larvicide 0%,0;0.4;0.4_0;0;0_0;0;0_-100;2;5475_-100;2;5475_-100;2;5475,11.8109589041096,Prevalence,8.9638168641283e-08
NbyGQVwzFc_loc12_loop6,12,ITN 0%/IRS 0%/Larvicide 0%,0;0.4;0.4_0;0;0_0;0;0_-100;2;5475_-100;2;5475_-100;2;5475,11.813698630137,Prevalence,8.95029252173617e-08
NbyGQVwzFc_loc12_loop6,12,ITN 0%/IRS 0%/Larvicide 0%,0;0.4;0.4_0;0;0_0;0;0_-100;2;5475_-100;2;5475_-100;2;5475,11.8164383561644,Prevalence,8.93679312939183e-08
NbyGQVwzFc_loc12_loop6,12,ITN 0%/IRS 0%/Larvicide 0%,0;0.4;0.4_0;0;0_0;0;0_-100;2;5475_-100;2;5475_-100;2;5475,11.8191780821918,Prevalence,8.92331863341738e-08
NbyGQVwzFc_loc12_loop6,12,ITN 0%/IRS 0%/Larvicide 0%,0;0.4;0.4_0;0;0_0;0;0_-100;2;5475_-100;2;5475_-100;2;5475,11.8219178082192,Prevalence,8.90986898027011e-08
NbyGQVwzFc_loc12_loop6,12,ITN 0%/IRS 0%/Larvicide 0%,0;0.4;0.4_0;0;0_0;0;0_-100;2;5475_-100;2;5475_-100;2;5475,11.8246575342466,Prevalence,8.89644411654215e-08
NbyGQVwzFc_loc12_loop6,12,ITN 0%/IRS 0%/Larvicide 0%,0;0.4;0.4_0;0;0_0;0;0_-100;2;5475_-100;2;5475_-100;2;5475,11.827397260274,Prevalence,8.88304398896003e-08
NbyGQVwzFc_loc12_loop6,12,ITN 0%/IRS 0%/Larvicide 0%,0;0.4;0.4_0;0;0_0;0;0_-100;2;5475_-100;2;5475_-100;2;5475,11.8301369863014,Prevalence,8.86966854438423e-08
NbyGQVwzFc_loc12_loop6,12,ITN 0%/IRS 0%/Larvicide 0%,0;0.4;0.4_0;0;0_0;0;0_-100;2;5475_-100;2;5475_-100;2;5475,11.8328767123288,Prevalence,8.85631772980885e-08
NbyGQVwzFc_loc12_loop6,12,ITN 0%/IRS 0%/Larvicide 0%,0;0.4;0.4_0;0;0_0;0;0_-100;2;5475_-100;2;5475_-100;2;5475,11.8356164383562,Prevalence,8.84299149236108e-08
NbyGQVwzFc_loc12_loop6,12,ITN 0%/IRS 0%/Larvicide 0%,0;0.4;0.4_0;0;0_0;0;0_-100;2;5475_-100;2;5475_-100;2;5475,11.8383561643836,Prevalence,8.82968977930094e-08
NbyGQVwzFc_loc12_loop6,12,ITN 0%/IRS 0%/Larvicide 0%,0;0.4;0.4_0;0;0_0;0;0_-100;2;5475_-100;2;5475_-100;2;5475,11.841095890411,Prevalence,8.81641253802069e-08
NbyGQVwzFc_loc12_loop6,12,ITN 0%/IRS 0%/Larvicide 0%,0;0.4;0.4_0;0;0_0;0;0_-100;2;5475_-100;2;5475_-100;2;5475,11.8438356164384,Prevalence,8.80315971604463e-08
NbyGQVwzFc_loc12_loop6,12,ITN 0%/IRS 0%/Larvicide 0%,0;0.4;0.4_0;0;0_0;0;0_-100;2;5475_-100;2;5475_-100;2;5475,11.8465753424658,Prevalence,8.7899312610285e-08
NbyGQVwzFc_loc12_loop6,12,ITN 0%/IRS 0%/Larvicide 0%,0;0.4;0.4_0;0;0_0;0;0_-100;2;5475_-100;2;5475_-100;2;5475,11.8493150684932,Prevalence,8.77672712075922e-08
NbyGQVwzFc_loc12_loop6,12,ITN 0%/IRS 0%/Larvicide 0%,0;0.4;0.4_0;0;0_0;0;0_-100;2;5475_-100;2;5475_-100;2;5475,11.8520547945205,Prevalence,8.76354724315439e-08
NbyGQVwzFc_loc12_loop6,12,ITN 0%/IRS 0%/Larvicide 0%,0;0.4;0.4_0;0;0_0;0;0_-100;2;5475_-100;2;5475_-100;2;5475,11.8547945205479,Prevalence,8.75039157626197e-08
NbyGQVwzFc_loc12_loop6,12,ITN 0%/IRS 0%/Larvicide 0%,0;0.4;0.4_0;0;0_0;0;0_-100;2;5475_-100;2;5475_-100;2;5475,11.8575342465753,Prevalence,8.73726006825983e-08
NbyGQVwzFc_loc12_loop6,12,ITN 0%/IRS 0%/Larvicide 0%,0;0.4;0.4_0;0;0_0;0;0_-100;2;5475_-100;2;5475_-100;2;5475,11.8602739726027,Prevalence,8.72415266745538e-08
NbyGQVwzFc_loc12_loop6,12,ITN 0%/IRS 0%/Larvicide 0%,0;0.4;0.4_0;0;0_0;0;0_-100;2;5475_-100;2;5475_-100;2;5475,11.8630136986301,Prevalence,8.71106932228511e-08
NbyGQVwzFc_loc12_loop6,12,ITN 0%/IRS 0%/Larvicide 0%,0;0.4;0.4_0;0;0_0;0;0_-100;2;5475_-100;2;5475_-100;2;5475,11.8657534246575,Prevalence,8.69800998131432e-08
NbyGQVwzFc_loc12_loop6,12,ITN 0%/IRS 0%/Larvicide 0%,0;0.4;0.4_0;0;0_0;0;0_-100;2;5475_-100;2;5475_-100;2;5475,11.8684931506849,Prevalence,8.68497459323661e-08
NbyGQVwzFc_loc12_loop6,12,ITN 0%/IRS 0%/Larvicide 0%,0;0.4;0.4_0;0;0_0;0;0_-100;2;5475_-100;2;5475_-100;2;5475,11.8712328767123,Prevalence,8.67196310687355e-08
NbyGQVwzFc_loc12_loop6,12,ITN 0%/IRS 0%/Larvicide 0%,0;0.4;0.4_0;0;0_0;0;0_-100;2;5475_-100;2;5475_-100;2;5475,11.8739726027397,Prevalence,8.65897547117427e-08
NbyGQVwzFc_loc12_loop6,12,ITN 0%/IRS 0%/Larvicide 0%,0;0.4;0.4_0;0;0_0;0;0_-100;2;5475_-100;2;5475_-100;2;5475,11.8767123287671,Prevalence,8.64601163521507e-08
NbyGQVwzFc_loc12_loop6,12,ITN 0%/IRS 0%/Larvicide 0%,0;0.4;0.4_0;0;0_0;0;0_-100;2;5475_-100;2;5475_-100;2;5475,11.8794520547945,Prevalence,8.63307154819906e-08
NbyGQVwzFc_loc12_loop6,12,ITN 0%/IRS 0%/Larvicide 0%,0;0.4;0.4_0;0;0_0;0;0_-100;2;5475_-100;2;5475_-100;2;5475,11.8821917808219,Prevalence,8.62015515945573e-08
NbyGQVwzFc_loc12_loop6,12,ITN 0%/IRS 0%/Larvicide 0%,0;0.4;0.4_0;0;0_0;0;0_-100;2;5475_-100;2;5475_-100;2;5475,11.8849315068493,Prevalence,8.60726241844063e-08
NbyGQVwzFc_loc12_loop6,12,ITN 0%/IRS 0%/Larvicide 0%,0;0.4;0.4_0;0;0_0;0;0_-100;2;5475_-100;2;5475_-100;2;5475,11.8876712328767,Prevalence,8.5943932747349e-08
NbyGQVwzFc_loc12_loop6,12,ITN 0%/IRS 0%/Larvicide 0%,0;0.4;0.4_0;0;0_0;0;0_-100;2;5475_-100;2;5475_-100;2;5475,11.8904109589041,Prevalence,8.58154767804501e-08
NbyGQVwzFc_loc12_loop6,12,ITN 0%/IRS 0%/Larvicide 0%,0;0.4;0.4_0;0;0_0;0;0_-100;2;5475_-100;2;5475_-100;2;5475,11.8931506849315,Prevalence,8.56872557820224e-08
NbyGQVwzFc_loc12_loop6,12,ITN 0%/IRS 0%/Larvicide 0%,0;0.4;0.4_0;0;0_0;0;0_-100;2;5475_-100;2;5475_-100;2;5475,11.8958904109589,Prevalence,8.55592692516241e-08
NbyGQVwzFc_loc12_loop6,12,ITN 0%/IRS 0%/Larvicide 0%,0;0.4;0.4_0;0;0_0;0;0_-100;2;5475_-100;2;5475_-100;2;5475,11.8986301369863,Prevalence,8.54315166900547e-08
NbyGQVwzFc_loc12_loop6,12,ITN 0%/IRS 0%/Larvicide 0%,0;0.4;0.4_0;0;0_0;0;0_-100;2;5475_-100;2;5475_-100;2;5475,11.9013698630137,Prevalence,8.53039975993512e-08
NbyGQVwzFc_loc12_loop6,12,ITN 0%/IRS 0%/Larvicide 0%,0;0.4;0.4_0;0;0_0;0;0_-100;2;5475_-100;2;5475_-100;2;5475,11.9041095890411,Prevalence,8.51767114827844e-08
NbyGQVwzFc_loc12_loop6,12,ITN 0%/IRS 0%/Larvicide 0%,0;0.4;0.4_0;0;0_0;0;0_-100;2;5475_-100;2;5475_-100;2;5475,11.9068493150685,Prevalence,8.50496578448549e-08
NbyGQVwzFc_loc12_loop6,12,ITN 0%/IRS 0%/Larvicide 0%,0;0.4;0.4_0;0;0_0;0;0_-100;2;5475_-100;2;5475_-100;2;5475,11.9095890410959,Prevalence,8.49228361912904e-08
NbyGQVwzFc_loc12_loop6,12,ITN 0%/IRS 0%/Larvicide 0%,0;0.4;0.4_0;0;0_0;0;0_-100;2;5475_-100;2;5475_-100;2;5475,11.9123287671233,Prevalence,8.47962460290404e-08
NbyGQVwzFc_loc12_loop6,12,ITN 0%/IRS 0%/Larvicide 0%,0;0.4;0.4_0;0;0_0;0;0_-100;2;5475_-100;2;5475_-100;2;5475,11.9150684931507,Prevalence,8.46698868662742e-08
NbyGQVwzFc_loc12_loop6,12,ITN 0%/IRS 0%/Larvicide 0%,0;0.4;0.4_0;0;0_0;0;0_-100;2;5475_-100;2;5475_-100;2;5475,11.9178082191781,Prevalence,8.4543758212376e-08
NbyGQVwzFc_loc12_loop6,12,ITN 0%/IRS 0%/Larvicide 0%,0;0.4;0.4_0;0;0_0;0;0_-100;2;5475_-100;2;5475_-100;2;5475,11.9205479452055,Prevalence,8.44178595779419e-08
NbyGQVwzFc_loc12_loop6,12,ITN 0%/IRS 0%/Larvicide 0%,0;0.4;0.4_0;0;0_0;0;0_-100;2;5475_-100;2;5475_-100;2;5475,11.9232876712329,Prevalence,8.42921904747761e-08
NbyGQVwzFc_loc12_loop6,12,ITN 0%/IRS 0%/Larvicide 0%,0;0.4;0.4_0;0;0_0;0;0_-100;2;5475_-100;2;5475_-100;2;5475,11.9260273972603,Prevalence,8.41667504158871e-08
NbyGQVwzFc_loc12_loop6,12,ITN 0%/IRS 0%/Larvicide 0%,0;0.4;0.4_0;0;0_0;0;0_-100;2;5475_-100;2;5475_-100;2;5475,11.9287671232877,Prevalence,8.40415389154846e-08
NbyGQVwzFc_loc12_loop6,12,ITN 0%/IRS 0%/Larvicide 0%,0;0.4;0.4_0;0;0_0;0;0_-100;2;5475_-100;2;5475_-100;2;5475,11.9315068493151,Prevalence,8.39165554889752e-08
NbyGQVwzFc_loc12_loop6,12,ITN 0%/IRS 0%/Larvicide 0%,0;0.4;0.4_0;0;0_0;0;0_-100;2;5475_-100;2;5475_-100;2;5475,11.9342465753425,Prevalence,8.37917996529595e-08
NbyGQVwzFc_loc12_loop6,12,ITN 0%/IRS 0%/Larvicide 0%,0;0.4;0.4_0;0;0_0;0;0_-100;2;5475_-100;2;5475_-100;2;5475,11.9369863013699,Prevalence,8.36672709252281e-08
NbyGQVwzFc_loc12_loop6,12,ITN 0%/IRS 0%/Larvicide 0%,0;0.4;0.4_0;0;0_0;0;0_-100;2;5475_-100;2;5475_-100;2;5475,11.9397260273973,Prevalence,8.35429688247581e-08
NbyGQVwzFc_loc12_loop6,12,ITN 0%/IRS 0%/Larvicide 0%,0;0.4;0.4_0;0;0_0;0;0_-100;2;5475_-100;2;5475_-100;2;5475,11.9424657534247,Prevalence,8.34188928717104e-08
NbyGQVwzFc_loc12_loop6,12,ITN 0%/IRS 0%/Larvicide 0%,0;0.4;0.4_0;0;0_0;0;0_-100;2;5475_-100;2;5475_-100;2;5475,11.9452054794521,Prevalence,8.32950425874251e-08
NbyGQVwzFc_loc12_loop6,12,ITN 0%/IRS 0%/Larvicide 0%,0;0.4;0.4_0;0;0_0;0;0_-100;2;5475_-100;2;5475_-100;2;5475,11.9479452054795,Prevalence,8.3171417494418e-08
NbyGQVwzFc_loc12_loop6,12,ITN 0%/IRS 0%/Larvicide 0%,0;0.4;0.4_0;0;0_0;0;0_-100;2;5475_-100;2;5475_-100;2;5475,11.9506849315069,Prevalence,8.30480171163777e-08
NbyGQVwzFc_loc12_loop6,12,ITN 0%/IRS 0%/Larvicide 0%,0;0.4;0.4_0;0;0_0;0;0_-100;2;5475_-100;2;5475_-100;2;5475,11.9534246575342,Prevalence,8.2924840978162e-08
NbyGQVwzFc_loc12_loop6,12,ITN 0%/IRS 0%/Larvicide 0%,0;0.4;0.4_0;0;0_0;0;0_-100;2;5475_-100;2;5475_-100;2;5475,11.9561643835616,Prevalence,8.28018886057936e-08
NbyGQVwzFc_loc12_loop6,12,ITN 0%/IRS 0%/Larvicide 0%,0;0.4;0.4_0;0;0_0;0;0_-100;2;5475_-100;2;5475_-100;2;5475,11.958904109589,Prevalence,8.2679159526458e-08
NbyGQVwzFc_loc12_loop6,12,ITN 0%/IRS 0%/Larvicide 0%,0;0.4;0.4_0;0;0_0;0;0_-100;2;5475_-100;2;5475_-100;2;5475,11.9616438356164,Prevalence,8.25566532684991e-08
NbyGQVwzFc_loc12_loop6,12,ITN 0%/IRS 0%/Larvicide 0%,0;0.4;0.4_0;0;0_0;0;0_-100;2;5475_-100;2;5475_-100;2;5475,11.9643835616438,Prevalence,8.24343693614161e-08
NbyGQVwzFc_loc12_loop6,12,ITN 0%/IRS 0%/Larvicide 0%,0;0.4;0.4_0;0;0_0;0;0_-100;2;5475_-100;2;5475_-100;2;5475,11.9671232876712,Prevalence,8.23123073358597e-08
NbyGQVwzFc_loc12_loop6,12,ITN 0%/IRS 0%/Larvicide 0%,0;0.4;0.4_0;0;0_0;0;0_-100;2;5475_-100;2;5475_-100;2;5475,11.9698630136986,Prevalence,8.21904667236296e-08
NbyGQVwzFc_loc12_loop6,12,ITN 0%/IRS 0%/Larvicide 0%,0;0.4;0.4_0;0;0_0;0;0_-100;2;5475_-100;2;5475_-100;2;5475,11.972602739726,Prevalence,8.206884705767e-08
NbyGQVwzFc_loc12_loop6,12,ITN 0%/IRS 0%/Larvicide 0%,0;0.4;0.4_0;0;0_0;0;0_-100;2;5475_-100;2;5475_-100;2;5475,11.9753424657534,Prevalence,8.19474478720669e-08
NbyGQVwzFc_loc12_loop6,12,ITN 0%/IRS 0%/Larvicide 0%,0;0.4;0.4_0;0;0_0;0;0_-100;2;5475_-100;2;5475_-100;2;5475,11.9780821917808,Prevalence,8.18262687020448e-08
NbyGQVwzFc_loc12_loop6,12,ITN 0%/IRS 0%/Larvicide 0%,0;0.4;0.4_0;0;0_0;0;0_-100;2;5475_-100;2;5475_-100;2;5475,11.9808219178082,Prevalence,8.17053090839629e-08
NbyGQVwzFc_loc12_loop6,12,ITN 0%/IRS 0%/Larvicide 0%,0;0.4;0.4_0;0;0_0;0;0_-100;2;5475_-100;2;5475_-100;2;5475,11.9835616438356,Prevalence,8.15845685553119e-08
NbyGQVwzFc_loc12_loop6,12,ITN 0%/IRS 0%/Larvicide 0%,0;0.4;0.4_0;0;0_0;0;0_-100;2;5475_-100;2;5475_-100;2;5475,11.986301369863,Prevalence,8.1464046654711e-08
NbyGQVwzFc_loc12_loop6,12,ITN 0%/IRS 0%/Larvicide 0%,0;0.4;0.4_0;0;0_0;0;0_-100;2;5475_-100;2;5475_-100;2;5475,11.9890410958904,Prevalence,8.13437429219041e-08
NbyGQVwzFc_loc12_loop6,12,ITN 0%/IRS 0%/Larvicide 0%,0;0.4;0.4_0;0;0_0;0;0_-100;2;5475_-100;2;5475_-100;2;5475,11.9917808219178,Prevalence,8.12236568977572e-08
NbyGQVwzFc_loc12_loop6,12,ITN 0%/IRS 0%/Larvicide 0%,0;0.4;0.4_0;0;0_0;0;0_-100;2;5475_-100;2;5475_-100;2;5475,11.9945205479452,Prevalence,8.11037881242539e-08
NbyGQVwzFc_loc12_loop6,12,ITN 0%/IRS 0%/Larvicide 0%,0;0.4;0.4_0;0;0_0;0;0_-100;2;5475_-100;2;5475_-100;2;5475,11.9972602739726,Prevalence,8.09841361444934e-08
NbyGQVwzFc_loc12_loop6,12,ITN 0%/IRS 0%/Larvicide 0%,0;0.4;0.4_0;0;0_0;0;0_-100;2;5475_-100;2;5475_-100;2;5475,12,Prevalence,8.08647005026866e-08
NbyGQVwzFc_loc12_loop6,12,ITN 0%/IRS 0%/Larvicide 0%,0;0.4;0.4_0;0;0_0;0;0_-100;2;5475_-100;2;5475_-100;2;5475,12.0027397260274,Prevalence,8.07454807441529e-08
NbyGQVwzFc_loc12_loop6,12,ITN 0%/IRS 0%/Larvicide 0%,0;0.4;0.4_0;0;0_0;0;0_-100;2;5475_-100;2;5475_-100;2;5475,12.0054794520548,Prevalence,8.06264764153059e-08
NbyGQVwzFc_loc12_loop6,12,ITN 0%/IRS 0%/Larvicide 0%,0;0.4;0.4_0;0;0_0;0;0_-100;2;5475_-100;2;5475_-100;2;5475,12.0082191780822,Prevalence,8.050768706369e-08
NbyGQVwzFc_loc12_loop6,12,ITN 0%/IRS 0%/Larvicide 0%,0;0.4;0.4_0;0;0_0;0;0_-100;2;5475_-100;2;5475_-100;2;5475,12.0109589041096,Prevalence,8.03891122379228e-08
NbyGQVwzFc_loc12_loop6,12,ITN 0%/IRS 0%/Larvicide 0%,0;0.4;0.4_0;0;0_0;0;0_-100;2;5475_-100;2;5475_-100;2;5475,12.013698630137,Prevalence,8.02707514877358e-08
NbyGQVwzFc_loc12_loop6,12,ITN 0%/IRS 0%/Larvicide 0%,0;0.4;0.4_0;0;0_0;0;0_-100;2;5475_-100;2;5475_-100;2;5475,12.0164383561644,Prevalence,8.01526043639321e-08
NbyGQVwzFc_loc12_loop6,12,ITN 0%/IRS 0%/Larvicide 0%,0;0.4;0.4_0;0;0_0;0;0_-100;2;5475_-100;2;5475_-100;2;5475,12.0191780821918,Prevalence,8.00346704183981e-08
NbyGQVwzFc_loc12_loop6,12,ITN 0%/IRS 0%/Larvicide 0%,0;0.4;0.4_0;0;0_0;0;0_-100;2;5475_-100;2;5475_-100;2;5475,12.0219178082192,Prevalence,7.99169492041446e-08
NbyGQVwzFc_loc12_loop6,12,ITN 0%/IRS 0%/Larvicide 0%,0;0.4;0.4_0;0;0_0;0;0_-100;2;5475_-100;2;5475_-100;2;5475,12.0246575342466,Prevalence,7.97994402752398e-08
NbyGQVwzFc_loc12_loop6,12,ITN 0%/IRS 0%/Larvicide 0%,0;0.4;0.4_0;0;0_0;0;0_-100;2;5475_-100;2;5475_-100;2;5475,12.027397260274,Prevalence,7.96821431868061e-08
NbyGQVwzFc_loc12_loop6,12,ITN 0%/IRS 0%/Larvicide 0%,0;0.4;0.4_0;0;0_0;0;0_-100;2;5475_-100;2;5475_-100;2;5475,12.0301369863014,Prevalence,7.95650574950911e-08
NbyGQVwzFc_loc12_loop6,12,ITN 0%/IRS 0%/Larvicide 0%,0;0.4;0.4_0;0;0_0;0;0_-100;2;5475_-100;2;5475_-100;2;5475,12.0328767123288,Prevalence,7.94485726702475e-08
NbyGQVwzFc_loc12_loop6,12,ITN 0%/IRS 0%/Larvicide 0%,0;0.4;0.4_0;0;0_0;0;0_-100;2;5475_-100;2;5475_-100;2;5475,12.0356164383562,Prevalence,7.93396935907278e-08
NbyGQVwzFc_loc12_loop6,12,ITN 0%/IRS 0%/Larvicide 0%,0;0.4;0.4_0;0;0_0;0;0_-100;2;5475_-100;2;5475_-100;2;5475,12.0383561643836,Prevalence,7.92292608660619e-08
NbyGQVwzFc_loc12_loop6,12,ITN 0%/IRS 0%/Larvicide 0%,0;0.4;0.4_0;0;0_0;0;0_-100;2;5475_-100;2;5475_-100;2;5475,12.041095890411,Prevalence,7.90413809032843e-08
NbyGQVwzFc_loc12_loop6,12,ITN 0%/IRS 0%/Larvicide 0%,0;0.4;0.4_0;0;0_0;0;0_-100;2;5475_-100;2;5475_-100;2;5475,12.0438356164384,Prevalence,7.88557139827136e-08
NbyGQVwzFc_loc12_loop6,12,ITN 0%/IRS 0%/Larvicide 0%,0;0.4;0.4_0;0;0_0;0;0_-100;2;5475_-100;2;5475_-100;2;5475,12.0465753424658,Prevalence,7.86723382709737e-08
NbyGQVwzFc_loc12_loop6,12,ITN 0%/IRS 0%/Larvicide 0%,0;0.4;0.4_0;0;0_0;0;0_-100;2;5475_-100;2;5475_-100;2;5475,12.0493150684932,Prevalence,7.84908975718353e-08
NbyGQVwzFc_loc12_loop6,12,ITN 0%/IRS 0%/Larvicide 0%,0;0.4;0.4_0;0;0_0;0;0_-100;2;5475_-100;2;5475_-100;2;5475,12.0520547945205,Prevalence,7.83111063610464e-08
NbyGQVwzFc_loc12_loop6,12,ITN 0%/IRS 0%/Larvicide 0%,0;0.4;0.4_0;0;0_0;0;0_-100;2;5475_-100;2;5475_-100;2;5475,12.0547945205479,Prevalence,7.81327365222004e-08
NbyGQVwzFc_loc12_loop6,12,ITN 0%/IRS 0%/Larvicide 0%,0;0.4;0.4_0;0;0_0;0;0_-100;2;5475_-100;2;5475_-100;2;5475,12.0575342465753,Prevalence,7.79555787173072e-08
NbyGQVwzFc_loc12_loop6,12,ITN 0%/IRS 0%/Larvicide 0%,0;0.4;0.4_0;0;0_0;0;0_-100;2;5475_-100;2;5475_-100;2;5475,12.0602739726027,Prevalence,7.77794587148897e-08
NbyGQVwzFc_loc12_loop6,12,ITN 0%/IRS 0%/Larvicide 0%,0;0.4;0.4_0;0;0_0;0;0_-100;2;5475_-100;2;5475_-100;2;5475,12.0630136986301,Prevalence,7.76037284457787e-08
NbyGQVwzFc_loc12_loop6,12,ITN 0%/IRS 0%/Larvicide 0%,0;0.4;0.4_0;0;0_0;0;0_-100;2;5475_-100;2;5475_-100;2;5475,12.0657534246575,Prevalence,7.74275174306324e-08
NbyGQVwzFc_loc12_loop6,12,ITN 0%/IRS 0%/Larvicide 0%,0;0.4;0.4_0;0;0_0;0;0_-100;2;5475_-100;2;5475_-100;2;5475,12.0684931506849,Prevalence,7.72508139596484e-08
NbyGQVwzFc_loc12_loop6,12,ITN 0%/IRS 0%/Larvicide 0%,0;0.4;0.4_0;0;0_0;0;0_-100;2;5475_-100;2;5475_-100;2;5475,12.0712328767123,Prevalence,7.70736311585305e-08
NbyGQVwzFc_loc12_loop6,12,ITN 0%/IRS 0%/Larvicide 0%,0;0.4;0.4_0;0;0_0;0;0_-100;2;5475_-100;2;5475_-100;2;5475,12.0739726027397,Prevalence,7.68959948391216e-08
NbyGQVwzFc_loc12_loop6,12,ITN 0%/IRS 0%/Larvicide 0%,0;0.4;0.4_0;0;0_0;0;0_-100;2;5475_-100;2;5475_-100;2;5475,12.0767123287671,Prevalence,7.67179402232209e-08
NbyGQVwzFc_loc12_loop6,12,ITN 0%/IRS 0%/Larvicide 0%,0;0.4;0.4_0;0;0_0;0;0_-100;2;5475_-100;2;5475_-100;2;5475,12.0794520547945,Prevalence,7.65395093326075e-08
NbyGQVwzFc_loc12_loop6,12,ITN 0%/IRS 0%/Larvicide 0%,0;0.4;0.4_0;0;0_0;0;0_-100;2;5475_-100;2;5475_-100;2;5475,12.0821917808219,Prevalence,7.63607489063147e-08
NbyGQVwzFc_loc12_loop6,12,ITN 0%/IRS 0%/Larvicide 0%,0;0.4;0.4_0;0;0_0;0;0_-100;2;5475_-100;2;5475_-100;2;5475,12.0849315068493,Prevalence,7.6181708737902e-08
NbyGQVwzFc_loc12_loop6,12,ITN 0%/IRS 0%/Larvicide 0%,0;0.4;0.4_0;0;0_0;0;0_-100;2;5475_-100;2;5475_-100;2;5475,12.0876712328767,Prevalence,7.60024401565988e-08
NbyGQVwzFc_loc12_loop6,12,ITN 0%/IRS 0%/Larvicide 0%,0;0.4;0.4_0;0;0_0;0;0_-100;2;5475_-100;2;5475_-100;2;5475,12.0904109589041,Prevalence,7.58230044852807e-08
NbyGQVwzFc_loc12_loop6,12,ITN 0%/IRS 0%/Larvicide 0%,0;0.4;0.4_0;0;0_0;0;0_-100;2;5475_-100;2;5475_-100;2;5475,12.0931506849315,Prevalence,7.56436629033626e-08
NbyGQVwzFc_loc12_loop6,12,ITN 0%/IRS 0%/Larvicide 0%,0;0.4;0.4_0;0;0_0;0;0_-100;2;5475_-100;2;5475_-100;2;5475,12.0958904109589,Prevalence,7.54640215030931e-08
NbyGQVwzFc_loc12_loop6,12,ITN 0%/IRS 0%/Larvicide 0%,0;0.4;0.4_0;0;0_0;0;0_-100;2;5475_-100;2;5475_-100;2;5475,12.0986301369863,Prevalence,7.52821376311535e-08
NbyGQVwzFc_loc12_loop6,12,ITN 0%/IRS 0%/Larvicide 0%,0;0.4;0.4_0;0;0_0;0;0_-100;2;5475_-100;2;5475_-100;2;5475,12.1013698630137,Prevalence,7.50981714256446e-08
NbyGQVwzFc_loc12_loop6,12,ITN 0%/IRS 0%/Larvicide 0%,0;0.4;0.4_0;0;0_0;0;0_-100;2;5475_-100;2;5475_-100;2;5475,12.1041095890411,Prevalence,7.49124833611347e-08
NbyGQVwzFc_loc12_loop6,12,ITN 0%/IRS 0%/Larvicide 0%,0;0.4;0.4_0;0;0_0;0;0_-100;2;5475_-100;2;5475_-100;2;5475,12.1068493150685,Prevalence,7.47253835526351e-08
NbyGQVwzFc_loc12_loop6,12,ITN 0%/IRS 0%/Larvicide 0%,0;0.4;0.4_0;0;0_0;0;0_-100;2;5475_-100;2;5475_-100;2;5475,12.1095890410959,Prevalence,7.4537139610014e-08
NbyGQVwzFc_loc12_loop6,12,ITN 0%/IRS 0%/Larvicide 0%,0;0.4;0.4_0;0;0_0;0;0_-100;2;5475_-100;2;5475_-100;2;5475,12.1123287671233,Prevalence,7.43479831687124e-08
NbyGQVwzFc_loc12_loop6,12,ITN 0%/IRS 0%/Larvicide 0%,0;0.4;0.4_0;0;0_0;0;0_-100;2;5475_-100;2;5475_-100;2;5475,12.1150684931507,Prevalence,7.41581153279391e-08
NbyGQVwzFc_loc12_loop6,12,ITN 0%/IRS 0%/Larvicide 0%,0;0.4;0.4_0;0;0_0;0;0_-100;2;5475_-100;2;5475_-100;2;5475,12.1178082191781,Prevalence,7.39677111911668e-08
NbyGQVwzFc_loc12_loop6,12,ITN 0%/IRS 0%/Larvicide 0%,0;0.4;0.4_0;0;0_0;0;0_-100;2;5475_-100;2;5475_-100;2;5475,12.1205479452055,Prevalence,7.37769236602646e-08
NbyGQVwzFc_loc12_loop6,12,ITN 0%/IRS 0%/Larvicide 0%,0;0.4;0.4_0;0;0_0;0;0_-100;2;5475_-100;2;5475_-100;2;5475,12.1232876712329,Prevalence,7.35858866303512e-08
NbyGQVwzFc_loc12_loop6,12,ITN 0%/IRS 0%/Larvicide 0%,0;0.4;0.4_0;0;0_0;0;0_-100;2;5475_-100;2;5475_-100;2;5475,12.1260273972603,Prevalence,7.33947178950146e-08
NbyGQVwzFc_loc12_loop6,12,ITN 0%/IRS 0%/Larvicide 0%,0;0.4;0.4_0;0;0_0;0;0_-100;2;5475_-100;2;5475_-100;2;5475,12.1287671232877,Prevalence,7.32035211832713e-08
NbyGQVwzFc_loc12_loop6,12,ITN 0%/IRS 0%/Larvicide 0%,0;0.4;0.4_0;0;0_0;0;0_-100;2;5475_-100;2;5475_-100;2;5475,12.1315068493151,Prevalence,7.30123856113891e-08
NbyGQVwzFc_loc12_loop6,12,ITN 0%/IRS 0%/Larvicide 0%,0;0.4;0.4_0;0;0_0;0;0_-100;2;5475_-100;2;5475_-100;2;5475,12.1342465753425,Prevalence,7.2821387580644e-08
NbyGQVwzFc_loc12_loop6,12,ITN 0%/IRS 0%/Larvicide 0%,0;0.4;0.4_0;0;0_0;0;0_-100;2;5475_-100;2;5475_-100;2;5475,12.1369863013699,Prevalence,7.26305944768299e-08
NbyGQVwzFc_loc12_loop6,12,ITN 0%/IRS 0%/Larvicide 0%,0;0.4;0.4_0;0;0_0;0;0_-100;2;5475_-100;2;5475_-100;2;5475,12.1397260273973,Prevalence,7.24400659169806e-08
NbyGQVwzFc_loc12_loop6,12,ITN 0%/IRS 0%/Larvicide 0%,0;0.4;0.4_0;0;0_0;0;0_-100;2;5475_-100;2;5475_-100;2;5475,12.1424657534247,Prevalence,7.22498547285639e-08
NbyGQVwzFc_loc12_loop6,12,ITN 0%/IRS 0%/Larvicide 0%,0;0.4;0.4_0;0;0_0;0;0_-100;2;5475_-100;2;5475_-100;2;5475,12.1452054794521,Prevalence,7.20600077834416e-08
NbyGQVwzFc_loc12_loop6,12,ITN 0%/IRS 0%/Larvicide 0%,0;0.4;0.4_0;0;0_0;0;0_-100;2;5475_-100;2;5475_-100;2;5475,12.1479452054795,Prevalence,7.18705667140698e-08
NbyGQVwzFc_loc12_loop6,12,ITN 0%/IRS 0%/Larvicide 0%,0;0.4;0.4_0;0;0_0;0;0_-100;2;5475_-100;2;5475_-100;2;5475,12.1506849315068,Prevalence,7.16815685202163e-08
NbyGQVwzFc_loc12_loop6,12,ITN 0%/IRS 0%/Larvicide 0%,0;0.4;0.4_0;0;0_0;0;0_-100;2;5475_-100;2;5475_-100;2;5475,12.1534246575342,Prevalence,7.14930460400522e-08
NbyGQVwzFc_loc12_loop6,12,ITN 0%/IRS 0%/Larvicide 0%,0;0.4;0.4_0;0;0_0;0;0_-100;2;5475_-100;2;5475_-100;2;5475,12.1561643835616,Prevalence,7.1305028194003e-08
NbyGQVwzFc_loc12_loop6,12,ITN 0%/IRS 0%/Larvicide 0%,0;0.4;0.4_0;0;0_0;0;0_-100;2;5475_-100;2;5475_-100;2;5475,12.158904109589,Prevalence,7.1117540343728e-08
NbyGQVwzFc_loc12_loop6,12,ITN 0%/IRS 0%/Larvicide 0%,0;0.4;0.4_0;0;0_0;0;0_-100;2;5475_-100;2;5475_-100;2;5475,12.1616438356164,Prevalence,7.09306047032584e-08
NbyGQVwzFc_loc12_loop6,12,ITN 0%/IRS 0%/Larvicide 0%,0;0.4;0.4_0;0;0_0;0;0_-100;2;5475_-100;2;5475_-100;2;5475,12.1643835616438,Prevalence,7.07442406998573e-08
NbyGQVwzFc_loc12_loop6,12,ITN 0%/IRS 0%/Larvicide 0%,0;0.4;0.4_0;0;0_0;0;0_-100;2;5475_-100;2;5475_-100;2;5475,12.1671232876712,Prevalence,7.05584652883678e-08
NbyGQVwzFc_loc12_loop6,12,ITN 0%/IRS 0%/Larvicide 0%,0;0.4;0.4_0;0;0_0;0;0_-100;2;5475_-100;2;5475_-100;2;5475,12.1698630136986,Prevalence,7.03732932288826e-08
NbyGQVwzFc_loc12_loop6,12,ITN 0%/IRS 0%/Larvicide 0%,0;0.4;0.4_0;0;0_0;0;0_-100;2;5475_-100;2;5475_-100;2;5475,12.172602739726,Prevalence,7.01887373311645e-08
NbyGQVwzFc_loc12_loop6,12,ITN 0%/IRS 0%/Larvicide 0%,0;0.4;0.4_0;0;0_0;0;0_-100;2;5475_-100;2;5475_-100;2;5475,12.1753424657534,Prevalence,7.0004808669029e-08
NbyGQVwzFc_loc12_loop6,12,ITN 0%/IRS 0%/Larvicide 0%,0;0.4;0.4_0;0;0_0;0;0_-100;2;5475_-100;2;5475_-100;2;5475,12.1780821917808,Prevalence,6.98215167706365e-08
NbyGQVwzFc_loc12_loop6,12,ITN 0%/IRS 0%/Larvicide 0%,0;0.4;0.4_0;0;0_0;0;0_-100;2;5475_-100;2;5475_-100;2;5475,12.1808219178082,Prevalence,6.96388697877124e-08
NbyGQVwzFc_loc12_loop6,12,ITN 0%/IRS 0%/Larvicide 0%,0;0.4;0.4_0;0;0_0;0;0_-100;2;5475_-100;2;5475_-100;2;5475,12.1835616438356,Prevalence,6.94568746743388e-08
NbyGQVwzFc_loc12_loop6,12,ITN 0%/IRS 0%/Larvicide 0%,0;0.4;0.4_0;0;0_0;0;0_-100;2;5475_-100;2;5475_-100;2;5475,12.186301369863,Prevalence,6.92755373086e-08
NbyGQVwzFc_loc12_loop6,12,ITN 0%/IRS 0%/Larvicide 0%,0;0.4;0.4_0;0;0_0;0;0_-100;2;5475_-100;2;5475_-100;2;5475,12.1890410958904,Prevalence,6.90948622094252e-08
NbyGQVwzFc_loc12_loop6,12,ITN 0%/IRS 0%/Larvicide 0%,0;0.4;0.4_0;0;0_0;0;0_-100;2;5475_-100;2;5475_-100;2;5475,12.1917808219178,Prevalence,6.8914852429016e-08
NbyGQVwzFc_loc12_loop6,12,ITN 0%/IRS 0%/Larvicide 0%,0;0.4;0.4_0;0;0_0;0;0_-100;2;5475_-100;2;5475_-100;2;5475,12.1945205479452,Prevalence,6.8735509800795e-08
NbyGQVwzFc_loc12_loop6,12,ITN 0%/IRS 0%/Larvicide 0%,0;0.4;0.4_0;0;0_0;0;0_-100;2;5475_-100;2;5475_-100;2;5475,12.1972602739726,Prevalence,6.85568351617622e-08
NbyGQVwzFc_loc12_loop6,12,ITN 0%/IRS 0%/Larvicide 0%,0;0.4;0.4_0;0;0_0;0;0_-100;2;5475_-100;2;5475_-100;2;5475,12.2,Prevalence,6.83788285343073e-08
NbyGQVwzFc_loc12_loop6,12,ITN 0%/IRS 0%/Larvicide 0%,0;0.4;0.4_0;0;0_0;0;0_-100;2;5475_-100;2;5475_-100;2;5475,12.2027397260274,Prevalence,6.82014892765736e-08
NbyGQVwzFc_loc12_loop6,12,ITN 0%/IRS 0%/Larvicide 0%,0;0.4;0.4_0;0;0_0;0;0_-100;2;5475_-100;2;5475_-100;2;5475,12.2054794520548,Prevalence,6.80248162062986e-08
NbyGQVwzFc_loc12_loop6,12,ITN 0%/IRS 0%/Larvicide 0%,0;0.4;0.4_0;0;0_0;0;0_-100;2;5475_-100;2;5475_-100;2;5475,12.2082191780822,Prevalence,6.78488077014467e-08
NbyGQVwzFc_loc12_loop6,12,ITN 0%/IRS 0%/Larvicide 0%,0;0.4;0.4_0;0;0_0;0;0_-100;2;5475_-100;2;5475_-100;2;5475,12.2109589041096,Prevalence,6.76734617848471e-08
NbyGQVwzFc_loc12_loop6,12,ITN 0%/IRS 0%/Larvicide 0%,0;0.4;0.4_0;0;0_0;0;0_-100;2;5475_-100;2;5475_-100;2;5475,12.213698630137,Prevalence,6.74987761932612e-08
NbyGQVwzFc_loc12_loop6,12,ITN 0%/IRS 0%/Larvicide 0%,0;0.4;0.4_0;0;0_0;0;0_-100;2;5475_-100;2;5475_-100;2;5475,12.2164383561644,Prevalence,6.7324748432184e-08
NbyGQVwzFc_loc12_loop6,12,ITN 0%/IRS 0%/Larvicide 0%,0;0.4;0.4_0;0;0_0;0;0_-100;2;5475_-100;2;5475_-100;2;5475,12.2191780821918,Prevalence,6.71513758237234e-08
NbyGQVwzFc_loc12_loop6,12,ITN 0%/IRS 0%/Larvicide 0%,0;0.4;0.4_0;0;0_0;0;0_-100;2;5475_-100;2;5475_-100;2;5475,12.2219178082192,Prevalence,6.69786555461379e-08
NbyGQVwzFc_loc12_loop6,12,ITN 0%/IRS 0%/Larvicide 0%,0;0.4;0.4_0;0;0_0;0;0_-100;2;5475_-100;2;5475_-100;2;5475,12.2246575342466,Prevalence,6.68065846644671e-08
NbyGQVwzFc_loc12_loop6,12,ITN 0%/IRS 0%/Larvicide 0%,0;0.4;0.4_0;0;0_0;0;0_-100;2;5475_-100;2;5475_-100;2;5475,12.227397260274,Prevalence,6.66351601566561e-08
NbyGQVwzFc_loc12_loop6,12,ITN 0%/IRS 0%/Larvicide 0%,0;0.4;0.4_0;0;0_0;0;0_-100;2;5475_-100;2;5475_-100;2;5475,12.2301369863014,Prevalence,6.64643789351994e-08
NbyGQVwzFc_loc12_loop6,12,ITN 0%/IRS 0%/Larvicide 0%,0;0.4;0.4_0;0;0_0;0;0_-100;2;5475_-100;2;5475_-100;2;5475,12.2328767123288,Prevalence,6.62942378646933e-08
NbyGQVwzFc_loc12_loop6,12,ITN 0%/IRS 0%/Larvicide 0%,0;0.4;0.4_0;0;0_0;0;0_-100;2;5475_-100;2;5475_-100;2;5475,12.2356164383562,Prevalence,6.6124733777255e-08
NbyGQVwzFc_loc12_loop6,12,ITN 0%/IRS 0%/Larvicide 0%,0;0.4;0.4_0;0;0_0;0;0_-100;2;5475_-100;2;5475_-100;2;5475,12.2383561643836,Prevalence,6.59558634862584e-08
NbyGQVwzFc_loc12_loop6,12,ITN 0%/IRS 0%/Larvicide 0%,0;0.4;0.4_0;0;0_0;0;0_-100;2;5475_-100;2;5475_-100;2;5475,12.241095890411,Prevalence,6.57876237909462e-08
NbyGQVwzFc_loc12_loop6,12,ITN 0%/IRS 0%/Larvicide 0%,0;0.4;0.4_0;0;0_0;0;0_-100;2;5475_-100;2;5475_-100;2;5475,12.2438356164384,Prevalence,6.56200114893973e-08
NbyGQVwzFc_loc12_loop6,12,ITN 0%/IRS 0%/Larvicide 0%,0;0.4;0.4_0;0;0_0;0;0_-100;2;5475_-100;2;5475_-100;2;5475,12.2465753424658,Prevalence,6.54530233845859e-08
NbyGQVwzFc_loc12_loop6,12,ITN 0%/IRS 0%/Larvicide 0%,0;0.4;0.4_0;0;0_0;0;0_-100;2;5475_-100;2;5475_-100;2;5475,12.2493150684932,Prevalence,6.528665628846e-08
NbyGQVwzFc_loc12_loop6,12,ITN 0%/IRS 0%/Larvicide 0%,0;0.4;0.4_0;0;0_0;0;0_-100;2;5475_-100;2;5475_-100;2;5475,12.2520547945205,Prevalence,6.51209070273581e-08
NbyGQVwzFc_loc12_loop6,12,ITN 0%/IRS 0%/Larvicide 0%,0;0.4;0.4_0;0;0_0;0;0_-100;2;5475_-100;2;5475_-100;2;5475,12.2547945205479,Prevalence,6.49557724455771e-08
NbyGQVwzFc_loc12_loop6,12,ITN 0%/IRS 0%/Larvicide 0%,0;0.4;0.4_0;0;0_0;0;0_-100;2;5475_-100;2;5475_-100;2;5475,12.2575342465753,Prevalence,6.47912494076671e-08
NbyGQVwzFc_loc12_loop6,12,ITN 0%/IRS 0%/Larvicide 0%,0;0.4;0.4_0;0;0_0;0;0_-100;2;5475_-100;2;5475_-100;2;5475,12.2602739726027,Prevalence,6.46273348007449e-08
NbyGQVwzFc_loc12_loop6,12,ITN 0%/IRS 0%/Larvicide 0%,0;0.4;0.4_0;0;0_0;0;0_-100;2;5475_-100;2;5475_-100;2;5475,12.2630136986301,Prevalence,6.44640255361542e-08
NbyGQVwzFc_loc12_loop6,12,ITN 0%/IRS 0%/Larvicide 0%,0;0.4;0.4_0;0;0_0;0;0_-100;2;5475_-100;2;5475_-100;2;5475,12.2657534246575,Prevalence,6.43013185505022e-08
NbyGQVwzFc_loc12_loop6,12,ITN 0%/IRS 0%/Larvicide 0%,0;0.4;0.4_0;0;0_0;0;0_-100;2;5475_-100;2;5475_-100;2;5475,12.2684931506849,Prevalence,6.41392108064978e-08
NbyGQVwzFc_loc12_loop6,12,ITN 0%/IRS 0%/Larvicide 0%,0;0.4;0.4_0;0;0_0;0;0_-100;2;5475_-100;2;5475_-100;2;5475,12.2712328767123,Prevalence,6.39776992934777e-08
NbyGQVwzFc_loc12_loop6,12,ITN 0%/IRS 0%/Larvicide 0%,0;0.4;0.4_0;0;0_0;0;0_-100;2;5475_-100;2;5475_-100;2;5475,12.2739726027397,Prevalence,6.38167810277289e-08
NbyGQVwzFc_loc12_loop6,12,ITN 0%/IRS 0%/Larvicide 0%,0;0.4;0.4_0;0;0_0;0;0_-100;2;5475_-100;2;5475_-100;2;5475,12.2767123287671,Prevalence,6.36564530525058e-08
NbyGQVwzFc_loc12_loop6,12,ITN 0%/IRS 0%/Larvicide 0%,0;0.4;0.4_0;0;0_0;0;0_-100;2;5475_-100;2;5475_-100;2;5475,12.2794520547945,Prevalence,6.34967124379588e-08
NbyGQVwzFc_loc12_loop6,12,ITN 0%/IRS 0%/Larvicide 0%,0;0.4;0.4_0;0;0_0;0;0_-100;2;5475_-100;2;5475_-100;2;5475,12.2821917808219,Prevalence,6.33375562807614e-08
NbyGQVwzFc_loc12_loop6,12,ITN 0%/IRS 0%/Larvicide 0%,0;0.4;0.4_0;0;0_0;0;0_-100;2;5475_-100;2;5475_-100;2;5475,12.2849315068493,Prevalence,6.31789817035694e-08
NbyGQVwzFc_loc12_loop6,12,ITN 0%/IRS 0%/Larvicide 0%,0;0.4;0.4_0;0;0_0;0;0_-100;2;5475_-100;2;5475_-100;2;5475,12.2876712328767,Prevalence,6.30209858542536e-08
NbyGQVwzFc_loc12_loop6,12,ITN 0%/IRS 0%/Larvicide 0%,0;0.4;0.4_0;0;0_0;0;0_-100;2;5475_-100;2;5475_-100;2;5475,12.2904109589041,Prevalence,6.28635659050771e-08
NbyGQVwzFc_loc12_loop6,12,ITN 0%/IRS 0%/Larvicide 0%,0;0.4;0.4_0;0;0_0;0;0_-100;2;5475_-100;2;5475_-100;2;5475,12.2931506849315,Prevalence,6.27067190517924e-08
NbyGQVwzFc_loc12_loop6,12,ITN 0%/IRS 0%/Larvicide 0%,0;0.4;0.4_0;0;0_0;0;0_-100;2;5475_-100;2;5475_-100;2;5475,12.2958904109589,Prevalence,6.25504425127944e-08
NbyGQVwzFc_loc12_loop6,12,ITN 0%/IRS 0%/Larvicide 0%,0;0.4;0.4_0;0;0_0;0;0_-100;2;5475_-100;2;5475_-100;2;5475,12.2986301369863,Prevalence,6.23947335284119e-08
NbyGQVwzFc_loc12_loop6,12,ITN 0%/IRS 0%/Larvicide 0%,0;0.4;0.4_0;0;0_0;0;0_-100;2;5475_-100;2;5475_-100;2;5475,12.3013698630137,Prevalence,6.22395893599772e-08
NbyGQVwzFc_loc12_loop6,12,ITN 0%/IRS 0%/Larvicide 0%,0;0.4;0.4_0;0;0_0;0;0_-100;2;5475_-100;2;5475_-100;2;5475,12.3041095890411,Prevalence,6.20850072890086e-08
NbyGQVwzFc_loc12_loop6,12,ITN 0%/IRS 0%/Larvicide 0%,0;0.4;0.4_0;0;0_0;0;0_-100;2;5475_-100;2;5475_-100;2;5475,12.3068493150685,Prevalence,6.19309846170316e-08
NbyGQVwzFc_loc12_loop6,12,ITN 0%/IRS 0%/Larvicide 0%,0;0.4;0.4_0;0;0_0;0;0_-100;2;5475_-100;2;5475_-100;2;5475,12.3095890410959,Prevalence,6.17775186634571e-08
NbyGQVwzFc_loc12_loop6,12,ITN 0%/IRS 0%/Larvicide 0%,0;0.4;0.4_0;0;0_0;0;0_-100;2;5475_-100;2;5475_-100;2;5475,12.3123287671233,Prevalence,6.1624606766755e-08
NbyGQVwzFc_loc12_loop6,12,ITN 0%/IRS 0%/Larvicide 0%,0;0.4;0.4_0;0;0_0;0;0_-100;2;5475_-100;2;5475_-100;2;5475,12.3150684931507,Prevalence,6.14722462833305e-08
NbyGQVwzFc_loc12_loop6,12,ITN 0%/IRS 0%/Larvicide 0%,0;0.4;0.4_0;0;0_0;0;0_-100;2;5475_-100;2;5475_-100;2;5475,12.3178082191781,Prevalence,6.13204345872397e-08
NbyGQVwzFc_loc12_loop6,12,ITN 0%/IRS 0%/Larvicide 0%,0;0.4;0.4_0;0;0_0;0;0_-100;2;5475_-100;2;5475_-100;2;5475,12.3205479452055,Prevalence,6.11691690691497e-08
NbyGQVwzFc_loc12_loop6,12,ITN 0%/IRS 0%/Larvicide 0%,0;0.4;0.4_0;0;0_0;0;0_-100;2;5475_-100;2;5475_-100;2;5475,12.3232876712329,Prevalence,6.10184471357011e-08
NbyGQVwzFc_loc12_loop6,12,ITN 0%/IRS 0%/Larvicide 0%,0;0.4;0.4_0;0;0_0;0;0_-100;2;5475_-100;2;5475_-100;2;5475,12.3260273972603,Prevalence,6.08682662093818e-08
NbyGQVwzFc_loc12_loop6,12,ITN 0%/IRS 0%/Larvicide 0%,0;0.4;0.4_0;0;0_0;0;0_-100;2;5475_-100;2;5475_-100;2;5475,12.3287671232877,Prevalence,6.07186237282317e-08
NbyGQVwzFc_loc12_loop6,12,ITN 0%/IRS 0%/Larvicide 0%,0;0.4;0.4_0;0;0_0;0;0_-100;2;5475_-100;2;5475_-100;2;5475,12.3315068493151,Prevalence,6.05695171466797e-08
NbyGQVwzFc_loc12_loop6,12,ITN 0%/IRS 0%/Larvicide 0%,0;0.4;0.4_0;0;0_0;0;0_-100;2;5475_-100;2;5475_-100;2;5475,12.3342465753425,Prevalence,6.04209439338796e-08
NbyGQVwzFc_loc12_loop6,12,ITN 0%/IRS 0%/Larvicide 0%,0;0.4;0.4_0;0;0_0;0;0_-100;2;5475_-100;2;5475_-100;2;5475,12.3369863013699,Prevalence,6.02729015725074e-08
NbyGQVwzFc_loc12_loop6,12,ITN 0%/IRS 0%/Larvicide 0%,0;0.4;0.4_0;0;0_0;0;0_-100;2;5475_-100;2;5475_-100;2;5475,12.3397260273973,Prevalence,6.01253875614082e-08
NbyGQVwzFc_loc12_loop6,12,ITN 0%/IRS 0%/Larvicide 0%,0;0.4;0.4_0;0;0_0;0;0_-100;2;5475_-100;2;5475_-100;2;5475,12.3424657534247,Prevalence,5.99783994170999e-08
NbyGQVwzFc_loc12_loop6,12,ITN 0%/IRS 0%/Larvicide 0%,0;0.4;0.4_0;0;0_0;0;0_-100;2;5475_-100;2;5475_-100;2;5475,12.3452054794521,Prevalence,5.98319346578419e-08
NbyGQVwzFc_loc12_loop6,12,ITN 0%/IRS 0%/Larvicide 0%,0;0.4;0.4_0;0;0_0;0;0_-100;2;5475_-100;2;5475_-100;2;5475,12.3479452054795,Prevalence,5.96859908220687e-08
NbyGQVwzFc_loc12_loop6,12,ITN 0%/IRS 0%/Larvicide 0%,0;0.4;0.4_0;0;0_0;0;0_-100;2;5475_-100;2;5475_-100;2;5475,12.3506849315069,Prevalence,5.95405654628751e-08
NbyGQVwzFc_loc12_loop6,12,ITN 0%/IRS 0%/Larvicide 0%,0;0.4;0.4_0;0;0_0;0;0_-100;2;5475_-100;2;5475_-100;2;5475,12.3534246575342,Prevalence,5.93956561499897e-08
NbyGQVwzFc_loc12_loop6,12,ITN 0%/IRS 0%/Larvicide 0%,0;0.4;0.4_0;0;0_0;0;0_-100;2;5475_-100;2;5475_-100;2;5475,12.3561643835616,Prevalence,5.92512604661586e-08
NbyGQVwzFc_loc12_loop6,12,ITN 0%/IRS 0%/Larvicide 0%,0;0.4;0.4_0;0;0_0;0;0_-100;2;5475_-100;2;5475_-100;2;5475,12.358904109589,Prevalence,5.91073760076969e-08
NbyGQVwzFc_loc12_loop6,12,ITN 0%/IRS 0%/Larvicide 0%,0;0.4;0.4_0;0;0_0;0;0_-100;2;5475_-100;2;5475_-100;2;5475,12.3616438356164,Prevalence,5.8964000385051e-08
NbyGQVwzFc_loc12_loop6,12,ITN 0%/IRS 0%/Larvicide 0%,0;0.4;0.4_0;0;0_0;0;0_-100;2;5475_-100;2;5475_-100;2;5475,12.3643835616438,Prevalence,5.88211312226155e-08
NbyGQVwzFc_loc12_loop6,12,ITN 0%/IRS 0%/Larvicide 0%,0;0.4;0.4_0;0;0_0;0;0_-100;2;5475_-100;2;5475_-100;2;5475,12.3671232876712,Prevalence,5.86787661610706e-08
NbyGQVwzFc_loc12_loop6,12,ITN 0%/IRS 0%/Larvicide 0%,0;0.4;0.4_0;0;0_0;0;0_-100;2;5475_-100;2;5475_-100;2;5475,12.3698630136986,Prevalence,5.85369028494884e-08
NbyGQVwzFc_loc12_loop6,12,ITN 0%/IRS 0%/Larvicide 0%,0;0.4;0.4_0;0;0_0;0;0_-100;2;5475_-100;2;5475_-100;2;5475,12.372602739726,Prevalence,5.83955389511711e-08
NbyGQVwzFc_loc12_loop6,12,ITN 0%/IRS 0%/Larvicide 0%,0;0.4;0.4_0;0;0_0;0;0_-100;2;5475_-100;2;5475_-100;2;5475,12.3753424657534,Prevalence,5.82546721423633e-08
NbyGQVwzFc_loc12_loop6,12,ITN 0%/IRS 0%/Larvicide 0%,0;0.4;0.4_0;0;0_0;0;0_-100;2;5475_-100;2;5475_-100;2;5475,12.3780821917808,Prevalence,5.811430010942e-08
NbyGQVwzFc_loc12_loop6,12,ITN 0%/IRS 0%/Larvicide 0%,0;0.4;0.4_0;0;0_0;0;0_-100;2;5475_-100;2;5475_-100;2;5475,12.3808219178082,Prevalence,5.7974420552661e-08
NbyGQVwzFc_loc12_loop6,12,ITN 0%/IRS 0%/Larvicide 0%,0;0.4;0.4_0;0;0_0;0;0_-100;2;5475_-100;2;5475_-100;2;5475,12.3835616438356,Prevalence,5.78350311883459e-08
NbyGQVwzFc_loc12_loop6,12,ITN 0%/IRS 0%/Larvicide 0%,0;0.4;0.4_0;0;0_0;0;0_-100;2;5475_-100;2;5475_-100;2;5475,12.386301369863,Prevalence,5.76961297430809e-08
NbyGQVwzFc_loc12_loop6,12,ITN 0%/IRS 0%/Larvicide 0%,0;0.4;0.4_0;0;0_0;0;0_-100;2;5475_-100;2;5475_-100;2;5475,12.3890410958904,Prevalence,5.75577139569048e-08
NbyGQVwzFc_loc12_loop6,12,ITN 0%/IRS 0%/Larvicide 0%,0;0.4;0.4_0;0;0_0;0;0_-100;2;5475_-100;2;5475_-100;2;5475,12.3917808219178,Prevalence,5.74197815834454e-08
NbyGQVwzFc_loc12_loop6,12,ITN 0%/IRS 0%/Larvicide 0%,0;0.4;0.4_0;0;0_0;0;0_-100;2;5475_-100;2;5475_-100;2;5475,12.3945205479452,Prevalence,5.72823303899909e-08
NbyGQVwzFc_loc12_loop6,12,ITN 0%/IRS 0%/Larvicide 0%,0;0.4;0.4_0;0;0_0;0;0_-100;2;5475_-100;2;5475_-100;2;5475,12.3972602739726,Prevalence,5.71453581576027e-08
NbyGQVwzFc_loc12_loop6,12,ITN 0%/IRS 0%/Larvicide 0%,0;0.4;0.4_0;0;0_0;0;0_-100;2;5475_-100;2;5475_-100;2;5475,12.4,Prevalence,5.70088626807522e-08
NbyGQVwzFc_loc12_loop6,12,ITN 0%/IRS 0%/Larvicide 0%,0;0.4;0.4_0;0;0_0;0;0_-100;2;5475_-100;2;5475_-100;2;5475,12.4027397260274,Prevalence,5.68728417681154e-08
NbyGQVwzFc_loc12_loop6,12,ITN 0%/IRS 0%/Larvicide 0%,0;0.4;0.4_0;0;0_0;0;0_-100;2;5475_-100;2;5475_-100;2;5475,12.4054794520548,Prevalence,5.67372932442732e-08
NbyGQVwzFc_loc12_loop6,12,ITN 0%/IRS 0%/Larvicide 0%,0;0.4;0.4_0;0;0_0;0;0_-100;2;5475_-100;2;5475_-100;2;5475,12.4082191780822,Prevalence,5.66022149427263e-08
NbyGQVwzFc_loc12_loop6,12,ITN 0%/IRS 0%/Larvicide 0%,0;0.4;0.4_0;0;0_0;0;0_-100;2;5475_-100;2;5475_-100;2;5475,12.4109589041096,Prevalence,5.64676047101512e-08
NbyGQVwzFc_loc12_loop6,12,ITN 0%/IRS 0%/Larvicide 0%,0;0.4;0.4_0;0;0_0;0;0_-100;2;5475_-100;2;5475_-100;2;5475,12.413698630137,Prevalence,5.63334604089519e-08
NbyGQVwzFc_loc12_loop6,12,ITN 0%/IRS 0%/Larvicide 0%,0;0.4;0.4_0;0;0_0;0;0_-100;2;5475_-100;2;5475_-100;2;5475,12.4164383561644,Prevalence,5.61997799100712e-08
NbyGQVwzFc_loc12_loop6,12,ITN 0%/IRS 0%/Larvicide 0%,0;0.4;0.4_0;0;0_0;0;0_-100;2;5475_-100;2;5475_-100;2;5475,12.4191780821918,Prevalence,5.60665610977757e-08
NbyGQVwzFc_loc12_loop6,12,ITN 0%/IRS 0%/Larvicide 0%,0;0.4;0.4_0;0;0_0;0;0_-100;2;5475_-100;2;5475_-100;2;5475,12.4219178082192,Prevalence,5.59338018720452e-08
NbyGQVwzFc_loc12_loop6,12,ITN 0%/IRS 0%/Larvicide 0%,0;0.4;0.4_0;0;0_0;0;0_-100;2;5475_-100;2;5475_-100;2;5475,12.4246575342466,Prevalence,5.58015001411902e-08
NbyGQVwzFc_loc12_loop6,12,ITN 0%/IRS 0%/Larvicide 0%,0;0.4;0.4_0;0;0_0;0;0_-100;2;5475_-100;2;5475_-100;2;5475,12.427397260274,Prevalence,5.56696538268875e-08
NbyGQVwzFc_loc12_loop6,12,ITN 0%/IRS 0%/Larvicide 0%,0;0.4;0.4_0;0;0_0;0;0_-100;2;5475_-100;2;5475_-100;2;5475,12.4301369863014,Prevalence,5.55382608675279e-08
NbyGQVwzFc_loc12_loop6,12,ITN 0%/IRS 0%/Larvicide 0%,0;0.4;0.4_0;0;0_0;0;0_-100;2;5475_-100;2;5475_-100;2;5475,12.4328767123288,Prevalence,5.54073192128077e-08
NbyGQVwzFc_loc12_loop6,12,ITN 0%/IRS 0%/Larvicide 0%,0;0.4;0.4_0;0;0_0;0;0_-100;2;5475_-100;2;5475_-100;2;5475,12.4356164383562,Prevalence,5.52768268195138e-08
NbyGQVwzFc_loc12_loop6,12,ITN 0%/IRS 0%/Larvicide 0%,0;0.4;0.4_0;0;0_0;0;0_-100;2;5475_-100;2;5475_-100;2;5475,12.4383561643836,Prevalence,5.5146781657306e-08
NbyGQVwzFc_loc12_loop6,12,ITN 0%/IRS 0%/Larvicide 0%,0;0.4;0.4_0;0;0_0;0;0_-100;2;5475_-100;2;5475_-100;2;5475,12.441095890411,Prevalence,5.50171817129747e-08
NbyGQVwzFc_loc12_loop6,12,ITN 0%/IRS 0%/Larvicide 0%,0;0.4;0.4_0;0;0_0;0;0_-100;2;5475_-100;2;5475_-100;2;5475,12.4438356164384,Prevalence,5.48880249845394e-08
NbyGQVwzFc_loc12_loop6,12,ITN 0%/IRS 0%/Larvicide 0%,0;0.4;0.4_0;0;0_0;0;0_-100;2;5475_-100;2;5475_-100;2;5475,12.4465753424658,Prevalence,5.47593094778519e-08
NbyGQVwzFc_loc12_loop6,12,ITN 0%/IRS 0%/Larvicide 0%,0;0.4;0.4_0;0;0_0;0;0_-100;2;5475_-100;2;5475_-100;2;5475,12.4493150684932,Prevalence,5.46310332149186e-08
NbyGQVwzFc_loc12_loop6,12,ITN 0%/IRS 0%/Larvicide 0%,0;0.4;0.4_0;0;0_0;0;0_-100;2;5475_-100;2;5475_-100;2;5475,12.4520547945205,Prevalence,5.45031942287932e-08
NbyGQVwzFc_loc12_loop6,12,ITN 0%/IRS 0%/Larvicide 0%,0;0.4;0.4_0;0;0_0;0;0_-100;2;5475_-100;2;5475_-100;2;5475,12.4547945205479,Prevalence,5.43757905600429e-08
NbyGQVwzFc_loc12_loop6,12,ITN 0%/IRS 0%/Larvicide 0%,0;0.4;0.4_0;0;0_0;0;0_-100;2;5475_-100;2;5475_-100;2;5475,12.4575342465753,Prevalence,5.42488202658187e-08
NbyGQVwzFc_loc12_loop6,12,ITN 0%/IRS 0%/Larvicide 0%,0;0.4;0.4_0;0;0_0;0;0_-100;2;5475_-100;2;5475_-100;2;5475,12.4602739726027,Prevalence,5.41222814143763e-08
NbyGQVwzFc_loc12_loop6,12,ITN 0%/IRS 0%/Larvicide 0%,0;0.4;0.4_0;0;0_0;0;0_-100;2;5475_-100;2;5475_-100;2;5475,12.4630136986301,Prevalence,5.39961720812564e-08
NbyGQVwzFc_loc12_loop6,12,ITN 0%/IRS 0%/Larvicide 0%,0;0.4;0.4_0;0;0_0;0;0_-100;2;5475_-100;2;5475_-100;2;5475,12.4657534246575,Prevalence,5.38704903588352e-08
NbyGQVwzFc_loc12_loop6,12,ITN 0%/IRS 0%/Larvicide 0%,0;0.4;0.4_0;0;0_0;0;0_-100;2;5475_-100;2;5475_-100;2;5475,12.4684931506849,Prevalence,5.37452343505419e-08
NbyGQVwzFc_loc12_loop6,12,ITN 0%/IRS 0%/Larvicide 0%,0;0.4;0.4_0;0;0_0;0;0_-100;2;5475_-100;2;5475_-100;2;5475,12.4712328767123,Prevalence,5.36204021667055e-08
NbyGQVwzFc_loc12_loop6,12,ITN 0%/IRS 0%/Larvicide 0%,0;0.4;0.4_0;0;0_0;0;0_-100;2;5475_-100;2;5475_-100;2;5475,12.4739726027397,Prevalence,5.34959919348579e-08
NbyGQVwzFc_loc12_loop6,12,ITN 0%/IRS 0%/Larvicide 0%,0;0.4;0.4_0;0;0_0;0;0_-100;2;5475_-100;2;5475_-100;2;5475,12.4767123287671,Prevalence,5.33720017946268e-08
NbyGQVwzFc_loc12_loop6,12,ITN 0%/IRS 0%/Larvicide 0%,0;0.4;0.4_0;0;0_0;0;0_-100;2;5475_-100;2;5475_-100;2;5475,12.4794520547945,Prevalence,5.32484298964327e-08
NbyGQVwzFc_loc12_loop6,12,ITN 0%/IRS 0%/Larvicide 0%,0;0.4;0.4_0;0;0_0;0;0_-100;2;5475_-100;2;5475_-100;2;5475,12.4821917808219,Prevalence,5.3125274401521e-08
NbyGQVwzFc_loc12_loop6,12,ITN 0%/IRS 0%/Larvicide 0%,0;0.4;0.4_0;0;0_0;0;0_-100;2;5475_-100;2;5475_-100;2;5475,12.4849315068493,Prevalence,5.30025334816549e-08
NbyGQVwzFc_loc12_loop6,12,ITN 0%/IRS 0%/Larvicide 0%,0;0.4;0.4_0;0;0_0;0;0_-100;2;5475_-100;2;5475_-100;2;5475,12.4876712328767,Prevalence,5.2880205319382e-08
NbyGQVwzFc_loc12_loop6,12,ITN 0%/IRS 0%/Larvicide 0%,0;0.4;0.4_0;0;0_0;0;0_-100;2;5475_-100;2;5475_-100;2;5475,12.4904109589041,Prevalence,5.27582881081192e-08
NbyGQVwzFc_loc12_loop6,12,ITN 0%/IRS 0%/Larvicide 0%,0;0.4;0.4_0;0;0_0;0;0_-100;2;5475_-100;2;5475_-100;2;5475,12.4931506849315,Prevalence,5.26367800522336e-08
NbyGQVwzFc_loc12_loop6,12,ITN 0%/IRS 0%/Larvicide 0%,0;0.4;0.4_0;0;0_0;0;0_-100;2;5475_-100;2;5475_-100;2;5475,12.4958904109589,Prevalence,5.25156793669867e-08
NbyGQVwzFc_loc12_loop6,12,ITN 0%/IRS 0%/Larvicide 0%,0;0.4;0.4_0;0;0_0;0;0_-100;2;5475_-100;2;5475_-100;2;5475,12.4986301369863,Prevalence,5.23949842786664e-08
NbyGQVwzFc_loc12_loop6,12,ITN 0%/IRS 0%/Larvicide 0%,0;0.4;0.4_0;0;0_0;0;0_-100;2;5475_-100;2;5475_-100;2;5475,12.5013698630137,Prevalence,5.22746930242354e-08
NbyGQVwzFc_loc12_loop6,12,ITN 0%/IRS 0%/Larvicide 0%,0;0.4;0.4_0;0;0_0;0;0_-100;2;5475_-100;2;5475_-100;2;5475,12.5041095890411,Prevalence,5.21548038521435e-08
NbyGQVwzFc_loc12_loop6,12,ITN 0%/IRS 0%/Larvicide 0%,0;0.4;0.4_0;0;0_0;0;0_-100;2;5475_-100;2;5475_-100;2;5475,12.5068493150685,Prevalence,5.20353150219636e-08
NbyGQVwzFc_loc12_loop6,12,ITN 0%/IRS 0%/Larvicide 0%,0;0.4;0.4_0;0;0_0;0;0_-100;2;5475_-100;2;5475_-100;2;5475,12.5095890410959,Prevalence,5.1916224803952e-08
NbyGQVwzFc_loc12_loop6,12,ITN 0%/IRS 0%/Larvicide 0%,0;0.4;0.4_0;0;0_0;0;0_-100;2;5475_-100;2;5475_-100;2;5475,12.5123287671233,Prevalence,5.17975314794132e-08
NbyGQVwzFc_loc12_loop6,12,ITN 0%/IRS 0%/Larvicide 0%,0;0.4;0.4_0;0;0_0;0;0_-100;2;5475_-100;2;5475_-100;2;5475,12.5150684931507,Prevalence,5.16792333409089e-08
NbyGQVwzFc_loc12_loop6,12,ITN 0%/IRS 0%/Larvicide 0%,0;0.4;0.4_0;0;0_0;0;0_-100;2;5475_-100;2;5475_-100;2;5475,12.5178082191781,Prevalence,5.15613286896459e-08
NbyGQVwzFc_loc12_loop6,12,ITN 0%/IRS 0%/Larvicide 0%,0;0.4;0.4_0;0;0_0;0;0_-100;2;5475_-100;2;5475_-100;2;5475,12.5205479452055,Prevalence,5.14438158366475e-08
NbyGQVwzFc_loc12_loop6,12,ITN 0%/IRS 0%/Larvicide 0%,0;0.4;0.4_0;0;0_0;0;0_-100;2;5475_-100;2;5475_-100;2;5475,12.5232876712329,Prevalence,5.13266931003712e-08
NbyGQVwzFc_loc12_loop6,12,ITN 0%/IRS 0%/Larvicide 0%,0;0.4;0.4_0;0;0_0;0;0_-100;2;5475_-100;2;5475_-100;2;5475,12.5260273972603,Prevalence,5.12099588077091e-08
NbyGQVwzFc_loc12_loop6,12,ITN 0%/IRS 0%/Larvicide 0%,0;0.4;0.4_0;0;0_0;0;0_-100;2;5475_-100;2;5475_-100;2;5475,12.5287671232877,Prevalence,5.10936113033263e-08
NbyGQVwzFc_loc12_loop6,12,ITN 0%/IRS 0%/Larvicide 0%,0;0.4;0.4_0;0;0_0;0;0_-100;2;5475_-100;2;5475_-100;2;5475,12.5315068493151,Prevalence,5.09776489384284e-08
NbyGQVwzFc_loc12_loop6,12,ITN 0%/IRS 0%/Larvicide 0%,0;0.4;0.4_0;0;0_0;0;0_-100;2;5475_-100;2;5475_-100;2;5475,12.5342465753425,Prevalence,5.08620700745451e-08
NbyGQVwzFc_loc12_loop6,12,ITN 0%/IRS 0%/Larvicide 0%,0;0.4;0.4_0;0;0_0;0;0_-100;2;5475_-100;2;5475_-100;2;5475,12.5369863013699,Prevalence,5.07468730890846e-08
NbyGQVwzFc_loc12_loop6,12,ITN 0%/IRS 0%/Larvicide 0%,0;0.4;0.4_0;0;0_0;0;0_-100;2;5475_-100;2;5475_-100;2;5475,12.5397260273973,Prevalence,5.06320563682927e-08
NbyGQVwzFc_loc12_loop6,12,ITN 0%/IRS 0%/Larvicide 0%,0;0.4;0.4_0;0;0_0;0;0_-100;2;5475_-100;2;5475_-100;2;5475,12.5424657534247,Prevalence,5.0517618308059e-08
NbyGQVwzFc_loc12_loop6,12,ITN 0%/IRS 0%/Larvicide 0%,0;0.4;0.4_0;0;0_0;0;0_-100;2;5475_-100;2;5475_-100;2;5475,12.5452054794521,Prevalence,5.04035573148724e-08
NbyGQVwzFc_loc12_loop6,12,ITN 0%/IRS 0%/Larvicide 0%,0;0.4;0.4_0;0;0_0;0;0_-100;2;5475_-100;2;5475_-100;2;5475,12.5479452054795,Prevalence,5.02898718169364e-08
NbyGQVwzFc_loc12_loop6,12,ITN 0%/IRS 0%/Larvicide 0%,0;0.4;0.4_0;0;0_0;0;0_-100;2;5475_-100;2;5475_-100;2;5475,12.5506849315068,Prevalence,5.01765602488124e-08
NbyGQVwzFc_loc12_loop6,12,ITN 0%/IRS 0%/Larvicide 0%,0;0.4;0.4_0;0;0_0;0;0_-100;2;5475_-100;2;5475_-100;2;5475,12.5534246575342,Prevalence,5.0063621054648e-08
NbyGQVwzFc_loc12_loop6,12,ITN 0%/IRS 0%/Larvicide 0%,0;0.4;0.4_0;0;0_0;0;0_-100;2;5475_-100;2;5475_-100;2;5475,12.5561643835616,Prevalence,4.995105269414e-08
NbyGQVwzFc_loc12_loop6,12,ITN 0%/IRS 0%/Larvicide 0%,0;0.4;0.4_0;0;0_0;0;0_-100;2;5475_-100;2;5475_-100;2;5475,12.558904109589,Prevalence,4.98388536267585e-08
NbyGQVwzFc_loc12_loop6,12,ITN 0%/IRS 0%/Larvicide 0%,0;0.4;0.4_0;0;0_0;0;0_-100;2;5475_-100;2;5475_-100;2;5475,12.5616438356164,Prevalence,4.97270223200793e-08
NbyGQVwzFc_loc12_loop6,12,ITN 0%/IRS 0%/Larvicide 0%,0;0.4;0.4_0;0;0_0;0;0_-100;2;5475_-100;2;5475_-100;2;5475,12.5643835616438,Prevalence,4.96155572518687e-08
NbyGQVwzFc_loc12_loop6,12,ITN 0%/IRS 0%/Larvicide 0%,0;0.4;0.4_0;0;0_0;0;0_-100;2;5475_-100;2;5475_-100;2;5475,12.5671232876712,Prevalence,4.95044569056339e-08
NbyGQVwzFc_loc12_loop6,12,ITN 0%/IRS 0%/Larvicide 0%,0;0.4;0.4_0;0;0_0;0;0_-100;2;5475_-100;2;5475_-100;2;5475,12.5698630136986,Prevalence,4.93937197795566e-08
NbyGQVwzFc_loc12_loop6,12,ITN 0%/IRS 0%/Larvicide 0%,0;0.4;0.4_0;0;0_0;0;0_-100;2;5475_-100;2;5475_-100;2;5475,12.572602739726,Prevalence,4.92833443787263e-08
NbyGQVwzFc_loc12_loop6,12,ITN 0%/IRS 0%/Larvicide 0%,0;0.4;0.4_0;0;0_0;0;0_-100;2;5475_-100;2;5475_-100;2;5475,12.5753424657534,Prevalence,4.9173329219435e-08
NbyGQVwzFc_loc12_loop6,12,ITN 0%/IRS 0%/Larvicide 0%,0;0.4;0.4_0;0;0_0;0;0_-100;2;5475_-100;2;5475_-100;2;5475,12.5780821917808,Prevalence,4.90636728291146e-08
NbyGQVwzFc_loc12_loop6,12,ITN 0%/IRS 0%/Larvicide 0%,0;0.4;0.4_0;0;0_0;0;0_-100;2;5475_-100;2;5475_-100;2;5475,12.5808219178082,Prevalence,4.89543737463152e-08
NbyGQVwzFc_loc12_loop6,12,ITN 0%/IRS 0%/Larvicide 0%,0;0.4;0.4_0;0;0_0;0;0_-100;2;5475_-100;2;5475_-100;2;5475,12.5835616438356,Prevalence,4.88454305198198e-08
NbyGQVwzFc_loc12_loop6,12,ITN 0%/IRS 0%/Larvicide 0%,0;0.4;0.4_0;0;0_0;0;0_-100;2;5475_-100;2;5475_-100;2;5475,12.586301369863,Prevalence,4.87368417107558e-08
NbyGQVwzFc_loc12_loop6,12,ITN 0%/IRS 0%/Larvicide 0%,0;0.4;0.4_0;0;0_0;0;0_-100;2;5475_-100;2;5475_-100;2;5475,12.5890410958904,Prevalence,4.86286058898917e-08
NbyGQVwzFc_loc12_loop6,12,ITN 0%/IRS 0%/Larvicide 0%,0;0.4;0.4_0;0;0_0;0;0_-100;2;5475_-100;2;5475_-100;2;5475,12.5917808219178,Prevalence,4.85207216337752e-08
NbyGQVwzFc_loc12_loop6,12,ITN 0%/IRS 0%/Larvicide 0%,0;0.4;0.4_0;0;0_0;0;0_-100;2;5475_-100;2;5475_-100;2;5475,12.5945205479452,Prevalence,4.84131875276111e-08
NbyGQVwzFc_loc12_loop6,12,ITN 0%/IRS 0%/Larvicide 0%,0;0.4;0.4_0;0;0_0;0;0_-100;2;5475_-100;2;5475_-100;2;5475,12.5972602739726,Prevalence,4.83060021652506e-08
NbyGQVwzFc_loc12_loop6,12,ITN 0%/IRS 0%/Larvicide 0%,0;0.4;0.4_0;0;0_0;0;0_-100;2;5475_-100;2;5475_-100;2;5475,12.6,Prevalence,4.81991641496233e-08
NbyGQVwzFc_loc12_loop6,12,ITN 0%/IRS 0%/Larvicide 0%,0;0.4;0.4_0;0;0_0;0;0_-100;2;5475_-100;2;5475_-100;2;5475,12.6027397260274,Prevalence,4.80926720941343e-08
NbyGQVwzFc_loc12_loop6,12,ITN 0%/IRS 0%/Larvicide 0%,0;0.4;0.4_0;0;0_0;0;0_-100;2;5475_-100;2;5475_-100;2;5475,12.6054794520548,Prevalence,4.79865246304984e-08
NbyGQVwzFc_loc12_loop6,12,ITN 0%/IRS 0%/Larvicide 0%,0;0.4;0.4_0;0;0_0;0;0_-100;2;5475_-100;2;5475_-100;2;5475,12.6082191780822,Prevalence,4.78807204039237e-08
NbyGQVwzFc_loc12_loop6,12,ITN 0%/IRS 0%/Larvicide 0%,0;0.4;0.4_0;0;0_0;0;0_-100;2;5475_-100;2;5475_-100;2;5475,12.6109589041096,Prevalence,4.77752580703561e-08
NbyGQVwzFc_loc12_loop6,12,ITN 0%/IRS 0%/Larvicide 0%,0;0.4;0.4_0;0;0_0;0;0_-100;2;5475_-100;2;5475_-100;2;5475,12.613698630137,Prevalence,4.76701362953762e-08
NbyGQVwzFc_loc12_loop6,12,ITN 0%/IRS 0%/Larvicide 0%,0;0.4;0.4_0;0;0_0;0;0_-100;2;5475_-100;2;5475_-100;2;5475,12.6164383561644,Prevalence,4.75653537491581e-08
NbyGQVwzFc_loc12_loop6,12,ITN 0%/IRS 0%/Larvicide 0%,0;0.4;0.4_0;0;0_0;0;0_-100;2;5475_-100;2;5475_-100;2;5475,12.6191780821918,Prevalence,4.74609091101899e-08
NbyGQVwzFc_loc12_loop6,12,ITN 0%/IRS 0%/Larvicide 0%,0;0.4;0.4_0;0;0_0;0;0_-100;2;5475_-100;2;5475_-100;2;5475,12.6219178082192,Prevalence,4.73568010645424e-08
NbyGQVwzFc_loc12_loop6,12,ITN 0%/IRS 0%/Larvicide 0%,0;0.4;0.4_0;0;0_0;0;0_-100;2;5475_-100;2;5475_-100;2;5475,12.6246575342466,Prevalence,4.7253028306283e-08
NbyGQVwzFc_loc12_loop6,12,ITN 0%/IRS 0%/Larvicide 0%,0;0.4;0.4_0;0;0_0;0;0_-100;2;5475_-100;2;5475_-100;2;5475,12.627397260274,Prevalence,4.714958953856e-08
NbyGQVwzFc_loc12_loop6,12,ITN 0%/IRS 0%/Larvicide 0%,0;0.4;0.4_0;0;0_0;0;0_-100;2;5475_-100;2;5475_-100;2;5475,12.6301369863014,Prevalence,4.70464834740378e-08
NbyGQVwzFc_loc12_loop6,12,ITN 0%/IRS 0%/Larvicide 0%,0;0.4;0.4_0;0;0_0;0;0_-100;2;5475_-100;2;5475_-100;2;5475,12.6328767123288,Prevalence,4.69437088341748e-08
NbyGQVwzFc_loc12_loop6,12,ITN 0%/IRS 0%/Larvicide 0%,0;0.4;0.4_0;0;0_0;0;0_-100;2;5475_-100;2;5475_-100;2;5475,12.6356164383562,Prevalence,4.68412643496885e-08
NbyGQVwzFc_loc12_loop6,12,ITN 0%/IRS 0%/Larvicide 0%,0;0.4;0.4_0;0;0_0;0;0_-100;2;5475_-100;2;5475_-100;2;5475,12.6383561643836,Prevalence,4.67391487609216e-08
NbyGQVwzFc_loc12_loop6,12,ITN 0%/IRS 0%/Larvicide 0%,0;0.4;0.4_0;0;0_0;0;0_-100;2;5475_-100;2;5475_-100;2;5475,12.641095890411,Prevalence,4.66373608177334e-08
NbyGQVwzFc_loc12_loop6,12,ITN 0%/IRS 0%/Larvicide 0%,0;0.4;0.4_0;0;0_0;0;0_-100;2;5475_-100;2;5475_-100;2;5475,12.6438356164384,Prevalence,4.6535899279602e-08
NbyGQVwzFc_loc12_loop6,12,ITN 0%/IRS 0%/Larvicide 0%,0;0.4;0.4_0;0;0_0;0;0_-100;2;5475_-100;2;5475_-100;2;5475,12.6465753424658,Prevalence,4.64347629165487e-08
NbyGQVwzFc_loc12_loop6,12,ITN 0%/IRS 0%/Larvicide 0%,0;0.4;0.4_0;0;0_0;0;0_-100;2;5475_-100;2;5475_-100;2;5475,12.6493150684932,Prevalence,4.63339505198939e-08
NbyGQVwzFc_loc12_loop6,12,ITN 0%/IRS 0%/Larvicide 0%,0;0.4;0.4_0;0;0_0;0;0_-100;2;5475_-100;2;5475_-100;2;5475,12.6520547945205,Prevalence,4.62334609019276e-08
NbyGQVwzFc_loc12_loop6,12,ITN 0%/IRS 0%/Larvicide 0%,0;0.4;0.4_0;0;0_0;0;0_-100;2;5475_-100;2;5475_-100;2;5475,12.6547945205479,Prevalence,4.61332928755787e-08
NbyGQVwzFc_loc12_loop6,12,ITN 0%/IRS 0%/Larvicide 0%,0;0.4;0.4_0;0;0_0;0;0_-100;2;5475_-100;2;5475_-100;2;5475,12.6575342465753,Prevalence,4.60334452595029e-08
NbyGQVwzFc_loc12_loop6,12,ITN 0%/IRS 0%/Larvicide 0%,0;0.4;0.4_0;0;0_0;0;0_-100;2;5475_-100;2;5475_-100;2;5475,12.6602739726027,Prevalence,4.59339168811353e-08
NbyGQVwzFc_loc12_loop6,12,ITN 0%/IRS 0%/Larvicide 0%,0;0.4;0.4_0;0;0_0;0;0_-100;2;5475_-100;2;5475_-100;2;5475,12.6630136986301,Prevalence,4.58347065749274e-08
NbyGQVwzFc_loc12_loop6,12,ITN 0%/IRS 0%/Larvicide 0%,0;0.4;0.4_0;0;0_0;0;0_-100;2;5475_-100;2;5475_-100;2;5475,12.6657534246575,Prevalence,4.57358131832408e-08
NbyGQVwzFc_loc12_loop6,12,ITN 0%/IRS 0%/Larvicide 0%,0;0.4;0.4_0;0;0_0;0;0_-100;2;5475_-100;2;5475_-100;2;5475,12.6684931506849,Prevalence,4.56372355572013e-08
NbyGQVwzFc_loc12_loop6,12,ITN 0%/IRS 0%/Larvicide 0%,0;0.4;0.4_0;0;0_0;0;0_-100;2;5475_-100;2;5475_-100;2;5475,12.6712328767123,Prevalence,4.55389725565939e-08
NbyGQVwzFc_loc12_loop6,12,ITN 0%/IRS 0%/Larvicide 0%,0;0.4;0.4_0;0;0_0;0;0_-100;2;5475_-100;2;5475_-100;2;5475,12.6739726027397,Prevalence,4.54410230501515e-08
NbyGQVwzFc_loc12_loop6,12,ITN 0%/IRS 0%/Larvicide 0%,0;0.4;0.4_0;0;0_0;0;0_-100;2;5475_-100;2;5475_-100;2;5475,12.6767123287671,Prevalence,4.53433859158833e-08
NbyGQVwzFc_loc12_loop6,12,ITN 0%/IRS 0%/Larvicide 0%,0;0.4;0.4_0;0;0_0;0;0_-100;2;5475_-100;2;5475_-100;2;5475,12.6794520547945,Prevalence,4.5246060041191e-08
NbyGQVwzFc_loc12_loop6,12,ITN 0%/IRS 0%/Larvicide 0%,0;0.4;0.4_0;0;0_0;0;0_-100;2;5475_-100;2;5475_-100;2;5475,12.6821917808219,Prevalence,4.51490443230169e-08
NbyGQVwzFc_loc12_loop6,12,ITN 0%/IRS 0%/Larvicide 0%,0;0.4;0.4_0;0;0_0;0;0_-100;2;5475_-100;2;5475_-100;2;5475,12.6849315068493,Prevalence,4.50523376679997e-08
NbyGQVwzFc_loc12_loop6,12,ITN 0%/IRS 0%/Larvicide 0%,0;0.4;0.4_0;0;0_0;0;0_-100;2;5475_-100;2;5475_-100;2;5475,12.6876712328767,Prevalence,4.49559389925972e-08
NbyGQVwzFc_loc12_loop6,12,ITN 0%/IRS 0%/Larvicide 0%,0;0.4;0.4_0;0;0_0;0;0_-100;2;5475_-100;2;5475_-100;2;5475,12.6904109589041,Prevalence,4.48598472231095e-08
NbyGQVwzFc_loc12_loop6,12,ITN 0%/IRS 0%/Larvicide 0%,0;0.4;0.4_0;0;0_0;0;0_-100;2;5475_-100;2;5475_-100;2;5475,12.6931506849315,Prevalence,4.47640612958832e-08
NbyGQVwzFc_loc12_loop6,12,ITN 0%/IRS 0%/Larvicide 0%,0;0.4;0.4_0;0;0_0;0;0_-100;2;5475_-100;2;5475_-100;2;5475,12.6958904109589,Prevalence,4.4668580157223e-08
NbyGQVwzFc_loc12_loop6,12,ITN 0%/IRS 0%/Larvicide 0%,0;0.4;0.4_0;0;0_0;0;0_-100;2;5475_-100;2;5475_-100;2;5475,12.6986301369863,Prevalence,4.45734027636163e-08
NbyGQVwzFc_loc12_loop6,12,ITN 0%/IRS 0%/Larvicide 0%,0;0.4;0.4_0;0;0_0;0;0_-100;2;5475_-100;2;5475_-100;2;5475,12.7013698630137,Prevalence,4.44785280817051e-08
NbyGQVwzFc_loc12_loop6,12,ITN 0%/IRS 0%/Larvicide 0%,0;0.4;0.4_0;0;0_0;0;0_-100;2;5475_-100;2;5475_-100;2;5475,12.7041095890411,Prevalence,4.4383955088365e-08
NbyGQVwzFc_loc12_loop6,12,ITN 0%/IRS 0%/Larvicide 0%,0;0.4;0.4_0;0;0_0;0;0_-100;2;5475_-100;2;5475_-100;2;5475,12.7068493150685,Prevalence,4.4289682770779e-08
NbyGQVwzFc_loc12_loop6,12,ITN 0%/IRS 0%/Larvicide 0%,0;0.4;0.4_0;0;0_0;0;0_-100;2;5475_-100;2;5475_-100;2;5475,12.7095890410959,Prevalence,4.41957101264924e-08
NbyGQVwzFc_loc12_loop6,12,ITN 0%/IRS 0%/Larvicide 0%,0;0.4;0.4_0;0;0_0;0;0_-100;2;5475_-100;2;5475_-100;2;5475,12.7123287671233,Prevalence,4.41020361635216e-08
NbyGQVwzFc_loc12_loop6,12,ITN 0%/IRS 0%/Larvicide 0%,0;0.4;0.4_0;0;0_0;0;0_-100;2;5475_-100;2;5475_-100;2;5475,12.7150684931507,Prevalence,4.40086599000537e-08
NbyGQVwzFc_loc12_loop6,12,ITN 0%/IRS 0%/Larvicide 0%,0;0.4;0.4_0;0;0_0;0;0_-100;2;5475_-100;2;5475_-100;2;5475,12.7178082191781,Prevalence,4.39155803651583e-08
NbyGQVwzFc_loc12_loop6,12,ITN 0%/IRS 0%/Larvicide 0%,0;0.4;0.4_0;0;0_0;0;0_-100;2;5475_-100;2;5475_-100;2;5475,12.7205479452055,Prevalence,4.38227965979812e-08
NbyGQVwzFc_loc12_loop6,12,ITN 0%/IRS 0%/Larvicide 0%,0;0.4;0.4_0;0;0_0;0;0_-100;2;5475_-100;2;5475_-100;2;5475,12.7232876712329,Prevalence,4.37303076486642e-08
NbyGQVwzFc_loc12_loop6,12,ITN 0%/IRS 0%/Larvicide 0%,0;0.4;0.4_0;0;0_0;0;0_-100;2;5475_-100;2;5475_-100;2;5475,12.7260273972603,Prevalence,4.363811257772e-08
NbyGQVwzFc_loc12_loop6,12,ITN 0%/IRS 0%/Larvicide 0%,0;0.4;0.4_0;0;0_0;0;0_-100;2;5475_-100;2;5475_-100;2;5475,12.7287671232877,Prevalence,4.35462104565421e-08
NbyGQVwzFc_loc12_loop6,12,ITN 0%/IRS 0%/Larvicide 0%,0;0.4;0.4_0;0;0_0;0;0_-100;2;5475_-100;2;5475_-100;2;5475,12.7315068493151,Prevalence,4.34546003540712e-08
NbyGQVwzFc_loc12_loop6,12,ITN 0%/IRS 0%/Larvicide 0%,0;0.4;0.4_0;0;0_0;0;0_-100;2;5475_-100;2;5475_-100;2;5475,12.7342465753425,Prevalence,4.33632813063048e-08
NbyGQVwzFc_loc12_loop6,12,ITN 0%/IRS 0%/Larvicide 0%,0;0.4;0.4_0;0;0_0;0;0_-100;2;5475_-100;2;5475_-100;2;5475,12.7369863013699,Prevalence,4.3272252371798e-08
NbyGQVwzFc_loc12_loop6,12,ITN 0%/IRS 0%/Larvicide 0%,0;0.4;0.4_0;0;0_0;0;0_-100;2;5475_-100;2;5475_-100;2;5475,12.7397260273973,Prevalence,4.31815126413912e-08
NbyGQVwzFc_loc12_loop6,12,ITN 0%/IRS 0%/Larvicide 0%,0;0.4;0.4_0;0;0_0;0;0_-100;2;5475_-100;2;5475_-100;2;5475,12.7424657534247,Prevalence,4.30910612115649e-08
NbyGQVwzFc_loc12_loop6,12,ITN 0%/IRS 0%/Larvicide 0%,0;0.4;0.4_0;0;0_0;0;0_-100;2;5475_-100;2;5475_-100;2;5475,12.7452054794521,Prevalence,4.3000897196278e-08
NbyGQVwzFc_loc12_loop6,12,ITN 0%/IRS 0%/Larvicide 0%,0;0.4;0.4_0;0;0_0;0;0_-100;2;5475_-100;2;5475_-100;2;5475,12.7479452054795,Prevalence,4.29110197136867e-08
NbyGQVwzFc_loc12_loop6,12,ITN 0%/IRS 0%/Larvicide 0%,0;0.4;0.4_0;0;0_0;0;0_-100;2;5475_-100;2;5475_-100;2;5475,12.7506849315069,Prevalence,4.28214279043205e-08
NbyGQVwzFc_loc12_loop6,12,ITN 0%/IRS 0%/Larvicide 0%,0;0.4;0.4_0;0;0_0;0;0_-100;2;5475_-100;2;5475_-100;2;5475,12.7534246575342,Prevalence,4.27321209344862e-08
NbyGQVwzFc_loc12_loop6,12,ITN 0%/IRS 0%/Larvicide 0%,0;0.4;0.4_0;0;0_0;0;0_-100;2;5475_-100;2;5475_-100;2;5475,12.7561643835616,Prevalence,4.26430979833741e-08
NbyGQVwzFc_loc12_loop6,12,ITN 0%/IRS 0%/Larvicide 0%,0;0.4;0.4_0;0;0_0;0;0_-100;2;5475_-100;2;5475_-100;2;5475,12.758904109589,Prevalence,4.25543582148257e-08
NbyGQVwzFc_loc12_loop6,12,ITN 0%/IRS 0%/Larvicide 0%,0;0.4;0.4_0;0;0_0;0;0_-100;2;5475_-100;2;5475_-100;2;5475,12.7616438356164,Prevalence,4.24659007876593e-08
NbyGQVwzFc_loc12_loop6,12,ITN 0%/IRS 0%/Larvicide 0%,0;0.4;0.4_0;0;0_0;0;0_-100;2;5475_-100;2;5475_-100;2;5475,12.7643835616438,Prevalence,4.2377724873086e-08
NbyGQVwzFc_loc12_loop6,12,ITN 0%/IRS 0%/Larvicide 0%,0;0.4;0.4_0;0;0_0;0;0_-100;2;5475_-100;2;5475_-100;2;5475,12.7671232876712,Prevalence,4.22898296641974e-08
NbyGQVwzFc_loc12_loop6,12,ITN 0%/IRS 0%/Larvicide 0%,0;0.4;0.4_0;0;0_0;0;0_-100;2;5475_-100;2;5475_-100;2;5475,12.7698630136986,Prevalence,4.22022143756741e-08
NbyGQVwzFc_loc12_loop6,12,ITN 0%/IRS 0%/Larvicide 0%,0;0.4;0.4_0;0;0_0;0;0_-100;2;5475_-100;2;5475_-100;2;5475,12.772602739726,Prevalence,4.21148782422704e-08
NbyGQVwzFc_loc12_loop6,12,ITN 0%/IRS 0%/Larvicide 0%,0;0.4;0.4_0;0;0_0;0;0_-100;2;5475_-100;2;5475_-100;2;5475,12.7753424657534,Prevalence,4.20278205172777e-08
NbyGQVwzFc_loc12_loop6,12,ITN 0%/IRS 0%/Larvicide 0%,0;0.4;0.4_0;0;0_0;0;0_-100;2;5475_-100;2;5475_-100;2;5475,12.7780821917808,Prevalence,4.19410404549076e-08
NbyGQVwzFc_loc12_loop6,12,ITN 0%/IRS 0%/Larvicide 0%,0;0.4;0.4_0;0;0_0;0;0_-100;2;5475_-100;2;5475_-100;2;5475,12.7808219178082,Prevalence,4.18545372675058e-08
NbyGQVwzFc_loc12_loop6,12,ITN 0%/IRS 0%/Larvicide 0%,0;0.4;0.4_0;0;0_0;0;0_-100;2;5475_-100;2;5475_-100;2;5475,12.7835616438356,Prevalence,4.17683101783053e-08
NbyGQVwzFc_loc12_loop6,12,ITN 0%/IRS 0%/Larvicide 0%,0;0.4;0.4_0;0;0_0;0;0_-100;2;5475_-100;2;5475_-100;2;5475,12.786301369863,Prevalence,4.16823584323256e-08
NbyGQVwzFc_loc12_loop6,12,ITN 0%/IRS 0%/Larvicide 0%,0;0.4;0.4_0;0;0_0;0;0_-100;2;5475_-100;2;5475_-100;2;5475,12.7890410958904,Prevalence,4.15966813001862e-08
NbyGQVwzFc_loc12_loop6,12,ITN 0%/IRS 0%/Larvicide 0%,0;0.4;0.4_0;0;0_0;0;0_-100;2;5475_-100;2;5475_-100;2;5475,12.7917808219178,Prevalence,4.1511278080741e-08
NbyGQVwzFc_loc12_loop6,12,ITN 0%/IRS 0%/Larvicide 0%,0;0.4;0.4_0;0;0_0;0;0_-100;2;5475_-100;2;5475_-100;2;5475,12.7945205479452,Prevalence,4.14261480991142e-08
NbyGQVwzFc_loc12_loop6,12,ITN 0%/IRS 0%/Larvicide 0%,0;0.4;0.4_0;0;0_0;0;0_-100;2;5475_-100;2;5475_-100;2;5475,12.7972602739726,Prevalence,4.13412907045249e-08
NbyGQVwzFc_loc12_loop6,12,ITN 0%/IRS 0%/Larvicide 0%,0;0.4;0.4_0;0;0_0;0;0_-100;2;5475_-100;2;5475_-100;2;5475,12.8,Prevalence,4.12567052488258e-08
NbyGQVwzFc_loc12_loop6,12,ITN 0%/IRS 0%/Larvicide 0%,0;0.4;0.4_0;0;0_0;0;0_-100;2;5475_-100;2;5475_-100;2;5475,12.8027397260274,Prevalence,4.1172391038892e-08
NbyGQVwzFc_loc12_loop6,12,ITN 0%/IRS 0%/Larvicide 0%,0;0.4;0.4_0;0;0_0;0;0_-100;2;5475_-100;2;5475_-100;2;5475,12.8054794520548,Prevalence,4.10883473975791e-08
NbyGQVwzFc_loc12_loop6,12,ITN 0%/IRS 0%/Larvicide 0%,0;0.4;0.4_0;0;0_0;0;0_-100;2;5475_-100;2;5475_-100;2;5475,12.8082191780822,Prevalence,4.10045736768686e-08
NbyGQVwzFc_loc12_loop6,12,ITN 0%/IRS 0%/Larvicide 0%,0;0.4;0.4_0;0;0_0;0;0_-100;2;5475_-100;2;5475_-100;2;5475,12.8109589041096,Prevalence,4.09210692589754e-08
NbyGQVwzFc_loc12_loop6,12,ITN 0%/IRS 0%/Larvicide 0%,0;0.4;0.4_0;0;0_0;0;0_-100;2;5475_-100;2;5475_-100;2;5475,12.813698630137,Prevalence,4.08378335585461e-08
NbyGQVwzFc_loc12_loop6,12,ITN 0%/IRS 0%/Larvicide 0%,0;0.4;0.4_0;0;0_0;0;0_-100;2;5475_-100;2;5475_-100;2;5475,12.8164383561644,Prevalence,4.07548659967262e-08
NbyGQVwzFc_loc12_loop6,12,ITN 0%/IRS 0%/Larvicide 0%,0;0.4;0.4_0;0;0_0;0;0_-100;2;5475_-100;2;5475_-100;2;5475,12.8191780821918,Prevalence,4.06721659499471e-08
NbyGQVwzFc_loc12_loop6,12,ITN 0%/IRS 0%/Larvicide 0%,0;0.4;0.4_0;0;0_0;0;0_-100;2;5475_-100;2;5475_-100;2;5475,12.8219178082192,Prevalence,4.05897328180171e-08
NbyGQVwzFc_loc12_loop6,12,ITN 0%/IRS 0%/Larvicide 0%,0;0.4;0.4_0;0;0_0;0;0_-100;2;5475_-100;2;5475_-100;2;5475,12.8246575342466,Prevalence,4.05075660378065e-08
NbyGQVwzFc_loc12_loop6,12,ITN 0%/IRS 0%/Larvicide 0%,0;0.4;0.4_0;0;0_0;0;0_-100;2;5475_-100;2;5475_-100;2;5475,12.827397260274,Prevalence,4.04256650615681e-08
NbyGQVwzFc_loc12_loop6,12,ITN 0%/IRS 0%/Larvicide 0%,0;0.4;0.4_0;0;0_0;0;0_-100;2;5475_-100;2;5475_-100;2;5475,12.8301369863014,Prevalence,4.03440293051829e-08
NbyGQVwzFc_loc12_loop6,12,ITN 0%/IRS 0%/Larvicide 0%,0;0.4;0.4_0;0;0_0;0;0_-100;2;5475_-100;2;5475_-100;2;5475,12.8328767123288,Prevalence,4.02626582170367e-08
NbyGQVwzFc_loc12_loop6,12,ITN 0%/IRS 0%/Larvicide 0%,0;0.4;0.4_0;0;0_0;0;0_-100;2;5475_-100;2;5475_-100;2;5475,12.8356164383562,Prevalence,4.01815512779517e-08
NbyGQVwzFc_loc12_loop6,12,ITN 0%/IRS 0%/Larvicide 0%,0;0.4;0.4_0;0;0_0;0;0_-100;2;5475_-100;2;5475_-100;2;5475,12.8383561643836,Prevalence,4.01007079476501e-08
NbyGQVwzFc_loc12_loop6,12,ITN 0%/IRS 0%/Larvicide 0%,0;0.4;0.4_0;0;0_0;0;0_-100;2;5475_-100;2;5475_-100;2;5475,12.841095890411,Prevalence,4.00201277273523e-08
NbyGQVwzFc_loc12_loop6,12,ITN 0%/IRS 0%/Larvicide 0%,0;0.4;0.4_0;0;0_0;0;0_-100;2;5475_-100;2;5475_-100;2;5475,12.8438356164384,Prevalence,3.99398101615695e-08
NbyGQVwzFc_loc12_loop6,12,ITN 0%/IRS 0%/Larvicide 0%,0;0.4;0.4_0;0;0_0;0;0_-100;2;5475_-100;2;5475_-100;2;5475,12.8465753424658,Prevalence,3.98597547731275e-08
NbyGQVwzFc_loc12_loop6,12,ITN 0%/IRS 0%/Larvicide 0%,0;0.4;0.4_0;0;0_0;0;0_-100;2;5475_-100;2;5475_-100;2;5475,12.8493150684932,Prevalence,3.97799610324234e-08
NbyGQVwzFc_loc12_loop6,12,ITN 0%/IRS 0%/Larvicide 0%,0;0.4;0.4_0;0;0_0;0;0_-100;2;5475_-100;2;5475_-100;2;5475,12.8520547945206,Prevalence,3.97004284661425e-08
NbyGQVwzFc_loc12_loop6,12,ITN 0%/IRS 0%/Larvicide 0%,0;0.4;0.4_0;0;0_0;0;0_-100;2;5475_-100;2;5475_-100;2;5475,12.8547945205479,Prevalence,3.96211566604029e-08
NbyGQVwzFc_loc12_loop6,12,ITN 0%/IRS 0%/Larvicide 0%,0;0.4;0.4_0;0;0_0;0;0_-100;2;5475_-100;2;5475_-100;2;5475,12.8575342465753,Prevalence,3.95421452114737e-08
NbyGQVwzFc_loc12_loop6,12,ITN 0%/IRS 0%/Larvicide 0%,0;0.4;0.4_0;0;0_0;0;0_-100;2;5475_-100;2;5475_-100;2;5475,12.8602739726027,Prevalence,3.94633936993103e-08
NbyGQVwzFc_loc12_loop6,12,ITN 0%/IRS 0%/Larvicide 0%,0;0.4;0.4_0;0;0_0;0;0_-100;2;5475_-100;2;5475_-100;2;5475,12.8630136986301,Prevalence,3.93849017329173e-08
NbyGQVwzFc_loc12_loop6,12,ITN 0%/IRS 0%/Larvicide 0%,0;0.4;0.4_0;0;0_0;0;0_-100;2;5475_-100;2;5475_-100;2;5475,12.8657534246575,Prevalence,3.93066689662442e-08
NbyGQVwzFc_loc12_loop6,12,ITN 0%/IRS 0%/Larvicide 0%,0;0.4;0.4_0;0;0_0;0;0_-100;2;5475_-100;2;5475_-100;2;5475,12.8684931506849,Prevalence,3.92286950409703e-08
NbyGQVwzFc_loc12_loop6,12,ITN 0%/IRS 0%/Larvicide 0%,0;0.4;0.4_0;0;0_0;0;0_-100;2;5475_-100;2;5475_-100;2;5475,12.8712328767123,Prevalence,3.91509795971211e-08
NbyGQVwzFc_loc12_loop6,12,ITN 0%/IRS 0%/Larvicide 0%,0;0.4;0.4_0;0;0_0;0;0_-100;2;5475_-100;2;5475_-100;2;5475,12.8739726027397,Prevalence,3.90735222479611e-08
NbyGQVwzFc_loc12_loop6,12,ITN 0%/IRS 0%/Larvicide 0%,0;0.4;0.4_0;0;0_0;0;0_-100;2;5475_-100;2;5475_-100;2;5475,12.8767123287671,Prevalence,3.89963226425755e-08
NbyGQVwzFc_loc12_loop6,12,ITN 0%/IRS 0%/Larvicide 0%,0;0.4;0.4_0;0;0_0;0;0_-100;2;5475_-100;2;5475_-100;2;5475,12.8794520547945,Prevalence,3.89193804927084e-08
NbyGQVwzFc_loc12_loop6,12,ITN 0%/IRS 0%/Larvicide 0%,0;0.4;0.4_0;0;0_0;0;0_-100;2;5475_-100;2;5475_-100;2;5475,12.8821917808219,Prevalence,3.88426955035078e-08
NbyGQVwzFc_loc12_loop6,12,ITN 0%/IRS 0%/Larvicide 0%,0;0.4;0.4_0;0;0_0;0;0_-100;2;5475_-100;2;5475_-100;2;5475,12.8849315068493,Prevalence,3.87662673696714e-08
NbyGQVwzFc_loc12_loop6,12,ITN 0%/IRS 0%/Larvicide 0%,0;0.4;0.4_0;0;0_0;0;0_-100;2;5475_-100;2;5475_-100;2;5475,12.8876712328767,Prevalence,3.86900957940394e-08
NbyGQVwzFc_loc12_loop6,12,ITN 0%/IRS 0%/Larvicide 0%,0;0.4;0.4_0;0;0_0;0;0_-100;2;5475_-100;2;5475_-100;2;5475,12.8904109589041,Prevalence,3.86141805091803e-08
NbyGQVwzFc_loc12_loop6,12,ITN 0%/IRS 0%/Larvicide 0%,0;0.4;0.4_0;0;0_0;0;0_-100;2;5475_-100;2;5475_-100;2;5475,12.8931506849315,Prevalence,3.85385212368859e-08
NbyGQVwzFc_loc12_loop6,12,ITN 0%/IRS 0%/Larvicide 0%,0;0.4;0.4_0;0;0_0;0;0_-100;2;5475_-100;2;5475_-100;2;5475,12.8958904109589,Prevalence,3.84631177319348e-08
NbyGQVwzFc_loc12_loop6,12,ITN 0%/IRS 0%/Larvicide 0%,0;0.4;0.4_0;0;0_0;0;0_-100;2;5475_-100;2;5475_-100;2;5475,12.8986301369863,Prevalence,3.83879697698232e-08
NbyGQVwzFc_loc12_loop6,12,ITN 0%/IRS 0%/Larvicide 0%,0;0.4;0.4_0;0;0_0;0;0_-100;2;5475_-100;2;5475_-100;2;5475,12.9013698630137,Prevalence,3.83130771288067e-08
NbyGQVwzFc_loc12_loop6,12,ITN 0%/IRS 0%/Larvicide 0%,0;0.4;0.4_0;0;0_0;0;0_-100;2;5475_-100;2;5475_-100;2;5475,12.9041095890411,Prevalence,3.82384396231839e-08
NbyGQVwzFc_loc12_loop6,12,ITN 0%/IRS 0%/Larvicide 0%,0;0.4;0.4_0;0;0_0;0;0_-100;2;5475_-100;2;5475_-100;2;5475,12.9068493150685,Prevalence,3.81640570670584e-08
NbyGQVwzFc_loc12_loop6,12,ITN 0%/IRS 0%/Larvicide 0%,0;0.4;0.4_0;0;0_0;0;0_-100;2;5475_-100;2;5475_-100;2;5475,12.9095890410959,Prevalence,3.80899292826476e-08
NbyGQVwzFc_loc12_loop6,12,ITN 0%/IRS 0%/Larvicide 0%,0;0.4;0.4_0;0;0_0;0;0_-100;2;5475_-100;2;5475_-100;2;5475,12.9123287671233,Prevalence,3.80160560865935e-08
NbyGQVwzFc_loc12_loop6,12,ITN 0%/IRS 0%/Larvicide 0%,0;0.4;0.4_0;0;0_0;0;0_-100;2;5475_-100;2;5475_-100;2;5475,12.9150684931507,Prevalence,3.79424373381924e-08
NbyGQVwzFc_loc12_loop6,12,ITN 0%/IRS 0%/Larvicide 0%,0;0.4;0.4_0;0;0_0;0;0_-100;2;5475_-100;2;5475_-100;2;5475,12.9178082191781,Prevalence,3.78690728700734e-08
NbyGQVwzFc_loc12_loop6,12,ITN 0%/IRS 0%/Larvicide 0%,0;0.4;0.4_0;0;0_0;0;0_-100;2;5475_-100;2;5475_-100;2;5475,12.9205479452055,Prevalence,3.77959625487403e-08
NbyGQVwzFc_loc12_loop6,12,ITN 0%/IRS 0%/Larvicide 0%,0;0.4;0.4_0;0;0_0;0;0_-100;2;5475_-100;2;5475_-100;2;5475,12.9232876712329,Prevalence,3.77231062600027e-08
NbyGQVwzFc_loc12_loop6,12,ITN 0%/IRS 0%/Larvicide 0%,0;0.4;0.4_0;0;0_0;0;0_-100;2;5475_-100;2;5475_-100;2;5475,12.9260273972603,Prevalence,3.76505039046034e-08
NbyGQVwzFc_loc12_loop6,12,ITN 0%/IRS 0%/Larvicide 0%,0;0.4;0.4_0;0;0_0;0;0_-100;2;5475_-100;2;5475_-100;2;5475,12.9287671232877,Prevalence,3.75781554289993e-08
NbyGQVwzFc_loc12_loop6,12,ITN 0%/IRS 0%/Larvicide 0%,0;0.4;0.4_0;0;0_0;0;0_-100;2;5475_-100;2;5475_-100;2;5475,12.9315068493151,Prevalence,3.75060607543139e-08
NbyGQVwzFc_loc12_loop6,12,ITN 0%/IRS 0%/Larvicide 0%,0;0.4;0.4_0;0;0_0;0;0_-100;2;5475_-100;2;5475_-100;2;5475,12.9342465753425,Prevalence,3.74342198392689e-08
NbyGQVwzFc_loc12_loop6,12,ITN 0%/IRS 0%/Larvicide 0%,0;0.4;0.4_0;0;0_0;0;0_-100;2;5475_-100;2;5475_-100;2;5475,12.9369863013699,Prevalence,3.73626326351756e-08
NbyGQVwzFc_loc12_loop6,12,ITN 0%/IRS 0%/Larvicide 0%,0;0.4;0.4_0;0;0_0;0;0_-100;2;5475_-100;2;5475_-100;2;5475,12.9397260273973,Prevalence,3.72912990746178e-08
NbyGQVwzFc_loc12_loop6,12,ITN 0%/IRS 0%/Larvicide 0%,0;0.4;0.4_0;0;0_0;0;0_-100;2;5475_-100;2;5475_-100;2;5475,12.9424657534247,Prevalence,3.72202191101329e-08
NbyGQVwzFc_loc12_loop6,12,ITN 0%/IRS 0%/Larvicide 0%,0;0.4;0.4_0;0;0_0;0;0_-100;2;5475_-100;2;5475_-100;2;5475,12.9452054794521,Prevalence,3.71493927661962e-08
NbyGQVwzFc_loc12_loop6,12,ITN 0%/IRS 0%/Larvicide 0%,0;0.4;0.4_0;0;0_0;0;0_-100;2;5475_-100;2;5475_-100;2;5475,12.9479452054795,Prevalence,3.70788200894029e-08
NbyGQVwzFc_loc12_loop6,12,ITN 0%/IRS 0%/Larvicide 0%,0;0.4;0.4_0;0;0_0;0;0_-100;2;5475_-100;2;5475_-100;2;5475,12.9506849315068,Prevalence,3.70085011257406e-08
NbyGQVwzFc_loc12_loop6,12,ITN 0%/IRS 0%/Larvicide 0%,0;0.4;0.4_0;0;0_0;0;0_-100;2;5475_-100;2;5475_-100;2;5475,12.9534246575342,Prevalence,3.69384359583896e-08
NbyGQVwzFc_loc12_loop6,12,ITN 0%/IRS 0%/Larvicide 0%,0;0.4;0.4_0;0;0_0;0;0_-100;2;5475_-100;2;5475_-100;2;5475,12.9561643835616,Prevalence,3.68686247339232e-08
NbyGQVwzFc_loc12_loop6,12,ITN 0%/IRS 0%/Larvicide 0%,0;0.4;0.4_0;0;0_0;0;0_-100;2;5475_-100;2;5475_-100;2;5475,12.958904109589,Prevalence,3.67990675500532e-08
NbyGQVwzFc_loc12_loop6,12,ITN 0%/IRS 0%/Larvicide 0%,0;0.4;0.4_0;0;0_0;0;0_-100;2;5475_-100;2;5475_-100;2;5475,12.9616438356164,Prevalence,3.67297645203024e-08
NbyGQVwzFc_loc12_loop6,12,ITN 0%/IRS 0%/Larvicide 0%,0;0.4;0.4_0;0;0_0;0;0_-100;2;5475_-100;2;5475_-100;2;5475,12.9643835616438,Prevalence,3.66607158314849e-08
NbyGQVwzFc_loc12_loop6,12,ITN 0%/IRS 0%/Larvicide 0%,0;0.4;0.4_0;0;0_0;0;0_-100;2;5475_-100;2;5475_-100;2;5475,12.9671232876712,Prevalence,3.65919216331813e-08
NbyGQVwzFc_loc12_loop6,12,ITN 0%/IRS 0%/Larvicide 0%,0;0.4;0.4_0;0;0_0;0;0_-100;2;5475_-100;2;5475_-100;2;5475,12.9698630136986,Prevalence,3.65233820606401e-08
NbyGQVwzFc_loc12_loop6,12,ITN 0%/IRS 0%/Larvicide 0%,0;0.4;0.4_0;0;0_0;0;0_-100;2;5475_-100;2;5475_-100;2;5475,12.972602739726,Prevalence,3.64550972311761e-08
NbyGQVwzFc_loc12_loop6,12,ITN 0%/IRS 0%/Larvicide 0%,0;0.4;0.4_0;0;0_0;0;0_-100;2;5475_-100;2;5475_-100;2;5475,12.9753424657534,Prevalence,3.63870673948141e-08
NbyGQVwzFc_loc12_loop6,12,ITN 0%/IRS 0%/Larvicide 0%,0;0.4;0.4_0;0;0_0;0;0_-100;2;5475_-100;2;5475_-100;2;5475,12.9780821917808,Prevalence,3.63192927953486e-08
NbyGQVwzFc_loc12_loop6,12,ITN 0%/IRS 0%/Larvicide 0%,0;0.4;0.4_0;0;0_0;0;0_-100;2;5475_-100;2;5475_-100;2;5475,12.9808219178082,Prevalence,3.62517736724725e-08
NbyGQVwzFc_loc12_loop6,12,ITN 0%/IRS 0%/Larvicide 0%,0;0.4;0.4_0;0;0_0;0;0_-100;2;5475_-100;2;5475_-100;2;5475,12.9835616438356,Prevalence,3.6184510213304e-08
NbyGQVwzFc_loc12_loop6,12,ITN 0%/IRS 0%/Larvicide 0%,0;0.4;0.4_0;0;0_0;0;0_-100;2;5475_-100;2;5475_-100;2;5475,12.986301369863,Prevalence,3.61175026400268e-08
NbyGQVwzFc_loc12_loop6,12,ITN 0%/IRS 0%/Larvicide 0%,0;0.4;0.4_0;0;0_0;0;0_-100;2;5475_-100;2;5475_-100;2;5475,12.9890410958904,Prevalence,3.60507513348043e-08
NbyGQVwzFc_loc12_loop6,12,ITN 0%/IRS 0%/Larvicide 0%,0;0.4;0.4_0;0;0_0;0;0_-100;2;5475_-100;2;5475_-100;2;5475,12.9917808219178,Prevalence,3.59842566147184e-08
NbyGQVwzFc_loc12_loop6,12,ITN 0%/IRS 0%/Larvicide 0%,0;0.4;0.4_0;0;0_0;0;0_-100;2;5475_-100;2;5475_-100;2;5475,12.9945205479452,Prevalence,3.59180188632593e-08
NbyGQVwzFc_loc12_loop6,12,ITN 0%/IRS 0%/Larvicide 0%,0;0.4;0.4_0;0;0_0;0;0_-100;2;5475_-100;2;5475_-100;2;5475,12.9972602739726,Prevalence,3.5852038550138e-08
NbyGQVwzFc_loc12_loop6,12,ITN 0%/IRS 0%/Larvicide 0%,0;0.4;0.4_0;0;0_0;0;0_-100;2;5475_-100;2;5475_-100;2;5475,13,Prevalence,3.57863161599803e-08
NbyGQVwzFc_loc12_loop6,12,ITN 0%/IRS 0%/Larvicide 0%,0;0.4;0.4_0;0;0_0;0;0_-100;2;5475_-100;2;5475_-100;2;5475,13.0027397260274,Prevalence,3.57208520670764e-08
NbyGQVwzFc_loc12_loop6,12,ITN 0%/IRS 0%/Larvicide 0%,0;0.4;0.4_0;0;0_0;0;0_-100;2;5475_-100;2;5475_-100;2;5475,13.0054794520548,Prevalence,3.56556467035801e-08
NbyGQVwzFc_loc12_loop6,12,ITN 0%/IRS 0%/Larvicide 0%,0;0.4;0.4_0;0;0_0;0;0_-100;2;5475_-100;2;5475_-100;2;5475,13.0082191780822,Prevalence,3.5590700517216e-08
NbyGQVwzFc_loc12_loop6,12,ITN 0%/IRS 0%/Larvicide 0%,0;0.4;0.4_0;0;0_0;0;0_-100;2;5475_-100;2;5475_-100;2;5475,13.0109589041096,Prevalence,3.55260140141399e-08
NbyGQVwzFc_loc12_loop6,12,ITN 0%/IRS 0%/Larvicide 0%,0;0.4;0.4_0;0;0_0;0;0_-100;2;5475_-100;2;5475_-100;2;5475,13.013698630137,Prevalence,3.54615877279266e-08
NbyGQVwzFc_loc12_loop6,12,ITN 0%/IRS 0%/Larvicide 0%,0;0.4;0.4_0;0;0_0;0;0_-100;2;5475_-100;2;5475_-100;2;5475,13.0164383561644,Prevalence,3.53974221867093e-08
NbyGQVwzFc_loc12_loop6,12,ITN 0%/IRS 0%/Larvicide 0%,0;0.4;0.4_0;0;0_0;0;0_-100;2;5475_-100;2;5475_-100;2;5475,13.0191780821918,Prevalence,3.53335178957832e-08
NbyGQVwzFc_loc12_loop6,12,ITN 0%/IRS 0%/Larvicide 0%,0;0.4;0.4_0;0;0_0;0;0_-100;2;5475_-100;2;5475_-100;2;5475,13.0219178082192,Prevalence,3.5269875447969e-08
NbyGQVwzFc_loc12_loop6,12,ITN 0%/IRS 0%/Larvicide 0%,0;0.4;0.4_0;0;0_0;0;0_-100;2;5475_-100;2;5475_-100;2;5475,13.0246575342466,Prevalence,3.52064954999207e-08
NbyGQVwzFc_loc12_loop6,12,ITN 0%/IRS 0%/Larvicide 0%,0;0.4;0.4_0;0;0_0;0;0_-100;2;5475_-100;2;5475_-100;2;5475,13.027397260274,Prevalence,3.51433786550543e-08
NbyGQVwzFc_loc12_loop6,12,ITN 0%/IRS 0%/Larvicide 0%,0;0.4;0.4_0;0;0_0;0;0_-100;2;5475_-100;2;5475_-100;2;5475,13.0301369863014,Prevalence,3.50805255550736e-08
NbyGQVwzFc_loc12_loop6,12,ITN 0%/IRS 0%/Larvicide 0%,0;0.4;0.4_0;0;0_0;0;0_-100;2;5475_-100;2;5475_-100;2;5475,13.0328767123288,Prevalence,3.50179368129302e-08
NbyGQVwzFc_loc12_loop6,12,ITN 0%/IRS 0%/Larvicide 0%,0;0.4;0.4_0;0;0_0;0;0_-100;2;5475_-100;2;5475_-100;2;5475,13.0356164383562,Prevalence,3.49556131007003e-08
NbyGQVwzFc_loc12_loop6,12,ITN 0%/IRS 0%/Larvicide 0%,0;0.4;0.4_0;0;0_0;0;0_-100;2;5475_-100;2;5475_-100;2;5475,13.0383561643836,Prevalence,3.48935550785908e-08
NbyGQVwzFc_loc12_loop6,12,ITN 0%/IRS 0%/Larvicide 0%,0;0.4;0.4_0;0;0_0;0;0_-100;2;5475_-100;2;5475_-100;2;5475,13.041095890411,Prevalence,3.4831763478978e-08
NbyGQVwzFc_loc12_loop6,12,ITN 0%/IRS 0%/Larvicide 0%,0;0.4;0.4_0;0;0_0;0;0_-100;2;5475_-100;2;5475_-100;2;5475,13.0438356164384,Prevalence,3.4770239034022e-08
NbyGQVwzFc_loc12_loop6,12,ITN 0%/IRS 0%/Larvicide 0%,0;0.4;0.4_0;0;0_0;0;0_-100;2;5475_-100;2;5475_-100;2;5475,13.0465753424658,Prevalence,3.47089825567056e-08
NbyGQVwzFc_loc12_loop6,12,ITN 0%/IRS 0%/Larvicide 0%,0;0.4;0.4_0;0;0_0;0;0_-100;2;5475_-100;2;5475_-100;2;5475,13.0493150684932,Prevalence,3.46479947960466e-08
NbyGQVwzFc_loc12_loop6,12,ITN 0%/IRS 0%/Larvicide 0%,0;0.4;0.4_0;0;0_0;0;0_-100;2;5475_-100;2;5475_-100;2;5475,13.0520547945205,Prevalence,3.45872763895927e-08
NbyGQVwzFc_loc12_loop6,12,ITN 0%/IRS 0%/Larvicide 0%,0;0.4;0.4_0;0;0_0;0;0_-100;2;5475_-100;2;5475_-100;2;5475,13.0547945205479,Prevalence,3.45268281722489e-08
NbyGQVwzFc_loc12_loop6,12,ITN 0%/IRS 0%/Larvicide 0%,0;0.4;0.4_0;0;0_0;0;0_-100;2;5475_-100;2;5475_-100;2;5475,13.0575342465753,Prevalence,3.44666510966526e-08
NbyGQVwzFc_loc12_loop6,12,ITN 0%/IRS 0%/Larvicide 0%,0;0.4;0.4_0;0;0_0;0;0_-100;2;5475_-100;2;5475_-100;2;5475,13.0602739726027,Prevalence,3.4406745996598e-08
NbyGQVwzFc_loc12_loop6,12,ITN 0%/IRS 0%/Larvicide 0%,0;0.4;0.4_0;0;0_0;0;0_-100;2;5475_-100;2;5475_-100;2;5475,13.0630136986301,Prevalence,3.43471138109321e-08
NbyGQVwzFc_loc12_loop6,12,ITN 0%/IRS 0%/Larvicide 0%,0;0.4;0.4_0;0;0_0;0;0_-100;2;5475_-100;2;5475_-100;2;5475,13.0657534246575,Prevalence,3.42877554074042e-08
NbyGQVwzFc_loc12_loop6,12,ITN 0%/IRS 0%/Larvicide 0%,0;0.4;0.4_0;0;0_0;0;0_-100;2;5475_-100;2;5475_-100;2;5475,13.0684931506849,Prevalence,3.42286716124951e-08
NbyGQVwzFc_loc12_loop6,12,ITN 0%/IRS 0%/Larvicide 0%,0;0.4;0.4_0;0;0_0;0;0_-100;2;5475_-100;2;5475_-100;2;5475,13.0712328767123,Prevalence,3.41698634338042e-08
NbyGQVwzFc_loc12_loop6,12,ITN 0%/IRS 0%/Larvicide 0%,0;0.4;0.4_0;0;0_0;0;0_-100;2;5475_-100;2;5475_-100;2;5475,13.0739726027397,Prevalence,3.41113320132095e-08
NbyGQVwzFc_loc12_loop6,12,ITN 0%/IRS 0%/Larvicide 0%,0;0.4;0.4_0;0;0_0;0;0_-100;2;5475_-100;2;5475_-100;2;5475,13.0767123287671,Prevalence,3.40530784222181e-08
NbyGQVwzFc_loc12_loop6,12,ITN 0%/IRS 0%/Larvicide 0%,0;0.4;0.4_0;0;0_0;0;0_-100;2;5475_-100;2;5475_-100;2;5475,13.0794520547945,Prevalence,3.3995103816559e-08
NbyGQVwzFc_loc12_loop6,12,ITN 0%/IRS 0%/Larvicide 0%,0;0.4;0.4_0;0;0_0;0;0_-100;2;5475_-100;2;5475_-100;2;5475,13.0821917808219,Prevalence,3.39374094199228e-08
NbyGQVwzFc_loc12_loop6,12,ITN 0%/IRS 0%/Larvicide 0%,0;0.4;0.4_0;0;0_0;0;0_-100;2;5475_-100;2;5475_-100;2;5475,13.0849315068493,Prevalence,3.38799962677339e-08
NbyGQVwzFc_loc12_loop6,12,ITN 0%/IRS 0%/Larvicide 0%,0;0.4;0.4_0;0;0_0;0;0_-100;2;5475_-100;2;5475_-100;2;5475,13.0876712328767,Prevalence,3.38228653379207e-08
NbyGQVwzFc_loc12_loop6,12,ITN 0%/IRS 0%/Larvicide 0%,0;0.4;0.4_0;0;0_0;0;0_-100;2;5475_-100;2;5475_-100;2;5475,13.0904109589041,Prevalence,3.37660177633513e-08
NbyGQVwzFc_loc12_loop6,12,ITN 0%/IRS 0%/Larvicide 0%,0;0.4;0.4_0;0;0_0;0;0_-100;2;5475_-100;2;5475_-100;2;5475,13.0931506849315,Prevalence,3.37094546690452e-08
NbyGQVwzFc_loc12_loop6,12,ITN 0%/IRS 0%/Larvicide 0%,0;0.4;0.4_0;0;0_0;0;0_-100;2;5475_-100;2;5475_-100;2;5475,13.0958904109589,Prevalence,3.36531773334596e-08
NbyGQVwzFc_loc12_loop6,12,ITN 0%/IRS 0%/Larvicide 0%,0;0.4;0.4_0;0;0_0;0;0_-100;2;5475_-100;2;5475_-100;2;5475,13.0986301369863,Prevalence,3.35971870637662e-08
NbyGQVwzFc_loc12_loop6,12,ITN 0%/IRS 0%/Larvicide 0%,0;0.4;0.4_0;0;0_0;0;0_-100;2;5475_-100;2;5475_-100;2;5475,13.1013698630137,Prevalence,3.3541485310401e-08
NbyGQVwzFc_loc12_loop6,12,ITN 0%/IRS 0%/Larvicide 0%,0;0.4;0.4_0;0;0_0;0;0_-100;2;5475_-100;2;5475_-100;2;5475,13.1041095890411,Prevalence,3.34860734406461e-08
NbyGQVwzFc_loc12_loop6,12,ITN 0%/IRS 0%/Larvicide 0%,0;0.4;0.4_0;0;0_0;0;0_-100;2;5475_-100;2;5475_-100;2;5475,13.1068493150685,Prevalence,3.34309527909179e-08
NbyGQVwzFc_loc12_loop6,12,ITN 0%/IRS 0%/Larvicide 0%,0;0.4;0.4_0;0;0_0;0;0_-100;2;5475_-100;2;5475_-100;2;5475,13.1095890410959,Prevalence,3.3376124620901e-08
NbyGQVwzFc_loc12_loop6,12,ITN 0%/IRS 0%/Larvicide 0%,0;0.4;0.4_0;0;0_0;0;0_-100;2;5475_-100;2;5475_-100;2;5475,13.1123287671233,Prevalence,3.33215903005138e-08
NbyGQVwzFc_loc12_loop6,12,ITN 0%/IRS 0%/Larvicide 0%,0;0.4;0.4_0;0;0_0;0;0_-100;2;5475_-100;2;5475_-100;2;5475,13.1150684931507,Prevalence,3.32673513179086e-08
NbyGQVwzFc_loc12_loop6,12,ITN 0%/IRS 0%/Larvicide 0%,0;0.4;0.4_0;0;0_0;0;0_-100;2;5475_-100;2;5475_-100;2;5475,13.1178082191781,Prevalence,3.32134092580087e-08
NbyGQVwzFc_loc12_loop6,12,ITN 0%/IRS 0%/Larvicide 0%,0;0.4;0.4_0;0;0_0;0;0_-100;2;5475_-100;2;5475_-100;2;5475,13.1205479452055,Prevalence,3.31597657335565e-08
NbyGQVwzFc_loc12_loop6,12,ITN 0%/IRS 0%/Larvicide 0%,0;0.4;0.4_0;0;0_0;0;0_-100;2;5475_-100;2;5475_-100;2;5475,13.1232876712329,Prevalence,3.31064223647237e-08
NbyGQVwzFc_loc12_loop6,12,ITN 0%/IRS 0%/Larvicide 0%,0;0.4;0.4_0;0;0_0;0;0_-100;2;5475_-100;2;5475_-100;2;5475,13.1260273972603,Prevalence,3.30533808422965e-08
NbyGQVwzFc_loc12_loop6,12,ITN 0%/IRS 0%/Larvicide 0%,0;0.4;0.4_0;0;0_0;0;0_-100;2;5475_-100;2;5475_-100;2;5475,13.1287671232877,Prevalence,3.30006428507367e-08
NbyGQVwzFc_loc12_loop6,12,ITN 0%/IRS 0%/Larvicide 0%,0;0.4;0.4_0;0;0_0;0;0_-100;2;5475_-100;2;5475_-100;2;5475,13.1315068493151,Prevalence,3.29482100533595e-08
NbyGQVwzFc_loc12_loop6,12,ITN 0%/IRS 0%/Larvicide 0%,0;0.4;0.4_0;0;0_0;0;0_-100;2;5475_-100;2;5475_-100;2;5475,13.1342465753425,Prevalence,3.28960841223529e-08
NbyGQVwzFc_loc12_loop6,12,ITN 0%/IRS 0%/Larvicide 0%,0;0.4;0.4_0;0;0_0;0;0_-100;2;5475_-100;2;5475_-100;2;5475,13.1369863013699,Prevalence,3.28442667633085e-08
NbyGQVwzFc_loc12_loop6,12,ITN 0%/IRS 0%/Larvicide 0%,0;0.4;0.4_0;0;0_0;0;0_-100;2;5475_-100;2;5475_-100;2;5475,13.1397260273973,Prevalence,3.27927597278379e-08
NbyGQVwzFc_loc12_loop6,12,ITN 0%/IRS 0%/Larvicide 0%,0;0.4;0.4_0;0;0_0;0;0_-100;2;5475_-100;2;5475_-100;2;5475,13.1424657534247,Prevalence,3.27415648245361e-08
NbyGQVwzFc_loc12_loop6,12,ITN 0%/IRS 0%/Larvicide 0%,0;0.4;0.4_0;0;0_0;0;0_-100;2;5475_-100;2;5475_-100;2;5475,13.1452054794521,Prevalence,3.2690683868041e-08
NbyGQVwzFc_loc12_loop6,12,ITN 0%/IRS 0%/Larvicide 0%,0;0.4;0.4_0;0;0_0;0;0_-100;2;5475_-100;2;5475_-100;2;5475,13.1479452054795,Prevalence,3.2640118528178e-08
NbyGQVwzFc_loc12_loop6,12,ITN 0%/IRS 0%/Larvicide 0%,0;0.4;0.4_0;0;0_0;0;0_-100;2;5475_-100;2;5475_-100;2;5475,13.1506849315068,Prevalence,3.25898706269889e-08
NbyGQVwzFc_loc12_loop6,12,ITN 0%/IRS 0%/Larvicide 0%,0;0.4;0.4_0;0;0_0;0;0_-100;2;5475_-100;2;5475_-100;2;5475,13.1534246575342,Prevalence,3.25399421120801e-08
NbyGQVwzFc_loc12_loop6,12,ITN 0%/IRS 0%/Larvicide 0%,0;0.4;0.4_0;0;0_0;0;0_-100;2;5475_-100;2;5475_-100;2;5475,13.1561643835616,Prevalence,3.24903348330613e-08
NbyGQVwzFc_loc12_loop6,12,ITN 0%/IRS 0%/Larvicide 0%,0;0.4;0.4_0;0;0_0;0;0_-100;2;5475_-100;2;5475_-100;2;5475,13.158904109589,Prevalence,3.24410507761812e-08
NbyGQVwzFc_loc12_loop6,12,ITN 0%/IRS 0%/Larvicide 0%,0;0.4;0.4_0;0;0_0;0;0_-100;2;5475_-100;2;5475_-100;2;5475,13.1616438356164,Prevalence,3.23920919571266e-08
NbyGQVwzFc_loc12_loop6,12,ITN 0%/IRS 0%/Larvicide 0%,0;0.4;0.4_0;0;0_0;0;0_-100;2;5475_-100;2;5475_-100;2;5475,13.1643835616438,Prevalence,3.23434604827138e-08
NbyGQVwzFc_loc12_loop6,12,ITN 0%/IRS 0%/Larvicide 0%,0;0.4;0.4_0;0;0_0;0;0_-100;2;5475_-100;2;5475_-100;2;5475,13.1671232876712,Prevalence,3.22951583640034e-08
NbyGQVwzFc_loc12_loop6,12,ITN 0%/IRS 0%/Larvicide 0%,0;0.4;0.4_0;0;0_0;0;0_-100;2;5475_-100;2;5475_-100;2;5475,13.1698630136986,Prevalence,3.22471877611346e-08
NbyGQVwzFc_loc12_loop6,12,ITN 0%/IRS 0%/Larvicide 0%,0;0.4;0.4_0;0;0_0;0;0_-100;2;5475_-100;2;5475_-100;2;5475,13.172602739726,Prevalence,3.21995508134566e-08
NbyGQVwzFc_loc12_loop6,12,ITN 0%/IRS 0%/Larvicide 0%,0;0.4;0.4_0;0;0_0;0;0_-100;2;5475_-100;2;5475_-100;2;5475,13.1753424657534,Prevalence,3.21522497852615e-08
NbyGQVwzFc_loc12_loop6,12,ITN 0%/IRS 0%/Larvicide 0%,0;0.4;0.4_0;0;0_0;0;0_-100;2;5475_-100;2;5475_-100;2;5475,13.1780821917808,Prevalence,3.21052869177482e-08
NbyGQVwzFc_loc12_loop6,12,ITN 0%/IRS 0%/Larvicide 0%,0;0.4;0.4_0;0;0_0;0;0_-100;2;5475_-100;2;5475_-100;2;5475,13.1808219178082,Prevalence,3.20586645198654e-08
NbyGQVwzFc_loc12_loop6,12,ITN 0%/IRS 0%/Larvicide 0%,0;0.4;0.4_0;0;0_0;0;0_-100;2;5475_-100;2;5475_-100;2;5475,13.1835616438356,Prevalence,3.20123849122091e-08
NbyGQVwzFc_loc12_loop6,12,ITN 0%/IRS 0%/Larvicide 0%,0;0.4;0.4_0;0;0_0;0;0_-100;2;5475_-100;2;5475_-100;2;5475,13.186301369863,Prevalence,3.19664504437666e-08
NbyGQVwzFc_loc12_loop6,12,ITN 0%/IRS 0%/Larvicide 0%,0;0.4;0.4_0;0;0_0;0;0_-100;2;5475_-100;2;5475_-100;2;5475,13.1890410958904,Prevalence,3.19208635561418e-08
NbyGQVwzFc_loc12_loop6,12,ITN 0%/IRS 0%/Larvicide 0%,0;0.4;0.4_0;0;0_0;0;0_-100;2;5475_-100;2;5475_-100;2;5475,13.1917808219178,Prevalence,3.18756266789905e-08
NbyGQVwzFc_loc12_loop6,12,ITN 0%/IRS 0%/Larvicide 0%,0;0.4;0.4_0;0;0_0;0;0_-100;2;5475_-100;2;5475_-100;2;5475,13.1945205479452,Prevalence,3.18307422932131e-08
NbyGQVwzFc_loc12_loop6,12,ITN 0%/IRS 0%/Larvicide 0%,0;0.4;0.4_0;0;0_0;0;0_-100;2;5475_-100;2;5475_-100;2;5475,13.1972602739726,Prevalence,3.17862130274057e-08
NbyGQVwzFc_loc12_loop6,12,ITN 0%/IRS 0%/Larvicide 0%,0;0.4;0.4_0;0;0_0;0;0_-100;2;5475_-100;2;5475_-100;2;5475,13.2,Prevalence,3.17420414756757e-08
NbyGQVwzFc_loc12_loop6,12,ITN 0%/IRS 0%/Larvicide 0%,0;0.4;0.4_0;0;0_0;0;0_-100;2;5475_-100;2;5475_-100;2;5475,13.2027397260274,Prevalence,3.16982302458924e-08
NbyGQVwzFc_loc12_loop6,12,ITN 0%/IRS 0%/Larvicide 0%,0;0.4;0.4_0;0;0_0;0;0_-100;2;5475_-100;2;5475_-100;2;5475,13.2054794520548,Prevalence,3.16547819401126e-08
NbyGQVwzFc_loc12_loop6,12,ITN 0%/IRS 0%/Larvicide 0%,0;0.4;0.4_0;0;0_0;0;0_-100;2;5475_-100;2;5475_-100;2;5475,13.2082191780822,Prevalence,3.16116992100843e-08
NbyGQVwzFc_loc12_loop6,12,ITN 0%/IRS 0%/Larvicide 0%,0;0.4;0.4_0;0;0_0;0;0_-100;2;5475_-100;2;5475_-100;2;5475,13.2109589041096,Prevalence,3.15689847793345e-08
NbyGQVwzFc_loc12_loop6,12,ITN 0%/IRS 0%/Larvicide 0%,0;0.4;0.4_0;0;0_0;0;0_-100;2;5475_-100;2;5475_-100;2;5475,13.213698630137,Prevalence,3.15266413196286e-08
NbyGQVwzFc_loc12_loop6,12,ITN 0%/IRS 0%/Larvicide 0%,0;0.4;0.4_0;0;0_0;0;0_-100;2;5475_-100;2;5475_-100;2;5475,13.2164383561644,Prevalence,3.14846715575317e-08
NbyGQVwzFc_loc12_loop6,12,ITN 0%/IRS 0%/Larvicide 0%,0;0.4;0.4_0;0;0_0;0;0_-100;2;5475_-100;2;5475_-100;2;5475,13.2191780821918,Prevalence,3.14430782599454e-08
NbyGQVwzFc_loc12_loop6,12,ITN 0%/IRS 0%/Larvicide 0%,0;0.4;0.4_0;0;0_0;0;0_-100;2;5475_-100;2;5475_-100;2;5475,13.2219178082192,Prevalence,3.14018643055817e-08
NbyGQVwzFc_loc12_loop6,12,ITN 0%/IRS 0%/Larvicide 0%,0;0.4;0.4_0;0;0_0;0;0_-100;2;5475_-100;2;5475_-100;2;5475,13.2246575342466,Prevalence,3.1361032707053e-08
NbyGQVwzFc_loc12_loop6,12,ITN 0%/IRS 0%/Larvicide 0%,0;0.4;0.4_0;0;0_0;0;0_-100;2;5475_-100;2;5475_-100;2;5475,13.227397260274,Prevalence,3.13205864768582e-08
NbyGQVwzFc_loc12_loop6,12,ITN 0%/IRS 0%/Larvicide 0%,0;0.4;0.4_0;0;0_0;0;0_-100;2;5475_-100;2;5475_-100;2;5475,13.2301369863014,Prevalence,3.12805286658837e-08
NbyGQVwzFc_loc12_loop6,12,ITN 0%/IRS 0%/Larvicide 0%,0;0.4;0.4_0;0;0_0;0;0_-100;2;5475_-100;2;5475_-100;2;5475,13.2328767123288,Prevalence,3.12408621531815e-08
NbyGQVwzFc_loc12_loop6,12,ITN 0%/IRS 0%/Larvicide 0%,0;0.4;0.4_0;0;0_0;0;0_-100;2;5475_-100;2;5475_-100;2;5475,13.2356164383562,Prevalence,3.12015900076225e-08
NbyGQVwzFc_loc12_loop6,12,ITN 0%/IRS 0%/Larvicide 0%,0;0.4;0.4_0;0;0_0;0;0_-100;2;5475_-100;2;5475_-100;2;5475,13.2383561643836,Prevalence,3.11627155317775e-08
NbyGQVwzFc_loc12_loop6,12,ITN 0%/IRS 0%/Larvicide 0%,0;0.4;0.4_0;0;0_0;0;0_-100;2;5475_-100;2;5475_-100;2;5475,13.241095890411,Prevalence,3.11242419988204e-08
NbyGQVwzFc_loc12_loop6,12,ITN 0%/IRS 0%/Larvicide 0%,0;0.4;0.4_0;0;0_0;0;0_-100;2;5475_-100;2;5475_-100;2;5475,13.2438356164384,Prevalence,3.1086172530788e-08
NbyGQVwzFc_loc12_loop6,12,ITN 0%/IRS 0%/Larvicide 0%,0;0.4;0.4_0;0;0_0;0;0_-100;2;5475_-100;2;5475_-100;2;5475,13.2465753424658,Prevalence,3.10485103657996e-08
NbyGQVwzFc_loc12_loop6,12,ITN 0%/IRS 0%/Larvicide 0%,0;0.4;0.4_0;0;0_0;0;0_-100;2;5475_-100;2;5475_-100;2;5475,13.2493150684932,Prevalence,3.1011258839323e-08
NbyGQVwzFc_loc12_loop6,12,ITN 0%/IRS 0%/Larvicide 0%,0;0.4;0.4_0;0;0_0;0;0_-100;2;5475_-100;2;5475_-100;2;5475,13.2520547945206,Prevalence,3.09744211794219e-08
NbyGQVwzFc_loc12_loop6,12,ITN 0%/IRS 0%/Larvicide 0%,0;0.4;0.4_0;0;0_0;0;0_-100;2;5475_-100;2;5475_-100;2;5475,13.2547945205479,Prevalence,3.0938000737336e-08
NbyGQVwzFc_loc12_loop6,12,ITN 0%/IRS 0%/Larvicide 0%,0;0.4;0.4_0;0;0_0;0;0_-100;2;5475_-100;2;5475_-100;2;5475,13.2575342465753,Prevalence,3.09020008014207e-08
NbyGQVwzFc_loc12_loop6,12,ITN 0%/IRS 0%/Larvicide 0%,0;0.4;0.4_0;0;0_0;0;0_-100;2;5475_-100;2;5475_-100;2;5475,13.2602739726027,Prevalence,3.08664248110893e-08
NbyGQVwzFc_loc12_loop6,12,ITN 0%/IRS 0%/Larvicide 0%,0;0.4;0.4_0;0;0_0;0;0_-100;2;5475_-100;2;5475_-100;2;5475,13.2630136986301,Prevalence,3.08312761692611e-08
NbyGQVwzFc_loc12_loop6,12,ITN 0%/IRS 0%/Larvicide 0%,0;0.4;0.4_0;0;0_0;0;0_-100;2;5475_-100;2;5475_-100;2;5475,13.2657534246575,Prevalence,3.07965584539878e-08
NbyGQVwzFc_loc12_loop6,12,ITN 0%/IRS 0%/Larvicide 0%,0;0.4;0.4_0;0;0_0;0;0_-100;2;5475_-100;2;5475_-100;2;5475,13.2684931506849,Prevalence,3.07622751393089e-08
NbyGQVwzFc_loc12_loop6,12,ITN 0%/IRS 0%/Larvicide 0%,0;0.4;0.4_0;0;0_0;0;0_-100;2;5475_-100;2;5475_-100;2;5475,13.2712328767123,Prevalence,3.07284296371277e-08
NbyGQVwzFc_loc12_loop6,12,ITN 0%/IRS 0%/Larvicide 0%,0;0.4;0.4_0;0;0_0;0;0_-100;2;5475_-100;2;5475_-100;2;5475,13.2739726027397,Prevalence,3.06950255675907e-08
NbyGQVwzFc_loc12_loop6,12,ITN 0%/IRS 0%/Larvicide 0%,0;0.4;0.4_0;0;0_0;0;0_-100;2;5475_-100;2;5475_-100;2;5475,13.2767123287671,Prevalence,3.06620665704572e-08
NbyGQVwzFc_loc12_loop6,12,ITN 0%/IRS 0%/Larvicide 0%,0;0.4;0.4_0;0;0_0;0;0_-100;2;5475_-100;2;5475_-100;2;5475,13.2794520547945,Prevalence,3.06295565304783e-08
NbyGQVwzFc_loc12_loop6,12,ITN 0%/IRS 0%/Larvicide 0%,0;0.4;0.4_0;0;0_0;0;0_-100;2;5475_-100;2;5475_-100;2;5475,13.2821917808219,Prevalence,3.0597499275792e-08
NbyGQVwzFc_loc12_loop6,12,ITN 0%/IRS 0%/Larvicide 0%,0;0.4;0.4_0;0;0_0;0;0_-100;2;5475_-100;2;5475_-100;2;5475,13.2849315068493,Prevalence,3.05658985287894e-08
NbyGQVwzFc_loc12_loop6,12,ITN 0%/IRS 0%/Larvicide 0%,0;0.4;0.4_0;0;0_0;0;0_-100;2;5475_-100;2;5475_-100;2;5475,13.2876712328767,Prevalence,3.0534757982796e-08
NbyGQVwzFc_loc12_loop6,12,ITN 0%/IRS 0%/Larvicide 0%,0;0.4;0.4_0;0;0_0;0;0_-100;2;5475_-100;2;5475_-100;2;5475,13.2904109589041,Prevalence,3.05040815891147e-08
NbyGQVwzFc_loc12_loop6,12,ITN 0%/IRS 0%/Larvicide 0%,0;0.4;0.4_0;0;0_0;0;0_-100;2;5475_-100;2;5475_-100;2;5475,13.2931506849315,Prevalence,3.04738732822686e-08
NbyGQVwzFc_loc12_loop6,12,ITN 0%/IRS 0%/Larvicide 0%,0;0.4;0.4_0;0;0_0;0;0_-100;2;5475_-100;2;5475_-100;2;5475,13.2958904109589,Prevalence,3.04441369452127e-08
NbyGQVwzFc_loc12_loop6,12,ITN 0%/IRS 0%/Larvicide 0%,0;0.4;0.4_0;0;0_0;0;0_-100;2;5475_-100;2;5475_-100;2;5475,13.2986301369863,Prevalence,3.04148764896688e-08
NbyGQVwzFc_loc12_loop6,12,ITN 0%/IRS 0%/Larvicide 0%,0;0.4;0.4_0;0;0_0;0;0_-100;2;5475_-100;2;5475_-100;2;5475,13.3013698630137,Prevalence,3.03860961417615e-08
NbyGQVwzFc_loc12_loop6,12,ITN 0%/IRS 0%/Larvicide 0%,0;0.4;0.4_0;0;0_0;0;0_-100;2;5475_-100;2;5475_-100;2;5475,13.3041095890411,Prevalence,3.03578001430915e-08
NbyGQVwzFc_loc12_loop6,12,ITN 0%/IRS 0%/Larvicide 0%,0;0.4;0.4_0;0;0_0;0;0_-100;2;5475_-100;2;5475_-100;2;5475,13.3068493150685,Prevalence,3.03299927084025e-08
NbyGQVwzFc_loc12_loop6,12,ITN 0%/IRS 0%/Larvicide 0%,0;0.4;0.4_0;0;0_0;0;0_-100;2;5475_-100;2;5475_-100;2;5475,13.3095890410959,Prevalence,3.03026780036251e-08
NbyGQVwzFc_loc12_loop6,12,ITN 0%/IRS 0%/Larvicide 0%,0;0.4;0.4_0;0;0_0;0;0_-100;2;5475_-100;2;5475_-100;2;5475,13.3123287671233,Prevalence,3.02758601317872e-08
NbyGQVwzFc_loc12_loop6,12,ITN 0%/IRS 0%/Larvicide 0%,0;0.4;0.4_0;0;0_0;0;0_-100;2;5475_-100;2;5475_-100;2;5475,13.3150684931507,Prevalence,3.02495431475645e-08
NbyGQVwzFc_loc12_loop6,12,ITN 0%/IRS 0%/Larvicide 0%,0;0.4;0.4_0;0;0_0;0;0_-100;2;5475_-100;2;5475_-100;2;5475,13.3178082191781,Prevalence,3.02237311840334e-08
NbyGQVwzFc_loc12_loop6,12,ITN 0%/IRS 0%/Larvicide 0%,0;0.4;0.4_0;0;0_0;0;0_-100;2;5475_-100;2;5475_-100;2;5475,13.3205479452055,Prevalence,3.01984287920391e-08
NbyGQVwzFc_loc12_loop6,12,ITN 0%/IRS 0%/Larvicide 0%,0;0.4;0.4_0;0;0_0;0;0_-100;2;5475_-100;2;5475_-100;2;5475,13.3232876712329,Prevalence,3.0173640623281e-08
NbyGQVwzFc_loc12_loop6,12,ITN 0%/IRS 0%/Larvicide 0%,0;0.4;0.4_0;0;0_0;0;0_-100;2;5475_-100;2;5475_-100;2;5475,13.3260273972603,Prevalence,3.01493713727017e-08
NbyGQVwzFc_loc12_loop6,12,ITN 0%/IRS 0%/Larvicide 0%,0;0.4;0.4_0;0;0_0;0;0_-100;2;5475_-100;2;5475_-100;2;5475,13.3287671232877,Prevalence,3.01256257360931e-08
NbyGQVwzFc_loc12_loop6,12,ITN 0%/IRS 0%/Larvicide 0%,0;0.4;0.4_0;0;0_0;0;0_-100;2;5475_-100;2;5475_-100;2;5475,13.3315068493151,Prevalence,3.01024083808544e-08
NbyGQVwzFc_loc12_loop6,12,ITN 0%/IRS 0%/Larvicide 0%,0;0.4;0.4_0;0;0_0;0;0_-100;2;5475_-100;2;5475_-100;2;5475,13.3342465753425,Prevalence,3.00797239499656e-08
NbyGQVwzFc_loc12_loop6,12,ITN 0%/IRS 0%/Larvicide 0%,0;0.4;0.4_0;0;0_0;0;0_-100;2;5475_-100;2;5475_-100;2;5475,13.3369863013699,Prevalence,3.00575770791502e-08
NbyGQVwzFc_loc12_loop6,12,ITN 0%/IRS 0%/Larvicide 0%,0;0.4;0.4_0;0;0_0;0;0_-100;2;5475_-100;2;5475_-100;2;5475,13.3397260273973,Prevalence,3.00359724160313e-08
NbyGQVwzFc_loc12_loop6,12,ITN 0%/IRS 0%/Larvicide 0%,0;0.4;0.4_0;0;0_0;0;0_-100;2;5475_-100;2;5475_-100;2;5475,13.3424657534247,Prevalence,3.00149146371099e-08
NbyGQVwzFc_loc12_loop6,12,ITN 0%/IRS 0%/Larvicide 0%,0;0.4;0.4_0;0;0_0;0;0_-100;2;5475_-100;2;5475_-100;2;5475,13.3452054794521,Prevalence,2.99944084619287e-08
NbyGQVwzFc_loc12_loop6,12,ITN 0%/IRS 0%/Larvicide 0%,0;0.4;0.4_0;0;0_0;0;0_-100;2;5475_-100;2;5475_-100;2;5475,13.3479452054795,Prevalence,2.99744586641843e-08
NbyGQVwzFc_loc12_loop6,12,ITN 0%/IRS 0%/Larvicide 0%,0;0.4;0.4_0;0;0_0;0;0_-100;2;5475_-100;2;5475_-100;2;5475,13.3506849315069,Prevalence,2.99550700802848e-08
NbyGQVwzFc_loc12_loop6,12,ITN 0%/IRS 0%/Larvicide 0%,0;0.4;0.4_0;0;0_0;0;0_-100;2;5475_-100;2;5475_-100;2;5475,13.3534246575342,Prevalence,2.99362476157001e-08
NbyGQVwzFc_loc12_loop6,12,ITN 0%/IRS 0%/Larvicide 0%,0;0.4;0.4_0;0;0_0;0;0_-100;2;5475_-100;2;5475_-100;2;5475,13.3561643835616,Prevalence,2.9917996249676e-08
NbyGQVwzFc_loc12_loop6,12,ITN 0%/IRS 0%/Larvicide 0%,0;0.4;0.4_0;0;0_0;0;0_-100;2;5475_-100;2;5475_-100;2;5475,13.358904109589,Prevalence,2.99003208759363e-08
NbyGQVwzFc_loc12_loop6,12,ITN 0%/IRS 0%/Larvicide 0%,0;0.4;0.4_0;0;0_0;0;0_-100;2;5475_-100;2;5475_-100;2;5475,13.3616438356164,Prevalence,2.98832259223731e-08
NbyGQVwzFc_loc12_loop6,12,ITN 0%/IRS 0%/Larvicide 0%,0;0.4;0.4_0;0;0_0;0;0_-100;2;5475_-100;2;5475_-100;2;5475,13.3643835616438,Prevalence,2.98667158676655e-08
NbyGQVwzFc_loc12_loop6,12,ITN 0%/IRS 0%/Larvicide 0%,0;0.4;0.4_0;0;0_0;0;0_-100;2;5475_-100;2;5475_-100;2;5475,13.3671232876712,Prevalence,2.98507954667232e-08
NbyGQVwzFc_loc12_loop6,12,ITN 0%/IRS 0%/Larvicide 0%,0;0.4;0.4_0;0;0_0;0;0_-100;2;5475_-100;2;5475_-100;2;5475,13.3698630136986,Prevalence,2.98354695552775e-08
NbyGQVwzFc_loc12_loop6,12,ITN 0%/IRS 0%/Larvicide 0%,0;0.4;0.4_0;0;0_0;0;0_-100;2;5475_-100;2;5475_-100;2;5475,13.372602739726,Prevalence,2.98207425587526e-08
NbyGQVwzFc_loc12_loop6,12,ITN 0%/IRS 0%/Larvicide 0%,0;0.4;0.4_0;0;0_0;0;0_-100;2;5475_-100;2;5475_-100;2;5475,13.3753424657534,Prevalence,2.98066187832889e-08
NbyGQVwzFc_loc12_loop6,12,ITN 0%/IRS 0%/Larvicide 0%,0;0.4;0.4_0;0;0_0;0;0_-100;2;5475_-100;2;5475_-100;2;5475,13.3780821917808,Prevalence,2.97931027431977e-08
NbyGQVwzFc_loc12_loop6,12,ITN 0%/IRS 0%/Larvicide 0%,0;0.4;0.4_0;0;0_0;0;0_-100;2;5475_-100;2;5475_-100;2;5475,13.3808219178082,Prevalence,2.97801993684016e-08
NbyGQVwzFc_loc12_loop6,12,ITN 0%/IRS 0%/Larvicide 0%,0;0.4;0.4_0;0;0_0;0;0_-100;2;5475_-100;2;5475_-100;2;5475,13.3835616438356,Prevalence,2.97679138056476e-08
NbyGQVwzFc_loc12_loop6,12,ITN 0%/IRS 0%/Larvicide 0%,0;0.4;0.4_0;0;0_0;0;0_-100;2;5475_-100;2;5475_-100;2;5475,13.386301369863,Prevalence,2.97562509080527e-08
NbyGQVwzFc_loc12_loop6,12,ITN 0%/IRS 0%/Larvicide 0%,0;0.4;0.4_0;0;0_0;0;0_-100;2;5475_-100;2;5475_-100;2;5475,13.3890410958904,Prevalence,2.97452155292526e-08
NbyGQVwzFc_loc12_loop6,12,ITN 0%/IRS 0%/Larvicide 0%,0;0.4;0.4_0;0;0_0;0;0_-100;2;5475_-100;2;5475_-100;2;5475,13.3917808219178,Prevalence,2.97348122677224e-08
NbyGQVwzFc_loc12_loop6,12,ITN 0%/IRS 0%/Larvicide 0%,0;0.4;0.4_0;0;0_0;0;0_-100;2;5475_-100;2;5475_-100;2;5475,13.3945205479452,Prevalence,2.97250458015951e-08
NbyGQVwzFc_loc12_loop6,12,ITN 0%/IRS 0%/Larvicide 0%,0;0.4;0.4_0;0;0_0;0;0_-100;2;5475_-100;2;5475_-100;2;5475,13.3972602739726,Prevalence,2.97159210887861e-08
NbyGQVwzFc_loc12_loop6,12,ITN 0%/IRS 0%/Larvicide 0%,0;0.4;0.4_0;0;0_0;0;0_-100;2;5475_-100;2;5475_-100;2;5475,13.4,Prevalence,2.97074429597127e-08
NbyGQVwzFc_loc12_loop6,12,ITN 0%/IRS 0%/Larvicide 0%,0;0.4;0.4_0;0;0_0;0;0_-100;2;5475_-100;2;5475_-100;2;5475,13.4027397260274,Prevalence,2.96996163519806e-08
NbyGQVwzFc_loc12_loop6,12,ITN 0%/IRS 0%/Larvicide 0%,0;0.4;0.4_0;0;0_0;0;0_-100;2;5475_-100;2;5475_-100;2;5475,13.4054794520548,Prevalence,2.96924460476594e-08
NbyGQVwzFc_loc12_loop6,12,ITN 0%/IRS 0%/Larvicide 0%,0;0.4;0.4_0;0;0_0;0;0_-100;2;5475_-100;2;5475_-100;2;5475,13.4082191780822,Prevalence,2.96859371247672e-08
NbyGQVwzFc_loc12_loop6,12,ITN 0%/IRS 0%/Larvicide 0%,0;0.4;0.4_0;0;0_0;0;0_-100;2;5475_-100;2;5475_-100;2;5475,13.4109589041096,Prevalence,2.96800948678788e-08
NbyGQVwzFc_loc12_loop6,12,ITN 0%/IRS 0%/Larvicide 0%,0;0.4;0.4_0;0;0_0;0;0_-100;2;5475_-100;2;5475_-100;2;5475,13.413698630137,Prevalence,2.96749241416177e-08
NbyGQVwzFc_loc12_loop6,12,ITN 0%/IRS 0%/Larvicide 0%,0;0.4;0.4_0;0;0_0;0;0_-100;2;5475_-100;2;5475_-100;2;5475,13.4164383561644,Prevalence,2.96704299298879e-08
NbyGQVwzFc_loc12_loop6,12,ITN 0%/IRS 0%/Larvicide 0%,0;0.4;0.4_0;0;0_0;0;0_-100;2;5475_-100;2;5475_-100;2;5475,13.4191780821918,Prevalence,2.96666168026813e-08
NbyGQVwzFc_loc12_loop6,12,ITN 0%/IRS 0%/Larvicide 0%,0;0.4;0.4_0;0;0_0;0;0_-100;2;5475_-100;2;5475_-100;2;5475,13.4219178082192,Prevalence,2.9663489721813e-08
NbyGQVwzFc_loc12_loop6,12,ITN 0%/IRS 0%/Larvicide 0%,0;0.4;0.4_0;0;0_0;0;0_-100;2;5475_-100;2;5475_-100;2;5475,13.4246575342466,Prevalence,2.96610535384587e-08
NbyGQVwzFc_loc12_loop6,12,ITN 0%/IRS 0%/Larvicide 0%,0;0.4;0.4_0;0;0_0;0;0_-100;2;5475_-100;2;5475_-100;2;5475,13.427397260274,Prevalence,2.96593133802931e-08
NbyGQVwzFc_loc12_loop6,12,ITN 0%/IRS 0%/Larvicide 0%,0;0.4;0.4_0;0;0_0;0;0_-100;2;5475_-100;2;5475_-100;2;5475,13.4301369863014,Prevalence,2.9658274097586e-08
NbyGQVwzFc_loc12_loop6,12,ITN 0%/IRS 0%/Larvicide 0%,0;0.4;0.4_0;0;0_0;0;0_-100;2;5475_-100;2;5475_-100;2;5475,13.4328767123288,Prevalence,2.9657940641939e-08
NbyGQVwzFc_loc12_loop6,12,ITN 0%/IRS 0%/Larvicide 0%,0;0.4;0.4_0;0;0_0;0;0_-100;2;5475_-100;2;5475_-100;2;5475,13.4356164383562,Prevalence,2.96583177099749e-08
NbyGQVwzFc_loc12_loop6,12,ITN 0%/IRS 0%/Larvicide 0%,0;0.4;0.4_0;0;0_0;0;0_-100;2;5475_-100;2;5475_-100;2;5475,13.4383561643836,Prevalence,2.96594102429976e-08
NbyGQVwzFc_loc12_loop6,12,ITN 0%/IRS 0%/Larvicide 0%,0;0.4;0.4_0;0;0_0;0;0_-100;2;5475_-100;2;5475_-100;2;5475,13.441095890411,Prevalence,2.96612228358333e-08
NbyGQVwzFc_loc12_loop6,12,ITN 0%/IRS 0%/Larvicide 0%,0;0.4;0.4_0;0;0_0;0;0_-100;2;5475_-100;2;5475_-100;2;5475,13.4438356164384,Prevalence,2.9663760453021e-08
NbyGQVwzFc_loc12_loop6,12,ITN 0%/IRS 0%/Larvicide 0%,0;0.4;0.4_0;0;0_0;0;0_-100;2;5475_-100;2;5475_-100;2;5475,13.4465753424658,Prevalence,2.96670276663237e-08
NbyGQVwzFc_loc12_loop6,12,ITN 0%/IRS 0%/Larvicide 0%,0;0.4;0.4_0;0;0_0;0;0_-100;2;5475_-100;2;5475_-100;2;5475,13.4493150684932,Prevalence,2.96710293897771e-08
NbyGQVwzFc_loc12_loop6,12,ITN 0%/IRS 0%/Larvicide 0%,0;0.4;0.4_0;0;0_0;0;0_-100;2;5475_-100;2;5475_-100;2;5475,13.4520547945205,Prevalence,2.96757701411735e-08
NbyGQVwzFc_loc12_loop6,12,ITN 0%/IRS 0%/Larvicide 0%,0;0.4;0.4_0;0;0_0;0;0_-100;2;5475_-100;2;5475_-100;2;5475,13.4547945205479,Prevalence,2.96812547940955e-08
NbyGQVwzFc_loc12_loop6,12,ITN 0%/IRS 0%/Larvicide 0%,0;0.4;0.4_0;0;0_0;0;0_-100;2;5475_-100;2;5475_-100;2;5475,13.4575342465753,Prevalence,2.96874878335993e-08
NbyGQVwzFc_loc12_loop6,12,ITN 0%/IRS 0%/Larvicide 0%,0;0.4;0.4_0;0;0_0;0;0_-100;2;5475_-100;2;5475_-100;2;5475,13.4602739726027,Prevalence,2.96944741107049e-08
NbyGQVwzFc_loc12_loop6,12,ITN 0%/IRS 0%/Larvicide 0%,0;0.4;0.4_0;0;0_0;0;0_-100;2;5475_-100;2;5475_-100;2;5475,13.4630136986301,Prevalence,2.9702218089786e-08
NbyGQVwzFc_loc12_loop6,12,ITN 0%/IRS 0%/Larvicide 0%,0;0.4;0.4_0;0;0_0;0;0_-100;2;5475_-100;2;5475_-100;2;5475,13.4657534246575,Prevalence,2.97107246048089e-08
NbyGQVwzFc_loc12_loop6,12,ITN 0%/IRS 0%/Larvicide 0%,0;0.4;0.4_0;0;0_0;0;0_-100;2;5475_-100;2;5475_-100;2;5475,13.4684931506849,Prevalence,2.97199980999475e-08
NbyGQVwzFc_loc12_loop6,12,ITN 0%/IRS 0%/Larvicide 0%,0;0.4;0.4_0;0;0_0;0;0_-100;2;5475_-100;2;5475_-100;2;5475,13.4712328767123,Prevalence,2.9730043388043e-08
NbyGQVwzFc_loc12_loop6,12,ITN 0%/IRS 0%/Larvicide 0%,0;0.4;0.4_0;0;0_0;0;0_-100;2;5475_-100;2;5475_-100;2;5475,13.4739726027397,Prevalence,2.97408648865113e-08
NbyGQVwzFc_loc12_loop6,12,ITN 0%/IRS 0%/Larvicide 0%,0;0.4;0.4_0;0;0_0;0;0_-100;2;5475_-100;2;5475_-100;2;5475,13.4767123287671,Prevalence,2.97524673781424e-08
NbyGQVwzFc_loc12_loop6,12,ITN 0%/IRS 0%/Larvicide 0%,0;0.4;0.4_0;0;0_0;0;0_-100;2;5475_-100;2;5475_-100;2;5475,13.4794520547945,Prevalence,2.97648552425575e-08
NbyGQVwzFc_loc12_loop6,12,ITN 0%/IRS 0%/Larvicide 0%,0;0.4;0.4_0;0;0_0;0;0_-100;2;5475_-100;2;5475_-100;2;5475,13.4821917808219,Prevalence,2.97780332752146e-08
NbyGQVwzFc_loc12_loop6,12,ITN 0%/IRS 0%/Larvicide 0%,0;0.4;0.4_0;0;0_0;0;0_-100;2;5475_-100;2;5475_-100;2;5475,13.4849315068493,Prevalence,2.97920059636869e-08
NbyGQVwzFc_loc12_loop6,12,ITN 0%/IRS 0%/Larvicide 0%,0;0.4;0.4_0;0;0_0;0;0_-100;2;5475_-100;2;5475_-100;2;5475,13.4876712328767,Prevalence,2.98067779115844e-08
NbyGQVwzFc_loc12_loop6,12,ITN 0%/IRS 0%/Larvicide 0%,0;0.4;0.4_0;0;0_0;0;0_-100;2;5475_-100;2;5475_-100;2;5475,13.4904109589041,Prevalence,2.98223533049048e-08
NbyGQVwzFc_loc12_loop6,12,ITN 0%/IRS 0%/Larvicide 0%,0;0.4;0.4_0;0;0_0;0;0_-100;2;5475_-100;2;5475_-100;2;5475,13.4931506849315,Prevalence,2.98387363585952e-08
NbyGQVwzFc_loc12_loop6,12,ITN 0%/IRS 0%/Larvicide 0%,0;0.4;0.4_0;0;0_0;0;0_-100;2;5475_-100;2;5475_-100;2;5475,13.4958904109589,Prevalence,2.98559315339122e-08
NbyGQVwzFc_loc12_loop6,12,ITN 0%/IRS 0%/Larvicide 0%,0;0.4;0.4_0;0;0_0;0;0_-100;2;5475_-100;2;5475_-100;2;5475,13.4986301369863,Prevalence,2.98739427168304e-08
NbyGQVwzFc_loc12_loop6,12,ITN 0%/IRS 0%/Larvicide 0%,0;0.4;0.4_0;0;0_0;0;0_-100;2;5475_-100;2;5475_-100;2;5475,13.5013698630137,Prevalence,2.98927741513202e-08
NbyGQVwzFc_loc12_loop6,12,ITN 0%/IRS 0%/Larvicide 0%,0;0.4;0.4_0;0;0_0;0;0_-100;2;5475_-100;2;5475_-100;2;5475,13.5041095890411,Prevalence,2.99124294930619e-08
NbyGQVwzFc_loc12_loop6,12,ITN 0%/IRS 0%/Larvicide 0%,0;0.4;0.4_0;0;0_0;0;0_-100;2;5475_-100;2;5475_-100;2;5475,13.5068493150685,Prevalence,2.99329125121278e-08
NbyGQVwzFc_loc12_loop6,12,ITN 0%/IRS 0%/Larvicide 0%,0;0.4;0.4_0;0;0_0;0;0_-100;2;5475_-100;2;5475_-100;2;5475,13.5095890410959,Prevalence,2.99542273649146e-08
NbyGQVwzFc_loc12_loop6,12,ITN 0%/IRS 0%/Larvicide 0%,0;0.4;0.4_0;0;0_0;0;0_-100;2;5475_-100;2;5475_-100;2;5475,13.5123287671233,Prevalence,2.9976377781883e-08
NbyGQVwzFc_loc12_loop6,12,ITN 0%/IRS 0%/Larvicide 0%,0;0.4;0.4_0;0;0_0;0;0_-100;2;5475_-100;2;5475_-100;2;5475,13.5150684931507,Prevalence,2.99993674975754e-08
NbyGQVwzFc_loc12_loop6,12,ITN 0%/IRS 0%/Larvicide 0%,0;0.4;0.4_0;0;0_0;0;0_-100;2;5475_-100;2;5475_-100;2;5475,13.5178082191781,Prevalence,3.00232005923408e-08
NbyGQVwzFc_loc12_loop6,12,ITN 0%/IRS 0%/Larvicide 0%,0;0.4;0.4_0;0;0_0;0;0_-100;2;5475_-100;2;5475_-100;2;5475,13.5205479452055,Prevalence,3.00478807065281e-08
NbyGQVwzFc_loc12_loop6,12,ITN 0%/IRS 0%/Larvicide 0%,0;0.4;0.4_0;0;0_0;0;0_-100;2;5475_-100;2;5475_-100;2;5475,13.5232876712329,Prevalence,3.00734114623917e-08
NbyGQVwzFc_loc12_loop6,12,ITN 0%/IRS 0%/Larvicide 0%,0;0.4;0.4_0;0;0_0;0;0_-100;2;5475_-100;2;5475_-100;2;5475,13.5260273972603,Prevalence,3.00997967002446e-08
NbyGQVwzFc_loc12_loop6,12,ITN 0%/IRS 0%/Larvicide 0%,0;0.4;0.4_0;0;0_0;0;0_-100;2;5475_-100;2;5475_-100;2;5475,13.5287671232877,Prevalence,3.01270396133647e-08
NbyGQVwzFc_loc12_loop6,12,ITN 0%/IRS 0%/Larvicide 0%,0;0.4;0.4_0;0;0_0;0;0_-100;2;5475_-100;2;5475_-100;2;5475,13.5315068493151,Prevalence,3.01551438212669e-08
NbyGQVwzFc_loc12_loop6,12,ITN 0%/IRS 0%/Larvicide 0%,0;0.4;0.4_0;0;0_0;0;0_-100;2;5475_-100;2;5475_-100;2;5475,13.5342465753425,Prevalence,3.01841126439951e-08
NbyGQVwzFc_loc12_loop6,12,ITN 0%/IRS 0%/Larvicide 0%,0;0.4;0.4_0;0;0_0;0;0_-100;2;5475_-100;2;5475_-100;2;5475,13.5369863013699,Prevalence,3.02139493831691e-08
NbyGQVwzFc_loc12_loop6,12,ITN 0%/IRS 0%/Larvicide 0%,0;0.4;0.4_0;0;0_0;0;0_-100;2;5475_-100;2;5475_-100;2;5475,13.5397260273973,Prevalence,3.02446576236281e-08
NbyGQVwzFc_loc12_loop6,12,ITN 0%/IRS 0%/Larvicide 0%,0;0.4;0.4_0;0;0_0;0;0_-100;2;5475_-100;2;5475_-100;2;5475,13.5424657534247,Prevalence,3.02762404322152e-08
NbyGQVwzFc_loc12_loop6,12,ITN 0%/IRS 0%/Larvicide 0%,0;0.4;0.4_0;0;0_0;0;0_-100;2;5475_-100;2;5475_-100;2;5475,13.5452054794521,Prevalence,3.03087007925313e-08
NbyGQVwzFc_loc12_loop6,12,ITN 0%/IRS 0%/Larvicide 0%,0;0.4;0.4_0;0;0_0;0;0_-100;2;5475_-100;2;5475_-100;2;5475,13.5479452054795,Prevalence,3.03420419621251e-08
NbyGQVwzFc_loc12_loop6,12,ITN 0%/IRS 0%/Larvicide 0%,0;0.4;0.4_0;0;0_0;0;0_-100;2;5475_-100;2;5475_-100;2;5475,13.5506849315069,Prevalence,3.03762668532388e-08
NbyGQVwzFc_loc12_loop6,12,ITN 0%/IRS 0%/Larvicide 0%,0;0.4;0.4_0;0;0_0;0;0_-100;2;5475_-100;2;5475_-100;2;5475,13.5534246575342,Prevalence,3.04113786323059e-08
NbyGQVwzFc_loc12_loop6,12,ITN 0%/IRS 0%/Larvicide 0%,0;0.4;0.4_0;0;0_0;0;0_-100;2;5475_-100;2;5475_-100;2;5475,13.5561643835616,Prevalence,3.04473800822218e-08
NbyGQVwzFc_loc12_loop6,12,ITN 0%/IRS 0%/Larvicide 0%,0;0.4;0.4_0;0;0_0;0;0_-100;2;5475_-100;2;5475_-100;2;5475,13.558904109589,Prevalence,3.04842740318791e-08
NbyGQVwzFc_loc12_loop6,12,ITN 0%/IRS 0%/Larvicide 0%,0;0.4;0.4_0;0;0_0;0;0_-100;2;5475_-100;2;5475_-100;2;5475,13.5616438356164,Prevalence,3.05220629163407e-08
NbyGQVwzFc_loc12_loop6,12,ITN 0%/IRS 0%/Larvicide 0%,0;0.4;0.4_0;0;0_0;0;0_-100;2;5475_-100;2;5475_-100;2;5475,13.5643835616438,Prevalence,3.05607493565128e-08
NbyGQVwzFc_loc12_loop6,12,ITN 0%/IRS 0%/Larvicide 0%,0;0.4;0.4_0;0;0_0;0;0_-100;2;5475_-100;2;5475_-100;2;5475,13.5671232876712,Prevalence,3.06003354393523e-08
NbyGQVwzFc_loc12_loop6,12,ITN 0%/IRS 0%/Larvicide 0%,0;0.4;0.4_0;0;0_0;0;0_-100;2;5475_-100;2;5475_-100;2;5475,13.5698630136986,Prevalence,3.06408236570811e-08
NbyGQVwzFc_loc12_loop6,12,ITN 0%/IRS 0%/Larvicide 0%,0;0.4;0.4_0;0;0_0;0;0_-100;2;5475_-100;2;5475_-100;2;5475,13.572602739726,Prevalence,3.06822162672735e-08
NbyGQVwzFc_loc12_loop6,12,ITN 0%/IRS 0%/Larvicide 0%,0;0.4;0.4_0;0;0_0;0;0_-100;2;5475_-100;2;5475_-100;2;5475,13.5753424657534,Prevalence,3.07245156864876e-08
NbyGQVwzFc_loc12_loop6,12,ITN 0%/IRS 0%/Larvicide 0%,0;0.4;0.4_0;0;0_0;0;0_-100;2;5475_-100;2;5475_-100;2;5475,13.5780821917808,Prevalence,3.07677237240081e-08
NbyGQVwzFc_loc12_loop6,12,ITN 0%/IRS 0%/Larvicide 0%,0;0.4;0.4_0;0;0_0;0;0_-100;2;5475_-100;2;5475_-100;2;5475,13.5808219178082,Prevalence,3.0811842536347e-08
NbyGQVwzFc_loc12_loop6,12,ITN 0%/IRS 0%/Larvicide 0%,0;0.4;0.4_0;0;0_0;0;0_-100;2;5475_-100;2;5475_-100;2;5475,13.5835616438356,Prevalence,3.08568739871386e-08
NbyGQVwzFc_loc12_loop6,12,ITN 0%/IRS 0%/Larvicide 0%,0;0.4;0.4_0;0;0_0;0;0_-100;2;5475_-100;2;5475_-100;2;5475,13.586301369863,Prevalence,3.09028201616545e-08
NbyGQVwzFc_loc12_loop6,12,ITN 0%/IRS 0%/Larvicide 0%,0;0.4;0.4_0;0;0_0;0;0_-100;2;5475_-100;2;5475_-100;2;5475,13.5890410958904,Prevalence,3.09496828594541e-08
NbyGQVwzFc_loc12_loop6,12,ITN 0%/IRS 0%/Larvicide 0%,0;0.4;0.4_0;0;0_0;0;0_-100;2;5475_-100;2;5475_-100;2;5475,13.5917808219178,Prevalence,3.09974640936359e-08
NbyGQVwzFc_loc12_loop6,12,ITN 0%/IRS 0%/Larvicide 0%,0;0.4;0.4_0;0;0_0;0;0_-100;2;5475_-100;2;5475_-100;2;5475,13.5945205479452,Prevalence,3.10461655501092e-08
NbyGQVwzFc_loc12_loop6,12,ITN 0%/IRS 0%/Larvicide 0%,0;0.4;0.4_0;0;0_0;0;0_-100;2;5475_-100;2;5475_-100;2;5475,13.5972602739726,Prevalence,3.10957890864804e-08
NbyGQVwzFc_loc12_loop6,12,ITN 0%/IRS 0%/Larvicide 0%,0;0.4;0.4_0;0;0_0;0;0_-100;2;5475_-100;2;5475_-100;2;5475,13.6,Prevalence,3.11463361933912e-08
NbyGQVwzFc_loc12_loop6,12,ITN 0%/IRS 0%/Larvicide 0%,0;0.4;0.4_0;0;0_0;0;0_-100;2;5475_-100;2;5475_-100;2;5475,13.6027397260274,Prevalence,3.11978085061316e-08
NbyGQVwzFc_loc12_loop6,12,ITN 0%/IRS 0%/Larvicide 0%,0;0.4;0.4_0;0;0_0;0;0_-100;2;5475_-100;2;5475_-100;2;5475,13.6054794520548,Prevalence,3.1250207266612e-08
NbyGQVwzFc_loc12_loop6,12,ITN 0%/IRS 0%/Larvicide 0%,0;0.4;0.4_0;0;0_0;0;0_-100;2;5475_-100;2;5475_-100;2;5475,13.6082191780822,Prevalence,3.13035338476024e-08
NbyGQVwzFc_loc12_loop6,12,ITN 0%/IRS 0%/Larvicide 0%,0;0.4;0.4_0;0;0_0;0;0_-100;2;5475_-100;2;5475_-100;2;5475,13.6109589041096,Prevalence,3.13577892119475e-08
NbyGQVwzFc_loc12_loop6,12,ITN 0%/IRS 0%/Larvicide 0%,0;0.4;0.4_0;0;0_0;0;0_-100;2;5475_-100;2;5475_-100;2;5475,13.613698630137,Prevalence,3.14129745288944e-08
NbyGQVwzFc_loc12_loop6,12,ITN 0%/IRS 0%/Larvicide 0%,0;0.4;0.4_0;0;0_0;0;0_-100;2;5475_-100;2;5475_-100;2;5475,13.6164383561644,Prevalence,3.146909080366e-08
NbyGQVwzFc_loc12_loop6,12,ITN 0%/IRS 0%/Larvicide 0%,0;0.4;0.4_0;0;0_0;0;0_-100;2;5475_-100;2;5475_-100;2;5475,13.6191780821918,Prevalence,3.15261391801748e-08
NbyGQVwzFc_loc12_loop6,12,ITN 0%/IRS 0%/Larvicide 0%,0;0.4;0.4_0;0;0_0;0;0_-100;2;5475_-100;2;5475_-100;2;5475,13.6219178082192,Prevalence,3.15841208473702e-08
NbyGQVwzFc_loc12_loop6,12,ITN 0%/IRS 0%/Larvicide 0%,0;0.4;0.4_0;0;0_0;0;0_-100;2;5475_-100;2;5475_-100;2;5475,13.6246575342466,Prevalence,3.1643036508952e-08
NbyGQVwzFc_loc12_loop6,12,ITN 0%/IRS 0%/Larvicide 0%,0;0.4;0.4_0;0;0_0;0;0_-100;2;5475_-100;2;5475_-100;2;5475,13.627397260274,Prevalence,3.1702887050342e-08
NbyGQVwzFc_loc12_loop6,12,ITN 0%/IRS 0%/Larvicide 0%,0;0.4;0.4_0;0;0_0;0;0_-100;2;5475_-100;2;5475_-100;2;5475,13.6301369863014,Prevalence,3.17636729089376e-08
NbyGQVwzFc_loc12_loop6,12,ITN 0%/IRS 0%/Larvicide 0%,0;0.4;0.4_0;0;0_0;0;0_-100;2;5475_-100;2;5475_-100;2;5475,13.6328767123288,Prevalence,3.18253946235653e-08
NbyGQVwzFc_loc12_loop6,12,ITN 0%/IRS 0%/Larvicide 0%,0;0.4;0.4_0;0;0_0;0;0_-100;2;5475_-100;2;5475_-100;2;5475,13.6356164383562,Prevalence,3.18880524366525e-08
NbyGQVwzFc_loc12_loop6,12,ITN 0%/IRS 0%/Larvicide 0%,0;0.4;0.4_0;0;0_0;0;0_-100;2;5475_-100;2;5475_-100;2;5475,13.6383561643836,Prevalence,3.19516466226292e-08
NbyGQVwzFc_loc12_loop6,12,ITN 0%/IRS 0%/Larvicide 0%,0;0.4;0.4_0;0;0_0;0;0_-100;2;5475_-100;2;5475_-100;2;5475,13.641095890411,Prevalence,3.20161776492603e-08
NbyGQVwzFc_loc12_loop6,12,ITN 0%/IRS 0%/Larvicide 0%,0;0.4;0.4_0;0;0_0;0;0_-100;2;5475_-100;2;5475_-100;2;5475,13.6438356164384,Prevalence,3.20816460901288e-08
NbyGQVwzFc_loc12_loop6,12,ITN 0%/IRS 0%/Larvicide 0%,0;0.4;0.4_0;0;0_0;0;0_-100;2;5475_-100;2;5475_-100;2;5475,13.6465753424658,Prevalence,3.21480525360682e-08
NbyGQVwzFc_loc12_loop6,12,ITN 0%/IRS 0%/Larvicide 0%,0;0.4;0.4_0;0;0_0;0;0_-100;2;5475_-100;2;5475_-100;2;5475,13.6493150684932,Prevalence,3.22153975380736e-08
NbyGQVwzFc_loc12_loop6,12,ITN 0%/IRS 0%/Larvicide 0%,0;0.4;0.4_0;0;0_0;0;0_-100;2;5475_-100;2;5475_-100;2;5475,13.6520547945206,Prevalence,3.22836815692251e-08
NbyGQVwzFc_loc12_loop6,12,ITN 0%/IRS 0%/Larvicide 0%,0;0.4;0.4_0;0;0_0;0;0_-100;2;5475_-100;2;5475_-100;2;5475,13.6547945205479,Prevalence,3.23529049987631e-08
NbyGQVwzFc_loc12_loop6,12,ITN 0%/IRS 0%/Larvicide 0%,0;0.4;0.4_0;0;0_0;0;0_-100;2;5475_-100;2;5475_-100;2;5475,13.6575342465753,Prevalence,3.24230680729913e-08
NbyGQVwzFc_loc12_loop6,12,ITN 0%/IRS 0%/Larvicide 0%,0;0.4;0.4_0;0;0_0;0;0_-100;2;5475_-100;2;5475_-100;2;5475,13.6602739726027,Prevalence,3.24941709018937e-08
NbyGQVwzFc_loc12_loop6,12,ITN 0%/IRS 0%/Larvicide 0%,0;0.4;0.4_0;0;0_0;0;0_-100;2;5475_-100;2;5475_-100;2;5475,13.6630136986301,Prevalence,3.2566213450078e-08
NbyGQVwzFc_loc12_loop6,12,ITN 0%/IRS 0%/Larvicide 0%,0;0.4;0.4_0;0;0_0;0;0_-100;2;5475_-100;2;5475_-100;2;5475,13.6657534246575,Prevalence,3.26391955310521e-08
NbyGQVwzFc_loc12_loop6,12,ITN 0%/IRS 0%/Larvicide 0%,0;0.4;0.4_0;0;0_0;0;0_-100;2;5475_-100;2;5475_-100;2;5475,13.6684931506849,Prevalence,3.27131168039741e-08
NbyGQVwzFc_loc12_loop6,12,ITN 0%/IRS 0%/Larvicide 0%,0;0.4;0.4_0;0;0_0;0;0_-100;2;5475_-100;2;5475_-100;2;5475,13.6712328767123,Prevalence,3.27879767727321e-08
NbyGQVwzFc_loc12_loop6,12,ITN 0%/IRS 0%/Larvicide 0%,0;0.4;0.4_0;0;0_0;0;0_-100;2;5475_-100;2;5475_-100;2;5475,13.6739726027397,Prevalence,3.28637747863392e-08
NbyGQVwzFc_loc12_loop6,12,ITN 0%/IRS 0%/Larvicide 0%,0;0.4;0.4_0;0;0_0;0;0_-100;2;5475_-100;2;5475_-100;2;5475,13.6767123287671,Prevalence,3.29405100415478e-08
NbyGQVwzFc_loc12_loop6,12,ITN 0%/IRS 0%/Larvicide 0%,0;0.4;0.4_0;0;0_0;0;0_-100;2;5475_-100;2;5475_-100;2;5475,13.6794520547945,Prevalence,3.30181815857811e-08
NbyGQVwzFc_loc12_loop6,12,ITN 0%/IRS 0%/Larvicide 0%,0;0.4;0.4_0;0;0_0;0;0_-100;2;5475_-100;2;5475_-100;2;5475,13.6821917808219,Prevalence,3.30967883224892e-08
NbyGQVwzFc_loc12_loop6,12,ITN 0%/IRS 0%/Larvicide 0%,0;0.4;0.4_0;0;0_0;0;0_-100;2;5475_-100;2;5475_-100;2;5475,13.6849315068493,Prevalence,3.31763290152117e-08
NbyGQVwzFc_loc12_loop6,12,ITN 0%/IRS 0%/Larvicide 0%,0;0.4;0.4_0;0;0_0;0;0_-100;2;5475_-100;2;5475_-100;2;5475,13.6876712328767,Prevalence,3.32568022937588e-08
NbyGQVwzFc_loc12_loop6,12,ITN 0%/IRS 0%/Larvicide 0%,0;0.4;0.4_0;0;0_0;0;0_-100;2;5475_-100;2;5475_-100;2;5475,13.6904109589041,Prevalence,3.33382066602196e-08
NbyGQVwzFc_loc12_loop6,12,ITN 0%/IRS 0%/Larvicide 0%,0;0.4;0.4_0;0;0_0;0;0_-100;2;5475_-100;2;5475_-100;2;5475,13.6931506849315,Prevalence,3.34205406476901e-08
NbyGQVwzFc_loc12_loop6,12,ITN 0%/IRS 0%/Larvicide 0%,0;0.4;0.4_0;0;0_0;0;0_-100;2;5475_-100;2;5475_-100;2;5475,13.6958904109589,Prevalence,3.35038032753051e-08
NbyGQVwzFc_loc12_loop6,12,ITN 0%/IRS 0%/Larvicide 0%,0;0.4;0.4_0;0;0_0;0;0_-100;2;5475_-100;2;5475_-100;2;5475,13.6986301369863,Prevalence,3.35879935278171e-08
NbyGQVwzFc_loc12_loop6,12,ITN 0%/IRS 0%/Larvicide 0%,0;0.4;0.4_0;0;0_0;0;0_-100;2;5475_-100;2;5475_-100;2;5475,13.7013698630137,Prevalence,3.36731102570376e-08
NbyGQVwzFc_loc12_loop6,12,ITN 0%/IRS 0%/Larvicide 0%,0;0.4;0.4_0;0;0_0;0;0_-100;2;5475_-100;2;5475_-100;2;5475,13.7041095890411,Prevalence,3.37591522693904e-08
NbyGQVwzFc_loc12_loop6,12,ITN 0%/IRS 0%/Larvicide 0%,0;0.4;0.4_0;0;0_0;0;0_-100;2;5475_-100;2;5475_-100;2;5475,13.7068493150685,Prevalence,3.38461187173205e-08
NbyGQVwzFc_loc12_loop6,12,ITN 0%/IRS 0%/Larvicide 0%,0;0.4;0.4_0;0;0_0;0;0_-100;2;5475_-100;2;5475_-100;2;5475,13.7095890410959,Prevalence,3.39340085814166e-08
NbyGQVwzFc_loc12_loop6,12,ITN 0%/IRS 0%/Larvicide 0%,0;0.4;0.4_0;0;0_0;0;0_-100;2;5475_-100;2;5475_-100;2;5475,13.7123287671233,Prevalence,3.4022820595458e-08
NbyGQVwzFc_loc12_loop6,12,ITN 0%/IRS 0%/Larvicide 0%,0;0.4;0.4_0;0;0_0;0;0_-100;2;5475_-100;2;5475_-100;2;5475,13.7150684931507,Prevalence,3.41125533390789e-08
NbyGQVwzFc_loc12_loop6,12,ITN 0%/IRS 0%/Larvicide 0%,0;0.4;0.4_0;0;0_0;0;0_-100;2;5475_-100;2;5475_-100;2;5475,13.7178082191781,Prevalence,3.42032057768563e-08
NbyGQVwzFc_loc12_loop6,12,ITN 0%/IRS 0%/Larvicide 0%,0;0.4;0.4_0;0;0_0;0;0_-100;2;5475_-100;2;5475_-100;2;5475,13.7205479452055,Prevalence,3.42947771299258e-08
NbyGQVwzFc_loc12_loop6,12,ITN 0%/IRS 0%/Larvicide 0%,0;0.4;0.4_0;0;0_0;0;0_-100;2;5475_-100;2;5475_-100;2;5475,13.7232876712329,Prevalence,3.43872663099483e-08
NbyGQVwzFc_loc12_loop6,12,ITN 0%/IRS 0%/Larvicide 0%,0;0.4;0.4_0;0;0_0;0;0_-100;2;5475_-100;2;5475_-100;2;5475,13.7260273972603,Prevalence,3.44806720118769e-08
NbyGQVwzFc_loc12_loop6,12,ITN 0%/IRS 0%/Larvicide 0%,0;0.4;0.4_0;0;0_0;0;0_-100;2;5475_-100;2;5475_-100;2;5475,13.7287671232877,Prevalence,3.4574993121245e-08
NbyGQVwzFc_loc12_loop6,12,ITN 0%/IRS 0%/Larvicide 0%,0;0.4;0.4_0;0;0_0;0;0_-100;2;5475_-100;2;5475_-100;2;5475,13.7315068493151,Prevalence,3.46702283422535e-08
NbyGQVwzFc_loc12_loop6,12,ITN 0%/IRS 0%/Larvicide 0%,0;0.4;0.4_0;0;0_0;0;0_-100;2;5475_-100;2;5475_-100;2;5475,13.7342465753425,Prevalence,3.4766376548206e-08
NbyGQVwzFc_loc12_loop6,12,ITN 0%/IRS 0%/Larvicide 0%,0;0.4;0.4_0;0;0_0;0;0_-100;2;5475_-100;2;5475_-100;2;5475,13.7369863013699,Prevalence,3.48634364130197e-08
NbyGQVwzFc_loc12_loop6,12,ITN 0%/IRS 0%/Larvicide 0%,0;0.4;0.4_0;0;0_0;0;0_-100;2;5475_-100;2;5475_-100;2;5475,13.7397260273973,Prevalence,3.49614068679337e-08
NbyGQVwzFc_loc12_loop6,12,ITN 0%/IRS 0%/Larvicide 0%,0;0.4;0.4_0;0;0_0;0;0_-100;2;5475_-100;2;5475_-100;2;5475,13.7424657534247,Prevalence,3.50602869861376e-08
NbyGQVwzFc_loc12_loop6,12,ITN 0%/IRS 0%/Larvicide 0%,0;0.4;0.4_0;0;0_0;0;0_-100;2;5475_-100;2;5475_-100;2;5475,13.7452054794521,Prevalence,3.51600755177464e-08
NbyGQVwzFc_loc12_loop6,12,ITN 0%/IRS 0%/Larvicide 0%,0;0.4;0.4_0;0;0_0;0;0_-100;2;5475_-100;2;5475_-100;2;5475,13.7479452054795,Prevalence,3.52607713792664e-08
NbyGQVwzFc_loc12_loop6,12,ITN 0%/IRS 0%/Larvicide 0%,0;0.4;0.4_0;0;0_0;0;0_-100;2;5475_-100;2;5475_-100;2;5475,13.7506849315069,Prevalence,3.53623735405368e-08
NbyGQVwzFc_loc12_loop6,12,ITN 0%/IRS 0%/Larvicide 0%,0;0.4;0.4_0;0;0_0;0;0_-100;2;5475_-100;2;5475_-100;2;5475,13.7534246575342,Prevalence,3.5464880579454e-08
NbyGQVwzFc_loc12_loop6,12,ITN 0%/IRS 0%/Larvicide 0%,0;0.4;0.4_0;0;0_0;0;0_-100;2;5475_-100;2;5475_-100;2;5475,13.7561643835616,Prevalence,3.55682911610394e-08
NbyGQVwzFc_loc12_loop6,12,ITN 0%/IRS 0%/Larvicide 0%,0;0.4;0.4_0;0;0_0;0;0_-100;2;5475_-100;2;5475_-100;2;5475,13.758904109589,Prevalence,3.56726040490992e-08
NbyGQVwzFc_loc12_loop6,12,ITN 0%/IRS 0%/Larvicide 0%,0;0.4;0.4_0;0;0_0;0;0_-100;2;5475_-100;2;5475_-100;2;5475,13.7616438356164,Prevalence,3.57778180785555e-08
NbyGQVwzFc_loc12_loop6,12,ITN 0%/IRS 0%/Larvicide 0%,0;0.4;0.4_0;0;0_0;0;0_-100;2;5475_-100;2;5475_-100;2;5475,13.7643835616438,Prevalence,3.58839321405791e-08
NbyGQVwzFc_loc12_loop6,12,ITN 0%/IRS 0%/Larvicide 0%,0;0.4;0.4_0;0;0_0;0;0_-100;2;5475_-100;2;5475_-100;2;5475,13.7671232876712,Prevalence,3.59909450193026e-08
NbyGQVwzFc_loc12_loop6,12,ITN 0%/IRS 0%/Larvicide 0%,0;0.4;0.4_0;0;0_0;0;0_-100;2;5475_-100;2;5475_-100;2;5475,13.7698630136986,Prevalence,3.60988550301432e-08
NbyGQVwzFc_loc12_loop6,12,ITN 0%/IRS 0%/Larvicide 0%,0;0.4;0.4_0;0;0_0;0;0_-100;2;5475_-100;2;5475_-100;2;5475,13.772602739726,Prevalence,3.62076606433165e-08
NbyGQVwzFc_loc12_loop6,12,ITN 0%/IRS 0%/Larvicide 0%,0;0.4;0.4_0;0;0_0;0;0_-100;2;5475_-100;2;5475_-100;2;5475,13.7753424657534,Prevalence,3.63173605295237e-08
NbyGQVwzFc_loc12_loop6,12,ITN 0%/IRS 0%/Larvicide 0%,0;0.4;0.4_0;0;0_0;0;0_-100;2;5475_-100;2;5475_-100;2;5475,13.7780821917808,Prevalence,3.64279532262748e-08
NbyGQVwzFc_loc12_loop6,12,ITN 0%/IRS 0%/Larvicide 0%,0;0.4;0.4_0;0;0_0;0;0_-100;2;5475_-100;2;5475_-100;2;5475,13.7808219178082,Prevalence,3.65394373095866e-08
NbyGQVwzFc_loc12_loop6,12,ITN 0%/IRS 0%/Larvicide 0%,0;0.4;0.4_0;0;0_0;0;0_-100;2;5475_-100;2;5475_-100;2;5475,13.7835616438356,Prevalence,3.66518114226194e-08
NbyGQVwzFc_loc12_loop6,12,ITN 0%/IRS 0%/Larvicide 0%,0;0.4;0.4_0;0;0_0;0;0_-100;2;5475_-100;2;5475_-100;2;5475,13.786301369863,Prevalence,3.67650742336208e-08
NbyGQVwzFc_loc12_loop6,12,ITN 0%/IRS 0%/Larvicide 0%,0;0.4;0.4_0;0;0_0;0;0_-100;2;5475_-100;2;5475_-100;2;5475,13.7890410958904,Prevalence,3.68792242085817e-08
NbyGQVwzFc_loc12_loop6,12,ITN 0%/IRS 0%/Larvicide 0%,0;0.4;0.4_0;0;0_0;0;0_-100;2;5475_-100;2;5475_-100;2;5475,13.7917808219178,Prevalence,3.69942599152413e-08
NbyGQVwzFc_loc12_loop6,12,ITN 0%/IRS 0%/Larvicide 0%,0;0.4;0.4_0;0;0_0;0;0_-100;2;5475_-100;2;5475_-100;2;5475,13.7945205479452,Prevalence,3.71101799574747e-08
NbyGQVwzFc_loc12_loop6,12,ITN 0%/IRS 0%/Larvicide 0%,0;0.4;0.4_0;0;0_0;0;0_-100;2;5475_-100;2;5475_-100;2;5475,13.7972602739726,Prevalence,3.72269827738932e-08
NbyGQVwzFc_loc12_loop6,12,ITN 0%/IRS 0%/Larvicide 0%,0;0.4;0.4_0;0;0_0;0;0_-100;2;5475_-100;2;5475_-100;2;5475,13.8,Prevalence,3.7344667116036e-08
NbyGQVwzFc_loc12_loop6,12,ITN 0%/IRS 0%/Larvicide 0%,0;0.4;0.4_0;0;0_0;0;0_-100;2;5475_-100;2;5475_-100;2;5475,13.8027397260274,Prevalence,3.74632317506308e-08
NbyGQVwzFc_loc12_loop6,12,ITN 0%/IRS 0%/Larvicide 0%,0;0.4;0.4_0;0;0_0;0;0_-100;2;5475_-100;2;5475_-100;2;5475,13.8054794520548,Prevalence,3.75826755169225e-08
NbyGQVwzFc_loc12_loop6,12,ITN 0%/IRS 0%/Larvicide 0%,0;0.4;0.4_0;0;0_0;0;0_-100;2;5475_-100;2;5475_-100;2;5475,13.8082191780822,Prevalence,3.77029969782128e-08
NbyGQVwzFc_loc12_loop6,12,ITN 0%/IRS 0%/Larvicide 0%,0;0.4;0.4_0;0;0_0;0;0_-100;2;5475_-100;2;5475_-100;2;5475,13.8109589041096,Prevalence,3.78241946520052e-08
NbyGQVwzFc_loc12_loop6,12,ITN 0%/IRS 0%/Larvicide 0%,0;0.4;0.4_0;0;0_0;0;0_-100;2;5475_-100;2;5475_-100;2;5475,13.813698630137,Prevalence,3.79462670714837e-08
NbyGQVwzFc_loc12_loop6,12,ITN 0%/IRS 0%/Larvicide 0%,0;0.4;0.4_0;0;0_0;0;0_-100;2;5475_-100;2;5475_-100;2;5475,13.8164383561644,Prevalence,3.8069212878863e-08
NbyGQVwzFc_loc12_loop6,12,ITN 0%/IRS 0%/Larvicide 0%,0;0.4;0.4_0;0;0_0;0;0_-100;2;5475_-100;2;5475_-100;2;5475,13.8191780821918,Prevalence,3.81930307535976e-08
NbyGQVwzFc_loc12_loop6,12,ITN 0%/IRS 0%/Larvicide 0%,0;0.4;0.4_0;0;0_0;0;0_-100;2;5475_-100;2;5475_-100;2;5475,13.8219178082192,Prevalence,3.83177194370908e-08
NbyGQVwzFc_loc12_loop6,12,ITN 0%/IRS 0%/Larvicide 0%,0;0.4;0.4_0;0;0_0;0;0_-100;2;5475_-100;2;5475_-100;2;5475,13.8246575342466,Prevalence,3.84432774655129e-08
NbyGQVwzFc_loc12_loop6,12,ITN 0%/IRS 0%/Larvicide 0%,0;0.4;0.4_0;0;0_0;0;0_-100;2;5475_-100;2;5475_-100;2;5475,13.827397260274,Prevalence,3.85697036315172e-08
NbyGQVwzFc_loc12_loop6,12,ITN 0%/IRS 0%/Larvicide 0%,0;0.4;0.4_0;0;0_0;0;0_-100;2;5475_-100;2;5475_-100;2;5475,13.8301369863014,Prevalence,3.86969969058225e-08
NbyGQVwzFc_loc12_loop6,12,ITN 0%/IRS 0%/Larvicide 0%,0;0.4;0.4_0;0;0_0;0;0_-100;2;5475_-100;2;5475_-100;2;5475,13.8328767123288,Prevalence,3.88251560869721e-08
NbyGQVwzFc_loc12_loop6,12,ITN 0%/IRS 0%/Larvicide 0%,0;0.4;0.4_0;0;0_0;0;0_-100;2;5475_-100;2;5475_-100;2;5475,13.8356164383562,Prevalence,3.89541798017014e-08
NbyGQVwzFc_loc12_loop6,12,ITN 0%/IRS 0%/Larvicide 0%,0;0.4;0.4_0;0;0_0;0;0_-100;2;5475_-100;2;5475_-100;2;5475,13.8383561643836,Prevalence,3.90840667909109e-08
NbyGQVwzFc_loc12_loop6,12,ITN 0%/IRS 0%/Larvicide 0%,0;0.4;0.4_0;0;0_0;0;0_-100;2;5475_-100;2;5475_-100;2;5475,13.841095890411,Prevalence,3.92148159286532e-08
NbyGQVwzFc_loc12_loop6,12,ITN 0%/IRS 0%/Larvicide 0%,0;0.4;0.4_0;0;0_0;0;0_-100;2;5475_-100;2;5475_-100;2;5475,13.8438356164384,Prevalence,3.93464261841813e-08
NbyGQVwzFc_loc12_loop6,12,ITN 0%/IRS 0%/Larvicide 0%,0;0.4;0.4_0;0;0_0;0;0_-100;2;5475_-100;2;5475_-100;2;5475,13.8465753424658,Prevalence,3.94788966359431e-08
NbyGQVwzFc_loc12_loop6,12,ITN 0%/IRS 0%/Larvicide 0%,0;0.4;0.4_0;0;0_0;0;0_-100;2;5475_-100;2;5475_-100;2;5475,13.8493150684932,Prevalence,3.96122264174719e-08
NbyGQVwzFc_loc12_loop6,12,ITN 0%/IRS 0%/Larvicide 0%,0;0.4;0.4_0;0;0_0;0;0_-100;2;5475_-100;2;5475_-100;2;5475,13.8520547945205,Prevalence,3.97464146799538e-08
NbyGQVwzFc_loc12_loop6,12,ITN 0%/IRS 0%/Larvicide 0%,0;0.4;0.4_0;0;0_0;0;0_-100;2;5475_-100;2;5475_-100;2;5475,13.8547945205479,Prevalence,3.98814605261527e-08
NbyGQVwzFc_loc12_loop6,12,ITN 0%/IRS 0%/Larvicide 0%,0;0.4;0.4_0;0;0_0;0;0_-100;2;5475_-100;2;5475_-100;2;5475,13.8575342465753,Prevalence,4.00173630447461e-08
NbyGQVwzFc_loc12_loop6,12,ITN 0%/IRS 0%/Larvicide 0%,0;0.4;0.4_0;0;0_0;0;0_-100;2;5475_-100;2;5475_-100;2;5475,13.8602739726027,Prevalence,4.0154121296773e-08
NbyGQVwzFc_loc12_loop6,12,ITN 0%/IRS 0%/Larvicide 0%,0;0.4;0.4_0;0;0_0;0;0_-100;2;5475_-100;2;5475_-100;2;5475,13.8630136986301,Prevalence,4.02917343163037e-08
NbyGQVwzFc_loc12_loop6,12,ITN 0%/IRS 0%/Larvicide 0%,0;0.4;0.4_0;0;0_0;0;0_-100;2;5475_-100;2;5475_-100;2;5475,13.8657534246575,Prevalence,4.04302011614985e-08
NbyGQVwzFc_loc12_loop6,12,ITN 0%/IRS 0%/Larvicide 0%,0;0.4;0.4_0;0;0_0;0;0_-100;2;5475_-100;2;5475_-100;2;5475,13.8684931506849,Prevalence,4.05695210384735e-08
NbyGQVwzFc_loc12_loop6,12,ITN 0%/IRS 0%/Larvicide 0%,0;0.4;0.4_0;0;0_0;0;0_-100;2;5475_-100;2;5475_-100;2;5475,13.8712328767123,Prevalence,4.07096931526011e-08
NbyGQVwzFc_loc12_loop6,12,ITN 0%/IRS 0%/Larvicide 0%,0;0.4;0.4_0;0;0_0;0;0_-100;2;5475_-100;2;5475_-100;2;5475,13.8739726027397,Prevalence,4.08507167575188e-08
NbyGQVwzFc_loc12_loop6,12,ITN 0%/IRS 0%/Larvicide 0%,0;0.4;0.4_0;0;0_0;0;0_-100;2;5475_-100;2;5475_-100;2;5475,13.8767123287671,Prevalence,4.09925910328723e-08
NbyGQVwzFc_loc12_loop6,12,ITN 0%/IRS 0%/Larvicide 0%,0;0.4;0.4_0;0;0_0;0;0_-100;2;5475_-100;2;5475_-100;2;5475,13.8794520547945,Prevalence,4.11353152262648e-08
NbyGQVwzFc_loc12_loop6,12,ITN 0%/IRS 0%/Larvicide 0%,0;0.4;0.4_0;0;0_0;0;0_-100;2;5475_-100;2;5475_-100;2;5475,13.8821917808219,Prevalence,4.12788885638867e-08
NbyGQVwzFc_loc12_loop6,12,ITN 0%/IRS 0%/Larvicide 0%,0;0.4;0.4_0;0;0_0;0;0_-100;2;5475_-100;2;5475_-100;2;5475,13.8849315068493,Prevalence,4.14233099489392e-08
NbyGQVwzFc_loc12_loop6,12,ITN 0%/IRS 0%/Larvicide 0%,0;0.4;0.4_0;0;0_0;0;0_-100;2;5475_-100;2;5475_-100;2;5475,13.8876712328767,Prevalence,4.15685786883647e-08
NbyGQVwzFc_loc12_loop6,12,ITN 0%/IRS 0%/Larvicide 0%,0;0.4;0.4_0;0;0_0;0;0_-100;2;5475_-100;2;5475_-100;2;5475,13.8904109589041,Prevalence,4.17146943286863e-08
NbyGQVwzFc_loc12_loop6,12,ITN 0%/IRS 0%/Larvicide 0%,0;0.4;0.4_0;0;0_0;0;0_-100;2;5475_-100;2;5475_-100;2;5475,13.8931506849315,Prevalence,4.18616563399292e-08
NbyGQVwzFc_loc12_loop6,12,ITN 0%/IRS 0%/Larvicide 0%,0;0.4;0.4_0;0;0_0;0;0_-100;2;5475_-100;2;5475_-100;2;5475,13.8958904109589,Prevalence,4.20094637952838e-08
NbyGQVwzFc_loc12_loop6,12,ITN 0%/IRS 0%/Larvicide 0%,0;0.4;0.4_0;0;0_0;0;0_-100;2;5475_-100;2;5475_-100;2;5475,13.8986301369863,Prevalence,4.21581160164283e-08
NbyGQVwzFc_loc12_loop6,12,ITN 0%/IRS 0%/Larvicide 0%,0;0.4;0.4_0;0;0_0;0;0_-100;2;5475_-100;2;5475_-100;2;5475,13.9013698630137,Prevalence,4.23076123025939e-08
NbyGQVwzFc_loc12_loop6,12,ITN 0%/IRS 0%/Larvicide 0%,0;0.4;0.4_0;0;0_0;0;0_-100;2;5475_-100;2;5475_-100;2;5475,13.9041095890411,Prevalence,4.24579522279109e-08
NbyGQVwzFc_loc12_loop6,12,ITN 0%/IRS 0%/Larvicide 0%,0;0.4;0.4_0;0;0_0;0;0_-100;2;5475_-100;2;5475_-100;2;5475,13.9068493150685,Prevalence,4.26091352815728e-08
NbyGQVwzFc_loc12_loop6,12,ITN 0%/IRS 0%/Larvicide 0%,0;0.4;0.4_0;0;0_0;0;0_-100;2;5475_-100;2;5475_-100;2;5475,13.9095890410959,Prevalence,4.27611611757012e-08
NbyGQVwzFc_loc12_loop6,12,ITN 0%/IRS 0%/Larvicide 0%,0;0.4;0.4_0;0;0_0;0;0_-100;2;5475_-100;2;5475_-100;2;5475,13.9123287671233,Prevalence,4.29140294926462e-08
NbyGQVwzFc_loc12_loop6,12,ITN 0%/IRS 0%/Larvicide 0%,0;0.4;0.4_0;0;0_0;0;0_-100;2;5475_-100;2;5475_-100;2;5475,13.9150684931507,Prevalence,4.3067740162657e-08
NbyGQVwzFc_loc12_loop6,12,ITN 0%/IRS 0%/Larvicide 0%,0;0.4;0.4_0;0;0_0;0;0_-100;2;5475_-100;2;5475_-100;2;5475,13.9178082191781,Prevalence,4.32222933978743e-08
NbyGQVwzFc_loc12_loop6,12,ITN 0%/IRS 0%/Larvicide 0%,0;0.4;0.4_0;0;0_0;0;0_-100;2;5475_-100;2;5475_-100;2;5475,13.9205479452055,Prevalence,4.33776892165905e-08
NbyGQVwzFc_loc12_loop6,12,ITN 0%/IRS 0%/Larvicide 0%,0;0.4;0.4_0;0;0_0;0;0_-100;2;5475_-100;2;5475_-100;2;5475,13.9232876712329,Prevalence,4.3533927753697e-08
NbyGQVwzFc_loc12_loop6,12,ITN 0%/IRS 0%/Larvicide 0%,0;0.4;0.4_0;0;0_0;0;0_-100;2;5475_-100;2;5475_-100;2;5475,13.9260273972603,Prevalence,4.36910092121606e-08
NbyGQVwzFc_loc12_loop6,12,ITN 0%/IRS 0%/Larvicide 0%,0;0.4;0.4_0;0;0_0;0;0_-100;2;5475_-100;2;5475_-100;2;5475,13.9287671232877,Prevalence,4.38489334808591e-08
NbyGQVwzFc_loc12_loop6,12,ITN 0%/IRS 0%/Larvicide 0%,0;0.4;0.4_0;0;0_0;0;0_-100;2;5475_-100;2;5475_-100;2;5475,13.9315068493151,Prevalence,4.40077006717081e-08
NbyGQVwzFc_loc12_loop6,12,ITN 0%/IRS 0%/Larvicide 0%,0;0.4;0.4_0;0;0_0;0;0_-100;2;5475_-100;2;5475_-100;2;5475,13.9342465753425,Prevalence,4.41673107949115e-08
NbyGQVwzFc_loc12_loop6,12,ITN 0%/IRS 0%/Larvicide 0%,0;0.4;0.4_0;0;0_0;0;0_-100;2;5475_-100;2;5475_-100;2;5475,13.9369863013699,Prevalence,4.43277640008974e-08
NbyGQVwzFc_loc12_loop6,12,ITN 0%/IRS 0%/Larvicide 0%,0;0.4;0.4_0;0;0_0;0;0_-100;2;5475_-100;2;5475_-100;2;5475,13.9397260273973,Prevalence,4.44890605785265e-08
NbyGQVwzFc_loc12_loop6,12,ITN 0%/IRS 0%/Larvicide 0%,0;0.4;0.4_0;0;0_0;0;0_-100;2;5475_-100;2;5475_-100;2;5475,13.9424657534247,Prevalence,4.46512005203538e-08
NbyGQVwzFc_loc12_loop6,12,ITN 0%/IRS 0%/Larvicide 0%,0;0.4;0.4_0;0;0_0;0;0_-100;2;5475_-100;2;5475_-100;2;5475,13.9452054794521,Prevalence,4.48141840166869e-08
NbyGQVwzFc_loc12_loop6,12,ITN 0%/IRS 0%/Larvicide 0%,0;0.4;0.4_0;0;0_0;0;0_-100;2;5475_-100;2;5475_-100;2;5475,13.9479452054795,Prevalence,4.49780112333012e-08
NbyGQVwzFc_loc12_loop6,12,ITN 0%/IRS 0%/Larvicide 0%,0;0.4;0.4_0;0;0_0;0;0_-100;2;5475_-100;2;5475_-100;2;5475,13.9506849315069,Prevalence,4.51426825919041e-08
NbyGQVwzFc_loc12_loop6,12,ITN 0%/IRS 0%/Larvicide 0%,0;0.4;0.4_0;0;0_0;0;0_-100;2;5475_-100;2;5475_-100;2;5475,13.9534246575342,Prevalence,4.53081983223933e-08
NbyGQVwzFc_loc12_loop6,12,ITN 0%/IRS 0%/Larvicide 0%,0;0.4;0.4_0;0;0_0;0;0_-100;2;5475_-100;2;5475_-100;2;5475,13.9561643835616,Prevalence,4.54745585141658e-08
NbyGQVwzFc_loc12_loop6,12,ITN 0%/IRS 0%/Larvicide 0%,0;0.4;0.4_0;0;0_0;0;0_-100;2;5475_-100;2;5475_-100;2;5475,13.958904109589,Prevalence,4.56417636339742e-08
NbyGQVwzFc_loc12_loop6,12,ITN 0%/IRS 0%/Larvicide 0%,0;0.4;0.4_0;0;0_0;0;0_-100;2;5475_-100;2;5475_-100;2;5475,13.9616438356164,Prevalence,4.58098143438109e-08
NbyGQVwzFc_loc12_loop6,12,ITN 0%/IRS 0%/Larvicide 0%,0;0.4;0.4_0;0;0_0;0;0_-100;2;5475_-100;2;5475_-100;2;5475,13.9643835616438,Prevalence,4.59787111795858e-08
NbyGQVwzFc_loc12_loop6,12,ITN 0%/IRS 0%/Larvicide 0%,0;0.4;0.4_0;0;0_0;0;0_-100;2;5475_-100;2;5475_-100;2;5475,13.9671232876712,Prevalence,4.61484547503889e-08
NbyGQVwzFc_loc12_loop6,12,ITN 0%/IRS 0%/Larvicide 0%,0;0.4;0.4_0;0;0_0;0;0_-100;2;5475_-100;2;5475_-100;2;5475,13.9698630136986,Prevalence,4.63190455628123e-08
NbyGQVwzFc_loc12_loop6,12,ITN 0%/IRS 0%/Larvicide 0%,0;0.4;0.4_0;0;0_0;0;0_-100;2;5475_-100;2;5475_-100;2;5475,13.972602739726,Prevalence,4.64904842637741e-08
NbyGQVwzFc_loc12_loop6,12,ITN 0%/IRS 0%/Larvicide 0%,0;0.4;0.4_0;0;0_0;0;0_-100;2;5475_-100;2;5475_-100;2;5475,13.9753424657534,Prevalence,4.66627715162725e-08
NbyGQVwzFc_loc12_loop6,12,ITN 0%/IRS 0%/Larvicide 0%,0;0.4;0.4_0;0;0_0;0;0_-100;2;5475_-100;2;5475_-100;2;5475,13.9780821917808,Prevalence,4.68359076806057e-08
NbyGQVwzFc_loc12_loop6,12,ITN 0%/IRS 0%/Larvicide 0%,0;0.4;0.4_0;0;0_0;0;0_-100;2;5475_-100;2;5475_-100;2;5475,13.9808219178082,Prevalence,4.70098931095127e-08
NbyGQVwzFc_loc12_loop6,12,ITN 0%/IRS 0%/Larvicide 0%,0;0.4;0.4_0;0;0_0;0;0_-100;2;5475_-100;2;5475_-100;2;5475,13.9835616438356,Prevalence,4.71847283554305e-08
NbyGQVwzFc_loc12_loop6,12,ITN 0%/IRS 0%/Larvicide 0%,0;0.4;0.4_0;0;0_0;0;0_-100;2;5475_-100;2;5475_-100;2;5475,13.986301369863,Prevalence,4.73604143442209e-08
NbyGQVwzFc_loc12_loop6,12,ITN 0%/IRS 0%/Larvicide 0%,0;0.4;0.4_0;0;0_0;0;0_-100;2;5475_-100;2;5475_-100;2;5475,13.9890410958904,Prevalence,4.75369521632413e-08
NbyGQVwzFc_loc12_loop6,12,ITN 0%/IRS 0%/Larvicide 0%,0;0.4;0.4_0;0;0_0;0;0_-100;2;5475_-100;2;5475_-100;2;5475,13.9917808219178,Prevalence,4.77143428911605e-08
NbyGQVwzFc_loc12_loop6,12,ITN 0%/IRS 0%/Larvicide 0%,0;0.4;0.4_0;0;0_0;0;0_-100;2;5475_-100;2;5475_-100;2;5475,13.9945205479452,Prevalence,4.78925875510044e-08
NbyGQVwzFc_loc12_loop6,12,ITN 0%/IRS 0%/Larvicide 0%,0;0.4;0.4_0;0;0_0;0;0_-100;2;5475_-100;2;5475_-100;2;5475,13.9972602739726,Prevalence,4.80716871523541e-08
NbyGQVwzFc_loc12_loop6,12,ITN 0%/IRS 0%/Larvicide 0%,0;0.4;0.4_0;0;0_0;0;0_-100;2;5475_-100;2;5475_-100;2;5475,14,Prevalence,4.82516426354418e-08
NbyGQVwzFc_loc12_loop6,12,ITN 0%/IRS 0%/Larvicide 0%,0;0.4;0.4_0;0;0_0;0;0_-100;2;5475_-100;2;5475_-100;2;5475,14.0027397260274,Prevalence,4.843245485694e-08
NbyGQVwzFc_loc12_loop6,12,ITN 0%/IRS 0%/Larvicide 0%,0;0.4;0.4_0;0;0_0;0;0_-100;2;5475_-100;2;5475_-100;2;5475,14.0054794520548,Prevalence,4.86141246792231e-08
NbyGQVwzFc_loc12_loop6,12,ITN 0%/IRS 0%/Larvicide 0%,0;0.4;0.4_0;0;0_0;0;0_-100;2;5475_-100;2;5475_-100;2;5475,14.0082191780822,Prevalence,4.87966531252154e-08
NbyGQVwzFc_loc12_loop6,12,ITN 0%/IRS 0%/Larvicide 0%,0;0.4;0.4_0;0;0_0;0;0_-100;2;5475_-100;2;5475_-100;2;5475,14.0109589041096,Prevalence,4.89800416557318e-08
NbyGQVwzFc_loc12_loop6,12,ITN 0%/IRS 0%/Larvicide 0%,0;0.4;0.4_0;0;0_0;0;0_-100;2;5475_-100;2;5475_-100;2;5475,14.013698630137,Prevalence,4.9164291726981e-08
NbyGQVwzFc_loc12_loop6,12,ITN 0%/IRS 0%/Larvicide 0%,0;0.4;0.4_0;0;0_0;0;0_-100;2;5475_-100;2;5475_-100;2;5475,14.0164383561644,Prevalence,4.93494048118165e-08
NbyGQVwzFc_loc12_loop6,12,ITN 0%/IRS 0%/Larvicide 0%,0;0.4;0.4_0;0;0_0;0;0_-100;2;5475_-100;2;5475_-100;2;5475,14.0191780821918,Prevalence,4.95353824272334e-08
NbyGQVwzFc_loc12_loop6,12,ITN 0%/IRS 0%/Larvicide 0%,0;0.4;0.4_0;0;0_0;0;0_-100;2;5475_-100;2;5475_-100;2;5475,14.0219178082192,Prevalence,4.97222261027808e-08
NbyGQVwzFc_loc12_loop6,12,ITN 0%/IRS 0%/Larvicide 0%,0;0.4;0.4_0;0;0_0;0;0_-100;2;5475_-100;2;5475_-100;2;5475,14.0246575342466,Prevalence,4.99099372677347e-08
NbyGQVwzFc_loc12_loop6,12,ITN 0%/IRS 0%/Larvicide 0%,0;0.4;0.4_0;0;0_0;0;0_-100;2;5475_-100;2;5475_-100;2;5475,14.027397260274,Prevalence,5.00985172533243e-08
NbyGQVwzFc_loc12_loop6,12,ITN 0%/IRS 0%/Larvicide 0%,0;0.4;0.4_0;0;0_0;0;0_-100;2;5475_-100;2;5475_-100;2;5475,14.0301369863014,Prevalence,5.02879676132125e-08
NbyGQVwzFc_loc12_loop6,12,ITN 0%/IRS 0%/Larvicide 0%,0;0.4;0.4_0;0;0_0;0;0_-100;2;5475_-100;2;5475_-100;2;5475,14.0328767123288,Prevalence,5.04782900268142e-08
NbyGQVwzFc_loc12_loop6,12,ITN 0%/IRS 0%/Larvicide 0%,0;0.4;0.4_0;0;0_0;0;0_-100;2;5475_-100;2;5475_-100;2;5475,14.0356164383562,Prevalence,5.06694861837308e-08
NbyGQVwzFc_loc12_loop6,12,ITN 0%/IRS 0%/Larvicide 0%,0;0.4;0.4_0;0;0_0;0;0_-100;2;5475_-100;2;5475_-100;2;5475,14.0383561643836,Prevalence,5.0861557726149e-08
NbyGQVwzFc_loc12_loop6,12,ITN 0%/IRS 0%/Larvicide 0%,0;0.4;0.4_0;0;0_0;0;0_-100;2;5475_-100;2;5475_-100;2;5475,14.041095890411,Prevalence,5.10545061794197e-08
NbyGQVwzFc_loc12_loop6,12,ITN 0%/IRS 0%/Larvicide 0%,0;0.4;0.4_0;0;0_0;0;0_-100;2;5475_-100;2;5475_-100;2;5475,14.0438356164384,Prevalence,5.12483332288413e-08
NbyGQVwzFc_loc12_loop6,12,ITN 0%/IRS 0%/Larvicide 0%,0;0.4;0.4_0;0;0_0;0;0_-100;2;5475_-100;2;5475_-100;2;5475,14.0465753424658,Prevalence,5.14430406332761e-08
NbyGQVwzFc_loc12_loop6,12,ITN 0%/IRS 0%/Larvicide 0%,0;0.4;0.4_0;0;0_0;0;0_-100;2;5475_-100;2;5475_-100;2;5475,14.0493150684932,Prevalence,5.16386301396087e-08
NbyGQVwzFc_loc12_loop6,12,ITN 0%/IRS 0%/Larvicide 0%,0;0.4;0.4_0;0;0_0;0;0_-100;2;5475_-100;2;5475_-100;2;5475,14.0520547945205,Prevalence,5.18351035501116e-08
NbyGQVwzFc_loc12_loop6,12,ITN 0%/IRS 0%/Larvicide 0%,0;0.4;0.4_0;0;0_0;0;0_-100;2;5475_-100;2;5475_-100;2;5475,14.0547945205479,Prevalence,5.20324628200224e-08
NbyGQVwzFc_loc12_loop6,12,ITN 0%/IRS 0%/Larvicide 0%,0;0.4;0.4_0;0;0_0;0;0_-100;2;5475_-100;2;5475_-100;2;5475,14.0575342465753,Prevalence,5.22307099099685e-08
NbyGQVwzFc_loc12_loop6,12,ITN 0%/IRS 0%/Larvicide 0%,0;0.4;0.4_0;0;0_0;0;0_-100;2;5475_-100;2;5475_-100;2;5475,14.0602739726027,Prevalence,5.24298467302468e-08
NbyGQVwzFc_loc12_loop6,12,ITN 0%/IRS 0%/Larvicide 0%,0;0.4;0.4_0;0;0_0;0;0_-100;2;5475_-100;2;5475_-100;2;5475,14.0630136986301,Prevalence,5.26298752255036e-08
NbyGQVwzFc_loc12_loop6,12,ITN 0%/IRS 0%/Larvicide 0%,0;0.4;0.4_0;0;0_0;0;0_-100;2;5475_-100;2;5475_-100;2;5475,14.0657534246575,Prevalence,5.28307973162494e-08
NbyGQVwzFc_loc12_loop6,12,ITN 0%/IRS 0%/Larvicide 0%,0;0.4;0.4_0;0;0_0;0;0_-100;2;5475_-100;2;5475_-100;2;5475,14.0684931506849,Prevalence,5.30326148283778e-08
NbyGQVwzFc_loc12_loop6,12,ITN 0%/IRS 0%/Larvicide 0%,0;0.4;0.4_0;0;0_0;0;0_-100;2;5475_-100;2;5475_-100;2;5475,14.0712328767123,Prevalence,5.32353298169809e-08
NbyGQVwzFc_loc12_loop6,12,ITN 0%/IRS 0%/Larvicide 0%,0;0.4;0.4_0;0;0_0;0;0_-100;2;5475_-100;2;5475_-100;2;5475,14.0739726027397,Prevalence,5.34389444268259e-08
NbyGQVwzFc_loc12_loop6,12,ITN 0%/IRS 0%/Larvicide 0%,0;0.4;0.4_0;0;0_0;0;0_-100;2;5475_-100;2;5475_-100;2;5475,14.0767123287671,Prevalence,5.36434608672378e-08
NbyGQVwzFc_loc12_loop6,12,ITN 0%/IRS 0%/Larvicide 0%,0;0.4;0.4_0;0;0_0;0;0_-100;2;5475_-100;2;5475_-100;2;5475,14.0794520547945,Prevalence,5.38488813462187e-08
NbyGQVwzFc_loc12_loop6,12,ITN 0%/IRS 0%/Larvicide 0%,0;0.4;0.4_0;0;0_0;0;0_-100;2;5475_-100;2;5475_-100;2;5475,14.0821917808219,Prevalence,5.40552081788949e-08
NbyGQVwzFc_loc12_loop6,12,ITN 0%/IRS 0%/Larvicide 0%,0;0.4;0.4_0;0;0_0;0;0_-100;2;5475_-100;2;5475_-100;2;5475,14.0849315068493,Prevalence,5.42624435955536e-08
NbyGQVwzFc_loc12_loop6,12,ITN 0%/IRS 0%/Larvicide 0%,0;0.4;0.4_0;0;0_0;0;0_-100;2;5475_-100;2;5475_-100;2;5475,14.0876712328767,Prevalence,5.44705898400175e-08
NbyGQVwzFc_loc12_loop6,12,ITN 0%/IRS 0%/Larvicide 0%,0;0.4;0.4_0;0;0_0;0;0_-100;2;5475_-100;2;5475_-100;2;5475,14.0904109589041,Prevalence,5.46796490771315e-08
NbyGQVwzFc_loc12_loop6,12,ITN 0%/IRS 0%/Larvicide 0%,0;0.4;0.4_0;0;0_0;0;0_-100;2;5475_-100;2;5475_-100;2;5475,14.0931506849315,Prevalence,5.48896236710663e-08
NbyGQVwzFc_loc12_loop6,12,ITN 0%/IRS 0%/Larvicide 0%,0;0.4;0.4_0;0;0_0;0;0_-100;2;5475_-100;2;5475_-100;2;5475,14.0958904109589,Prevalence,5.51005160913953e-08
NbyGQVwzFc_loc12_loop6,12,ITN 0%/IRS 0%/Larvicide 0%,0;0.4;0.4_0;0;0_0;0;0_-100;2;5475_-100;2;5475_-100;2;5475,14.0986301369863,Prevalence,5.53123288240565e-08
NbyGQVwzFc_loc12_loop6,12,ITN 0%/IRS 0%/Larvicide 0%,0;0.4;0.4_0;0;0_0;0;0_-100;2;5475_-100;2;5475_-100;2;5475,14.1013698630137,Prevalence,5.55250644418083e-08
NbyGQVwzFc_loc12_loop6,12,ITN 0%/IRS 0%/Larvicide 0%,0;0.4;0.4_0;0;0_0;0;0_-100;2;5475_-100;2;5475_-100;2;5475,14.1041095890411,Prevalence,5.5738725493496e-08
NbyGQVwzFc_loc12_loop6,12,ITN 0%/IRS 0%/Larvicide 0%,0;0.4;0.4_0;0;0_0;0;0_-100;2;5475_-100;2;5475_-100;2;5475,14.1068493150685,Prevalence,5.59533145405708e-08
NbyGQVwzFc_loc12_loop6,12,ITN 0%/IRS 0%/Larvicide 0%,0;0.4;0.4_0;0;0_0;0;0_-100;2;5475_-100;2;5475_-100;2;5475,14.1095890410959,Prevalence,5.61688342122325e-08
NbyGQVwzFc_loc12_loop6,12,ITN 0%/IRS 0%/Larvicide 0%,0;0.4;0.4_0;0;0_0;0;0_-100;2;5475_-100;2;5475_-100;2;5475,14.1123287671233,Prevalence,5.6385287101492e-08
NbyGQVwzFc_loc12_loop6,12,ITN 0%/IRS 0%/Larvicide 0%,0;0.4;0.4_0;0;0_0;0;0_-100;2;5475_-100;2;5475_-100;2;5475,14.1150684931507,Prevalence,5.66026758779315e-08
NbyGQVwzFc_loc12_loop6,12,ITN 0%/IRS 0%/Larvicide 0%,0;0.4;0.4_0;0;0_0;0;0_-100;2;5475_-100;2;5475_-100;2;5475,14.1178082191781,Prevalence,5.68210032580271e-08
NbyGQVwzFc_loc12_loop6,12,ITN 0%/IRS 0%/Larvicide 0%,0;0.4;0.4_0;0;0_0;0;0_-100;2;5475_-100;2;5475_-100;2;5475,14.1205479452055,Prevalence,5.70402719508827e-08
NbyGQVwzFc_loc12_loop6,12,ITN 0%/IRS 0%/Larvicide 0%,0;0.4;0.4_0;0;0_0;0;0_-100;2;5475_-100;2;5475_-100;2;5475,14.1232876712329,Prevalence,5.72604847125427e-08
NbyGQVwzFc_loc12_loop6,12,ITN 0%/IRS 0%/Larvicide 0%,0;0.4;0.4_0;0;0_0;0;0_-100;2;5475_-100;2;5475_-100;2;5475,14.1260273972603,Prevalence,5.74816442566764e-08
NbyGQVwzFc_loc12_loop6,12,ITN 0%/IRS 0%/Larvicide 0%,0;0.4;0.4_0;0;0_0;0;0_-100;2;5475_-100;2;5475_-100;2;5475,14.1287671232877,Prevalence,5.77037534109822e-08
NbyGQVwzFc_loc12_loop6,12,ITN 0%/IRS 0%/Larvicide 0%,0;0.4;0.4_0;0;0_0;0;0_-100;2;5475_-100;2;5475_-100;2;5475,14.1315068493151,Prevalence,5.79268149892198e-08
NbyGQVwzFc_loc12_loop6,12,ITN 0%/IRS 0%/Larvicide 0%,0;0.4;0.4_0;0;0_0;0;0_-100;2;5475_-100;2;5475_-100;2;5475,14.1342465753425,Prevalence,5.81508319057908e-08
NbyGQVwzFc_loc12_loop6,12,ITN 0%/IRS 0%/Larvicide 0%,0;0.4;0.4_0;0;0_0;0;0_-100;2;5475_-100;2;5475_-100;2;5475,14.1369863013699,Prevalence,5.83758070534577e-08
NbyGQVwzFc_loc12_loop6,12,ITN 0%/IRS 0%/Larvicide 0%,0;0.4;0.4_0;0;0_0;0;0_-100;2;5475_-100;2;5475_-100;2;5475,14.1397260273973,Prevalence,5.86017434739199e-08
NbyGQVwzFc_loc12_loop6,12,ITN 0%/IRS 0%/Larvicide 0%,0;0.4;0.4_0;0;0_0;0;0_-100;2;5475_-100;2;5475_-100;2;5475,14.1424657534247,Prevalence,5.882864435204e-08
NbyGQVwzFc_loc12_loop6,12,ITN 0%/IRS 0%/Larvicide 0%,0;0.4;0.4_0;0;0_0;0;0_-100;2;5475_-100;2;5475_-100;2;5475,14.1452054794521,Prevalence,5.90565128158598e-08
NbyGQVwzFc_loc12_loop6,12,ITN 0%/IRS 0%/Larvicide 0%,0;0.4;0.4_0;0;0_0;0;0_-100;2;5475_-100;2;5475_-100;2;5475,14.1479452054795,Prevalence,5.92853518354913e-08
NbyGQVwzFc_loc12_loop6,12,ITN 0%/IRS 0%/Larvicide 0%,0;0.4;0.4_0;0;0_0;0;0_-100;2;5475_-100;2;5475_-100;2;5475,14.1506849315069,Prevalence,5.95151645314842e-08
NbyGQVwzFc_loc12_loop6,12,ITN 0%/IRS 0%/Larvicide 0%,0;0.4;0.4_0;0;0_0;0;0_-100;2;5475_-100;2;5475_-100;2;5475,14.1534246575342,Prevalence,5.97459541887256e-08
NbyGQVwzFc_loc12_loop6,12,ITN 0%/IRS 0%/Larvicide 0%,0;0.4;0.4_0;0;0_0;0;0_-100;2;5475_-100;2;5475_-100;2;5475,14.1561643835616,Prevalence,5.99777241211312e-08
NbyGQVwzFc_loc12_loop6,12,ITN 0%/IRS 0%/Larvicide 0%,0;0.4;0.4_0;0;0_0;0;0_-100;2;5475_-100;2;5475_-100;2;5475,14.158904109589,Prevalence,6.0210477604157e-08
NbyGQVwzFc_loc12_loop6,12,ITN 0%/IRS 0%/Larvicide 0%,0;0.4;0.4_0;0;0_0;0;0_-100;2;5475_-100;2;5475_-100;2;5475,14.1616438356164,Prevalence,6.04442179334744e-08
NbyGQVwzFc_loc12_loop6,12,ITN 0%/IRS 0%/Larvicide 0%,0;0.4;0.4_0;0;0_0;0;0_-100;2;5475_-100;2;5475_-100;2;5475,14.1643835616438,Prevalence,6.06789483455019e-08
NbyGQVwzFc_loc12_loop6,12,ITN 0%/IRS 0%/Larvicide 0%,0;0.4;0.4_0;0;0_0;0;0_-100;2;5475_-100;2;5475_-100;2;5475,14.1671232876712,Prevalence,6.09146721796074e-08
NbyGQVwzFc_loc12_loop6,12,ITN 0%/IRS 0%/Larvicide 0%,0;0.4;0.4_0;0;0_0;0;0_-100;2;5475_-100;2;5475_-100;2;5475,14.1698630136986,Prevalence,6.11513928965432e-08
NbyGQVwzFc_loc12_loop6,12,ITN 0%/IRS 0%/Larvicide 0%,0;0.4;0.4_0;0;0_0;0;0_-100;2;5475_-100;2;5475_-100;2;5475,14.172602739726,Prevalence,6.13891140272807e-08
NbyGQVwzFc_loc12_loop6,12,ITN 0%/IRS 0%/Larvicide 0%,0;0.4;0.4_0;0;0_0;0;0_-100;2;5475_-100;2;5475_-100;2;5475,14.1753424657534,Prevalence,6.16278390684955e-08
NbyGQVwzFc_loc12_loop6,12,ITN 0%/IRS 0%/Larvicide 0%,0;0.4;0.4_0;0;0_0;0;0_-100;2;5475_-100;2;5475_-100;2;5475,14.1780821917808,Prevalence,6.18675714509236e-08
NbyGQVwzFc_loc12_loop6,12,ITN 0%/IRS 0%/Larvicide 0%,0;0.4;0.4_0;0;0_0;0;0_-100;2;5475_-100;2;5475_-100;2;5475,14.1808219178082,Prevalence,6.21083146386323e-08
NbyGQVwzFc_loc12_loop6,12,ITN 0%/IRS 0%/Larvicide 0%,0;0.4;0.4_0;0;0_0;0;0_-100;2;5475_-100;2;5475_-100;2;5475,14.1835616438356,Prevalence,6.23500721910241e-08
NbyGQVwzFc_loc12_loop6,12,ITN 0%/IRS 0%/Larvicide 0%,0;0.4;0.4_0;0;0_0;0;0_-100;2;5475_-100;2;5475_-100;2;5475,14.186301369863,Prevalence,6.25928477745813e-08
NbyGQVwzFc_loc12_loop6,12,ITN 0%/IRS 0%/Larvicide 0%,0;0.4;0.4_0;0;0_0;0;0_-100;2;5475_-100;2;5475_-100;2;5475,14.1890410958904,Prevalence,6.28366450847956e-08
NbyGQVwzFc_loc12_loop6,12,ITN 0%/IRS 0%/Larvicide 0%,0;0.4;0.4_0;0;0_0;0;0_-100;2;5475_-100;2;5475_-100;2;5475,14.1917808219178,Prevalence,6.30814677061867e-08
NbyGQVwzFc_loc12_loop6,12,ITN 0%/IRS 0%/Larvicide 0%,0;0.4;0.4_0;0;0_0;0;0_-100;2;5475_-100;2;5475_-100;2;5475,14.1945205479452,Prevalence,6.33273192801182e-08
NbyGQVwzFc_loc12_loop6,12,ITN 0%/IRS 0%/Larvicide 0%,0;0.4;0.4_0;0;0_0;0;0_-100;2;5475_-100;2;5475_-100;2;5475,14.1972602739726,Prevalence,6.35742035299735e-08
NbyGQVwzFc_loc12_loop6,12,ITN 0%/IRS 0%/Larvicide 0%,0;0.4;0.4_0;0;0_0;0;0_-100;2;5475_-100;2;5475_-100;2;5475,14.2,Prevalence,6.38221242591927e-08
NbyGQVwzFc_loc12_loop6,12,ITN 0%/IRS 0%/Larvicide 0%,0;0.4;0.4_0;0;0_0;0;0_-100;2;5475_-100;2;5475_-100;2;5475,14.2027397260274,Prevalence,6.40710853033274e-08
NbyGQVwzFc_loc12_loop6,12,ITN 0%/IRS 0%/Larvicide 0%,0;0.4;0.4_0;0;0_0;0;0_-100;2;5475_-100;2;5475_-100;2;5475,14.2054794520548,Prevalence,6.4321090388257e-08
NbyGQVwzFc_loc12_loop6,12,ITN 0%/IRS 0%/Larvicide 0%,0;0.4;0.4_0;0;0_0;0;0_-100;2;5475_-100;2;5475_-100;2;5475,14.2082191780822,Prevalence,6.45721432850986e-08
NbyGQVwzFc_loc12_loop6,12,ITN 0%/IRS 0%/Larvicide 0%,0;0.4;0.4_0;0;0_0;0;0_-100;2;5475_-100;2;5475_-100;2;5475,14.2109589041096,Prevalence,6.48242478400007e-08
NbyGQVwzFc_loc12_loop6,12,ITN 0%/IRS 0%/Larvicide 0%,0;0.4;0.4_0;0;0_0;0;0_-100;2;5475_-100;2;5475_-100;2;5475,14.213698630137,Prevalence,6.50774079761349e-08
NbyGQVwzFc_loc12_loop6,12,ITN 0%/IRS 0%/Larvicide 0%,0;0.4;0.4_0;0;0_0;0;0_-100;2;5475_-100;2;5475_-100;2;5475,14.2164383561644,Prevalence,6.5331627698072e-08
NbyGQVwzFc_loc12_loop6,12,ITN 0%/IRS 0%/Larvicide 0%,0;0.4;0.4_0;0;0_0;0;0_-100;2;5475_-100;2;5475_-100;2;5475,14.2191780821918,Prevalence,6.55869110795049e-08
NbyGQVwzFc_loc12_loop6,12,ITN 0%/IRS 0%/Larvicide 0%,0;0.4;0.4_0;0;0_0;0;0_-100;2;5475_-100;2;5475_-100;2;5475,14.2219178082192,Prevalence,6.58432622077497e-08
NbyGQVwzFc_loc12_loop6,12,ITN 0%/IRS 0%/Larvicide 0%,0;0.4;0.4_0;0;0_0;0;0_-100;2;5475_-100;2;5475_-100;2;5475,14.2246575342466,Prevalence,6.61006850580994e-08
NbyGQVwzFc_loc12_loop6,12,ITN 0%/IRS 0%/Larvicide 0%,0;0.4;0.4_0;0;0_0;0;0_-100;2;5475_-100;2;5475_-100;2;5475,14.227397260274,Prevalence,6.63591836339742e-08
NbyGQVwzFc_loc12_loop6,12,ITN 0%/IRS 0%/Larvicide 0%,0;0.4;0.4_0;0;0_0;0;0_-100;2;5475_-100;2;5475_-100;2;5475,14.2301369863014,Prevalence,6.66187619941234e-08
NbyGQVwzFc_loc12_loop6,12,ITN 0%/IRS 0%/Larvicide 0%,0;0.4;0.4_0;0;0_0;0;0_-100;2;5475_-100;2;5475_-100;2;5475,14.2328767123288,Prevalence,6.68794242639674e-08
NbyGQVwzFc_loc12_loop6,12,ITN 0%/IRS 0%/Larvicide 0%,0;0.4;0.4_0;0;0_0;0;0_-100;2;5475_-100;2;5475_-100;2;5475,14.2356164383562,Prevalence,6.71411746447191e-08
NbyGQVwzFc_loc12_loop6,12,ITN 0%/IRS 0%/Larvicide 0%,0;0.4;0.4_0;0;0_0;0;0_-100;2;5475_-100;2;5475_-100;2;5475,14.2383561643836,Prevalence,6.74040174026942e-08
NbyGQVwzFc_loc12_loop6,12,ITN 0%/IRS 0%/Larvicide 0%,0;0.4;0.4_0;0;0_0;0;0_-100;2;5475_-100;2;5475_-100;2;5475,14.241095890411,Prevalence,6.76679568607688e-08
NbyGQVwzFc_loc12_loop6,12,ITN 0%/IRS 0%/Larvicide 0%,0;0.4;0.4_0;0;0_0;0;0_-100;2;5475_-100;2;5475_-100;2;5475,14.2438356164384,Prevalence,6.79329973902038e-08
NbyGQVwzFc_loc12_loop6,12,ITN 0%/IRS 0%/Larvicide 0%,0;0.4;0.4_0;0;0_0;0;0_-100;2;5475_-100;2;5475_-100;2;5475,14.2465753424658,Prevalence,6.81991434079514e-08
NbyGQVwzFc_loc12_loop6,12,ITN 0%/IRS 0%/Larvicide 0%,0;0.4;0.4_0;0;0_0;0;0_-100;2;5475_-100;2;5475_-100;2;5475,14.2493150684932,Prevalence,6.84663993205663e-08
NbyGQVwzFc_loc12_loop6,12,ITN 0%/IRS 0%/Larvicide 0%,0;0.4;0.4_0;0;0_0;0;0_-100;2;5475_-100;2;5475_-100;2;5475,14.2520547945205,Prevalence,6.87347694301377e-08
NbyGQVwzFc_loc12_loop6,12,ITN 0%/IRS 0%/Larvicide 0%,0;0.4;0.4_0;0;0_0;0;0_-100;2;5475_-100;2;5475_-100;2;5475,14.2547945205479,Prevalence,6.9004258059068e-08
NbyGQVwzFc_loc12_loop6,12,ITN 0%/IRS 0%/Larvicide 0%,0;0.4;0.4_0;0;0_0;0;0_-100;2;5475_-100;2;5475_-100;2;5475,14.2575342465753,Prevalence,6.92748696189381e-08
NbyGQVwzFc_loc12_loop6,12,ITN 0%/IRS 0%/Larvicide 0%,0;0.4;0.4_0;0;0_0;0;0_-100;2;5475_-100;2;5475_-100;2;5475,14.2602739726027,Prevalence,6.95466086004621e-08
NbyGQVwzFc_loc12_loop6,12,ITN 0%/IRS 0%/Larvicide 0%,0;0.4;0.4_0;0;0_0;0;0_-100;2;5475_-100;2;5475_-100;2;5475,14.2630136986301,Prevalence,6.98194795065612e-08
NbyGQVwzFc_loc12_loop6,12,ITN 0%/IRS 0%/Larvicide 0%,0;0.4;0.4_0;0;0_0;0;0_-100;2;5475_-100;2;5475_-100;2;5475,14.2657534246575,Prevalence,7.00934869120259e-08
NbyGQVwzFc_loc12_loop6,12,ITN 0%/IRS 0%/Larvicide 0%,0;0.4;0.4_0;0;0_0;0;0_-100;2;5475_-100;2;5475_-100;2;5475,14.2684931506849,Prevalence,7.03686354548169e-08
NbyGQVwzFc_loc12_loop6,12,ITN 0%/IRS 0%/Larvicide 0%,0;0.4;0.4_0;0;0_0;0;0_-100;2;5475_-100;2;5475_-100;2;5475,14.2712328767123,Prevalence,7.0644929728086e-08
NbyGQVwzFc_loc12_loop6,12,ITN 0%/IRS 0%/Larvicide 0%,0;0.4;0.4_0;0;0_0;0;0_-100;2;5475_-100;2;5475_-100;2;5475,14.2739726027397,Prevalence,7.09223744074057e-08
NbyGQVwzFc_loc12_loop6,12,ITN 0%/IRS 0%/Larvicide 0%,0;0.4;0.4_0;0;0_0;0;0_-100;2;5475_-100;2;5475_-100;2;5475,14.2767123287671,Prevalence,7.12009741809209e-08
NbyGQVwzFc_loc12_loop6,12,ITN 0%/IRS 0%/Larvicide 0%,0;0.4;0.4_0;0;0_0;0;0_-100;2;5475_-100;2;5475_-100;2;5475,14.2794520547945,Prevalence,7.14807337e-08
NbyGQVwzFc_loc12_loop6,12,ITN 0%/IRS 0%/Larvicide 0%,0;0.4;0.4_0;0;0_0;0;0_-100;2;5475_-100;2;5475_-100;2;5475,14.2821917808219,Prevalence,7.17616576076599e-08
NbyGQVwzFc_loc12_loop6,12,ITN 0%/IRS 0%/Larvicide 0%,0;0.4;0.4_0;0;0_0;0;0_-100;2;5475_-100;2;5475_-100;2;5475,14.2849315068493,Prevalence,7.20437506328845e-08
NbyGQVwzFc_loc12_loop6,12,ITN 0%/IRS 0%/Larvicide 0%,0;0.4;0.4_0;0;0_0;0;0_-100;2;5475_-100;2;5475_-100;2;5475,14.2876712328767,Prevalence,7.23270175833369e-08
NbyGQVwzFc_loc12_loop6,12,ITN 0%/IRS 0%/Larvicide 0%,0;0.4;0.4_0;0;0_0;0;0_-100;2;5475_-100;2;5475_-100;2;5475,14.2904109589041,Prevalence,7.26114633325566e-08
NbyGQVwzFc_loc12_loop6,12,ITN 0%/IRS 0%/Larvicide 0%,0;0.4;0.4_0;0;0_0;0;0_-100;2;5475_-100;2;5475_-100;2;5475,14.2931506849315,Prevalence,7.28970927812324e-08
NbyGQVwzFc_loc12_loop6,12,ITN 0%/IRS 0%/Larvicide 0%,0;0.4;0.4_0;0;0_0;0;0_-100;2;5475_-100;2;5475_-100;2;5475,14.2958904109589,Prevalence,7.31839108001089e-08
NbyGQVwzFc_loc12_loop6,12,ITN 0%/IRS 0%/Larvicide 0%,0;0.4;0.4_0;0;0_0;0;0_-100;2;5475_-100;2;5475_-100;2;5475,14.2986301369863,Prevalence,7.3471922264555e-08
NbyGQVwzFc_loc12_loop6,12,ITN 0%/IRS 0%/Larvicide 0%,0;0.4;0.4_0;0;0_0;0;0_-100;2;5475_-100;2;5475_-100;2;5475,14.3013698630137,Prevalence,7.37611320875869e-08
NbyGQVwzFc_loc12_loop6,12,ITN 0%/IRS 0%/Larvicide 0%,0;0.4;0.4_0;0;0_0;0;0_-100;2;5475_-100;2;5475_-100;2;5475,14.3041095890411,Prevalence,7.40515452340255e-08
NbyGQVwzFc_loc12_loop6,12,ITN 0%/IRS 0%/Larvicide 0%,0;0.4;0.4_0;0;0_0;0;0_-100;2;5475_-100;2;5475_-100;2;5475,14.3068493150685,Prevalence,7.43431667189672e-08
NbyGQVwzFc_loc12_loop6,12,ITN 0%/IRS 0%/Larvicide 0%,0;0.4;0.4_0;0;0_0;0;0_-100;2;5475_-100;2;5475_-100;2;5475,14.3095890410959,Prevalence,7.46360016043048e-08
NbyGQVwzFc_loc12_loop6,12,ITN 0%/IRS 0%/Larvicide 0%,0;0.4;0.4_0;0;0_0;0;0_-100;2;5475_-100;2;5475_-100;2;5475,14.3123287671233,Prevalence,7.49300549945845e-08
NbyGQVwzFc_loc12_loop6,12,ITN 0%/IRS 0%/Larvicide 0%,0;0.4;0.4_0;0;0_0;0;0_-100;2;5475_-100;2;5475_-100;2;5475,14.3150684931507,Prevalence,7.52253320343487e-08
NbyGQVwzFc_loc12_loop6,12,ITN 0%/IRS 0%/Larvicide 0%,0;0.4;0.4_0;0;0_0;0;0_-100;2;5475_-100;2;5475_-100;2;5475,14.3178082191781,Prevalence,7.55218379050034e-08
NbyGQVwzFc_loc12_loop6,12,ITN 0%/IRS 0%/Larvicide 0%,0;0.4;0.4_0;0;0_0;0;0_-100;2;5475_-100;2;5475_-100;2;5475,14.3205479452055,Prevalence,7.58195778239599e-08
NbyGQVwzFc_loc12_loop6,12,ITN 0%/IRS 0%/Larvicide 0%,0;0.4;0.4_0;0;0_0;0;0_-100;2;5475_-100;2;5475_-100;2;5475,14.3232876712329,Prevalence,7.6118557041917e-08
NbyGQVwzFc_loc12_loop6,12,ITN 0%/IRS 0%/Larvicide 0%,0;0.4;0.4_0;0;0_0;0;0_-100;2;5475_-100;2;5475_-100;2;5475,14.3260273972603,Prevalence,7.64187808425194e-08
NbyGQVwzFc_loc12_loop6,12,ITN 0%/IRS 0%/Larvicide 0%,0;0.4;0.4_0;0;0_0;0;0_-100;2;5475_-100;2;5475_-100;2;5475,14.3287671232877,Prevalence,7.67202545407098e-08
NbyGQVwzFc_loc12_loop6,12,ITN 0%/IRS 0%/Larvicide 0%,0;0.4;0.4_0;0;0_0;0;0_-100;2;5475_-100;2;5475_-100;2;5475,14.3315068493151,Prevalence,7.70229834832854e-08
NbyGQVwzFc_loc12_loop6,12,ITN 0%/IRS 0%/Larvicide 0%,0;0.4;0.4_0;0;0_0;0;0_-100;2;5475_-100;2;5475_-100;2;5475,14.3342465753425,Prevalence,7.73269730469787e-08
NbyGQVwzFc_loc12_loop6,12,ITN 0%/IRS 0%/Larvicide 0%,0;0.4;0.4_0;0;0_0;0;0_-100;2;5475_-100;2;5475_-100;2;5475,14.3369863013699,Prevalence,7.76322286400272e-08
NbyGQVwzFc_loc12_loop6,12,ITN 0%/IRS 0%/Larvicide 0%,0;0.4;0.4_0;0;0_0;0;0_-100;2;5475_-100;2;5475_-100;2;5475,14.3397260273973,Prevalence,7.79387557010114e-08
NbyGQVwzFc_loc12_loop6,12,ITN 0%/IRS 0%/Larvicide 0%,0;0.4;0.4_0;0;0_0;0;0_-100;2;5475_-100;2;5475_-100;2;5475,14.3424657534247,Prevalence,7.82465596977963e-08
NbyGQVwzFc_loc12_loop6,12,ITN 0%/IRS 0%/Larvicide 0%,0;0.4;0.4_0;0;0_0;0;0_-100;2;5475_-100;2;5475_-100;2;5475,14.3452054794521,Prevalence,7.85556461282564e-08
NbyGQVwzFc_loc12_loop6,12,ITN 0%/IRS 0%/Larvicide 0%,0;0.4;0.4_0;0;0_0;0;0_-100;2;5475_-100;2;5475_-100;2;5475,14.3479452054795,Prevalence,7.88660205220031e-08
NbyGQVwzFc_loc12_loop6,12,ITN 0%/IRS 0%/Larvicide 0%,0;0.4;0.4_0;0;0_0;0;0_-100;2;5475_-100;2;5475_-100;2;5475,14.3506849315069,Prevalence,7.91776884088217e-08
NbyGQVwzFc_loc12_loop6,12,ITN 0%/IRS 0%/Larvicide 0%,0;0.4;0.4_0;0;0_0;0;0_-100;2;5475_-100;2;5475_-100;2;5475,14.3534246575342,Prevalence,7.94906552778468e-08
NbyGQVwzFc_loc12_loop6,12,ITN 0%/IRS 0%/Larvicide 0%,0;0.4;0.4_0;0;0_0;0;0_-100;2;5475_-100;2;5475_-100;2;5475,14.3561643835616,Prevalence,7.98049266964185e-08
NbyGQVwzFc_loc12_loop6,12,ITN 0%/IRS 0%/Larvicide 0%,0;0.4;0.4_0;0;0_0;0;0_-100;2;5475_-100;2;5475_-100;2;5475,14.358904109589,Prevalence,8.01205082784421e-08
NbyGQVwzFc_loc12_loop6,12,ITN 0%/IRS 0%/Larvicide 0%,0;0.4;0.4_0;0;0_0;0;0_-100;2;5475_-100;2;5475_-100;2;5475,14.3616438356164,Prevalence,8.04374056621377e-08
NbyGQVwzFc_loc12_loop6,12,ITN 0%/IRS 0%/Larvicide 0%,0;0.4;0.4_0;0;0_0;0;0_-100;2;5475_-100;2;5475_-100;2;5475,14.3643835616438,Prevalence,8.07556245088109e-08
NbyGQVwzFc_loc12_loop6,12,ITN 0%/IRS 0%/Larvicide 0%,0;0.4;0.4_0;0;0_0;0;0_-100;2;5475_-100;2;5475_-100;2;5475,14.3671232876712,Prevalence,8.10751705570173e-08
NbyGQVwzFc_loc12_loop6,12,ITN 0%/IRS 0%/Larvicide 0%,0;0.4;0.4_0;0;0_0;0;0_-100;2;5475_-100;2;5475_-100;2;5475,14.3698630136986,Prevalence,8.13960495454573e-08
NbyGQVwzFc_loc12_loop6,12,ITN 0%/IRS 0%/Larvicide 0%,0;0.4;0.4_0;0;0_0;0;0_-100;2;5475_-100;2;5475_-100;2;5475,14.372602739726,Prevalence,8.17182672332314e-08
NbyGQVwzFc_loc12_loop6,12,ITN 0%/IRS 0%/Larvicide 0%,0;0.4;0.4_0;0;0_0;0;0_-100;2;5475_-100;2;5475_-100;2;5475,14.3753424657534,Prevalence,8.20418293886499e-08
NbyGQVwzFc_loc12_loop6,12,ITN 0%/IRS 0%/Larvicide 0%,0;0.4;0.4_0;0;0_0;0;0_-100;2;5475_-100;2;5475_-100;2;5475,14.3780821917808,Prevalence,8.2366741883327e-08
NbyGQVwzFc_loc12_loop6,12,ITN 0%/IRS 0%/Larvicide 0%,0;0.4;0.4_0;0;0_0;0;0_-100;2;5475_-100;2;5475_-100;2;5475,14.3808219178082,Prevalence,8.26930106316234e-08
NbyGQVwzFc_loc12_loop6,12,ITN 0%/IRS 0%/Larvicide 0%,0;0.4;0.4_0;0;0_0;0;0_-100;2;5475_-100;2;5475_-100;2;5475,14.3835616438356,Prevalence,8.30206415707463e-08
NbyGQVwzFc_loc12_loop6,12,ITN 0%/IRS 0%/Larvicide 0%,0;0.4;0.4_0;0;0_0;0;0_-100;2;5475_-100;2;5475_-100;2;5475,14.386301369863,Prevalence,8.33496406628337e-08
NbyGQVwzFc_loc12_loop6,12,ITN 0%/IRS 0%/Larvicide 0%,0;0.4;0.4_0;0;0_0;0;0_-100;2;5475_-100;2;5475_-100;2;5475,14.3890410958904,Prevalence,8.36800139469402e-08
NbyGQVwzFc_loc12_loop6,12,ITN 0%/IRS 0%/Larvicide 0%,0;0.4;0.4_0;0;0_0;0;0_-100;2;5475_-100;2;5475_-100;2;5475,14.3917808219178,Prevalence,8.40117675058434e-08
NbyGQVwzFc_loc12_loop6,12,ITN 0%/IRS 0%/Larvicide 0%,0;0.4;0.4_0;0;0_0;0;0_-100;2;5475_-100;2;5475_-100;2;5475,14.3945205479452,Prevalence,8.43449074461563e-08
NbyGQVwzFc_loc12_loop6,12,ITN 0%/IRS 0%/Larvicide 0%,0;0.4;0.4_0;0;0_0;0;0_-100;2;5475_-100;2;5475_-100;2;5475,14.3972602739726,Prevalence,8.46794398736585e-08
NbyGQVwzFc_loc12_loop6,12,ITN 0%/IRS 0%/Larvicide 0%,0;0.4;0.4_0;0;0_0;0;0_-100;2;5475_-100;2;5475_-100;2;5475,14.4,Prevalence,8.5015370931111e-08
NbyGQVwzFc_loc12_loop6,12,ITN 0%/IRS 0%/Larvicide 0%,0;0.4;0.4_0;0;0_0;0;0_-100;2;5475_-100;2;5475_-100;2;5475,14.4027397260274,Prevalence,8.5352706800855e-08
NbyGQVwzFc_loc12_loop6,12,ITN 0%/IRS 0%/Larvicide 0%,0;0.4;0.4_0;0;0_0;0;0_-100;2;5475_-100;2;5475_-100;2;5475,14.4054794520548,Prevalence,8.56914536962719e-08
NbyGQVwzFc_loc12_loop6,12,ITN 0%/IRS 0%/Larvicide 0%,0;0.4;0.4_0;0;0_0;0;0_-100;2;5475_-100;2;5475_-100;2;5475,14.4082191780822,Prevalence,8.60316178653929e-08
NbyGQVwzFc_loc12_loop6,12,ITN 0%/IRS 0%/Larvicide 0%,0;0.4;0.4_0;0;0_0;0;0_-100;2;5475_-100;2;5475_-100;2;5475,14.4109589041096,Prevalence,8.63732055922143e-08
NbyGQVwzFc_loc12_loop6,12,ITN 0%/IRS 0%/Larvicide 0%,0;0.4;0.4_0;0;0_0;0;0_-100;2;5475_-100;2;5475_-100;2;5475,14.413698630137,Prevalence,8.67162231940382e-08
NbyGQVwzFc_loc12_loop6,12,ITN 0%/IRS 0%/Larvicide 0%,0;0.4;0.4_0;0;0_0;0;0_-100;2;5475_-100;2;5475_-100;2;5475,14.4164383561644,Prevalence,8.7060677022089e-08
NbyGQVwzFc_loc12_loop6,12,ITN 0%/IRS 0%/Larvicide 0%,0;0.4;0.4_0;0;0_0;0;0_-100;2;5475_-100;2;5475_-100;2;5475,14.4191780821918,Prevalence,8.74065734622594e-08
NbyGQVwzFc_loc12_loop6,12,ITN 0%/IRS 0%/Larvicide 0%,0;0.4;0.4_0;0;0_0;0;0_-100;2;5475_-100;2;5475_-100;2;5475,14.4219178082192,Prevalence,8.77539189344228e-08
NbyGQVwzFc_loc12_loop6,12,ITN 0%/IRS 0%/Larvicide 0%,0;0.4;0.4_0;0;0_0;0;0_-100;2;5475_-100;2;5475_-100;2;5475,14.4246575342466,Prevalence,8.81027198925257e-08
NbyGQVwzFc_loc12_loop6,12,ITN 0%/IRS 0%/Larvicide 0%,0;0.4;0.4_0;0;0_0;0;0_-100;2;5475_-100;2;5475_-100;2;5475,14.427397260274,Prevalence,8.84529828249593e-08
NbyGQVwzFc_loc12_loop6,12,ITN 0%/IRS 0%/Larvicide 0%,0;0.4;0.4_0;0;0_0;0;0_-100;2;5475_-100;2;5475_-100;2;5475,14.4301369863014,Prevalence,8.88047142544615e-08
NbyGQVwzFc_loc12_loop6,12,ITN 0%/IRS 0%/Larvicide 0%,0;0.4;0.4_0;0;0_0;0;0_-100;2;5475_-100;2;5475_-100;2;5475,14.4328767123288,Prevalence,8.91579207381743e-08
NbyGQVwzFc_loc12_loop6,12,ITN 0%/IRS 0%/Larvicide 0%,0;0.4;0.4_0;0;0_0;0;0_-100;2;5475_-100;2;5475_-100;2;5475,14.4356164383562,Prevalence,8.95126088678538e-08
NbyGQVwzFc_loc12_loop6,12,ITN 0%/IRS 0%/Larvicide 0%,0;0.4;0.4_0;0;0_0;0;0_-100;2;5475_-100;2;5475_-100;2;5475,14.4383561643836,Prevalence,8.98687852699443e-08
NbyGQVwzFc_loc12_loop6,12,ITN 0%/IRS 0%/Larvicide 0%,0;0.4;0.4_0;0;0_0;0;0_-100;2;5475_-100;2;5475_-100;2;5475,14.441095890411,Prevalence,9.02264566056527e-08
NbyGQVwzFc_loc12_loop6,12,ITN 0%/IRS 0%/Larvicide 0%,0;0.4;0.4_0;0;0_0;0;0_-100;2;5475_-100;2;5475_-100;2;5475,14.4438356164384,Prevalence,9.05856295710315e-08
NbyGQVwzFc_loc12_loop6,12,ITN 0%/IRS 0%/Larvicide 0%,0;0.4;0.4_0;0;0_0;0;0_-100;2;5475_-100;2;5475_-100;2;5475,14.4465753424658,Prevalence,9.09463108970066e-08
NbyGQVwzFc_loc12_loop6,12,ITN 0%/IRS 0%/Larvicide 0%,0;0.4;0.4_0;0;0_0;0;0_-100;2;5475_-100;2;5475_-100;2;5475,14.4493150684932,Prevalence,9.13085073494452e-08
NbyGQVwzFc_loc12_loop6,12,ITN 0%/IRS 0%/Larvicide 0%,0;0.4;0.4_0;0;0_0;0;0_-100;2;5475_-100;2;5475_-100;2;5475,14.4520547945205,Prevalence,9.16722257294906e-08
NbyGQVwzFc_loc12_loop6,12,ITN 0%/IRS 0%/Larvicide 0%,0;0.4;0.4_0;0;0_0;0;0_-100;2;5475_-100;2;5475_-100;2;5475,14.4547945205479,Prevalence,9.20374728731801e-08
NbyGQVwzFc_loc12_loop6,12,ITN 0%/IRS 0%/Larvicide 0%,0;0.4;0.4_0;0;0_0;0;0_-100;2;5475_-100;2;5475_-100;2;5475,14.4575342465753,Prevalence,9.24042556521369e-08
NbyGQVwzFc_loc12_loop6,12,ITN 0%/IRS 0%/Larvicide 0%,0;0.4;0.4_0;0;0_0;0;0_-100;2;5475_-100;2;5475_-100;2;5475,14.4602739726027,Prevalence,9.277258097334e-08
NbyGQVwzFc_loc12_loop6,12,ITN 0%/IRS 0%/Larvicide 0%,0;0.4;0.4_0;0;0_0;0;0_-100;2;5475_-100;2;5475_-100;2;5475,14.4630136986301,Prevalence,9.31424557792651e-08
NbyGQVwzFc_loc12_loop6,12,ITN 0%/IRS 0%/Larvicide 0%,0;0.4;0.4_0;0;0_0;0;0_-100;2;5475_-100;2;5475_-100;2;5475,14.4657534246575,Prevalence,9.35138870481288e-08
NbyGQVwzFc_loc12_loop6,12,ITN 0%/IRS 0%/Larvicide 0%,0;0.4;0.4_0;0;0_0;0;0_-100;2;5475_-100;2;5475_-100;2;5475,14.4684931506849,Prevalence,9.38868817939116e-08
NbyGQVwzFc_loc12_loop6,12,ITN 0%/IRS 0%/Larvicide 0%,0;0.4;0.4_0;0;0_0;0;0_-100;2;5475_-100;2;5475_-100;2;5475,14.4712328767123,Prevalence,9.42614470665265e-08
NbyGQVwzFc_loc12_loop6,12,ITN 0%/IRS 0%/Larvicide 0%,0;0.4;0.4_0;0;0_0;0;0_-100;2;5475_-100;2;5475_-100;2;5475,14.4739726027397,Prevalence,9.46375899520506e-08
NbyGQVwzFc_loc12_loop6,12,ITN 0%/IRS 0%/Larvicide 0%,0;0.4;0.4_0;0;0_0;0;0_-100;2;5475_-100;2;5475_-100;2;5475,14.4767123287671,Prevalence,9.50153175728276e-08
NbyGQVwzFc_loc12_loop6,12,ITN 0%/IRS 0%/Larvicide 0%,0;0.4;0.4_0;0;0_0;0;0_-100;2;5475_-100;2;5475_-100;2;5475,14.4794520547945,Prevalence,9.53946370876149e-08
NbyGQVwzFc_loc12_loop6,12,ITN 0%/IRS 0%/Larvicide 0%,0;0.4;0.4_0;0;0_0;0;0_-100;2;5475_-100;2;5475_-100;2;5475,14.4821917808219,Prevalence,9.57755556921526e-08
NbyGQVwzFc_loc12_loop6,12,ITN 0%/IRS 0%/Larvicide 0%,0;0.4;0.4_0;0;0_0;0;0_-100;2;5475_-100;2;5475_-100;2;5475,14.4849315068493,Prevalence,9.6158080618837e-08
NbyGQVwzFc_loc12_loop6,12,ITN 0%/IRS 0%/Larvicide 0%,0;0.4;0.4_0;0;0_0;0;0_-100;2;5475_-100;2;5475_-100;2;5475,14.4876712328767,Prevalence,9.65422191364399e-08
NbyGQVwzFc_loc12_loop6,12,ITN 0%/IRS 0%/Larvicide 0%,0;0.4;0.4_0;0;0_0;0;0_-100;2;5475_-100;2;5475_-100;2;5475,14.4904109589041,Prevalence,9.69279785517413e-08
NbyGQVwzFc_loc12_loop6,12,ITN 0%/IRS 0%/Larvicide 0%,0;0.4;0.4_0;0;0_0;0;0_-100;2;5475_-100;2;5475_-100;2;5475,14.4931506849315,Prevalence,9.7315366208512e-08
NbyGQVwzFc_loc12_loop6,12,ITN 0%/IRS 0%/Larvicide 0%,0;0.4;0.4_0;0;0_0;0;0_-100;2;5475_-100;2;5475_-100;2;5475,14.4958904109589,Prevalence,9.77043894881803e-08
NbyGQVwzFc_loc12_loop6,12,ITN 0%/IRS 0%/Larvicide 0%,0;0.4;0.4_0;0;0_0;0;0_-100;2;5475_-100;2;5475_-100;2;5475,14.4986301369863,Prevalence,9.80950558095345e-08
NbyGQVwzFc_loc12_loop6,12,ITN 0%/IRS 0%/Larvicide 0%,0;0.4;0.4_0;0;0_0;0;0_-100;2;5475_-100;2;5475_-100;2;5475,14.5013698630137,Prevalence,9.8487372628922e-08
NbyGQVwzFc_loc12_loop6,12,ITN 0%/IRS 0%/Larvicide 0%,0;0.4;0.4_0;0;0_0;0;0_-100;2;5475_-100;2;5475_-100;2;5475,14.5041095890411,Prevalence,9.8881347440085e-08
NbyGQVwzFc_loc12_loop6,12,ITN 0%/IRS 0%/Larvicide 0%,0;0.4;0.4_0;0;0_0;0;0_-100;2;5475_-100;2;5475_-100;2;5475,14.5068493150685,Prevalence,9.92769877875965e-08
NbyGQVwzFc_loc12_loop6,12,ITN 0%/IRS 0%/Larvicide 0%,0;0.4;0.4_0;0;0_0;0;0_-100;2;5475_-100;2;5475_-100;2;5475,14.5095890410959,Prevalence,9.96743012566851e-08
NbyGQVwzFc_loc12_loop6,12,ITN 0%/IRS 0%/Larvicide 0%,0;0.4;0.4_0;0;0_0;0;0_-100;2;5475_-100;2;5475_-100;2;5475,14.5123287671233,Prevalence,1.00073295491487e-07
NbyGQVwzFc_loc12_loop6,12,ITN 0%/IRS 0%/Larvicide 0%,0;0.4;0.4_0;0;0_0;0;0_-100;2;5475_-100;2;5475_-100;2;5475,14.5150684931507,Prevalence,1.0047397816125e-07
NbyGQVwzFc_loc12_loop6,12,ITN 0%/IRS 0%/Larvicide 0%,0;0.4;0.4_0;0;0_0;0;0_-100;2;5475_-100;2;5475_-100;2;5475,14.5178082191781,Prevalence,1.00876356948394e-07
NbyGQVwzFc_loc12_loop6,12,ITN 0%/IRS 0%/Larvicide 0%,0;0.4;0.4_0;0;0_0;0;0_-100;2;5475_-100;2;5475_-100;2;5475,14.5205479452055,Prevalence,1.01280439575284e-07
NbyGQVwzFc_loc12_loop6,12,ITN 0%/IRS 0%/Larvicide 0%,0;0.4;0.4_0;0;0_0;0;0_-100;2;5475_-100;2;5475_-100;2;5475,14.5232876712329,Prevalence,1.01686233806911e-07
NbyGQVwzFc_loc12_loop6,12,ITN 0%/IRS 0%/Larvicide 0%,0;0.4;0.4_0;0;0_0;0;0_-100;2;5475_-100;2;5475_-100;2;5475,14.5260273972603,Prevalence,1.02093747441474e-07
NbyGQVwzFc_loc12_loop6,12,ITN 0%/IRS 0%/Larvicide 0%,0;0.4;0.4_0;0;0_0;0;0_-100;2;5475_-100;2;5475_-100;2;5475,14.5287671232877,Prevalence,1.02502988316488e-07
NbyGQVwzFc_loc12_loop6,12,ITN 0%/IRS 0%/Larvicide 0%,0;0.4;0.4_0;0;0_0;0;0_-100;2;5475_-100;2;5475_-100;2;5475,14.5315068493151,Prevalence,1.02913964310877e-07
NbyGQVwzFc_loc12_loop6,12,ITN 0%/IRS 0%/Larvicide 0%,0;0.4;0.4_0;0;0_0;0;0_-100;2;5475_-100;2;5475_-100;2;5475,14.5342465753425,Prevalence,1.03326683341439e-07
NbyGQVwzFc_loc12_loop6,12,ITN 0%/IRS 0%/Larvicide 0%,0;0.4;0.4_0;0;0_0;0;0_-100;2;5475_-100;2;5475_-100;2;5475,14.5369863013699,Prevalence,1.03741153363993e-07
NbyGQVwzFc_loc12_loop6,12,ITN 0%/IRS 0%/Larvicide 0%,0;0.4;0.4_0;0;0_0;0;0_-100;2;5475_-100;2;5475_-100;2;5475,14.5397260273973,Prevalence,1.04157382375442e-07
NbyGQVwzFc_loc12_loop6,12,ITN 0%/IRS 0%/Larvicide 0%,0;0.4;0.4_0;0;0_0;0;0_-100;2;5475_-100;2;5475_-100;2;5475,14.5424657534247,Prevalence,1.04575378417924e-07
NbyGQVwzFc_loc12_loop6,12,ITN 0%/IRS 0%/Larvicide 0%,0;0.4;0.4_0;0;0_0;0;0_-100;2;5475_-100;2;5475_-100;2;5475,14.5452054794521,Prevalence,1.04995149590324e-07
NbyGQVwzFc_loc12_loop6,12,ITN 0%/IRS 0%/Larvicide 0%,0;0.4;0.4_0;0;0_0;0;0_-100;2;5475_-100;2;5475_-100;2;5475,14.5479452054795,Prevalence,1.054167040304e-07
NbyGQVwzFc_loc12_loop6,12,ITN 0%/IRS 0%/Larvicide 0%,0;0.4;0.4_0;0;0_0;0;0_-100;2;5475_-100;2;5475_-100;2;5475,14.5506849315069,Prevalence,1.05840049897109e-07
NbyGQVwzFc_loc12_loop6,12,ITN 0%/IRS 0%/Larvicide 0%,0;0.4;0.4_0;0;0_0;0;0_-100;2;5475_-100;2;5475_-100;2;5475,14.5534246575342,Prevalence,1.06265195385774e-07
NbyGQVwzFc_loc12_loop6,12,ITN 0%/IRS 0%/Larvicide 0%,0;0.4;0.4_0;0;0_0;0;0_-100;2;5475_-100;2;5475_-100;2;5475,14.5561643835616,Prevalence,1.06692148736844e-07
NbyGQVwzFc_loc12_loop6,12,ITN 0%/IRS 0%/Larvicide 0%,0;0.4;0.4_0;0;0_0;0;0_-100;2;5475_-100;2;5475_-100;2;5475,14.558904109589,Prevalence,1.07120918229194e-07
NbyGQVwzFc_loc12_loop6,12,ITN 0%/IRS 0%/Larvicide 0%,0;0.4;0.4_0;0;0_0;0;0_-100;2;5475_-100;2;5475_-100;2;5475,14.5616438356164,Prevalence,1.07551512180923e-07
NbyGQVwzFc_loc12_loop6,12,ITN 0%/IRS 0%/Larvicide 0%,0;0.4;0.4_0;0;0_0;0;0_-100;2;5475_-100;2;5475_-100;2;5475,14.5643835616438,Prevalence,1.07983938953577e-07
NbyGQVwzFc_loc12_loop6,12,ITN 0%/IRS 0%/Larvicide 0%,0;0.4;0.4_0;0;0_0;0;0_-100;2;5475_-100;2;5475_-100;2;5475,14.5671232876712,Prevalence,1.08418206954233e-07
NbyGQVwzFc_loc12_loop6,12,ITN 0%/IRS 0%/Larvicide 0%,0;0.4;0.4_0;0;0_0;0;0_-100;2;5475_-100;2;5475_-100;2;5475,14.5698630136986,Prevalence,1.08854324646075e-07
NbyGQVwzFc_loc12_loop6,12,ITN 0%/IRS 0%/Larvicide 0%,0;0.4;0.4_0;0;0_0;0;0_-100;2;5475_-100;2;5475_-100;2;5475,14.572602739726,Prevalence,1.09292300531926e-07
NbyGQVwzFc_loc12_loop6,12,ITN 0%/IRS 0%/Larvicide 0%,0;0.4;0.4_0;0;0_0;0;0_-100;2;5475_-100;2;5475_-100;2;5475,14.5753424657534,Prevalence,1.09732143139713e-07
NbyGQVwzFc_loc12_loop6,12,ITN 0%/IRS 0%/Larvicide 0%,0;0.4;0.4_0;0;0_0;0;0_-100;2;5475_-100;2;5475_-100;2;5475,14.5780821917808,Prevalence,1.1017386103564e-07
NbyGQVwzFc_loc12_loop6,12,ITN 0%/IRS 0%/Larvicide 0%,0;0.4;0.4_0;0;0_0;0;0_-100;2;5475_-100;2;5475_-100;2;5475,14.5808219178082,Prevalence,1.10617462832682e-07
NbyGQVwzFc_loc12_loop6,12,ITN 0%/IRS 0%/Larvicide 0%,0;0.4;0.4_0;0;0_0;0;0_-100;2;5475_-100;2;5475_-100;2;5475,14.5835616438356,Prevalence,1.11062957189436e-07
NbyGQVwzFc_loc12_loop6,12,ITN 0%/IRS 0%/Larvicide 0%,0;0.4;0.4_0;0;0_0;0;0_-100;2;5475_-100;2;5475_-100;2;5475,14.586301369863,Prevalence,1.11510352818003e-07
NbyGQVwzFc_loc12_loop6,12,ITN 0%/IRS 0%/Larvicide 0%,0;0.4;0.4_0;0;0_0;0;0_-100;2;5475_-100;2;5475_-100;2;5475,14.5890410958904,Prevalence,1.11959658471884e-07
NbyGQVwzFc_loc12_loop6,12,ITN 0%/IRS 0%/Larvicide 0%,0;0.4;0.4_0;0;0_0;0;0_-100;2;5475_-100;2;5475_-100;2;5475,14.5917808219178,Prevalence,1.12410882932932e-07
NbyGQVwzFc_loc12_loop6,12,ITN 0%/IRS 0%/Larvicide 0%,0;0.4;0.4_0;0;0_0;0;0_-100;2;5475_-100;2;5475_-100;2;5475,14.5945205479452,Prevalence,1.12864035021541e-07
NbyGQVwzFc_loc12_loop6,12,ITN 0%/IRS 0%/Larvicide 0%,0;0.4;0.4_0;0;0_0;0;0_-100;2;5475_-100;2;5475_-100;2;5475,14.5972602739726,Prevalence,1.13319123606671e-07
NbyGQVwzFc_loc12_loop6,12,ITN 0%/IRS 0%/Larvicide 0%,0;0.4;0.4_0;0;0_0;0;0_-100;2;5475_-100;2;5475_-100;2;5475,14.6,Prevalence,1.13776157598987e-07
NbyGQVwzFc_loc12_loop6,12,ITN 0%/IRS 0%/Larvicide 0%,0;0.4;0.4_0;0;0_0;0;0_-100;2;5475_-100;2;5475_-100;2;5475,14.6027397260274,Prevalence,1.14235145955024e-07
NbyGQVwzFc_loc12_loop6,12,ITN 0%/IRS 0%/Larvicide 0%,0;0.4;0.4_0;0;0_0;0;0_-100;2;5475_-100;2;5475_-100;2;5475,14.6054794520548,Prevalence,1.14696097689566e-07
NbyGQVwzFc_loc12_loop6,12,ITN 0%/IRS 0%/Larvicide 0%,0;0.4;0.4_0;0;0_0;0;0_-100;2;5475_-100;2;5475_-100;2;5475,14.6082191780822,Prevalence,1.15159021859101e-07
NbyGQVwzFc_loc12_loop6,12,ITN 0%/IRS 0%/Larvicide 0%,0;0.4;0.4_0;0;0_0;0;0_-100;2;5475_-100;2;5475_-100;2;5475,14.6109589041096,Prevalence,1.15623927552245e-07
NbyGQVwzFc_loc12_loop6,12,ITN 0%/IRS 0%/Larvicide 0%,0;0.4;0.4_0;0;0_0;0;0_-100;2;5475_-100;2;5475_-100;2;5475,14.613698630137,Prevalence,1.16090823913311e-07
NbyGQVwzFc_loc12_loop6,12,ITN 0%/IRS 0%/Larvicide 0%,0;0.4;0.4_0;0;0_0;0;0_-100;2;5475_-100;2;5475_-100;2;5475,14.6164383561644,Prevalence,1.16559720131219e-07
NbyGQVwzFc_loc12_loop6,12,ITN 0%/IRS 0%/Larvicide 0%,0;0.4;0.4_0;0;0_0;0;0_-100;2;5475_-100;2;5475_-100;2;5475,14.6191780821918,Prevalence,1.17030625423724e-07
NbyGQVwzFc_loc12_loop6,12,ITN 0%/IRS 0%/Larvicide 0%,0;0.4;0.4_0;0;0_0;0;0_-100;2;5475_-100;2;5475_-100;2;5475,14.6219178082192,Prevalence,1.17503549051345e-07
NbyGQVwzFc_loc12_loop6,12,ITN 0%/IRS 0%/Larvicide 0%,0;0.4;0.4_0;0;0_0;0;0_-100;2;5475_-100;2;5475_-100;2;5475,14.6246575342466,Prevalence,1.17978500326126e-07
NbyGQVwzFc_loc12_loop6,12,ITN 0%/IRS 0%/Larvicide 0%,0;0.4;0.4_0;0;0_0;0;0_-100;2;5475_-100;2;5475_-100;2;5475,14.627397260274,Prevalence,1.18455488606796e-07
NbyGQVwzFc_loc12_loop6,12,ITN 0%/IRS 0%/Larvicide 0%,0;0.4;0.4_0;0;0_0;0;0_-100;2;5475_-100;2;5475_-100;2;5475,14.6301369863014,Prevalence,1.18934523306301e-07
NbyGQVwzFc_loc12_loop6,12,ITN 0%/IRS 0%/Larvicide 0%,0;0.4;0.4_0;0;0_0;0;0_-100;2;5475_-100;2;5475_-100;2;5475,14.6328767123288,Prevalence,1.19415613884564e-07
NbyGQVwzFc_loc12_loop6,12,ITN 0%/IRS 0%/Larvicide 0%,0;0.4;0.4_0;0;0_0;0;0_-100;2;5475_-100;2;5475_-100;2;5475,14.6356164383562,Prevalence,1.19898769836969e-07
NbyGQVwzFc_loc12_loop6,12,ITN 0%/IRS 0%/Larvicide 0%,0;0.4;0.4_0;0;0_0;0;0_-100;2;5475_-100;2;5475_-100;2;5475,14.6383561643836,Prevalence,1.20384000712746e-07
NbyGQVwzFc_loc12_loop6,12,ITN 0%/IRS 0%/Larvicide 0%,0;0.4;0.4_0;0;0_0;0;0_-100;2;5475_-100;2;5475_-100;2;5475,14.641095890411,Prevalence,1.20871316109783e-07
NbyGQVwzFc_loc12_loop6,12,ITN 0%/IRS 0%/Larvicide 0%,0;0.4;0.4_0;0;0_0;0;0_-100;2;5475_-100;2;5475_-100;2;5475,14.6438356164384,Prevalence,1.21360725658217e-07
NbyGQVwzFc_loc12_loop6,12,ITN 0%/IRS 0%/Larvicide 0%,0;0.4;0.4_0;0;0_0;0;0_-100;2;5475_-100;2;5475_-100;2;5475,14.6465753424658,Prevalence,1.21852239032335e-07
NbyGQVwzFc_loc12_loop6,12,ITN 0%/IRS 0%/Larvicide 0%,0;0.4;0.4_0;0;0_0;0;0_-100;2;5475_-100;2;5475_-100;2;5475,14.6493150684932,Prevalence,1.22345865960448e-07
NbyGQVwzFc_loc12_loop6,12,ITN 0%/IRS 0%/Larvicide 0%,0;0.4;0.4_0;0;0_0;0;0_-100;2;5475_-100;2;5475_-100;2;5475,14.6520547945205,Prevalence,1.22841616218864e-07
NbyGQVwzFc_loc12_loop6,12,ITN 0%/IRS 0%/Larvicide 0%,0;0.4;0.4_0;0;0_0;0;0_-100;2;5475_-100;2;5475_-100;2;5475,14.6547945205479,Prevalence,1.23339499638857e-07
NbyGQVwzFc_loc12_loop6,12,ITN 0%/IRS 0%/Larvicide 0%,0;0.4;0.4_0;0;0_0;0;0_-100;2;5475_-100;2;5475_-100;2;5475,14.6575342465753,Prevalence,1.23839526100898e-07
NbyGQVwzFc_loc12_loop6,12,ITN 0%/IRS 0%/Larvicide 0%,0;0.4;0.4_0;0;0_0;0;0_-100;2;5475_-100;2;5475_-100;2;5475,14.6602739726027,Prevalence,1.24341705523599e-07
NbyGQVwzFc_loc12_loop6,12,ITN 0%/IRS 0%/Larvicide 0%,0;0.4;0.4_0;0;0_0;0;0_-100;2;5475_-100;2;5475_-100;2;5475,14.6630136986301,Prevalence,1.24846047880544e-07
NbyGQVwzFc_loc12_loop6,12,ITN 0%/IRS 0%/Larvicide 0%,0;0.4;0.4_0;0;0_0;0;0_-100;2;5475_-100;2;5475_-100;2;5475,14.6657534246575,Prevalence,1.25352563196351e-07
NbyGQVwzFc_loc12_loop6,12,ITN 0%/IRS 0%/Larvicide 0%,0;0.4;0.4_0;0;0_0;0;0_-100;2;5475_-100;2;5475_-100;2;5475,14.6684931506849,Prevalence,1.25861261533837e-07
NbyGQVwzFc_loc12_loop6,12,ITN 0%/IRS 0%/Larvicide 0%,0;0.4;0.4_0;0;0_0;0;0_-100;2;5475_-100;2;5475_-100;2;5475,14.6712328767123,Prevalence,1.26372153010862e-07
NbyGQVwzFc_loc12_loop6,12,ITN 0%/IRS 0%/Larvicide 0%,0;0.4;0.4_0;0;0_0;0;0_-100;2;5475_-100;2;5475_-100;2;5475,14.6739726027397,Prevalence,1.26885247797842e-07
NbyGQVwzFc_loc12_loop6,12,ITN 0%/IRS 0%/Larvicide 0%,0;0.4;0.4_0;0;0_0;0;0_-100;2;5475_-100;2;5475_-100;2;5475,14.6767123287671,Prevalence,1.27400556104161e-07
NbyGQVwzFc_loc12_loop6,12,ITN 0%/IRS 0%/Larvicide 0%,0;0.4;0.4_0;0;0_0;0;0_-100;2;5475_-100;2;5475_-100;2;5475,14.6794520547945,Prevalence,1.27918088194465e-07
NbyGQVwzFc_loc12_loop6,12,ITN 0%/IRS 0%/Larvicide 0%,0;0.4;0.4_0;0;0_0;0;0_-100;2;5475_-100;2;5475_-100;2;5475,14.6821917808219,Prevalence,1.28437854387135e-07
NbyGQVwzFc_loc12_loop6,12,ITN 0%/IRS 0%/Larvicide 0%,0;0.4;0.4_0;0;0_0;0;0_-100;2;5475_-100;2;5475_-100;2;5475,14.6849315068493,Prevalence,1.2895986504043e-07
NbyGQVwzFc_loc12_loop6,12,ITN 0%/IRS 0%/Larvicide 0%,0;0.4;0.4_0;0;0_0;0;0_-100;2;5475_-100;2;5475_-100;2;5475,14.6876712328767,Prevalence,1.2948413056832e-07
NbyGQVwzFc_loc12_loop6,12,ITN 0%/IRS 0%/Larvicide 0%,0;0.4;0.4_0;0;0_0;0;0_-100;2;5475_-100;2;5475_-100;2;5475,14.6904109589041,Prevalence,1.30010661439236e-07
NbyGQVwzFc_loc12_loop6,12,ITN 0%/IRS 0%/Larvicide 0%,0;0.4;0.4_0;0;0_0;0;0_-100;2;5475_-100;2;5475_-100;2;5475,14.6931506849315,Prevalence,1.30539468162587e-07
NbyGQVwzFc_loc12_loop6,12,ITN 0%/IRS 0%/Larvicide 0%,0;0.4;0.4_0;0;0_0;0;0_-100;2;5475_-100;2;5475_-100;2;5475,14.6958904109589,Prevalence,1.31070561303865e-07
NbyGQVwzFc_loc12_loop6,12,ITN 0%/IRS 0%/Larvicide 0%,0;0.4;0.4_0;0;0_0;0;0_-100;2;5475_-100;2;5475_-100;2;5475,14.6986301369863,Prevalence,1.31603951483828e-07
NbyGQVwzFc_loc12_loop6,12,ITN 0%/IRS 0%/Larvicide 0%,0;0.4;0.4_0;0;0_0;0;0_-100;2;5475_-100;2;5475_-100;2;5475,14.7013698630137,Prevalence,1.32139649365622e-07
NbyGQVwzFc_loc12_loop6,12,ITN 0%/IRS 0%/Larvicide 0%,0;0.4;0.4_0;0;0_0;0;0_-100;2;5475_-100;2;5475_-100;2;5475,14.7041095890411,Prevalence,1.32677665668444e-07
NbyGQVwzFc_loc12_loop6,12,ITN 0%/IRS 0%/Larvicide 0%,0;0.4;0.4_0;0;0_0;0;0_-100;2;5475_-100;2;5475_-100;2;5475,14.7068493150685,Prevalence,1.33218011167379e-07
NbyGQVwzFc_loc12_loop6,12,ITN 0%/IRS 0%/Larvicide 0%,0;0.4;0.4_0;0;0_0;0;0_-100;2;5475_-100;2;5475_-100;2;5475,14.7095890410959,Prevalence,1.33760696681568e-07
NbyGQVwzFc_loc12_loop6,12,ITN 0%/IRS 0%/Larvicide 0%,0;0.4;0.4_0;0;0_0;0;0_-100;2;5475_-100;2;5475_-100;2;5475,14.7123287671233,Prevalence,1.34305733086313e-07
NbyGQVwzFc_loc12_loop6,12,ITN 0%/IRS 0%/Larvicide 0%,0;0.4;0.4_0;0;0_0;0;0_-100;2;5475_-100;2;5475_-100;2;5475,14.7150684931507,Prevalence,1.34853131313414e-07
NbyGQVwzFc_loc12_loop6,12,ITN 0%/IRS 0%/Larvicide 0%,0;0.4;0.4_0;0;0_0;0;0_-100;2;5475_-100;2;5475_-100;2;5475,14.7178082191781,Prevalence,1.35402902339944e-07
NbyGQVwzFc_loc12_loop6,12,ITN 0%/IRS 0%/Larvicide 0%,0;0.4;0.4_0;0;0_0;0;0_-100;2;5475_-100;2;5475_-100;2;5475,14.7205479452055,Prevalence,1.35955057202081e-07
NbyGQVwzFc_loc12_loop6,12,ITN 0%/IRS 0%/Larvicide 0%,0;0.4;0.4_0;0;0_0;0;0_-100;2;5475_-100;2;5475_-100;2;5475,14.7232876712329,Prevalence,1.36509606998794e-07
NbyGQVwzFc_loc12_loop6,12,ITN 0%/IRS 0%/Larvicide 0%,0;0.4;0.4_0;0;0_0;0;0_-100;2;5475_-100;2;5475_-100;2;5475,14.7260273972603,Prevalence,1.3706656287084e-07
NbyGQVwzFc_loc12_loop6,12,ITN 0%/IRS 0%/Larvicide 0%,0;0.4;0.4_0;0;0_0;0;0_-100;2;5475_-100;2;5475_-100;2;5475,14.7287671232877,Prevalence,1.37625936003812e-07
NbyGQVwzFc_loc12_loop6,12,ITN 0%/IRS 0%/Larvicide 0%,0;0.4;0.4_0;0;0_0;0;0_-100;2;5475_-100;2;5475_-100;2;5475,14.7315068493151,Prevalence,1.38187737650238e-07
NbyGQVwzFc_loc12_loop6,12,ITN 0%/IRS 0%/Larvicide 0%,0;0.4;0.4_0;0;0_0;0;0_-100;2;5475_-100;2;5475_-100;2;5475,14.7342465753425,Prevalence,1.38751979115063e-07
NbyGQVwzFc_loc12_loop6,12,ITN 0%/IRS 0%/Larvicide 0%,0;0.4;0.4_0;0;0_0;0;0_-100;2;5475_-100;2;5475_-100;2;5475,14.7369863013699,Prevalence,1.3931867174909e-07
NbyGQVwzFc_loc12_loop6,12,ITN 0%/IRS 0%/Larvicide 0%,0;0.4;0.4_0;0;0_0;0;0_-100;2;5475_-100;2;5475_-100;2;5475,14.7397260273973,Prevalence,1.39887826968242e-07
NbyGQVwzFc_loc12_loop6,12,ITN 0%/IRS 0%/Larvicide 0%,0;0.4;0.4_0;0;0_0;0;0_-100;2;5475_-100;2;5475_-100;2;5475,14.7424657534247,Prevalence,1.40459456250186e-07
NbyGQVwzFc_loc12_loop6,12,ITN 0%/IRS 0%/Larvicide 0%,0;0.4;0.4_0;0;0_0;0;0_-100;2;5475_-100;2;5475_-100;2;5475,14.7452054794521,Prevalence,1.41033571119548e-07
NbyGQVwzFc_loc12_loop6,12,ITN 0%/IRS 0%/Larvicide 0%,0;0.4;0.4_0;0;0_0;0;0_-100;2;5475_-100;2;5475_-100;2;5475,14.7479452054795,Prevalence,1.41610183154393e-07
NbyGQVwzFc_loc12_loop6,12,ITN 0%/IRS 0%/Larvicide 0%,0;0.4;0.4_0;0;0_0;0;0_-100;2;5475_-100;2;5475_-100;2;5475,14.7506849315069,Prevalence,1.42189303998043e-07
NbyGQVwzFc_loc12_loop6,12,ITN 0%/IRS 0%/Larvicide 0%,0;0.4;0.4_0;0;0_0;0;0_-100;2;5475_-100;2;5475_-100;2;5475,14.7534246575342,Prevalence,1.42770945340392e-07
NbyGQVwzFc_loc12_loop6,12,ITN 0%/IRS 0%/Larvicide 0%,0;0.4;0.4_0;0;0_0;0;0_-100;2;5475_-100;2;5475_-100;2;5475,14.7561643835616,Prevalence,1.43355118919343e-07
NbyGQVwzFc_loc12_loop6,12,ITN 0%/IRS 0%/Larvicide 0%,0;0.4;0.4_0;0;0_0;0;0_-100;2;5475_-100;2;5475_-100;2;5475,14.758904109589,Prevalence,1.4394183654074e-07
NbyGQVwzFc_loc12_loop6,12,ITN 0%/IRS 0%/Larvicide 0%,0;0.4;0.4_0;0;0_0;0;0_-100;2;5475_-100;2;5475_-100;2;5475,14.7616438356164,Prevalence,1.445311100669e-07
NbyGQVwzFc_loc12_loop6,12,ITN 0%/IRS 0%/Larvicide 0%,0;0.4;0.4_0;0;0_0;0;0_-100;2;5475_-100;2;5475_-100;2;5475,14.7643835616438,Prevalence,1.45122951408955e-07
NbyGQVwzFc_loc12_loop6,12,ITN 0%/IRS 0%/Larvicide 0%,0;0.4;0.4_0;0;0_0;0;0_-100;2;5475_-100;2;5475_-100;2;5475,14.7671232876712,Prevalence,1.45717372544886e-07
NbyGQVwzFc_loc12_loop6,12,ITN 0%/IRS 0%/Larvicide 0%,0;0.4;0.4_0;0;0_0;0;0_-100;2;5475_-100;2;5475_-100;2;5475,14.7698630136986,Prevalence,1.46314385517593e-07
NbyGQVwzFc_loc12_loop6,12,ITN 0%/IRS 0%/Larvicide 0%,0;0.4;0.4_0;0;0_0;0;0_-100;2;5475_-100;2;5475_-100;2;5475,14.772602739726,Prevalence,1.4691400241891e-07
NbyGQVwzFc_loc12_loop6,12,ITN 0%/IRS 0%/Larvicide 0%,0;0.4;0.4_0;0;0_0;0;0_-100;2;5475_-100;2;5475_-100;2;5475,14.7753424657534,Prevalence,1.47516235397342e-07
NbyGQVwzFc_loc12_loop6,12,ITN 0%/IRS 0%/Larvicide 0%,0;0.4;0.4_0;0;0_0;0;0_-100;2;5475_-100;2;5475_-100;2;5475,14.7780821917808,Prevalence,1.48121096669457e-07
NbyGQVwzFc_loc12_loop6,12,ITN 0%/IRS 0%/Larvicide 0%,0;0.4;0.4_0;0;0_0;0;0_-100;2;5475_-100;2;5475_-100;2;5475,14.7808219178082,Prevalence,1.48728598504107e-07
NbyGQVwzFc_loc12_loop6,12,ITN 0%/IRS 0%/Larvicide 0%,0;0.4;0.4_0;0;0_0;0;0_-100;2;5475_-100;2;5475_-100;2;5475,14.7835616438356,Prevalence,1.49338753225325e-07
NbyGQVwzFc_loc12_loop6,12,ITN 0%/IRS 0%/Larvicide 0%,0;0.4;0.4_0;0;0_0;0;0_-100;2;5475_-100;2;5475_-100;2;5475,14.786301369863,Prevalence,1.4995157322646e-07
NbyGQVwzFc_loc12_loop6,12,ITN 0%/IRS 0%/Larvicide 0%,0;0.4;0.4_0;0;0_0;0;0_-100;2;5475_-100;2;5475_-100;2;5475,14.7890410958904,Prevalence,1.50567070954589e-07
NbyGQVwzFc_loc12_loop6,12,ITN 0%/IRS 0%/Larvicide 0%,0;0.4;0.4_0;0;0_0;0;0_-100;2;5475_-100;2;5475_-100;2;5475,14.7917808219178,Prevalence,1.51185258912655e-07
NbyGQVwzFc_loc12_loop6,12,ITN 0%/IRS 0%/Larvicide 0%,0;0.4;0.4_0;0;0_0;0;0_-100;2;5475_-100;2;5475_-100;2;5475,14.7945205479452,Prevalence,1.51806149673446e-07
NbyGQVwzFc_loc12_loop6,12,ITN 0%/IRS 0%/Larvicide 0%,0;0.4;0.4_0;0;0_0;0;0_-100;2;5475_-100;2;5475_-100;2;5475,14.7972602739726,Prevalence,1.52429755863394e-07
NbyGQVwzFc_loc12_loop6,12,ITN 0%/IRS 0%/Larvicide 0%,0;0.4;0.4_0;0;0_0;0;0_-100;2;5475_-100;2;5475_-100;2;5475,14.8,Prevalence,1.53056090161811e-07
NbyGQVwzFc_loc12_loop6,12,ITN 0%/IRS 0%/Larvicide 0%,0;0.4;0.4_0;0;0_0;0;0_-100;2;5475_-100;2;5475_-100;2;5475,14.8027397260274,Prevalence,1.5368516531963e-07
NbyGQVwzFc_loc12_loop6,12,ITN 0%/IRS 0%/Larvicide 0%,0;0.4;0.4_0;0;0_0;0;0_-100;2;5475_-100;2;5475_-100;2;5475,14.8054794520548,Prevalence,1.54316994151064e-07
NbyGQVwzFc_loc12_loop6,12,ITN 0%/IRS 0%/Larvicide 0%,0;0.4;0.4_0;0;0_0;0;0_-100;2;5475_-100;2;5475_-100;2;5475,14.8082191780822,Prevalence,1.54951589528033e-07
NbyGQVwzFc_loc12_loop6,12,ITN 0%/IRS 0%/Larvicide 0%,0;0.4;0.4_0;0;0_0;0;0_-100;2;5475_-100;2;5475_-100;2;5475,14.8109589041096,Prevalence,1.55588964391122e-07
NbyGQVwzFc_loc12_loop6,12,ITN 0%/IRS 0%/Larvicide 0%,0;0.4;0.4_0;0;0_0;0;0_-100;2;5475_-100;2;5475_-100;2;5475,14.813698630137,Prevalence,1.56229131739819e-07
NbyGQVwzFc_loc12_loop6,12,ITN 0%/IRS 0%/Larvicide 0%,0;0.4;0.4_0;0;0_0;0;0_-100;2;5475_-100;2;5475_-100;2;5475,14.8164383561644,Prevalence,1.56872104632933e-07
NbyGQVwzFc_loc12_loop6,12,ITN 0%/IRS 0%/Larvicide 0%,0;0.4;0.4_0;0;0_0;0;0_-100;2;5475_-100;2;5475_-100;2;5475,14.8191780821918,Prevalence,1.57517896199531e-07
NbyGQVwzFc_loc12_loop6,12,ITN 0%/IRS 0%/Larvicide 0%,0;0.4;0.4_0;0;0_0;0;0_-100;2;5475_-100;2;5475_-100;2;5475,14.8219178082192,Prevalence,1.58166519627841e-07
NbyGQVwzFc_loc12_loop6,12,ITN 0%/IRS 0%/Larvicide 0%,0;0.4;0.4_0;0;0_0;0;0_-100;2;5475_-100;2;5475_-100;2;5475,14.8246575342466,Prevalence,1.58817988166663e-07
NbyGQVwzFc_loc12_loop6,12,ITN 0%/IRS 0%/Larvicide 0%,0;0.4;0.4_0;0;0_0;0;0_-100;2;5475_-100;2;5475_-100;2;5475,14.827397260274,Prevalence,1.59472315136229e-07
NbyGQVwzFc_loc12_loop6,12,ITN 0%/IRS 0%/Larvicide 0%,0;0.4;0.4_0;0;0_0;0;0_-100;2;5475_-100;2;5475_-100;2;5475,14.8301369863014,Prevalence,1.60129513916339e-07
NbyGQVwzFc_loc12_loop6,12,ITN 0%/IRS 0%/Larvicide 0%,0;0.4;0.4_0;0;0_0;0;0_-100;2;5475_-100;2;5475_-100;2;5475,14.8328767123288,Prevalence,1.60789597948631e-07
NbyGQVwzFc_loc12_loop6,12,ITN 0%/IRS 0%/Larvicide 0%,0;0.4;0.4_0;0;0_0;0;0_-100;2;5475_-100;2;5475_-100;2;5475,14.8356164383562,Prevalence,1.61452580747196e-07
NbyGQVwzFc_loc12_loop6,12,ITN 0%/IRS 0%/Larvicide 0%,0;0.4;0.4_0;0;0_0;0;0_-100;2;5475_-100;2;5475_-100;2;5475,14.8383561643836,Prevalence,1.62118475886787e-07
NbyGQVwzFc_loc12_loop6,12,ITN 0%/IRS 0%/Larvicide 0%,0;0.4;0.4_0;0;0_0;0;0_-100;2;5475_-100;2;5475_-100;2;5475,14.841095890411,Prevalence,1.62787297004846e-07
NbyGQVwzFc_loc12_loop6,12,ITN 0%/IRS 0%/Larvicide 0%,0;0.4;0.4_0;0;0_0;0;0_-100;2;5475_-100;2;5475_-100;2;5475,14.8438356164384,Prevalence,1.63459057813489e-07
NbyGQVwzFc_loc12_loop6,12,ITN 0%/IRS 0%/Larvicide 0%,0;0.4;0.4_0;0;0_0;0;0_-100;2;5475_-100;2;5475_-100;2;5475,14.8465753424658,Prevalence,1.64133772089672e-07
NbyGQVwzFc_loc12_loop6,12,ITN 0%/IRS 0%/Larvicide 0%,0;0.4;0.4_0;0;0_0;0;0_-100;2;5475_-100;2;5475_-100;2;5475,14.8493150684932,Prevalence,1.64811453673772e-07
NbyGQVwzFc_loc12_loop6,12,ITN 0%/IRS 0%/Larvicide 0%,0;0.4;0.4_0;0;0_0;0;0_-100;2;5475_-100;2;5475_-100;2;5475,14.8520547945205,Prevalence,1.65492116474851e-07
NbyGQVwzFc_loc12_loop6,12,ITN 0%/IRS 0%/Larvicide 0%,0;0.4;0.4_0;0;0_0;0;0_-100;2;5475_-100;2;5475_-100;2;5475,14.8547945205479,Prevalence,1.66175774469169e-07
NbyGQVwzFc_loc12_loop6,12,ITN 0%/IRS 0%/Larvicide 0%,0;0.4;0.4_0;0;0_0;0;0_-100;2;5475_-100;2;5475_-100;2;5475,14.8575342465753,Prevalence,1.66862441699e-07
NbyGQVwzFc_loc12_loop6,12,ITN 0%/IRS 0%/Larvicide 0%,0;0.4;0.4_0;0;0_0;0;0_-100;2;5475_-100;2;5475_-100;2;5475,14.8602739726027,Prevalence,1.67552132273787e-07
NbyGQVwzFc_loc12_loop6,12,ITN 0%/IRS 0%/Larvicide 0%,0;0.4;0.4_0;0;0_0;0;0_-100;2;5475_-100;2;5475_-100;2;5475,14.8630136986301,Prevalence,1.68244860368516e-07
NbyGQVwzFc_loc12_loop6,12,ITN 0%/IRS 0%/Larvicide 0%,0;0.4;0.4_0;0;0_0;0;0_-100;2;5475_-100;2;5475_-100;2;5475,14.8657534246575,Prevalence,1.68940640226981e-07
NbyGQVwzFc_loc12_loop6,12,ITN 0%/IRS 0%/Larvicide 0%,0;0.4;0.4_0;0;0_0;0;0_-100;2;5475_-100;2;5475_-100;2;5475,14.8684931506849,Prevalence,1.69639486167367e-07
NbyGQVwzFc_loc12_loop6,12,ITN 0%/IRS 0%/Larvicide 0%,0;0.4;0.4_0;0;0_0;0;0_-100;2;5475_-100;2;5475_-100;2;5475,14.8712328767123,Prevalence,1.70341412576246e-07
NbyGQVwzFc_loc12_loop6,12,ITN 0%/IRS 0%/Larvicide 0%,0;0.4;0.4_0;0;0_0;0;0_-100;2;5475_-100;2;5475_-100;2;5475,14.8739726027397,Prevalence,1.71046433908223e-07
NbyGQVwzFc_loc12_loop6,12,ITN 0%/IRS 0%/Larvicide 0%,0;0.4;0.4_0;0;0_0;0;0_-100;2;5475_-100;2;5475_-100;2;5475,14.8767123287671,Prevalence,1.71754564688976e-07
NbyGQVwzFc_loc12_loop6,12,ITN 0%/IRS 0%/Larvicide 0%,0;0.4;0.4_0;0;0_0;0;0_-100;2;5475_-100;2;5475_-100;2;5475,14.8794520547945,Prevalence,1.72465819514381e-07
NbyGQVwzFc_loc12_loop6,12,ITN 0%/IRS 0%/Larvicide 0%,0;0.4;0.4_0;0;0_0;0;0_-100;2;5475_-100;2;5475_-100;2;5475,14.8821917808219,Prevalence,1.73180213050133e-07
NbyGQVwzFc_loc12_loop6,12,ITN 0%/IRS 0%/Larvicide 0%,0;0.4;0.4_0;0;0_0;0;0_-100;2;5475_-100;2;5475_-100;2;5475,14.8849315068493,Prevalence,1.73897760033218e-07
NbyGQVwzFc_loc12_loop6,12,ITN 0%/IRS 0%/Larvicide 0%,0;0.4;0.4_0;0;0_0;0;0_-100;2;5475_-100;2;5475_-100;2;5475,14.8876712328767,Prevalence,1.74618475272094e-07
NbyGQVwzFc_loc12_loop6,12,ITN 0%/IRS 0%/Larvicide 0%,0;0.4;0.4_0;0;0_0;0;0_-100;2;5475_-100;2;5475_-100;2;5475,14.8904109589041,Prevalence,1.75342373646577e-07
NbyGQVwzFc_loc12_loop6,12,ITN 0%/IRS 0%/Larvicide 0%,0;0.4;0.4_0;0;0_0;0;0_-100;2;5475_-100;2;5475_-100;2;5475,14.8931506849315,Prevalence,1.76069470108582e-07
NbyGQVwzFc_loc12_loop6,12,ITN 0%/IRS 0%/Larvicide 0%,0;0.4;0.4_0;0;0_0;0;0_-100;2;5475_-100;2;5475_-100;2;5475,14.8958904109589,Prevalence,1.76799779682553e-07
NbyGQVwzFc_loc12_loop6,12,ITN 0%/IRS 0%/Larvicide 0%,0;0.4;0.4_0;0;0_0;0;0_-100;2;5475_-100;2;5475_-100;2;5475,14.8986301369863,Prevalence,1.77533317465606e-07
NbyGQVwzFc_loc12_loop6,12,ITN 0%/IRS 0%/Larvicide 0%,0;0.4;0.4_0;0;0_0;0;0_-100;2;5475_-100;2;5475_-100;2;5475,14.9013698630137,Prevalence,1.78270098628001e-07
NbyGQVwzFc_loc12_loop6,12,ITN 0%/IRS 0%/Larvicide 0%,0;0.4;0.4_0;0;0_0;0;0_-100;2;5475_-100;2;5475_-100;2;5475,14.9041095890411,Prevalence,1.79010138413593e-07
NbyGQVwzFc_loc12_loop6,12,ITN 0%/IRS 0%/Larvicide 0%,0;0.4;0.4_0;0;0_0;0;0_-100;2;5475_-100;2;5475_-100;2;5475,14.9068493150685,Prevalence,1.7975345214012e-07
NbyGQVwzFc_loc12_loop6,12,ITN 0%/IRS 0%/Larvicide 0%,0;0.4;0.4_0;0;0_0;0;0_-100;2;5475_-100;2;5475_-100;2;5475,14.9095890410959,Prevalence,1.80500055199574e-07
NbyGQVwzFc_loc12_loop6,12,ITN 0%/IRS 0%/Larvicide 0%,0;0.4;0.4_0;0;0_0;0;0_-100;2;5475_-100;2;5475_-100;2;5475,14.9123287671233,Prevalence,1.81249963058598e-07
NbyGQVwzFc_loc12_loop6,12,ITN 0%/IRS 0%/Larvicide 0%,0;0.4;0.4_0;0;0_0;0;0_-100;2;5475_-100;2;5475_-100;2;5475,14.9150684931507,Prevalence,1.82003191258868e-07
NbyGQVwzFc_loc12_loop6,12,ITN 0%/IRS 0%/Larvicide 0%,0;0.4;0.4_0;0;0_0;0;0_-100;2;5475_-100;2;5475_-100;2;5475,14.9178082191781,Prevalence,1.82759755417394e-07
NbyGQVwzFc_loc12_loop6,12,ITN 0%/IRS 0%/Larvicide 0%,0;0.4;0.4_0;0;0_0;0;0_-100;2;5475_-100;2;5475_-100;2;5475,14.9205479452055,Prevalence,1.83519671227134e-07
NbyGQVwzFc_loc12_loop6,12,ITN 0%/IRS 0%/Larvicide 0%,0;0.4;0.4_0;0;0_0;0;0_-100;2;5475_-100;2;5475_-100;2;5475,14.9232876712329,Prevalence,1.84282954457222e-07
NbyGQVwzFc_loc12_loop6,12,ITN 0%/IRS 0%/Larvicide 0%,0;0.4;0.4_0;0;0_0;0;0_-100;2;5475_-100;2;5475_-100;2;5475,14.9260273972603,Prevalence,1.85049620953299e-07
NbyGQVwzFc_loc12_loop6,12,ITN 0%/IRS 0%/Larvicide 0%,0;0.4;0.4_0;0;0_0;0;0_-100;2;5475_-100;2;5475_-100;2;5475,14.9287671232877,Prevalence,1.85819686637955e-07
NbyGQVwzFc_loc12_loop6,12,ITN 0%/IRS 0%/Larvicide 0%,0;0.4;0.4_0;0;0_0;0;0_-100;2;5475_-100;2;5475_-100;2;5475,14.9315068493151,Prevalence,1.86593167511082e-07
NbyGQVwzFc_loc12_loop6,12,ITN 0%/IRS 0%/Larvicide 0%,0;0.4;0.4_0;0;0_0;0;0_-100;2;5475_-100;2;5475_-100;2;5475,14.9342465753425,Prevalence,1.87370079650304e-07
NbyGQVwzFc_loc12_loop6,12,ITN 0%/IRS 0%/Larvicide 0%,0;0.4;0.4_0;0;0_0;0;0_-100;2;5475_-100;2;5475_-100;2;5475,14.9369863013699,Prevalence,1.88150439211334e-07
NbyGQVwzFc_loc12_loop6,12,ITN 0%/IRS 0%/Larvicide 0%,0;0.4;0.4_0;0;0_0;0;0_-100;2;5475_-100;2;5475_-100;2;5475,14.9397260273973,Prevalence,1.88934262428359e-07
NbyGQVwzFc_loc12_loop6,12,ITN 0%/IRS 0%/Larvicide 0%,0;0.4;0.4_0;0;0_0;0;0_-100;2;5475_-100;2;5475_-100;2;5475,14.9424657534247,Prevalence,1.89721565613979e-07
NbyGQVwzFc_loc12_loop6,12,ITN 0%/IRS 0%/Larvicide 0%,0;0.4;0.4_0;0;0_0;0;0_-100;2;5475_-100;2;5475_-100;2;5475,14.9452054794521,Prevalence,1.90512365159699e-07
NbyGQVwzFc_loc12_loop6,12,ITN 0%/IRS 0%/Larvicide 0%,0;0.4;0.4_0;0;0_0;0;0_-100;2;5475_-100;2;5475_-100;2;5475,14.9479452054795,Prevalence,1.9130667753754e-07
NbyGQVwzFc_loc12_loop6,12,ITN 0%/IRS 0%/Larvicide 0%,0;0.4;0.4_0;0;0_0;0;0_-100;2;5475_-100;2;5475_-100;2;5475,14.9506849315069,Prevalence,1.92104519299658e-07
NbyGQVwzFc_loc12_loop6,12,ITN 0%/IRS 0%/Larvicide 0%,0;0.4;0.4_0;0;0_0;0;0_-100;2;5475_-100;2;5475_-100;2;5475,14.9534246575342,Prevalence,1.92905907079068e-07
NbyGQVwzFc_loc12_loop6,12,ITN 0%/IRS 0%/Larvicide 0%,0;0.4;0.4_0;0;0_0;0;0_-100;2;5475_-100;2;5475_-100;2;5475,14.9561643835616,Prevalence,1.93710857590163e-07
NbyGQVwzFc_loc12_loop6,12,ITN 0%/IRS 0%/Larvicide 0%,0;0.4;0.4_0;0;0_0;0;0_-100;2;5475_-100;2;5475_-100;2;5475,14.958904109589,Prevalence,1.94519387628615e-07
NbyGQVwzFc_loc12_loop6,12,ITN 0%/IRS 0%/Larvicide 0%,0;0.4;0.4_0;0;0_0;0;0_-100;2;5475_-100;2;5475_-100;2;5475,14.9616438356164,Prevalence,1.95331514071445e-07
NbyGQVwzFc_loc12_loop6,12,ITN 0%/IRS 0%/Larvicide 0%,0;0.4;0.4_0;0;0_0;0;0_-100;2;5475_-100;2;5475_-100;2;5475,14.9643835616438,Prevalence,1.96147253877103e-07
NbyGQVwzFc_loc12_loop6,12,ITN 0%/IRS 0%/Larvicide 0%,0;0.4;0.4_0;0;0_0;0;0_-100;2;5475_-100;2;5475_-100;2;5475,14.9671232876712,Prevalence,1.96966624083675e-07
NbyGQVwzFc_loc12_loop6,12,ITN 0%/IRS 0%/Larvicide 0%,0;0.4;0.4_0;0;0_0;0;0_-100;2;5475_-100;2;5475_-100;2;5475,14.9698630136986,Prevalence,1.97789641815312e-07
NbyGQVwzFc_loc12_loop6,12,ITN 0%/IRS 0%/Larvicide 0%,0;0.4;0.4_0;0;0_0;0;0_-100;2;5475_-100;2;5475_-100;2;5475,14.972602739726,Prevalence,1.98616324280052e-07
NbyGQVwzFc_loc12_loop6,12,ITN 0%/IRS 0%/Larvicide 0%,0;0.4;0.4_0;0;0_0;0;0_-100;2;5475_-100;2;5475_-100;2;5475,14.9753424657534,Prevalence,1.99446688767722e-07
NbyGQVwzFc_loc12_loop6,12,ITN 0%/IRS 0%/Larvicide 0%,0;0.4;0.4_0;0;0_0;0;0_-100;2;5475_-100;2;5475_-100;2;5475,14.9780821917808,Prevalence,2.0028075265299e-07
NbyGQVwzFc_loc12_loop6,12,ITN 0%/IRS 0%/Larvicide 0%,0;0.4;0.4_0;0;0_0;0;0_-100;2;5475_-100;2;5475_-100;2;5475,14.9808219178082,Prevalence,2.01118533396748e-07
NbyGQVwzFc_loc12_loop6,12,ITN 0%/IRS 0%/Larvicide 0%,0;0.4;0.4_0;0;0_0;0;0_-100;2;5475_-100;2;5475_-100;2;5475,14.9835616438356,Prevalence,2.01960048544103e-07
NbyGQVwzFc_loc12_loop6,12,ITN 0%/IRS 0%/Larvicide 0%,0;0.4;0.4_0;0;0_0;0;0_-100;2;5475_-100;2;5475_-100;2;5475,14.986301369863,Prevalence,2.02805315727143e-07
NbyGQVwzFc_loc12_loop6,12,ITN 0%/IRS 0%/Larvicide 0%,0;0.4;0.4_0;0;0_0;0;0_-100;2;5475_-100;2;5475_-100;2;5475,14.9890410958904,Prevalence,2.03654352663688e-07
NbyGQVwzFc_loc12_loop6,12,ITN 0%/IRS 0%/Larvicide 0%,0;0.4;0.4_0;0;0_0;0;0_-100;2;5475_-100;2;5475_-100;2;5475,14.9917808219178,Prevalence,2.04507177156786e-07
NbyGQVwzFc_loc12_loop6,12,ITN 0%/IRS 0%/Larvicide 0%,0;0.4;0.4_0;0;0_0;0;0_-100;2;5475_-100;2;5475_-100;2;5475,14.9945205479452,Prevalence,2.0536380709644e-07
NbyGQVwzFc_loc12_loop6,12,ITN 0%/IRS 0%/Larvicide 0%,0;0.4;0.4_0;0;0_0;0;0_-100;2;5475_-100;2;5475_-100;2;5475,14.9972602739726,Prevalence,2.06224260459442e-07
NbyGQVwzFc_loc12_loop6,12,ITN 0%/IRS 0%/Larvicide 0%,0;0.4;0.4_0;0;0_0;0;0_-100;2;5475_-100;2;5475_-100;2;5475,15,Prevalence,2.07088555307722e-07
NbyGQVwzFc_loc12_loop6,12,ITN 0%/IRS 0%/Larvicide 0%,0;0.4;0.4_0;0;0_0;0;0_-100;2;5475_-100;2;5475_-100;2;5475,15.0027397260274,Prevalence,2.07956709791482e-07
NbyGQVwzFc_loc12_loop6,12,ITN 0%/IRS 0%/Larvicide 0%,0;0.4;0.4_0;0;0_0;0;0_-100;2;5475_-100;2;5475_-100;2;5475,15.0054794520548,Prevalence,2.08828742149915e-07
NbyGQVwzFc_loc12_loop6,12,ITN 0%/IRS 0%/Larvicide 0%,0;0.4;0.4_0;0;0_0;0;0_-100;2;5475_-100;2;5475_-100;2;5475,15.0082191780822,Prevalence,2.09704670711276e-07
NbyGQVwzFc_loc12_loop6,12,ITN 0%/IRS 0%/Larvicide 0%,0;0.4;0.4_0;0;0_0;0;0_-100;2;5475_-100;2;5475_-100;2;5475,15.0109589041096,Prevalence,2.10584513893787e-07
NbyGQVwzFc_loc12_loop6,12,ITN 0%/IRS 0%/Larvicide 0%,0;0.4;0.4_0;0;0_0;0;0_-100;2;5475_-100;2;5475_-100;2;5475,15.013698630137,Prevalence,2.11468290205862e-07
NbyGQVwzFc_loc12_loop6,12,ITN 0%/IRS 0%/Larvicide 0%,0;0.4;0.4_0;0;0_0;0;0_-100;2;5475_-100;2;5475_-100;2;5475,15.0164383561644,Prevalence,2.12356018247209e-07
NbyGQVwzFc_loc12_loop6,12,ITN 0%/IRS 0%/Larvicide 0%,0;0.4;0.4_0;0;0_0;0;0_-100;2;5475_-100;2;5475_-100;2;5475,15.0191780821918,Prevalence,2.13247716711698e-07
NbyGQVwzFc_loc12_loop6,12,ITN 0%/IRS 0%/Larvicide 0%,0;0.4;0.4_0;0;0_0;0;0_-100;2;5475_-100;2;5475_-100;2;5475,15.0219178082192,Prevalence,2.14143404384704e-07
NbyGQVwzFc_loc12_loop6,12,ITN 0%/IRS 0%/Larvicide 0%,0;0.4;0.4_0;0;0_0;0;0_-100;2;5475_-100;2;5475_-100;2;5475,15.0246575342466,Prevalence,2.15043100142673e-07
NbyGQVwzFc_loc12_loop6,12,ITN 0%/IRS 0%/Larvicide 0%,0;0.4;0.4_0;0;0_0;0;0_-100;2;5475_-100;2;5475_-100;2;5475,15.027397260274,Prevalence,2.15946822953519e-07
NbyGQVwzFc_loc12_loop6,12,ITN 0%/IRS 0%/Larvicide 0%,0;0.4;0.4_0;0;0_0;0;0_-100;2;5475_-100;2;5475_-100;2;5475,15.0301369863014,Prevalence,2.16854591877011e-07
NbyGQVwzFc_loc12_loop6,12,ITN 0%/IRS 0%/Larvicide 0%,0;0.4;0.4_0;0;0_0;0;0_-100;2;5475_-100;2;5475_-100;2;5475,15.0328767123288,Prevalence,2.17759332324588e-07
NbyGQVwzFc_loc12_loop6,12,ITN 0%/IRS 0%/Larvicide 0%,0;0.4;0.4_0;0;0_0;0;0_-100;2;5475_-100;2;5475_-100;2;5475,15.0356164383562,Prevalence,2.18206361283088e-07
NbyGQVwzFc_loc12_loop6,12,ITN 0%/IRS 0%/Larvicide 0%,0;0.4;0.4_0;0;0_0;0;0_-100;2;5475_-100;2;5475_-100;2;5475,15.0383561643836,Prevalence,2.18668809239844e-07
NbyGQVwzFc_loc12_loop6,12,ITN 0%/IRS 0%/Larvicide 0%,0;0.4;0.4_0;0;0_0;0;0_-100;2;5475_-100;2;5475_-100;2;5475,15.041095890411,Prevalence,2.19147027908048e-07
NbyGQVwzFc_loc12_loop6,12,ITN 0%/IRS 0%/Larvicide 0%,0;0.4;0.4_0;0;0_0;0;0_-100;2;5475_-100;2;5475_-100;2;5475,15.0438356164384,Prevalence,2.19638705495013e-07
NbyGQVwzFc_loc12_loop6,12,ITN 0%/IRS 0%/Larvicide 0%,0;0.4;0.4_0;0;0_0;0;0_-100;2;5475_-100;2;5475_-100;2;5475,15.0465753424658,Prevalence,2.20141988212857e-07
NbyGQVwzFc_loc12_loop6,12,ITN 0%/IRS 0%/Larvicide 0%,0;0.4;0.4_0;0;0_0;0;0_-100;2;5475_-100;2;5475_-100;2;5475,15.0493150684932,Prevalence,2.20655393719693e-07
NbyGQVwzFc_loc12_loop6,12,ITN 0%/IRS 0%/Larvicide 0%,0;0.4;0.4_0;0;0_0;0;0_-100;2;5475_-100;2;5475_-100;2;5475,15.0520547945205,Prevalence,2.21177740604662e-07
NbyGQVwzFc_loc12_loop6,12,ITN 0%/IRS 0%/Larvicide 0%,0;0.4;0.4_0;0;0_0;0;0_-100;2;5475_-100;2;5475_-100;2;5475,15.0547945205479,Prevalence,2.21708031558132e-07
NbyGQVwzFc_loc12_loop6,12,ITN 0%/IRS 0%/Larvicide 0%,0;0.4;0.4_0;0;0_0;0;0_-100;2;5475_-100;2;5475_-100;2;5475,15.0575342465753,Prevalence,2.22240355365471e-07
NbyGQVwzFc_loc12_loop6,12,ITN 0%/IRS 0%/Larvicide 0%,0;0.4;0.4_0;0;0_0;0;0_-100;2;5475_-100;2;5475_-100;2;5475,15.0602739726027,Prevalence,2.22770758527691e-07
NbyGQVwzFc_loc12_loop6,12,ITN 0%/IRS 0%/Larvicide 0%,0;0.4;0.4_0;0;0_0;0;0_-100;2;5475_-100;2;5475_-100;2;5475,15.0630136986301,Prevalence,2.23299119169026e-07
NbyGQVwzFc_loc12_loop6,12,ITN 0%/IRS 0%/Larvicide 0%,0;0.4;0.4_0;0;0_0;0;0_-100;2;5475_-100;2;5475_-100;2;5475,15.0657534246575,Prevalence,2.23825423565055e-07
NbyGQVwzFc_loc12_loop6,12,ITN 0%/IRS 0%/Larvicide 0%,0;0.4;0.4_0;0;0_0;0;0_-100;2;5475_-100;2;5475_-100;2;5475,15.0684931506849,Prevalence,2.24349749901647e-07
NbyGQVwzFc_loc12_loop6,12,ITN 0%/IRS 0%/Larvicide 0%,0;0.4;0.4_0;0;0_0;0;0_-100;2;5475_-100;2;5475_-100;2;5475,15.0712328767123,Prevalence,2.24872246601376e-07
NbyGQVwzFc_loc12_loop6,12,ITN 0%/IRS 0%/Larvicide 0%,0;0.4;0.4_0;0;0_0;0;0_-100;2;5475_-100;2;5475_-100;2;5475,15.0739726027397,Prevalence,2.25393114997661e-07
NbyGQVwzFc_loc12_loop6,12,ITN 0%/IRS 0%/Larvicide 0%,0;0.4;0.4_0;0;0_0;0;0_-100;2;5475_-100;2;5475_-100;2;5475,15.0767123287671,Prevalence,2.25912595390636e-07
NbyGQVwzFc_loc12_loop6,12,ITN 0%/IRS 0%/Larvicide 0%,0;0.4;0.4_0;0;0_0;0;0_-100;2;5475_-100;2;5475_-100;2;5475,15.0794520547945,Prevalence,2.26430955824088e-07
NbyGQVwzFc_loc12_loop6,12,ITN 0%/IRS 0%/Larvicide 0%,0;0.4;0.4_0;0;0_0;0;0_-100;2;5475_-100;2;5475_-100;2;5475,15.0821917808219,Prevalence,2.26948483078734e-07
NbyGQVwzFc_loc12_loop6,12,ITN 0%/IRS 0%/Larvicide 0%,0;0.4;0.4_0;0;0_0;0;0_-100;2;5475_-100;2;5475_-100;2;5475,15.0849315068493,Prevalence,2.27465475469479e-07
NbyGQVwzFc_loc12_loop6,12,ITN 0%/IRS 0%/Larvicide 0%,0;0.4;0.4_0;0;0_0;0;0_-100;2;5475_-100;2;5475_-100;2;5475,15.0876712328767,Prevalence,2.27982237117546e-07
NbyGQVwzFc_loc12_loop6,12,ITN 0%/IRS 0%/Larvicide 0%,0;0.4;0.4_0;0;0_0;0;0_-100;2;5475_-100;2;5475_-100;2;5475,15.0904109589041,Prevalence,2.28495628232904e-07
NbyGQVwzFc_loc12_loop6,12,ITN 0%/IRS 0%/Larvicide 0%,0;0.4;0.4_0;0;0_0;0;0_-100;2;5475_-100;2;5475_-100;2;5475,15.0931506849315,Prevalence,2.28989863766894e-07
NbyGQVwzFc_loc12_loop6,12,ITN 0%/IRS 0%/Larvicide 0%,0;0.4;0.4_0;0;0_0;0;0_-100;2;5475_-100;2;5475_-100;2;5475,15.0958904109589,Prevalence,2.2946596007935e-07
NbyGQVwzFc_loc12_loop6,12,ITN 0%/IRS 0%/Larvicide 0%,0;0.4;0.4_0;0;0_0;0;0_-100;2;5475_-100;2;5475_-100;2;5475,15.0986301369863,Prevalence,2.29926879600959e-07
NbyGQVwzFc_loc12_loop6,12,ITN 0%/IRS 0%/Larvicide 0%,0;0.4;0.4_0;0;0_0;0;0_-100;2;5475_-100;2;5475_-100;2;5475,15.1013698630137,Prevalence,2.30375163969817e-07
NbyGQVwzFc_loc12_loop6,12,ITN 0%/IRS 0%/Larvicide 0%,0;0.4;0.4_0;0;0_0;0;0_-100;2;5475_-100;2;5475_-100;2;5475,15.1041095890411,Prevalence,2.30813001437963e-07
NbyGQVwzFc_loc12_loop6,12,ITN 0%/IRS 0%/Larvicide 0%,0;0.4;0.4_0;0;0_0;0;0_-100;2;5475_-100;2;5475_-100;2;5475,15.1068493150685,Prevalence,2.31242282346456e-07
NbyGQVwzFc_loc12_loop6,12,ITN 0%/IRS 0%/Larvicide 0%,0;0.4;0.4_0;0;0_0;0;0_-100;2;5475_-100;2;5475_-100;2;5475,15.1095890410959,Prevalence,2.31664645228639e-07
NbyGQVwzFc_loc12_loop6,12,ITN 0%/IRS 0%/Larvicide 0%,0;0.4;0.4_0;0;0_0;0;0_-100;2;5475_-100;2;5475_-100;2;5475,15.1123287671233,Prevalence,2.32081515187681e-07
NbyGQVwzFc_loc12_loop6,12,ITN 0%/IRS 0%/Larvicide 0%,0;0.4;0.4_0;0;0_0;0;0_-100;2;5475_-100;2;5475_-100;2;5475,15.1150684931507,Prevalence,2.32494135900005e-07
NbyGQVwzFc_loc12_loop6,12,ITN 0%/IRS 0%/Larvicide 0%,0;0.4;0.4_0;0;0_0;0;0_-100;2;5475_-100;2;5475_-100;2;5475,15.1178082191781,Prevalence,2.32903596355084e-07
NbyGQVwzFc_loc12_loop6,12,ITN 0%/IRS 0%/Larvicide 0%,0;0.4;0.4_0;0;0_0;0;0_-100;2;5475_-100;2;5475_-100;2;5475,15.1205479452055,Prevalence,2.33310853243627e-07
NbyGQVwzFc_loc12_loop6,12,ITN 0%/IRS 0%/Larvicide 0%,0;0.4;0.4_0;0;0_0;0;0_-100;2;5475_-100;2;5475_-100;2;5475,15.1232876712329,Prevalence,2.33716747792306e-07
NbyGQVwzFc_loc12_loop6,12,ITN 0%/IRS 0%/Larvicide 0%,0;0.4;0.4_0;0;0_0;0;0_-100;2;5475_-100;2;5475_-100;2;5475,15.1260273972603,Prevalence,2.34121978657802e-07
NbyGQVwzFc_loc12_loop6,12,ITN 0%/IRS 0%/Larvicide 0%,0;0.4;0.4_0;0;0_0;0;0_-100;2;5475_-100;2;5475_-100;2;5475,15.1287671232877,Prevalence,2.34527120216584e-07
NbyGQVwzFc_loc12_loop6,12,ITN 0%/IRS 0%/Larvicide 0%,0;0.4;0.4_0;0;0_0;0;0_-100;2;5475_-100;2;5475_-100;2;5475,15.1315068493151,Prevalence,2.34932678306512e-07
NbyGQVwzFc_loc12_loop6,12,ITN 0%/IRS 0%/Larvicide 0%,0;0.4;0.4_0;0;0_0;0;0_-100;2;5475_-100;2;5475_-100;2;5475,15.1342465753425,Prevalence,2.3533910116881e-07
NbyGQVwzFc_loc12_loop6,12,ITN 0%/IRS 0%/Larvicide 0%,0;0.4;0.4_0;0;0_0;0;0_-100;2;5475_-100;2;5475_-100;2;5475,15.1369863013699,Prevalence,2.35746787180107e-07
NbyGQVwzFc_loc12_loop6,12,ITN 0%/IRS 0%/Larvicide 0%,0;0.4;0.4_0;0;0_0;0;0_-100;2;5475_-100;2;5475_-100;2;5475,15.1397260273973,Prevalence,2.361560914113e-07
NbyGQVwzFc_loc12_loop6,12,ITN 0%/IRS 0%/Larvicide 0%,0;0.4;0.4_0;0;0_0;0;0_-100;2;5475_-100;2;5475_-100;2;5475,15.1424657534247,Prevalence,2.3656733120745e-07
NbyGQVwzFc_loc12_loop6,12,ITN 0%/IRS 0%/Larvicide 0%,0;0.4;0.4_0;0;0_0;0;0_-100;2;5475_-100;2;5475_-100;2;5475,15.1452054794521,Prevalence,2.36980790900773e-07
NbyGQVwzFc_loc12_loop6,12,ITN 0%/IRS 0%/Larvicide 0%,0;0.4;0.4_0;0;0_0;0;0_-100;2;5475_-100;2;5475_-100;2;5475,15.1479452054795,Prevalence,2.37396723815967e-07
NbyGQVwzFc_loc12_loop6,12,ITN 0%/IRS 0%/Larvicide 0%,0;0.4;0.4_0;0;0_0;0;0_-100;2;5475_-100;2;5475_-100;2;5475,15.1506849315068,Prevalence,2.37815351300137e-07
NbyGQVwzFc_loc12_loop6,12,ITN 0%/IRS 0%/Larvicide 0%,0;0.4;0.4_0;0;0_0;0;0_-100;2;5475_-100;2;5475_-100;2;5475,15.1534246575342,Prevalence,2.38236865619525e-07
NbyGQVwzFc_loc12_loop6,12,ITN 0%/IRS 0%/Larvicide 0%,0;0.4;0.4_0;0;0_0;0;0_-100;2;5475_-100;2;5475_-100;2;5475,15.1561643835616,Prevalence,2.38661433715966e-07
NbyGQVwzFc_loc12_loop6,12,ITN 0%/IRS 0%/Larvicide 0%,0;0.4;0.4_0;0;0_0;0;0_-100;2;5475_-100;2;5475_-100;2;5475,15.158904109589,Prevalence,2.39089200479728e-07
NbyGQVwzFc_loc12_loop6,12,ITN 0%/IRS 0%/Larvicide 0%,0;0.4;0.4_0;0;0_0;0;0_-100;2;5475_-100;2;5475_-100;2;5475,15.1616438356164,Prevalence,2.39520291598563e-07
NbyGQVwzFc_loc12_loop6,12,ITN 0%/IRS 0%/Larvicide 0%,0;0.4;0.4_0;0;0_0;0;0_-100;2;5475_-100;2;5475_-100;2;5475,15.1643835616438,Prevalence,2.39954816041647e-07
NbyGQVwzFc_loc12_loop6,12,ITN 0%/IRS 0%/Larvicide 0%,0;0.4;0.4_0;0;0_0;0;0_-100;2;5475_-100;2;5475_-100;2;5475,15.1671232876712,Prevalence,2.40392868228413e-07
NbyGQVwzFc_loc12_loop6,12,ITN 0%/IRS 0%/Larvicide 0%,0;0.4;0.4_0;0;0_0;0;0_-100;2;5475_-100;2;5475_-100;2;5475,15.1698630136986,Prevalence,2.40834529924711e-07
NbyGQVwzFc_loc12_loop6,12,ITN 0%/IRS 0%/Larvicide 0%,0;0.4;0.4_0;0;0_0;0;0_-100;2;5475_-100;2;5475_-100;2;5475,15.172602739726,Prevalence,2.41279871902639e-07
NbyGQVwzFc_loc12_loop6,12,ITN 0%/IRS 0%/Larvicide 0%,0;0.4;0.4_0;0;0_0;0;0_-100;2;5475_-100;2;5475_-100;2;5475,15.1753424657534,Prevalence,2.41728955394966e-07
NbyGQVwzFc_loc12_loop6,12,ITN 0%/IRS 0%/Larvicide 0%,0;0.4;0.4_0;0;0_0;0;0_-100;2;5475_-100;2;5475_-100;2;5475,15.1780821917808,Prevalence,2.42181833370511e-07
NbyGQVwzFc_loc12_loop6,12,ITN 0%/IRS 0%/Larvicide 0%,0;0.4;0.4_0;0;0_0;0;0_-100;2;5475_-100;2;5475_-100;2;5475,15.1808219178082,Prevalence,2.42638550548371e-07
NbyGQVwzFc_loc12_loop6,12,ITN 0%/IRS 0%/Larvicide 0%,0;0.4;0.4_0;0;0_0;0;0_-100;2;5475_-100;2;5475_-100;2;5475,15.1835616438356,Prevalence,2.4309913446653e-07
NbyGQVwzFc_loc12_loop6,12,ITN 0%/IRS 0%/Larvicide 0%,0;0.4;0.4_0;0;0_0;0;0_-100;2;5475_-100;2;5475_-100;2;5475,15.186301369863,Prevalence,2.43563590704318e-07
NbyGQVwzFc_loc12_loop6,12,ITN 0%/IRS 0%/Larvicide 0%,0;0.4;0.4_0;0;0_0;0;0_-100;2;5475_-100;2;5475_-100;2;5475,15.1890410958904,Prevalence,2.440319077486e-07
NbyGQVwzFc_loc12_loop6,12,ITN 0%/IRS 0%/Larvicide 0%,0;0.4;0.4_0;0;0_0;0;0_-100;2;5475_-100;2;5475_-100;2;5475,15.1917808219178,Prevalence,2.44504061523921e-07
NbyGQVwzFc_loc12_loop6,12,ITN 0%/IRS 0%/Larvicide 0%,0;0.4;0.4_0;0;0_0;0;0_-100;2;5475_-100;2;5475_-100;2;5475,15.1945205479452,Prevalence,2.44980018983366e-07
NbyGQVwzFc_loc12_loop6,12,ITN 0%/IRS 0%/Larvicide 0%,0;0.4;0.4_0;0;0_0;0;0_-100;2;5475_-100;2;5475_-100;2;5475,15.1972602739726,Prevalence,2.45459740945495e-07
NbyGQVwzFc_loc12_loop6,12,ITN 0%/IRS 0%/Larvicide 0%,0;0.4;0.4_0;0;0_0;0;0_-100;2;5475_-100;2;5475_-100;2;5475,15.2,Prevalence,2.4594318432664e-07
NbyGQVwzFc_loc12_loop6,12,ITN 0%/IRS 0%/Larvicide 0%,0;0.4;0.4_0;0;0_0;0;0_-100;2;5475_-100;2;5475_-100;2;5475,15.2027397260274,Prevalence,2.46430303888564e-07
NbyGQVwzFc_loc12_loop6,12,ITN 0%/IRS 0%/Larvicide 0%,0;0.4;0.4_0;0;0_0;0;0_-100;2;5475_-100;2;5475_-100;2;5475,15.2054794520548,Prevalence,2.46921053597906e-07
NbyGQVwzFc_loc12_loop6,12,ITN 0%/IRS 0%/Larvicide 0%,0;0.4;0.4_0;0;0_0;0;0_-100;2;5475_-100;2;5475_-100;2;5475,15.2082191780822,Prevalence,2.47415387674933e-07
NbyGQVwzFc_loc12_loop6,12,ITN 0%/IRS 0%/Larvicide 0%,0;0.4;0.4_0;0;0_0;0;0_-100;2;5475_-100;2;5475_-100;2;5475,15.2109589041096,Prevalence,2.47913261393889e-07
NbyGQVwzFc_loc12_loop6,12,ITN 0%/IRS 0%/Larvicide 0%,0;0.4;0.4_0;0;0_0;0;0_-100;2;5475_-100;2;5475_-100;2;5475,15.213698630137,Prevalence,2.48414631684286e-07
NbyGQVwzFc_loc12_loop6,12,ITN 0%/IRS 0%/Larvicide 0%,0;0.4;0.4_0;0;0_0;0;0_-100;2;5475_-100;2;5475_-100;2;5475,15.2164383561644,Prevalence,2.48919457554918e-07
NbyGQVwzFc_loc12_loop6,12,ITN 0%/IRS 0%/Larvicide 0%,0;0.4;0.4_0;0;0_0;0;0_-100;2;5475_-100;2;5475_-100;2;5475,15.2191780821918,Prevalence,2.49427700348815e-07
NbyGQVwzFc_loc12_loop6,12,ITN 0%/IRS 0%/Larvicide 0%,0;0.4;0.4_0;0;0_0;0;0_-100;2;5475_-100;2;5475_-100;2;5475,15.2219178082192,Prevalence,2.49939323893845e-07
NbyGQVwzFc_loc12_loop6,12,ITN 0%/IRS 0%/Larvicide 0%,0;0.4;0.4_0;0;0_0;0;0_-100;2;5475_-100;2;5475_-100;2;5475,15.2246575342466,Prevalence,2.50454294588284e-07
NbyGQVwzFc_loc12_loop6,12,ITN 0%/IRS 0%/Larvicide 0%,0;0.4;0.4_0;0;0_0;0;0_-100;2;5475_-100;2;5475_-100;2;5475,15.227397260274,Prevalence,2.5097258143664e-07
NbyGQVwzFc_loc12_loop6,12,ITN 0%/IRS 0%/Larvicide 0%,0;0.4;0.4_0;0;0_0;0;0_-100;2;5475_-100;2;5475_-100;2;5475,15.2301369863014,Prevalence,2.5149415604724e-07
NbyGQVwzFc_loc12_loop6,12,ITN 0%/IRS 0%/Larvicide 0%,0;0.4;0.4_0;0;0_0;0;0_-100;2;5475_-100;2;5475_-100;2;5475,15.2328767123288,Prevalence,2.52018992600789e-07
NbyGQVwzFc_loc12_loop6,12,ITN 0%/IRS 0%/Larvicide 0%,0;0.4;0.4_0;0;0_0;0;0_-100;2;5475_-100;2;5475_-100;2;5475,15.2356164383562,Prevalence,2.5254706779716e-07
NbyGQVwzFc_loc12_loop6,12,ITN 0%/IRS 0%/Larvicide 0%,0;0.4;0.4_0;0;0_0;0;0_-100;2;5475_-100;2;5475_-100;2;5475,15.2383561643836,Prevalence,2.53078360785386e-07
NbyGQVwzFc_loc12_loop6,12,ITN 0%/IRS 0%/Larvicide 0%,0;0.4;0.4_0;0;0_0;0;0_-100;2;5475_-100;2;5475_-100;2;5475,15.241095890411,Prevalence,2.53612853078156e-07
NbyGQVwzFc_loc12_loop6,12,ITN 0%/IRS 0%/Larvicide 0%,0;0.4;0.4_0;0;0_0;0;0_-100;2;5475_-100;2;5475_-100;2;5475,15.2438356164384,Prevalence,2.54150528452821e-07
NbyGQVwzFc_loc12_loop6,12,ITN 0%/IRS 0%/Larvicide 0%,0;0.4;0.4_0;0;0_0;0;0_-100;2;5475_-100;2;5475_-100;2;5475,15.2465753424658,Prevalence,2.54691372843099e-07
NbyGQVwzFc_loc12_loop6,12,ITN 0%/IRS 0%/Larvicide 0%,0;0.4;0.4_0;0;0_0;0;0_-100;2;5475_-100;2;5475_-100;2;5475,15.2493150684932,Prevalence,2.55235374225254e-07
NbyGQVwzFc_loc12_loop6,12,ITN 0%/IRS 0%/Larvicide 0%,0;0.4;0.4_0;0;0_0;0;0_-100;2;5475_-100;2;5475_-100;2;5475,15.2520547945205,Prevalence,2.55782522501715e-07
NbyGQVwzFc_loc12_loop6,12,ITN 0%/IRS 0%/Larvicide 0%,0;0.4;0.4_0;0;0_0;0;0_-100;2;5475_-100;2;5475_-100;2;5475,15.2547945205479,Prevalence,2.56332809384345e-07
NbyGQVwzFc_loc12_loop6,12,ITN 0%/IRS 0%/Larvicide 0%,0;0.4;0.4_0;0;0_0;0;0_-100;2;5475_-100;2;5475_-100;2;5475,15.2575342465753,Prevalence,2.56886228279284e-07
NbyGQVwzFc_loc12_loop6,12,ITN 0%/IRS 0%/Larvicide 0%,0;0.4;0.4_0;0;0_0;0;0_-100;2;5475_-100;2;5475_-100;2;5475,15.2602739726027,Prevalence,2.57442774174537e-07
NbyGQVwzFc_loc12_loop6,12,ITN 0%/IRS 0%/Larvicide 0%,0;0.4;0.4_0;0;0_0;0;0_-100;2;5475_-100;2;5475_-100;2;5475,15.2630136986301,Prevalence,2.58002443531283e-07
NbyGQVwzFc_loc12_loop6,12,ITN 0%/IRS 0%/Larvicide 0%,0;0.4;0.4_0;0;0_0;0;0_-100;2;5475_-100;2;5475_-100;2;5475,15.2657534246575,Prevalence,2.58565234179654e-07
NbyGQVwzFc_loc12_loop6,12,ITN 0%/IRS 0%/Larvicide 0%,0;0.4;0.4_0;0;0_0;0;0_-100;2;5475_-100;2;5475_-100;2;5475,15.2684931506849,Prevalence,2.59131145219431e-07
NbyGQVwzFc_loc12_loop6,12,ITN 0%/IRS 0%/Larvicide 0%,0;0.4;0.4_0;0;0_0;0;0_-100;2;5475_-100;2;5475_-100;2;5475,15.2712328767123,Prevalence,2.59700176925567e-07
NbyGQVwzFc_loc12_loop6,12,ITN 0%/IRS 0%/Larvicide 0%,0;0.4;0.4_0;0;0_0;0;0_-100;2;5475_-100;2;5475_-100;2;5475,15.2739726027397,Prevalence,2.60272330653797e-07
NbyGQVwzFc_loc12_loop6,12,ITN 0%/IRS 0%/Larvicide 0%,0;0.4;0.4_0;0;0_0;0;0_-100;2;5475_-100;2;5475_-100;2;5475,15.2767123287671,Prevalence,2.60847608738687e-07
NbyGQVwzFc_loc12_loop6,12,ITN 0%/IRS 0%/Larvicide 0%,0;0.4;0.4_0;0;0_0;0;0_-100;2;5475_-100;2;5475_-100;2;5475,15.2794520547945,Prevalence,2.61426014385782e-07
NbyGQVwzFc_loc12_loop6,12,ITN 0%/IRS 0%/Larvicide 0%,0;0.4;0.4_0;0;0_0;0;0_-100;2;5475_-100;2;5475_-100;2;5475,15.2821917808219,Prevalence,2.62007551562974e-07
NbyGQVwzFc_loc12_loop6,12,ITN 0%/IRS 0%/Larvicide 0%,0;0.4;0.4_0;0;0_0;0;0_-100;2;5475_-100;2;5475_-100;2;5475,15.2849315068493,Prevalence,2.62592224894929e-07
NbyGQVwzFc_loc12_loop6,12,ITN 0%/IRS 0%/Larvicide 0%,0;0.4;0.4_0;0;0_0;0;0_-100;2;5475_-100;2;5475_-100;2;5475,15.2876712328767,Prevalence,2.63180039563077e-07
NbyGQVwzFc_loc12_loop6,12,ITN 0%/IRS 0%/Larvicide 0%,0;0.4;0.4_0;0;0_0;0;0_-100;2;5475_-100;2;5475_-100;2;5475,15.2904109589041,Prevalence,2.63771001212783e-07
NbyGQVwzFc_loc12_loop6,12,ITN 0%/IRS 0%/Larvicide 0%,0;0.4;0.4_0;0;0_0;0;0_-100;2;5475_-100;2;5475_-100;2;5475,15.2931506849315,Prevalence,2.64365115868604e-07
NbyGQVwzFc_loc12_loop6,12,ITN 0%/IRS 0%/Larvicide 0%,0;0.4;0.4_0;0;0_0;0;0_-100;2;5475_-100;2;5475_-100;2;5475,15.2958904109589,Prevalence,2.64962389858013e-07
NbyGQVwzFc_loc12_loop6,12,ITN 0%/IRS 0%/Larvicide 0%,0;0.4;0.4_0;0;0_0;0;0_-100;2;5475_-100;2;5475_-100;2;5475,15.2986301369863,Prevalence,2.65562829743632e-07
NbyGQVwzFc_loc12_loop6,12,ITN 0%/IRS 0%/Larvicide 0%,0;0.4;0.4_0;0;0_0;0;0_-100;2;5475_-100;2;5475_-100;2;5475,15.3013698630137,Prevalence,2.66166442263891e-07
NbyGQVwzFc_loc12_loop6,12,ITN 0%/IRS 0%/Larvicide 0%,0;0.4;0.4_0;0;0_0;0;0_-100;2;5475_-100;2;5475_-100;2;5475,15.3041095890411,Prevalence,2.66773234281557e-07
NbyGQVwzFc_loc12_loop6,12,ITN 0%/IRS 0%/Larvicide 0%,0;0.4;0.4_0;0;0_0;0;0_-100;2;5475_-100;2;5475_-100;2;5475,15.3068493150685,Prevalence,2.67383212739713e-07
NbyGQVwzFc_loc12_loop6,12,ITN 0%/IRS 0%/Larvicide 0%,0;0.4;0.4_0;0;0_0;0;0_-100;2;5475_-100;2;5475_-100;2;5475,15.3095890410959,Prevalence,2.67996384624609e-07
NbyGQVwzFc_loc12_loop6,12,ITN 0%/IRS 0%/Larvicide 0%,0;0.4;0.4_0;0;0_0;0;0_-100;2;5475_-100;2;5475_-100;2;5475,15.3123287671233,Prevalence,2.68612756934745e-07
NbyGQVwzFc_loc12_loop6,12,ITN 0%/IRS 0%/Larvicide 0%,0;0.4;0.4_0;0;0_0;0;0_-100;2;5475_-100;2;5475_-100;2;5475,15.3150684931507,Prevalence,2.69232336655549e-07
NbyGQVwzFc_loc12_loop6,12,ITN 0%/IRS 0%/Larvicide 0%,0;0.4;0.4_0;0;0_0;0;0_-100;2;5475_-100;2;5475_-100;2;5475,15.3178082191781,Prevalence,2.69855130739068e-07
NbyGQVwzFc_loc12_loop6,12,ITN 0%/IRS 0%/Larvicide 0%,0;0.4;0.4_0;0;0_0;0;0_-100;2;5475_-100;2;5475_-100;2;5475,15.3205479452055,Prevalence,2.70481146088092e-07
NbyGQVwzFc_loc12_loop6,12,ITN 0%/IRS 0%/Larvicide 0%,0;0.4;0.4_0;0;0_0;0;0_-100;2;5475_-100;2;5475_-100;2;5475,15.3232876712329,Prevalence,2.71110389544205e-07
NbyGQVwzFc_loc12_loop6,12,ITN 0%/IRS 0%/Larvicide 0%,0;0.4;0.4_0;0;0_0;0;0_-100;2;5475_-100;2;5475_-100;2;5475,15.3260273972603,Prevalence,2.71742867879264e-07
NbyGQVwzFc_loc12_loop6,12,ITN 0%/IRS 0%/Larvicide 0%,0;0.4;0.4_0;0;0_0;0;0_-100;2;5475_-100;2;5475_-100;2;5475,15.3287671232877,Prevalence,2.72378587789882e-07
NbyGQVwzFc_loc12_loop6,12,ITN 0%/IRS 0%/Larvicide 0%,0;0.4;0.4_0;0;0_0;0;0_-100;2;5475_-100;2;5475_-100;2;5475,15.3315068493151,Prevalence,2.73017555894497e-07
NbyGQVwzFc_loc12_loop6,12,ITN 0%/IRS 0%/Larvicide 0%,0;0.4;0.4_0;0;0_0;0;0_-100;2;5475_-100;2;5475_-100;2;5475,15.3342465753425,Prevalence,2.7365977873268e-07
NbyGQVwzFc_loc12_loop6,12,ITN 0%/IRS 0%/Larvicide 0%,0;0.4;0.4_0;0;0_0;0;0_-100;2;5475_-100;2;5475_-100;2;5475,15.3369863013699,Prevalence,2.74305262766315e-07
NbyGQVwzFc_loc12_loop6,12,ITN 0%/IRS 0%/Larvicide 0%,0;0.4;0.4_0;0;0_0;0;0_-100;2;5475_-100;2;5475_-100;2;5475,15.3397260273973,Prevalence,2.74954014382369e-07
NbyGQVwzFc_loc12_loop6,12,ITN 0%/IRS 0%/Larvicide 0%,0;0.4;0.4_0;0;0_0;0;0_-100;2;5475_-100;2;5475_-100;2;5475,15.3424657534247,Prevalence,2.75606039896943e-07
NbyGQVwzFc_loc12_loop6,12,ITN 0%/IRS 0%/Larvicide 0%,0;0.4;0.4_0;0;0_0;0;0_-100;2;5475_-100;2;5475_-100;2;5475,15.3452054794521,Prevalence,2.76261345560517e-07
NbyGQVwzFc_loc12_loop6,12,ITN 0%/IRS 0%/Larvicide 0%,0;0.4;0.4_0;0;0_0;0;0_-100;2;5475_-100;2;5475_-100;2;5475,15.3479452054795,Prevalence,2.76919937563959e-07
NbyGQVwzFc_loc12_loop6,12,ITN 0%/IRS 0%/Larvicide 0%,0;0.4;0.4_0;0;0_0;0;0_-100;2;5475_-100;2;5475_-100;2;5475,15.3506849315069,Prevalence,2.77581822045216e-07
NbyGQVwzFc_loc12_loop6,12,ITN 0%/IRS 0%/Larvicide 0%,0;0.4;0.4_0;0;0_0;0;0_-100;2;5475_-100;2;5475_-100;2;5475,15.3534246575342,Prevalence,2.78247005096517e-07
NbyGQVwzFc_loc12_loop6,12,ITN 0%/IRS 0%/Larvicide 0%,0;0.4;0.4_0;0;0_0;0;0_-100;2;5475_-100;2;5475_-100;2;5475,15.3561643835616,Prevalence,2.78915492771942e-07
NbyGQVwzFc_loc12_loop6,12,ITN 0%/IRS 0%/Larvicide 0%,0;0.4;0.4_0;0;0_0;0;0_-100;2;5475_-100;2;5475_-100;2;5475,15.358904109589,Prevalence,2.79587291095218e-07
NbyGQVwzFc_loc12_loop6,12,ITN 0%/IRS 0%/Larvicide 0%,0;0.4;0.4_0;0;0_0;0;0_-100;2;5475_-100;2;5475_-100;2;5475,15.3616438356164,Prevalence,2.80262406067668e-07
NbyGQVwzFc_loc12_loop6,12,ITN 0%/IRS 0%/Larvicide 0%,0;0.4;0.4_0;0;0_0;0;0_-100;2;5475_-100;2;5475_-100;2;5475,15.3643835616438,Prevalence,2.80940843676184e-07
NbyGQVwzFc_loc12_loop6,12,ITN 0%/IRS 0%/Larvicide 0%,0;0.4;0.4_0;0;0_0;0;0_-100;2;5475_-100;2;5475_-100;2;5475,15.3671232876712,Prevalence,2.81622609901161e-07
NbyGQVwzFc_loc12_loop6,12,ITN 0%/IRS 0%/Larvicide 0%,0;0.4;0.4_0;0;0_0;0;0_-100;2;5475_-100;2;5475_-100;2;5475,15.3698630136986,Prevalence,2.82307710724308e-07
NbyGQVwzFc_loc12_loop6,12,ITN 0%/IRS 0%/Larvicide 0%,0;0.4;0.4_0;0;0_0;0;0_-100;2;5475_-100;2;5475_-100;2;5475,15.372602739726,Prevalence,2.82996152136239e-07
NbyGQVwzFc_loc12_loop6,12,ITN 0%/IRS 0%/Larvicide 0%,0;0.4;0.4_0;0;0_0;0;0_-100;2;5475_-100;2;5475_-100;2;5475,15.3753424657534,Prevalence,2.83687940143795e-07
NbyGQVwzFc_loc12_loop6,12,ITN 0%/IRS 0%/Larvicide 0%,0;0.4;0.4_0;0;0_0;0;0_-100;2;5475_-100;2;5475_-100;2;5475,15.3780821917808,Prevalence,2.84383080777026e-07
NbyGQVwzFc_loc12_loop6,12,ITN 0%/IRS 0%/Larvicide 0%,0;0.4;0.4_0;0;0_0;0;0_-100;2;5475_-100;2;5475_-100;2;5475,15.3808219178082,Prevalence,2.85081580095798e-07
NbyGQVwzFc_loc12_loop6,12,ITN 0%/IRS 0%/Larvicide 0%,0;0.4;0.4_0;0;0_0;0;0_-100;2;5475_-100;2;5475_-100;2;5475,15.3835616438356,Prevalence,2.85783444195969e-07
NbyGQVwzFc_loc12_loop6,12,ITN 0%/IRS 0%/Larvicide 0%,0;0.4;0.4_0;0;0_0;0;0_-100;2;5475_-100;2;5475_-100;2;5475,15.386301369863,Prevalence,2.8648867921509e-07
NbyGQVwzFc_loc12_loop6,12,ITN 0%/IRS 0%/Larvicide 0%,0;0.4;0.4_0;0;0_0;0;0_-100;2;5475_-100;2;5475_-100;2;5475,15.3890410958904,Prevalence,2.87197291337769e-07
NbyGQVwzFc_loc12_loop6,12,ITN 0%/IRS 0%/Larvicide 0%,0;0.4;0.4_0;0;0_0;0;0_-100;2;5475_-100;2;5475_-100;2;5475,15.3917808219178,Prevalence,2.87909286800512e-07
NbyGQVwzFc_loc12_loop6,12,ITN 0%/IRS 0%/Larvicide 0%,0;0.4;0.4_0;0;0_0;0;0_-100;2;5475_-100;2;5475_-100;2;5475,15.3945205479452,Prevalence,2.88624671896093e-07
NbyGQVwzFc_loc12_loop6,12,ITN 0%/IRS 0%/Larvicide 0%,0;0.4;0.4_0;0;0_0;0;0_-100;2;5475_-100;2;5475_-100;2;5475,15.3972602739726,Prevalence,2.89343452977507e-07
NbyGQVwzFc_loc12_loop6,12,ITN 0%/IRS 0%/Larvicide 0%,0;0.4;0.4_0;0;0_0;0;0_-100;2;5475_-100;2;5475_-100;2;5475,15.4,Prevalence,2.90065636461473e-07
NbyGQVwzFc_loc12_loop6,12,ITN 0%/IRS 0%/Larvicide 0%,0;0.4;0.4_0;0;0_0;0;0_-100;2;5475_-100;2;5475_-100;2;5475,15.4027397260274,Prevalence,2.90791228831544e-07
NbyGQVwzFc_loc12_loop6,12,ITN 0%/IRS 0%/Larvicide 0%,0;0.4;0.4_0;0;0_0;0;0_-100;2;5475_-100;2;5475_-100;2;5475,15.4054794520548,Prevalence,2.91520236640818e-07
NbyGQVwzFc_loc12_loop6,12,ITN 0%/IRS 0%/Larvicide 0%,0;0.4;0.4_0;0;0_0;0;0_-100;2;5475_-100;2;5475_-100;2;5475,15.4082191780822,Prevalence,2.92252666514286e-07
NbyGQVwzFc_loc12_loop6,12,ITN 0%/IRS 0%/Larvicide 0%,0;0.4;0.4_0;0;0_0;0;0_-100;2;5475_-100;2;5475_-100;2;5475,15.4109589041096,Prevalence,2.92988525150837e-07
NbyGQVwzFc_loc12_loop6,12,ITN 0%/IRS 0%/Larvicide 0%,0;0.4;0.4_0;0;0_0;0;0_-100;2;5475_-100;2;5475_-100;2;5475,15.413698630137,Prevalence,2.9372781932495e-07
NbyGQVwzFc_loc12_loop6,12,ITN 0%/IRS 0%/Larvicide 0%,0;0.4;0.4_0;0;0_0;0;0_-100;2;5475_-100;2;5475_-100;2;5475,15.4164383561644,Prevalence,2.94470555888092e-07
NbyGQVwzFc_loc12_loop6,12,ITN 0%/IRS 0%/Larvicide 0%,0;0.4;0.4_0;0;0_0;0;0_-100;2;5475_-100;2;5475_-100;2;5475,15.4191780821918,Prevalence,2.95216741769865e-07
NbyGQVwzFc_loc12_loop6,12,ITN 0%/IRS 0%/Larvicide 0%,0;0.4;0.4_0;0;0_0;0;0_-100;2;5475_-100;2;5475_-100;2;5475,15.4219178082192,Prevalence,2.95966383978891e-07
NbyGQVwzFc_loc12_loop6,12,ITN 0%/IRS 0%/Larvicide 0%,0;0.4;0.4_0;0;0_0;0;0_-100;2;5475_-100;2;5475_-100;2;5475,15.4246575342466,Prevalence,2.96719489603508e-07
NbyGQVwzFc_loc12_loop6,12,ITN 0%/IRS 0%/Larvicide 0%,0;0.4;0.4_0;0;0_0;0;0_-100;2;5475_-100;2;5475_-100;2;5475,15.427397260274,Prevalence,2.9747606581226e-07
NbyGQVwzFc_loc12_loop6,12,ITN 0%/IRS 0%/Larvicide 0%,0;0.4;0.4_0;0;0_0;0;0_-100;2;5475_-100;2;5475_-100;2;5475,15.4301369863014,Prevalence,2.982361198542e-07
NbyGQVwzFc_loc12_loop6,12,ITN 0%/IRS 0%/Larvicide 0%,0;0.4;0.4_0;0;0_0;0;0_-100;2;5475_-100;2;5475_-100;2;5475,15.4328767123288,Prevalence,2.98999659059051e-07
NbyGQVwzFc_loc12_loop6,12,ITN 0%/IRS 0%/Larvicide 0%,0;0.4;0.4_0;0;0_0;0;0_-100;2;5475_-100;2;5475_-100;2;5475,15.4356164383562,Prevalence,2.99766690837336e-07
NbyGQVwzFc_loc12_loop6,12,ITN 0%/IRS 0%/Larvicide 0%,0;0.4;0.4_0;0;0_0;0;0_-100;2;5475_-100;2;5475_-100;2;5475,15.4383561643836,Prevalence,3.0053722268029e-07
NbyGQVwzFc_loc12_loop6,12,ITN 0%/IRS 0%/Larvicide 0%,0;0.4;0.4_0;0;0_0;0;0_-100;2;5475_-100;2;5475_-100;2;5475,15.441095890411,Prevalence,3.01311262159702e-07
NbyGQVwzFc_loc12_loop6,12,ITN 0%/IRS 0%/Larvicide 0%,0;0.4;0.4_0;0;0_0;0;0_-100;2;5475_-100;2;5475_-100;2;5475,15.4438356164384,Prevalence,3.02088816927703e-07
NbyGQVwzFc_loc12_loop6,12,ITN 0%/IRS 0%/Larvicide 0%,0;0.4;0.4_0;0;0_0;0;0_-100;2;5475_-100;2;5475_-100;2;5475,15.4465753424658,Prevalence,3.02869894716473e-07
NbyGQVwzFc_loc12_loop6,12,ITN 0%/IRS 0%/Larvicide 0%,0;0.4;0.4_0;0;0_0;0;0_-100;2;5475_-100;2;5475_-100;2;5475,15.4493150684932,Prevalence,3.0365450333791e-07
NbyGQVwzFc_loc12_loop6,12,ITN 0%/IRS 0%/Larvicide 0%,0;0.4;0.4_0;0;0_0;0;0_-100;2;5475_-100;2;5475_-100;2;5475,15.4520547945205,Prevalence,3.04442650683262e-07
NbyGQVwzFc_loc12_loop6,12,ITN 0%/IRS 0%/Larvicide 0%,0;0.4;0.4_0;0;0_0;0;0_-100;2;5475_-100;2;5475_-100;2;5475,15.4547945205479,Prevalence,3.05234344722729e-07
NbyGQVwzFc_loc12_loop6,12,ITN 0%/IRS 0%/Larvicide 0%,0;0.4;0.4_0;0;0_0;0;0_-100;2;5475_-100;2;5475_-100;2;5475,15.4575342465753,Prevalence,3.0602959350505e-07
NbyGQVwzFc_loc12_loop6,12,ITN 0%/IRS 0%/Larvicide 0%,0;0.4;0.4_0;0;0_0;0;0_-100;2;5475_-100;2;5475_-100;2;5475,15.4602739726027,Prevalence,3.06828405157088e-07
NbyGQVwzFc_loc12_loop6,12,ITN 0%/IRS 0%/Larvicide 0%,0;0.4;0.4_0;0;0_0;0;0_-100;2;5475_-100;2;5475_-100;2;5475,15.4630136986301,Prevalence,3.07630787883408e-07
NbyGQVwzFc_loc12_loop6,12,ITN 0%/IRS 0%/Larvicide 0%,0;0.4;0.4_0;0;0_0;0;0_-100;2;5475_-100;2;5475_-100;2;5475,15.4657534246575,Prevalence,3.08436749965862e-07
NbyGQVwzFc_loc12_loop6,12,ITN 0%/IRS 0%/Larvicide 0%,0;0.4;0.4_0;0;0_0;0;0_-100;2;5475_-100;2;5475_-100;2;5475,15.4684931506849,Prevalence,3.09246299763188e-07
NbyGQVwzFc_loc12_loop6,12,ITN 0%/IRS 0%/Larvicide 0%,0;0.4;0.4_0;0;0_0;0;0_-100;2;5475_-100;2;5475_-100;2;5475,15.4712328767123,Prevalence,3.10059445710625e-07
NbyGQVwzFc_loc12_loop6,12,ITN 0%/IRS 0%/Larvicide 0%,0;0.4;0.4_0;0;0_0;0;0_-100;2;5475_-100;2;5475_-100;2;5475,15.4739726027397,Prevalence,3.10876196319543e-07
NbyGQVwzFc_loc12_loop6,12,ITN 0%/IRS 0%/Larvicide 0%,0;0.4;0.4_0;0;0_0;0;0_-100;2;5475_-100;2;5475_-100;2;5475,15.4767123287671,Prevalence,3.11696560177072e-07
NbyGQVwzFc_loc12_loop6,12,ITN 0%/IRS 0%/Larvicide 0%,0;0.4;0.4_0;0;0_0;0;0_-100;2;5475_-100;2;5475_-100;2;5475,15.4794520547945,Prevalence,3.1252054594579e-07
NbyGQVwzFc_loc12_loop6,12,ITN 0%/IRS 0%/Larvicide 0%,0;0.4;0.4_0;0;0_0;0;0_-100;2;5475_-100;2;5475_-100;2;5475,15.4821917808219,Prevalence,3.13348162363487e-07
NbyGQVwzFc_loc12_loop6,12,ITN 0%/IRS 0%/Larvicide 0%,0;0.4;0.4_0;0;0_0;0;0_-100;2;5475_-100;2;5475_-100;2;5475,15.4849315068493,Prevalence,3.14179418242867e-07
NbyGQVwzFc_loc12_loop6,12,ITN 0%/IRS 0%/Larvicide 0%,0;0.4;0.4_0;0;0_0;0;0_-100;2;5475_-100;2;5475_-100;2;5475,15.4876712328767,Prevalence,3.15014322471314e-07
NbyGQVwzFc_loc12_loop6,12,ITN 0%/IRS 0%/Larvicide 0%,0;0.4;0.4_0;0;0_0;0;0_-100;2;5475_-100;2;5475_-100;2;5475,15.4904109589041,Prevalence,3.15852884010685e-07
NbyGQVwzFc_loc12_loop6,12,ITN 0%/IRS 0%/Larvicide 0%,0;0.4;0.4_0;0;0_0;0;0_-100;2;5475_-100;2;5475_-100;2;5475,15.4931506849315,Prevalence,3.16695111897128e-07
NbyGQVwzFc_loc12_loop6,12,ITN 0%/IRS 0%/Larvicide 0%,0;0.4;0.4_0;0;0_0;0;0_-100;2;5475_-100;2;5475_-100;2;5475,15.4958904109589,Prevalence,3.17541015240932e-07
NbyGQVwzFc_loc12_loop6,12,ITN 0%/IRS 0%/Larvicide 0%,0;0.4;0.4_0;0;0_0;0;0_-100;2;5475_-100;2;5475_-100;2;5475,15.4986301369863,Prevalence,3.18390603226405e-07
NbyGQVwzFc_loc12_loop6,12,ITN 0%/IRS 0%/Larvicide 0%,0;0.4;0.4_0;0;0_0;0;0_-100;2;5475_-100;2;5475_-100;2;5475,15.5013698630137,Prevalence,3.19243885111772e-07
NbyGQVwzFc_loc12_loop6,12,ITN 0%/IRS 0%/Larvicide 0%,0;0.4;0.4_0;0;0_0;0;0_-100;2;5475_-100;2;5475_-100;2;5475,15.5041095890411,Prevalence,3.20100870229105e-07
NbyGQVwzFc_loc12_loop6,12,ITN 0%/IRS 0%/Larvicide 0%,0;0.4;0.4_0;0;0_0;0;0_-100;2;5475_-100;2;5475_-100;2;5475,15.5068493150685,Prevalence,3.20961567984271e-07
NbyGQVwzFc_loc12_loop6,12,ITN 0%/IRS 0%/Larvicide 0%,0;0.4;0.4_0;0;0_0;0;0_-100;2;5475_-100;2;5475_-100;2;5475,15.5095890410959,Prevalence,3.21825987856908e-07
NbyGQVwzFc_loc12_loop6,12,ITN 0%/IRS 0%/Larvicide 0%,0;0.4;0.4_0;0;0_0;0;0_-100;2;5475_-100;2;5475_-100;2;5475,15.5123287671233,Prevalence,3.22694139400416e-07
NbyGQVwzFc_loc12_loop6,12,ITN 0%/IRS 0%/Larvicide 0%,0;0.4;0.4_0;0;0_0;0;0_-100;2;5475_-100;2;5475_-100;2;5475,15.5150684931507,Prevalence,3.2356603224197e-07
NbyGQVwzFc_loc12_loop6,12,ITN 0%/IRS 0%/Larvicide 0%,0;0.4;0.4_0;0;0_0;0;0_-100;2;5475_-100;2;5475_-100;2;5475,15.5178082191781,Prevalence,3.24441676082554e-07
NbyGQVwzFc_loc12_loop6,12,ITN 0%/IRS 0%/Larvicide 0%,0;0.4;0.4_0;0;0_0;0;0_-100;2;5475_-100;2;5475_-100;2;5475,15.5205479452055,Prevalence,3.25321080697007e-07
NbyGQVwzFc_loc12_loop6,12,ITN 0%/IRS 0%/Larvicide 0%,0;0.4;0.4_0;0;0_0;0;0_-100;2;5475_-100;2;5475_-100;2;5475,15.5232876712329,Prevalence,3.26204255934067e-07
NbyGQVwzFc_loc12_loop6,12,ITN 0%/IRS 0%/Larvicide 0%,0;0.4;0.4_0;0;0_0;0;0_-100;2;5475_-100;2;5475_-100;2;5475,15.5260273972603,Prevalence,3.27091211716438e-07
NbyGQVwzFc_loc12_loop6,12,ITN 0%/IRS 0%/Larvicide 0%,0;0.4;0.4_0;0;0_0;0;0_-100;2;5475_-100;2;5475_-100;2;5475,15.5287671232877,Prevalence,3.27981958040944e-07
NbyGQVwzFc_loc12_loop6,12,ITN 0%/IRS 0%/Larvicide 0%,0;0.4;0.4_0;0;0_0;0;0_-100;2;5475_-100;2;5475_-100;2;5475,15.5315068493151,Prevalence,3.28876504978598e-07
NbyGQVwzFc_loc12_loop6,12,ITN 0%/IRS 0%/Larvicide 0%,0;0.4;0.4_0;0;0_0;0;0_-100;2;5475_-100;2;5475_-100;2;5475,15.5342465753425,Prevalence,3.29774862674708e-07
NbyGQVwzFc_loc12_loop6,12,ITN 0%/IRS 0%/Larvicide 0%,0;0.4;0.4_0;0;0_0;0;0_-100;2;5475_-100;2;5475_-100;2;5475,15.5369863013699,Prevalence,3.30677041349e-07
NbyGQVwzFc_loc12_loop6,12,ITN 0%/IRS 0%/Larvicide 0%,0;0.4;0.4_0;0;0_0;0;0_-100;2;5475_-100;2;5475_-100;2;5475,15.5397260273973,Prevalence,3.3158305129574e-07
NbyGQVwzFc_loc12_loop6,12,ITN 0%/IRS 0%/Larvicide 0%,0;0.4;0.4_0;0;0_0;0;0_-100;2;5475_-100;2;5475_-100;2;5475,15.5424657534247,Prevalence,3.32492902883873e-07
NbyGQVwzFc_loc12_loop6,12,ITN 0%/IRS 0%/Larvicide 0%,0;0.4;0.4_0;0;0_0;0;0_-100;2;5475_-100;2;5475_-100;2;5475,15.5452054794521,Prevalence,3.33406606557159e-07
NbyGQVwzFc_loc12_loop6,12,ITN 0%/IRS 0%/Larvicide 0%,0;0.4;0.4_0;0;0_0;0;0_-100;2;5475_-100;2;5475_-100;2;5475,15.5479452054795,Prevalence,3.34324172834315e-07
NbyGQVwzFc_loc12_loop6,12,ITN 0%/IRS 0%/Larvicide 0%,0;0.4;0.4_0;0;0_0;0;0_-100;2;5475_-100;2;5475_-100;2;5475,15.5506849315068,Prevalence,3.35245612309173e-07
NbyGQVwzFc_loc12_loop6,12,ITN 0%/IRS 0%/Larvicide 0%,0;0.4;0.4_0;0;0_0;0;0_-100;2;5475_-100;2;5475_-100;2;5475,15.5534246575342,Prevalence,3.36170935650821e-07
NbyGQVwzFc_loc12_loop6,12,ITN 0%/IRS 0%/Larvicide 0%,0;0.4;0.4_0;0;0_0;0;0_-100;2;5475_-100;2;5475_-100;2;5475,15.5561643835616,Prevalence,3.37100153603768e-07
NbyGQVwzFc_loc12_loop6,12,ITN 0%/IRS 0%/Larvicide 0%,0;0.4;0.4_0;0;0_0;0;0_-100;2;5475_-100;2;5475_-100;2;5475,15.558904109589,Prevalence,3.38033276988098e-07
NbyGQVwzFc_loc12_loop6,12,ITN 0%/IRS 0%/Larvicide 0%,0;0.4;0.4_0;0;0_0;0;0_-100;2;5475_-100;2;5475_-100;2;5475,15.5616438356164,Prevalence,3.38970316699629e-07
NbyGQVwzFc_loc12_loop6,12,ITN 0%/IRS 0%/Larvicide 0%,0;0.4;0.4_0;0;0_0;0;0_-100;2;5475_-100;2;5475_-100;2;5475,15.5643835616438,Prevalence,3.39911283710081e-07
NbyGQVwzFc_loc12_loop6,12,ITN 0%/IRS 0%/Larvicide 0%,0;0.4;0.4_0;0;0_0;0;0_-100;2;5475_-100;2;5475_-100;2;5475,15.5671232876712,Prevalence,3.40856189067231e-07
NbyGQVwzFc_loc12_loop6,12,ITN 0%/IRS 0%/Larvicide 0%,0;0.4;0.4_0;0;0_0;0;0_-100;2;5475_-100;2;5475_-100;2;5475,15.5698630136986,Prevalence,3.41805043895082e-07
NbyGQVwzFc_loc12_loop6,12,ITN 0%/IRS 0%/Larvicide 0%,0;0.4;0.4_0;0;0_0;0;0_-100;2;5475_-100;2;5475_-100;2;5475,15.572602739726,Prevalence,3.42757859393988e-07
NbyGQVwzFc_loc12_loop6,12,ITN 0%/IRS 0%/Larvicide 0%,0;0.4;0.4_0;0;0_0;0;0_-100;2;5475_-100;2;5475_-100;2;5475,15.5753424657534,Prevalence,3.43714646840886e-07
NbyGQVwzFc_loc12_loop6,12,ITN 0%/IRS 0%/Larvicide 0%,0;0.4;0.4_0;0;0_0;0;0_-100;2;5475_-100;2;5475_-100;2;5475,15.5780821917808,Prevalence,3.44675417589453e-07
NbyGQVwzFc_loc12_loop6,12,ITN 0%/IRS 0%/Larvicide 0%,0;0.4;0.4_0;0;0_0;0;0_-100;2;5475_-100;2;5475_-100;2;5475,15.5808219178082,Prevalence,3.45640183070257e-07
NbyGQVwzFc_loc12_loop6,12,ITN 0%/IRS 0%/Larvicide 0%,0;0.4;0.4_0;0;0_0;0;0_-100;2;5475_-100;2;5475_-100;2;5475,15.5835616438356,Prevalence,3.46608954790928e-07
NbyGQVwzFc_loc12_loop6,12,ITN 0%/IRS 0%/Larvicide 0%,0;0.4;0.4_0;0;0_0;0;0_-100;2;5475_-100;2;5475_-100;2;5475,15.586301369863,Prevalence,3.47581744336328e-07
NbyGQVwzFc_loc12_loop6,12,ITN 0%/IRS 0%/Larvicide 0%,0;0.4;0.4_0;0;0_0;0;0_-100;2;5475_-100;2;5475_-100;2;5475,15.5890410958904,Prevalence,3.48558563368711e-07
NbyGQVwzFc_loc12_loop6,12,ITN 0%/IRS 0%/Larvicide 0%,0;0.4;0.4_0;0;0_0;0;0_-100;2;5475_-100;2;5475_-100;2;5475,15.5917808219178,Prevalence,3.49539423627901e-07
NbyGQVwzFc_loc12_loop6,12,ITN 0%/IRS 0%/Larvicide 0%,0;0.4;0.4_0;0;0_0;0;0_-100;2;5475_-100;2;5475_-100;2;5475,15.5945205479452,Prevalence,3.50524336931453e-07
NbyGQVwzFc_loc12_loop6,12,ITN 0%/IRS 0%/Larvicide 0%,0;0.4;0.4_0;0;0_0;0;0_-100;2;5475_-100;2;5475_-100;2;5475,15.5972602739726,Prevalence,3.51513315174833e-07
NbyGQVwzFc_loc12_loop6,12,ITN 0%/IRS 0%/Larvicide 0%,0;0.4;0.4_0;0;0_0;0;0_-100;2;5475_-100;2;5475_-100;2;5475,15.6,Prevalence,3.52506370331575e-07
NbyGQVwzFc_loc12_loop6,12,ITN 0%/IRS 0%/Larvicide 0%,0;0.4;0.4_0;0;0_0;0;0_-100;2;5475_-100;2;5475_-100;2;5475,15.6027397260274,Prevalence,3.53503514453461e-07
NbyGQVwzFc_loc12_loop6,12,ITN 0%/IRS 0%/Larvicide 0%,0;0.4;0.4_0;0;0_0;0;0_-100;2;5475_-100;2;5475_-100;2;5475,15.6054794520548,Prevalence,3.54504759670691e-07
NbyGQVwzFc_loc12_loop6,12,ITN 0%/IRS 0%/Larvicide 0%,0;0.4;0.4_0;0;0_0;0;0_-100;2;5475_-100;2;5475_-100;2;5475,15.6082191780822,Prevalence,3.55510118192051e-07
NbyGQVwzFc_loc12_loop6,12,ITN 0%/IRS 0%/Larvicide 0%,0;0.4;0.4_0;0;0_0;0;0_-100;2;5475_-100;2;5475_-100;2;5475,15.6109589041096,Prevalence,3.56519602305091e-07
NbyGQVwzFc_loc12_loop6,12,ITN 0%/IRS 0%/Larvicide 0%,0;0.4;0.4_0;0;0_0;0;0_-100;2;5475_-100;2;5475_-100;2;5475,15.613698630137,Prevalence,3.57533224376295e-07
NbyGQVwzFc_loc12_loop6,12,ITN 0%/IRS 0%/Larvicide 0%,0;0.4;0.4_0;0;0_0;0;0_-100;2;5475_-100;2;5475_-100;2;5475,15.6164383561644,Prevalence,3.58550996851258e-07
NbyGQVwzFc_loc12_loop6,12,ITN 0%/IRS 0%/Larvicide 0%,0;0.4;0.4_0;0;0_0;0;0_-100;2;5475_-100;2;5475_-100;2;5475,15.6191780821918,Prevalence,3.59572932254855e-07
NbyGQVwzFc_loc12_loop6,12,ITN 0%/IRS 0%/Larvicide 0%,0;0.4;0.4_0;0;0_0;0;0_-100;2;5475_-100;2;5475_-100;2;5475,15.6219178082192,Prevalence,3.60599043191393e-07
NbyGQVwzFc_loc12_loop6,12,ITN 0%/IRS 0%/Larvicide 0%,0;0.4;0.4_0;0;0_0;0;0_-100;2;5475_-100;2;5475_-100;2;5475,15.6246575342466,Prevalence,3.61629342344856e-07
NbyGQVwzFc_loc12_loop6,12,ITN 0%/IRS 0%/Larvicide 0%,0;0.4;0.4_0;0;0_0;0;0_-100;2;5475_-100;2;5475_-100;2;5475,15.627397260274,Prevalence,3.62663842479055e-07
NbyGQVwzFc_loc12_loop6,12,ITN 0%/IRS 0%/Larvicide 0%,0;0.4;0.4_0;0;0_0;0;0_-100;2;5475_-100;2;5475_-100;2;5475,15.6301369863014,Prevalence,3.6370255643781e-07
NbyGQVwzFc_loc12_loop6,12,ITN 0%/IRS 0%/Larvicide 0%,0;0.4;0.4_0;0;0_0;0;0_-100;2;5475_-100;2;5475_-100;2;5475,15.6328767123288,Prevalence,3.64745497145124e-07
NbyGQVwzFc_loc12_loop6,12,ITN 0%/IRS 0%/Larvicide 0%,0;0.4;0.4_0;0;0_0;0;0_-100;2;5475_-100;2;5475_-100;2;5475,15.6356164383562,Prevalence,3.65792677605374e-07
NbyGQVwzFc_loc12_loop6,12,ITN 0%/IRS 0%/Larvicide 0%,0;0.4;0.4_0;0;0_0;0;0_-100;2;5475_-100;2;5475_-100;2;5475,15.6383561643836,Prevalence,3.66844110903494e-07
NbyGQVwzFc_loc12_loop6,12,ITN 0%/IRS 0%/Larvicide 0%,0;0.4;0.4_0;0;0_0;0;0_-100;2;5475_-100;2;5475_-100;2;5475,15.641095890411,Prevalence,3.67899810205161e-07
NbyGQVwzFc_loc12_loop6,12,ITN 0%/IRS 0%/Larvicide 0%,0;0.4;0.4_0;0;0_0;0;0_-100;2;5475_-100;2;5475_-100;2;5475,15.6438356164384,Prevalence,3.6895978875699e-07
NbyGQVwzFc_loc12_loop6,12,ITN 0%/IRS 0%/Larvicide 0%,0;0.4;0.4_0;0;0_0;0;0_-100;2;5475_-100;2;5475_-100;2;5475,15.6465753424658,Prevalence,3.70024059886717e-07
NbyGQVwzFc_loc12_loop6,12,ITN 0%/IRS 0%/Larvicide 0%,0;0.4;0.4_0;0;0_0;0;0_-100;2;5475_-100;2;5475_-100;2;5475,15.6493150684932,Prevalence,3.71092637003402e-07
NbyGQVwzFc_loc12_loop6,12,ITN 0%/IRS 0%/Larvicide 0%,0;0.4;0.4_0;0;0_0;0;0_-100;2;5475_-100;2;5475_-100;2;5475,15.6520547945206,Prevalence,3.72165533597616e-07
NbyGQVwzFc_loc12_loop6,12,ITN 0%/IRS 0%/Larvicide 0%,0;0.4;0.4_0;0;0_0;0;0_-100;2;5475_-100;2;5475_-100;2;5475,15.6547945205479,Prevalence,3.73242763241642e-07
NbyGQVwzFc_loc12_loop6,12,ITN 0%/IRS 0%/Larvicide 0%,0;0.4;0.4_0;0;0_0;0;0_-100;2;5475_-100;2;5475_-100;2;5475,15.6575342465753,Prevalence,3.74324339589673e-07
NbyGQVwzFc_loc12_loop6,12,ITN 0%/IRS 0%/Larvicide 0%,0;0.4;0.4_0;0;0_0;0;0_-100;2;5475_-100;2;5475_-100;2;5475,15.6602739726027,Prevalence,3.75410276378012e-07
NbyGQVwzFc_loc12_loop6,12,ITN 0%/IRS 0%/Larvicide 0%,0;0.4;0.4_0;0;0_0;0;0_-100;2;5475_-100;2;5475_-100;2;5475,15.6630136986301,Prevalence,3.7650058742528e-07
NbyGQVwzFc_loc12_loop6,12,ITN 0%/IRS 0%/Larvicide 0%,0;0.4;0.4_0;0;0_0;0;0_-100;2;5475_-100;2;5475_-100;2;5475,15.6657534246575,Prevalence,3.77595286632613e-07
NbyGQVwzFc_loc12_loop6,12,ITN 0%/IRS 0%/Larvicide 0%,0;0.4;0.4_0;0;0_0;0;0_-100;2;5475_-100;2;5475_-100;2;5475,15.6684931506849,Prevalence,3.78694387983879e-07
NbyGQVwzFc_loc12_loop6,12,ITN 0%/IRS 0%/Larvicide 0%,0;0.4;0.4_0;0;0_0;0;0_-100;2;5475_-100;2;5475_-100;2;5475,15.6712328767123,Prevalence,3.7979790554585e-07
NbyGQVwzFc_loc12_loop6,12,ITN 0%/IRS 0%/Larvicide 0%,0;0.4;0.4_0;0;0_0;0;0_-100;2;5475_-100;2;5475_-100;2;5475,15.6739726027397,Prevalence,3.80905853468477e-07
NbyGQVwzFc_loc12_loop6,12,ITN 0%/IRS 0%/Larvicide 0%,0;0.4;0.4_0;0;0_0;0;0_-100;2;5475_-100;2;5475_-100;2;5475,15.6767123287671,Prevalence,3.82018245985087e-07
NbyGQVwzFc_loc12_loop6,12,ITN 0%/IRS 0%/Larvicide 0%,0;0.4;0.4_0;0;0_0;0;0_-100;2;5475_-100;2;5475_-100;2;5475,15.6794520547945,Prevalence,3.83135097412586e-07
NbyGQVwzFc_loc12_loop6,12,ITN 0%/IRS 0%/Larvicide 0%,0;0.4;0.4_0;0;0_0;0;0_-100;2;5475_-100;2;5475_-100;2;5475,15.6821917808219,Prevalence,3.84256422151679e-07
NbyGQVwzFc_loc12_loop6,12,ITN 0%/IRS 0%/Larvicide 0%,0;0.4;0.4_0;0;0_0;0;0_-100;2;5475_-100;2;5475_-100;2;5475,15.6849315068493,Prevalence,3.85382234687088e-07
NbyGQVwzFc_loc12_loop6,12,ITN 0%/IRS 0%/Larvicide 0%,0;0.4;0.4_0;0;0_0;0;0_-100;2;5475_-100;2;5475_-100;2;5475,15.6876712328767,Prevalence,3.86512549587777e-07
NbyGQVwzFc_loc12_loop6,12,ITN 0%/IRS 0%/Larvicide 0%,0;0.4;0.4_0;0;0_0;0;0_-100;2;5475_-100;2;5475_-100;2;5475,15.6904109589041,Prevalence,3.87647381507174e-07
NbyGQVwzFc_loc12_loop6,12,ITN 0%/IRS 0%/Larvicide 0%,0;0.4;0.4_0;0;0_0;0;0_-100;2;5475_-100;2;5475_-100;2;5475,15.6931506849315,Prevalence,3.88786745183401e-07
NbyGQVwzFc_loc12_loop6,12,ITN 0%/IRS 0%/Larvicide 0%,0;0.4;0.4_0;0;0_0;0;0_-100;2;5475_-100;2;5475_-100;2;5475,15.6958904109589,Prevalence,3.89930655439499e-07
NbyGQVwzFc_loc12_loop6,12,ITN 0%/IRS 0%/Larvicide 0%,0;0.4;0.4_0;0;0_0;0;0_-100;2;5475_-100;2;5475_-100;2;5475,15.6986301369863,Prevalence,3.9107912718366e-07
NbyGQVwzFc_loc12_loop6,12,ITN 0%/IRS 0%/Larvicide 0%,0;0.4;0.4_0;0;0_0;0;0_-100;2;5475_-100;2;5475_-100;2;5475,15.7013698630137,Prevalence,3.92232175409466e-07
NbyGQVwzFc_loc12_loop6,12,ITN 0%/IRS 0%/Larvicide 0%,0;0.4;0.4_0;0;0_0;0;0_-100;2;5475_-100;2;5475_-100;2;5475,15.7041095890411,Prevalence,3.93389815196115e-07
NbyGQVwzFc_loc12_loop6,12,ITN 0%/IRS 0%/Larvicide 0%,0;0.4;0.4_0;0;0_0;0;0_-100;2;5475_-100;2;5475_-100;2;5475,15.7068493150685,Prevalence,3.9455206170867e-07
NbyGQVwzFc_loc12_loop6,12,ITN 0%/IRS 0%/Larvicide 0%,0;0.4;0.4_0;0;0_0;0;0_-100;2;5475_-100;2;5475_-100;2;5475,15.7095890410959,Prevalence,3.95718930198287e-07
NbyGQVwzFc_loc12_loop6,12,ITN 0%/IRS 0%/Larvicide 0%,0;0.4;0.4_0;0;0_0;0;0_-100;2;5475_-100;2;5475_-100;2;5475,15.7123287671233,Prevalence,3.96890436002466e-07
NbyGQVwzFc_loc12_loop6,12,ITN 0%/IRS 0%/Larvicide 0%,0;0.4;0.4_0;0;0_0;0;0_-100;2;5475_-100;2;5475_-100;2;5475,15.7150684931507,Prevalence,3.98066594545292e-07
NbyGQVwzFc_loc12_loop6,12,ITN 0%/IRS 0%/Larvicide 0%,0;0.4;0.4_0;0;0_0;0;0_-100;2;5475_-100;2;5475_-100;2;5475,15.7178082191781,Prevalence,3.99247421337681e-07
NbyGQVwzFc_loc12_loop6,12,ITN 0%/IRS 0%/Larvicide 0%,0;0.4;0.4_0;0;0_0;0;0_-100;2;5475_-100;2;5475_-100;2;5475,15.7205479452055,Prevalence,4.0043293197762e-07
NbyGQVwzFc_loc12_loop6,12,ITN 0%/IRS 0%/Larvicide 0%,0;0.4;0.4_0;0;0_0;0;0_-100;2;5475_-100;2;5475_-100;2;5475,15.7232876712329,Prevalence,4.0162314215042e-07
NbyGQVwzFc_loc12_loop6,12,ITN 0%/IRS 0%/Larvicide 0%,0;0.4;0.4_0;0;0_0;0;0_-100;2;5475_-100;2;5475_-100;2;5475,15.7260273972603,Prevalence,4.0281806762901e-07
NbyGQVwzFc_loc12_loop6,12,ITN 0%/IRS 0%/Larvicide 0%,0;0.4;0.4_0;0;0_0;0;0_-100;2;5475_-100;2;5475_-100;2;5475,15.7287671232877,Prevalence,4.04017724274161e-07
NbyGQVwzFc_loc12_loop6,12,ITN 0%/IRS 0%/Larvicide 0%,0;0.4;0.4_0;0;0_0;0;0_-100;2;5475_-100;2;5475_-100;2;5475,15.7315068493151,Prevalence,4.05222128034743e-07
NbyGQVwzFc_loc12_loop6,12,ITN 0%/IRS 0%/Larvicide 0%,0;0.4;0.4_0;0;0_0;0;0_-100;2;5475_-100;2;5475_-100;2;5475,15.7342465753425,Prevalence,4.06431294947979e-07
NbyGQVwzFc_loc12_loop6,12,ITN 0%/IRS 0%/Larvicide 0%,0;0.4;0.4_0;0;0_0;0;0_-100;2;5475_-100;2;5475_-100;2;5475,15.7369863013699,Prevalence,4.07645241139716e-07
NbyGQVwzFc_loc12_loop6,12,ITN 0%/IRS 0%/Larvicide 0%,0;0.4;0.4_0;0;0_0;0;0_-100;2;5475_-100;2;5475_-100;2;5475,15.7397260273973,Prevalence,4.08863982824679e-07
NbyGQVwzFc_loc12_loop6,12,ITN 0%/IRS 0%/Larvicide 0%,0;0.4;0.4_0;0;0_0;0;0_-100;2;5475_-100;2;5475_-100;2;5475,15.7424657534247,Prevalence,4.10087536306747e-07
NbyGQVwzFc_loc12_loop6,12,ITN 0%/IRS 0%/Larvicide 0%,0;0.4;0.4_0;0;0_0;0;0_-100;2;5475_-100;2;5475_-100;2;5475,15.7452054794521,Prevalence,4.11315917979211e-07
NbyGQVwzFc_loc12_loop6,12,ITN 0%/IRS 0%/Larvicide 0%,0;0.4;0.4_0;0;0_0;0;0_-100;2;5475_-100;2;5475_-100;2;5475,15.7479452054795,Prevalence,4.12549144325048e-07
NbyGQVwzFc_loc12_loop6,12,ITN 0%/IRS 0%/Larvicide 0%,0;0.4;0.4_0;0;0_0;0;0_-100;2;5475_-100;2;5475_-100;2;5475,15.7506849315069,Prevalence,4.137872319172e-07
NbyGQVwzFc_loc12_loop6,12,ITN 0%/IRS 0%/Larvicide 0%,0;0.4;0.4_0;0;0_0;0;0_-100;2;5475_-100;2;5475_-100;2;5475,15.7534246575342,Prevalence,4.1503019741884e-07
NbyGQVwzFc_loc12_loop6,12,ITN 0%/IRS 0%/Larvicide 0%,0;0.4;0.4_0;0;0_0;0;0_-100;2;5475_-100;2;5475_-100;2;5475,15.7561643835616,Prevalence,4.16278057583649e-07
NbyGQVwzFc_loc12_loop6,12,ITN 0%/IRS 0%/Larvicide 0%,0;0.4;0.4_0;0;0_0;0;0_-100;2;5475_-100;2;5475_-100;2;5475,15.758904109589,Prevalence,4.17530829256102e-07
NbyGQVwzFc_loc12_loop6,12,ITN 0%/IRS 0%/Larvicide 0%,0;0.4;0.4_0;0;0_0;0;0_-100;2;5475_-100;2;5475_-100;2;5475,15.7616438356164,Prevalence,4.18788529371742e-07
NbyGQVwzFc_loc12_loop6,12,ITN 0%/IRS 0%/Larvicide 0%,0;0.4;0.4_0;0;0_0;0;0_-100;2;5475_-100;2;5475_-100;2;5475,15.7643835616438,Prevalence,4.20051174957468e-07
NbyGQVwzFc_loc12_loop6,12,ITN 0%/IRS 0%/Larvicide 0%,0;0.4;0.4_0;0;0_0;0;0_-100;2;5475_-100;2;5475_-100;2;5475,15.7671232876712,Prevalence,4.2131878313182e-07
NbyGQVwzFc_loc12_loop6,12,ITN 0%/IRS 0%/Larvicide 0%,0;0.4;0.4_0;0;0_0;0;0_-100;2;5475_-100;2;5475_-100;2;5475,15.7698630136986,Prevalence,4.22591371105263e-07
NbyGQVwzFc_loc12_loop6,12,ITN 0%/IRS 0%/Larvicide 0%,0;0.4;0.4_0;0;0_0;0;0_-100;2;5475_-100;2;5475_-100;2;5475,15.772602739726,Prevalence,4.23868956180472e-07
NbyGQVwzFc_loc12_loop6,12,ITN 0%/IRS 0%/Larvicide 0%,0;0.4;0.4_0;0;0_0;0;0_-100;2;5475_-100;2;5475_-100;2;5475,15.7753424657534,Prevalence,4.25151555752639e-07
NbyGQVwzFc_loc12_loop6,12,ITN 0%/IRS 0%/Larvicide 0%,0;0.4;0.4_0;0;0_0;0;0_-100;2;5475_-100;2;5475_-100;2;5475,15.7780821917808,Prevalence,4.26439187309784e-07
NbyGQVwzFc_loc12_loop6,12,ITN 0%/IRS 0%/Larvicide 0%,0;0.4;0.4_0;0;0_0;0;0_-100;2;5475_-100;2;5475_-100;2;5475,15.7808219178082,Prevalence,4.27731868433034e-07
NbyGQVwzFc_loc12_loop6,12,ITN 0%/IRS 0%/Larvicide 0%,0;0.4;0.4_0;0;0_0;0;0_-100;2;5475_-100;2;5475_-100;2;5475,15.7835616438356,Prevalence,4.29029616796916e-07
NbyGQVwzFc_loc12_loop6,12,ITN 0%/IRS 0%/Larvicide 0%,0;0.4;0.4_0;0;0_0;0;0_-100;2;5475_-100;2;5475_-100;2;5475,15.786301369863,Prevalence,4.30332450169656e-07
NbyGQVwzFc_loc12_loop6,12,ITN 0%/IRS 0%/Larvicide 0%,0;0.4;0.4_0;0;0_0;0;0_-100;2;5475_-100;2;5475_-100;2;5475,15.7890410958904,Prevalence,4.31640386413491e-07
NbyGQVwzFc_loc12_loop6,12,ITN 0%/IRS 0%/Larvicide 0%,0;0.4;0.4_0;0;0_0;0;0_-100;2;5475_-100;2;5475_-100;2;5475,15.7917808219178,Prevalence,4.32953443484964e-07
NbyGQVwzFc_loc12_loop6,12,ITN 0%/IRS 0%/Larvicide 0%,0;0.4;0.4_0;0;0_0;0;0_-100;2;5475_-100;2;5475_-100;2;5475,15.7945205479452,Prevalence,4.34271639435238e-07
NbyGQVwzFc_loc12_loop6,12,ITN 0%/IRS 0%/Larvicide 0%,0;0.4;0.4_0;0;0_0;0;0_-100;2;5475_-100;2;5475_-100;2;5475,15.7972602739726,Prevalence,4.35594992410405e-07
NbyGQVwzFc_loc12_loop6,12,ITN 0%/IRS 0%/Larvicide 0%,0;0.4;0.4_0;0;0_0;0;0_-100;2;5475_-100;2;5475_-100;2;5475,15.8,Prevalence,4.36923520651798e-07
NbyGQVwzFc_loc12_loop6,12,ITN 0%/IRS 0%/Larvicide 0%,0;0.4;0.4_0;0;0_0;0;0_-100;2;5475_-100;2;5475_-100;2;5475,15.8027397260274,Prevalence,4.38257242496301e-07
NbyGQVwzFc_loc12_loop6,12,ITN 0%/IRS 0%/Larvicide 0%,0;0.4;0.4_0;0;0_0;0;0_-100;2;5475_-100;2;5475_-100;2;5475,15.8054794520548,Prevalence,4.39596176376677e-07
NbyGQVwzFc_loc12_loop6,12,ITN 0%/IRS 0%/Larvicide 0%,0;0.4;0.4_0;0;0_0;0;0_-100;2;5475_-100;2;5475_-100;2;5475,15.8082191780822,Prevalence,4.40940340821874e-07
NbyGQVwzFc_loc12_loop6,12,ITN 0%/IRS 0%/Larvicide 0%,0;0.4;0.4_0;0;0_0;0;0_-100;2;5475_-100;2;5475_-100;2;5475,15.8109589041096,Prevalence,4.42289754457356e-07
NbyGQVwzFc_loc12_loop6,12,ITN 0%/IRS 0%/Larvicide 0%,0;0.4;0.4_0;0;0_0;0;0_-100;2;5475_-100;2;5475_-100;2;5475,15.813698630137,Prevalence,4.43644436005422e-07
NbyGQVwzFc_loc12_loop6,12,ITN 0%/IRS 0%/Larvicide 0%,0;0.4;0.4_0;0;0_0;0;0_-100;2;5475_-100;2;5475_-100;2;5475,15.8164383561644,Prevalence,4.45004404285533e-07
NbyGQVwzFc_loc12_loop6,12,ITN 0%/IRS 0%/Larvicide 0%,0;0.4;0.4_0;0;0_0;0;0_-100;2;5475_-100;2;5475_-100;2;5475,15.8191780821918,Prevalence,4.4636967821464e-07
NbyGQVwzFc_loc12_loop6,12,ITN 0%/IRS 0%/Larvicide 0%,0;0.4;0.4_0;0;0_0;0;0_-100;2;5475_-100;2;5475_-100;2;5475,15.8219178082192,Prevalence,4.47740276807514e-07
NbyGQVwzFc_loc12_loop6,12,ITN 0%/IRS 0%/Larvicide 0%,0;0.4;0.4_0;0;0_0;0;0_-100;2;5475_-100;2;5475_-100;2;5475,15.8246575342466,Prevalence,4.49116219177079e-07
NbyGQVwzFc_loc12_loop6,12,ITN 0%/IRS 0%/Larvicide 0%,0;0.4;0.4_0;0;0_0;0;0_-100;2;5475_-100;2;5475_-100;2;5475,15.827397260274,Prevalence,4.50497524534745e-07
NbyGQVwzFc_loc12_loop6,12,ITN 0%/IRS 0%/Larvicide 0%,0;0.4;0.4_0;0;0_0;0;0_-100;2;5475_-100;2;5475_-100;2;5475,15.8301369863014,Prevalence,4.51884212190775e-07
NbyGQVwzFc_loc12_loop6,12,ITN 0%/IRS 0%/Larvicide 0%,0;0.4;0.4_0;0;0_0;0;0_-100;2;5475_-100;2;5475_-100;2;5475,15.8328767123288,Prevalence,4.5327630155461e-07
NbyGQVwzFc_loc12_loop6,12,ITN 0%/IRS 0%/Larvicide 0%,0;0.4;0.4_0;0;0_0;0;0_-100;2;5475_-100;2;5475_-100;2;5475,15.8356164383562,Prevalence,4.54673812135194e-07
NbyGQVwzFc_loc12_loop6,12,ITN 0%/IRS 0%/Larvicide 0%,0;0.4;0.4_0;0;0_0;0;0_-100;2;5475_-100;2;5475_-100;2;5475,15.8383561643836,Prevalence,4.56076763541329e-07
NbyGQVwzFc_loc12_loop6,12,ITN 0%/IRS 0%/Larvicide 0%,0;0.4;0.4_0;0;0_0;0;0_-100;2;5475_-100;2;5475_-100;2;5475,15.841095890411,Prevalence,4.57485175482016e-07
NbyGQVwzFc_loc12_loop6,12,ITN 0%/IRS 0%/Larvicide 0%,0;0.4;0.4_0;0;0_0;0;0_-100;2;5475_-100;2;5475_-100;2;5475,15.8438356164384,Prevalence,4.58899067766804e-07
NbyGQVwzFc_loc12_loop6,12,ITN 0%/IRS 0%/Larvicide 0%,0;0.4;0.4_0;0;0_0;0;0_-100;2;5475_-100;2;5475_-100;2;5475,15.8465753424658,Prevalence,4.60318460306145e-07
NbyGQVwzFc_loc12_loop6,12,ITN 0%/IRS 0%/Larvicide 0%,0;0.4;0.4_0;0;0_0;0;0_-100;2;5475_-100;2;5475_-100;2;5475,15.8493150684932,Prevalence,4.61743373111747e-07
NbyGQVwzFc_loc12_loop6,12,ITN 0%/IRS 0%/Larvicide 0%,0;0.4;0.4_0;0;0_0;0;0_-100;2;5475_-100;2;5475_-100;2;5475,15.8520547945205,Prevalence,4.63173826296929e-07
NbyGQVwzFc_loc12_loop6,12,ITN 0%/IRS 0%/Larvicide 0%,0;0.4;0.4_0;0;0_0;0;0_-100;2;5475_-100;2;5475_-100;2;5475,15.8547945205479,Prevalence,4.6460984007698e-07
NbyGQVwzFc_loc12_loop6,12,ITN 0%/IRS 0%/Larvicide 0%,0;0.4;0.4_0;0;0_0;0;0_-100;2;5475_-100;2;5475_-100;2;5475,15.8575342465753,Prevalence,4.6605143476952e-07
NbyGQVwzFc_loc12_loop6,12,ITN 0%/IRS 0%/Larvicide 0%,0;0.4;0.4_0;0;0_0;0;0_-100;2;5475_-100;2;5475_-100;2;5475,15.8602739726027,Prevalence,4.67498630794866e-07
NbyGQVwzFc_loc12_loop6,12,ITN 0%/IRS 0%/Larvicide 0%,0;0.4;0.4_0;0;0_0;0;0_-100;2;5475_-100;2;5475_-100;2;5475,15.8630136986301,Prevalence,4.68951448676391e-07
NbyGQVwzFc_loc12_loop6,12,ITN 0%/IRS 0%/Larvicide 0%,0;0.4;0.4_0;0;0_0;0;0_-100;2;5475_-100;2;5475_-100;2;5475,15.8657534246575,Prevalence,4.704099090409e-07
NbyGQVwzFc_loc12_loop6,12,ITN 0%/IRS 0%/Larvicide 0%,0;0.4;0.4_0;0;0_0;0;0_-100;2;5475_-100;2;5475_-100;2;5475,15.8684931506849,Prevalence,4.71874032619e-07
NbyGQVwzFc_loc12_loop6,12,ITN 0%/IRS 0%/Larvicide 0%,0;0.4;0.4_0;0;0_0;0;0_-100;2;5475_-100;2;5475_-100;2;5475,15.8712328767123,Prevalence,4.73343840245467e-07
NbyGQVwzFc_loc12_loop6,12,ITN 0%/IRS 0%/Larvicide 0%,0;0.4;0.4_0;0;0_0;0;0_-100;2;5475_-100;2;5475_-100;2;5475,15.8739726027397,Prevalence,4.7481935285963e-07
NbyGQVwzFc_loc12_loop6,12,ITN 0%/IRS 0%/Larvicide 0%,0;0.4;0.4_0;0;0_0;0;0_-100;2;5475_-100;2;5475_-100;2;5475,15.8767123287671,Prevalence,4.76300591505739e-07
NbyGQVwzFc_loc12_loop6,12,ITN 0%/IRS 0%/Larvicide 0%,0;0.4;0.4_0;0;0_0;0;0_-100;2;5475_-100;2;5475_-100;2;5475,15.8794520547945,Prevalence,4.77787577333357e-07
NbyGQVwzFc_loc12_loop6,12,ITN 0%/IRS 0%/Larvicide 0%,0;0.4;0.4_0;0;0_0;0;0_-100;2;5475_-100;2;5475_-100;2;5475,15.8821917808219,Prevalence,4.79280331597744e-07
NbyGQVwzFc_loc12_loop6,12,ITN 0%/IRS 0%/Larvicide 0%,0;0.4;0.4_0;0;0_0;0;0_-100;2;5475_-100;2;5475_-100;2;5475,15.8849315068493,Prevalence,4.8077887566026e-07
NbyGQVwzFc_loc12_loop6,12,ITN 0%/IRS 0%/Larvicide 0%,0;0.4;0.4_0;0;0_0;0;0_-100;2;5475_-100;2;5475_-100;2;5475,15.8876712328767,Prevalence,4.82283230988734e-07
NbyGQVwzFc_loc12_loop6,12,ITN 0%/IRS 0%/Larvicide 0%,0;0.4;0.4_0;0;0_0;0;0_-100;2;5475_-100;2;5475_-100;2;5475,15.8904109589041,Prevalence,4.83793419157847e-07
NbyGQVwzFc_loc12_loop6,12,ITN 0%/IRS 0%/Larvicide 0%,0;0.4;0.4_0;0;0_0;0;0_-100;2;5475_-100;2;5475_-100;2;5475,15.8931506849315,Prevalence,4.85309461849527e-07
NbyGQVwzFc_loc12_loop6,12,ITN 0%/IRS 0%/Larvicide 0%,0;0.4;0.4_0;0;0_0;0;0_-100;2;5475_-100;2;5475_-100;2;5475,15.8958904109589,Prevalence,4.86831380853347e-07
NbyGQVwzFc_loc12_loop6,12,ITN 0%/IRS 0%/Larvicide 0%,0;0.4;0.4_0;0;0_0;0;0_-100;2;5475_-100;2;5475_-100;2;5475,15.8986301369863,Prevalence,4.88359198066923e-07
NbyGQVwzFc_loc12_loop6,12,ITN 0%/IRS 0%/Larvicide 0%,0;0.4;0.4_0;0;0_0;0;0_-100;2;5475_-100;2;5475_-100;2;5475,15.9013698630137,Prevalence,4.89892935496312e-07
NbyGQVwzFc_loc12_loop6,12,ITN 0%/IRS 0%/Larvicide 0%,0;0.4;0.4_0;0;0_0;0;0_-100;2;5475_-100;2;5475_-100;2;5475,15.9041095890411,Prevalence,4.91432615256412e-07
NbyGQVwzFc_loc12_loop6,12,ITN 0%/IRS 0%/Larvicide 0%,0;0.4;0.4_0;0;0_0;0;0_-100;2;5475_-100;2;5475_-100;2;5475,15.9068493150685,Prevalence,4.92978259571376e-07
NbyGQVwzFc_loc12_loop6,12,ITN 0%/IRS 0%/Larvicide 0%,0;0.4;0.4_0;0;0_0;0;0_-100;2;5475_-100;2;5475_-100;2;5475,15.9095890410959,Prevalence,4.94529890775014e-07
NbyGQVwzFc_loc12_loop6,12,ITN 0%/IRS 0%/Larvicide 0%,0;0.4;0.4_0;0;0_0;0;0_-100;2;5475_-100;2;5475_-100;2;5475,15.9123287671233,Prevalence,4.96087531311204e-07
NbyGQVwzFc_loc12_loop6,12,ITN 0%/IRS 0%/Larvicide 0%,0;0.4;0.4_0;0;0_0;0;0_-100;2;5475_-100;2;5475_-100;2;5475,15.9150684931507,Prevalence,4.97651203734308e-07
NbyGQVwzFc_loc12_loop6,12,ITN 0%/IRS 0%/Larvicide 0%,0;0.4;0.4_0;0;0_0;0;0_-100;2;5475_-100;2;5475_-100;2;5475,15.9178082191781,Prevalence,4.99220930709581e-07
NbyGQVwzFc_loc12_loop6,12,ITN 0%/IRS 0%/Larvicide 0%,0;0.4;0.4_0;0;0_0;0;0_-100;2;5475_-100;2;5475_-100;2;5475,15.9205479452055,Prevalence,5.00796735013599e-07
NbyGQVwzFc_loc12_loop6,12,ITN 0%/IRS 0%/Larvicide 0%,0;0.4;0.4_0;0;0_0;0;0_-100;2;5475_-100;2;5475_-100;2;5475,15.9232876712329,Prevalence,5.02378639534674e-07
NbyGQVwzFc_loc12_loop6,12,ITN 0%/IRS 0%/Larvicide 0%,0;0.4;0.4_0;0;0_0;0;0_-100;2;5475_-100;2;5475_-100;2;5475,15.9260273972603,Prevalence,5.03966667273279e-07
NbyGQVwzFc_loc12_loop6,12,ITN 0%/IRS 0%/Larvicide 0%,0;0.4;0.4_0;0;0_0;0;0_-100;2;5475_-100;2;5475_-100;2;5475,15.9287671232877,Prevalence,5.05560841342469e-07
NbyGQVwzFc_loc12_loop6,12,ITN 0%/IRS 0%/Larvicide 0%,0;0.4;0.4_0;0;0_0;0;0_-100;2;5475_-100;2;5475_-100;2;5475,15.9315068493151,Prevalence,5.07161184968319e-07
NbyGQVwzFc_loc12_loop6,12,ITN 0%/IRS 0%/Larvicide 0%,0;0.4;0.4_0;0;0_0;0;0_-100;2;5475_-100;2;5475_-100;2;5475,15.9342465753425,Prevalence,5.08767721490351e-07
NbyGQVwzFc_loc12_loop6,12,ITN 0%/IRS 0%/Larvicide 0%,0;0.4;0.4_0;0;0_0;0;0_-100;2;5475_-100;2;5475_-100;2;5475,15.9369863013699,Prevalence,5.10380474361977e-07
NbyGQVwzFc_loc12_loop6,12,ITN 0%/IRS 0%/Larvicide 0%,0;0.4;0.4_0;0;0_0;0;0_-100;2;5475_-100;2;5475_-100;2;5475,15.9397260273973,Prevalence,5.11999467150953e-07
NbyGQVwzFc_loc12_loop6,12,ITN 0%/IRS 0%/Larvicide 0%,0;0.4;0.4_0;0;0_0;0;0_-100;2;5475_-100;2;5475_-100;2;5475,15.9424657534247,Prevalence,5.13624723539793e-07
NbyGQVwzFc_loc12_loop6,12,ITN 0%/IRS 0%/Larvicide 0%,0;0.4;0.4_0;0;0_0;0;0_-100;2;5475_-100;2;5475_-100;2;5475,15.9452054794521,Prevalence,5.1525626732621e-07
NbyGQVwzFc_loc12_loop6,12,ITN 0%/IRS 0%/Larvicide 0%,0;0.4;0.4_0;0;0_0;0;0_-100;2;5475_-100;2;5475_-100;2;5475,15.9479452054795,Prevalence,5.1689412242356e-07
NbyGQVwzFc_loc12_loop6,12,ITN 0%/IRS 0%/Larvicide 0%,0;0.4;0.4_0;0;0_0;0;0_-100;2;5475_-100;2;5475_-100;2;5475,15.9506849315069,Prevalence,5.18538312861289e-07
NbyGQVwzFc_loc12_loop6,12,ITN 0%/IRS 0%/Larvicide 0%,0;0.4;0.4_0;0;0_0;0;0_-100;2;5475_-100;2;5475_-100;2;5475,15.9534246575342,Prevalence,5.20188862785386e-07
NbyGQVwzFc_loc12_loop6,12,ITN 0%/IRS 0%/Larvicide 0%,0;0.4;0.4_0;0;0_0;0;0_-100;2;5475_-100;2;5475_-100;2;5475,15.9561643835616,Prevalence,5.21845796458831e-07
NbyGQVwzFc_loc12_loop6,12,ITN 0%/IRS 0%/Larvicide 0%,0;0.4;0.4_0;0;0_0;0;0_-100;2;5475_-100;2;5475_-100;2;5475,15.958904109589,Prevalence,5.23509138262054e-07
NbyGQVwzFc_loc12_loop6,12,ITN 0%/IRS 0%/Larvicide 0%,0;0.4;0.4_0;0;0_0;0;0_-100;2;5475_-100;2;5475_-100;2;5475,15.9616438356164,Prevalence,5.25178912693393e-07
NbyGQVwzFc_loc12_loop6,12,ITN 0%/IRS 0%/Larvicide 0%,0;0.4;0.4_0;0;0_0;0;0_-100;2;5475_-100;2;5475_-100;2;5475,15.9643835616438,Prevalence,5.2685514436955e-07
NbyGQVwzFc_loc12_loop6,12,ITN 0%/IRS 0%/Larvicide 0%,0;0.4;0.4_0;0;0_0;0;0_-100;2;5475_-100;2;5475_-100;2;5475,15.9671232876712,Prevalence,5.28537858026061e-07
NbyGQVwzFc_loc12_loop6,12,ITN 0%/IRS 0%/Larvicide 0%,0;0.4;0.4_0;0;0_0;0;0_-100;2;5475_-100;2;5475_-100;2;5475,15.9698630136986,Prevalence,5.30227078517758e-07
NbyGQVwzFc_loc12_loop6,12,ITN 0%/IRS 0%/Larvicide 0%,0;0.4;0.4_0;0;0_0;0;0_-100;2;5475_-100;2;5475_-100;2;5475,15.972602739726,Prevalence,5.31922830819241e-07
NbyGQVwzFc_loc12_loop6,12,ITN 0%/IRS 0%/Larvicide 0%,0;0.4;0.4_0;0;0_0;0;0_-100;2;5475_-100;2;5475_-100;2;5475,15.9753424657534,Prevalence,5.33625140025343e-07
NbyGQVwzFc_loc12_loop6,12,ITN 0%/IRS 0%/Larvicide 0%,0;0.4;0.4_0;0;0_0;0;0_-100;2;5475_-100;2;5475_-100;2;5475,15.9780821917808,Prevalence,5.35334031351614e-07
NbyGQVwzFc_loc12_loop6,12,ITN 0%/IRS 0%/Larvicide 0%,0;0.4;0.4_0;0;0_0;0;0_-100;2;5475_-100;2;5475_-100;2;5475,15.9808219178082,Prevalence,5.37049530134792e-07
NbyGQVwzFc_loc12_loop6,12,ITN 0%/IRS 0%/Larvicide 0%,0;0.4;0.4_0;0;0_0;0;0_-100;2;5475_-100;2;5475_-100;2;5475,15.9835616438356,Prevalence,5.38771661833289e-07
NbyGQVwzFc_loc12_loop6,12,ITN 0%/IRS 0%/Larvicide 0%,0;0.4;0.4_0;0;0_0;0;0_-100;2;5475_-100;2;5475_-100;2;5475,15.986301369863,Prevalence,5.40500452027662e-07
NbyGQVwzFc_loc12_loop6,12,ITN 0%/IRS 0%/Larvicide 0%,0;0.4;0.4_0;0;0_0;0;0_-100;2;5475_-100;2;5475_-100;2;5475,15.9890410958904,Prevalence,5.4223592642111e-07
NbyGQVwzFc_loc12_loop6,12,ITN 0%/IRS 0%/Larvicide 0%,0;0.4;0.4_0;0;0_0;0;0_-100;2;5475_-100;2;5475_-100;2;5475,15.9917808219178,Prevalence,5.43978110839966e-07
NbyGQVwzFc_loc12_loop6,12,ITN 0%/IRS 0%/Larvicide 0%,0;0.4;0.4_0;0;0_0;0;0_-100;2;5475_-100;2;5475_-100;2;5475,15.9945205479452,Prevalence,5.45727031234207e-07
NbyGQVwzFc_loc12_loop6,12,ITN 0%/IRS 0%/Larvicide 0%,0;0.4;0.4_0;0;0_0;0;0_-100;2;5475_-100;2;5475_-100;2;5475,15.9972602739726,Prevalence,5.47482713677933e-07
NbyGQVwzFc_loc12_loop6,12,ITN 0%/IRS 0%/Larvicide 0%,0;0.4;0.4_0;0;0_0;0;0_-100;2;5475_-100;2;5475_-100;2;5475,16,Prevalence,5.49245184369853e-07
NbyGQVwzFc_loc12_loop6,12,ITN 0%/IRS 0%/Larvicide 0%,0;0.4;0.4_0;0;0_0;0;0_-100;2;5475_-100;2;5475_-100;2;5475,16.0027397260274,Prevalence,5.51014469633789e-07
NbyGQVwzFc_loc12_loop6,12,ITN 0%/IRS 0%/Larvicide 0%,0;0.4;0.4_0;0;0_0;0;0_-100;2;5475_-100;2;5475_-100;2;5475,16.0054794520548,Prevalence,5.52790595919173e-07
NbyGQVwzFc_loc12_loop6,12,ITN 0%/IRS 0%/Larvicide 0%,0;0.4;0.4_0;0;0_0;0;0_-100;2;5475_-100;2;5475_-100;2;5475,16.0082191780822,Prevalence,5.54573589801555e-07
NbyGQVwzFc_loc12_loop6,12,ITN 0%/IRS 0%/Larvicide 0%,0;0.4;0.4_0;0;0_0;0;0_-100;2;5475_-100;2;5475_-100;2;5475,16.0109589041096,Prevalence,5.56363477983119e-07
NbyGQVwzFc_loc12_loop6,12,ITN 0%/IRS 0%/Larvicide 0%,0;0.4;0.4_0;0;0_0;0;0_-100;2;5475_-100;2;5475_-100;2;5475,16.013698630137,Prevalence,5.58160287293183e-07
NbyGQVwzFc_loc12_loop6,12,ITN 0%/IRS 0%/Larvicide 0%,0;0.4;0.4_0;0;0_0;0;0_-100;2;5475_-100;2;5475_-100;2;5475,16.0164383561644,Prevalence,5.59964044688716e-07
NbyGQVwzFc_loc12_loop6,12,ITN 0%/IRS 0%/Larvicide 0%,0;0.4;0.4_0;0;0_0;0;0_-100;2;5475_-100;2;5475_-100;2;5475,16.0191780821918,Prevalence,5.61774777254865e-07
NbyGQVwzFc_loc12_loop6,12,ITN 0%/IRS 0%/Larvicide 0%,0;0.4;0.4_0;0;0_0;0;0_-100;2;5475_-100;2;5475_-100;2;5475,16.0219178082192,Prevalence,5.63592512205463e-07
NbyGQVwzFc_loc12_loop6,12,ITN 0%/IRS 0%/Larvicide 0%,0;0.4;0.4_0;0;0_0;0;0_-100;2;5475_-100;2;5475_-100;2;5475,16.0246575342466,Prevalence,5.65417276883563e-07
NbyGQVwzFc_loc12_loop6,12,ITN 0%/IRS 0%/Larvicide 0%,0;0.4;0.4_0;0;0_0;0;0_-100;2;5475_-100;2;5475_-100;2;5475,16.027397260274,Prevalence,5.67249098761954e-07
NbyGQVwzFc_loc12_loop6,12,ITN 0%/IRS 0%/Larvicide 0%,0;0.4;0.4_0;0;0_0;0;0_-100;2;5475_-100;2;5475_-100;2;5475,16.0301369863014,Prevalence,5.69088005443695e-07
NbyGQVwzFc_loc12_loop6,12,ITN 0%/IRS 0%/Larvicide 0%,0;0.4;0.4_0;0;0_0;0;0_-100;2;5475_-100;2;5475_-100;2;5475,16.0328767123288,Prevalence,5.70934024662651e-07
NbyGQVwzFc_loc12_loop6,12,ITN 0%/IRS 0%/Larvicide 0%,0;0.4;0.4_0;0;0_0;0;0_-100;2;5475_-100;2;5475_-100;2;5475,16.0356164383562,Prevalence,5.72787184284023e-07
NbyGQVwzFc_loc12_loop6,12,ITN 0%/IRS 0%/Larvicide 0%,0;0.4;0.4_0;0;0_0;0;0_-100;2;5475_-100;2;5475_-100;2;5475,16.0383561643836,Prevalence,5.74647512304887e-07
NbyGQVwzFc_loc12_loop6,12,ITN 0%/IRS 0%/Larvicide 0%,0;0.4;0.4_0;0;0_0;0;0_-100;2;5475_-100;2;5475_-100;2;5475,16.041095890411,Prevalence,5.76515036854738e-07
NbyGQVwzFc_loc12_loop6,12,ITN 0%/IRS 0%/Larvicide 0%,0;0.4;0.4_0;0;0_0;0;0_-100;2;5475_-100;2;5475_-100;2;5475,16.0438356164384,Prevalence,5.78389786196032e-07
NbyGQVwzFc_loc12_loop6,12,ITN 0%/IRS 0%/Larvicide 0%,0;0.4;0.4_0;0;0_0;0;0_-100;2;5475_-100;2;5475_-100;2;5475,16.0465753424658,Prevalence,5.80271788724734e-07
NbyGQVwzFc_loc12_loop6,12,ITN 0%/IRS 0%/Larvicide 0%,0;0.4;0.4_0;0;0_0;0;0_-100;2;5475_-100;2;5475_-100;2;5475,16.0493150684932,Prevalence,5.82161072970873e-07
NbyGQVwzFc_loc12_loop6,12,ITN 0%/IRS 0%/Larvicide 0%,0;0.4;0.4_0;0;0_0;0;0_-100;2;5475_-100;2;5475_-100;2;5475,16.0520547945205,Prevalence,5.84057667599124e-07
NbyGQVwzFc_loc12_loop6,12,ITN 0%/IRS 0%/Larvicide 0%,0;0.4;0.4_0;0;0_0;0;0_-100;2;5475_-100;2;5475_-100;2;5475,16.0547945205479,Prevalence,5.85961601409337e-07
NbyGQVwzFc_loc12_loop6,12,ITN 0%/IRS 0%/Larvicide 0%,0;0.4;0.4_0;0;0_0;0;0_-100;2;5475_-100;2;5475_-100;2;5475,16.0575342465753,Prevalence,5.87872903337093e-07
NbyGQVwzFc_loc12_loop6,12,ITN 0%/IRS 0%/Larvicide 0%,0;0.4;0.4_0;0;0_0;0;0_-100;2;5475_-100;2;5475_-100;2;5475,16.0602739726027,Prevalence,5.89791602454264e-07
NbyGQVwzFc_loc12_loop6,12,ITN 0%/IRS 0%/Larvicide 0%,0;0.4;0.4_0;0;0_0;0;0_-100;2;5475_-100;2;5475_-100;2;5475,16.0630136986301,Prevalence,5.91717727969586e-07
NbyGQVwzFc_loc12_loop6,12,ITN 0%/IRS 0%/Larvicide 0%,0;0.4;0.4_0;0;0_0;0;0_-100;2;5475_-100;2;5475_-100;2;5475,16.0657534246575,Prevalence,5.93651309229213e-07
NbyGQVwzFc_loc12_loop6,12,ITN 0%/IRS 0%/Larvicide 0%,0;0.4;0.4_0;0;0_0;0;0_-100;2;5475_-100;2;5475_-100;2;5475,16.0684931506849,Prevalence,5.95592375717306e-07
NbyGQVwzFc_loc12_loop6,12,ITN 0%/IRS 0%/Larvicide 0%,0;0.4;0.4_0;0;0_0;0;0_-100;2;5475_-100;2;5475_-100;2;5475,16.0712328767123,Prevalence,5.97540957056602e-07
NbyGQVwzFc_loc12_loop6,12,ITN 0%/IRS 0%/Larvicide 0%,0;0.4;0.4_0;0;0_0;0;0_-100;2;5475_-100;2;5475_-100;2;5475,16.0739726027397,Prevalence,5.99497083008987e-07
NbyGQVwzFc_loc12_loop6,12,ITN 0%/IRS 0%/Larvicide 0%,0;0.4;0.4_0;0;0_0;0;0_-100;2;5475_-100;2;5475_-100;2;5475,16.0767123287671,Prevalence,6.0146078347609e-07
NbyGQVwzFc_loc12_loop6,12,ITN 0%/IRS 0%/Larvicide 0%,0;0.4;0.4_0;0;0_0;0;0_-100;2;5475_-100;2;5475_-100;2;5475,16.0794520547945,Prevalence,6.03432088499853e-07
NbyGQVwzFc_loc12_loop6,12,ITN 0%/IRS 0%/Larvicide 0%,0;0.4;0.4_0;0;0_0;0;0_-100;2;5475_-100;2;5475_-100;2;5475,16.0821917808219,Prevalence,6.05411028263134e-07
NbyGQVwzFc_loc12_loop6,12,ITN 0%/IRS 0%/Larvicide 0%,0;0.4;0.4_0;0;0_0;0;0_-100;2;5475_-100;2;5475_-100;2;5475,16.0849315068493,Prevalence,6.07397633090286e-07
NbyGQVwzFc_loc12_loop6,12,ITN 0%/IRS 0%/Larvicide 0%,0;0.4;0.4_0;0;0_0;0;0_-100;2;5475_-100;2;5475_-100;2;5475,16.0876712328767,Prevalence,6.09391933447761e-07
NbyGQVwzFc_loc12_loop6,12,ITN 0%/IRS 0%/Larvicide 0%,0;0.4;0.4_0;0;0_0;0;0_-100;2;5475_-100;2;5475_-100;2;5475,16.0904109589041,Prevalence,6.11393959944704e-07
NbyGQVwzFc_loc12_loop6,12,ITN 0%/IRS 0%/Larvicide 0%,0;0.4;0.4_0;0;0_0;0;0_-100;2;5475_-100;2;5475_-100;2;5475,16.0931506849315,Prevalence,6.13403743333554e-07
NbyGQVwzFc_loc12_loop6,12,ITN 0%/IRS 0%/Larvicide 0%,0;0.4;0.4_0;0;0_0;0;0_-100;2;5475_-100;2;5475_-100;2;5475,16.0958904109589,Prevalence,6.15421314510646e-07
NbyGQVwzFc_loc12_loop6,12,ITN 0%/IRS 0%/Larvicide 0%,0;0.4;0.4_0;0;0_0;0;0_-100;2;5475_-100;2;5475_-100;2;5475,16.0986301369863,Prevalence,6.17446704516827e-07
NbyGQVwzFc_loc12_loop6,12,ITN 0%/IRS 0%/Larvicide 0%,0;0.4;0.4_0;0;0_0;0;0_-100;2;5475_-100;2;5475_-100;2;5475,16.1013698630137,Prevalence,6.19479944538057e-07
NbyGQVwzFc_loc12_loop6,12,ITN 0%/IRS 0%/Larvicide 0%,0;0.4;0.4_0;0;0_0;0;0_-100;2;5475_-100;2;5475_-100;2;5475,16.1041095890411,Prevalence,6.2152106590603e-07
NbyGQVwzFc_loc12_loop6,12,ITN 0%/IRS 0%/Larvicide 0%,0;0.4;0.4_0;0;0_0;0;0_-100;2;5475_-100;2;5475_-100;2;5475,16.1068493150685,Prevalence,6.2357010009879e-07
NbyGQVwzFc_loc12_loop6,12,ITN 0%/IRS 0%/Larvicide 0%,0;0.4;0.4_0;0;0_0;0;0_-100;2;5475_-100;2;5475_-100;2;5475,16.1095890410959,Prevalence,6.25627078741369e-07
NbyGQVwzFc_loc12_loop6,12,ITN 0%/IRS 0%/Larvicide 0%,0;0.4;0.4_0;0;0_0;0;0_-100;2;5475_-100;2;5475_-100;2;5475,16.1123287671233,Prevalence,6.2769203360643e-07
NbyGQVwzFc_loc12_loop6,12,ITN 0%/IRS 0%/Larvicide 0%,0;0.4;0.4_0;0;0_0;0;0_-100;2;5475_-100;2;5475_-100;2;5475,16.1150684931507,Prevalence,6.29764996614852e-07
NbyGQVwzFc_loc12_loop6,12,ITN 0%/IRS 0%/Larvicide 0%,0;0.4;0.4_0;0;0_0;0;0_-100;2;5475_-100;2;5475_-100;2;5475,16.1178082191781,Prevalence,6.31845999836366e-07
NbyGQVwzFc_loc12_loop6,12,ITN 0%/IRS 0%/Larvicide 0%,0;0.4;0.4_0;0;0_0;0;0_-100;2;5475_-100;2;5475_-100;2;5475,16.1205479452055,Prevalence,6.33935075490198e-07
NbyGQVwzFc_loc12_loop6,12,ITN 0%/IRS 0%/Larvicide 0%,0;0.4;0.4_0;0;0_0;0;0_-100;2;5475_-100;2;5475_-100;2;5475,16.1232876712329,Prevalence,6.36032255945697e-07
NbyGQVwzFc_loc12_loop6,12,ITN 0%/IRS 0%/Larvicide 0%,0;0.4;0.4_0;0;0_0;0;0_-100;2;5475_-100;2;5475_-100;2;5475,16.1260273972603,Prevalence,6.38137573722983e-07
NbyGQVwzFc_loc12_loop6,12,ITN 0%/IRS 0%/Larvicide 0%,0;0.4;0.4_0;0;0_0;0;0_-100;2;5475_-100;2;5475_-100;2;5475,16.1287671232877,Prevalence,6.40251061493594e-07
NbyGQVwzFc_loc12_loop6,12,ITN 0%/IRS 0%/Larvicide 0%,0;0.4;0.4_0;0;0_0;0;0_-100;2;5475_-100;2;5475_-100;2;5475,16.1315068493151,Prevalence,6.42372752081126e-07
NbyGQVwzFc_loc12_loop6,12,ITN 0%/IRS 0%/Larvicide 0%,0;0.4;0.4_0;0;0_0;0;0_-100;2;5475_-100;2;5475_-100;2;5475,16.1342465753425,Prevalence,6.4450267846189e-07
NbyGQVwzFc_loc12_loop6,12,ITN 0%/IRS 0%/Larvicide 0%,0;0.4;0.4_0;0;0_0;0;0_-100;2;5475_-100;2;5475_-100;2;5475,16.1369863013699,Prevalence,6.46640873765573e-07
NbyGQVwzFc_loc12_loop6,12,ITN 0%/IRS 0%/Larvicide 0%,0;0.4;0.4_0;0;0_0;0;0_-100;2;5475_-100;2;5475_-100;2;5475,16.1397260273973,Prevalence,6.48787371275886e-07
NbyGQVwzFc_loc12_loop6,12,ITN 0%/IRS 0%/Larvicide 0%,0;0.4;0.4_0;0;0_0;0;0_-100;2;5475_-100;2;5475_-100;2;5475,16.1424657534247,Prevalence,6.50942204431233e-07
NbyGQVwzFc_loc12_loop6,12,ITN 0%/IRS 0%/Larvicide 0%,0;0.4;0.4_0;0;0_0;0;0_-100;2;5475_-100;2;5475_-100;2;5475,16.1452054794521,Prevalence,6.53105406825377e-07
NbyGQVwzFc_loc12_loop6,12,ITN 0%/IRS 0%/Larvicide 0%,0;0.4;0.4_0;0;0_0;0;0_-100;2;5475_-100;2;5475_-100;2;5475,16.1479452054795,Prevalence,6.55277012208105e-07
NbyGQVwzFc_loc12_loop6,12,ITN 0%/IRS 0%/Larvicide 0%,0;0.4;0.4_0;0;0_0;0;0_-100;2;5475_-100;2;5475_-100;2;5475,16.1506849315069,Prevalence,6.57457054485911e-07
NbyGQVwzFc_loc12_loop6,12,ITN 0%/IRS 0%/Larvicide 0%,0;0.4;0.4_0;0;0_0;0;0_-100;2;5475_-100;2;5475_-100;2;5475,16.1534246575342,Prevalence,6.59645567722661e-07
NbyGQVwzFc_loc12_loop6,12,ITN 0%/IRS 0%/Larvicide 0%,0;0.4;0.4_0;0;0_0;0;0_-100;2;5475_-100;2;5475_-100;2;5475,16.1561643835616,Prevalence,6.61842586140278e-07
NbyGQVwzFc_loc12_loop6,12,ITN 0%/IRS 0%/Larvicide 0%,0;0.4;0.4_0;0;0_0;0;0_-100;2;5475_-100;2;5475_-100;2;5475,16.158904109589,Prevalence,6.64048144119431e-07
NbyGQVwzFc_loc12_loop6,12,ITN 0%/IRS 0%/Larvicide 0%,0;0.4;0.4_0;0;0_0;0;0_-100;2;5475_-100;2;5475_-100;2;5475,16.1616438356164,Prevalence,6.66262276200217e-07
NbyGQVwzFc_loc12_loop6,12,ITN 0%/IRS 0%/Larvicide 0%,0;0.4;0.4_0;0;0_0;0;0_-100;2;5475_-100;2;5475_-100;2;5475,16.1643835616438,Prevalence,6.68485017082854e-07
NbyGQVwzFc_loc12_loop6,12,ITN 0%/IRS 0%/Larvicide 0%,0;0.4;0.4_0;0;0_0;0;0_-100;2;5475_-100;2;5475_-100;2;5475,16.1671232876712,Prevalence,6.70716401628373e-07
NbyGQVwzFc_loc12_loop6,12,ITN 0%/IRS 0%/Larvicide 0%,0;0.4;0.4_0;0;0_0;0;0_-100;2;5475_-100;2;5475_-100;2;5475,16.1698630136986,Prevalence,6.72956464859328e-07
NbyGQVwzFc_loc12_loop6,12,ITN 0%/IRS 0%/Larvicide 0%,0;0.4;0.4_0;0;0_0;0;0_-100;2;5475_-100;2;5475_-100;2;5475,16.172602739726,Prevalence,6.7520524196054e-07
NbyGQVwzFc_loc12_loop6,12,ITN 0%/IRS 0%/Larvicide 0%,0;0.4;0.4_0;0;0_0;0;0_-100;2;5475_-100;2;5475_-100;2;5475,16.1753424657534,Prevalence,6.77462768279742e-07
NbyGQVwzFc_loc12_loop6,12,ITN 0%/IRS 0%/Larvicide 0%,0;0.4;0.4_0;0;0_0;0;0_-100;2;5475_-100;2;5475_-100;2;5475,16.1780821917808,Prevalence,6.79729079328293e-07
NbyGQVwzFc_loc12_loop6,12,ITN 0%/IRS 0%/Larvicide 0%,0;0.4;0.4_0;0;0_0;0;0_-100;2;5475_-100;2;5475_-100;2;5475,16.1808219178082,Prevalence,6.820042107819e-07
NbyGQVwzFc_loc12_loop6,12,ITN 0%/IRS 0%/Larvicide 0%,0;0.4;0.4_0;0;0_0;0;0_-100;2;5475_-100;2;5475_-100;2;5475,16.1835616438356,Prevalence,6.84288198481334e-07
NbyGQVwzFc_loc12_loop6,12,ITN 0%/IRS 0%/Larvicide 0%,0;0.4;0.4_0;0;0_0;0;0_-100;2;5475_-100;2;5475_-100;2;5475,16.186301369863,Prevalence,6.86581078433152e-07
NbyGQVwzFc_loc12_loop6,12,ITN 0%/IRS 0%/Larvicide 0%,0;0.4;0.4_0;0;0_0;0;0_-100;2;5475_-100;2;5475_-100;2;5475,16.1890410958904,Prevalence,6.88882886810416e-07
NbyGQVwzFc_loc12_loop6,12,ITN 0%/IRS 0%/Larvicide 0%,0;0.4;0.4_0;0;0_0;0;0_-100;2;5475_-100;2;5475_-100;2;5475,16.1917808219178,Prevalence,6.9119365995343e-07
NbyGQVwzFc_loc12_loop6,12,ITN 0%/IRS 0%/Larvicide 0%,0;0.4;0.4_0;0;0_0;0;0_-100;2;5475_-100;2;5475_-100;2;5475,16.1945205479452,Prevalence,6.93513434370463e-07
NbyGQVwzFc_loc12_loop6,12,ITN 0%/IRS 0%/Larvicide 0%,0;0.4;0.4_0;0;0_0;0;0_-100;2;5475_-100;2;5475_-100;2;5475,16.1972602739726,Prevalence,6.95842246738498e-07
NbyGQVwzFc_loc12_loop6,12,ITN 0%/IRS 0%/Larvicide 0%,0;0.4;0.4_0;0;0_0;0;0_-100;2;5475_-100;2;5475_-100;2;5475,16.2,Prevalence,6.98180133903958e-07
NbyGQVwzFc_loc12_loop6,12,ITN 0%/IRS 0%/Larvicide 0%,0;0.4;0.4_0;0;0_0;0;0_-100;2;5475_-100;2;5475_-100;2;5475,16.2027397260274,Prevalence,7.00527132883465e-07
NbyGQVwzFc_loc12_loop6,12,ITN 0%/IRS 0%/Larvicide 0%,0;0.4;0.4_0;0;0_0;0;0_-100;2;5475_-100;2;5475_-100;2;5475,16.2054794520548,Prevalence,7.02883280864575e-07
NbyGQVwzFc_loc12_loop6,12,ITN 0%/IRS 0%/Larvicide 0%,0;0.4;0.4_0;0;0_0;0;0_-100;2;5475_-100;2;5475_-100;2;5475,16.2082191780822,Prevalence,7.05248615206535e-07
NbyGQVwzFc_loc12_loop6,12,ITN 0%/IRS 0%/Larvicide 0%,0;0.4;0.4_0;0;0_0;0;0_-100;2;5475_-100;2;5475_-100;2;5475,16.2109589041096,Prevalence,7.07623173441044e-07
NbyGQVwzFc_loc12_loop6,12,ITN 0%/IRS 0%/Larvicide 0%,0;0.4;0.4_0;0;0_0;0;0_-100;2;5475_-100;2;5475_-100;2;5475,16.213698630137,Prevalence,7.10006993273003e-07
NbyGQVwzFc_loc12_loop6,12,ITN 0%/IRS 0%/Larvicide 0%,0;0.4;0.4_0;0;0_0;0;0_-100;2;5475_-100;2;5475_-100;2;5475,16.2164383561644,Prevalence,7.12400112581282e-07
NbyGQVwzFc_loc12_loop6,12,ITN 0%/IRS 0%/Larvicide 0%,0;0.4;0.4_0;0;0_0;0;0_-100;2;5475_-100;2;5475_-100;2;5475,16.2191780821918,Prevalence,7.14802569419498e-07
NbyGQVwzFc_loc12_loop6,12,ITN 0%/IRS 0%/Larvicide 0%,0;0.4;0.4_0;0;0_0;0;0_-100;2;5475_-100;2;5475_-100;2;5475,16.2219178082192,Prevalence,7.17214402016772e-07
NbyGQVwzFc_loc12_loop6,12,ITN 0%/IRS 0%/Larvicide 0%,0;0.4;0.4_0;0;0_0;0;0_-100;2;5475_-100;2;5475_-100;2;5475,16.2246575342466,Prevalence,7.1963564877851e-07
NbyGQVwzFc_loc12_loop6,12,ITN 0%/IRS 0%/Larvicide 0%,0;0.4;0.4_0;0;0_0;0;0_-100;2;5475_-100;2;5475_-100;2;5475,16.227397260274,Prevalence,7.22066348287192e-07
NbyGQVwzFc_loc12_loop6,12,ITN 0%/IRS 0%/Larvicide 0%,0;0.4;0.4_0;0;0_0;0;0_-100;2;5475_-100;2;5475_-100;2;5475,16.2301369863014,Prevalence,7.24506539303139e-07
NbyGQVwzFc_loc12_loop6,12,ITN 0%/IRS 0%/Larvicide 0%,0;0.4;0.4_0;0;0_0;0;0_-100;2;5475_-100;2;5475_-100;2;5475,16.2328767123288,Prevalence,7.26956260765332e-07
NbyGQVwzFc_loc12_loop6,12,ITN 0%/IRS 0%/Larvicide 0%,0;0.4;0.4_0;0;0_0;0;0_-100;2;5475_-100;2;5475_-100;2;5475,16.2356164383562,Prevalence,7.29415551792229e-07
NbyGQVwzFc_loc12_loop6,12,ITN 0%/IRS 0%/Larvicide 0%,0;0.4;0.4_0;0;0_0;0;0_-100;2;5475_-100;2;5475_-100;2;5475,16.2383561643836,Prevalence,7.31884451682497e-07
NbyGQVwzFc_loc12_loop6,12,ITN 0%/IRS 0%/Larvicide 0%,0;0.4;0.4_0;0;0_0;0;0_-100;2;5475_-100;2;5475_-100;2;5475,16.241095890411,Prevalence,7.34362999915822e-07
NbyGQVwzFc_loc12_loop6,12,ITN 0%/IRS 0%/Larvicide 0%,0;0.4;0.4_0;0;0_0;0;0_-100;2;5475_-100;2;5475_-100;2;5475,16.2438356164384,Prevalence,7.36851236153719e-07
NbyGQVwzFc_loc12_loop6,12,ITN 0%/IRS 0%/Larvicide 0%,0;0.4;0.4_0;0;0_0;0;0_-100;2;5475_-100;2;5475_-100;2;5475,16.2465753424658,Prevalence,7.39349200240353e-07
NbyGQVwzFc_loc12_loop6,12,ITN 0%/IRS 0%/Larvicide 0%,0;0.4;0.4_0;0;0_0;0;0_-100;2;5475_-100;2;5475_-100;2;5475,16.2493150684932,Prevalence,7.41856932203334e-07
NbyGQVwzFc_loc12_loop6,12,ITN 0%/IRS 0%/Larvicide 0%,0;0.4;0.4_0;0;0_0;0;0_-100;2;5475_-100;2;5475_-100;2;5475,16.2520547945205,Prevalence,7.44374472254545e-07
NbyGQVwzFc_loc12_loop6,12,ITN 0%/IRS 0%/Larvicide 0%,0;0.4;0.4_0;0;0_0;0;0_-100;2;5475_-100;2;5475_-100;2;5475,16.2547945205479,Prevalence,7.46901860790958e-07
NbyGQVwzFc_loc12_loop6,12,ITN 0%/IRS 0%/Larvicide 0%,0;0.4;0.4_0;0;0_0;0;0_-100;2;5475_-100;2;5475_-100;2;5475,16.2575342465753,Prevalence,7.49439138395465e-07
NbyGQVwzFc_loc12_loop6,12,ITN 0%/IRS 0%/Larvicide 0%,0;0.4;0.4_0;0;0_0;0;0_-100;2;5475_-100;2;5475_-100;2;5475,16.2602739726027,Prevalence,7.51986345837705e-07
NbyGQVwzFc_loc12_loop6,12,ITN 0%/IRS 0%/Larvicide 0%,0;0.4;0.4_0;0;0_0;0;0_-100;2;5475_-100;2;5475_-100;2;5475,16.2630136986301,Prevalence,7.54543524074898e-07
NbyGQVwzFc_loc12_loop6,12,ITN 0%/IRS 0%/Larvicide 0%,0;0.4;0.4_0;0;0_0;0;0_-100;2;5475_-100;2;5475_-100;2;5475,16.2657534246575,Prevalence,7.57110714252683e-07
NbyGQVwzFc_loc12_loop6,12,ITN 0%/IRS 0%/Larvicide 0%,0;0.4;0.4_0;0;0_0;0;0_-100;2;5475_-100;2;5475_-100;2;5475,16.2684931506849,Prevalence,7.59687957705958e-07
NbyGQVwzFc_loc12_loop6,12,ITN 0%/IRS 0%/Larvicide 0%,0;0.4;0.4_0;0;0_0;0;0_-100;2;5475_-100;2;5475_-100;2;5475,16.2712328767123,Prevalence,7.62275295959735e-07
NbyGQVwzFc_loc12_loop6,12,ITN 0%/IRS 0%/Larvicide 0%,0;0.4;0.4_0;0;0_0;0;0_-100;2;5475_-100;2;5475_-100;2;5475,16.2739726027397,Prevalence,7.64872770729988e-07
NbyGQVwzFc_loc12_loop6,12,ITN 0%/IRS 0%/Larvicide 0%,0;0.4;0.4_0;0;0_0;0;0_-100;2;5475_-100;2;5475_-100;2;5475,16.2767123287671,Prevalence,7.67480423924505e-07
NbyGQVwzFc_loc12_loop6,12,ITN 0%/IRS 0%/Larvicide 0%,0;0.4;0.4_0;0;0_0;0;0_-100;2;5475_-100;2;5475_-100;2;5475,16.2794520547945,Prevalence,7.70098297643751e-07
NbyGQVwzFc_loc12_loop6,12,ITN 0%/IRS 0%/Larvicide 0%,0;0.4;0.4_0;0;0_0;0;0_-100;2;5475_-100;2;5475_-100;2;5475,16.2821917808219,Prevalence,7.72726434181738e-07
NbyGQVwzFc_loc12_loop6,12,ITN 0%/IRS 0%/Larvicide 0%,0;0.4;0.4_0;0;0_0;0;0_-100;2;5475_-100;2;5475_-100;2;5475,16.2849315068493,Prevalence,7.75364876026883e-07
NbyGQVwzFc_loc12_loop6,12,ITN 0%/IRS 0%/Larvicide 0%,0;0.4;0.4_0;0;0_0;0;0_-100;2;5475_-100;2;5475_-100;2;5475,16.2876712328767,Prevalence,7.78013665862891e-07
NbyGQVwzFc_loc12_loop6,12,ITN 0%/IRS 0%/Larvicide 0%,0;0.4;0.4_0;0;0_0;0;0_-100;2;5475_-100;2;5475_-100;2;5475,16.2904109589041,Prevalence,7.80672846569631e-07
NbyGQVwzFc_loc12_loop6,12,ITN 0%/IRS 0%/Larvicide 0%,0;0.4;0.4_0;0;0_0;0;0_-100;2;5475_-100;2;5475_-100;2;5475,16.2931506849315,Prevalence,7.83342461224016e-07
NbyGQVwzFc_loc12_loop6,12,ITN 0%/IRS 0%/Larvicide 0%,0;0.4;0.4_0;0;0_0;0;0_-100;2;5475_-100;2;5475_-100;2;5475,16.2958904109589,Prevalence,7.86022553100897e-07
NbyGQVwzFc_loc12_loop6,12,ITN 0%/IRS 0%/Larvicide 0%,0;0.4;0.4_0;0;0_0;0;0_-100;2;5475_-100;2;5475_-100;2;5475,16.2986301369863,Prevalence,7.88713165674e-07
NbyGQVwzFc_loc12_loop6,12,ITN 0%/IRS 0%/Larvicide 0%,0;0.4;0.4_0;0;0_0;0;0_-100;2;5475_-100;2;5475_-100;2;5475,16.3013698630137,Prevalence,7.91414342616776e-07
NbyGQVwzFc_loc12_loop6,12,ITN 0%/IRS 0%/Larvicide 0%,0;0.4;0.4_0;0;0_0;0;0_-100;2;5475_-100;2;5475_-100;2;5475,16.3041095890411,Prevalence,7.94126127803275e-07
NbyGQVwzFc_loc12_loop6,12,ITN 0%/IRS 0%/Larvicide 0%,0;0.4;0.4_0;0;0_0;0;0_-100;2;5475_-100;2;5475_-100;2;5475,16.3068493150685,Prevalence,7.96848565309083e-07
NbyGQVwzFc_loc12_loop6,12,ITN 0%/IRS 0%/Larvicide 0%,0;0.4;0.4_0;0;0_0;0;0_-100;2;5475_-100;2;5475_-100;2;5475,16.3095890410959,Prevalence,7.99581699412213e-07
NbyGQVwzFc_loc12_loop6,12,ITN 0%/IRS 0%/Larvicide 0%,0;0.4;0.4_0;0;0_0;0;0_-100;2;5475_-100;2;5475_-100;2;5475,16.3123287671233,Prevalence,8.02325574594039e-07
NbyGQVwzFc_loc12_loop6,12,ITN 0%/IRS 0%/Larvicide 0%,0;0.4;0.4_0;0;0_0;0;0_-100;2;5475_-100;2;5475_-100;2;5475,16.3150684931507,Prevalence,8.05080235540199e-07
NbyGQVwzFc_loc12_loop6,12,ITN 0%/IRS 0%/Larvicide 0%,0;0.4;0.4_0;0;0_0;0;0_-100;2;5475_-100;2;5475_-100;2;5475,16.3178082191781,Prevalence,8.07845727141538e-07
NbyGQVwzFc_loc12_loop6,12,ITN 0%/IRS 0%/Larvicide 0%,0;0.4;0.4_0;0;0_0;0;0_-100;2;5475_-100;2;5475_-100;2;5475,16.3205479452055,Prevalence,8.10622094495017e-07
NbyGQVwzFc_loc12_loop6,12,ITN 0%/IRS 0%/Larvicide 0%,0;0.4;0.4_0;0;0_0;0;0_-100;2;5475_-100;2;5475_-100;2;5475,16.3232876712329,Prevalence,8.1340938290466e-07
NbyGQVwzFc_loc12_loop6,12,ITN 0%/IRS 0%/Larvicide 0%,0;0.4;0.4_0;0;0_0;0;0_-100;2;5475_-100;2;5475_-100;2;5475,16.3260273972603,Prevalence,8.1620763788249e-07
NbyGQVwzFc_loc12_loop6,12,ITN 0%/IRS 0%/Larvicide 0%,0;0.4;0.4_0;0;0_0;0;0_-100;2;5475_-100;2;5475_-100;2;5475,16.3287671232877,Prevalence,8.19016905149468e-07
NbyGQVwzFc_loc12_loop6,12,ITN 0%/IRS 0%/Larvicide 0%,0;0.4;0.4_0;0;0_0;0;0_-100;2;5475_-100;2;5475_-100;2;5475,16.3315068493151,Prevalence,8.21837230636445e-07
NbyGQVwzFc_loc12_loop6,12,ITN 0%/IRS 0%/Larvicide 0%,0;0.4;0.4_0;0;0_0;0;0_-100;2;5475_-100;2;5475_-100;2;5475,16.3342465753425,Prevalence,8.24668660485115e-07
NbyGQVwzFc_loc12_loop6,12,ITN 0%/IRS 0%/Larvicide 0%,0;0.4;0.4_0;0;0_0;0;0_-100;2;5475_-100;2;5475_-100;2;5475,16.3369863013699,Prevalence,8.27511241048969e-07
NbyGQVwzFc_loc12_loop6,12,ITN 0%/IRS 0%/Larvicide 0%,0;0.4;0.4_0;0;0_0;0;0_-100;2;5475_-100;2;5475_-100;2;5475,16.3397260273973,Prevalence,8.30365018894262e-07
NbyGQVwzFc_loc12_loop6,12,ITN 0%/IRS 0%/Larvicide 0%,0;0.4;0.4_0;0;0_0;0;0_-100;2;5475_-100;2;5475_-100;2;5475,16.3424657534247,Prevalence,8.33230040800982e-07
NbyGQVwzFc_loc12_loop6,12,ITN 0%/IRS 0%/Larvicide 0%,0;0.4;0.4_0;0;0_0;0;0_-100;2;5475_-100;2;5475_-100;2;5475,16.3452054794521,Prevalence,8.36106353763816e-07
NbyGQVwzFc_loc12_loop6,12,ITN 0%/IRS 0%/Larvicide 0%,0;0.4;0.4_0;0;0_0;0;0_-100;2;5475_-100;2;5475_-100;2;5475,16.3479452054795,Prevalence,8.38994004993131e-07
NbyGQVwzFc_loc12_loop6,12,ITN 0%/IRS 0%/Larvicide 0%,0;0.4;0.4_0;0;0_0;0;0_-100;2;5475_-100;2;5475_-100;2;5475,16.3506849315069,Prevalence,8.41893041915963e-07
NbyGQVwzFc_loc12_loop6,12,ITN 0%/IRS 0%/Larvicide 0%,0;0.4;0.4_0;0;0_0;0;0_-100;2;5475_-100;2;5475_-100;2;5475,16.3534246575342,Prevalence,8.44803512176987e-07
NbyGQVwzFc_loc12_loop6,12,ITN 0%/IRS 0%/Larvicide 0%,0;0.4;0.4_0;0;0_0;0;0_-100;2;5475_-100;2;5475_-100;2;5475,16.3561643835616,Prevalence,8.47725463639534e-07
NbyGQVwzFc_loc12_loop6,12,ITN 0%/IRS 0%/Larvicide 0%,0;0.4;0.4_0;0;0_0;0;0_-100;2;5475_-100;2;5475_-100;2;5475,16.358904109589,Prevalence,8.50658944386565e-07
NbyGQVwzFc_loc12_loop6,12,ITN 0%/IRS 0%/Larvicide 0%,0;0.4;0.4_0;0;0_0;0;0_-100;2;5475_-100;2;5475_-100;2;5475,16.3616438356164,Prevalence,8.53604002721687e-07
NbyGQVwzFc_loc12_loop6,12,ITN 0%/IRS 0%/Larvicide 0%,0;0.4;0.4_0;0;0_0;0;0_-100;2;5475_-100;2;5475_-100;2;5475,16.3643835616438,Prevalence,8.56560687170203e-07
NbyGQVwzFc_loc12_loop6,12,ITN 0%/IRS 0%/Larvicide 0%,0;0.4;0.4_0;0;0_0;0;0_-100;2;5475_-100;2;5475_-100;2;5475,16.3671232876712,Prevalence,8.59529046480109e-07
NbyGQVwzFc_loc12_loop6,12,ITN 0%/IRS 0%/Larvicide 0%,0;0.4;0.4_0;0;0_0;0;0_-100;2;5475_-100;2;5475_-100;2;5475,16.3698630136986,Prevalence,8.62509129623037e-07
NbyGQVwzFc_loc12_loop6,12,ITN 0%/IRS 0%/Larvicide 0%,0;0.4;0.4_0;0;0_0;0;0_-100;2;5475_-100;2;5475_-100;2;5475,16.372602739726,Prevalence,8.65500985795327e-07
NbyGQVwzFc_loc12_loop6,12,ITN 0%/IRS 0%/Larvicide 0%,0;0.4;0.4_0;0;0_0;0;0_-100;2;5475_-100;2;5475_-100;2;5475,16.3753424657534,Prevalence,8.68504664419051e-07
NbyGQVwzFc_loc12_loop6,12,ITN 0%/IRS 0%/Larvicide 0%,0;0.4;0.4_0;0;0_0;0;0_-100;2;5475_-100;2;5475_-100;2;5475,16.3780821917808,Prevalence,8.71520215143051e-07
NbyGQVwzFc_loc12_loop6,12,ITN 0%/IRS 0%/Larvicide 0%,0;0.4;0.4_0;0;0_0;0;0_-100;2;5475_-100;2;5475_-100;2;5475,16.3808219178082,Prevalence,8.74547687843965e-07
NbyGQVwzFc_loc12_loop6,12,ITN 0%/IRS 0%/Larvicide 0%,0;0.4;0.4_0;0;0_0;0;0_-100;2;5475_-100;2;5475_-100;2;5475,16.3835616438356,Prevalence,8.77587132627293e-07
NbyGQVwzFc_loc12_loop6,12,ITN 0%/IRS 0%/Larvicide 0%,0;0.4;0.4_0;0;0_0;0;0_-100;2;5475_-100;2;5475_-100;2;5475,16.386301369863,Prevalence,8.80638599828425e-07
NbyGQVwzFc_loc12_loop6,12,ITN 0%/IRS 0%/Larvicide 0%,0;0.4;0.4_0;0;0_0;0;0_-100;2;5475_-100;2;5475_-100;2;5475,16.3890410958904,Prevalence,8.83702140013703e-07
NbyGQVwzFc_loc12_loop6,12,ITN 0%/IRS 0%/Larvicide 0%,0;0.4;0.4_0;0;0_0;0;0_-100;2;5475_-100;2;5475_-100;2;5475,16.3917808219178,Prevalence,8.86777803981486e-07
NbyGQVwzFc_loc12_loop6,12,ITN 0%/IRS 0%/Larvicide 0%,0;0.4;0.4_0;0;0_0;0;0_-100;2;5475_-100;2;5475_-100;2;5475,16.3945205479452,Prevalence,8.8986564276321e-07
NbyGQVwzFc_loc12_loop6,12,ITN 0%/IRS 0%/Larvicide 0%,0;0.4;0.4_0;0;0_0;0;0_-100;2;5475_-100;2;5475_-100;2;5475,16.3972602739726,Prevalence,8.92965707624463e-07
NbyGQVwzFc_loc12_loop6,12,ITN 0%/IRS 0%/Larvicide 0%,0;0.4;0.4_0;0;0_0;0;0_-100;2;5475_-100;2;5475_-100;2;5475,16.4,Prevalence,8.96078050066054e-07
NbyGQVwzFc_loc12_loop6,12,ITN 0%/IRS 0%/Larvicide 0%,0;0.4;0.4_0;0;0_0;0;0_-100;2;5475_-100;2;5475_-100;2;5475,16.4027397260274,Prevalence,8.99202721825103e-07
NbyGQVwzFc_loc12_loop6,12,ITN 0%/IRS 0%/Larvicide 0%,0;0.4;0.4_0;0;0_0;0;0_-100;2;5475_-100;2;5475_-100;2;5475,16.4054794520548,Prevalence,9.02339774876124e-07
NbyGQVwzFc_loc12_loop6,12,ITN 0%/IRS 0%/Larvicide 0%,0;0.4;0.4_0;0;0_0;0;0_-100;2;5475_-100;2;5475_-100;2;5475,16.4082191780822,Prevalence,9.05489261432118e-07
NbyGQVwzFc_loc12_loop6,12,ITN 0%/IRS 0%/Larvicide 0%,0;0.4;0.4_0;0;0_0;0;0_-100;2;5475_-100;2;5475_-100;2;5475,16.4109589041096,Prevalence,9.08651233945672e-07
NbyGQVwzFc_loc12_loop6,12,ITN 0%/IRS 0%/Larvicide 0%,0;0.4;0.4_0;0;0_0;0;0_-100;2;5475_-100;2;5475_-100;2;5475,16.413698630137,Prevalence,9.11825745110062e-07
NbyGQVwzFc_loc12_loop6,12,ITN 0%/IRS 0%/Larvicide 0%,0;0.4;0.4_0;0;0_0;0;0_-100;2;5475_-100;2;5475_-100;2;5475,16.4164383561644,Prevalence,9.15012847860364e-07
NbyGQVwzFc_loc12_loop6,12,ITN 0%/IRS 0%/Larvicide 0%,0;0.4;0.4_0;0;0_0;0;0_-100;2;5475_-100;2;5475_-100;2;5475,16.4191780821918,Prevalence,9.18212595374561e-07
NbyGQVwzFc_loc12_loop6,12,ITN 0%/IRS 0%/Larvicide 0%,0;0.4;0.4_0;0;0_0;0;0_-100;2;5475_-100;2;5475_-100;2;5475,16.4219178082192,Prevalence,9.21425041074679e-07
NbyGQVwzFc_loc12_loop6,12,ITN 0%/IRS 0%/Larvicide 0%,0;0.4;0.4_0;0;0_0;0;0_-100;2;5475_-100;2;5475_-100;2;5475,16.4246575342466,Prevalence,9.24650238627899e-07
NbyGQVwzFc_loc12_loop6,12,ITN 0%/IRS 0%/Larvicide 0%,0;0.4;0.4_0;0;0_0;0;0_-100;2;5475_-100;2;5475_-100;2;5475,16.427397260274,Prevalence,9.27888241947698e-07
NbyGQVwzFc_loc12_loop6,12,ITN 0%/IRS 0%/Larvicide 0%,0;0.4;0.4_0;0;0_0;0;0_-100;2;5475_-100;2;5475_-100;2;5475,16.4301369863014,Prevalence,9.3113910519498e-07
NbyGQVwzFc_loc12_loop6,12,ITN 0%/IRS 0%/Larvicide 0%,0;0.4;0.4_0;0;0_0;0;0_-100;2;5475_-100;2;5475_-100;2;5475,16.4328767123288,Prevalence,9.34402882779287e-07
NbyGQVwzFc_loc12_loop6,12,ITN 0%/IRS 0%/Larvicide 0%,0;0.4;0.4_0;0;0_0;0;0_-100;2;5475_-100;2;5475_-100;2;5475,16.4356164383562,Prevalence,9.37679629359883e-07
NbyGQVwzFc_loc12_loop6,12,ITN 0%/IRS 0%/Larvicide 0%,0;0.4;0.4_0;0;0_0;0;0_-100;2;5475_-100;2;5475_-100;2;5475,16.4383561643836,Prevalence,9.40969399846872e-07
NbyGQVwzFc_loc12_loop6,12,ITN 0%/IRS 0%/Larvicide 0%,0;0.4;0.4_0;0;0_0;0;0_-100;2;5475_-100;2;5475_-100;2;5475,16.441095890411,Prevalence,9.442722494024e-07
NbyGQVwzFc_loc12_loop6,12,ITN 0%/IRS 0%/Larvicide 0%,0;0.4;0.4_0;0;0_0;0;0_-100;2;5475_-100;2;5475_-100;2;5475,16.4438356164384,Prevalence,9.47588233441811e-07
NbyGQVwzFc_loc12_loop6,12,ITN 0%/IRS 0%/Larvicide 0%,0;0.4;0.4_0;0;0_0;0;0_-100;2;5475_-100;2;5475_-100;2;5475,16.4465753424658,Prevalence,9.50917407634832e-07
NbyGQVwzFc_loc12_loop6,12,ITN 0%/IRS 0%/Larvicide 0%,0;0.4;0.4_0;0;0_0;0;0_-100;2;5475_-100;2;5475_-100;2;5475,16.4493150684932,Prevalence,9.54259827906742e-07
NbyGQVwzFc_loc12_loop6,12,ITN 0%/IRS 0%/Larvicide 0%,0;0.4;0.4_0;0;0_0;0;0_-100;2;5475_-100;2;5475_-100;2;5475,16.4520547945206,Prevalence,9.5761555043956e-07
NbyGQVwzFc_loc12_loop6,12,ITN 0%/IRS 0%/Larvicide 0%,0;0.4;0.4_0;0;0_0;0;0_-100;2;5475_-100;2;5475_-100;2;5475,16.4547945205479,Prevalence,9.60984631673238e-07
NbyGQVwzFc_loc12_loop6,12,ITN 0%/IRS 0%/Larvicide 0%,0;0.4;0.4_0;0;0_0;0;0_-100;2;5475_-100;2;5475_-100;2;5475,16.4575342465753,Prevalence,9.6436712830685e-07
NbyGQVwzFc_loc12_loop6,12,ITN 0%/IRS 0%/Larvicide 0%,0;0.4;0.4_0;0;0_0;0;0_-100;2;5475_-100;2;5475_-100;2;5475,16.4602739726027,Prevalence,9.677630972998e-07
NbyGQVwzFc_loc12_loop6,12,ITN 0%/IRS 0%/Larvicide 0%,0;0.4;0.4_0;0;0_0;0;0_-100;2;5475_-100;2;5475_-100;2;5475,16.4630136986301,Prevalence,9.71172595873032e-07
NbyGQVwzFc_loc12_loop6,12,ITN 0%/IRS 0%/Larvicide 0%,0;0.4;0.4_0;0;0_0;0;0_-100;2;5475_-100;2;5475_-100;2;5475,16.4657534246575,Prevalence,9.74595681510241e-07
NbyGQVwzFc_loc12_loop6,12,ITN 0%/IRS 0%/Larvicide 0%,0;0.4;0.4_0;0;0_0;0;0_-100;2;5475_-100;2;5475_-100;2;5475,16.4684931506849,Prevalence,9.78032411959087e-07
NbyGQVwzFc_loc12_loop6,12,ITN 0%/IRS 0%/Larvicide 0%,0;0.4;0.4_0;0;0_0;0;0_-100;2;5475_-100;2;5475_-100;2;5475,16.4712328767123,Prevalence,9.81482845232437e-07
NbyGQVwzFc_loc12_loop6,12,ITN 0%/IRS 0%/Larvicide 0%,0;0.4;0.4_0;0;0_0;0;0_-100;2;5475_-100;2;5475_-100;2;5475,16.4739726027397,Prevalence,9.84947039609586e-07
NbyGQVwzFc_loc12_loop6,12,ITN 0%/IRS 0%/Larvicide 0%,0;0.4;0.4_0;0;0_0;0;0_-100;2;5475_-100;2;5475_-100;2;5475,16.4767123287671,Prevalence,9.88425053637508e-07
NbyGQVwzFc_loc12_loop6,12,ITN 0%/IRS 0%/Larvicide 0%,0;0.4;0.4_0;0;0_0;0;0_-100;2;5475_-100;2;5475_-100;2;5475,16.4794520547945,Prevalence,9.91916946132083e-07
NbyGQVwzFc_loc12_loop6,12,ITN 0%/IRS 0%/Larvicide 0%,0;0.4;0.4_0;0;0_0;0;0_-100;2;5475_-100;2;5475_-100;2;5475,16.4821917808219,Prevalence,9.95422776179368e-07
NbyGQVwzFc_loc12_loop6,12,ITN 0%/IRS 0%/Larvicide 0%,0;0.4;0.4_0;0;0_0;0;0_-100;2;5475_-100;2;5475_-100;2;5475,16.4849315068493,Prevalence,9.98942603136839e-07
NbyGQVwzFc_loc12_loop6,12,ITN 0%/IRS 0%/Larvicide 0%,0;0.4;0.4_0;0;0_0;0;0_-100;2;5475_-100;2;5475_-100;2;5475,16.4876712328767,Prevalence,1.00247648663467e-06
NbyGQVwzFc_loc12_loop6,12,ITN 0%/IRS 0%/Larvicide 0%,0;0.4;0.4_0;0;0_0;0;0_-100;2;5475_-100;2;5475_-100;2;5475,16.4904109589041,Prevalence,1.00602448657699e-06
NbyGQVwzFc_loc12_loop6,12,ITN 0%/IRS 0%/Larvicide 0%,0;0.4;0.4_0;0;0_0;0;0_-100;2;5475_-100;2;5475_-100;2;5475,16.4931506849315,Prevalence,1.00958666314317e-06
NbyGQVwzFc_loc12_loop6,12,ITN 0%/IRS 0%/Larvicide 0%,0;0.4;0.4_0;0;0_0;0;0_-100;2;5475_-100;2;5475_-100;2;5475,16.4958904109589,Prevalence,1.0131630767891e-06
NbyGQVwzFc_loc12_loop6,12,ITN 0%/IRS 0%/Larvicide 0%,0;0.4;0.4_0;0;0_0;0;0_-100;2;5475_-100;2;5475_-100;2;5475,16.4986301369863,Prevalence,1.01675378824849e-06
NbyGQVwzFc_loc12_loop6,12,ITN 0%/IRS 0%/Larvicide 0%,0;0.4;0.4_0;0;0_0;0;0_-100;2;5475_-100;2;5475_-100;2;5475,16.5013698630137,Prevalence,1.02035885853415e-06
NbyGQVwzFc_loc12_loop6,12,ITN 0%/IRS 0%/Larvicide 0%,0;0.4;0.4_0;0;0_0;0;0_-100;2;5475_-100;2;5475_-100;2;5475,16.5041095890411,Prevalence,1.02397834893941e-06
NbyGQVwzFc_loc12_loop6,12,ITN 0%/IRS 0%/Larvicide 0%,0;0.4;0.4_0;0;0_0;0;0_-100;2;5475_-100;2;5475_-100;2;5475,16.5068493150685,Prevalence,1.02761232103924e-06
NbyGQVwzFc_loc12_loop6,12,ITN 0%/IRS 0%/Larvicide 0%,0;0.4;0.4_0;0;0_0;0;0_-100;2;5475_-100;2;5475_-100;2;5475,16.5095890410959,Prevalence,1.03126083669164e-06
NbyGQVwzFc_loc12_loop6,12,ITN 0%/IRS 0%/Larvicide 0%,0;0.4;0.4_0;0;0_0;0;0_-100;2;5475_-100;2;5475_-100;2;5475,16.5123287671233,Prevalence,1.03492395803898e-06
NbyGQVwzFc_loc12_loop6,12,ITN 0%/IRS 0%/Larvicide 0%,0;0.4;0.4_0;0;0_0;0;0_-100;2;5475_-100;2;5475_-100;2;5475,16.5150684931507,Prevalence,1.03860174750929e-06
NbyGQVwzFc_loc12_loop6,12,ITN 0%/IRS 0%/Larvicide 0%,0;0.4;0.4_0;0;0_0;0;0_-100;2;5475_-100;2;5475_-100;2;5475,16.5178082191781,Prevalence,1.04229426781766e-06
NbyGQVwzFc_loc12_loop6,12,ITN 0%/IRS 0%/Larvicide 0%,0;0.4;0.4_0;0;0_0;0;0_-100;2;5475_-100;2;5475_-100;2;5475,16.5205479452055,Prevalence,1.04600158196752e-06
NbyGQVwzFc_loc12_loop6,12,ITN 0%/IRS 0%/Larvicide 0%,0;0.4;0.4_0;0;0_0;0;0_-100;2;5475_-100;2;5475_-100;2;5475,16.5232876712329,Prevalence,1.04972375325203e-06
NbyGQVwzFc_loc12_loop6,12,ITN 0%/IRS 0%/Larvicide 0%,0;0.4;0.4_0;0;0_0;0;0_-100;2;5475_-100;2;5475_-100;2;5475,16.5260273972603,Prevalence,1.0534608452554e-06
NbyGQVwzFc_loc12_loop6,12,ITN 0%/IRS 0%/Larvicide 0%,0;0.4;0.4_0;0;0_0;0;0_-100;2;5475_-100;2;5475_-100;2;5475,16.5287671232877,Prevalence,1.0572129218543e-06
NbyGQVwzFc_loc12_loop6,12,ITN 0%/IRS 0%/Larvicide 0%,0;0.4;0.4_0;0;0_0;0;0_-100;2;5475_-100;2;5475_-100;2;5475,16.5315068493151,Prevalence,1.0609800472192e-06
NbyGQVwzFc_loc12_loop6,12,ITN 0%/IRS 0%/Larvicide 0%,0;0.4;0.4_0;0;0_0;0;0_-100;2;5475_-100;2;5475_-100;2;5475,16.5342465753425,Prevalence,1.06476228581574e-06
NbyGQVwzFc_loc12_loop6,12,ITN 0%/IRS 0%/Larvicide 0%,0;0.4;0.4_0;0;0_0;0;0_-100;2;5475_-100;2;5475_-100;2;5475,16.5369863013699,Prevalence,1.06855970240614e-06
NbyGQVwzFc_loc12_loop6,12,ITN 0%/IRS 0%/Larvicide 0%,0;0.4;0.4_0;0;0_0;0;0_-100;2;5475_-100;2;5475_-100;2;5475,16.5397260273973,Prevalence,1.07237236205058e-06
NbyGQVwzFc_loc12_loop6,12,ITN 0%/IRS 0%/Larvicide 0%,0;0.4;0.4_0;0;0_0;0;0_-100;2;5475_-100;2;5475_-100;2;5475,16.5424657534247,Prevalence,1.07620033010856e-06
NbyGQVwzFc_loc12_loop6,12,ITN 0%/IRS 0%/Larvicide 0%,0;0.4;0.4_0;0;0_0;0;0_-100;2;5475_-100;2;5475_-100;2;5475,16.5452054794521,Prevalence,1.08004367224038e-06
NbyGQVwzFc_loc12_loop6,12,ITN 0%/IRS 0%/Larvicide 0%,0;0.4;0.4_0;0;0_0;0;0_-100;2;5475_-100;2;5475_-100;2;5475,16.5479452054795,Prevalence,1.08390245440848e-06
NbyGQVwzFc_loc12_loop6,12,ITN 0%/IRS 0%/Larvicide 0%,0;0.4;0.4_0;0;0_0;0;0_-100;2;5475_-100;2;5475_-100;2;5475,16.5506849315069,Prevalence,1.0877767428789e-06
NbyGQVwzFc_loc12_loop6,12,ITN 0%/IRS 0%/Larvicide 0%,0;0.4;0.4_0;0;0_0;0;0_-100;2;5475_-100;2;5475_-100;2;5475,16.5534246575342,Prevalence,1.09166660422271e-06
NbyGQVwzFc_loc12_loop6,12,ITN 0%/IRS 0%/Larvicide 0%,0;0.4;0.4_0;0;0_0;0;0_-100;2;5475_-100;2;5475_-100;2;5475,16.5561643835616,Prevalence,1.09557210531739e-06
NbyGQVwzFc_loc12_loop6,12,ITN 0%/IRS 0%/Larvicide 0%,0;0.4;0.4_0;0;0_0;0;0_-100;2;5475_-100;2;5475_-100;2;5475,16.558904109589,Prevalence,1.09949331334835e-06
NbyGQVwzFc_loc12_loop6,12,ITN 0%/IRS 0%/Larvicide 0%,0;0.4;0.4_0;0;0_0;0;0_-100;2;5475_-100;2;5475_-100;2;5475,16.5616438356164,Prevalence,1.10343029581029e-06
NbyGQVwzFc_loc12_loop6,12,ITN 0%/IRS 0%/Larvicide 0%,0;0.4;0.4_0;0;0_0;0;0_-100;2;5475_-100;2;5475_-100;2;5475,16.5643835616438,Prevalence,1.10738312050875e-06
NbyGQVwzFc_loc12_loop6,12,ITN 0%/IRS 0%/Larvicide 0%,0;0.4;0.4_0;0;0_0;0;0_-100;2;5475_-100;2;5475_-100;2;5475,16.5671232876712,Prevalence,1.11135185556149e-06
NbyGQVwzFc_loc12_loop6,12,ITN 0%/IRS 0%/Larvicide 0%,0;0.4;0.4_0;0;0_0;0;0_-100;2;5475_-100;2;5475_-100;2;5475,16.5698630136986,Prevalence,1.11533656939998e-06
NbyGQVwzFc_loc12_loop6,12,ITN 0%/IRS 0%/Larvicide 0%,0;0.4;0.4_0;0;0_0;0;0_-100;2;5475_-100;2;5475_-100;2;5475,16.572602739726,Prevalence,1.11933733077093e-06
NbyGQVwzFc_loc12_loop6,12,ITN 0%/IRS 0%/Larvicide 0%,0;0.4;0.4_0;0;0_0;0;0_-100;2;5475_-100;2;5475_-100;2;5475,16.5753424657534,Prevalence,1.12335420873775e-06
NbyGQVwzFc_loc12_loop6,12,ITN 0%/IRS 0%/Larvicide 0%,0;0.4;0.4_0;0;0_0;0;0_-100;2;5475_-100;2;5475_-100;2;5475,16.5780821917808,Prevalence,1.12738727268205e-06
NbyGQVwzFc_loc12_loop6,12,ITN 0%/IRS 0%/Larvicide 0%,0;0.4;0.4_0;0;0_0;0;0_-100;2;5475_-100;2;5475_-100;2;5475,16.5808219178082,Prevalence,1.13143659230507e-06
NbyGQVwzFc_loc12_loop6,12,ITN 0%/IRS 0%/Larvicide 0%,0;0.4;0.4_0;0;0_0;0;0_-100;2;5475_-100;2;5475_-100;2;5475,16.5835616438356,Prevalence,1.1355022376292e-06
NbyGQVwzFc_loc12_loop6,12,ITN 0%/IRS 0%/Larvicide 0%,0;0.4;0.4_0;0;0_0;0;0_-100;2;5475_-100;2;5475_-100;2;5475,16.586301369863,Prevalence,1.13958427899954e-06
NbyGQVwzFc_loc12_loop6,12,ITN 0%/IRS 0%/Larvicide 0%,0;0.4;0.4_0;0;0_0;0;0_-100;2;5475_-100;2;5475_-100;2;5475,16.5890410958904,Prevalence,1.14368278708541e-06
NbyGQVwzFc_loc12_loop6,12,ITN 0%/IRS 0%/Larvicide 0%,0;0.4;0.4_0;0;0_0;0;0_-100;2;5475_-100;2;5475_-100;2;5475,16.5917808219178,Prevalence,1.14779783288184e-06
NbyGQVwzFc_loc12_loop6,12,ITN 0%/IRS 0%/Larvicide 0%,0;0.4;0.4_0;0;0_0;0;0_-100;2;5475_-100;2;5475_-100;2;5475,16.5945205479452,Prevalence,1.15192948771117e-06
NbyGQVwzFc_loc12_loop6,12,ITN 0%/IRS 0%/Larvicide 0%,0;0.4;0.4_0;0;0_0;0;0_-100;2;5475_-100;2;5475_-100;2;5475,16.5972602739726,Prevalence,1.15607782322457e-06
NbyGQVwzFc_loc12_loop6,12,ITN 0%/IRS 0%/Larvicide 0%,0;0.4;0.4_0;0;0_0;0;0_-100;2;5475_-100;2;5475_-100;2;5475,16.6,Prevalence,1.16024291140355e-06
NbyGQVwzFc_loc12_loop6,12,ITN 0%/IRS 0%/Larvicide 0%,0;0.4;0.4_0;0;0_0;0;0_-100;2;5475_-100;2;5475_-100;2;5475,16.6027397260274,Prevalence,1.16442482456159e-06
NbyGQVwzFc_loc12_loop6,12,ITN 0%/IRS 0%/Larvicide 0%,0;0.4;0.4_0;0;0_0;0;0_-100;2;5475_-100;2;5475_-100;2;5475,16.6054794520548,Prevalence,1.16862363534566e-06
NbyGQVwzFc_loc12_loop6,12,ITN 0%/IRS 0%/Larvicide 0%,0;0.4;0.4_0;0;0_0;0;0_-100;2;5475_-100;2;5475_-100;2;5475,16.6082191780822,Prevalence,1.17283941673781e-06
NbyGQVwzFc_loc12_loop6,12,ITN 0%/IRS 0%/Larvicide 0%,0;0.4;0.4_0;0;0_0;0;0_-100;2;5475_-100;2;5475_-100;2;5475,16.6109589041096,Prevalence,1.17707224205677e-06
NbyGQVwzFc_loc12_loop6,12,ITN 0%/IRS 0%/Larvicide 0%,0;0.4;0.4_0;0;0_0;0;0_-100;2;5475_-100;2;5475_-100;2;5475,16.613698630137,Prevalence,1.1813221849595e-06
NbyGQVwzFc_loc12_loop6,12,ITN 0%/IRS 0%/Larvicide 0%,0;0.4;0.4_0;0;0_0;0;0_-100;2;5475_-100;2;5475_-100;2;5475,16.6164383561644,Prevalence,1.18558931944283e-06
NbyGQVwzFc_loc12_loop6,12,ITN 0%/IRS 0%/Larvicide 0%,0;0.4;0.4_0;0;0_0;0;0_-100;2;5475_-100;2;5475_-100;2;5475,16.6191780821918,Prevalence,1.18987371984506e-06
NbyGQVwzFc_loc12_loop6,12,ITN 0%/IRS 0%/Larvicide 0%,0;0.4;0.4_0;0;0_0;0;0_-100;2;5475_-100;2;5475_-100;2;5475,16.6219178082192,Prevalence,1.19417546084755e-06
NbyGQVwzFc_loc12_loop6,12,ITN 0%/IRS 0%/Larvicide 0%,0;0.4;0.4_0;0;0_0;0;0_-100;2;5475_-100;2;5475_-100;2;5475,16.6246575342466,Prevalence,1.19849461747639e-06
NbyGQVwzFc_loc12_loop6,12,ITN 0%/IRS 0%/Larvicide 0%,0;0.4;0.4_0;0;0_0;0;0_-100;2;5475_-100;2;5475_-100;2;5475,16.627397260274,Prevalence,1.20283126510397e-06
NbyGQVwzFc_loc12_loop6,12,ITN 0%/IRS 0%/Larvicide 0%,0;0.4;0.4_0;0;0_0;0;0_-100;2;5475_-100;2;5475_-100;2;5475,16.6301369863014,Prevalence,1.20718547945068e-06
NbyGQVwzFc_loc12_loop6,12,ITN 0%/IRS 0%/Larvicide 0%,0;0.4;0.4_0;0;0_0;0;0_-100;2;5475_-100;2;5475_-100;2;5475,16.6328767123288,Prevalence,1.21155733658653e-06
NbyGQVwzFc_loc12_loop6,12,ITN 0%/IRS 0%/Larvicide 0%,0;0.4;0.4_0;0;0_0;0;0_-100;2;5475_-100;2;5475_-100;2;5475,16.6356164383562,Prevalence,1.21594691293279e-06
NbyGQVwzFc_loc12_loop6,12,ITN 0%/IRS 0%/Larvicide 0%,0;0.4;0.4_0;0;0_0;0;0_-100;2;5475_-100;2;5475_-100;2;5475,16.6383561643836,Prevalence,1.2203542852637e-06
NbyGQVwzFc_loc12_loop6,12,ITN 0%/IRS 0%/Larvicide 0%,0;0.4;0.4_0;0;0_0;0;0_-100;2;5475_-100;2;5475_-100;2;5475,16.641095890411,Prevalence,1.22477953070811e-06
NbyGQVwzFc_loc12_loop6,12,ITN 0%/IRS 0%/Larvicide 0%,0;0.4;0.4_0;0;0_0;0;0_-100;2;5475_-100;2;5475_-100;2;5475,16.6438356164384,Prevalence,1.22922272675116e-06
NbyGQVwzFc_loc12_loop6,12,ITN 0%/IRS 0%/Larvicide 0%,0;0.4;0.4_0;0;0_0;0;0_-100;2;5475_-100;2;5475_-100;2;5475,16.6465753424658,Prevalence,1.23368395123598e-06
NbyGQVwzFc_loc12_loop6,12,ITN 0%/IRS 0%/Larvicide 0%,0;0.4;0.4_0;0;0_0;0;0_-100;2;5475_-100;2;5475_-100;2;5475,16.6493150684932,Prevalence,1.23816328236541e-06
NbyGQVwzFc_loc12_loop6,12,ITN 0%/IRS 0%/Larvicide 0%,0;0.4;0.4_0;0;0_0;0;0_-100;2;5475_-100;2;5475_-100;2;5475,16.6520547945206,Prevalence,1.24266079870379e-06
NbyGQVwzFc_loc12_loop6,12,ITN 0%/IRS 0%/Larvicide 0%,0;0.4;0.4_0;0;0_0;0;0_-100;2;5475_-100;2;5475_-100;2;5475,16.6547945205479,Prevalence,1.24717657917843e-06
NbyGQVwzFc_loc12_loop6,12,ITN 0%/IRS 0%/Larvicide 0%,0;0.4;0.4_0;0;0_0;0;0_-100;2;5475_-100;2;5475_-100;2;5475,16.6575342465753,Prevalence,1.25171070308152e-06
NbyGQVwzFc_loc12_loop6,12,ITN 0%/IRS 0%/Larvicide 0%,0;0.4;0.4_0;0;0_0;0;0_-100;2;5475_-100;2;5475_-100;2;5475,16.6602739726027,Prevalence,1.25626325007178e-06
NbyGQVwzFc_loc12_loop6,12,ITN 0%/IRS 0%/Larvicide 0%,0;0.4;0.4_0;0;0_0;0;0_-100;2;5475_-100;2;5475_-100;2;5475,16.6630136986301,Prevalence,1.26083430017625e-06
NbyGQVwzFc_loc12_loop6,12,ITN 0%/IRS 0%/Larvicide 0%,0;0.4;0.4_0;0;0_0;0;0_-100;2;5475_-100;2;5475_-100;2;5475,16.6657534246575,Prevalence,1.26542393379202e-06
NbyGQVwzFc_loc12_loop6,12,ITN 0%/IRS 0%/Larvicide 0%,0;0.4;0.4_0;0;0_0;0;0_-100;2;5475_-100;2;5475_-100;2;5475,16.6684931506849,Prevalence,1.27003223168801e-06
NbyGQVwzFc_loc12_loop6,12,ITN 0%/IRS 0%/Larvicide 0%,0;0.4;0.4_0;0;0_0;0;0_-100;2;5475_-100;2;5475_-100;2;5475,16.6712328767123,Prevalence,1.27465927500671e-06
NbyGQVwzFc_loc12_loop6,12,ITN 0%/IRS 0%/Larvicide 0%,0;0.4;0.4_0;0;0_0;0;0_-100;2;5475_-100;2;5475_-100;2;5475,16.6739726027397,Prevalence,1.27930514526599e-06
NbyGQVwzFc_loc12_loop6,12,ITN 0%/IRS 0%/Larvicide 0%,0;0.4;0.4_0;0;0_0;0;0_-100;2;5475_-100;2;5475_-100;2;5475,16.6767123287671,Prevalence,1.28396992436082e-06
NbyGQVwzFc_loc12_loop6,12,ITN 0%/IRS 0%/Larvicide 0%,0;0.4;0.4_0;0;0_0;0;0_-100;2;5475_-100;2;5475_-100;2;5475,16.6794520547945,Prevalence,1.28865369456518e-06
NbyGQVwzFc_loc12_loop6,12,ITN 0%/IRS 0%/Larvicide 0%,0;0.4;0.4_0;0;0_0;0;0_-100;2;5475_-100;2;5475_-100;2;5475,16.6821917808219,Prevalence,1.29335653853373e-06
NbyGQVwzFc_loc12_loop6,12,ITN 0%/IRS 0%/Larvicide 0%,0;0.4;0.4_0;0;0_0;0;0_-100;2;5475_-100;2;5475_-100;2;5475,16.6849315068493,Prevalence,1.29807853930373e-06
NbyGQVwzFc_loc12_loop6,12,ITN 0%/IRS 0%/Larvicide 0%,0;0.4;0.4_0;0;0_0;0;0_-100;2;5475_-100;2;5475_-100;2;5475,16.6876712328767,Prevalence,1.30281978029678e-06
NbyGQVwzFc_loc12_loop6,12,ITN 0%/IRS 0%/Larvicide 0%,0;0.4;0.4_0;0;0_0;0;0_-100;2;5475_-100;2;5475_-100;2;5475,16.6904109589041,Prevalence,1.30758034532073e-06
NbyGQVwzFc_loc12_loop6,12,ITN 0%/IRS 0%/Larvicide 0%,0;0.4;0.4_0;0;0_0;0;0_-100;2;5475_-100;2;5475_-100;2;5475,16.6931506849315,Prevalence,1.31236031857143e-06
NbyGQVwzFc_loc12_loop6,12,ITN 0%/IRS 0%/Larvicide 0%,0;0.4;0.4_0;0;0_0;0;0_-100;2;5475_-100;2;5475_-100;2;5475,16.6958904109589,Prevalence,1.31715978463467e-06
NbyGQVwzFc_loc12_loop6,12,ITN 0%/IRS 0%/Larvicide 0%,0;0.4;0.4_0;0;0_0;0;0_-100;2;5475_-100;2;5475_-100;2;5475,16.6986301369863,Prevalence,1.32197882848798e-06
NbyGQVwzFc_loc12_loop6,12,ITN 0%/IRS 0%/Larvicide 0%,0;0.4;0.4_0;0;0_0;0;0_-100;2;5475_-100;2;5475_-100;2;5475,16.7013698630137,Prevalence,1.32681753550249e-06
NbyGQVwzFc_loc12_loop6,12,ITN 0%/IRS 0%/Larvicide 0%,0;0.4;0.4_0;0;0_0;0;0_-100;2;5475_-100;2;5475_-100;2;5475,16.7041095890411,Prevalence,1.33167599144488e-06
NbyGQVwzFc_loc12_loop6,12,ITN 0%/IRS 0%/Larvicide 0%,0;0.4;0.4_0;0;0_0;0;0_-100;2;5475_-100;2;5475_-100;2;5475,16.7068493150685,Prevalence,1.33655428247916e-06
NbyGQVwzFc_loc12_loop6,12,ITN 0%/IRS 0%/Larvicide 0%,0;0.4;0.4_0;0;0_0;0;0_-100;2;5475_-100;2;5475_-100;2;5475,16.7095890410959,Prevalence,1.34145249516866e-06
NbyGQVwzFc_loc12_loop6,12,ITN 0%/IRS 0%/Larvicide 0%,0;0.4;0.4_0;0;0_0;0;0_-100;2;5475_-100;2;5475_-100;2;5475,16.7123287671233,Prevalence,1.34637071647789e-06
NbyGQVwzFc_loc12_loop6,12,ITN 0%/IRS 0%/Larvicide 0%,0;0.4;0.4_0;0;0_0;0;0_-100;2;5475_-100;2;5475_-100;2;5475,16.7150684931507,Prevalence,1.35130903377445e-06
NbyGQVwzFc_loc12_loop6,12,ITN 0%/IRS 0%/Larvicide 0%,0;0.4;0.4_0;0;0_0;0;0_-100;2;5475_-100;2;5475_-100;2;5475,16.7178082191781,Prevalence,1.35626753483098e-06
NbyGQVwzFc_loc12_loop6,12,ITN 0%/IRS 0%/Larvicide 0%,0;0.4;0.4_0;0;0_0;0;0_-100;2;5475_-100;2;5475_-100;2;5475,16.7205479452055,Prevalence,1.36124630782707e-06
NbyGQVwzFc_loc12_loop6,12,ITN 0%/IRS 0%/Larvicide 0%,0;0.4;0.4_0;0;0_0;0;0_-100;2;5475_-100;2;5475_-100;2;5475,16.7232876712329,Prevalence,1.3662454413512e-06
NbyGQVwzFc_loc12_loop6,12,ITN 0%/IRS 0%/Larvicide 0%,0;0.4;0.4_0;0;0_0;0;0_-100;2;5475_-100;2;5475_-100;2;5475,16.7260273972603,Prevalence,1.37126502440276e-06
NbyGQVwzFc_loc12_loop6,12,ITN 0%/IRS 0%/Larvicide 0%,0;0.4;0.4_0;0;0_0;0;0_-100;2;5475_-100;2;5475_-100;2;5475,16.7287671232877,Prevalence,1.37630514639401e-06
NbyGQVwzFc_loc12_loop6,12,ITN 0%/IRS 0%/Larvicide 0%,0;0.4;0.4_0;0;0_0;0;0_-100;2;5475_-100;2;5475_-100;2;5475,16.7315068493151,Prevalence,1.38136589715194e-06
NbyGQVwzFc_loc12_loop6,12,ITN 0%/IRS 0%/Larvicide 0%,0;0.4;0.4_0;0;0_0;0;0_-100;2;5475_-100;2;5475_-100;2;5475,16.7342465753425,Prevalence,1.38644736692031e-06
NbyGQVwzFc_loc12_loop6,12,ITN 0%/IRS 0%/Larvicide 0%,0;0.4;0.4_0;0;0_0;0;0_-100;2;5475_-100;2;5475_-100;2;5475,16.7369863013699,Prevalence,1.39154964636162e-06
NbyGQVwzFc_loc12_loop6,12,ITN 0%/IRS 0%/Larvicide 0%,0;0.4;0.4_0;0;0_0;0;0_-100;2;5475_-100;2;5475_-100;2;5475,16.7397260273973,Prevalence,1.39667282655915e-06
NbyGQVwzFc_loc12_loop6,12,ITN 0%/IRS 0%/Larvicide 0%,0;0.4;0.4_0;0;0_0;0;0_-100;2;5475_-100;2;5475_-100;2;5475,16.7424657534247,Prevalence,1.40181699901898e-06
NbyGQVwzFc_loc12_loop6,12,ITN 0%/IRS 0%/Larvicide 0%,0;0.4;0.4_0;0;0_0;0;0_-100;2;5475_-100;2;5475_-100;2;5475,16.7452054794521,Prevalence,1.40698225567197e-06
NbyGQVwzFc_loc12_loop6,12,ITN 0%/IRS 0%/Larvicide 0%,0;0.4;0.4_0;0;0_0;0;0_-100;2;5475_-100;2;5475_-100;2;5475,16.7479452054795,Prevalence,1.41216868887584e-06
NbyGQVwzFc_loc12_loop6,12,ITN 0%/IRS 0%/Larvicide 0%,0;0.4;0.4_0;0;0_0;0;0_-100;2;5475_-100;2;5475_-100;2;5475,16.7506849315069,Prevalence,1.41737639141718e-06
NbyGQVwzFc_loc12_loop6,12,ITN 0%/IRS 0%/Larvicide 0%,0;0.4;0.4_0;0;0_0;0;0_-100;2;5475_-100;2;5475_-100;2;5475,16.7534246575342,Prevalence,1.42260545651353e-06
NbyGQVwzFc_loc12_loop6,12,ITN 0%/IRS 0%/Larvicide 0%,0;0.4;0.4_0;0;0_0;0;0_-100;2;5475_-100;2;5475_-100;2;5475,16.7561643835616,Prevalence,1.42785597781543e-06
NbyGQVwzFc_loc12_loop6,12,ITN 0%/IRS 0%/Larvicide 0%,0;0.4;0.4_0;0;0_0;0;0_-100;2;5475_-100;2;5475_-100;2;5475,16.758904109589,Prevalence,1.43312804940848e-06
NbyGQVwzFc_loc12_loop6,12,ITN 0%/IRS 0%/Larvicide 0%,0;0.4;0.4_0;0;0_0;0;0_-100;2;5475_-100;2;5475_-100;2;5475,16.7616438356164,Prevalence,1.43842176581545e-06
NbyGQVwzFc_loc12_loop6,12,ITN 0%/IRS 0%/Larvicide 0%,0;0.4;0.4_0;0;0_0;0;0_-100;2;5475_-100;2;5475_-100;2;5475,16.7643835616438,Prevalence,1.44373722199837e-06
NbyGQVwzFc_loc12_loop6,12,ITN 0%/IRS 0%/Larvicide 0%,0;0.4;0.4_0;0;0_0;0;0_-100;2;5475_-100;2;5475_-100;2;5475,16.7671232876712,Prevalence,1.44907451336062e-06
NbyGQVwzFc_loc12_loop6,12,ITN 0%/IRS 0%/Larvicide 0%,0;0.4;0.4_0;0;0_0;0;0_-100;2;5475_-100;2;5475_-100;2;5475,16.7698630136986,Prevalence,1.45443373574905e-06
NbyGQVwzFc_loc12_loop6,12,ITN 0%/IRS 0%/Larvicide 0%,0;0.4;0.4_0;0;0_0;0;0_-100;2;5475_-100;2;5475_-100;2;5475,16.772602739726,Prevalence,1.45981498545613e-06
NbyGQVwzFc_loc12_loop6,12,ITN 0%/IRS 0%/Larvicide 0%,0;0.4;0.4_0;0;0_0;0;0_-100;2;5475_-100;2;5475_-100;2;5475,16.7753424657534,Prevalence,1.46521835922206e-06
NbyGQVwzFc_loc12_loop6,12,ITN 0%/IRS 0%/Larvicide 0%,0;0.4;0.4_0;0;0_0;0;0_-100;2;5475_-100;2;5475_-100;2;5475,16.7780821917808,Prevalence,1.47064395423694e-06
NbyGQVwzFc_loc12_loop6,12,ITN 0%/IRS 0%/Larvicide 0%,0;0.4;0.4_0;0;0_0;0;0_-100;2;5475_-100;2;5475_-100;2;5475,16.7808219178082,Prevalence,1.47609186814289e-06
NbyGQVwzFc_loc12_loop6,12,ITN 0%/IRS 0%/Larvicide 0%,0;0.4;0.4_0;0;0_0;0;0_-100;2;5475_-100;2;5475_-100;2;5475,16.7835616438356,Prevalence,1.48156219903628e-06
NbyGQVwzFc_loc12_loop6,12,ITN 0%/IRS 0%/Larvicide 0%,0;0.4;0.4_0;0;0_0;0;0_-100;2;5475_-100;2;5475_-100;2;5475,16.786301369863,Prevalence,1.48705504546985e-06
NbyGQVwzFc_loc12_loop6,12,ITN 0%/IRS 0%/Larvicide 0%,0;0.4;0.4_0;0;0_0;0;0_-100;2;5475_-100;2;5475_-100;2;5475,16.7890410958904,Prevalence,1.49257050645494e-06
NbyGQVwzFc_loc12_loop6,12,ITN 0%/IRS 0%/Larvicide 0%,0;0.4;0.4_0;0;0_0;0;0_-100;2;5475_-100;2;5475_-100;2;5475,16.7917808219178,Prevalence,1.49810868146368e-06
NbyGQVwzFc_loc12_loop6,12,ITN 0%/IRS 0%/Larvicide 0%,0;0.4;0.4_0;0;0_0;0;0_-100;2;5475_-100;2;5475_-100;2;5475,16.7945205479452,Prevalence,1.5036696704312e-06
NbyGQVwzFc_loc12_loop6,12,ITN 0%/IRS 0%/Larvicide 0%,0;0.4;0.4_0;0;0_0;0;0_-100;2;5475_-100;2;5475_-100;2;5475,16.7972602739726,Prevalence,1.50925357375787e-06
NbyGQVwzFc_loc12_loop6,12,ITN 0%/IRS 0%/Larvicide 0%,0;0.4;0.4_0;0;0_0;0;0_-100;2;5475_-100;2;5475_-100;2;5475,16.8,Prevalence,1.51486049231151e-06
NbyGQVwzFc_loc12_loop6,12,ITN 0%/IRS 0%/Larvicide 0%,0;0.4;0.4_0;0;0_0;0;0_-100;2;5475_-100;2;5475_-100;2;5475,16.8027397260274,Prevalence,1.52049052742966e-06
NbyGQVwzFc_loc12_loop6,12,ITN 0%/IRS 0%/Larvicide 0%,0;0.4;0.4_0;0;0_0;0;0_-100;2;5475_-100;2;5475_-100;2;5475,16.8054794520548,Prevalence,1.52614378092181e-06
NbyGQVwzFc_loc12_loop6,12,ITN 0%/IRS 0%/Larvicide 0%,0;0.4;0.4_0;0;0_0;0;0_-100;2;5475_-100;2;5475_-100;2;5475,16.8082191780822,Prevalence,1.53182035507178e-06
NbyGQVwzFc_loc12_loop6,12,ITN 0%/IRS 0%/Larvicide 0%,0;0.4;0.4_0;0;0_0;0;0_-100;2;5475_-100;2;5475_-100;2;5475,16.8109589041096,Prevalence,1.5375203526399e-06
NbyGQVwzFc_loc12_loop6,12,ITN 0%/IRS 0%/Larvicide 0%,0;0.4;0.4_0;0;0_0;0;0_-100;2;5475_-100;2;5475_-100;2;5475,16.813698630137,Prevalence,1.54324387686524e-06
NbyGQVwzFc_loc12_loop6,12,ITN 0%/IRS 0%/Larvicide 0%,0;0.4;0.4_0;0;0_0;0;0_-100;2;5475_-100;2;5475_-100;2;5475,16.8164383561644,Prevalence,1.54899103146798e-06
NbyGQVwzFc_loc12_loop6,12,ITN 0%/IRS 0%/Larvicide 0%,0;0.4;0.4_0;0;0_0;0;0_-100;2;5475_-100;2;5475_-100;2;5475,16.8191780821918,Prevalence,1.55476192065172e-06
NbyGQVwzFc_loc12_loop6,12,ITN 0%/IRS 0%/Larvicide 0%,0;0.4;0.4_0;0;0_0;0;0_-100;2;5475_-100;2;5475_-100;2;5475,16.8219178082192,Prevalence,1.56055664910582e-06
NbyGQVwzFc_loc12_loop6,12,ITN 0%/IRS 0%/Larvicide 0%,0;0.4;0.4_0;0;0_0;0;0_-100;2;5475_-100;2;5475_-100;2;5475,16.8246575342466,Prevalence,1.56637532200776e-06
NbyGQVwzFc_loc12_loop6,12,ITN 0%/IRS 0%/Larvicide 0%,0;0.4;0.4_0;0;0_0;0;0_-100;2;5475_-100;2;5475_-100;2;5475,16.827397260274,Prevalence,1.57221804502542e-06
NbyGQVwzFc_loc12_loop6,12,ITN 0%/IRS 0%/Larvicide 0%,0;0.4;0.4_0;0;0_0;0;0_-100;2;5475_-100;2;5475_-100;2;5475,16.8301369863014,Prevalence,1.57808492431952e-06
NbyGQVwzFc_loc12_loop6,12,ITN 0%/IRS 0%/Larvicide 0%,0;0.4;0.4_0;0;0_0;0;0_-100;2;5475_-100;2;5475_-100;2;5475,16.8328767123288,Prevalence,1.58397606654596e-06
NbyGQVwzFc_loc12_loop6,12,ITN 0%/IRS 0%/Larvicide 0%,0;0.4;0.4_0;0;0_0;0;0_-100;2;5475_-100;2;5475_-100;2;5475,16.8356164383562,Prevalence,1.58989157885819e-06
NbyGQVwzFc_loc12_loop6,12,ITN 0%/IRS 0%/Larvicide 0%,0;0.4;0.4_0;0;0_0;0;0_-100;2;5475_-100;2;5475_-100;2;5475,16.8383561643836,Prevalence,1.59583156890966e-06
NbyGQVwzFc_loc12_loop6,12,ITN 0%/IRS 0%/Larvicide 0%,0;0.4;0.4_0;0;0_0;0;0_-100;2;5475_-100;2;5475_-100;2;5475,16.841095890411,Prevalence,1.60179614485613e-06
NbyGQVwzFc_loc12_loop6,12,ITN 0%/IRS 0%/Larvicide 0%,0;0.4;0.4_0;0;0_0;0;0_-100;2;5475_-100;2;5475_-100;2;5475,16.8438356164384,Prevalence,1.60778541535824e-06
NbyGQVwzFc_loc12_loop6,12,ITN 0%/IRS 0%/Larvicide 0%,0;0.4;0.4_0;0;0_0;0;0_-100;2;5475_-100;2;5475_-100;2;5475,16.8465753424658,Prevalence,1.6137994895838e-06
NbyGQVwzFc_loc12_loop6,12,ITN 0%/IRS 0%/Larvicide 0%,0;0.4;0.4_0;0;0_0;0;0_-100;2;5475_-100;2;5475_-100;2;5475,16.8493150684932,Prevalence,1.61983847721031e-06
NbyGQVwzFc_loc12_loop6,12,ITN 0%/IRS 0%/Larvicide 0%,0;0.4;0.4_0;0;0_0;0;0_-100;2;5475_-100;2;5475_-100;2;5475,16.8520547945205,Prevalence,1.62590248842743e-06
NbyGQVwzFc_loc12_loop6,12,ITN 0%/IRS 0%/Larvicide 0%,0;0.4;0.4_0;0;0_0;0;0_-100;2;5475_-100;2;5475_-100;2;5475,16.8547945205479,Prevalence,1.6319916339394e-06
NbyGQVwzFc_loc12_loop6,12,ITN 0%/IRS 0%/Larvicide 0%,0;0.4;0.4_0;0;0_0;0;0_-100;2;5475_-100;2;5475_-100;2;5475,16.8575342465753,Prevalence,1.63810602496756e-06
NbyGQVwzFc_loc12_loop6,12,ITN 0%/IRS 0%/Larvicide 0%,0;0.4;0.4_0;0;0_0;0;0_-100;2;5475_-100;2;5475_-100;2;5475,16.8602739726027,Prevalence,1.64424577325284e-06
NbyGQVwzFc_loc12_loop6,12,ITN 0%/IRS 0%/Larvicide 0%,0;0.4;0.4_0;0;0_0;0;0_-100;2;5475_-100;2;5475_-100;2;5475,16.8630136986301,Prevalence,1.65041099105825e-06
NbyGQVwzFc_loc12_loop6,12,ITN 0%/IRS 0%/Larvicide 0%,0;0.4;0.4_0;0;0_0;0;0_-100;2;5475_-100;2;5475_-100;2;5475,16.8657534246575,Prevalence,1.65660179117144e-06
NbyGQVwzFc_loc12_loop6,12,ITN 0%/IRS 0%/Larvicide 0%,0;0.4;0.4_0;0;0_0;0;0_-100;2;5475_-100;2;5475_-100;2;5475,16.8684931506849,Prevalence,1.66281828690718e-06
NbyGQVwzFc_loc12_loop6,12,ITN 0%/IRS 0%/Larvicide 0%,0;0.4;0.4_0;0;0_0;0;0_-100;2;5475_-100;2;5475_-100;2;5475,16.8712328767123,Prevalence,1.66906059210997e-06
NbyGQVwzFc_loc12_loop6,12,ITN 0%/IRS 0%/Larvicide 0%,0;0.4;0.4_0;0;0_0;0;0_-100;2;5475_-100;2;5475_-100;2;5475,16.8739726027397,Prevalence,1.67532882115653e-06
NbyGQVwzFc_loc12_loop6,12,ITN 0%/IRS 0%/Larvicide 0%,0;0.4;0.4_0;0;0_0;0;0_-100;2;5475_-100;2;5475_-100;2;5475,16.8767123287671,Prevalence,1.68162308895842e-06
NbyGQVwzFc_loc12_loop6,12,ITN 0%/IRS 0%/Larvicide 0%,0;0.4;0.4_0;0;0_0;0;0_-100;2;5475_-100;2;5475_-100;2;5475,16.8794520547945,Prevalence,1.68794351096461e-06
NbyGQVwzFc_loc12_loop6,12,ITN 0%/IRS 0%/Larvicide 0%,0;0.4;0.4_0;0;0_0;0;0_-100;2;5475_-100;2;5475_-100;2;5475,16.8821917808219,Prevalence,1.69429020316408e-06
NbyGQVwzFc_loc12_loop6,12,ITN 0%/IRS 0%/Larvicide 0%,0;0.4;0.4_0;0;0_0;0;0_-100;2;5475_-100;2;5475_-100;2;5475,16.8849315068493,Prevalence,1.70066328208843e-06
NbyGQVwzFc_loc12_loop6,12,ITN 0%/IRS 0%/Larvicide 0%,0;0.4;0.4_0;0;0_0;0;0_-100;2;5475_-100;2;5475_-100;2;5475,16.8876712328767,Prevalence,1.70706286481451e-06
NbyGQVwzFc_loc12_loop6,12,ITN 0%/IRS 0%/Larvicide 0%,0;0.4;0.4_0;0;0_0;0;0_-100;2;5475_-100;2;5475_-100;2;5475,16.8904109589041,Prevalence,1.71348906896704e-06
NbyGQVwzFc_loc12_loop6,12,ITN 0%/IRS 0%/Larvicide 0%,0;0.4;0.4_0;0;0_0;0;0_-100;2;5475_-100;2;5475_-100;2;5475,16.8931506849315,Prevalence,1.71994201272139e-06
NbyGQVwzFc_loc12_loop6,12,ITN 0%/IRS 0%/Larvicide 0%,0;0.4;0.4_0;0;0_0;0;0_-100;2;5475_-100;2;5475_-100;2;5475,16.8958904109589,Prevalence,1.72642181480601e-06
NbyGQVwzFc_loc12_loop6,12,ITN 0%/IRS 0%/Larvicide 0%,0;0.4;0.4_0;0;0_0;0;0_-100;2;5475_-100;2;5475_-100;2;5475,16.8986301369863,Prevalence,1.7329285945052e-06
NbyGQVwzFc_loc12_loop6,12,ITN 0%/IRS 0%/Larvicide 0%,0;0.4;0.4_0;0;0_0;0;0_-100;2;5475_-100;2;5475_-100;2;5475,16.9013698630137,Prevalence,1.7394624716618e-06
NbyGQVwzFc_loc12_loop6,12,ITN 0%/IRS 0%/Larvicide 0%,0;0.4;0.4_0;0;0_0;0;0_-100;2;5475_-100;2;5475_-100;2;5475,16.9041095890411,Prevalence,1.74602356667995e-06
NbyGQVwzFc_loc12_loop6,12,ITN 0%/IRS 0%/Larvicide 0%,0;0.4;0.4_0;0;0_0;0;0_-100;2;5475_-100;2;5475_-100;2;5475,16.9068493150685,Prevalence,1.75261200052776e-06
NbyGQVwzFc_loc12_loop6,12,ITN 0%/IRS 0%/Larvicide 0%,0;0.4;0.4_0;0;0_0;0;0_-100;2;5475_-100;2;5475_-100;2;5475,16.9095890410959,Prevalence,1.75922789474004e-06
NbyGQVwzFc_loc12_loop6,12,ITN 0%/IRS 0%/Larvicide 0%,0;0.4;0.4_0;0;0_0;0;0_-100;2;5475_-100;2;5475_-100;2;5475,16.9123287671233,Prevalence,1.76587137142107e-06
NbyGQVwzFc_loc12_loop6,12,ITN 0%/IRS 0%/Larvicide 0%,0;0.4;0.4_0;0;0_0;0;0_-100;2;5475_-100;2;5475_-100;2;5475,16.9150684931507,Prevalence,1.77254255324735e-06
NbyGQVwzFc_loc12_loop6,12,ITN 0%/IRS 0%/Larvicide 0%,0;0.4;0.4_0;0;0_0;0;0_-100;2;5475_-100;2;5475_-100;2;5475,16.9178082191781,Prevalence,1.77924156347035e-06
NbyGQVwzFc_loc12_loop6,12,ITN 0%/IRS 0%/Larvicide 0%,0;0.4;0.4_0;0;0_0;0;0_-100;2;5475_-100;2;5475_-100;2;5475,16.9205479452055,Prevalence,1.78596852591936e-06
NbyGQVwzFc_loc12_loop6,12,ITN 0%/IRS 0%/Larvicide 0%,0;0.4;0.4_0;0;0_0;0;0_-100;2;5475_-100;2;5475_-100;2;5475,16.9232876712329,Prevalence,1.79272356500419e-06
NbyGQVwzFc_loc12_loop6,12,ITN 0%/IRS 0%/Larvicide 0%,0;0.4;0.4_0;0;0_0;0;0_-100;2;5475_-100;2;5475_-100;2;5475,16.9260273972603,Prevalence,1.79950680571809e-06
NbyGQVwzFc_loc12_loop6,12,ITN 0%/IRS 0%/Larvicide 0%,0;0.4;0.4_0;0;0_0;0;0_-100;2;5475_-100;2;5475_-100;2;5475,16.9287671232877,Prevalence,1.8063183736405e-06
NbyGQVwzFc_loc12_loop6,12,ITN 0%/IRS 0%/Larvicide 0%,0;0.4;0.4_0;0;0_0;0;0_-100;2;5475_-100;2;5475_-100;2;5475,16.9315068493151,Prevalence,1.81315839493995e-06
NbyGQVwzFc_loc12_loop6,12,ITN 0%/IRS 0%/Larvicide 0%,0;0.4;0.4_0;0;0_0;0;0_-100;2;5475_-100;2;5475_-100;2;5475,16.9342465753425,Prevalence,1.82002699637686e-06
NbyGQVwzFc_loc12_loop6,12,ITN 0%/IRS 0%/Larvicide 0%,0;0.4;0.4_0;0;0_0;0;0_-100;2;5475_-100;2;5475_-100;2;5475,16.9369863013699,Prevalence,1.82692430530646e-06
NbyGQVwzFc_loc12_loop6,12,ITN 0%/IRS 0%/Larvicide 0%,0;0.4;0.4_0;0;0_0;0;0_-100;2;5475_-100;2;5475_-100;2;5475,16.9397260273973,Prevalence,1.83385044968166e-06
NbyGQVwzFc_loc12_loop6,12,ITN 0%/IRS 0%/Larvicide 0%,0;0.4;0.4_0;0;0_0;0;0_-100;2;5475_-100;2;5475_-100;2;5475,16.9424657534247,Prevalence,1.84080555805594e-06
NbyGQVwzFc_loc12_loop6,12,ITN 0%/IRS 0%/Larvicide 0%,0;0.4;0.4_0;0;0_0;0;0_-100;2;5475_-100;2;5475_-100;2;5475,16.9452054794521,Prevalence,1.84778975958629e-06
NbyGQVwzFc_loc12_loop6,12,ITN 0%/IRS 0%/Larvicide 0%,0;0.4;0.4_0;0;0_0;0;0_-100;2;5475_-100;2;5475_-100;2;5475,16.9479452054795,Prevalence,1.8548031840361e-06
NbyGQVwzFc_loc12_loop6,12,ITN 0%/IRS 0%/Larvicide 0%,0;0.4;0.4_0;0;0_0;0;0_-100;2;5475_-100;2;5475_-100;2;5475,16.9506849315069,Prevalence,1.86184596177816e-06
NbyGQVwzFc_loc12_loop6,12,ITN 0%/IRS 0%/Larvicide 0%,0;0.4;0.4_0;0;0_0;0;0_-100;2;5475_-100;2;5475_-100;2;5475,16.9534246575342,Prevalence,1.86891822379757e-06
NbyGQVwzFc_loc12_loop6,12,ITN 0%/IRS 0%/Larvicide 0%,0;0.4;0.4_0;0;0_0;0;0_-100;2;5475_-100;2;5475_-100;2;5475,16.9561643835616,Prevalence,1.87602010169472e-06
NbyGQVwzFc_loc12_loop6,12,ITN 0%/IRS 0%/Larvicide 0%,0;0.4;0.4_0;0;0_0;0;0_-100;2;5475_-100;2;5475_-100;2;5475,16.958904109589,Prevalence,1.88315172768831e-06
NbyGQVwzFc_loc12_loop6,12,ITN 0%/IRS 0%/Larvicide 0%,0;0.4;0.4_0;0;0_0;0;0_-100;2;5475_-100;2;5475_-100;2;5475,16.9616438356164,Prevalence,1.89031323461834e-06
NbyGQVwzFc_loc12_loop6,12,ITN 0%/IRS 0%/Larvicide 0%,0;0.4;0.4_0;0;0_0;0;0_-100;2;5475_-100;2;5475_-100;2;5475,16.9643835616438,Prevalence,1.89750475594911e-06
NbyGQVwzFc_loc12_loop6,12,ITN 0%/IRS 0%/Larvicide 0%,0;0.4;0.4_0;0;0_0;0;0_-100;2;5475_-100;2;5475_-100;2;5475,16.9671232876712,Prevalence,1.90472642577226e-06
NbyGQVwzFc_loc12_loop6,12,ITN 0%/IRS 0%/Larvicide 0%,0;0.4;0.4_0;0;0_0;0;0_-100;2;5475_-100;2;5475_-100;2;5475,16.9698630136986,Prevalence,1.91197837880988e-06
NbyGQVwzFc_loc12_loop6,12,ITN 0%/IRS 0%/Larvicide 0%,0;0.4;0.4_0;0;0_0;0;0_-100;2;5475_-100;2;5475_-100;2;5475,16.972602739726,Prevalence,1.91926075041746e-06
NbyGQVwzFc_loc12_loop6,12,ITN 0%/IRS 0%/Larvicide 0%,0;0.4;0.4_0;0;0_0;0;0_-100;2;5475_-100;2;5475_-100;2;5475,16.9753424657534,Prevalence,1.92657367658708e-06
NbyGQVwzFc_loc12_loop6,12,ITN 0%/IRS 0%/Larvicide 0%,0;0.4;0.4_0;0;0_0;0;0_-100;2;5475_-100;2;5475_-100;2;5475,16.9780821917808,Prevalence,1.93391729395048e-06
NbyGQVwzFc_loc12_loop6,12,ITN 0%/IRS 0%/Larvicide 0%,0;0.4;0.4_0;0;0_0;0;0_-100;2;5475_-100;2;5475_-100;2;5475,16.9808219178082,Prevalence,1.9412917397822e-06
NbyGQVwzFc_loc12_loop6,12,ITN 0%/IRS 0%/Larvicide 0%,0;0.4;0.4_0;0;0_0;0;0_-100;2;5475_-100;2;5475_-100;2;5475,16.9835616438356,Prevalence,1.94869715200258e-06
NbyGQVwzFc_loc12_loop6,12,ITN 0%/IRS 0%/Larvicide 0%,0;0.4;0.4_0;0;0_0;0;0_-100;2;5475_-100;2;5475_-100;2;5475,16.986301369863,Prevalence,1.95613366918093e-06
NbyGQVwzFc_loc12_loop6,12,ITN 0%/IRS 0%/Larvicide 0%,0;0.4;0.4_0;0;0_0;0;0_-100;2;5475_-100;2;5475_-100;2;5475,16.9890410958904,Prevalence,1.96360143053878e-06
NbyGQVwzFc_loc12_loop6,12,ITN 0%/IRS 0%/Larvicide 0%,0;0.4;0.4_0;0;0_0;0;0_-100;2;5475_-100;2;5475_-100;2;5475,16.9917808219178,Prevalence,1.97110057595299e-06
NbyGQVwzFc_loc12_loop6,12,ITN 0%/IRS 0%/Larvicide 0%,0;0.4;0.4_0;0;0_0;0;0_-100;2;5475_-100;2;5475_-100;2;5475,16.9945205479452,Prevalence,1.97863124595897e-06
NbyGQVwzFc_loc12_loop6,12,ITN 0%/IRS 0%/Larvicide 0%,0;0.4;0.4_0;0;0_0;0;0_-100;2;5475_-100;2;5475_-100;2;5475,16.9972602739726,Prevalence,1.9861935817539e-06
NbyGQVwzFc_loc12_loop6,12,ITN 0%/IRS 0%/Larvicide 0%,0;0.4;0.4_0;0;0_0;0;0_-100;2;5475_-100;2;5475_-100;2;5475,17,Prevalence,1.99378772519994e-06
NbyGQVwzFc_loc12_loop6,12,ITN 0%/IRS 0%/Larvicide 0%,0;0.4;0.4_0;0;0_0;0;0_-100;2;5475_-100;2;5475_-100;2;5475,17.0027397260274,Prevalence,2.00141381882743e-06
NbyGQVwzFc_loc12_loop6,12,ITN 0%/IRS 0%/Larvicide 0%,0;0.4;0.4_0;0;0_0;0;0_-100;2;5475_-100;2;5475_-100;2;5475,17.0054794520548,Prevalence,2.00907200583821e-06
NbyGQVwzFc_loc12_loop6,12,ITN 0%/IRS 0%/Larvicide 0%,0;0.4;0.4_0;0;0_0;0;0_-100;2;5475_-100;2;5475_-100;2;5475,17.0082191780822,Prevalence,2.01676243010886e-06
NbyGQVwzFc_loc12_loop6,12,ITN 0%/IRS 0%/Larvicide 0%,0;0.4;0.4_0;0;0_0;0;0_-100;2;5475_-100;2;5475_-100;2;5475,17.0109589041096,Prevalence,2.02448523619399e-06
NbyGQVwzFc_loc12_loop6,12,ITN 0%/IRS 0%/Larvicide 0%,0;0.4;0.4_0;0;0_0;0;0_-100;2;5475_-100;2;5475_-100;2;5475,17.013698630137,Prevalence,2.03224056932955e-06
NbyGQVwzFc_loc12_loop6,12,ITN 0%/IRS 0%/Larvicide 0%,0;0.4;0.4_0;0;0_0;0;0_-100;2;5475_-100;2;5475_-100;2;5475,17.0164383561644,Prevalence,2.04002857543614e-06
NbyGQVwzFc_loc12_loop6,12,ITN 0%/IRS 0%/Larvicide 0%,0;0.4;0.4_0;0;0_0;0;0_-100;2;5475_-100;2;5475_-100;2;5475,17.0191780821918,Prevalence,2.04784940112236e-06
NbyGQVwzFc_loc12_loop6,12,ITN 0%/IRS 0%/Larvicide 0%,0;0.4;0.4_0;0;0_0;0;0_-100;2;5475_-100;2;5475_-100;2;5475,17.0219178082192,Prevalence,2.05570319368817e-06
NbyGQVwzFc_loc12_loop6,12,ITN 0%/IRS 0%/Larvicide 0%,0;0.4;0.4_0;0;0_0;0;0_-100;2;5475_-100;2;5475_-100;2;5475,17.0246575342466,Prevalence,2.06359010112824e-06
NbyGQVwzFc_loc12_loop6,12,ITN 0%/IRS 0%/Larvicide 0%,0;0.4;0.4_0;0;0_0;0;0_-100;2;5475_-100;2;5475_-100;2;5475,17.027397260274,Prevalence,2.07151027213535e-06
NbyGQVwzFc_loc12_loop6,12,ITN 0%/IRS 0%/Larvicide 0%,0;0.4;0.4_0;0;0_0;0;0_-100;2;5475_-100;2;5475_-100;2;5475,17.0301369863014,Prevalence,2.07946385610383e-06
NbyGQVwzFc_loc12_loop6,12,ITN 0%/IRS 0%/Larvicide 0%,0;0.4;0.4_0;0;0_0;0;0_-100;2;5475_-100;2;5475_-100;2;5475,17.0328767123288,Prevalence,2.08745100313293e-06
NbyGQVwzFc_loc12_loop6,12,ITN 0%/IRS 0%/Larvicide 0%,0;0.4;0.4_0;0;0_0;0;0_-100;2;5475_-100;2;5475_-100;2;5475,17.0356164383562,Prevalence,2.09547186403028e-06
NbyGQVwzFc_loc12_loop6,12,ITN 0%/IRS 0%/Larvicide 0%,0;0.4;0.4_0;0;0_0;0;0_-100;2;5475_-100;2;5475_-100;2;5475,17.0383561643836,Prevalence,2.10352659031536e-06
NbyGQVwzFc_loc12_loop6,12,ITN 0%/IRS 0%/Larvicide 0%,0;0.4;0.4_0;0;0_0;0;0_-100;2;5475_-100;2;5475_-100;2;5475,17.041095890411,Prevalence,2.11161533422295e-06
NbyGQVwzFc_loc12_loop6,12,ITN 0%/IRS 0%/Larvicide 0%,0;0.4;0.4_0;0;0_0;0;0_-100;2;5475_-100;2;5475_-100;2;5475,17.0438356164384,Prevalence,2.11973824870667e-06
NbyGQVwzFc_loc12_loop6,12,ITN 0%/IRS 0%/Larvicide 0%,0;0.4;0.4_0;0;0_0;0;0_-100;2;5475_-100;2;5475_-100;2;5475,17.0465753424658,Prevalence,2.12789548744244e-06
NbyGQVwzFc_loc12_loop6,12,ITN 0%/IRS 0%/Larvicide 0%,0;0.4;0.4_0;0;0_0;0;0_-100;2;5475_-100;2;5475_-100;2;5475,17.0493150684932,Prevalence,2.13608720483204e-06
NbyGQVwzFc_loc12_loop6,12,ITN 0%/IRS 0%/Larvicide 0%,0;0.4;0.4_0;0;0_0;0;0_-100;2;5475_-100;2;5475_-100;2;5475,17.0520547945205,Prevalence,2.14431355600662e-06
NbyGQVwzFc_loc12_loop6,12,ITN 0%/IRS 0%/Larvicide 0%,0;0.4;0.4_0;0;0_0;0;0_-100;2;5475_-100;2;5475_-100;2;5475,17.0547945205479,Prevalence,2.15257469683031e-06
NbyGQVwzFc_loc12_loop6,12,ITN 0%/IRS 0%/Larvicide 0%,0;0.4;0.4_0;0;0_0;0;0_-100;2;5475_-100;2;5475_-100;2;5475,17.0575342465753,Prevalence,2.16087078390376e-06
NbyGQVwzFc_loc12_loop6,12,ITN 0%/IRS 0%/Larvicide 0%,0;0.4;0.4_0;0;0_0;0;0_-100;2;5475_-100;2;5475_-100;2;5475,17.0602739726027,Prevalence,2.16920197456779e-06
NbyGQVwzFc_loc12_loop6,12,ITN 0%/IRS 0%/Larvicide 0%,0;0.4;0.4_0;0;0_0;0;0_-100;2;5475_-100;2;5475_-100;2;5475,17.0630136986301,Prevalence,2.17756842690695e-06
NbyGQVwzFc_loc12_loop6,12,ITN 0%/IRS 0%/Larvicide 0%,0;0.4;0.4_0;0;0_0;0;0_-100;2;5475_-100;2;5475_-100;2;5475,17.0657534246575,Prevalence,2.1859702997532e-06
NbyGQVwzFc_loc12_loop6,12,ITN 0%/IRS 0%/Larvicide 0%,0;0.4;0.4_0;0;0_0;0;0_-100;2;5475_-100;2;5475_-100;2;5475,17.0684931506849,Prevalence,2.19440775268956e-06
NbyGQVwzFc_loc12_loop6,12,ITN 0%/IRS 0%/Larvicide 0%,0;0.4;0.4_0;0;0_0;0;0_-100;2;5475_-100;2;5475_-100;2;5475,17.0712328767123,Prevalence,2.20288094605384e-06
NbyGQVwzFc_loc12_loop6,12,ITN 0%/IRS 0%/Larvicide 0%,0;0.4;0.4_0;0;0_0;0;0_-100;2;5475_-100;2;5475_-100;2;5475,17.0739726027397,Prevalence,2.21139004094217e-06
NbyGQVwzFc_loc12_loop6,12,ITN 0%/IRS 0%/Larvicide 0%,0;0.4;0.4_0;0;0_0;0;0_-100;2;5475_-100;2;5475_-100;2;5475,17.0767123287671,Prevalence,2.21993519921276e-06
NbyGQVwzFc_loc12_loop6,12,ITN 0%/IRS 0%/Larvicide 0%,0;0.4;0.4_0;0;0_0;0;0_-100;2;5475_-100;2;5475_-100;2;5475,17.0794520547945,Prevalence,2.22851658348968e-06
NbyGQVwzFc_loc12_loop6,12,ITN 0%/IRS 0%/Larvicide 0%,0;0.4;0.4_0;0;0_0;0;0_-100;2;5475_-100;2;5475_-100;2;5475,17.0821917808219,Prevalence,2.23713435716659e-06
NbyGQVwzFc_loc12_loop6,12,ITN 0%/IRS 0%/Larvicide 0%,0;0.4;0.4_0;0;0_0;0;0_-100;2;5475_-100;2;5475_-100;2;5475,17.0849315068493,Prevalence,2.24578868441054e-06
NbyGQVwzFc_loc12_loop6,12,ITN 0%/IRS 0%/Larvicide 0%,0;0.4;0.4_0;0;0_0;0;0_-100;2;5475_-100;2;5475_-100;2;5475,17.0876712328767,Prevalence,2.25447973016571e-06
NbyGQVwzFc_loc12_loop6,12,ITN 0%/IRS 0%/Larvicide 0%,0;0.4;0.4_0;0;0_0;0;0_-100;2;5475_-100;2;5475_-100;2;5475,17.0904109589041,Prevalence,2.26320766015724e-06
NbyGQVwzFc_loc12_loop6,12,ITN 0%/IRS 0%/Larvicide 0%,0;0.4;0.4_0;0;0_0;0;0_-100;2;5475_-100;2;5475_-100;2;5475,17.0931506849315,Prevalence,2.27197264089505e-06
NbyGQVwzFc_loc12_loop6,12,ITN 0%/IRS 0%/Larvicide 0%,0;0.4;0.4_0;0;0_0;0;0_-100;2;5475_-100;2;5475_-100;2;5475,17.0958904109589,Prevalence,2.2807748396777e-06
NbyGQVwzFc_loc12_loop6,12,ITN 0%/IRS 0%/Larvicide 0%,0;0.4;0.4_0;0;0_0;0;0_-100;2;5475_-100;2;5475_-100;2;5475,17.0986301369863,Prevalence,2.2896144245962e-06
NbyGQVwzFc_loc12_loop6,12,ITN 0%/IRS 0%/Larvicide 0%,0;0.4;0.4_0;0;0_0;0;0_-100;2;5475_-100;2;5475_-100;2;5475,17.1013698630137,Prevalence,2.29849156453796e-06
NbyGQVwzFc_loc12_loop6,12,ITN 0%/IRS 0%/Larvicide 0%,0;0.4;0.4_0;0;0_0;0;0_-100;2;5475_-100;2;5475_-100;2;5475,17.1041095890411,Prevalence,2.30740642919065e-06
NbyGQVwzFc_loc12_loop6,12,ITN 0%/IRS 0%/Larvicide 0%,0;0.4;0.4_0;0;0_0;0;0_-100;2;5475_-100;2;5475_-100;2;5475,17.1068493150685,Prevalence,2.31635918904613e-06
NbyGQVwzFc_loc12_loop6,12,ITN 0%/IRS 0%/Larvicide 0%,0;0.4;0.4_0;0;0_0;0;0_-100;2;5475_-100;2;5475_-100;2;5475,17.1095890410959,Prevalence,2.32535001540441e-06
NbyGQVwzFc_loc12_loop6,12,ITN 0%/IRS 0%/Larvicide 0%,0;0.4;0.4_0;0;0_0;0;0_-100;2;5475_-100;2;5475_-100;2;5475,17.1123287671233,Prevalence,2.33437908037756e-06
NbyGQVwzFc_loc12_loop6,12,ITN 0%/IRS 0%/Larvicide 0%,0;0.4;0.4_0;0;0_0;0;0_-100;2;5475_-100;2;5475_-100;2;5475,17.1150684931507,Prevalence,2.34344655689375e-06
NbyGQVwzFc_loc12_loop6,12,ITN 0%/IRS 0%/Larvicide 0%,0;0.4;0.4_0;0;0_0;0;0_-100;2;5475_-100;2;5475_-100;2;5475,17.1178082191781,Prevalence,2.35255261870123e-06
NbyGQVwzFc_loc12_loop6,12,ITN 0%/IRS 0%/Larvicide 0%,0;0.4;0.4_0;0;0_0;0;0_-100;2;5475_-100;2;5475_-100;2;5475,17.1205479452055,Prevalence,2.36169744037232e-06
NbyGQVwzFc_loc12_loop6,12,ITN 0%/IRS 0%/Larvicide 0%,0;0.4;0.4_0;0;0_0;0;0_-100;2;5475_-100;2;5475_-100;2;5475,17.1232876712329,Prevalence,2.37088119730753e-06
NbyGQVwzFc_loc12_loop6,12,ITN 0%/IRS 0%/Larvicide 0%,0;0.4;0.4_0;0;0_0;0;0_-100;2;5475_-100;2;5475_-100;2;5475,17.1260273972603,Prevalence,2.38010406573952e-06
NbyGQVwzFc_loc12_loop6,12,ITN 0%/IRS 0%/Larvicide 0%,0;0.4;0.4_0;0;0_0;0;0_-100;2;5475_-100;2;5475_-100;2;5475,17.1287671232877,Prevalence,2.38936622273728e-06
NbyGQVwzFc_loc12_loop6,12,ITN 0%/IRS 0%/Larvicide 0%,0;0.4;0.4_0;0;0_0;0;0_-100;2;5475_-100;2;5475_-100;2;5475,17.1315068493151,Prevalence,2.39866784621014e-06
NbyGQVwzFc_loc12_loop6,12,ITN 0%/IRS 0%/Larvicide 0%,0;0.4;0.4_0;0;0_0;0;0_-100;2;5475_-100;2;5475_-100;2;5475,17.1342465753425,Prevalence,2.408009114912e-06
NbyGQVwzFc_loc12_loop6,12,ITN 0%/IRS 0%/Larvicide 0%,0;0.4;0.4_0;0;0_0;0;0_-100;2;5475_-100;2;5475_-100;2;5475,17.1369863013699,Prevalence,2.41739020844539e-06
NbyGQVwzFc_loc12_loop6,12,ITN 0%/IRS 0%/Larvicide 0%,0;0.4;0.4_0;0;0_0;0;0_-100;2;5475_-100;2;5475_-100;2;5475,17.1397260273973,Prevalence,2.42681130726563e-06
NbyGQVwzFc_loc12_loop6,12,ITN 0%/IRS 0%/Larvicide 0%,0;0.4;0.4_0;0;0_0;0;0_-100;2;5475_-100;2;5475_-100;2;5475,17.1424657534247,Prevalence,2.43627259268513e-06
NbyGQVwzFc_loc12_loop6,12,ITN 0%/IRS 0%/Larvicide 0%,0;0.4;0.4_0;0;0_0;0;0_-100;2;5475_-100;2;5475_-100;2;5475,17.1452054794521,Prevalence,2.44577424687745e-06
NbyGQVwzFc_loc12_loop6,12,ITN 0%/IRS 0%/Larvicide 0%,0;0.4;0.4_0;0;0_0;0;0_-100;2;5475_-100;2;5475_-100;2;5475,17.1479452054795,Prevalence,2.45531645288162e-06
NbyGQVwzFc_loc12_loop6,12,ITN 0%/IRS 0%/Larvicide 0%,0;0.4;0.4_0;0;0_0;0;0_-100;2;5475_-100;2;5475_-100;2;5475,17.1506849315069,Prevalence,2.4648993946064e-06
NbyGQVwzFc_loc12_loop6,12,ITN 0%/IRS 0%/Larvicide 0%,0;0.4;0.4_0;0;0_0;0;0_-100;2;5475_-100;2;5475_-100;2;5475,17.1534246575342,Prevalence,2.47452325683447e-06
NbyGQVwzFc_loc12_loop6,12,ITN 0%/IRS 0%/Larvicide 0%,0;0.4;0.4_0;0;0_0;0;0_-100;2;5475_-100;2;5475_-100;2;5475,17.1561643835616,Prevalence,2.48418822522683e-06
NbyGQVwzFc_loc12_loop6,12,ITN 0%/IRS 0%/Larvicide 0%,0;0.4;0.4_0;0;0_0;0;0_-100;2;5475_-100;2;5475_-100;2;5475,17.158904109589,Prevalence,2.49389448632703e-06
NbyGQVwzFc_loc12_loop6,12,ITN 0%/IRS 0%/Larvicide 0%,0;0.4;0.4_0;0;0_0;0;0_-100;2;5475_-100;2;5475_-100;2;5475,17.1616438356164,Prevalence,2.50364222756553e-06
NbyGQVwzFc_loc12_loop6,12,ITN 0%/IRS 0%/Larvicide 0%,0;0.4;0.4_0;0;0_0;0;0_-100;2;5475_-100;2;5475_-100;2;5475,17.1643835616438,Prevalence,2.51343163726415e-06
NbyGQVwzFc_loc12_loop6,12,ITN 0%/IRS 0%/Larvicide 0%,0;0.4;0.4_0;0;0_0;0;0_-100;2;5475_-100;2;5475_-100;2;5475,17.1671232876712,Prevalence,2.52326290464036e-06
NbyGQVwzFc_loc12_loop6,12,ITN 0%/IRS 0%/Larvicide 0%,0;0.4;0.4_0;0;0_0;0;0_-100;2;5475_-100;2;5475_-100;2;5475,17.1698630136986,Prevalence,2.53313621981159e-06
NbyGQVwzFc_loc12_loop6,12,ITN 0%/IRS 0%/Larvicide 0%,0;0.4;0.4_0;0;0_0;0;0_-100;2;5475_-100;2;5475_-100;2;5475,17.172602739726,Prevalence,2.54305177379975e-06
NbyGQVwzFc_loc12_loop6,12,ITN 0%/IRS 0%/Larvicide 0%,0;0.4;0.4_0;0;0_0;0;0_-100;2;5475_-100;2;5475_-100;2;5475,17.1753424657534,Prevalence,2.5530097585357e-06
NbyGQVwzFc_loc12_loop6,12,ITN 0%/IRS 0%/Larvicide 0%,0;0.4;0.4_0;0;0_0;0;0_-100;2;5475_-100;2;5475_-100;2;5475,17.1780821917808,Prevalence,2.56301036686371e-06
NbyGQVwzFc_loc12_loop6,12,ITN 0%/IRS 0%/Larvicide 0%,0;0.4;0.4_0;0;0_0;0;0_-100;2;5475_-100;2;5475_-100;2;5475,17.1808219178082,Prevalence,2.57305379254595e-06
NbyGQVwzFc_loc12_loop6,12,ITN 0%/IRS 0%/Larvicide 0%,0;0.4;0.4_0;0;0_0;0;0_-100;2;5475_-100;2;5475_-100;2;5475,17.1835616438356,Prevalence,2.58314023026698e-06
NbyGQVwzFc_loc12_loop6,12,ITN 0%/IRS 0%/Larvicide 0%,0;0.4;0.4_0;0;0_0;0;0_-100;2;5475_-100;2;5475_-100;2;5475,17.186301369863,Prevalence,2.59326987563837e-06
NbyGQVwzFc_loc12_loop6,12,ITN 0%/IRS 0%/Larvicide 0%,0;0.4;0.4_0;0;0_0;0;0_-100;2;5475_-100;2;5475_-100;2;5475,17.1890410958904,Prevalence,2.60344292520318e-06
NbyGQVwzFc_loc12_loop6,12,ITN 0%/IRS 0%/Larvicide 0%,0;0.4;0.4_0;0;0_0;0;0_-100;2;5475_-100;2;5475_-100;2;5475,17.1917808219178,Prevalence,2.61365957644055e-06
NbyGQVwzFc_loc12_loop6,12,ITN 0%/IRS 0%/Larvicide 0%,0;0.4;0.4_0;0;0_0;0;0_-100;2;5475_-100;2;5475_-100;2;5475,17.1945205479452,Prevalence,2.62392002777039e-06
NbyGQVwzFc_loc12_loop6,12,ITN 0%/IRS 0%/Larvicide 0%,0;0.4;0.4_0;0;0_0;0;0_-100;2;5475_-100;2;5475_-100;2;5475,17.1972602739726,Prevalence,2.63422447855789e-06
NbyGQVwzFc_loc12_loop6,12,ITN 0%/IRS 0%/Larvicide 0%,0;0.4;0.4_0;0;0_0;0;0_-100;2;5475_-100;2;5475_-100;2;5475,17.2,Prevalence,2.6445731291183e-06
NbyGQVwzFc_loc12_loop6,12,ITN 0%/IRS 0%/Larvicide 0%,0;0.4;0.4_0;0;0_0;0;0_-100;2;5475_-100;2;5475_-100;2;5475,17.2027397260274,Prevalence,2.65496618072149e-06
NbyGQVwzFc_loc12_loop6,12,ITN 0%/IRS 0%/Larvicide 0%,0;0.4;0.4_0;0;0_0;0;0_-100;2;5475_-100;2;5475_-100;2;5475,17.2054794520548,Prevalence,2.66540383559677e-06
NbyGQVwzFc_loc12_loop6,12,ITN 0%/IRS 0%/Larvicide 0%,0;0.4;0.4_0;0;0_0;0;0_-100;2;5475_-100;2;5475_-100;2;5475,17.2082191780822,Prevalence,2.67588629693752e-06
NbyGQVwzFc_loc12_loop6,12,ITN 0%/IRS 0%/Larvicide 0%,0;0.4;0.4_0;0;0_0;0;0_-100;2;5475_-100;2;5475_-100;2;5475,17.2109589041096,Prevalence,2.68641376890598e-06
NbyGQVwzFc_loc12_loop6,12,ITN 0%/IRS 0%/Larvicide 0%,0;0.4;0.4_0;0;0_0;0;0_-100;2;5475_-100;2;5475_-100;2;5475,17.213698630137,Prevalence,2.69698645663803e-06
NbyGQVwzFc_loc12_loop6,12,ITN 0%/IRS 0%/Larvicide 0%,0;0.4;0.4_0;0;0_0;0;0_-100;2;5475_-100;2;5475_-100;2;5475,17.2164383561644,Prevalence,2.70760456624797e-06
NbyGQVwzFc_loc12_loop6,12,ITN 0%/IRS 0%/Larvicide 0%,0;0.4;0.4_0;0;0_0;0;0_-100;2;5475_-100;2;5475_-100;2;5475,17.2191780821918,Prevalence,2.71826830483337e-06
NbyGQVwzFc_loc12_loop6,12,ITN 0%/IRS 0%/Larvicide 0%,0;0.4;0.4_0;0;0_0;0;0_-100;2;5475_-100;2;5475_-100;2;5475,17.2219178082192,Prevalence,2.72897788047988e-06
NbyGQVwzFc_loc12_loop6,12,ITN 0%/IRS 0%/Larvicide 0%,0;0.4;0.4_0;0;0_0;0;0_-100;2;5475_-100;2;5475_-100;2;5475,17.2246575342466,Prevalence,2.73973350226613e-06
NbyGQVwzFc_loc12_loop6,12,ITN 0%/IRS 0%/Larvicide 0%,0;0.4;0.4_0;0;0_0;0;0_-100;2;5475_-100;2;5475_-100;2;5475,17.227397260274,Prevalence,2.75053538026862e-06
NbyGQVwzFc_loc12_loop6,12,ITN 0%/IRS 0%/Larvicide 0%,0;0.4;0.4_0;0;0_0;0;0_-100;2;5475_-100;2;5475_-100;2;5475,17.2301369863014,Prevalence,2.76138372556663e-06
NbyGQVwzFc_loc12_loop6,12,ITN 0%/IRS 0%/Larvicide 0%,0;0.4;0.4_0;0;0_0;0;0_-100;2;5475_-100;2;5475_-100;2;5475,17.2328767123288,Prevalence,2.77227875024719e-06
NbyGQVwzFc_loc12_loop6,12,ITN 0%/IRS 0%/Larvicide 0%,0;0.4;0.4_0;0;0_0;0;0_-100;2;5475_-100;2;5475_-100;2;5475,17.2356164383562,Prevalence,2.78322066741002e-06
NbyGQVwzFc_loc12_loop6,12,ITN 0%/IRS 0%/Larvicide 0%,0;0.4;0.4_0;0;0_0;0;0_-100;2;5475_-100;2;5475_-100;2;5475,17.2383561643836,Prevalence,2.79420969117257e-06
NbyGQVwzFc_loc12_loop6,12,ITN 0%/IRS 0%/Larvicide 0%,0;0.4;0.4_0;0;0_0;0;0_-100;2;5475_-100;2;5475_-100;2;5475,17.241095890411,Prevalence,2.80524603667497e-06
NbyGQVwzFc_loc12_loop6,12,ITN 0%/IRS 0%/Larvicide 0%,0;0.4;0.4_0;0;0_0;0;0_-100;2;5475_-100;2;5475_-100;2;5475,17.2438356164384,Prevalence,2.81632992008514e-06
NbyGQVwzFc_loc12_loop6,12,ITN 0%/IRS 0%/Larvicide 0%,0;0.4;0.4_0;0;0_0;0;0_-100;2;5475_-100;2;5475_-100;2;5475,17.2465753424658,Prevalence,2.82746155860388e-06
NbyGQVwzFc_loc12_loop6,12,ITN 0%/IRS 0%/Larvicide 0%,0;0.4;0.4_0;0;0_0;0;0_-100;2;5475_-100;2;5475_-100;2;5475,17.2493150684932,Prevalence,2.83864117046987e-06
NbyGQVwzFc_loc12_loop6,12,ITN 0%/IRS 0%/Larvicide 0%,0;0.4;0.4_0;0;0_0;0;0_-100;2;5475_-100;2;5475_-100;2;5475,17.2520547945205,Prevalence,2.84986897496492e-06
NbyGQVwzFc_loc12_loop6,12,ITN 0%/IRS 0%/Larvicide 0%,0;0.4;0.4_0;0;0_0;0;0_-100;2;5475_-100;2;5475_-100;2;5475,17.2547945205479,Prevalence,2.861145192419e-06
NbyGQVwzFc_loc12_loop6,12,ITN 0%/IRS 0%/Larvicide 0%,0;0.4;0.4_0;0;0_0;0;0_-100;2;5475_-100;2;5475_-100;2;5475,17.2575342465753,Prevalence,2.87247004421552e-06
NbyGQVwzFc_loc12_loop6,12,ITN 0%/IRS 0%/Larvicide 0%,0;0.4;0.4_0;0;0_0;0;0_-100;2;5475_-100;2;5475_-100;2;5475,17.2602739726027,Prevalence,2.88384375279645e-06
NbyGQVwzFc_loc12_loop6,12,ITN 0%/IRS 0%/Larvicide 0%,0;0.4;0.4_0;0;0_0;0;0_-100;2;5475_-100;2;5475_-100;2;5475,17.2630136986301,Prevalence,2.89526654166763e-06
NbyGQVwzFc_loc12_loop6,12,ITN 0%/IRS 0%/Larvicide 0%,0;0.4;0.4_0;0;0_0;0;0_-100;2;5475_-100;2;5475_-100;2;5475,17.2657534246575,Prevalence,2.90673863540402e-06
NbyGQVwzFc_loc12_loop6,12,ITN 0%/IRS 0%/Larvicide 0%,0;0.4;0.4_0;0;0_0;0;0_-100;2;5475_-100;2;5475_-100;2;5475,17.2684931506849,Prevalence,2.91826025965485e-06
NbyGQVwzFc_loc12_loop6,12,ITN 0%/IRS 0%/Larvicide 0%,0;0.4;0.4_0;0;0_0;0;0_-100;2;5475_-100;2;5475_-100;2;5475,17.2712328767123,Prevalence,2.92983164114896e-06
NbyGQVwzFc_loc12_loop6,12,ITN 0%/IRS 0%/Larvicide 0%,0;0.4;0.4_0;0;0_0;0;0_-100;2;5475_-100;2;5475_-100;2;5475,17.2739726027397,Prevalence,2.94145300770026e-06
NbyGQVwzFc_loc12_loop6,12,ITN 0%/IRS 0%/Larvicide 0%,0;0.4;0.4_0;0;0_0;0;0_-100;2;5475_-100;2;5475_-100;2;5475,17.2767123287671,Prevalence,2.95312458821297e-06
NbyGQVwzFc_loc12_loop6,12,ITN 0%/IRS 0%/Larvicide 0%,0;0.4;0.4_0;0;0_0;0;0_-100;2;5475_-100;2;5475_-100;2;5475,17.2794520547945,Prevalence,2.9648466126871e-06
NbyGQVwzFc_loc12_loop6,12,ITN 0%/IRS 0%/Larvicide 0%,0;0.4;0.4_0;0;0_0;0;0_-100;2;5475_-100;2;5475_-100;2;5475,17.2821917808219,Prevalence,2.97661931222383e-06
NbyGQVwzFc_loc12_loop6,12,ITN 0%/IRS 0%/Larvicide 0%,0;0.4;0.4_0;0;0_0;0;0_-100;2;5475_-100;2;5475_-100;2;5475,17.2849315068493,Prevalence,2.98844291903097e-06
NbyGQVwzFc_loc12_loop6,12,ITN 0%/IRS 0%/Larvicide 0%,0;0.4;0.4_0;0;0_0;0;0_-100;2;5475_-100;2;5475_-100;2;5475,17.2876712328767,Prevalence,3.00031766642841e-06
NbyGQVwzFc_loc12_loop6,12,ITN 0%/IRS 0%/Larvicide 0%,0;0.4;0.4_0;0;0_0;0;0_-100;2;5475_-100;2;5475_-100;2;5475,17.2904109589041,Prevalence,3.01224378885367e-06
NbyGQVwzFc_loc12_loop6,12,ITN 0%/IRS 0%/Larvicide 0%,0;0.4;0.4_0;0;0_0;0;0_-100;2;5475_-100;2;5475_-100;2;5475,17.2931506849315,Prevalence,3.02422152186734e-06
NbyGQVwzFc_loc12_loop6,12,ITN 0%/IRS 0%/Larvicide 0%,0;0.4;0.4_0;0;0_0;0;0_-100;2;5475_-100;2;5475_-100;2;5475,17.2958904109589,Prevalence,3.03625110215875e-06
NbyGQVwzFc_loc12_loop6,12,ITN 0%/IRS 0%/Larvicide 0%,0;0.4;0.4_0;0;0_0;0;0_-100;2;5475_-100;2;5475_-100;2;5475,17.2986301369863,Prevalence,3.04833276755146e-06
NbyGQVwzFc_loc12_loop6,12,ITN 0%/IRS 0%/Larvicide 0%,0;0.4;0.4_0;0;0_0;0;0_-100;2;5475_-100;2;5475_-100;2;5475,17.3013698630137,Prevalence,3.06046675700889e-06
NbyGQVwzFc_loc12_loop6,12,ITN 0%/IRS 0%/Larvicide 0%,0;0.4;0.4_0;0;0_0;0;0_-100;2;5475_-100;2;5475_-100;2;5475,17.3041095890411,Prevalence,3.07265331064003e-06
NbyGQVwzFc_loc12_loop6,12,ITN 0%/IRS 0%/Larvicide 0%,0;0.4;0.4_0;0;0_0;0;0_-100;2;5475_-100;2;5475_-100;2;5475,17.3068493150685,Prevalence,3.08489266970502e-06
NbyGQVwzFc_loc12_loop6,12,ITN 0%/IRS 0%/Larvicide 0%,0;0.4;0.4_0;0;0_0;0;0_-100;2;5475_-100;2;5475_-100;2;5475,17.3095890410959,Prevalence,3.0971850766209e-06
NbyGQVwzFc_loc12_loop6,12,ITN 0%/IRS 0%/Larvicide 0%,0;0.4;0.4_0;0;0_0;0;0_-100;2;5475_-100;2;5475_-100;2;5475,17.3123287671233,Prevalence,3.10953077496735e-06
NbyGQVwzFc_loc12_loop6,12,ITN 0%/IRS 0%/Larvicide 0%,0;0.4;0.4_0;0;0_0;0;0_-100;2;5475_-100;2;5475_-100;2;5475,17.3150684931507,Prevalence,3.12193000949239e-06
NbyGQVwzFc_loc12_loop6,12,ITN 0%/IRS 0%/Larvicide 0%,0;0.4;0.4_0;0;0_0;0;0_-100;2;5475_-100;2;5475_-100;2;5475,17.3178082191781,Prevalence,3.13438302611822e-06
NbyGQVwzFc_loc12_loop6,12,ITN 0%/IRS 0%/Larvicide 0%,0;0.4;0.4_0;0;0_0;0;0_-100;2;5475_-100;2;5475_-100;2;5475,17.3205479452055,Prevalence,3.146890071947e-06
NbyGQVwzFc_loc12_loop6,12,ITN 0%/IRS 0%/Larvicide 0%,0;0.4;0.4_0;0;0_0;0;0_-100;2;5475_-100;2;5475_-100;2;5475,17.3232876712329,Prevalence,3.15945139526674e-06
NbyGQVwzFc_loc12_loop6,12,ITN 0%/IRS 0%/Larvicide 0%,0;0.4;0.4_0;0;0_0;0;0_-100;2;5475_-100;2;5475_-100;2;5475,17.3260273972603,Prevalence,3.1720672455571e-06
NbyGQVwzFc_loc12_loop6,12,ITN 0%/IRS 0%/Larvicide 0%,0;0.4;0.4_0;0;0_0;0;0_-100;2;5475_-100;2;5475_-100;2;5475,17.3287671232877,Prevalence,3.1847378734954e-06
NbyGQVwzFc_loc12_loop6,12,ITN 0%/IRS 0%/Larvicide 0%,0;0.4;0.4_0;0;0_0;0;0_-100;2;5475_-100;2;5475_-100;2;5475,17.3315068493151,Prevalence,3.19746353096242e-06
NbyGQVwzFc_loc12_loop6,12,ITN 0%/IRS 0%/Larvicide 0%,0;0.4;0.4_0;0;0_0;0;0_-100;2;5475_-100;2;5475_-100;2;5475,17.3342465753425,Prevalence,3.21024447104851e-06
NbyGQVwzFc_loc12_loop6,12,ITN 0%/IRS 0%/Larvicide 0%,0;0.4;0.4_0;0;0_0;0;0_-100;2;5475_-100;2;5475_-100;2;5475,17.3369863013699,Prevalence,3.22308094805949e-06
NbyGQVwzFc_loc12_loop6,12,ITN 0%/IRS 0%/Larvicide 0%,0;0.4;0.4_0;0;0_0;0;0_-100;2;5475_-100;2;5475_-100;2;5475,17.3397260273973,Prevalence,3.23597321752266e-06
NbyGQVwzFc_loc12_loop6,12,ITN 0%/IRS 0%/Larvicide 0%,0;0.4;0.4_0;0;0_0;0;0_-100;2;5475_-100;2;5475_-100;2;5475,17.3424657534247,Prevalence,3.24892153619296e-06
NbyGQVwzFc_loc12_loop6,12,ITN 0%/IRS 0%/Larvicide 0%,0;0.4;0.4_0;0;0_0;0;0_-100;2;5475_-100;2;5475_-100;2;5475,17.3452054794521,Prevalence,3.26192616205896e-06
NbyGQVwzFc_loc12_loop6,12,ITN 0%/IRS 0%/Larvicide 0%,0;0.4;0.4_0;0;0_0;0;0_-100;2;5475_-100;2;5475_-100;2;5475,17.3479452054795,Prevalence,3.27498735434902e-06
NbyGQVwzFc_loc12_loop6,12,ITN 0%/IRS 0%/Larvicide 0%,0;0.4;0.4_0;0;0_0;0;0_-100;2;5475_-100;2;5475_-100;2;5475,17.3506849315068,Prevalence,3.28810537353742e-06
NbyGQVwzFc_loc12_loop6,12,ITN 0%/IRS 0%/Larvicide 0%,0;0.4;0.4_0;0;0_0;0;0_-100;2;5475_-100;2;5475_-100;2;5475,17.3534246575343,Prevalence,3.30128048135056e-06
NbyGQVwzFc_loc12_loop6,12,ITN 0%/IRS 0%/Larvicide 0%,0;0.4;0.4_0;0;0_0;0;0_-100;2;5475_-100;2;5475_-100;2;5475,17.3561643835616,Prevalence,3.31451294077316e-06
NbyGQVwzFc_loc12_loop6,12,ITN 0%/IRS 0%/Larvicide 0%,0;0.4;0.4_0;0;0_0;0;0_-100;2;5475_-100;2;5475_-100;2;5475,17.358904109589,Prevalence,3.3278030160545e-06
NbyGQVwzFc_loc12_loop6,12,ITN 0%/IRS 0%/Larvicide 0%,0;0.4;0.4_0;0;0_0;0;0_-100;2;5475_-100;2;5475_-100;2;5475,17.3616438356164,Prevalence,3.34115097271472e-06
NbyGQVwzFc_loc12_loop6,12,ITN 0%/IRS 0%/Larvicide 0%,0;0.4;0.4_0;0;0_0;0;0_-100;2;5475_-100;2;5475_-100;2;5475,17.3643835616438,Prevalence,3.35455707755108e-06
NbyGQVwzFc_loc12_loop6,12,ITN 0%/IRS 0%/Larvicide 0%,0;0.4;0.4_0;0;0_0;0;0_-100;2;5475_-100;2;5475_-100;2;5475,17.3671232876712,Prevalence,3.36802159864434e-06
NbyGQVwzFc_loc12_loop6,12,ITN 0%/IRS 0%/Larvicide 0%,0;0.4;0.4_0;0;0_0;0;0_-100;2;5475_-100;2;5475_-100;2;5475,17.3698630136986,Prevalence,3.38154480536518e-06
NbyGQVwzFc_loc12_loop6,12,ITN 0%/IRS 0%/Larvicide 0%,0;0.4;0.4_0;0;0_0;0;0_-100;2;5475_-100;2;5475_-100;2;5475,17.372602739726,Prevalence,3.39512696838049e-06
NbyGQVwzFc_loc12_loop6,12,ITN 0%/IRS 0%/Larvicide 0%,0;0.4;0.4_0;0;0_0;0;0_-100;2;5475_-100;2;5475_-100;2;5475,17.3753424657534,Prevalence,3.40876835965974e-06
NbyGQVwzFc_loc12_loop6,12,ITN 0%/IRS 0%/Larvicide 0%,0;0.4;0.4_0;0;0_0;0;0_-100;2;5475_-100;2;5475_-100;2;5475,17.3780821917808,Prevalence,3.42246925248162e-06
NbyGQVwzFc_loc12_loop6,12,ITN 0%/IRS 0%/Larvicide 0%,0;0.4;0.4_0;0;0_0;0;0_-100;2;5475_-100;2;5475_-100;2;5475,17.3808219178082,Prevalence,3.43622992144046e-06
NbyGQVwzFc_loc12_loop6,12,ITN 0%/IRS 0%/Larvicide 0%,0;0.4;0.4_0;0;0_0;0;0_-100;2;5475_-100;2;5475_-100;2;5475,17.3835616438356,Prevalence,3.45005064245281e-06
NbyGQVwzFc_loc12_loop6,12,ITN 0%/IRS 0%/Larvicide 0%,0;0.4;0.4_0;0;0_0;0;0_-100;2;5475_-100;2;5475_-100;2;5475,17.386301369863,Prevalence,3.46393169276396e-06
NbyGQVwzFc_loc12_loop6,12,ITN 0%/IRS 0%/Larvicide 0%,0;0.4;0.4_0;0;0_0;0;0_-100;2;5475_-100;2;5475_-100;2;5475,17.3890410958904,Prevalence,3.47787335095461e-06
NbyGQVwzFc_loc12_loop6,12,ITN 0%/IRS 0%/Larvicide 0%,0;0.4;0.4_0;0;0_0;0;0_-100;2;5475_-100;2;5475_-100;2;5475,17.3917808219178,Prevalence,3.49187589694744e-06
NbyGQVwzFc_loc12_loop6,12,ITN 0%/IRS 0%/Larvicide 0%,0;0.4;0.4_0;0;0_0;0;0_-100;2;5475_-100;2;5475_-100;2;5475,17.3945205479452,Prevalence,3.50593961201382e-06
NbyGQVwzFc_loc12_loop6,12,ITN 0%/IRS 0%/Larvicide 0%,0;0.4;0.4_0;0;0_0;0;0_-100;2;5475_-100;2;5475_-100;2;5475,17.3972602739726,Prevalence,3.52006477878047e-06
NbyGQVwzFc_loc12_loop6,12,ITN 0%/IRS 0%/Larvicide 0%,0;0.4;0.4_0;0;0_0;0;0_-100;2;5475_-100;2;5475_-100;2;5475,17.4,Prevalence,3.53425168123627e-06
NbyGQVwzFc_loc12_loop6,12,ITN 0%/IRS 0%/Larvicide 0%,0;0.4;0.4_0;0;0_0;0;0_-100;2;5475_-100;2;5475_-100;2;5475,17.4027397260274,Prevalence,3.54850060473893e-06
NbyGQVwzFc_loc12_loop6,12,ITN 0%/IRS 0%/Larvicide 0%,0;0.4;0.4_0;0;0_0;0;0_-100;2;5475_-100;2;5475_-100;2;5475,17.4054794520548,Prevalence,3.5628118360219e-06
NbyGQVwzFc_loc12_loop6,12,ITN 0%/IRS 0%/Larvicide 0%,0;0.4;0.4_0;0;0_0;0;0_-100;2;5475_-100;2;5475_-100;2;5475,17.4082191780822,Prevalence,3.57718566320115e-06
NbyGQVwzFc_loc12_loop6,12,ITN 0%/IRS 0%/Larvicide 0%,0;0.4;0.4_0;0;0_0;0;0_-100;2;5475_-100;2;5475_-100;2;5475,17.4109589041096,Prevalence,3.59162237578204e-06
NbyGQVwzFc_loc12_loop6,12,ITN 0%/IRS 0%/Larvicide 0%,0;0.4;0.4_0;0;0_0;0;0_-100;2;5475_-100;2;5475_-100;2;5475,17.413698630137,Prevalence,3.60612226466626e-06
NbyGQVwzFc_loc12_loop6,12,ITN 0%/IRS 0%/Larvicide 0%,0;0.4;0.4_0;0;0_0;0;0_-100;2;5475_-100;2;5475_-100;2;5475,17.4164383561644,Prevalence,3.62068562215876e-06
NbyGQVwzFc_loc12_loop6,12,ITN 0%/IRS 0%/Larvicide 0%,0;0.4;0.4_0;0;0_0;0;0_-100;2;5475_-100;2;5475_-100;2;5475,17.4191780821918,Prevalence,3.63531274197471e-06
NbyGQVwzFc_loc12_loop6,12,ITN 0%/IRS 0%/Larvicide 0%,0;0.4;0.4_0;0;0_0;0;0_-100;2;5475_-100;2;5475_-100;2;5475,17.4219178082192,Prevalence,3.65000391924658e-06
NbyGQVwzFc_loc12_loop6,12,ITN 0%/IRS 0%/Larvicide 0%,0;0.4;0.4_0;0;0_0;0;0_-100;2;5475_-100;2;5475_-100;2;5475,17.4246575342466,Prevalence,3.66475945053114e-06
NbyGQVwzFc_loc12_loop6,12,ITN 0%/IRS 0%/Larvicide 0%,0;0.4;0.4_0;0;0_0;0;0_-100;2;5475_-100;2;5475_-100;2;5475,17.427397260274,Prevalence,3.67957963381653e-06
NbyGQVwzFc_loc12_loop6,12,ITN 0%/IRS 0%/Larvicide 0%,0;0.4;0.4_0;0;0_0;0;0_-100;2;5475_-100;2;5475_-100;2;5475,17.4301369863014,Prevalence,3.69446476852945e-06
NbyGQVwzFc_loc12_loop6,12,ITN 0%/IRS 0%/Larvicide 0%,0;0.4;0.4_0;0;0_0;0;0_-100;2;5475_-100;2;5475_-100;2;5475,17.4328767123288,Prevalence,3.70941515554224e-06
NbyGQVwzFc_loc12_loop6,12,ITN 0%/IRS 0%/Larvicide 0%,0;0.4;0.4_0;0;0_0;0;0_-100;2;5475_-100;2;5475_-100;2;5475,17.4356164383562,Prevalence,3.72443109718015e-06
NbyGQVwzFc_loc12_loop6,12,ITN 0%/IRS 0%/Larvicide 0%,0;0.4;0.4_0;0;0_0;0;0_-100;2;5475_-100;2;5475_-100;2;5475,17.4383561643836,Prevalence,3.73951289722854e-06
NbyGQVwzFc_loc12_loop6,12,ITN 0%/IRS 0%/Larvicide 0%,0;0.4;0.4_0;0;0_0;0;0_-100;2;5475_-100;2;5475_-100;2;5475,17.441095890411,Prevalence,3.75466086094017e-06
NbyGQVwzFc_loc12_loop6,12,ITN 0%/IRS 0%/Larvicide 0%,0;0.4;0.4_0;0;0_0;0;0_-100;2;5475_-100;2;5475_-100;2;5475,17.4438356164384,Prevalence,3.76987529504243e-06
NbyGQVwzFc_loc12_loop6,12,ITN 0%/IRS 0%/Larvicide 0%,0;0.4;0.4_0;0;0_0;0;0_-100;2;5475_-100;2;5475_-100;2;5475,17.4465753424658,Prevalence,3.7851565077448e-06
NbyGQVwzFc_loc12_loop6,12,ITN 0%/IRS 0%/Larvicide 0%,0;0.4;0.4_0;0;0_0;0;0_-100;2;5475_-100;2;5475_-100;2;5475,17.4493150684932,Prevalence,3.80050480874616e-06
NbyGQVwzFc_loc12_loop6,12,ITN 0%/IRS 0%/Larvicide 0%,0;0.4;0.4_0;0;0_0;0;0_-100;2;5475_-100;2;5475_-100;2;5475,17.4520547945206,Prevalence,3.8159205092422e-06
NbyGQVwzFc_loc12_loop6,12,ITN 0%/IRS 0%/Larvicide 0%,0;0.4;0.4_0;0;0_0;0;0_-100;2;5475_-100;2;5475_-100;2;5475,17.4547945205479,Prevalence,3.83140392193294e-06
NbyGQVwzFc_loc12_loop6,12,ITN 0%/IRS 0%/Larvicide 0%,0;0.4;0.4_0;0;0_0;0;0_-100;2;5475_-100;2;5475_-100;2;5475,17.4575342465753,Prevalence,3.84695536103018e-06
NbyGQVwzFc_loc12_loop6,12,ITN 0%/IRS 0%/Larvicide 0%,0;0.4;0.4_0;0;0_0;0;0_-100;2;5475_-100;2;5475_-100;2;5475,17.4602739726027,Prevalence,3.86257514226505e-06
NbyGQVwzFc_loc12_loop6,12,ITN 0%/IRS 0%/Larvicide 0%,0;0.4;0.4_0;0;0_0;0;0_-100;2;5475_-100;2;5475_-100;2;5475,17.4630136986301,Prevalence,3.87826358289551e-06
NbyGQVwzFc_loc12_loop6,12,ITN 0%/IRS 0%/Larvicide 0%,0;0.4;0.4_0;0;0_0;0;0_-100;2;5475_-100;2;5475_-100;2;5475,17.4657534246575,Prevalence,3.8940210017141e-06
NbyGQVwzFc_loc12_loop6,12,ITN 0%/IRS 0%/Larvicide 0%,0;0.4;0.4_0;0;0_0;0;0_-100;2;5475_-100;2;5475_-100;2;5475,17.4684931506849,Prevalence,3.9098477190555e-06
NbyGQVwzFc_loc12_loop6,12,ITN 0%/IRS 0%/Larvicide 0%,0;0.4;0.4_0;0;0_0;0;0_-100;2;5475_-100;2;5475_-100;2;5475,17.4712328767123,Prevalence,3.92574405680419e-06
NbyGQVwzFc_loc12_loop6,12,ITN 0%/IRS 0%/Larvicide 0%,0;0.4;0.4_0;0;0_0;0;0_-100;2;5475_-100;2;5475_-100;2;5475,17.4739726027397,Prevalence,3.94171033840223e-06
NbyGQVwzFc_loc12_loop6,12,ITN 0%/IRS 0%/Larvicide 0%,0;0.4;0.4_0;0;0_0;0;0_-100;2;5475_-100;2;5475_-100;2;5475,17.4767123287671,Prevalence,3.95774688885704e-06
NbyGQVwzFc_loc12_loop6,12,ITN 0%/IRS 0%/Larvicide 0%,0;0.4;0.4_0;0;0_0;0;0_-100;2;5475_-100;2;5475_-100;2;5475,17.4794520547945,Prevalence,3.97385403474919e-06
NbyGQVwzFc_loc12_loop6,12,ITN 0%/IRS 0%/Larvicide 0%,0;0.4;0.4_0;0;0_0;0;0_-100;2;5475_-100;2;5475_-100;2;5475,17.4821917808219,Prevalence,3.99003210424022e-06
NbyGQVwzFc_loc12_loop6,12,ITN 0%/IRS 0%/Larvicide 0%,0;0.4;0.4_0;0;0_0;0;0_-100;2;5475_-100;2;5475_-100;2;5475,17.4849315068493,Prevalence,4.00628142708045e-06
NbyGQVwzFc_loc12_loop6,12,ITN 0%/IRS 0%/Larvicide 0%,0;0.4;0.4_0;0;0_0;0;0_-100;2;5475_-100;2;5475_-100;2;5475,17.4876712328767,Prevalence,4.022602334617e-06
NbyGQVwzFc_loc12_loop6,12,ITN 0%/IRS 0%/Larvicide 0%,0;0.4;0.4_0;0;0_0;0;0_-100;2;5475_-100;2;5475_-100;2;5475,17.4904109589041,Prevalence,4.03899515980179e-06
NbyGQVwzFc_loc12_loop6,12,ITN 0%/IRS 0%/Larvicide 0%,0;0.4;0.4_0;0;0_0;0;0_-100;2;5475_-100;2;5475_-100;2;5475,17.4931506849315,Prevalence,4.05546023719943e-06
NbyGQVwzFc_loc12_loop6,12,ITN 0%/IRS 0%/Larvicide 0%,0;0.4;0.4_0;0;0_0;0;0_-100;2;5475_-100;2;5475_-100;2;5475,17.4958904109589,Prevalence,4.07199790299542e-06
NbyGQVwzFc_loc12_loop6,12,ITN 0%/IRS 0%/Larvicide 0%,0;0.4;0.4_0;0;0_0;0;0_-100;2;5475_-100;2;5475_-100;2;5475,17.4986301369863,Prevalence,4.08860849500412e-06
NbyGQVwzFc_loc12_loop6,12,ITN 0%/IRS 0%/Larvicide 0%,0;0.4;0.4_0;0;0_0;0;0_-100;2;5475_-100;2;5475_-100;2;5475,17.5013698630137,Prevalence,4.10529235267693e-06
NbyGQVwzFc_loc12_loop6,12,ITN 0%/IRS 0%/Larvicide 0%,0;0.4;0.4_0;0;0_0;0;0_-100;2;5475_-100;2;5475_-100;2;5475,17.5041095890411,Prevalence,4.12204981711048e-06
NbyGQVwzFc_loc12_loop6,12,ITN 0%/IRS 0%/Larvicide 0%,0;0.4;0.4_0;0;0_0;0;0_-100;2;5475_-100;2;5475_-100;2;5475,17.5068493150685,Prevalence,4.13888123105482e-06
NbyGQVwzFc_loc12_loop6,12,ITN 0%/IRS 0%/Larvicide 0%,0;0.4;0.4_0;0;0_0;0;0_-100;2;5475_-100;2;5475_-100;2;5475,17.5095890410959,Prevalence,4.15578693892166e-06
NbyGQVwzFc_loc12_loop6,12,ITN 0%/IRS 0%/Larvicide 0%,0;0.4;0.4_0;0;0_0;0;0_-100;2;5475_-100;2;5475_-100;2;5475,17.5123287671233,Prevalence,4.1727672867927e-06
NbyGQVwzFc_loc12_loop6,12,ITN 0%/IRS 0%/Larvicide 0%,0;0.4;0.4_0;0;0_0;0;0_-100;2;5475_-100;2;5475_-100;2;5475,17.5150684931507,Prevalence,4.18982262242794e-06
NbyGQVwzFc_loc12_loop6,12,ITN 0%/IRS 0%/Larvicide 0%,0;0.4;0.4_0;0;0_0;0;0_-100;2;5475_-100;2;5475_-100;2;5475,17.5178082191781,Prevalence,4.2069532952741e-06
NbyGQVwzFc_loc12_loop6,12,ITN 0%/IRS 0%/Larvicide 0%,0;0.4;0.4_0;0;0_0;0;0_-100;2;5475_-100;2;5475_-100;2;5475,17.5205479452055,Prevalence,4.22415965647299e-06
NbyGQVwzFc_loc12_loop6,12,ITN 0%/IRS 0%/Larvicide 0%,0;0.4;0.4_0;0;0_0;0;0_-100;2;5475_-100;2;5475_-100;2;5475,17.5232876712329,Prevalence,4.24144205887003e-06
NbyGQVwzFc_loc12_loop6,12,ITN 0%/IRS 0%/Larvicide 0%,0;0.4;0.4_0;0;0_0;0;0_-100;2;5475_-100;2;5475_-100;2;5475,17.5260273972603,Prevalence,4.25880085702273e-06
NbyGQVwzFc_loc12_loop6,12,ITN 0%/IRS 0%/Larvicide 0%,0;0.4;0.4_0;0;0_0;0;0_-100;2;5475_-100;2;5475_-100;2;5475,17.5287671232877,Prevalence,4.27623640720924e-06
NbyGQVwzFc_loc12_loop6,12,ITN 0%/IRS 0%/Larvicide 0%,0;0.4;0.4_0;0;0_0;0;0_-100;2;5475_-100;2;5475_-100;2;5475,17.5315068493151,Prevalence,4.29374906743701e-06
NbyGQVwzFc_loc12_loop6,12,ITN 0%/IRS 0%/Larvicide 0%,0;0.4;0.4_0;0;0_0;0;0_-100;2;5475_-100;2;5475_-100;2;5475,17.5342465753425,Prevalence,4.31133919745135e-06
NbyGQVwzFc_loc12_loop6,12,ITN 0%/IRS 0%/Larvicide 0%,0;0.4;0.4_0;0;0_0;0;0_-100;2;5475_-100;2;5475_-100;2;5475,17.5369863013699,Prevalence,4.32900715874417e-06
NbyGQVwzFc_loc12_loop6,12,ITN 0%/IRS 0%/Larvicide 0%,0;0.4;0.4_0;0;0_0;0;0_-100;2;5475_-100;2;5475_-100;2;5475,17.5397260273973,Prevalence,4.34675331456266e-06
NbyGQVwzFc_loc12_loop6,12,ITN 0%/IRS 0%/Larvicide 0%,0;0.4;0.4_0;0;0_0;0;0_-100;2;5475_-100;2;5475_-100;2;5475,17.5424657534247,Prevalence,4.36457802991811e-06
NbyGQVwzFc_loc12_loop6,12,ITN 0%/IRS 0%/Larvicide 0%,0;0.4;0.4_0;0;0_0;0;0_-100;2;5475_-100;2;5475_-100;2;5475,17.5452054794521,Prevalence,4.38248167159473e-06
NbyGQVwzFc_loc12_loop6,12,ITN 0%/IRS 0%/Larvicide 0%,0;0.4;0.4_0;0;0_0;0;0_-100;2;5475_-100;2;5475_-100;2;5475,17.5479452054795,Prevalence,4.4004646081585e-06
NbyGQVwzFc_loc12_loop6,12,ITN 0%/IRS 0%/Larvicide 0%,0;0.4;0.4_0;0;0_0;0;0_-100;2;5475_-100;2;5475_-100;2;5475,17.5506849315069,Prevalence,4.41852720996605e-06
NbyGQVwzFc_loc12_loop6,12,ITN 0%/IRS 0%/Larvicide 0%,0;0.4;0.4_0;0;0_0;0;0_-100;2;5475_-100;2;5475_-100;2;5475,17.5534246575343,Prevalence,4.43666984917369e-06
NbyGQVwzFc_loc12_loop6,12,ITN 0%/IRS 0%/Larvicide 0%,0;0.4;0.4_0;0;0_0;0;0_-100;2;5475_-100;2;5475_-100;2;5475,17.5561643835616,Prevalence,4.45489289974635e-06
NbyGQVwzFc_loc12_loop6,12,ITN 0%/IRS 0%/Larvicide 0%,0;0.4;0.4_0;0;0_0;0;0_-100;2;5475_-100;2;5475_-100;2;5475,17.558904109589,Prevalence,4.47319673746662e-06
NbyGQVwzFc_loc12_loop6,12,ITN 0%/IRS 0%/Larvicide 0%,0;0.4;0.4_0;0;0_0;0;0_-100;2;5475_-100;2;5475_-100;2;5475,17.5616438356164,Prevalence,4.4915817399439e-06
NbyGQVwzFc_loc12_loop6,12,ITN 0%/IRS 0%/Larvicide 0%,0;0.4;0.4_0;0;0_0;0;0_-100;2;5475_-100;2;5475_-100;2;5475,17.5643835616438,Prevalence,4.5100482866235e-06
NbyGQVwzFc_loc12_loop6,12,ITN 0%/IRS 0%/Larvicide 0%,0;0.4;0.4_0;0;0_0;0;0_-100;2;5475_-100;2;5475_-100;2;5475,17.5671232876712,Prevalence,4.52859675879581e-06
NbyGQVwzFc_loc12_loop6,12,ITN 0%/IRS 0%/Larvicide 0%,0;0.4;0.4_0;0;0_0;0;0_-100;2;5475_-100;2;5475_-100;2;5475,17.5698630136986,Prevalence,4.5472275396056e-06
NbyGQVwzFc_loc12_loop6,12,ITN 0%/IRS 0%/Larvicide 0%,0;0.4;0.4_0;0;0_0;0;0_-100;2;5475_-100;2;5475_-100;2;5475,17.572602739726,Prevalence,4.56594101406124e-06
NbyGQVwzFc_loc12_loop6,12,ITN 0%/IRS 0%/Larvicide 0%,0;0.4;0.4_0;0;0_0;0;0_-100;2;5475_-100;2;5475_-100;2;5475,17.5753424657534,Prevalence,4.58473756904403e-06
NbyGQVwzFc_loc12_loop6,12,ITN 0%/IRS 0%/Larvicide 0%,0;0.4;0.4_0;0;0_0;0;0_-100;2;5475_-100;2;5475_-100;2;5475,17.5780821917808,Prevalence,4.60361759331761e-06
NbyGQVwzFc_loc12_loop6,12,ITN 0%/IRS 0%/Larvicide 0%,0;0.4;0.4_0;0;0_0;0;0_-100;2;5475_-100;2;5475_-100;2;5475,17.5808219178082,Prevalence,4.62258147753733e-06
NbyGQVwzFc_loc12_loop6,12,ITN 0%/IRS 0%/Larvicide 0%,0;0.4;0.4_0;0;0_0;0;0_-100;2;5475_-100;2;5475_-100;2;5475,17.5835616438356,Prevalence,4.64162961425981e-06
NbyGQVwzFc_loc12_loop6,12,ITN 0%/IRS 0%/Larvicide 0%,0;0.4;0.4_0;0;0_0;0;0_-100;2;5475_-100;2;5475_-100;2;5475,17.586301369863,Prevalence,4.66076239795237e-06
NbyGQVwzFc_loc12_loop6,12,ITN 0%/IRS 0%/Larvicide 0%,0;0.4;0.4_0;0;0_0;0;0_-100;2;5475_-100;2;5475_-100;2;5475,17.5890410958904,Prevalence,4.67998022500261e-06
NbyGQVwzFc_loc12_loop6,12,ITN 0%/IRS 0%/Larvicide 0%,0;0.4;0.4_0;0;0_0;0;0_-100;2;5475_-100;2;5475_-100;2;5475,17.5917808219178,Prevalence,4.69928349372811e-06
NbyGQVwzFc_loc12_loop6,12,ITN 0%/IRS 0%/Larvicide 0%,0;0.4;0.4_0;0;0_0;0;0_-100;2;5475_-100;2;5475_-100;2;5475,17.5945205479452,Prevalence,4.71867260438601e-06
NbyGQVwzFc_loc12_loop6,12,ITN 0%/IRS 0%/Larvicide 0%,0;0.4;0.4_0;0;0_0;0;0_-100;2;5475_-100;2;5475_-100;2;5475,17.5972602739726,Prevalence,4.73814795918275e-06
NbyGQVwzFc_loc12_loop6,12,ITN 0%/IRS 0%/Larvicide 0%,0;0.4;0.4_0;0;0_0;0;0_-100;2;5475_-100;2;5475_-100;2;5475,17.6,Prevalence,4.75770996228386e-06
NbyGQVwzFc_loc12_loop6,12,ITN 0%/IRS 0%/Larvicide 0%,0;0.4;0.4_0;0;0_0;0;0_-100;2;5475_-100;2;5475_-100;2;5475,17.6027397260274,Prevalence,4.77735901982362e-06
NbyGQVwzFc_loc12_loop6,12,ITN 0%/IRS 0%/Larvicide 0%,0;0.4;0.4_0;0;0_0;0;0_-100;2;5475_-100;2;5475_-100;2;5475,17.6054794520548,Prevalence,4.79709553991511e-06
NbyGQVwzFc_loc12_loop6,12,ITN 0%/IRS 0%/Larvicide 0%,0;0.4;0.4_0;0;0_0;0;0_-100;2;5475_-100;2;5475_-100;2;5475,17.6082191780822,Prevalence,4.81691993266004e-06
NbyGQVwzFc_loc12_loop6,12,ITN 0%/IRS 0%/Larvicide 0%,0;0.4;0.4_0;0;0_0;0;0_-100;2;5475_-100;2;5475_-100;2;5475,17.6109589041096,Prevalence,4.83683261015877e-06
NbyGQVwzFc_loc12_loop6,12,ITN 0%/IRS 0%/Larvicide 0%,0;0.4;0.4_0;0;0_0;0;0_-100;2;5475_-100;2;5475_-100;2;5475,17.613698630137,Prevalence,4.85683398652028e-06
NbyGQVwzFc_loc12_loop6,12,ITN 0%/IRS 0%/Larvicide 0%,0;0.4;0.4_0;0;0_0;0;0_-100;2;5475_-100;2;5475_-100;2;5475,17.6164383561644,Prevalence,4.87692447787229e-06
NbyGQVwzFc_loc12_loop6,12,ITN 0%/IRS 0%/Larvicide 0%,0;0.4;0.4_0;0;0_0;0;0_-100;2;5475_-100;2;5475_-100;2;5475,17.6191780821918,Prevalence,4.89710450237134e-06
NbyGQVwzFc_loc12_loop6,12,ITN 0%/IRS 0%/Larvicide 0%,0;0.4;0.4_0;0;0_0;0;0_-100;2;5475_-100;2;5475_-100;2;5475,17.6219178082192,Prevalence,4.91737448021297e-06
NbyGQVwzFc_loc12_loop6,12,ITN 0%/IRS 0%/Larvicide 0%,0;0.4;0.4_0;0;0_0;0;0_-100;2;5475_-100;2;5475_-100;2;5475,17.6246575342466,Prevalence,4.93773483364196e-06
NbyGQVwzFc_loc12_loop6,12,ITN 0%/IRS 0%/Larvicide 0%,0;0.4;0.4_0;0;0_0;0;0_-100;2;5475_-100;2;5475_-100;2;5475,17.627397260274,Prevalence,4.95818598696259e-06
NbyGQVwzFc_loc12_loop6,12,ITN 0%/IRS 0%/Larvicide 0%,0;0.4;0.4_0;0;0_0;0;0_-100;2;5475_-100;2;5475_-100;2;5475,17.6301369863014,Prevalence,4.97872836654898e-06
NbyGQVwzFc_loc12_loop6,12,ITN 0%/IRS 0%/Larvicide 0%,0;0.4;0.4_0;0;0_0;0;0_-100;2;5475_-100;2;5475_-100;2;5475,17.6328767123288,Prevalence,4.99936240085544e-06
NbyGQVwzFc_loc12_loop6,12,ITN 0%/IRS 0%/Larvicide 0%,0;0.4;0.4_0;0;0_0;0;0_-100;2;5475_-100;2;5475_-100;2;5475,17.6356164383562,Prevalence,5.02008852042696e-06
NbyGQVwzFc_loc12_loop6,12,ITN 0%/IRS 0%/Larvicide 0%,0;0.4;0.4_0;0;0_0;0;0_-100;2;5475_-100;2;5475_-100;2;5475,17.6383561643836,Prevalence,5.04090715790964e-06
NbyGQVwzFc_loc12_loop6,12,ITN 0%/IRS 0%/Larvicide 0%,0;0.4;0.4_0;0;0_0;0;0_-100;2;5475_-100;2;5475_-100;2;5475,17.641095890411,Prevalence,5.06181874806127e-06
NbyGQVwzFc_loc12_loop6,12,ITN 0%/IRS 0%/Larvicide 0%,0;0.4;0.4_0;0;0_0;0;0_-100;2;5475_-100;2;5475_-100;2;5475,17.6438356164384,Prevalence,5.08282372776191e-06
NbyGQVwzFc_loc12_loop6,12,ITN 0%/IRS 0%/Larvicide 0%,0;0.4;0.4_0;0;0_0;0;0_-100;2;5475_-100;2;5475_-100;2;5475,17.6465753424658,Prevalence,5.10392253602451e-06
NbyGQVwzFc_loc12_loop6,12,ITN 0%/IRS 0%/Larvicide 0%,0;0.4;0.4_0;0;0_0;0;0_-100;2;5475_-100;2;5475_-100;2;5475,17.6493150684932,Prevalence,5.12511561400568e-06
NbyGQVwzFc_loc12_loop6,12,ITN 0%/IRS 0%/Larvicide 0%,0;0.4;0.4_0;0;0_0;0;0_-100;2;5475_-100;2;5475_-100;2;5475,17.6520547945205,Prevalence,5.14640340501638e-06
NbyGQVwzFc_loc12_loop6,12,ITN 0%/IRS 0%/Larvicide 0%,0;0.4;0.4_0;0;0_0;0;0_-100;2;5475_-100;2;5475_-100;2;5475,17.6547945205479,Prevalence,5.16778635453279e-06
NbyGQVwzFc_loc12_loop6,12,ITN 0%/IRS 0%/Larvicide 0%,0;0.4;0.4_0;0;0_0;0;0_-100;2;5475_-100;2;5475_-100;2;5475,17.6575342465753,Prevalence,5.18926491020715e-06
NbyGQVwzFc_loc12_loop6,12,ITN 0%/IRS 0%/Larvicide 0%,0;0.4;0.4_0;0;0_0;0;0_-100;2;5475_-100;2;5475_-100;2;5475,17.6602739726027,Prevalence,5.21083952187864e-06
NbyGQVwzFc_loc12_loop6,12,ITN 0%/IRS 0%/Larvicide 0%,0;0.4;0.4_0;0;0_0;0;0_-100;2;5475_-100;2;5475_-100;2;5475,17.6630136986301,Prevalence,5.23251064158445e-06
NbyGQVwzFc_loc12_loop6,12,ITN 0%/IRS 0%/Larvicide 0%,0;0.4;0.4_0;0;0_0;0;0_-100;2;5475_-100;2;5475_-100;2;5475,17.6657534246575,Prevalence,5.25427872357076e-06
NbyGQVwzFc_loc12_loop6,12,ITN 0%/IRS 0%/Larvicide 0%,0;0.4;0.4_0;0;0_0;0;0_-100;2;5475_-100;2;5475_-100;2;5475,17.6684931506849,Prevalence,5.27614422430381e-06
NbyGQVwzFc_loc12_loop6,12,ITN 0%/IRS 0%/Larvicide 0%,0;0.4;0.4_0;0;0_0;0;0_-100;2;5475_-100;2;5475_-100;2;5475,17.6712328767123,Prevalence,5.29810760248112e-06
NbyGQVwzFc_loc12_loop6,12,ITN 0%/IRS 0%/Larvicide 0%,0;0.4;0.4_0;0;0_0;0;0_-100;2;5475_-100;2;5475_-100;2;5475,17.6739726027397,Prevalence,5.32016931904266e-06
NbyGQVwzFc_loc12_loop6,12,ITN 0%/IRS 0%/Larvicide 0%,0;0.4;0.4_0;0;0_0;0;0_-100;2;5475_-100;2;5475_-100;2;5475,17.6767123287671,Prevalence,5.34232983718206e-06
NbyGQVwzFc_loc12_loop6,12,ITN 0%/IRS 0%/Larvicide 0%,0;0.4;0.4_0;0;0_0;0;0_-100;2;5475_-100;2;5475_-100;2;5475,17.6794520547945,Prevalence,5.36458962235801e-06
NbyGQVwzFc_loc12_loop6,12,ITN 0%/IRS 0%/Larvicide 0%,0;0.4;0.4_0;0;0_0;0;0_-100;2;5475_-100;2;5475_-100;2;5475,17.6821917808219,Prevalence,5.38694914230563e-06
NbyGQVwzFc_loc12_loop6,12,ITN 0%/IRS 0%/Larvicide 0%,0;0.4;0.4_0;0;0_0;0;0_-100;2;5475_-100;2;5475_-100;2;5475,17.6849315068493,Prevalence,5.40940886704782e-06
NbyGQVwzFc_loc12_loop6,12,ITN 0%/IRS 0%/Larvicide 0%,0;0.4;0.4_0;0;0_0;0;0_-100;2;5475_-100;2;5475_-100;2;5475,17.6876712328767,Prevalence,5.43196926890688e-06
NbyGQVwzFc_loc12_loop6,12,ITN 0%/IRS 0%/Larvicide 0%,0;0.4;0.4_0;0;0_0;0;0_-100;2;5475_-100;2;5475_-100;2;5475,17.6904109589041,Prevalence,5.45463082251598e-06
NbyGQVwzFc_loc12_loop6,12,ITN 0%/IRS 0%/Larvicide 0%,0;0.4;0.4_0;0;0_0;0;0_-100;2;5475_-100;2;5475_-100;2;5475,17.6931506849315,Prevalence,5.4773940048308e-06
NbyGQVwzFc_loc12_loop6,12,ITN 0%/IRS 0%/Larvicide 0%,0;0.4;0.4_0;0;0_0;0;0_-100;2;5475_-100;2;5475_-100;2;5475,17.6958904109589,Prevalence,5.50025929514119e-06
NbyGQVwzFc_loc12_loop6,12,ITN 0%/IRS 0%/Larvicide 0%,0;0.4;0.4_0;0;0_0;0;0_-100;2;5475_-100;2;5475_-100;2;5475,17.6986301369863,Prevalence,5.52322717508289e-06
NbyGQVwzFc_loc12_loop6,12,ITN 0%/IRS 0%/Larvicide 0%,0;0.4;0.4_0;0;0_0;0;0_-100;2;5475_-100;2;5475_-100;2;5475,17.7013698630137,Prevalence,5.54629812864937e-06
NbyGQVwzFc_loc12_loop6,12,ITN 0%/IRS 0%/Larvicide 0%,0;0.4;0.4_0;0;0_0;0;0_-100;2;5475_-100;2;5475_-100;2;5475,17.7041095890411,Prevalence,5.56947264220364e-06
NbyGQVwzFc_loc12_loop6,12,ITN 0%/IRS 0%/Larvicide 0%,0;0.4;0.4_0;0;0_0;0;0_-100;2;5475_-100;2;5475_-100;2;5475,17.7068493150685,Prevalence,5.59275120449019e-06
NbyGQVwzFc_loc12_loop6,12,ITN 0%/IRS 0%/Larvicide 0%,0;0.4;0.4_0;0;0_0;0;0_-100;2;5475_-100;2;5475_-100;2;5475,17.7095890410959,Prevalence,5.6161343066469e-06
NbyGQVwzFc_loc12_loop6,12,ITN 0%/IRS 0%/Larvicide 0%,0;0.4;0.4_0;0;0_0;0;0_-100;2;5475_-100;2;5475_-100;2;5475,17.7123287671233,Prevalence,5.63962244221719e-06
NbyGQVwzFc_loc12_loop6,12,ITN 0%/IRS 0%/Larvicide 0%,0;0.4;0.4_0;0;0_0;0;0_-100;2;5475_-100;2;5475_-100;2;5475,17.7150684931507,Prevalence,5.66321610716202e-06
NbyGQVwzFc_loc12_loop6,12,ITN 0%/IRS 0%/Larvicide 0%,0;0.4;0.4_0;0;0_0;0;0_-100;2;5475_-100;2;5475_-100;2;5475,17.7178082191781,Prevalence,5.68691579987207e-06
NbyGQVwzFc_loc12_loop6,12,ITN 0%/IRS 0%/Larvicide 0%,0;0.4;0.4_0;0;0_0;0;0_-100;2;5475_-100;2;5475_-100;2;5475,17.7205479452055,Prevalence,5.71072202117996e-06
NbyGQVwzFc_loc12_loop6,12,ITN 0%/IRS 0%/Larvicide 0%,0;0.4;0.4_0;0;0_0;0;0_-100;2;5475_-100;2;5475_-100;2;5475,17.7232876712329,Prevalence,5.73463527437256e-06
NbyGQVwzFc_loc12_loop6,12,ITN 0%/IRS 0%/Larvicide 0%,0;0.4;0.4_0;0;0_0;0;0_-100;2;5475_-100;2;5475_-100;2;5475,17.7260273972603,Prevalence,5.7586560652033e-06
NbyGQVwzFc_loc12_loop6,12,ITN 0%/IRS 0%/Larvicide 0%,0;0.4;0.4_0;0;0_0;0;0_-100;2;5475_-100;2;5475_-100;2;5475,17.7287671232877,Prevalence,5.78278490190454e-06
NbyGQVwzFc_loc12_loop6,12,ITN 0%/IRS 0%/Larvicide 0%,0;0.4;0.4_0;0;0_0;0;0_-100;2;5475_-100;2;5475_-100;2;5475,17.7315068493151,Prevalence,5.80702229520003e-06
NbyGQVwzFc_loc12_loop6,12,ITN 0%/IRS 0%/Larvicide 0%,0;0.4;0.4_0;0;0_0;0;0_-100;2;5475_-100;2;5475_-100;2;5475,17.7342465753425,Prevalence,5.83136875831759e-06
NbyGQVwzFc_loc12_loop6,12,ITN 0%/IRS 0%/Larvicide 0%,0;0.4;0.4_0;0;0_0;0;0_-100;2;5475_-100;2;5475_-100;2;5475,17.7369863013699,Prevalence,5.8558248070016e-06
NbyGQVwzFc_loc12_loop6,12,ITN 0%/IRS 0%/Larvicide 0%,0;0.4;0.4_0;0;0_0;0;0_-100;2;5475_-100;2;5475_-100;2;5475,17.7397260273973,Prevalence,5.8803909595257e-06
NbyGQVwzFc_loc12_loop6,12,ITN 0%/IRS 0%/Larvicide 0%,0;0.4;0.4_0;0;0_0;0;0_-100;2;5475_-100;2;5475_-100;2;5475,17.7424657534247,Prevalence,5.90506773670553e-06
NbyGQVwzFc_loc12_loop6,12,ITN 0%/IRS 0%/Larvicide 0%,0;0.4;0.4_0;0;0_0;0;0_-100;2;5475_-100;2;5475_-100;2;5475,17.7452054794521,Prevalence,5.92985566191143e-06
NbyGQVwzFc_loc12_loop6,12,ITN 0%/IRS 0%/Larvicide 0%,0;0.4;0.4_0;0;0_0;0;0_-100;2;5475_-100;2;5475_-100;2;5475,17.7479452054795,Prevalence,5.95475526108146e-06
NbyGQVwzFc_loc12_loop6,12,ITN 0%/IRS 0%/Larvicide 0%,0;0.4;0.4_0;0;0_0;0;0_-100;2;5475_-100;2;5475_-100;2;5475,17.7506849315069,Prevalence,5.97976706273426e-06
NbyGQVwzFc_loc12_loop6,12,ITN 0%/IRS 0%/Larvicide 0%,0;0.4;0.4_0;0;0_0;0;0_-100;2;5475_-100;2;5475_-100;2;5475,17.7534246575342,Prevalence,6.00489159798193e-06
NbyGQVwzFc_loc12_loop6,12,ITN 0%/IRS 0%/Larvicide 0%,0;0.4;0.4_0;0;0_0;0;0_-100;2;5475_-100;2;5475_-100;2;5475,17.7561643835616,Prevalence,6.03012940054328e-06
NbyGQVwzFc_loc12_loop6,12,ITN 0%/IRS 0%/Larvicide 0%,0;0.4;0.4_0;0;0_0;0;0_-100;2;5475_-100;2;5475_-100;2;5475,17.758904109589,Prevalence,6.0554810067568e-06
NbyGQVwzFc_loc12_loop6,12,ITN 0%/IRS 0%/Larvicide 0%,0;0.4;0.4_0;0;0_0;0;0_-100;2;5475_-100;2;5475_-100;2;5475,17.7616438356164,Prevalence,6.08094695559392e-06
NbyGQVwzFc_loc12_loop6,12,ITN 0%/IRS 0%/Larvicide 0%,0;0.4;0.4_0;0;0_0;0;0_-100;2;5475_-100;2;5475_-100;2;5475,17.7643835616438,Prevalence,6.10652778867228e-06
NbyGQVwzFc_loc12_loop6,12,ITN 0%/IRS 0%/Larvicide 0%,0;0.4;0.4_0;0;0_0;0;0_-100;2;5475_-100;2;5475_-100;2;5475,17.7671232876712,Prevalence,6.13222405026902e-06
NbyGQVwzFc_loc12_loop6,12,ITN 0%/IRS 0%/Larvicide 0%,0;0.4;0.4_0;0;0_0;0;0_-100;2;5475_-100;2;5475_-100;2;5475,17.7698630136986,Prevalence,6.15803628733416e-06
NbyGQVwzFc_loc12_loop6,12,ITN 0%/IRS 0%/Larvicide 0%,0;0.4;0.4_0;0;0_0;0;0_-100;2;5475_-100;2;5475_-100;2;5475,17.772602739726,Prevalence,6.18396504950413e-06
NbyGQVwzFc_loc12_loop6,12,ITN 0%/IRS 0%/Larvicide 0%,0;0.4;0.4_0;0;0_0;0;0_-100;2;5475_-100;2;5475_-100;2;5475,17.7753424657534,Prevalence,6.21001088911528e-06
NbyGQVwzFc_loc12_loop6,12,ITN 0%/IRS 0%/Larvicide 0%,0;0.4;0.4_0;0;0_0;0;0_-100;2;5475_-100;2;5475_-100;2;5475,17.7780821917808,Prevalence,6.23617436121742e-06
NbyGQVwzFc_loc12_loop6,12,ITN 0%/IRS 0%/Larvicide 0%,0;0.4;0.4_0;0;0_0;0;0_-100;2;5475_-100;2;5475_-100;2;5475,17.7808219178082,Prevalence,6.26245602358759e-06
NbyGQVwzFc_loc12_loop6,12,ITN 0%/IRS 0%/Larvicide 0%,0;0.4;0.4_0;0;0_0;0;0_-100;2;5475_-100;2;5475_-100;2;5475,17.7835616438356,Prevalence,6.28885643674368e-06
NbyGQVwzFc_loc12_loop6,12,ITN 0%/IRS 0%/Larvicide 0%,0;0.4;0.4_0;0;0_0;0;0_-100;2;5475_-100;2;5475_-100;2;5475,17.786301369863,Prevalence,6.3153761639584e-06
NbyGQVwzFc_loc12_loop6,12,ITN 0%/IRS 0%/Larvicide 0%,0;0.4;0.4_0;0;0_0;0;0_-100;2;5475_-100;2;5475_-100;2;5475,17.7890410958904,Prevalence,6.34201577127301e-06
NbyGQVwzFc_loc12_loop6,12,ITN 0%/IRS 0%/Larvicide 0%,0;0.4;0.4_0;0;0_0;0;0_-100;2;5475_-100;2;5475_-100;2;5475,17.7917808219178,Prevalence,6.36877582751136e-06
NbyGQVwzFc_loc12_loop6,12,ITN 0%/IRS 0%/Larvicide 0%,0;0.4;0.4_0;0;0_0;0;0_-100;2;5475_-100;2;5475_-100;2;5475,17.7945205479452,Prevalence,6.39565690429388e-06
NbyGQVwzFc_loc12_loop6,12,ITN 0%/IRS 0%/Larvicide 0%,0;0.4;0.4_0;0;0_0;0;0_-100;2;5475_-100;2;5475_-100;2;5475,17.7972602739726,Prevalence,6.42265957605171e-06
NbyGQVwzFc_loc12_loop6,12,ITN 0%/IRS 0%/Larvicide 0%,0;0.4;0.4_0;0;0_0;0;0_-100;2;5475_-100;2;5475_-100;2;5475,17.8,Prevalence,6.44978442004081e-06
NbyGQVwzFc_loc12_loop6,12,ITN 0%/IRS 0%/Larvicide 0%,0;0.4;0.4_0;0;0_0;0;0_-100;2;5475_-100;2;5475_-100;2;5475,17.8027397260274,Prevalence,6.47703201635625e-06
NbyGQVwzFc_loc12_loop6,12,ITN 0%/IRS 0%/Larvicide 0%,0;0.4;0.4_0;0;0_0;0;0_-100;2;5475_-100;2;5475_-100;2;5475,17.8054794520548,Prevalence,6.50440294794652e-06
NbyGQVwzFc_loc12_loop6,12,ITN 0%/IRS 0%/Larvicide 0%,0;0.4;0.4_0;0;0_0;0;0_-100;2;5475_-100;2;5475_-100;2;5475,17.8082191780822,Prevalence,6.5318978006279e-06
NbyGQVwzFc_loc12_loop6,12,ITN 0%/IRS 0%/Larvicide 0%,0;0.4;0.4_0;0;0_0;0;0_-100;2;5475_-100;2;5475_-100;2;5475,17.8109589041096,Prevalence,6.5595171630989e-06
NbyGQVwzFc_loc12_loop6,12,ITN 0%/IRS 0%/Larvicide 0%,0;0.4;0.4_0;0;0_0;0;0_-100;2;5475_-100;2;5475_-100;2;5475,17.813698630137,Prevalence,6.58726162695483e-06
NbyGQVwzFc_loc12_loop6,12,ITN 0%/IRS 0%/Larvicide 0%,0;0.4;0.4_0;0;0_0;0;0_-100;2;5475_-100;2;5475_-100;2;5475,17.8164383561644,Prevalence,6.61513178670244e-06
NbyGQVwzFc_loc12_loop6,12,ITN 0%/IRS 0%/Larvicide 0%,0;0.4;0.4_0;0;0_0;0;0_-100;2;5475_-100;2;5475_-100;2;5475,17.8191780821918,Prevalence,6.64312823977452e-06
NbyGQVwzFc_loc12_loop6,12,ITN 0%/IRS 0%/Larvicide 0%,0;0.4;0.4_0;0;0_0;0;0_-100;2;5475_-100;2;5475_-100;2;5475,17.8219178082192,Prevalence,6.67125158654465e-06
NbyGQVwzFc_loc12_loop6,12,ITN 0%/IRS 0%/Larvicide 0%,0;0.4;0.4_0;0;0_0;0;0_-100;2;5475_-100;2;5475_-100;2;5475,17.8246575342466,Prevalence,6.6995024303422e-06
NbyGQVwzFc_loc12_loop6,12,ITN 0%/IRS 0%/Larvicide 0%,0;0.4;0.4_0;0;0_0;0;0_-100;2;5475_-100;2;5475_-100;2;5475,17.827397260274,Prevalence,6.72788137746704e-06
NbyGQVwzFc_loc12_loop6,12,ITN 0%/IRS 0%/Larvicide 0%,0;0.4;0.4_0;0;0_0;0;0_-100;2;5475_-100;2;5475_-100;2;5475,17.8301369863014,Prevalence,6.7563890372046e-06
NbyGQVwzFc_loc12_loop6,12,ITN 0%/IRS 0%/Larvicide 0%,0;0.4;0.4_0;0;0_0;0;0_-100;2;5475_-100;2;5475_-100;2;5475,17.8328767123288,Prevalence,6.785026021841e-06
NbyGQVwzFc_loc12_loop6,12,ITN 0%/IRS 0%/Larvicide 0%,0;0.4;0.4_0;0;0_0;0;0_-100;2;5475_-100;2;5475_-100;2;5475,17.8356164383562,Prevalence,6.81379294667807e-06
NbyGQVwzFc_loc12_loop6,12,ITN 0%/IRS 0%/Larvicide 0%,0;0.4;0.4_0;0;0_0;0;0_-100;2;5475_-100;2;5475_-100;2;5475,17.8383561643836,Prevalence,6.84269043004863e-06
NbyGQVwzFc_loc12_loop6,12,ITN 0%/IRS 0%/Larvicide 0%,0;0.4;0.4_0;0;0_0;0;0_-100;2;5475_-100;2;5475_-100;2;5475,17.841095890411,Prevalence,6.87171909333185e-06
NbyGQVwzFc_loc12_loop6,12,ITN 0%/IRS 0%/Larvicide 0%,0;0.4;0.4_0;0;0_0;0;0_-100;2;5475_-100;2;5475_-100;2;5475,17.8438356164384,Prevalence,6.90087956096845e-06
NbyGQVwzFc_loc12_loop6,12,ITN 0%/IRS 0%/Larvicide 0%,0;0.4;0.4_0;0;0_0;0;0_-100;2;5475_-100;2;5475_-100;2;5475,17.8465753424658,Prevalence,6.93017246047632e-06
NbyGQVwzFc_loc12_loop6,12,ITN 0%/IRS 0%/Larvicide 0%,0;0.4;0.4_0;0;0_0;0;0_-100;2;5475_-100;2;5475_-100;2;5475,17.8493150684932,Prevalence,6.959598422466e-06
NbyGQVwzFc_loc12_loop6,12,ITN 0%/IRS 0%/Larvicide 0%,0;0.4;0.4_0;0;0_0;0;0_-100;2;5475_-100;2;5475_-100;2;5475,17.8520547945206,Prevalence,6.98915808065617e-06
NbyGQVwzFc_loc12_loop6,12,ITN 0%/IRS 0%/Larvicide 0%,0;0.4;0.4_0;0;0_0;0;0_-100;2;5475_-100;2;5475_-100;2;5475,17.8547945205479,Prevalence,7.01885207188957e-06
NbyGQVwzFc_loc12_loop6,12,ITN 0%/IRS 0%/Larvicide 0%,0;0.4;0.4_0;0;0_0;0;0_-100;2;5475_-100;2;5475_-100;2;5475,17.8575342465753,Prevalence,7.04868103614857e-06
NbyGQVwzFc_loc12_loop6,12,ITN 0%/IRS 0%/Larvicide 0%,0;0.4;0.4_0;0;0_0;0;0_-100;2;5475_-100;2;5475_-100;2;5475,17.8602739726027,Prevalence,7.07864561657106e-06
NbyGQVwzFc_loc12_loop6,12,ITN 0%/IRS 0%/Larvicide 0%,0;0.4;0.4_0;0;0_0;0;0_-100;2;5475_-100;2;5475_-100;2;5475,17.8630136986301,Prevalence,7.10874645946642e-06
NbyGQVwzFc_loc12_loop6,12,ITN 0%/IRS 0%/Larvicide 0%,0;0.4;0.4_0;0;0_0;0;0_-100;2;5475_-100;2;5475_-100;2;5475,17.8657534246575,Prevalence,7.13898421433149e-06
NbyGQVwzFc_loc12_loop6,12,ITN 0%/IRS 0%/Larvicide 0%,0;0.4;0.4_0;0;0_0;0;0_-100;2;5475_-100;2;5475_-100;2;5475,17.8684931506849,Prevalence,7.16935953386669e-06
NbyGQVwzFc_loc12_loop6,12,ITN 0%/IRS 0%/Larvicide 0%,0;0.4;0.4_0;0;0_0;0;0_-100;2;5475_-100;2;5475_-100;2;5475,17.8712328767123,Prevalence,7.19987307399223e-06
NbyGQVwzFc_loc12_loop6,12,ITN 0%/IRS 0%/Larvicide 0%,0;0.4;0.4_0;0;0_0;0;0_-100;2;5475_-100;2;5475_-100;2;5475,17.8739726027397,Prevalence,7.23052549386437e-06
NbyGQVwzFc_loc12_loop6,12,ITN 0%/IRS 0%/Larvicide 0%,0;0.4;0.4_0;0;0_0;0;0_-100;2;5475_-100;2;5475_-100;2;5475,17.8767123287671,Prevalence,7.26131745589166e-06
NbyGQVwzFc_loc12_loop6,12,ITN 0%/IRS 0%/Larvicide 0%,0;0.4;0.4_0;0;0_0;0;0_-100;2;5475_-100;2;5475_-100;2;5475,17.8794520547945,Prevalence,7.29224962575151e-06
NbyGQVwzFc_loc12_loop6,12,ITN 0%/IRS 0%/Larvicide 0%,0;0.4;0.4_0;0;0_0;0;0_-100;2;5475_-100;2;5475_-100;2;5475,17.8821917808219,Prevalence,7.32332267240663e-06
NbyGQVwzFc_loc12_loop6,12,ITN 0%/IRS 0%/Larvicide 0%,0;0.4;0.4_0;0;0_0;0;0_-100;2;5475_-100;2;5475_-100;2;5475,17.8849315068493,Prevalence,7.35453726812161e-06
NbyGQVwzFc_loc12_loop6,12,ITN 0%/IRS 0%/Larvicide 0%,0;0.4;0.4_0;0;0_0;0;0_-100;2;5475_-100;2;5475_-100;2;5475,17.8876712328767,Prevalence,7.3858940884797e-06
NbyGQVwzFc_loc12_loop6,12,ITN 0%/IRS 0%/Larvicide 0%,0;0.4;0.4_0;0;0_0;0;0_-100;2;5475_-100;2;5475_-100;2;5475,17.8904109589041,Prevalence,7.41739381239939e-06
NbyGQVwzFc_loc12_loop6,12,ITN 0%/IRS 0%/Larvicide 0%,0;0.4;0.4_0;0;0_0;0;0_-100;2;5475_-100;2;5475_-100;2;5475,17.8931506849315,Prevalence,7.44903712215143e-06
NbyGQVwzFc_loc12_loop6,12,ITN 0%/IRS 0%/Larvicide 0%,0;0.4;0.4_0;0;0_0;0;0_-100;2;5475_-100;2;5475_-100;2;5475,17.8958904109589,Prevalence,7.48082470337565e-06
NbyGQVwzFc_loc12_loop6,12,ITN 0%/IRS 0%/Larvicide 0%,0;0.4;0.4_0;0;0_0;0;0_-100;2;5475_-100;2;5475_-100;2;5475,17.8986301369863,Prevalence,7.51275724509808e-06
NbyGQVwzFc_loc12_loop6,12,ITN 0%/IRS 0%/Larvicide 0%,0;0.4;0.4_0;0;0_0;0;0_-100;2;5475_-100;2;5475_-100;2;5475,17.9013698630137,Prevalence,7.54483543974803e-06
NbyGQVwzFc_loc12_loop6,12,ITN 0%/IRS 0%/Larvicide 0%,0;0.4;0.4_0;0;0_0;0;0_-100;2;5475_-100;2;5475_-100;2;5475,17.9041095890411,Prevalence,7.57705998317523e-06
NbyGQVwzFc_loc12_loop6,12,ITN 0%/IRS 0%/Larvicide 0%,0;0.4;0.4_0;0;0_0;0;0_-100;2;5475_-100;2;5475_-100;2;5475,17.9068493150685,Prevalence,7.60943157466716e-06
NbyGQVwzFc_loc12_loop6,12,ITN 0%/IRS 0%/Larvicide 0%,0;0.4;0.4_0;0;0_0;0;0_-100;2;5475_-100;2;5475_-100;2;5475,17.9095890410959,Prevalence,7.64195091696649e-06
NbyGQVwzFc_loc12_loop6,12,ITN 0%/IRS 0%/Larvicide 0%,0;0.4;0.4_0;0;0_0;0;0_-100;2;5475_-100;2;5475_-100;2;5475,17.9123287671233,Prevalence,7.67461871628839e-06
NbyGQVwzFc_loc12_loop6,12,ITN 0%/IRS 0%/Larvicide 0%,0;0.4;0.4_0;0;0_0;0;0_-100;2;5475_-100;2;5475_-100;2;5475,17.9150684931507,Prevalence,7.70743568233821e-06
NbyGQVwzFc_loc12_loop6,12,ITN 0%/IRS 0%/Larvicide 0%,0;0.4;0.4_0;0;0_0;0;0_-100;2;5475_-100;2;5475_-100;2;5475,17.9178082191781,Prevalence,7.74040252832911e-06
NbyGQVwzFc_loc12_loop6,12,ITN 0%/IRS 0%/Larvicide 0%,0;0.4;0.4_0;0;0_0;0;0_-100;2;5475_-100;2;5475_-100;2;5475,17.9205479452055,Prevalence,7.77351997099969e-06
NbyGQVwzFc_loc12_loop6,12,ITN 0%/IRS 0%/Larvicide 0%,0;0.4;0.4_0;0;0_0;0;0_-100;2;5475_-100;2;5475_-100;2;5475,17.9232876712329,Prevalence,7.80678873063191e-06
NbyGQVwzFc_loc12_loop6,12,ITN 0%/IRS 0%/Larvicide 0%,0;0.4;0.4_0;0;0_0;0;0_-100;2;5475_-100;2;5475_-100;2;5475,17.9260273972603,Prevalence,7.84020953106901e-06
NbyGQVwzFc_loc12_loop6,12,ITN 0%/IRS 0%/Larvicide 0%,0;0.4;0.4_0;0;0_0;0;0_-100;2;5475_-100;2;5475_-100;2;5475,17.9287671232877,Prevalence,7.87378309973348e-06
NbyGQVwzFc_loc12_loop6,12,ITN 0%/IRS 0%/Larvicide 0%,0;0.4;0.4_0;0;0_0;0;0_-100;2;5475_-100;2;5475_-100;2;5475,17.9315068493151,Prevalence,7.90751016764507e-06
NbyGQVwzFc_loc12_loop6,12,ITN 0%/IRS 0%/Larvicide 0%,0;0.4;0.4_0;0;0_0;0;0_-100;2;5475_-100;2;5475_-100;2;5475,17.9342465753425,Prevalence,7.94139146943916e-06
NbyGQVwzFc_loc12_loop6,12,ITN 0%/IRS 0%/Larvicide 0%,0;0.4;0.4_0;0;0_0;0;0_-100;2;5475_-100;2;5475_-100;2;5475,17.9369863013699,Prevalence,7.97542774338494e-06
NbyGQVwzFc_loc12_loop6,12,ITN 0%/IRS 0%/Larvicide 0%,0;0.4;0.4_0;0;0_0;0;0_-100;2;5475_-100;2;5475_-100;2;5475,17.9397260273973,Prevalence,8.00961973140374e-06
NbyGQVwzFc_loc12_loop6,12,ITN 0%/IRS 0%/Larvicide 0%,0;0.4;0.4_0;0;0_0;0;0_-100;2;5475_-100;2;5475_-100;2;5475,17.9424657534247,Prevalence,8.04396817908761e-06
NbyGQVwzFc_loc12_loop6,12,ITN 0%/IRS 0%/Larvicide 0%,0;0.4;0.4_0;0;0_0;0;0_-100;2;5475_-100;2;5475_-100;2;5475,17.9452054794521,Prevalence,8.07847383571778e-06
NbyGQVwzFc_loc12_loop6,12,ITN 0%/IRS 0%/Larvicide 0%,0;0.4;0.4_0;0;0_0;0;0_-100;2;5475_-100;2;5475_-100;2;5475,17.9479452054795,Prevalence,8.11313745428342e-06
NbyGQVwzFc_loc12_loop6,12,ITN 0%/IRS 0%/Larvicide 0%,0;0.4;0.4_0;0;0_0;0;0_-100;2;5475_-100;2;5475_-100;2;5475,17.9506849315069,Prevalence,8.14795979150033e-06
NbyGQVwzFc_loc12_loop6,12,ITN 0%/IRS 0%/Larvicide 0%,0;0.4;0.4_0;0;0_0;0;0_-100;2;5475_-100;2;5475_-100;2;5475,17.9534246575342,Prevalence,8.18294160782975e-06
NbyGQVwzFc_loc12_loop6,12,ITN 0%/IRS 0%/Larvicide 0%,0;0.4;0.4_0;0;0_0;0;0_-100;2;5475_-100;2;5475_-100;2;5475,17.9561643835616,Prevalence,8.21808366749741e-06
NbyGQVwzFc_loc12_loop6,12,ITN 0%/IRS 0%/Larvicide 0%,0;0.4;0.4_0;0;0_0;0;0_-100;2;5475_-100;2;5475_-100;2;5475,17.958904109589,Prevalence,8.25338673851247e-06
NbyGQVwzFc_loc12_loop6,12,ITN 0%/IRS 0%/Larvicide 0%,0;0.4;0.4_0;0;0_0;0;0_-100;2;5475_-100;2;5475_-100;2;5475,17.9616438356164,Prevalence,8.28885159268679e-06
NbyGQVwzFc_loc12_loop6,12,ITN 0%/IRS 0%/Larvicide 0%,0;0.4;0.4_0;0;0_0;0;0_-100;2;5475_-100;2;5475_-100;2;5475,17.9643835616438,Prevalence,8.32447900565401e-06
NbyGQVwzFc_loc12_loop6,12,ITN 0%/IRS 0%/Larvicide 0%,0;0.4;0.4_0;0;0_0;0;0_-100;2;5475_-100;2;5475_-100;2;5475,17.9671232876712,Prevalence,8.36026975688896e-06
NbyGQVwzFc_loc12_loop6,12,ITN 0%/IRS 0%/Larvicide 0%,0;0.4;0.4_0;0;0_0;0;0_-100;2;5475_-100;2;5475_-100;2;5475,17.9698630136986,Prevalence,8.39622462972717e-06
NbyGQVwzFc_loc12_loop6,12,ITN 0%/IRS 0%/Larvicide 0%,0;0.4;0.4_0;0;0_0;0;0_-100;2;5475_-100;2;5475_-100;2;5475,17.972602739726,Prevalence,8.43234441138427e-06
NbyGQVwzFc_loc12_loop6,12,ITN 0%/IRS 0%/Larvicide 0%,0;0.4;0.4_0;0;0_0;0;0_-100;2;5475_-100;2;5475_-100;2;5475,17.9753424657534,Prevalence,8.46862989297574e-06
NbyGQVwzFc_loc12_loop6,12,ITN 0%/IRS 0%/Larvicide 0%,0;0.4;0.4_0;0;0_0;0;0_-100;2;5475_-100;2;5475_-100;2;5475,17.9780821917808,Prevalence,8.50508186953653e-06
NbyGQVwzFc_loc12_loop6,12,ITN 0%/IRS 0%/Larvicide 0%,0;0.4;0.4_0;0;0_0;0;0_-100;2;5475_-100;2;5475_-100;2;5475,17.9808219178082,Prevalence,8.54170114004094e-06
NbyGQVwzFc_loc12_loop6,12,ITN 0%/IRS 0%/Larvicide 0%,0;0.4;0.4_0;0;0_0;0;0_-100;2;5475_-100;2;5475_-100;2;5475,17.9835616438356,Prevalence,8.57848850742267e-06
NbyGQVwzFc_loc12_loop6,12,ITN 0%/IRS 0%/Larvicide 0%,0;0.4;0.4_0;0;0_0;0;0_-100;2;5475_-100;2;5475_-100;2;5475,17.986301369863,Prevalence,8.6154447785947e-06
NbyGQVwzFc_loc12_loop6,12,ITN 0%/IRS 0%/Larvicide 0%,0;0.4;0.4_0;0;0_0;0;0_-100;2;5475_-100;2;5475_-100;2;5475,17.9890410958904,Prevalence,8.65257076446946e-06
NbyGQVwzFc_loc12_loop6,12,ITN 0%/IRS 0%/Larvicide 0%,0;0.4;0.4_0;0;0_0;0;0_-100;2;5475_-100;2;5475_-100;2;5475,17.9917808219178,Prevalence,8.68986727997912e-06
NbyGQVwzFc_loc12_loop6,12,ITN 0%/IRS 0%/Larvicide 0%,0;0.4;0.4_0;0;0_0;0;0_-100;2;5475_-100;2;5475_-100;2;5475,17.9945205479452,Prevalence,8.72733514409594e-06
NbyGQVwzFc_loc12_loop6,12,ITN 0%/IRS 0%/Larvicide 0%,0;0.4;0.4_0;0;0_0;0;0_-100;2;5475_-100;2;5475_-100;2;5475,17.9972602739726,Prevalence,8.76497517985271e-06
NbyGQVwzFc_loc12_loop6,12,ITN 0%/IRS 0%/Larvicide 0%,0;0.4;0.4_0;0;0_0;0;0_-100;2;5475_-100;2;5475_-100;2;5475,18,Prevalence,8.80278821436321e-06
NbyGQVwzFc_loc12_loop6,12,ITN 0%/IRS 0%/Larvicide 0%,0;0.4;0.4_0;0;0_0;0;0_-100;2;5475_-100;2;5475_-100;2;5475,18.0027397260274,Prevalence,8.84077507884568e-06
NbyGQVwzFc_loc12_loop6,12,ITN 0%/IRS 0%/Larvicide 0%,0;0.4;0.4_0;0;0_0;0;0_-100;2;5475_-100;2;5475_-100;2;5475,18.0054794520548,Prevalence,8.87893660864008e-06
NbyGQVwzFc_loc12_loop6,12,ITN 0%/IRS 0%/Larvicide 0%,0;0.4;0.4_0;0;0_0;0;0_-100;2;5475_-100;2;5475_-100;2;5475,18.0082191780822,Prevalence,8.91727364321431e-06
NbyGQVwzFc_loc12_loop6,12,ITN 0%/IRS 0%/Larvicide 0%,0;0.4;0.4_0;0;0_0;0;0_-100;2;5475_-100;2;5475_-100;2;5475,18.0109589041096,Prevalence,8.95578702622431e-06
NbyGQVwzFc_loc12_loop6,12,ITN 0%/IRS 0%/Larvicide 0%,0;0.4;0.4_0;0;0_0;0;0_-100;2;5475_-100;2;5475_-100;2;5475,18.013698630137,Prevalence,8.99447760550141e-06
NbyGQVwzFc_loc12_loop6,12,ITN 0%/IRS 0%/Larvicide 0%,0;0.4;0.4_0;0;0_0;0;0_-100;2;5475_-100;2;5475_-100;2;5475,18.0164383561644,Prevalence,9.03334623308024e-06
NbyGQVwzFc_loc12_loop6,12,ITN 0%/IRS 0%/Larvicide 0%,0;0.4;0.4_0;0;0_0;0;0_-100;2;5475_-100;2;5475_-100;2;5475,18.0191780821918,Prevalence,9.07239376522999e-06
NbyGQVwzFc_loc12_loop6,12,ITN 0%/IRS 0%/Larvicide 0%,0;0.4;0.4_0;0;0_0;0;0_-100;2;5475_-100;2;5475_-100;2;5475,18.0219178082192,Prevalence,9.11162106246366e-06
NbyGQVwzFc_loc12_loop6,12,ITN 0%/IRS 0%/Larvicide 0%,0;0.4;0.4_0;0;0_0;0;0_-100;2;5475_-100;2;5475_-100;2;5475,18.0246575342466,Prevalence,9.15102898957087e-06
NbyGQVwzFc_loc12_loop6,12,ITN 0%/IRS 0%/Larvicide 0%,0;0.4;0.4_0;0;0_0;0;0_-100;2;5475_-100;2;5475_-100;2;5475,18.027397260274,Prevalence,9.19061841563105e-06
NbyGQVwzFc_loc12_loop6,12,ITN 0%/IRS 0%/Larvicide 0%,0;0.4;0.4_0;0;0_0;0;0_-100;2;5475_-100;2;5475_-100;2;5475,18.0301369863014,Prevalence,9.23039021403409e-06
NbyGQVwzFc_loc12_loop6,12,ITN 0%/IRS 0%/Larvicide 0%,0;0.4;0.4_0;0;0_0;0;0_-100;2;5475_-100;2;5475_-100;2;5475,18.0328767123288,Prevalence,9.26920141024684e-06
NbyGQVwzFc_loc12_loop6,12,ITN 0%/IRS 0%/Larvicide 0%,0;0.4;0.4_0;0;0_0;0;0_-100;2;5475_-100;2;5475_-100;2;5475,18.0356164383562,Prevalence,9.28896246323028e-06
NbyGQVwzFc_loc12_loop6,12,ITN 0%/IRS 0%/Larvicide 0%,0;0.4;0.4_0;0;0_0;0;0_-100;2;5475_-100;2;5475_-100;2;5475,18.0383561643836,Prevalence,9.30961621871001e-06
NbyGQVwzFc_loc12_loop6,12,ITN 0%/IRS 0%/Larvicide 0%,0;0.4;0.4_0;0;0_0;0;0_-100;2;5475_-100;2;5475_-100;2;5475,18.041095890411,Prevalence,9.33094551402066e-06
NbyGQVwzFc_loc12_loop6,12,ITN 0%/IRS 0%/Larvicide 0%,0;0.4;0.4_0;0;0_0;0;0_-100;2;5475_-100;2;5475_-100;2;5475,18.0438356164384,Prevalence,9.3528525690781e-06
NbyGQVwzFc_loc12_loop6,12,ITN 0%/IRS 0%/Larvicide 0%,0;0.4;0.4_0;0;0_0;0;0_-100;2;5475_-100;2;5475_-100;2;5475,18.0465753424658,Prevalence,9.37525901723534e-06
NbyGQVwzFc_loc12_loop6,12,ITN 0%/IRS 0%/Larvicide 0%,0;0.4;0.4_0;0;0_0;0;0_-100;2;5475_-100;2;5475_-100;2;5475,18.0493150684932,Prevalence,9.39810223382009e-06
NbyGQVwzFc_loc12_loop6,12,ITN 0%/IRS 0%/Larvicide 0%,0;0.4;0.4_0;0;0_0;0;0_-100;2;5475_-100;2;5475_-100;2;5475,18.0520547945206,Prevalence,9.42133234541856e-06
NbyGQVwzFc_loc12_loop6,12,ITN 0%/IRS 0%/Larvicide 0%,0;0.4;0.4_0;0;0_0;0;0_-100;2;5475_-100;2;5475_-100;2;5475,18.0547945205479,Prevalence,9.44491074936729e-06
NbyGQVwzFc_loc12_loop6,12,ITN 0%/IRS 0%/Larvicide 0%,0;0.4;0.4_0;0;0_0;0;0_-100;2;5475_-100;2;5475_-100;2;5475,18.0575342465753,Prevalence,9.46867483974551e-06
NbyGQVwzFc_loc12_loop6,12,ITN 0%/IRS 0%/Larvicide 0%,0;0.4;0.4_0;0;0_0;0;0_-100;2;5475_-100;2;5475_-100;2;5475,18.0602739726027,Prevalence,9.492345390196e-06
NbyGQVwzFc_loc12_loop6,12,ITN 0%/IRS 0%/Larvicide 0%,0;0.4;0.4_0;0;0_0;0;0_-100;2;5475_-100;2;5475_-100;2;5475,18.0630136986301,Prevalence,9.51591944739915e-06
NbyGQVwzFc_loc12_loop6,12,ITN 0%/IRS 0%/Larvicide 0%,0;0.4;0.4_0;0;0_0;0;0_-100;2;5475_-100;2;5475_-100;2;5475,18.0657534246575,Prevalence,9.53939852270496e-06
NbyGQVwzFc_loc12_loop6,12,ITN 0%/IRS 0%/Larvicide 0%,0;0.4;0.4_0;0;0_0;0;0_-100;2;5475_-100;2;5475_-100;2;5475,18.0684931506849,Prevalence,9.56278774731529e-06
NbyGQVwzFc_loc12_loop6,12,ITN 0%/IRS 0%/Larvicide 0%,0;0.4;0.4_0;0;0_0;0;0_-100;2;5475_-100;2;5475_-100;2;5475,18.0712328767123,Prevalence,9.58609500044154e-06
NbyGQVwzFc_loc12_loop6,12,ITN 0%/IRS 0%/Larvicide 0%,0;0.4;0.4_0;0;0_0;0;0_-100;2;5475_-100;2;5475_-100;2;5475,18.0739726027397,Prevalence,9.60933021105149e-06
NbyGQVwzFc_loc12_loop6,12,ITN 0%/IRS 0%/Larvicide 0%,0;0.4;0.4_0;0;0_0;0;0_-100;2;5475_-100;2;5475_-100;2;5475,18.0767123287671,Prevalence,9.63250479712205e-06
NbyGQVwzFc_loc12_loop6,12,ITN 0%/IRS 0%/Larvicide 0%,0;0.4;0.4_0;0;0_0;0;0_-100;2;5475_-100;2;5475_-100;2;5475,18.0794520547945,Prevalence,9.65563121500891e-06
NbyGQVwzFc_loc12_loop6,12,ITN 0%/IRS 0%/Larvicide 0%,0;0.4;0.4_0;0;0_0;0;0_-100;2;5475_-100;2;5475_-100;2;5475,18.0821917808219,Prevalence,9.6787225980201e-06
NbyGQVwzFc_loc12_loop6,12,ITN 0%/IRS 0%/Larvicide 0%,0;0.4;0.4_0;0;0_0;0;0_-100;2;5475_-100;2;5475_-100;2;5475,18.0849315068493,Prevalence,9.70179246813538e-06
NbyGQVwzFc_loc12_loop6,12,ITN 0%/IRS 0%/Larvicide 0%,0;0.4;0.4_0;0;0_0;0;0_-100;2;5475_-100;2;5475_-100;2;5475,18.0876712328767,Prevalence,9.72485450756441e-06
NbyGQVwzFc_loc12_loop6,12,ITN 0%/IRS 0%/Larvicide 0%,0;0.4;0.4_0;0;0_0;0;0_-100;2;5475_-100;2;5475_-100;2;5475,18.0904109589041,Prevalence,9.74777452638545e-06
NbyGQVwzFc_loc12_loop6,12,ITN 0%/IRS 0%/Larvicide 0%,0;0.4;0.4_0;0;0_0;0;0_-100;2;5475_-100;2;5475_-100;2;5475,18.0931506849315,Prevalence,9.76986784160415e-06
NbyGQVwzFc_loc12_loop6,12,ITN 0%/IRS 0%/Larvicide 0%,0;0.4;0.4_0;0;0_0;0;0_-100;2;5475_-100;2;5475_-100;2;5475,18.0958904109589,Prevalence,9.79117725173318e-06
NbyGQVwzFc_loc12_loop6,12,ITN 0%/IRS 0%/Larvicide 0%,0;0.4;0.4_0;0;0_0;0;0_-100;2;5475_-100;2;5475_-100;2;5475,18.0986301369863,Prevalence,9.81183147883448e-06
NbyGQVwzFc_loc12_loop6,12,ITN 0%/IRS 0%/Larvicide 0%,0;0.4;0.4_0;0;0_0;0;0_-100;2;5475_-100;2;5475_-100;2;5475,18.1013698630137,Prevalence,9.83194094559351e-06
NbyGQVwzFc_loc12_loop6,12,ITN 0%/IRS 0%/Larvicide 0%,0;0.4;0.4_0;0;0_0;0;0_-100;2;5475_-100;2;5475_-100;2;5475,18.1041095890411,Prevalence,9.85160072218559e-06
NbyGQVwzFc_loc12_loop6,12,ITN 0%/IRS 0%/Larvicide 0%,0;0.4;0.4_0;0;0_0;0;0_-100;2;5475_-100;2;5475_-100;2;5475,18.1068493150685,Prevalence,9.87089293714869e-06
NbyGQVwzFc_loc12_loop6,12,ITN 0%/IRS 0%/Larvicide 0%,0;0.4;0.4_0;0;0_0;0;0_-100;2;5475_-100;2;5475_-100;2;5475,18.1095890410959,Prevalence,9.88988878085823e-06
NbyGQVwzFc_loc12_loop6,12,ITN 0%/IRS 0%/Larvicide 0%,0;0.4;0.4_0;0;0_0;0;0_-100;2;5475_-100;2;5475_-100;2;5475,18.1123287671233,Prevalence,9.90865017322505e-06
NbyGQVwzFc_loc12_loop6,12,ITN 0%/IRS 0%/Larvicide 0%,0;0.4;0.4_0;0;0_0;0;0_-100;2;5475_-100;2;5475_-100;2;5475,18.1150684931507,Prevalence,9.92723115436867e-06
NbyGQVwzFc_loc12_loop6,12,ITN 0%/IRS 0%/Larvicide 0%,0;0.4;0.4_0;0;0_0;0;0_-100;2;5475_-100;2;5475_-100;2;5475,18.1178082191781,Prevalence,9.94567904649227e-06
NbyGQVwzFc_loc12_loop6,12,ITN 0%/IRS 0%/Larvicide 0%,0;0.4;0.4_0;0;0_0;0;0_-100;2;5475_-100;2;5475_-100;2;5475,18.1205479452055,Prevalence,9.96403542667128e-06
NbyGQVwzFc_loc12_loop6,12,ITN 0%/IRS 0%/Larvicide 0%,0;0.4;0.4_0;0;0_0;0;0_-100;2;5475_-100;2;5475_-100;2;5475,18.1232876712329,Prevalence,9.98233682959735e-06
NbyGQVwzFc_loc12_loop6,12,ITN 0%/IRS 0%/Larvicide 0%,0;0.4;0.4_0;0;0_0;0;0_-100;2;5475_-100;2;5475_-100;2;5475,18.1260273972603,Prevalence,1.00006134933708e-05
NbyGQVwzFc_loc12_loop6,12,ITN 0%/IRS 0%/Larvicide 0%,0;0.4;0.4_0;0;0_0;0;0_-100;2;5475_-100;2;5475_-100;2;5475,18.1287671232877,Prevalence,1.00188904143733e-05
NbyGQVwzFc_loc12_loop6,12,ITN 0%/IRS 0%/Larvicide 0%,0;0.4;0.4_0;0;0_0;0;0_-100;2;5475_-100;2;5475_-100;2;5475,18.1315068493151,Prevalence,1.00371896199661e-05
NbyGQVwzFc_loc12_loop6,12,ITN 0%/IRS 0%/Larvicide 0%,0;0.4;0.4_0;0;0_0;0;0_-100;2;5475_-100;2;5475_-100;2;5475,18.1342465753425,Prevalence,1.00555306239591e-05
NbyGQVwzFc_loc12_loop6,12,ITN 0%/IRS 0%/Larvicide 0%,0;0.4;0.4_0;0;0_0;0;0_-100;2;5475_-100;2;5475_-100;2;5475,18.1369863013699,Prevalence,1.0073930765298e-05
NbyGQVwzFc_loc12_loop6,12,ITN 0%/IRS 0%/Larvicide 0%,0;0.4;0.4_0;0;0_0;0;0_-100;2;5475_-100;2;5475_-100;2;5475,18.1397260273973,Prevalence,1.00924054952514e-05
NbyGQVwzFc_loc12_loop6,12,ITN 0%/IRS 0%/Larvicide 0%,0;0.4;0.4_0;0;0_0;0;0_-100;2;5475_-100;2;5475_-100;2;5475,18.1424657534247,Prevalence,1.0110968621639e-05
NbyGQVwzFc_loc12_loop6,12,ITN 0%/IRS 0%/Larvicide 0%,0;0.4;0.4_0;0;0_0;0;0_-100;2;5475_-100;2;5475_-100;2;5475,18.1452054794521,Prevalence,1.01296325172695e-05
NbyGQVwzFc_loc12_loop6,12,ITN 0%/IRS 0%/Larvicide 0%,0;0.4;0.4_0;0;0_0;0;0_-100;2;5475_-100;2;5475_-100;2;5475,18.1479452054795,Prevalence,1.01484082539183e-05
NbyGQVwzFc_loc12_loop6,12,ITN 0%/IRS 0%/Larvicide 0%,0;0.4;0.4_0;0;0_0;0;0_-100;2;5475_-100;2;5475_-100;2;5475,18.1506849315068,Prevalence,1.01673055409208e-05
NbyGQVwzFc_loc12_loop6,12,ITN 0%/IRS 0%/Larvicide 0%,0;0.4;0.4_0;0;0_0;0;0_-100;2;5475_-100;2;5475_-100;2;5475,18.1534246575342,Prevalence,1.01863328029535e-05
NbyGQVwzFc_loc12_loop6,12,ITN 0%/IRS 0%/Larvicide 0%,0;0.4;0.4_0;0;0_0;0;0_-100;2;5475_-100;2;5475_-100;2;5475,18.1561643835616,Prevalence,1.02054973461698e-05
NbyGQVwzFc_loc12_loop6,12,ITN 0%/IRS 0%/Larvicide 0%,0;0.4;0.4_0;0;0_0;0;0_-100;2;5475_-100;2;5475_-100;2;5475,18.158904109589,Prevalence,1.02248055041663e-05
NbyGQVwzFc_loc12_loop6,12,ITN 0%/IRS 0%/Larvicide 0%,0;0.4;0.4_0;0;0_0;0;0_-100;2;5475_-100;2;5475_-100;2;5475,18.1616438356164,Prevalence,1.02442627648413e-05
NbyGQVwzFc_loc12_loop6,12,ITN 0%/IRS 0%/Larvicide 0%,0;0.4;0.4_0;0;0_0;0;0_-100;2;5475_-100;2;5475_-100;2;5475,18.1643835616438,Prevalence,1.02638738808258e-05
NbyGQVwzFc_loc12_loop6,12,ITN 0%/IRS 0%/Larvicide 0%,0;0.4;0.4_0;0;0_0;0;0_-100;2;5475_-100;2;5475_-100;2;5475,18.1671232876712,Prevalence,1.02836429657666e-05
NbyGQVwzFc_loc12_loop6,12,ITN 0%/IRS 0%/Larvicide 0%,0;0.4;0.4_0;0;0_0;0;0_-100;2;5475_-100;2;5475_-100;2;5475,18.1698630136986,Prevalence,1.0303573578393e-05
NbyGQVwzFc_loc12_loop6,12,ITN 0%/IRS 0%/Larvicide 0%,0;0.4;0.4_0;0;0_0;0;0_-100;2;5475_-100;2;5475_-100;2;5475,18.172602739726,Prevalence,1.03236687960099e-05
NbyGQVwzFc_loc12_loop6,12,ITN 0%/IRS 0%/Larvicide 0%,0;0.4;0.4_0;0;0_0;0;0_-100;2;5475_-100;2;5475_-100;2;5475,18.1753424657534,Prevalence,1.0343931278818e-05
NbyGQVwzFc_loc12_loop6,12,ITN 0%/IRS 0%/Larvicide 0%,0;0.4;0.4_0;0;0_0;0;0_-100;2;5475_-100;2;5475_-100;2;5475,18.1780821917808,Prevalence,1.03643633262774e-05
NbyGQVwzFc_loc12_loop6,12,ITN 0%/IRS 0%/Larvicide 0%,0;0.4;0.4_0;0;0_0;0;0_-100;2;5475_-100;2;5475_-100;2;5475,18.1808219178082,Prevalence,1.038496687899e-05
NbyGQVwzFc_loc12_loop6,12,ITN 0%/IRS 0%/Larvicide 0%,0;0.4;0.4_0;0;0_0;0;0_-100;2;5475_-100;2;5475_-100;2;5475,18.1835616438356,Prevalence,1.04057431303225e-05
NbyGQVwzFc_loc12_loop6,12,ITN 0%/IRS 0%/Larvicide 0%,0;0.4;0.4_0;0;0_0;0;0_-100;2;5475_-100;2;5475_-100;2;5475,18.186301369863,Prevalence,1.04266923160652e-05
NbyGQVwzFc_loc12_loop6,12,ITN 0%/IRS 0%/Larvicide 0%,0;0.4;0.4_0;0;0_0;0;0_-100;2;5475_-100;2;5475_-100;2;5475,18.1890410958904,Prevalence,1.0447813924837e-05
NbyGQVwzFc_loc12_loop6,12,ITN 0%/IRS 0%/Larvicide 0%,0;0.4;0.4_0;0;0_0;0;0_-100;2;5475_-100;2;5475_-100;2;5475,18.1917808219178,Prevalence,1.04691068951448e-05
NbyGQVwzFc_loc12_loop6,12,ITN 0%/IRS 0%/Larvicide 0%,0;0.4;0.4_0;0;0_0;0;0_-100;2;5475_-100;2;5475_-100;2;5475,18.1945205479452,Prevalence,1.04905697718849e-05
NbyGQVwzFc_loc12_loop6,12,ITN 0%/IRS 0%/Larvicide 0%,0;0.4;0.4_0;0;0_0;0;0_-100;2;5475_-100;2;5475_-100;2;5475,18.1972602739726,Prevalence,1.05122008302472e-05
NbyGQVwzFc_loc12_loop6,12,ITN 0%/IRS 0%/Larvicide 0%,0;0.4;0.4_0;0;0_0;0;0_-100;2;5475_-100;2;5475_-100;2;5475,18.2,Prevalence,1.05339981734245e-05
NbyGQVwzFc_loc12_loop6,12,ITN 0%/IRS 0%/Larvicide 0%,0;0.4;0.4_0;0;0_0;0;0_-100;2;5475_-100;2;5475_-100;2;5475,18.2027397260274,Prevalence,1.05559598092849e-05
NbyGQVwzFc_loc12_loop6,12,ITN 0%/IRS 0%/Larvicide 0%,0;0.4;0.4_0;0;0_0;0;0_-100;2;5475_-100;2;5475_-100;2;5475,18.2054794520548,Prevalence,1.05780837101616e-05
NbyGQVwzFc_loc12_loop6,12,ITN 0%/IRS 0%/Larvicide 0%,0;0.4;0.4_0;0;0_0;0;0_-100;2;5475_-100;2;5475_-100;2;5475,18.2082191780822,Prevalence,1.06003678591009e-05
NbyGQVwzFc_loc12_loop6,12,ITN 0%/IRS 0%/Larvicide 0%,0;0.4;0.4_0;0;0_0;0;0_-100;2;5475_-100;2;5475_-100;2;5475,18.2109589041096,Prevalence,1.06228102852611e-05
NbyGQVwzFc_loc12_loop6,12,ITN 0%/IRS 0%/Larvicide 0%,0;0.4;0.4_0;0;0_0;0;0_-100;2;5475_-100;2;5475_-100;2;5475,18.213698630137,Prevalence,1.06454090905876e-05
NbyGQVwzFc_loc12_loop6,12,ITN 0%/IRS 0%/Larvicide 0%,0;0.4;0.4_0;0;0_0;0;0_-100;2;5475_-100;2;5475_-100;2;5475,18.2164383561644,Prevalence,1.06681624686338e-05
NbyGQVwzFc_loc12_loop6,12,ITN 0%/IRS 0%/Larvicide 0%,0;0.4;0.4_0;0;0_0;0;0_-100;2;5475_-100;2;5475_-100;2;5475,18.2191780821918,Prevalence,1.06910687160027e-05
NbyGQVwzFc_loc12_loop6,12,ITN 0%/IRS 0%/Larvicide 0%,0;0.4;0.4_0;0;0_0;0;0_-100;2;5475_-100;2;5475_-100;2;5475,18.2219178082192,Prevalence,1.07141262392627e-05
NbyGQVwzFc_loc12_loop6,12,ITN 0%/IRS 0%/Larvicide 0%,0;0.4;0.4_0;0;0_0;0;0_-100;2;5475_-100;2;5475_-100;2;5475,18.2246575342466,Prevalence,1.0737333558961e-05
NbyGQVwzFc_loc12_loop6,12,ITN 0%/IRS 0%/Larvicide 0%,0;0.4;0.4_0;0;0_0;0;0_-100;2;5475_-100;2;5475_-100;2;5475,18.227397260274,Prevalence,1.07606893114014e-05
NbyGQVwzFc_loc12_loop6,12,ITN 0%/IRS 0%/Larvicide 0%,0;0.4;0.4_0;0;0_0;0;0_-100;2;5475_-100;2;5475_-100;2;5475,18.2301369863014,Prevalence,1.07841922486988e-05
NbyGQVwzFc_loc12_loop6,12,ITN 0%/IRS 0%/Larvicide 0%,0;0.4;0.4_0;0;0_0;0;0_-100;2;5475_-100;2;5475_-100;2;5475,18.2328767123288,Prevalence,1.08078412375196e-05
NbyGQVwzFc_loc12_loop6,12,ITN 0%/IRS 0%/Larvicide 0%,0;0.4;0.4_0;0;0_0;0;0_-100;2;5475_-100;2;5475_-100;2;5475,18.2356164383562,Prevalence,1.08316352568317e-05
NbyGQVwzFc_loc12_loop6,12,ITN 0%/IRS 0%/Larvicide 0%,0;0.4;0.4_0;0;0_0;0;0_-100;2;5475_-100;2;5475_-100;2;5475,18.2383561643836,Prevalence,1.08555733949122e-05
NbyGQVwzFc_loc12_loop6,12,ITN 0%/IRS 0%/Larvicide 0%,0;0.4;0.4_0;0;0_0;0;0_-100;2;5475_-100;2;5475_-100;2;5475,18.241095890411,Prevalence,1.08796548456906e-05
NbyGQVwzFc_loc12_loop6,12,ITN 0%/IRS 0%/Larvicide 0%,0;0.4;0.4_0;0;0_0;0;0_-100;2;5475_-100;2;5475_-100;2;5475,18.2438356164384,Prevalence,1.09038789044681e-05
NbyGQVwzFc_loc12_loop6,12,ITN 0%/IRS 0%/Larvicide 0%,0;0.4;0.4_0;0;0_0;0;0_-100;2;5475_-100;2;5475_-100;2;5475,18.2465753424658,Prevalence,1.09282449631881e-05
NbyGQVwzFc_loc12_loop6,12,ITN 0%/IRS 0%/Larvicide 0%,0;0.4;0.4_0;0;0_0;0;0_-100;2;5475_-100;2;5475_-100;2;5475,18.2493150684932,Prevalence,1.09527525054291e-05
NbyGQVwzFc_loc12_loop6,12,ITN 0%/IRS 0%/Larvicide 0%,0;0.4;0.4_0;0;0_0;0;0_-100;2;5475_-100;2;5475_-100;2;5475,18.2520547945205,Prevalence,1.097740110126e-05
NbyGQVwzFc_loc12_loop6,12,ITN 0%/IRS 0%/Larvicide 0%,0;0.4;0.4_0;0;0_0;0;0_-100;2;5475_-100;2;5475_-100;2;5475,18.2547945205479,Prevalence,1.1002190402062e-05
NbyGQVwzFc_loc12_loop6,12,ITN 0%/IRS 0%/Larvicide 0%,0;0.4;0.4_0;0;0_0;0;0_-100;2;5475_-100;2;5475_-100;2;5475,18.2575342465753,Prevalence,1.10271201354004e-05
NbyGQVwzFc_loc12_loop6,12,ITN 0%/IRS 0%/Larvicide 0%,0;0.4;0.4_0;0;0_0;0;0_-100;2;5475_-100;2;5475_-100;2;5475,18.2602739726027,Prevalence,1.10521901000084e-05
NbyGQVwzFc_loc12_loop6,12,ITN 0%/IRS 0%/Larvicide 0%,0;0.4;0.4_0;0;0_0;0;0_-100;2;5475_-100;2;5475_-100;2;5475,18.2630136986301,Prevalence,1.10774001609284e-05
NbyGQVwzFc_loc12_loop6,12,ITN 0%/IRS 0%/Larvicide 0%,0;0.4;0.4_0;0;0_0;0;0_-100;2;5475_-100;2;5475_-100;2;5475,18.2657534246575,Prevalence,1.11027502448438e-05
NbyGQVwzFc_loc12_loop6,12,ITN 0%/IRS 0%/Larvicide 0%,0;0.4;0.4_0;0;0_0;0;0_-100;2;5475_-100;2;5475_-100;2;5475,18.2684931506849,Prevalence,1.11282403356264e-05
NbyGQVwzFc_loc12_loop6,12,ITN 0%/IRS 0%/Larvicide 0%,0;0.4;0.4_0;0;0_0;0;0_-100;2;5475_-100;2;5475_-100;2;5475,18.2712328767123,Prevalence,1.11538704700939e-05
NbyGQVwzFc_loc12_loop6,12,ITN 0%/IRS 0%/Larvicide 0%,0;0.4;0.4_0;0;0_0;0;0_-100;2;5475_-100;2;5475_-100;2;5475,18.2739726027397,Prevalence,1.11796407337757e-05
NbyGQVwzFc_loc12_loop6,12,ITN 0%/IRS 0%/Larvicide 0%,0;0.4;0.4_0;0;0_0;0;0_-100;2;5475_-100;2;5475_-100;2;5475,18.2767123287671,Prevalence,1.12055512563473e-05
NbyGQVwzFc_loc12_loop6,12,ITN 0%/IRS 0%/Larvicide 0%,0;0.4;0.4_0;0;0_0;0;0_-100;2;5475_-100;2;5475_-100;2;5475,18.2794520547945,Prevalence,1.12316022068052e-05
NbyGQVwzFc_loc12_loop6,12,ITN 0%/IRS 0%/Larvicide 0%,0;0.4;0.4_0;0;0_0;0;0_-100;2;5475_-100;2;5475_-100;2;5475,18.2821917808219,Prevalence,1.12577937886118e-05
NbyGQVwzFc_loc12_loop6,12,ITN 0%/IRS 0%/Larvicide 0%,0;0.4;0.4_0;0;0_0;0;0_-100;2;5475_-100;2;5475_-100;2;5475,18.2849315068493,Prevalence,1.1284126234967e-05
NbyGQVwzFc_loc12_loop6,12,ITN 0%/IRS 0%/Larvicide 0%,0;0.4;0.4_0;0;0_0;0;0_-100;2;5475_-100;2;5475_-100;2;5475,18.2876712328767,Prevalence,1.13105998043262e-05
NbyGQVwzFc_loc12_loop6,12,ITN 0%/IRS 0%/Larvicide 0%,0;0.4;0.4_0;0;0_0;0;0_-100;2;5475_-100;2;5475_-100;2;5475,18.2904109589041,Prevalence,1.13372147762319e-05
NbyGQVwzFc_loc12_loop6,12,ITN 0%/IRS 0%/Larvicide 0%,0;0.4;0.4_0;0;0_0;0;0_-100;2;5475_-100;2;5475_-100;2;5475,18.2931506849315,Prevalence,1.13639714475025e-05
NbyGQVwzFc_loc12_loop6,12,ITN 0%/IRS 0%/Larvicide 0%,0;0.4;0.4_0;0;0_0;0;0_-100;2;5475_-100;2;5475_-100;2;5475,18.2958904109589,Prevalence,1.13908701287955e-05
NbyGQVwzFc_loc12_loop6,12,ITN 0%/IRS 0%/Larvicide 0%,0;0.4;0.4_0;0;0_0;0;0_-100;2;5475_-100;2;5475_-100;2;5475,18.2986301369863,Prevalence,1.14179111415489e-05
NbyGQVwzFc_loc12_loop6,12,ITN 0%/IRS 0%/Larvicide 0%,0;0.4;0.4_0;0;0_0;0;0_-100;2;5475_-100;2;5475_-100;2;5475,18.3013698630137,Prevalence,1.14450948152923e-05
NbyGQVwzFc_loc12_loop6,12,ITN 0%/IRS 0%/Larvicide 0%,0;0.4;0.4_0;0;0_0;0;0_-100;2;5475_-100;2;5475_-100;2;5475,18.3041095890411,Prevalence,1.14724214853112e-05
NbyGQVwzFc_loc12_loop6,12,ITN 0%/IRS 0%/Larvicide 0%,0;0.4;0.4_0;0;0_0;0;0_-100;2;5475_-100;2;5475_-100;2;5475,18.3068493150685,Prevalence,1.14998914906445e-05
NbyGQVwzFc_loc12_loop6,12,ITN 0%/IRS 0%/Larvicide 0%,0;0.4;0.4_0;0;0_0;0;0_-100;2;5475_-100;2;5475_-100;2;5475,18.3095890410959,Prevalence,1.15275051723892e-05
NbyGQVwzFc_loc12_loop6,12,ITN 0%/IRS 0%/Larvicide 0%,0;0.4;0.4_0;0;0_0;0;0_-100;2;5475_-100;2;5475_-100;2;5475,18.3123287671233,Prevalence,1.15552628722845e-05
NbyGQVwzFc_loc12_loop6,12,ITN 0%/IRS 0%/Larvicide 0%,0;0.4;0.4_0;0;0_0;0;0_-100;2;5475_-100;2;5475_-100;2;5475,18.3150684931507,Prevalence,1.15831649315478e-05
NbyGQVwzFc_loc12_loop6,12,ITN 0%/IRS 0%/Larvicide 0%,0;0.4;0.4_0;0;0_0;0;0_-100;2;5475_-100;2;5475_-100;2;5475,18.3178082191781,Prevalence,1.16112116899374e-05
NbyGQVwzFc_loc12_loop6,12,ITN 0%/IRS 0%/Larvicide 0%,0;0.4;0.4_0;0;0_0;0;0_-100;2;5475_-100;2;5475_-100;2;5475,18.3205479452055,Prevalence,1.16394034850139e-05
NbyGQVwzFc_loc12_loop6,12,ITN 0%/IRS 0%/Larvicide 0%,0;0.4;0.4_0;0;0_0;0;0_-100;2;5475_-100;2;5475_-100;2;5475,18.3232876712329,Prevalence,1.16677406515816e-05
NbyGQVwzFc_loc12_loop6,12,ITN 0%/IRS 0%/Larvicide 0%,0;0.4;0.4_0;0;0_0;0;0_-100;2;5475_-100;2;5475_-100;2;5475,18.3260273972603,Prevalence,1.16962235212878e-05
NbyGQVwzFc_loc12_loop6,12,ITN 0%/IRS 0%/Larvicide 0%,0;0.4;0.4_0;0;0_0;0;0_-100;2;5475_-100;2;5475_-100;2;5475,18.3287671232877,Prevalence,1.17248524223571e-05
NbyGQVwzFc_loc12_loop6,12,ITN 0%/IRS 0%/Larvicide 0%,0;0.4;0.4_0;0;0_0;0;0_-100;2;5475_-100;2;5475_-100;2;5475,18.3315068493151,Prevalence,1.17536276794437e-05
NbyGQVwzFc_loc12_loop6,12,ITN 0%/IRS 0%/Larvicide 0%,0;0.4;0.4_0;0;0_0;0;0_-100;2;5475_-100;2;5475_-100;2;5475,18.3342465753425,Prevalence,1.17825496135871e-05
NbyGQVwzFc_loc12_loop6,12,ITN 0%/IRS 0%/Larvicide 0%,0;0.4;0.4_0;0;0_0;0;0_-100;2;5475_-100;2;5475_-100;2;5475,18.3369863013699,Prevalence,1.18116185422545e-05
NbyGQVwzFc_loc12_loop6,12,ITN 0%/IRS 0%/Larvicide 0%,0;0.4;0.4_0;0;0_0;0;0_-100;2;5475_-100;2;5475_-100;2;5475,18.3397260273973,Prevalence,1.18408347794569e-05
NbyGQVwzFc_loc12_loop6,12,ITN 0%/IRS 0%/Larvicide 0%,0;0.4;0.4_0;0;0_0;0;0_-100;2;5475_-100;2;5475_-100;2;5475,18.3424657534247,Prevalence,1.18701986359266e-05
NbyGQVwzFc_loc12_loop6,12,ITN 0%/IRS 0%/Larvicide 0%,0;0.4;0.4_0;0;0_0;0;0_-100;2;5475_-100;2;5475_-100;2;5475,18.3452054794521,Prevalence,1.18997104193441e-05
NbyGQVwzFc_loc12_loop6,12,ITN 0%/IRS 0%/Larvicide 0%,0;0.4;0.4_0;0;0_0;0;0_-100;2;5475_-100;2;5475_-100;2;5475,18.3479452054795,Prevalence,1.19293704346065e-05
NbyGQVwzFc_loc12_loop6,12,ITN 0%/IRS 0%/Larvicide 0%,0;0.4;0.4_0;0;0_0;0;0_-100;2;5475_-100;2;5475_-100;2;5475,18.3506849315069,Prevalence,1.19591789841267e-05
NbyGQVwzFc_loc12_loop6,12,ITN 0%/IRS 0%/Larvicide 0%,0;0.4;0.4_0;0;0_0;0;0_-100;2;5475_-100;2;5475_-100;2;5475,18.3534246575343,Prevalence,1.1989136368157e-05
NbyGQVwzFc_loc12_loop6,12,ITN 0%/IRS 0%/Larvicide 0%,0;0.4;0.4_0;0;0_0;0;0_-100;2;5475_-100;2;5475_-100;2;5475,18.3561643835616,Prevalence,1.20192428851308e-05
NbyGQVwzFc_loc12_loop6,12,ITN 0%/IRS 0%/Larvicide 0%,0;0.4;0.4_0;0;0_0;0;0_-100;2;5475_-100;2;5475_-100;2;5475,18.358904109589,Prevalence,1.20494988320156e-05
NbyGQVwzFc_loc12_loop6,12,ITN 0%/IRS 0%/Larvicide 0%,0;0.4;0.4_0;0;0_0;0;0_-100;2;5475_-100;2;5475_-100;2;5475,18.3616438356164,Prevalence,1.20799045046728e-05
NbyGQVwzFc_loc12_loop6,12,ITN 0%/IRS 0%/Larvicide 0%,0;0.4;0.4_0;0;0_0;0;0_-100;2;5475_-100;2;5475_-100;2;5475,18.3643835616438,Prevalence,1.211046019822e-05
NbyGQVwzFc_loc12_loop6,12,ITN 0%/IRS 0%/Larvicide 0%,0;0.4;0.4_0;0;0_0;0;0_-100;2;5475_-100;2;5475_-100;2;5475,18.3671232876712,Prevalence,1.2141166207391e-05
NbyGQVwzFc_loc12_loop6,12,ITN 0%/IRS 0%/Larvicide 0%,0;0.4;0.4_0;0;0_0;0;0_-100;2;5475_-100;2;5475_-100;2;5475,18.3698630136986,Prevalence,1.21720228268957e-05
NbyGQVwzFc_loc12_loop6,12,ITN 0%/IRS 0%/Larvicide 0%,0;0.4;0.4_0;0;0_0;0;0_-100;2;5475_-100;2;5475_-100;2;5475,18.372602739726,Prevalence,1.22030303517656e-05
NbyGQVwzFc_loc12_loop6,12,ITN 0%/IRS 0%/Larvicide 0%,0;0.4;0.4_0;0;0_0;0;0_-100;2;5475_-100;2;5475_-100;2;5475,18.3753424657534,Prevalence,1.22341890776898e-05
NbyGQVwzFc_loc12_loop6,12,ITN 0%/IRS 0%/Larvicide 0%,0;0.4;0.4_0;0;0_0;0;0_-100;2;5475_-100;2;5475_-100;2;5475,18.3780821917808,Prevalence,1.22654993013347e-05
NbyGQVwzFc_loc12_loop6,12,ITN 0%/IRS 0%/Larvicide 0%,0;0.4;0.4_0;0;0_0;0;0_-100;2;5475_-100;2;5475_-100;2;5475,18.3808219178082,Prevalence,1.22969613206479e-05
NbyGQVwzFc_loc12_loop6,12,ITN 0%/IRS 0%/Larvicide 0%,0;0.4;0.4_0;0;0_0;0;0_-100;2;5475_-100;2;5475_-100;2;5475,18.3835616438356,Prevalence,1.23285754351428e-05
NbyGQVwzFc_loc12_loop6,12,ITN 0%/IRS 0%/Larvicide 0%,0;0.4;0.4_0;0;0_0;0;0_-100;2;5475_-100;2;5475_-100;2;5475,18.386301369863,Prevalence,1.23603419461644e-05
NbyGQVwzFc_loc12_loop6,12,ITN 0%/IRS 0%/Larvicide 0%,0;0.4;0.4_0;0;0_0;0;0_-100;2;5475_-100;2;5475_-100;2;5475,18.3890410958904,Prevalence,1.23922611571335e-05
NbyGQVwzFc_loc12_loop6,12,ITN 0%/IRS 0%/Larvicide 0%,0;0.4;0.4_0;0;0_0;0;0_-100;2;5475_-100;2;5475_-100;2;5475,18.3917808219178,Prevalence,1.24243333737713e-05
NbyGQVwzFc_loc12_loop6,12,ITN 0%/IRS 0%/Larvicide 0%,0;0.4;0.4_0;0;0_0;0;0_-100;2;5475_-100;2;5475_-100;2;5475,18.3945205479452,Prevalence,1.24565589043033e-05
NbyGQVwzFc_loc12_loop6,12,ITN 0%/IRS 0%/Larvicide 0%,0;0.4;0.4_0;0;0_0;0;0_-100;2;5475_-100;2;5475_-100;2;5475,18.3972602739726,Prevalence,1.24889380596427e-05
NbyGQVwzFc_loc12_loop6,12,ITN 0%/IRS 0%/Larvicide 0%,0;0.4;0.4_0;0;0_0;0;0_-100;2;5475_-100;2;5475_-100;2;5475,18.4,Prevalence,1.25214711535541e-05
NbyGQVwzFc_loc12_loop6,12,ITN 0%/IRS 0%/Larvicide 0%,0;0.4;0.4_0;0;0_0;0;0_-100;2;5475_-100;2;5475_-100;2;5475,18.4027397260274,Prevalence,1.25541585027993e-05
NbyGQVwzFc_loc12_loop6,12,ITN 0%/IRS 0%/Larvicide 0%,0;0.4;0.4_0;0;0_0;0;0_-100;2;5475_-100;2;5475_-100;2;5475,18.4054794520548,Prevalence,1.25870004272643e-05
NbyGQVwzFc_loc12_loop6,12,ITN 0%/IRS 0%/Larvicide 0%,0;0.4;0.4_0;0;0_0;0;0_-100;2;5475_-100;2;5475_-100;2;5475,18.4082191780822,Prevalence,1.26199972500696e-05
NbyGQVwzFc_loc12_loop6,12,ITN 0%/IRS 0%/Larvicide 0%,0;0.4;0.4_0;0;0_0;0;0_-100;2;5475_-100;2;5475_-100;2;5475,18.4109589041096,Prevalence,1.26531492976633e-05
NbyGQVwzFc_loc12_loop6,12,ITN 0%/IRS 0%/Larvicide 0%,0;0.4;0.4_0;0;0_0;0;0_-100;2;5475_-100;2;5475_-100;2;5475,18.413698630137,Prevalence,1.26864568999042e-05
NbyGQVwzFc_loc12_loop6,12,ITN 0%/IRS 0%/Larvicide 0%,0;0.4;0.4_0;0;0_0;0;0_-100;2;5475_-100;2;5475_-100;2;5475,18.4164383561644,Prevalence,1.27199203901284e-05
NbyGQVwzFc_loc12_loop6,12,ITN 0%/IRS 0%/Larvicide 0%,0;0.4;0.4_0;0;0_0;0;0_-100;2;5475_-100;2;5475_-100;2;5475,18.4191780821918,Prevalence,1.2753540105204e-05
NbyGQVwzFc_loc12_loop6,12,ITN 0%/IRS 0%/Larvicide 0%,0;0.4;0.4_0;0;0_0;0;0_-100;2;5475_-100;2;5475_-100;2;5475,18.4219178082192,Prevalence,1.27873163855742e-05
NbyGQVwzFc_loc12_loop6,12,ITN 0%/IRS 0%/Larvicide 0%,0;0.4;0.4_0;0;0_0;0;0_-100;2;5475_-100;2;5475_-100;2;5475,18.4246575342466,Prevalence,1.28212495752914e-05
NbyGQVwzFc_loc12_loop6,12,ITN 0%/IRS 0%/Larvicide 0%,0;0.4;0.4_0;0;0_0;0;0_-100;2;5475_-100;2;5475_-100;2;5475,18.427397260274,Prevalence,1.28553400220414e-05
NbyGQVwzFc_loc12_loop6,12,ITN 0%/IRS 0%/Larvicide 0%,0;0.4;0.4_0;0;0_0;0;0_-100;2;5475_-100;2;5475_-100;2;5475,18.4301369863014,Prevalence,1.28895880771606e-05
NbyGQVwzFc_loc12_loop6,12,ITN 0%/IRS 0%/Larvicide 0%,0;0.4;0.4_0;0;0_0;0;0_-100;2;5475_-100;2;5475_-100;2;5475,18.4328767123288,Prevalence,1.29239940956459e-05
NbyGQVwzFc_loc12_loop6,12,ITN 0%/IRS 0%/Larvicide 0%,0;0.4;0.4_0;0;0_0;0;0_-100;2;5475_-100;2;5475_-100;2;5475,18.4356164383562,Prevalence,1.29585584361582e-05
NbyGQVwzFc_loc12_loop6,12,ITN 0%/IRS 0%/Larvicide 0%,0;0.4;0.4_0;0;0_0;0;0_-100;2;5475_-100;2;5475_-100;2;5475,18.4383561643836,Prevalence,1.29932814610218e-05
NbyGQVwzFc_loc12_loop6,12,ITN 0%/IRS 0%/Larvicide 0%,0;0.4;0.4_0;0;0_0;0;0_-100;2;5475_-100;2;5475_-100;2;5475,18.441095890411,Prevalence,1.30281635362184e-05
NbyGQVwzFc_loc12_loop6,12,ITN 0%/IRS 0%/Larvicide 0%,0;0.4;0.4_0;0;0_0;0;0_-100;2;5475_-100;2;5475_-100;2;5475,18.4438356164384,Prevalence,1.30632050313781e-05
NbyGQVwzFc_loc12_loop6,12,ITN 0%/IRS 0%/Larvicide 0%,0;0.4;0.4_0;0;0_0;0;0_-100;2;5475_-100;2;5475_-100;2;5475,18.4465753424658,Prevalence,1.30984063197671e-05
NbyGQVwzFc_loc12_loop6,12,ITN 0%/IRS 0%/Larvicide 0%,0;0.4;0.4_0;0;0_0;0;0_-100;2;5475_-100;2;5475_-100;2;5475,18.4493150684932,Prevalence,1.31337677782734e-05
NbyGQVwzFc_loc12_loop6,12,ITN 0%/IRS 0%/Larvicide 0%,0;0.4;0.4_0;0;0_0;0;0_-100;2;5475_-100;2;5475_-100;2;5475,18.4520547945206,Prevalence,1.31692897873902e-05
NbyGQVwzFc_loc12_loop6,12,ITN 0%/IRS 0%/Larvicide 0%,0;0.4;0.4_0;0;0_0;0;0_-100;2;5475_-100;2;5475_-100;2;5475,18.4547945205479,Prevalence,1.32049727311981e-05
NbyGQVwzFc_loc12_loop6,12,ITN 0%/IRS 0%/Larvicide 0%,0;0.4;0.4_0;0;0_0;0;0_-100;2;5475_-100;2;5475_-100;2;5475,18.4575342465753,Prevalence,1.32408169973454e-05
NbyGQVwzFc_loc12_loop6,12,ITN 0%/IRS 0%/Larvicide 0%,0;0.4;0.4_0;0;0_0;0;0_-100;2;5475_-100;2;5475_-100;2;5475,18.4602739726027,Prevalence,1.32768229770322e-05
NbyGQVwzFc_loc12_loop6,12,ITN 0%/IRS 0%/Larvicide 0%,0;0.4;0.4_0;0;0_0;0;0_-100;2;5475_-100;2;5475_-100;2;5475,18.4630136986301,Prevalence,1.33129910649908e-05
NbyGQVwzFc_loc12_loop6,12,ITN 0%/IRS 0%/Larvicide 0%,0;0.4;0.4_0;0;0_0;0;0_-100;2;5475_-100;2;5475_-100;2;5475,18.4657534246575,Prevalence,1.33493216594665e-05
NbyGQVwzFc_loc12_loop6,12,ITN 0%/IRS 0%/Larvicide 0%,0;0.4;0.4_0;0;0_0;0;0_-100;2;5475_-100;2;5475_-100;2;5475,18.4684931506849,Prevalence,1.33858151621996e-05
NbyGQVwzFc_loc12_loop6,12,ITN 0%/IRS 0%/Larvicide 0%,0;0.4;0.4_0;0;0_0;0;0_-100;2;5475_-100;2;5475_-100;2;5475,18.4712328767123,Prevalence,1.34224719784079e-05
NbyGQVwzFc_loc12_loop6,12,ITN 0%/IRS 0%/Larvicide 0%,0;0.4;0.4_0;0;0_0;0;0_-100;2;5475_-100;2;5475_-100;2;5475,18.4739726027397,Prevalence,1.34592925167696e-05
NbyGQVwzFc_loc12_loop6,12,ITN 0%/IRS 0%/Larvicide 0%,0;0.4;0.4_0;0;0_0;0;0_-100;2;5475_-100;2;5475_-100;2;5475,18.4767123287671,Prevalence,1.34962771894083e-05
NbyGQVwzFc_loc12_loop6,12,ITN 0%/IRS 0%/Larvicide 0%,0;0.4;0.4_0;0;0_0;0;0_-100;2;5475_-100;2;5475_-100;2;5475,18.4794520547945,Prevalence,1.35334264118779e-05
NbyGQVwzFc_loc12_loop6,12,ITN 0%/IRS 0%/Larvicide 0%,0;0.4;0.4_0;0;0_0;0;0_-100;2;5475_-100;2;5475_-100;2;5475,18.4821917808219,Prevalence,1.35707406031496e-05
NbyGQVwzFc_loc12_loop6,12,ITN 0%/IRS 0%/Larvicide 0%,0;0.4;0.4_0;0;0_0;0;0_-100;2;5475_-100;2;5475_-100;2;5475,18.4849315068493,Prevalence,1.36082201856e-05
NbyGQVwzFc_loc12_loop6,12,ITN 0%/IRS 0%/Larvicide 0%,0;0.4;0.4_0;0;0_0;0;0_-100;2;5475_-100;2;5475_-100;2;5475,18.4876712328767,Prevalence,1.36458655849998e-05
NbyGQVwzFc_loc12_loop6,12,ITN 0%/IRS 0%/Larvicide 0%,0;0.4;0.4_0;0;0_0;0;0_-100;2;5475_-100;2;5475_-100;2;5475,18.4904109589041,Prevalence,1.3683677230505e-05
NbyGQVwzFc_loc12_loop6,12,ITN 0%/IRS 0%/Larvicide 0%,0;0.4;0.4_0;0;0_0;0;0_-100;2;5475_-100;2;5475_-100;2;5475,18.4931506849315,Prevalence,1.37216555546483e-05
NbyGQVwzFc_loc12_loop6,12,ITN 0%/IRS 0%/Larvicide 0%,0;0.4;0.4_0;0;0_0;0;0_-100;2;5475_-100;2;5475_-100;2;5475,18.4958904109589,Prevalence,1.37598009933328e-05
NbyGQVwzFc_loc12_loop6,12,ITN 0%/IRS 0%/Larvicide 0%,0;0.4;0.4_0;0;0_0;0;0_-100;2;5475_-100;2;5475_-100;2;5475,18.4986301369863,Prevalence,1.37981139858259e-05
NbyGQVwzFc_loc12_loop6,12,ITN 0%/IRS 0%/Larvicide 0%,0;0.4;0.4_0;0;0_0;0;0_-100;2;5475_-100;2;5475_-100;2;5475,18.5013698630137,Prevalence,1.38365949747547e-05
NbyGQVwzFc_loc12_loop6,12,ITN 0%/IRS 0%/Larvicide 0%,0;0.4;0.4_0;0;0_0;0;0_-100;2;5475_-100;2;5475_-100;2;5475,18.5041095890411,Prevalence,1.38752444061014e-05
NbyGQVwzFc_loc12_loop6,12,ITN 0%/IRS 0%/Larvicide 0%,0;0.4;0.4_0;0;0_0;0;0_-100;2;5475_-100;2;5475_-100;2;5475,18.5068493150685,Prevalence,1.39140627292048e-05
NbyGQVwzFc_loc12_loop6,12,ITN 0%/IRS 0%/Larvicide 0%,0;0.4;0.4_0;0;0_0;0;0_-100;2;5475_-100;2;5475_-100;2;5475,18.5095890410959,Prevalence,1.39530503967577e-05
NbyGQVwzFc_loc12_loop6,12,ITN 0%/IRS 0%/Larvicide 0%,0;0.4;0.4_0;0;0_0;0;0_-100;2;5475_-100;2;5475_-100;2;5475,18.5123287671233,Prevalence,1.3992207864807e-05
NbyGQVwzFc_loc12_loop6,12,ITN 0%/IRS 0%/Larvicide 0%,0;0.4;0.4_0;0;0_0;0;0_-100;2;5475_-100;2;5475_-100;2;5475,18.5150684931507,Prevalence,1.40315355927544e-05
NbyGQVwzFc_loc12_loop6,12,ITN 0%/IRS 0%/Larvicide 0%,0;0.4;0.4_0;0;0_0;0;0_-100;2;5475_-100;2;5475_-100;2;5475,18.5178082191781,Prevalence,1.40710340433581e-05
NbyGQVwzFc_loc12_loop6,12,ITN 0%/IRS 0%/Larvicide 0%,0;0.4;0.4_0;0;0_0;0;0_-100;2;5475_-100;2;5475_-100;2;5475,18.5205479452055,Prevalence,1.41107036827353e-05
NbyGQVwzFc_loc12_loop6,12,ITN 0%/IRS 0%/Larvicide 0%,0;0.4;0.4_0;0;0_0;0;0_-100;2;5475_-100;2;5475_-100;2;5475,18.5232876712329,Prevalence,1.41505449803658e-05
NbyGQVwzFc_loc12_loop6,12,ITN 0%/IRS 0%/Larvicide 0%,0;0.4;0.4_0;0;0_0;0;0_-100;2;5475_-100;2;5475_-100;2;5475,18.5260273972603,Prevalence,1.41905584090953e-05
NbyGQVwzFc_loc12_loop6,12,ITN 0%/IRS 0%/Larvicide 0%,0;0.4;0.4_0;0;0_0;0;0_-100;2;5475_-100;2;5475_-100;2;5475,18.5287671232877,Prevalence,1.42307444451401e-05
NbyGQVwzFc_loc12_loop6,12,ITN 0%/IRS 0%/Larvicide 0%,0;0.4;0.4_0;0;0_0;0;0_-100;2;5475_-100;2;5475_-100;2;5475,18.5315068493151,Prevalence,1.42711035680923e-05
NbyGQVwzFc_loc12_loop6,12,ITN 0%/IRS 0%/Larvicide 0%,0;0.4;0.4_0;0;0_0;0;0_-100;2;5475_-100;2;5475_-100;2;5475,18.5342465753425,Prevalence,1.43116362609249e-05
NbyGQVwzFc_loc12_loop6,12,ITN 0%/IRS 0%/Larvicide 0%,0;0.4;0.4_0;0;0_0;0;0_-100;2;5475_-100;2;5475_-100;2;5475,18.5369863013699,Prevalence,1.43523430099981e-05
NbyGQVwzFc_loc12_loop6,12,ITN 0%/IRS 0%/Larvicide 0%,0;0.4;0.4_0;0;0_0;0;0_-100;2;5475_-100;2;5475_-100;2;5475,18.5397260273973,Prevalence,1.43932243050653e-05
NbyGQVwzFc_loc12_loop6,12,ITN 0%/IRS 0%/Larvicide 0%,0;0.4;0.4_0;0;0_0;0;0_-100;2;5475_-100;2;5475_-100;2;5475,18.5424657534247,Prevalence,1.44342806392794e-05
NbyGQVwzFc_loc12_loop6,12,ITN 0%/IRS 0%/Larvicide 0%,0;0.4;0.4_0;0;0_0;0;0_-100;2;5475_-100;2;5475_-100;2;5475,18.5452054794521,Prevalence,1.44755125092004e-05
NbyGQVwzFc_loc12_loop6,12,ITN 0%/IRS 0%/Larvicide 0%,0;0.4;0.4_0;0;0_0;0;0_-100;2;5475_-100;2;5475_-100;2;5475,18.5479452054795,Prevalence,1.45169204148017e-05
NbyGQVwzFc_loc12_loop6,12,ITN 0%/IRS 0%/Larvicide 0%,0;0.4;0.4_0;0;0_0;0;0_-100;2;5475_-100;2;5475_-100;2;5475,18.5506849315069,Prevalence,1.4558504859476e-05
NbyGQVwzFc_loc12_loop6,12,ITN 0%/IRS 0%/Larvicide 0%,0;0.4;0.4_0;0;0_0;0;0_-100;2;5475_-100;2;5475_-100;2;5475,18.5534246575342,Prevalence,1.46002663500457e-05
NbyGQVwzFc_loc12_loop6,12,ITN 0%/IRS 0%/Larvicide 0%,0;0.4;0.4_0;0;0_0;0;0_-100;2;5475_-100;2;5475_-100;2;5475,18.5561643835616,Prevalence,1.46422053967698e-05
NbyGQVwzFc_loc12_loop6,12,ITN 0%/IRS 0%/Larvicide 0%,0;0.4;0.4_0;0;0_0;0;0_-100;2;5475_-100;2;5475_-100;2;5475,18.558904109589,Prevalence,1.46843225133516e-05
NbyGQVwzFc_loc12_loop6,12,ITN 0%/IRS 0%/Larvicide 0%,0;0.4;0.4_0;0;0_0;0;0_-100;2;5475_-100;2;5475_-100;2;5475,18.5616438356164,Prevalence,1.47266182169459e-05
NbyGQVwzFc_loc12_loop6,12,ITN 0%/IRS 0%/Larvicide 0%,0;0.4;0.4_0;0;0_0;0;0_-100;2;5475_-100;2;5475_-100;2;5475,18.5643835616438,Prevalence,1.47690930281676e-05
NbyGQVwzFc_loc12_loop6,12,ITN 0%/IRS 0%/Larvicide 0%,0;0.4;0.4_0;0;0_0;0;0_-100;2;5475_-100;2;5475_-100;2;5475,18.5671232876712,Prevalence,1.48117474710991e-05
NbyGQVwzFc_loc12_loop6,12,ITN 0%/IRS 0%/Larvicide 0%,0;0.4;0.4_0;0;0_0;0;0_-100;2;5475_-100;2;5475_-100;2;5475,18.5698630136986,Prevalence,1.48545820732987e-05
NbyGQVwzFc_loc12_loop6,12,ITN 0%/IRS 0%/Larvicide 0%,0;0.4;0.4_0;0;0_0;0;0_-100;2;5475_-100;2;5475_-100;2;5475,18.572602739726,Prevalence,1.48975973658087e-05
NbyGQVwzFc_loc12_loop6,12,ITN 0%/IRS 0%/Larvicide 0%,0;0.4;0.4_0;0;0_0;0;0_-100;2;5475_-100;2;5475_-100;2;5475,18.5753424657534,Prevalence,1.49407938831629e-05
NbyGQVwzFc_loc12_loop6,12,ITN 0%/IRS 0%/Larvicide 0%,0;0.4;0.4_0;0;0_0;0;0_-100;2;5475_-100;2;5475_-100;2;5475,18.5780821917808,Prevalence,1.49841721633957e-05
NbyGQVwzFc_loc12_loop6,12,ITN 0%/IRS 0%/Larvicide 0%,0;0.4;0.4_0;0;0_0;0;0_-100;2;5475_-100;2;5475_-100;2;5475,18.5808219178082,Prevalence,1.50277327480493e-05
NbyGQVwzFc_loc12_loop6,12,ITN 0%/IRS 0%/Larvicide 0%,0;0.4;0.4_0;0;0_0;0;0_-100;2;5475_-100;2;5475_-100;2;5475,18.5835616438356,Prevalence,1.50714761821823e-05
NbyGQVwzFc_loc12_loop6,12,ITN 0%/IRS 0%/Larvicide 0%,0;0.4;0.4_0;0;0_0;0;0_-100;2;5475_-100;2;5475_-100;2;5475,18.586301369863,Prevalence,1.51154030143781e-05
NbyGQVwzFc_loc12_loop6,12,ITN 0%/IRS 0%/Larvicide 0%,0;0.4;0.4_0;0;0_0;0;0_-100;2;5475_-100;2;5475_-100;2;5475,18.5890410958904,Prevalence,1.51595137967525e-05
NbyGQVwzFc_loc12_loop6,12,ITN 0%/IRS 0%/Larvicide 0%,0;0.4;0.4_0;0;0_0;0;0_-100;2;5475_-100;2;5475_-100;2;5475,18.5917808219178,Prevalence,1.52038090849622e-05
NbyGQVwzFc_loc12_loop6,12,ITN 0%/IRS 0%/Larvicide 0%,0;0.4;0.4_0;0;0_0;0;0_-100;2;5475_-100;2;5475_-100;2;5475,18.5945205479452,Prevalence,1.52482894382131e-05
NbyGQVwzFc_loc12_loop6,12,ITN 0%/IRS 0%/Larvicide 0%,0;0.4;0.4_0;0;0_0;0;0_-100;2;5475_-100;2;5475_-100;2;5475,18.5972602739726,Prevalence,1.52929554192678e-05
NbyGQVwzFc_loc12_loop6,12,ITN 0%/IRS 0%/Larvicide 0%,0;0.4;0.4_0;0;0_0;0;0_-100;2;5475_-100;2;5475_-100;2;5475,18.6,Prevalence,1.53378075944531e-05
NbyGQVwzFc_loc12_loop6,12,ITN 0%/IRS 0%/Larvicide 0%,0;0.4;0.4_0;0;0_0;0;0_-100;2;5475_-100;2;5475_-100;2;5475,18.6027397260274,Prevalence,1.5382846533671e-05
NbyGQVwzFc_loc12_loop6,12,ITN 0%/IRS 0%/Larvicide 0%,0;0.4;0.4_0;0;0_0;0;0_-100;2;5475_-100;2;5475_-100;2;5475,18.6054794520548,Prevalence,1.54280728104059e-05
NbyGQVwzFc_loc12_loop6,12,ITN 0%/IRS 0%/Larvicide 0%,0;0.4;0.4_0;0;0_0;0;0_-100;2;5475_-100;2;5475_-100;2;5475,18.6082191780822,Prevalence,1.54734870017327e-05
NbyGQVwzFc_loc12_loop6,12,ITN 0%/IRS 0%/Larvicide 0%,0;0.4;0.4_0;0;0_0;0;0_-100;2;5475_-100;2;5475_-100;2;5475,18.6109589041096,Prevalence,1.55190896883246e-05
NbyGQVwzFc_loc12_loop6,12,ITN 0%/IRS 0%/Larvicide 0%,0;0.4;0.4_0;0;0_0;0;0_-100;2;5475_-100;2;5475_-100;2;5475,18.613698630137,Prevalence,1.55648814544622e-05
NbyGQVwzFc_loc12_loop6,12,ITN 0%/IRS 0%/Larvicide 0%,0;0.4;0.4_0;0;0_0;0;0_-100;2;5475_-100;2;5475_-100;2;5475,18.6164383561644,Prevalence,1.56108628880411e-05
NbyGQVwzFc_loc12_loop6,12,ITN 0%/IRS 0%/Larvicide 0%,0;0.4;0.4_0;0;0_0;0;0_-100;2;5475_-100;2;5475_-100;2;5475,18.6191780821918,Prevalence,1.56570345805811e-05
NbyGQVwzFc_loc12_loop6,12,ITN 0%/IRS 0%/Larvicide 0%,0;0.4;0.4_0;0;0_0;0;0_-100;2;5475_-100;2;5475_-100;2;5475,18.6219178082192,Prevalence,1.57033971272342e-05
NbyGQVwzFc_loc12_loop6,12,ITN 0%/IRS 0%/Larvicide 0%,0;0.4;0.4_0;0;0_0;0;0_-100;2;5475_-100;2;5475_-100;2;5475,18.6246575342466,Prevalence,1.57499511267931e-05
NbyGQVwzFc_loc12_loop6,12,ITN 0%/IRS 0%/Larvicide 0%,0;0.4;0.4_0;0;0_0;0;0_-100;2;5475_-100;2;5475_-100;2;5475,18.627397260274,Prevalence,1.57966971817001e-05
NbyGQVwzFc_loc12_loop6,12,ITN 0%/IRS 0%/Larvicide 0%,0;0.4;0.4_0;0;0_0;0;0_-100;2;5475_-100;2;5475_-100;2;5475,18.6301369863014,Prevalence,1.58436358980557e-05
NbyGQVwzFc_loc12_loop6,12,ITN 0%/IRS 0%/Larvicide 0%,0;0.4;0.4_0;0;0_0;0;0_-100;2;5475_-100;2;5475_-100;2;5475,18.6328767123288,Prevalence,1.5890767885627e-05
NbyGQVwzFc_loc12_loop6,12,ITN 0%/IRS 0%/Larvicide 0%,0;0.4;0.4_0;0;0_0;0;0_-100;2;5475_-100;2;5475_-100;2;5475,18.6356164383562,Prevalence,1.59380937578569e-05
NbyGQVwzFc_loc12_loop6,12,ITN 0%/IRS 0%/Larvicide 0%,0;0.4;0.4_0;0;0_0;0;0_-100;2;5475_-100;2;5475_-100;2;5475,18.6383561643836,Prevalence,1.59856141318723e-05
NbyGQVwzFc_loc12_loop6,12,ITN 0%/IRS 0%/Larvicide 0%,0;0.4;0.4_0;0;0_0;0;0_-100;2;5475_-100;2;5475_-100;2;5475,18.641095890411,Prevalence,1.6033329628494e-05
NbyGQVwzFc_loc12_loop6,12,ITN 0%/IRS 0%/Larvicide 0%,0;0.4;0.4_0;0;0_0;0;0_-100;2;5475_-100;2;5475_-100;2;5475,18.6438356164384,Prevalence,1.60812408722447e-05
NbyGQVwzFc_loc12_loop6,12,ITN 0%/IRS 0%/Larvicide 0%,0;0.4;0.4_0;0;0_0;0;0_-100;2;5475_-100;2;5475_-100;2;5475,18.6465753424658,Prevalence,1.61293484913584e-05
NbyGQVwzFc_loc12_loop6,12,ITN 0%/IRS 0%/Larvicide 0%,0;0.4;0.4_0;0;0_0;0;0_-100;2;5475_-100;2;5475_-100;2;5475,18.6493150684932,Prevalence,1.61776531177884e-05
NbyGQVwzFc_loc12_loop6,12,ITN 0%/IRS 0%/Larvicide 0%,0;0.4;0.4_0;0;0_0;0;0_-100;2;5475_-100;2;5475_-100;2;5475,18.6520547945206,Prevalence,1.62261553872198e-05
NbyGQVwzFc_loc12_loop6,12,ITN 0%/IRS 0%/Larvicide 0%,0;0.4;0.4_0;0;0_0;0;0_-100;2;5475_-100;2;5475_-100;2;5475,18.6547945205479,Prevalence,1.62748559390767e-05
NbyGQVwzFc_loc12_loop6,12,ITN 0%/IRS 0%/Larvicide 0%,0;0.4;0.4_0;0;0_0;0;0_-100;2;5475_-100;2;5475_-100;2;5475,18.6575342465753,Prevalence,1.63237554165318e-05
NbyGQVwzFc_loc12_loop6,12,ITN 0%/IRS 0%/Larvicide 0%,0;0.4;0.4_0;0;0_0;0;0_-100;2;5475_-100;2;5475_-100;2;5475,18.6602739726027,Prevalence,1.63728544665163e-05
NbyGQVwzFc_loc12_loop6,12,ITN 0%/IRS 0%/Larvicide 0%,0;0.4;0.4_0;0;0_0;0;0_-100;2;5475_-100;2;5475_-100;2;5475,18.6630136986301,Prevalence,1.64221537397287e-05
NbyGQVwzFc_loc12_loop6,12,ITN 0%/IRS 0%/Larvicide 0%,0;0.4;0.4_0;0;0_0;0;0_-100;2;5475_-100;2;5475_-100;2;5475,18.6657534246575,Prevalence,1.6471653890645e-05
NbyGQVwzFc_loc12_loop6,12,ITN 0%/IRS 0%/Larvicide 0%,0;0.4;0.4_0;0;0_0;0;0_-100;2;5475_-100;2;5475_-100;2;5475,18.6684931506849,Prevalence,1.65213555775282e-05
NbyGQVwzFc_loc12_loop6,12,ITN 0%/IRS 0%/Larvicide 0%,0;0.4;0.4_0;0;0_0;0;0_-100;2;5475_-100;2;5475_-100;2;5475,18.6712328767123,Prevalence,1.65712594624385e-05
NbyGQVwzFc_loc12_loop6,12,ITN 0%/IRS 0%/Larvicide 0%,0;0.4;0.4_0;0;0_0;0;0_-100;2;5475_-100;2;5475_-100;2;5475,18.6739726027397,Prevalence,1.66213662112429e-05
NbyGQVwzFc_loc12_loop6,12,ITN 0%/IRS 0%/Larvicide 0%,0;0.4;0.4_0;0;0_0;0;0_-100;2;5475_-100;2;5475_-100;2;5475,18.6767123287671,Prevalence,1.66716764936252e-05
NbyGQVwzFc_loc12_loop6,12,ITN 0%/IRS 0%/Larvicide 0%,0;0.4;0.4_0;0;0_0;0;0_-100;2;5475_-100;2;5475_-100;2;5475,18.6794520547945,Prevalence,1.67221909830968e-05
NbyGQVwzFc_loc12_loop6,12,ITN 0%/IRS 0%/Larvicide 0%,0;0.4;0.4_0;0;0_0;0;0_-100;2;5475_-100;2;5475_-100;2;5475,18.6821917808219,Prevalence,1.67729103570058e-05
NbyGQVwzFc_loc12_loop6,12,ITN 0%/IRS 0%/Larvicide 0%,0;0.4;0.4_0;0;0_0;0;0_-100;2;5475_-100;2;5475_-100;2;5475,18.6849315068493,Prevalence,1.68238352965485e-05
NbyGQVwzFc_loc12_loop6,12,ITN 0%/IRS 0%/Larvicide 0%,0;0.4;0.4_0;0;0_0;0;0_-100;2;5475_-100;2;5475_-100;2;5475,18.6876712328767,Prevalence,1.68749664867789e-05
NbyGQVwzFc_loc12_loop6,12,ITN 0%/IRS 0%/Larvicide 0%,0;0.4;0.4_0;0;0_0;0;0_-100;2;5475_-100;2;5475_-100;2;5475,18.6904109589041,Prevalence,1.69263046166199e-05
NbyGQVwzFc_loc12_loop6,12,ITN 0%/IRS 0%/Larvicide 0%,0;0.4;0.4_0;0;0_0;0;0_-100;2;5475_-100;2;5475_-100;2;5475,18.6931506849315,Prevalence,1.69778503788734e-05
NbyGQVwzFc_loc12_loop6,12,ITN 0%/IRS 0%/Larvicide 0%,0;0.4;0.4_0;0;0_0;0;0_-100;2;5475_-100;2;5475_-100;2;5475,18.6958904109589,Prevalence,1.70296044702313e-05
NbyGQVwzFc_loc12_loop6,12,ITN 0%/IRS 0%/Larvicide 0%,0;0.4;0.4_0;0;0_0;0;0_-100;2;5475_-100;2;5475_-100;2;5475,18.6986301369863,Prevalence,1.70815675912852e-05
NbyGQVwzFc_loc12_loop6,12,ITN 0%/IRS 0%/Larvicide 0%,0;0.4;0.4_0;0;0_0;0;0_-100;2;5475_-100;2;5475_-100;2;5475,18.7013698630137,Prevalence,1.71337404465392e-05
NbyGQVwzFc_loc12_loop6,12,ITN 0%/IRS 0%/Larvicide 0%,0;0.4;0.4_0;0;0_0;0;0_-100;2;5475_-100;2;5475_-100;2;5475,18.7041095890411,Prevalence,1.7186123744421e-05
NbyGQVwzFc_loc12_loop6,12,ITN 0%/IRS 0%/Larvicide 0%,0;0.4;0.4_0;0;0_0;0;0_-100;2;5475_-100;2;5475_-100;2;5475,18.7068493150685,Prevalence,1.72387181972919e-05
NbyGQVwzFc_loc12_loop6,12,ITN 0%/IRS 0%/Larvicide 0%,0;0.4;0.4_0;0;0_0;0;0_-100;2;5475_-100;2;5475_-100;2;5475,18.7095890410959,Prevalence,1.72915245214581e-05
NbyGQVwzFc_loc12_loop6,12,ITN 0%/IRS 0%/Larvicide 0%,0;0.4;0.4_0;0;0_0;0;0_-100;2;5475_-100;2;5475_-100;2;5475,18.7123287671233,Prevalence,1.73445434371821e-05
NbyGQVwzFc_loc12_loop6,12,ITN 0%/IRS 0%/Larvicide 0%,0;0.4;0.4_0;0;0_0;0;0_-100;2;5475_-100;2;5475_-100;2;5475,18.7150684931507,Prevalence,1.7397775668694e-05
NbyGQVwzFc_loc12_loop6,12,ITN 0%/IRS 0%/Larvicide 0%,0;0.4;0.4_0;0;0_0;0;0_-100;2;5475_-100;2;5475_-100;2;5475,18.7178082191781,Prevalence,1.74512219442028e-05
NbyGQVwzFc_loc12_loop6,12,ITN 0%/IRS 0%/Larvicide 0%,0;0.4;0.4_0;0;0_0;0;0_-100;2;5475_-100;2;5475_-100;2;5475,18.7205479452055,Prevalence,1.75048829959082e-05
NbyGQVwzFc_loc12_loop6,12,ITN 0%/IRS 0%/Larvicide 0%,0;0.4;0.4_0;0;0_0;0;0_-100;2;5475_-100;2;5475_-100;2;5475,18.7232876712329,Prevalence,1.75587595600121e-05
NbyGQVwzFc_loc12_loop6,12,ITN 0%/IRS 0%/Larvicide 0%,0;0.4;0.4_0;0;0_0;0;0_-100;2;5475_-100;2;5475_-100;2;5475,18.7260273972603,Prevalence,1.76128523767304e-05
NbyGQVwzFc_loc12_loop6,12,ITN 0%/IRS 0%/Larvicide 0%,0;0.4;0.4_0;0;0_0;0;0_-100;2;5475_-100;2;5475_-100;2;5475,18.7287671232877,Prevalence,1.76671621903048e-05
NbyGQVwzFc_loc12_loop6,12,ITN 0%/IRS 0%/Larvicide 0%,0;0.4;0.4_0;0;0_0;0;0_-100;2;5475_-100;2;5475_-100;2;5475,18.7315068493151,Prevalence,1.77216897490147e-05
NbyGQVwzFc_loc12_loop6,12,ITN 0%/IRS 0%/Larvicide 0%,0;0.4;0.4_0;0;0_0;0;0_-100;2;5475_-100;2;5475_-100;2;5475,18.7342465753425,Prevalence,1.77764358051895e-05
NbyGQVwzFc_loc12_loop6,12,ITN 0%/IRS 0%/Larvicide 0%,0;0.4;0.4_0;0;0_0;0;0_-100;2;5475_-100;2;5475_-100;2;5475,18.7369863013699,Prevalence,1.78314011152201e-05
NbyGQVwzFc_loc12_loop6,12,ITN 0%/IRS 0%/Larvicide 0%,0;0.4;0.4_0;0;0_0;0;0_-100;2;5475_-100;2;5475_-100;2;5475,18.7397260273973,Prevalence,1.78865864395718e-05
NbyGQVwzFc_loc12_loop6,12,ITN 0%/IRS 0%/Larvicide 0%,0;0.4;0.4_0;0;0_0;0;0_-100;2;5475_-100;2;5475_-100;2;5475,18.7424657534247,Prevalence,1.79419925427962e-05
NbyGQVwzFc_loc12_loop6,12,ITN 0%/IRS 0%/Larvicide 0%,0;0.4;0.4_0;0;0_0;0;0_-100;2;5475_-100;2;5475_-100;2;5475,18.7452054794521,Prevalence,1.79976201935439e-05
NbyGQVwzFc_loc12_loop6,12,ITN 0%/IRS 0%/Larvicide 0%,0;0.4;0.4_0;0;0_0;0;0_-100;2;5475_-100;2;5475_-100;2;5475,18.7479452054795,Prevalence,1.80534701645762e-05
NbyGQVwzFc_loc12_loop6,12,ITN 0%/IRS 0%/Larvicide 0%,0;0.4;0.4_0;0;0_0;0;0_-100;2;5475_-100;2;5475_-100;2;5475,18.7506849315069,Prevalence,1.81095432327782e-05
NbyGQVwzFc_loc12_loop6,12,ITN 0%/IRS 0%/Larvicide 0%,0;0.4;0.4_0;0;0_0;0;0_-100;2;5475_-100;2;5475_-100;2;5475,18.7534246575342,Prevalence,1.81658401791727e-05
NbyGQVwzFc_loc12_loop6,12,ITN 0%/IRS 0%/Larvicide 0%,0;0.4;0.4_0;0;0_0;0;0_-100;2;5475_-100;2;5475_-100;2;5475,18.7561643835616,Prevalence,1.82223617889322e-05
NbyGQVwzFc_loc12_loop6,12,ITN 0%/IRS 0%/Larvicide 0%,0;0.4;0.4_0;0;0_0;0;0_-100;2;5475_-100;2;5475_-100;2;5475,18.758904109589,Prevalence,1.82791088513915e-05
NbyGQVwzFc_loc12_loop6,12,ITN 0%/IRS 0%/Larvicide 0%,0;0.4;0.4_0;0;0_0;0;0_-100;2;5475_-100;2;5475_-100;2;5475,18.7616438356164,Prevalence,1.83360821600607e-05
NbyGQVwzFc_loc12_loop6,12,ITN 0%/IRS 0%/Larvicide 0%,0;0.4;0.4_0;0;0_0;0;0_-100;2;5475_-100;2;5475_-100;2;5475,18.7643835616438,Prevalence,1.83932825126382e-05
NbyGQVwzFc_loc12_loop6,12,ITN 0%/IRS 0%/Larvicide 0%,0;0.4;0.4_0;0;0_0;0;0_-100;2;5475_-100;2;5475_-100;2;5475,18.7671232876712,Prevalence,1.84507107110236e-05
NbyGQVwzFc_loc12_loop6,12,ITN 0%/IRS 0%/Larvicide 0%,0;0.4;0.4_0;0;0_0;0;0_-100;2;5475_-100;2;5475_-100;2;5475,18.7698630136986,Prevalence,1.85083675613314e-05
NbyGQVwzFc_loc12_loop6,12,ITN 0%/IRS 0%/Larvicide 0%,0;0.4;0.4_0;0;0_0;0;0_-100;2;5475_-100;2;5475_-100;2;5475,18.772602739726,Prevalence,1.85662538739039e-05
NbyGQVwzFc_loc12_loop6,12,ITN 0%/IRS 0%/Larvicide 0%,0;0.4;0.4_0;0;0_0;0;0_-100;2;5475_-100;2;5475_-100;2;5475,18.7753424657534,Prevalence,1.86243704633252e-05
NbyGQVwzFc_loc12_loop6,12,ITN 0%/IRS 0%/Larvicide 0%,0;0.4;0.4_0;0;0_0;0;0_-100;2;5475_-100;2;5475_-100;2;5475,18.7780821917808,Prevalence,1.86827181484338e-05
NbyGQVwzFc_loc12_loop6,12,ITN 0%/IRS 0%/Larvicide 0%,0;0.4;0.4_0;0;0_0;0;0_-100;2;5475_-100;2;5475_-100;2;5475,18.7808219178082,Prevalence,1.87412977523374e-05
NbyGQVwzFc_loc12_loop6,12,ITN 0%/IRS 0%/Larvicide 0%,0;0.4;0.4_0;0;0_0;0;0_-100;2;5475_-100;2;5475_-100;2;5475,18.7835616438356,Prevalence,1.88001101024255e-05
NbyGQVwzFc_loc12_loop6,12,ITN 0%/IRS 0%/Larvicide 0%,0;0.4;0.4_0;0;0_0;0;0_-100;2;5475_-100;2;5475_-100;2;5475,18.786301369863,Prevalence,1.88591560303839e-05
NbyGQVwzFc_loc12_loop6,12,ITN 0%/IRS 0%/Larvicide 0%,0;0.4;0.4_0;0;0_0;0;0_-100;2;5475_-100;2;5475_-100;2;5475,18.7890410958904,Prevalence,1.89184363722086e-05
NbyGQVwzFc_loc12_loop6,12,ITN 0%/IRS 0%/Larvicide 0%,0;0.4;0.4_0;0;0_0;0;0_-100;2;5475_-100;2;5475_-100;2;5475,18.7917808219178,Prevalence,1.89779519682192e-05
NbyGQVwzFc_loc12_loop6,12,ITN 0%/IRS 0%/Larvicide 0%,0;0.4;0.4_0;0;0_0;0;0_-100;2;5475_-100;2;5475_-100;2;5475,18.7945205479452,Prevalence,1.90377036630738e-05
NbyGQVwzFc_loc12_loop6,12,ITN 0%/IRS 0%/Larvicide 0%,0;0.4;0.4_0;0;0_0;0;0_-100;2;5475_-100;2;5475_-100;2;5475,18.7972602739726,Prevalence,1.90976923057826e-05
NbyGQVwzFc_loc12_loop6,12,ITN 0%/IRS 0%/Larvicide 0%,0;0.4;0.4_0;0;0_0;0;0_-100;2;5475_-100;2;5475_-100;2;5475,18.8,Prevalence,1.91579187497225e-05
NbyGQVwzFc_loc12_loop6,12,ITN 0%/IRS 0%/Larvicide 0%,0;0.4;0.4_0;0;0_0;0;0_-100;2;5475_-100;2;5475_-100;2;5475,18.8027397260274,Prevalence,1.92183838526507e-05
NbyGQVwzFc_loc12_loop6,12,ITN 0%/IRS 0%/Larvicide 0%,0;0.4;0.4_0;0;0_0;0;0_-100;2;5475_-100;2;5475_-100;2;5475,18.8054794520548,Prevalence,1.92790884767216e-05
NbyGQVwzFc_loc12_loop6,12,ITN 0%/IRS 0%/Larvicide 0%,0;0.4;0.4_0;0;0_0;0;0_-100;2;5475_-100;2;5475_-100;2;5475,18.8082191780822,Prevalence,1.93400334884998e-05
NbyGQVwzFc_loc12_loop6,12,ITN 0%/IRS 0%/Larvicide 0%,0;0.4;0.4_0;0;0_0;0;0_-100;2;5475_-100;2;5475_-100;2;5475,18.8109589041096,Prevalence,1.94012197589747e-05
NbyGQVwzFc_loc12_loop6,12,ITN 0%/IRS 0%/Larvicide 0%,0;0.4;0.4_0;0;0_0;0;0_-100;2;5475_-100;2;5475_-100;2;5475,18.813698630137,Prevalence,1.94626481635753e-05
NbyGQVwzFc_loc12_loop6,12,ITN 0%/IRS 0%/Larvicide 0%,0;0.4;0.4_0;0;0_0;0;0_-100;2;5475_-100;2;5475_-100;2;5475,18.8164383561644,Prevalence,1.95243195821852e-05
NbyGQVwzFc_loc12_loop6,12,ITN 0%/IRS 0%/Larvicide 0%,0;0.4;0.4_0;0;0_0;0;0_-100;2;5475_-100;2;5475_-100;2;5475,18.8191780821918,Prevalence,1.95862348991571e-05
NbyGQVwzFc_loc12_loop6,12,ITN 0%/IRS 0%/Larvicide 0%,0;0.4;0.4_0;0;0_0;0;0_-100;2;5475_-100;2;5475_-100;2;5475,18.8219178082192,Prevalence,1.96483950033284e-05
NbyGQVwzFc_loc12_loop6,12,ITN 0%/IRS 0%/Larvicide 0%,0;0.4;0.4_0;0;0_0;0;0_-100;2;5475_-100;2;5475_-100;2;5475,18.8246575342466,Prevalence,1.9710800788036e-05
NbyGQVwzFc_loc12_loop6,12,ITN 0%/IRS 0%/Larvicide 0%,0;0.4;0.4_0;0;0_0;0;0_-100;2;5475_-100;2;5475_-100;2;5475,18.827397260274,Prevalence,1.9773453151132e-05
NbyGQVwzFc_loc12_loop6,12,ITN 0%/IRS 0%/Larvicide 0%,0;0.4;0.4_0;0;0_0;0;0_-100;2;5475_-100;2;5475_-100;2;5475,18.8301369863014,Prevalence,1.98363529949984e-05
NbyGQVwzFc_loc12_loop6,12,ITN 0%/IRS 0%/Larvicide 0%,0;0.4;0.4_0;0;0_0;0;0_-100;2;5475_-100;2;5475_-100;2;5475,18.8328767123288,Prevalence,1.9899501226563e-05
NbyGQVwzFc_loc12_loop6,12,ITN 0%/IRS 0%/Larvicide 0%,0;0.4;0.4_0;0;0_0;0;0_-100;2;5475_-100;2;5475_-100;2;5475,18.8356164383562,Prevalence,1.99628987573152e-05
NbyGQVwzFc_loc12_loop6,12,ITN 0%/IRS 0%/Larvicide 0%,0;0.4;0.4_0;0;0_0;0;0_-100;2;5475_-100;2;5475_-100;2;5475,18.8383561643836,Prevalence,2.00265465033211e-05
NbyGQVwzFc_loc12_loop6,12,ITN 0%/IRS 0%/Larvicide 0%,0;0.4;0.4_0;0;0_0;0;0_-100;2;5475_-100;2;5475_-100;2;5475,18.841095890411,Prevalence,2.00904453852396e-05
NbyGQVwzFc_loc12_loop6,12,ITN 0%/IRS 0%/Larvicide 0%,0;0.4;0.4_0;0;0_0;0;0_-100;2;5475_-100;2;5475_-100;2;5475,18.8438356164384,Prevalence,2.0154596328338e-05
NbyGQVwzFc_loc12_loop6,12,ITN 0%/IRS 0%/Larvicide 0%,0;0.4;0.4_0;0;0_0;0;0_-100;2;5475_-100;2;5475_-100;2;5475,18.8465753424658,Prevalence,2.02190002625084e-05
NbyGQVwzFc_loc12_loop6,12,ITN 0%/IRS 0%/Larvicide 0%,0;0.4;0.4_0;0;0_0;0;0_-100;2;5475_-100;2;5475_-100;2;5475,18.8493150684932,Prevalence,2.02836581222835e-05
NbyGQVwzFc_loc12_loop6,12,ITN 0%/IRS 0%/Larvicide 0%,0;0.4;0.4_0;0;0_0;0;0_-100;2;5475_-100;2;5475_-100;2;5475,18.8520547945206,Prevalence,2.03485708468528e-05
NbyGQVwzFc_loc12_loop6,12,ITN 0%/IRS 0%/Larvicide 0%,0;0.4;0.4_0;0;0_0;0;0_-100;2;5475_-100;2;5475_-100;2;5475,18.8547945205479,Prevalence,2.04137393800785e-05
NbyGQVwzFc_loc12_loop6,12,ITN 0%/IRS 0%/Larvicide 0%,0;0.4;0.4_0;0;0_0;0;0_-100;2;5475_-100;2;5475_-100;2;5475,18.8575342465753,Prevalence,2.04791646705128e-05
NbyGQVwzFc_loc12_loop6,12,ITN 0%/IRS 0%/Larvicide 0%,0;0.4;0.4_0;0;0_0;0;0_-100;2;5475_-100;2;5475_-100;2;5475,18.8602739726027,Prevalence,2.05448476714151e-05
NbyGQVwzFc_loc12_loop6,12,ITN 0%/IRS 0%/Larvicide 0%,0;0.4;0.4_0;0;0_0;0;0_-100;2;5475_-100;2;5475_-100;2;5475,18.8630136986301,Prevalence,2.06107893407671e-05
NbyGQVwzFc_loc12_loop6,12,ITN 0%/IRS 0%/Larvicide 0%,0;0.4;0.4_0;0;0_0;0;0_-100;2;5475_-100;2;5475_-100;2;5475,18.8657534246575,Prevalence,2.06769906412896e-05
NbyGQVwzFc_loc12_loop6,12,ITN 0%/IRS 0%/Larvicide 0%,0;0.4;0.4_0;0;0_0;0;0_-100;2;5475_-100;2;5475_-100;2;5475,18.8684931506849,Prevalence,2.07434525404596e-05
NbyGQVwzFc_loc12_loop6,12,ITN 0%/IRS 0%/Larvicide 0%,0;0.4;0.4_0;0;0_0;0;0_-100;2;5475_-100;2;5475_-100;2;5475,18.8712328767123,Prevalence,2.08101760105268e-05
NbyGQVwzFc_loc12_loop6,12,ITN 0%/IRS 0%/Larvicide 0%,0;0.4;0.4_0;0;0_0;0;0_-100;2;5475_-100;2;5475_-100;2;5475,18.8739726027397,Prevalence,2.08771620285307e-05
NbyGQVwzFc_loc12_loop6,12,ITN 0%/IRS 0%/Larvicide 0%,0;0.4;0.4_0;0;0_0;0;0_-100;2;5475_-100;2;5475_-100;2;5475,18.8767123287671,Prevalence,2.09444115763178e-05
NbyGQVwzFc_loc12_loop6,12,ITN 0%/IRS 0%/Larvicide 0%,0;0.4;0.4_0;0;0_0;0;0_-100;2;5475_-100;2;5475_-100;2;5475,18.8794520547945,Prevalence,2.10119256405586e-05
NbyGQVwzFc_loc12_loop6,12,ITN 0%/IRS 0%/Larvicide 0%,0;0.4;0.4_0;0;0_0;0;0_-100;2;5475_-100;2;5475_-100;2;5475,18.8821917808219,Prevalence,2.1079705212765e-05
NbyGQVwzFc_loc12_loop6,12,ITN 0%/IRS 0%/Larvicide 0%,0;0.4;0.4_0;0;0_0;0;0_-100;2;5475_-100;2;5475_-100;2;5475,18.8849315068493,Prevalence,2.11477512893077e-05
NbyGQVwzFc_loc12_loop6,12,ITN 0%/IRS 0%/Larvicide 0%,0;0.4;0.4_0;0;0_0;0;0_-100;2;5475_-100;2;5475_-100;2;5475,18.8876712328767,Prevalence,2.12160648714336e-05
NbyGQVwzFc_loc12_loop6,12,ITN 0%/IRS 0%/Larvicide 0%,0;0.4;0.4_0;0;0_0;0;0_-100;2;5475_-100;2;5475_-100;2;5475,18.8904109589041,Prevalence,2.12846469652835e-05
NbyGQVwzFc_loc12_loop6,12,ITN 0%/IRS 0%/Larvicide 0%,0;0.4;0.4_0;0;0_0;0;0_-100;2;5475_-100;2;5475_-100;2;5475,18.8931506849315,Prevalence,2.135349858191e-05
NbyGQVwzFc_loc12_loop6,12,ITN 0%/IRS 0%/Larvicide 0%,0;0.4;0.4_0;0;0_0;0;0_-100;2;5475_-100;2;5475_-100;2;5475,18.8958904109589,Prevalence,2.14226207372948e-05
NbyGQVwzFc_loc12_loop6,12,ITN 0%/IRS 0%/Larvicide 0%,0;0.4;0.4_0;0;0_0;0;0_-100;2;5475_-100;2;5475_-100;2;5475,18.8986301369863,Prevalence,2.14920144523669e-05
NbyGQVwzFc_loc12_loop6,12,ITN 0%/IRS 0%/Larvicide 0%,0;0.4;0.4_0;0;0_0;0;0_-100;2;5475_-100;2;5475_-100;2;5475,18.9013698630137,Prevalence,2.15616807530211e-05
NbyGQVwzFc_loc12_loop6,12,ITN 0%/IRS 0%/Larvicide 0%,0;0.4;0.4_0;0;0_0;0;0_-100;2;5475_-100;2;5475_-100;2;5475,18.9041095890411,Prevalence,2.16316206701352e-05
NbyGQVwzFc_loc12_loop6,12,ITN 0%/IRS 0%/Larvicide 0%,0;0.4;0.4_0;0;0_0;0;0_-100;2;5475_-100;2;5475_-100;2;5475,18.9068493150685,Prevalence,2.1701835239589e-05
NbyGQVwzFc_loc12_loop6,12,ITN 0%/IRS 0%/Larvicide 0%,0;0.4;0.4_0;0;0_0;0;0_-100;2;5475_-100;2;5475_-100;2;5475,18.9095890410959,Prevalence,2.17723255022821e-05
NbyGQVwzFc_loc12_loop6,12,ITN 0%/IRS 0%/Larvicide 0%,0;0.4;0.4_0;0;0_0;0;0_-100;2;5475_-100;2;5475_-100;2;5475,18.9123287671233,Prevalence,2.18430925041538e-05
NbyGQVwzFc_loc12_loop6,12,ITN 0%/IRS 0%/Larvicide 0%,0;0.4;0.4_0;0;0_0;0;0_-100;2;5475_-100;2;5475_-100;2;5475,18.9150684931507,Prevalence,2.19141372962011e-05
NbyGQVwzFc_loc12_loop6,12,ITN 0%/IRS 0%/Larvicide 0%,0;0.4;0.4_0;0;0_0;0;0_-100;2;5475_-100;2;5475_-100;2;5475,18.9178082191781,Prevalence,2.19854609344966e-05
NbyGQVwzFc_loc12_loop6,12,ITN 0%/IRS 0%/Larvicide 0%,0;0.4;0.4_0;0;0_0;0;0_-100;2;5475_-100;2;5475_-100;2;5475,18.9205479452055,Prevalence,2.2057064480208e-05
NbyGQVwzFc_loc12_loop6,12,ITN 0%/IRS 0%/Larvicide 0%,0;0.4;0.4_0;0;0_0;0;0_-100;2;5475_-100;2;5475_-100;2;5475,18.9232876712329,Prevalence,2.2128948999616e-05
NbyGQVwzFc_loc12_loop6,12,ITN 0%/IRS 0%/Larvicide 0%,0;0.4;0.4_0;0;0_0;0;0_-100;2;5475_-100;2;5475_-100;2;5475,18.9260273972603,Prevalence,2.2201115564134e-05
NbyGQVwzFc_loc12_loop6,12,ITN 0%/IRS 0%/Larvicide 0%,0;0.4;0.4_0;0;0_0;0;0_-100;2;5475_-100;2;5475_-100;2;5475,18.9287671232877,Prevalence,2.22735652503268e-05
NbyGQVwzFc_loc12_loop6,12,ITN 0%/IRS 0%/Larvicide 0%,0;0.4;0.4_0;0;0_0;0;0_-100;2;5475_-100;2;5475_-100;2;5475,18.9315068493151,Prevalence,2.23462991399299e-05
NbyGQVwzFc_loc12_loop6,12,ITN 0%/IRS 0%/Larvicide 0%,0;0.4;0.4_0;0;0_0;0;0_-100;2;5475_-100;2;5475_-100;2;5475,18.9342465753425,Prevalence,2.2419318319869e-05
NbyGQVwzFc_loc12_loop6,12,ITN 0%/IRS 0%/Larvicide 0%,0;0.4;0.4_0;0;0_0;0;0_-100;2;5475_-100;2;5475_-100;2;5475,18.9369863013699,Prevalence,2.24926238822794e-05
NbyGQVwzFc_loc12_loop6,12,ITN 0%/IRS 0%/Larvicide 0%,0;0.4;0.4_0;0;0_0;0;0_-100;2;5475_-100;2;5475_-100;2;5475,18.9397260273973,Prevalence,2.25662169245252e-05
NbyGQVwzFc_loc12_loop6,12,ITN 0%/IRS 0%/Larvicide 0%,0;0.4;0.4_0;0;0_0;0;0_-100;2;5475_-100;2;5475_-100;2;5475,18.9424657534247,Prevalence,2.26400985492193e-05
NbyGQVwzFc_loc12_loop6,12,ITN 0%/IRS 0%/Larvicide 0%,0;0.4;0.4_0;0;0_0;0;0_-100;2;5475_-100;2;5475_-100;2;5475,18.9452054794521,Prevalence,2.2714269864243e-05
NbyGQVwzFc_loc12_loop6,12,ITN 0%/IRS 0%/Larvicide 0%,0;0.4;0.4_0;0;0_0;0;0_-100;2;5475_-100;2;5475_-100;2;5475,18.9479452054795,Prevalence,2.27887319827659e-05
NbyGQVwzFc_loc12_loop6,12,ITN 0%/IRS 0%/Larvicide 0%,0;0.4;0.4_0;0;0_0;0;0_-100;2;5475_-100;2;5475_-100;2;5475,18.9506849315069,Prevalence,2.2863486023266e-05
NbyGQVwzFc_loc12_loop6,12,ITN 0%/IRS 0%/Larvicide 0%,0;0.4;0.4_0;0;0_0;0;0_-100;2;5475_-100;2;5475_-100;2;5475,18.9534246575342,Prevalence,2.29385331095496e-05
NbyGQVwzFc_loc12_loop6,12,ITN 0%/IRS 0%/Larvicide 0%,0;0.4;0.4_0;0;0_0;0;0_-100;2;5475_-100;2;5475_-100;2;5475,18.9561643835616,Prevalence,2.30138743707716e-05
NbyGQVwzFc_loc12_loop6,12,ITN 0%/IRS 0%/Larvicide 0%,0;0.4;0.4_0;0;0_0;0;0_-100;2;5475_-100;2;5475_-100;2;5475,18.958904109589,Prevalence,2.30895109414559e-05
NbyGQVwzFc_loc12_loop6,12,ITN 0%/IRS 0%/Larvicide 0%,0;0.4;0.4_0;0;0_0;0;0_-100;2;5475_-100;2;5475_-100;2;5475,18.9616438356164,Prevalence,2.31654439615156e-05
NbyGQVwzFc_loc12_loop6,12,ITN 0%/IRS 0%/Larvicide 0%,0;0.4;0.4_0;0;0_0;0;0_-100;2;5475_-100;2;5475_-100;2;5475,18.9643835616438,Prevalence,2.32416745762739e-05
NbyGQVwzFc_loc12_loop6,12,ITN 0%/IRS 0%/Larvicide 0%,0;0.4;0.4_0;0;0_0;0;0_-100;2;5475_-100;2;5475_-100;2;5475,18.9671232876712,Prevalence,2.33182039364847e-05
NbyGQVwzFc_loc12_loop6,12,ITN 0%/IRS 0%/Larvicide 0%,0;0.4;0.4_0;0;0_0;0;0_-100;2;5475_-100;2;5475_-100;2;5475,18.9698630136986,Prevalence,2.33950331983549e-05
NbyGQVwzFc_loc12_loop6,12,ITN 0%/IRS 0%/Larvicide 0%,0;0.4;0.4_0;0;0_0;0;0_-100;2;5475_-100;2;5475_-100;2;5475,18.972602739726,Prevalence,2.34721635235632e-05
NbyGQVwzFc_loc12_loop6,12,ITN 0%/IRS 0%/Larvicide 0%,0;0.4;0.4_0;0;0_0;0;0_-100;2;5475_-100;2;5475_-100;2;5475,18.9753424657534,Prevalence,2.35495960792818e-05
NbyGQVwzFc_loc12_loop6,12,ITN 0%/IRS 0%/Larvicide 0%,0;0.4;0.4_0;0;0_0;0;0_-100;2;5475_-100;2;5475_-100;2;5475,18.9780821917808,Prevalence,2.36273320381973e-05
NbyGQVwzFc_loc12_loop6,12,ITN 0%/IRS 0%/Larvicide 0%,0;0.4;0.4_0;0;0_0;0;0_-100;2;5475_-100;2;5475_-100;2;5475,18.9808219178082,Prevalence,2.37053725785317e-05
NbyGQVwzFc_loc12_loop6,12,ITN 0%/IRS 0%/Larvicide 0%,0;0.4;0.4_0;0;0_0;0;0_-100;2;5475_-100;2;5475_-100;2;5475,18.9835616438356,Prevalence,2.3783718884064e-05
NbyGQVwzFc_loc12_loop6,12,ITN 0%/IRS 0%/Larvicide 0%,0;0.4;0.4_0;0;0_0;0;0_-100;2;5475_-100;2;5475_-100;2;5475,18.986301369863,Prevalence,2.38623721441517e-05
NbyGQVwzFc_loc12_loop6,12,ITN 0%/IRS 0%/Larvicide 0%,0;0.4;0.4_0;0;0_0;0;0_-100;2;5475_-100;2;5475_-100;2;5475,18.9890410958904,Prevalence,2.39413335537518e-05
NbyGQVwzFc_loc12_loop6,12,ITN 0%/IRS 0%/Larvicide 0%,0;0.4;0.4_0;0;0_0;0;0_-100;2;5475_-100;2;5475_-100;2;5475,18.9917808219178,Prevalence,2.40206043134435e-05
NbyGQVwzFc_loc12_loop6,12,ITN 0%/IRS 0%/Larvicide 0%,0;0.4;0.4_0;0;0_0;0;0_-100;2;5475_-100;2;5475_-100;2;5475,18.9945205479452,Prevalence,2.4100185629449e-05
NbyGQVwzFc_loc12_loop6,12,ITN 0%/IRS 0%/Larvicide 0%,0;0.4;0.4_0;0;0_0;0;0_-100;2;5475_-100;2;5475_-100;2;5475,18.9972602739726,Prevalence,2.41800787136562e-05
NbyGQVwzFc_loc12_loop6,12,ITN 0%/IRS 0%/Larvicide 0%,0;0.4;0.4_0;0;0_0;0;0_-100;2;5475_-100;2;5475_-100;2;5475,19,Prevalence,2.42602847836403e-05
NbyGQVwzFc_loc12_loop6,12,ITN 0%/IRS 0%/Larvicide 0%,0;0.4;0.4_0;0;0_0;0;0_-100;2;5475_-100;2;5475_-100;2;5475,19.0027397260274,Prevalence,2.4340805062686e-05
NbyGQVwzFc_loc12_loop6,12,ITN 0%/IRS 0%/Larvicide 0%,0;0.4;0.4_0;0;0_0;0;0_-100;2;5475_-100;2;5475_-100;2;5475,19.0054794520548,Prevalence,2.44216407798097e-05
NbyGQVwzFc_loc12_loop6,12,ITN 0%/IRS 0%/Larvicide 0%,0;0.4;0.4_0;0;0_0;0;0_-100;2;5475_-100;2;5475_-100;2;5475,19.0082191780822,Prevalence,2.45027931697825e-05
NbyGQVwzFc_loc12_loop6,12,ITN 0%/IRS 0%/Larvicide 0%,0;0.4;0.4_0;0;0_0;0;0_-100;2;5475_-100;2;5475_-100;2;5475,19.0109589041096,Prevalence,2.45842634731521e-05
NbyGQVwzFc_loc12_loop6,12,ITN 0%/IRS 0%/Larvicide 0%,0;0.4;0.4_0;0;0_0;0;0_-100;2;5475_-100;2;5475_-100;2;5475,19.013698630137,Prevalence,2.46660529362653e-05
NbyGQVwzFc_loc12_loop6,12,ITN 0%/IRS 0%/Larvicide 0%,0;0.4;0.4_0;0;0_0;0;0_-100;2;5475_-100;2;5475_-100;2;5475,19.0164383561644,Prevalence,2.47481628112914e-05
NbyGQVwzFc_loc12_loop6,12,ITN 0%/IRS 0%/Larvicide 0%,0;0.4;0.4_0;0;0_0;0;0_-100;2;5475_-100;2;5475_-100;2;5475,19.0191780821918,Prevalence,2.48305943562447e-05
NbyGQVwzFc_loc12_loop6,12,ITN 0%/IRS 0%/Larvicide 0%,0;0.4;0.4_0;0;0_0;0;0_-100;2;5475_-100;2;5475_-100;2;5475,19.0219178082192,Prevalence,2.49133488350074e-05
NbyGQVwzFc_loc12_loop6,12,ITN 0%/IRS 0%/Larvicide 0%,0;0.4;0.4_0;0;0_0;0;0_-100;2;5475_-100;2;5475_-100;2;5475,19.0246575342466,Prevalence,2.49964275173539e-05
NbyGQVwzFc_loc12_loop6,12,ITN 0%/IRS 0%/Larvicide 0%,0;0.4;0.4_0;0;0_0;0;0_-100;2;5475_-100;2;5475_-100;2;5475,19.027397260274,Prevalence,2.5079831678974e-05
NbyGQVwzFc_loc12_loop6,12,ITN 0%/IRS 0%/Larvicide 0%,0;0.4;0.4_0;0;0_0;0;0_-100;2;5475_-100;2;5475_-100;2;5475,19.0301369863014,Prevalence,2.51635626014952e-05
NbyGQVwzFc_loc12_loop6,12,ITN 0%/IRS 0%/Larvicide 0%,0;0.4;0.4_0;0;0_0;0;0_-100;2;5475_-100;2;5475_-100;2;5475,19.0328767123288,Prevalence,2.52476215725061e-05
NbyGQVwzFc_loc12_loop6,12,ITN 0%/IRS 0%/Larvicide 0%,0;0.4;0.4_0;0;0_0;0;0_-100;2;5475_-100;2;5475_-100;2;5475,19.0356164383562,Prevalence,2.53320098855804e-05
NbyGQVwzFc_loc12_loop6,12,ITN 0%/IRS 0%/Larvicide 0%,0;0.4;0.4_0;0;0_0;0;0_-100;2;5475_-100;2;5475_-100;2;5475,19.0383561643836,Prevalence,2.54167288403004e-05
NbyGQVwzFc_loc12_loop6,12,ITN 0%/IRS 0%/Larvicide 0%,0;0.4;0.4_0;0;0_0;0;0_-100;2;5475_-100;2;5475_-100;2;5475,19.041095890411,Prevalence,2.55017797422805e-05
NbyGQVwzFc_loc12_loop6,12,ITN 0%/IRS 0%/Larvicide 0%,0;0.4;0.4_0;0;0_0;0;0_-100;2;5475_-100;2;5475_-100;2;5475,19.0438356164384,Prevalence,2.55871639031919e-05
NbyGQVwzFc_loc12_loop6,12,ITN 0%/IRS 0%/Larvicide 0%,0;0.4;0.4_0;0;0_0;0;0_-100;2;5475_-100;2;5475_-100;2;5475,19.0465753424658,Prevalence,2.56728826407861e-05
NbyGQVwzFc_loc12_loop6,12,ITN 0%/IRS 0%/Larvicide 0%,0;0.4;0.4_0;0;0_0;0;0_-100;2;5475_-100;2;5475_-100;2;5475,19.0493150684932,Prevalence,2.57589372789195e-05
NbyGQVwzFc_loc12_loop6,12,ITN 0%/IRS 0%/Larvicide 0%,0;0.4;0.4_0;0;0_0;0;0_-100;2;5475_-100;2;5475_-100;2;5475,19.0520547945205,Prevalence,2.58453291475775e-05
NbyGQVwzFc_loc12_loop6,12,ITN 0%/IRS 0%/Larvicide 0%,0;0.4;0.4_0;0;0_0;0;0_-100;2;5475_-100;2;5475_-100;2;5475,19.0547945205479,Prevalence,2.59320595828991e-05
NbyGQVwzFc_loc12_loop6,12,ITN 0%/IRS 0%/Larvicide 0%,0;0.4;0.4_0;0;0_0;0;0_-100;2;5475_-100;2;5475_-100;2;5475,19.0575342465753,Prevalence,2.60191299272014e-05
NbyGQVwzFc_loc12_loop6,12,ITN 0%/IRS 0%/Larvicide 0%,0;0.4;0.4_0;0;0_0;0;0_-100;2;5475_-100;2;5475_-100;2;5475,19.0602739726027,Prevalence,2.61065415290044e-05
NbyGQVwzFc_loc12_loop6,12,ITN 0%/IRS 0%/Larvicide 0%,0;0.4;0.4_0;0;0_0;0;0_-100;2;5475_-100;2;5475_-100;2;5475,19.0630136986301,Prevalence,2.61942957430558e-05
NbyGQVwzFc_loc12_loop6,12,ITN 0%/IRS 0%/Larvicide 0%,0;0.4;0.4_0;0;0_0;0;0_-100;2;5475_-100;2;5475_-100;2;5475,19.0657534246575,Prevalence,2.62823939303562e-05
NbyGQVwzFc_loc12_loop6,12,ITN 0%/IRS 0%/Larvicide 0%,0;0.4;0.4_0;0;0_0;0;0_-100;2;5475_-100;2;5475_-100;2;5475,19.0684931506849,Prevalence,2.63708374581839e-05
NbyGQVwzFc_loc12_loop6,12,ITN 0%/IRS 0%/Larvicide 0%,0;0.4;0.4_0;0;0_0;0;0_-100;2;5475_-100;2;5475_-100;2;5475,19.0712328767123,Prevalence,2.64596277001201e-05
NbyGQVwzFc_loc12_loop6,12,ITN 0%/IRS 0%/Larvicide 0%,0;0.4;0.4_0;0;0_0;0;0_-100;2;5475_-100;2;5475_-100;2;5475,19.0739726027397,Prevalence,2.65487660360747e-05
NbyGQVwzFc_loc12_loop6,12,ITN 0%/IRS 0%/Larvicide 0%,0;0.4;0.4_0;0;0_0;0;0_-100;2;5475_-100;2;5475_-100;2;5475,19.0767123287671,Prevalence,2.66382538523115e-05
NbyGQVwzFc_loc12_loop6,12,ITN 0%/IRS 0%/Larvicide 0%,0;0.4;0.4_0;0;0_0;0;0_-100;2;5475_-100;2;5475_-100;2;5475,19.0794520547945,Prevalence,2.67280925414735e-05
NbyGQVwzFc_loc12_loop6,12,ITN 0%/IRS 0%/Larvicide 0%,0;0.4;0.4_0;0;0_0;0;0_-100;2;5475_-100;2;5475_-100;2;5475,19.0821917808219,Prevalence,2.68182835026098e-05
NbyGQVwzFc_loc12_loop6,12,ITN 0%/IRS 0%/Larvicide 0%,0;0.4;0.4_0;0;0_0;0;0_-100;2;5475_-100;2;5475_-100;2;5475,19.0849315068493,Prevalence,2.6908828141202e-05
NbyGQVwzFc_loc12_loop6,12,ITN 0%/IRS 0%/Larvicide 0%,0;0.4;0.4_0;0;0_0;0;0_-100;2;5475_-100;2;5475_-100;2;5475,19.0876712328767,Prevalence,2.69997278691892e-05
NbyGQVwzFc_loc12_loop6,12,ITN 0%/IRS 0%/Larvicide 0%,0;0.4;0.4_0;0;0_0;0;0_-100;2;5475_-100;2;5475_-100;2;5475,19.0904109589041,Prevalence,2.70909841049931e-05
NbyGQVwzFc_loc12_loop6,12,ITN 0%/IRS 0%/Larvicide 0%,0;0.4;0.4_0;0;0_0;0;0_-100;2;5475_-100;2;5475_-100;2;5475,19.0931506849315,Prevalence,2.71825982735458e-05
NbyGQVwzFc_loc12_loop6,12,ITN 0%/IRS 0%/Larvicide 0%,0;0.4;0.4_0;0;0_0;0;0_-100;2;5475_-100;2;5475_-100;2;5475,19.0958904109589,Prevalence,2.72745718063149e-05
NbyGQVwzFc_loc12_loop6,12,ITN 0%/IRS 0%/Larvicide 0%,0;0.4;0.4_0;0;0_0;0;0_-100;2;5475_-100;2;5475_-100;2;5475,19.0986301369863,Prevalence,2.73669061413303e-05
NbyGQVwzFc_loc12_loop6,12,ITN 0%/IRS 0%/Larvicide 0%,0;0.4;0.4_0;0;0_0;0;0_-100;2;5475_-100;2;5475_-100;2;5475,19.1013698630137,Prevalence,2.74596027232117e-05
NbyGQVwzFc_loc12_loop6,12,ITN 0%/IRS 0%/Larvicide 0%,0;0.4;0.4_0;0;0_0;0;0_-100;2;5475_-100;2;5475_-100;2;5475,19.1041095890411,Prevalence,2.75526630031946e-05
NbyGQVwzFc_loc12_loop6,12,ITN 0%/IRS 0%/Larvicide 0%,0;0.4;0.4_0;0;0_0;0;0_-100;2;5475_-100;2;5475_-100;2;5475,19.1068493150685,Prevalence,2.76460884391572e-05
NbyGQVwzFc_loc12_loop6,12,ITN 0%/IRS 0%/Larvicide 0%,0;0.4;0.4_0;0;0_0;0;0_-100;2;5475_-100;2;5475_-100;2;5475,19.1095890410959,Prevalence,2.7739880495648e-05
NbyGQVwzFc_loc12_loop6,12,ITN 0%/IRS 0%/Larvicide 0%,0;0.4;0.4_0;0;0_0;0;0_-100;2;5475_-100;2;5475_-100;2;5475,19.1123287671233,Prevalence,2.78340406439125e-05
NbyGQVwzFc_loc12_loop6,12,ITN 0%/IRS 0%/Larvicide 0%,0;0.4;0.4_0;0;0_0;0;0_-100;2;5475_-100;2;5475_-100;2;5475,19.1150684931507,Prevalence,2.7928570361921e-05
NbyGQVwzFc_loc12_loop6,12,ITN 0%/IRS 0%/Larvicide 0%,0;0.4;0.4_0;0;0_0;0;0_-100;2;5475_-100;2;5475_-100;2;5475,19.1178082191781,Prevalence,2.80234711343953e-05
NbyGQVwzFc_loc12_loop6,12,ITN 0%/IRS 0%/Larvicide 0%,0;0.4;0.4_0;0;0_0;0;0_-100;2;5475_-100;2;5475_-100;2;5475,19.1205479452055,Prevalence,2.81187444528375e-05
NbyGQVwzFc_loc12_loop6,12,ITN 0%/IRS 0%/Larvicide 0%,0;0.4;0.4_0;0;0_0;0;0_-100;2;5475_-100;2;5475_-100;2;5475,19.1232876712329,Prevalence,2.82143918155567e-05
NbyGQVwzFc_loc12_loop6,12,ITN 0%/IRS 0%/Larvicide 0%,0;0.4;0.4_0;0;0_0;0;0_-100;2;5475_-100;2;5475_-100;2;5475,19.1260273972603,Prevalence,2.83104147276973e-05
NbyGQVwzFc_loc12_loop6,12,ITN 0%/IRS 0%/Larvicide 0%,0;0.4;0.4_0;0;0_0;0;0_-100;2;5475_-100;2;5475_-100;2;5475,19.1287671232877,Prevalence,2.8406814701267e-05
NbyGQVwzFc_loc12_loop6,12,ITN 0%/IRS 0%/Larvicide 0%,0;0.4;0.4_0;0;0_0;0;0_-100;2;5475_-100;2;5475_-100;2;5475,19.1315068493151,Prevalence,2.85035932551649e-05
NbyGQVwzFc_loc12_loop6,12,ITN 0%/IRS 0%/Larvicide 0%,0;0.4;0.4_0;0;0_0;0;0_-100;2;5475_-100;2;5475_-100;2;5475,19.1342465753425,Prevalence,2.86007519152096e-05
NbyGQVwzFc_loc12_loop6,12,ITN 0%/IRS 0%/Larvicide 0%,0;0.4;0.4_0;0;0_0;0;0_-100;2;5475_-100;2;5475_-100;2;5475,19.1369863013699,Prevalence,2.86982922141683e-05
NbyGQVwzFc_loc12_loop6,12,ITN 0%/IRS 0%/Larvicide 0%,0;0.4;0.4_0;0;0_0;0;0_-100;2;5475_-100;2;5475_-100;2;5475,19.1397260273973,Prevalence,2.87962156917847e-05
NbyGQVwzFc_loc12_loop6,12,ITN 0%/IRS 0%/Larvicide 0%,0;0.4;0.4_0;0;0_0;0;0_-100;2;5475_-100;2;5475_-100;2;5475,19.1424657534247,Prevalence,2.88945238948084e-05
NbyGQVwzFc_loc12_loop6,12,ITN 0%/IRS 0%/Larvicide 0%,0;0.4;0.4_0;0;0_0;0;0_-100;2;5475_-100;2;5475_-100;2;5475,19.1452054794521,Prevalence,2.89932183770254e-05
NbyGQVwzFc_loc12_loop6,12,ITN 0%/IRS 0%/Larvicide 0%,0;0.4;0.4_0;0;0_0;0;0_-100;2;5475_-100;2;5475_-100;2;5475,19.1479452054795,Prevalence,2.90923006992844e-05
NbyGQVwzFc_loc12_loop6,12,ITN 0%/IRS 0%/Larvicide 0%,0;0.4;0.4_0;0;0_0;0;0_-100;2;5475_-100;2;5475_-100;2;5475,19.1506849315069,Prevalence,2.91917724295264e-05
NbyGQVwzFc_loc12_loop6,12,ITN 0%/IRS 0%/Larvicide 0%,0;0.4;0.4_0;0;0_0;0;0_-100;2;5475_-100;2;5475_-100;2;5475,19.1534246575342,Prevalence,2.92916351428142e-05
NbyGQVwzFc_loc12_loop6,12,ITN 0%/IRS 0%/Larvicide 0%,0;0.4;0.4_0;0;0_0;0;0_-100;2;5475_-100;2;5475_-100;2;5475,19.1561643835616,Prevalence,2.93918904213616e-05
NbyGQVwzFc_loc12_loop6,12,ITN 0%/IRS 0%/Larvicide 0%,0;0.4;0.4_0;0;0_0;0;0_-100;2;5475_-100;2;5475_-100;2;5475,19.158904109589,Prevalence,2.94925398545631e-05
NbyGQVwzFc_loc12_loop6,12,ITN 0%/IRS 0%/Larvicide 0%,0;0.4;0.4_0;0;0_0;0;0_-100;2;5475_-100;2;5475_-100;2;5475,19.1616438356164,Prevalence,2.95935850390235e-05
NbyGQVwzFc_loc12_loop6,12,ITN 0%/IRS 0%/Larvicide 0%,0;0.4;0.4_0;0;0_0;0;0_-100;2;5475_-100;2;5475_-100;2;5475,19.1643835616438,Prevalence,2.96950275785881e-05
NbyGQVwzFc_loc12_loop6,12,ITN 0%/IRS 0%/Larvicide 0%,0;0.4;0.4_0;0;0_0;0;0_-100;2;5475_-100;2;5475_-100;2;5475,19.1671232876712,Prevalence,2.9796869084372e-05
NbyGQVwzFc_loc12_loop6,12,ITN 0%/IRS 0%/Larvicide 0%,0;0.4;0.4_0;0;0_0;0;0_-100;2;5475_-100;2;5475_-100;2;5475,19.1698630136986,Prevalence,2.9899111174791e-05
NbyGQVwzFc_loc12_loop6,12,ITN 0%/IRS 0%/Larvicide 0%,0;0.4;0.4_0;0;0_0;0;0_-100;2;5475_-100;2;5475_-100;2;5475,19.172602739726,Prevalence,3.00017554755912e-05
NbyGQVwzFc_loc12_loop6,12,ITN 0%/IRS 0%/Larvicide 0%,0;0.4;0.4_0;0;0_0;0;0_-100;2;5475_-100;2;5475_-100;2;5475,19.1753424657534,Prevalence,3.010480361988e-05
NbyGQVwzFc_loc12_loop6,12,ITN 0%/IRS 0%/Larvicide 0%,0;0.4;0.4_0;0;0_0;0;0_-100;2;5475_-100;2;5475_-100;2;5475,19.1780821917808,Prevalence,3.02082572481561e-05
NbyGQVwzFc_loc12_loop6,12,ITN 0%/IRS 0%/Larvicide 0%,0;0.4;0.4_0;0;0_0;0;0_-100;2;5475_-100;2;5475_-100;2;5475,19.1808219178082,Prevalence,3.03121180083407e-05
NbyGQVwzFc_loc12_loop6,12,ITN 0%/IRS 0%/Larvicide 0%,0;0.4;0.4_0;0;0_0;0;0_-100;2;5475_-100;2;5475_-100;2;5475,19.1835616438356,Prevalence,3.04163875558082e-05
NbyGQVwzFc_loc12_loop6,12,ITN 0%/IRS 0%/Larvicide 0%,0;0.4;0.4_0;0;0_0;0;0_-100;2;5475_-100;2;5475_-100;2;5475,19.186301369863,Prevalence,3.05210675534171e-05
NbyGQVwzFc_loc12_loop6,12,ITN 0%/IRS 0%/Larvicide 0%,0;0.4;0.4_0;0;0_0;0;0_-100;2;5475_-100;2;5475_-100;2;5475,19.1890410958904,Prevalence,3.06261596715413e-05
NbyGQVwzFc_loc12_loop6,12,ITN 0%/IRS 0%/Larvicide 0%,0;0.4;0.4_0;0;0_0;0;0_-100;2;5475_-100;2;5475_-100;2;5475,19.1917808219178,Prevalence,3.07316655881015e-05
NbyGQVwzFc_loc12_loop6,12,ITN 0%/IRS 0%/Larvicide 0%,0;0.4;0.4_0;0;0_0;0;0_-100;2;5475_-100;2;5475_-100;2;5475,19.1945205479452,Prevalence,3.0837586988596e-05
NbyGQVwzFc_loc12_loop6,12,ITN 0%/IRS 0%/Larvicide 0%,0;0.4;0.4_0;0;0_0;0;0_-100;2;5475_-100;2;5475_-100;2;5475,19.1972602739726,Prevalence,3.09439255661334e-05
NbyGQVwzFc_loc12_loop6,12,ITN 0%/IRS 0%/Larvicide 0%,0;0.4;0.4_0;0;0_0;0;0_-100;2;5475_-100;2;5475_-100;2;5475,19.2,Prevalence,3.10506830214635e-05
NbyGQVwzFc_loc12_loop6,12,ITN 0%/IRS 0%/Larvicide 0%,0;0.4;0.4_0;0;0_0;0;0_-100;2;5475_-100;2;5475_-100;2;5475,19.2027397260274,Prevalence,3.11578610630093e-05
NbyGQVwzFc_loc12_loop6,12,ITN 0%/IRS 0%/Larvicide 0%,0;0.4;0.4_0;0;0_0;0;0_-100;2;5475_-100;2;5475_-100;2;5475,19.2054794520548,Prevalence,3.12654614069014e-05
NbyGQVwzFc_loc12_loop6,12,ITN 0%/IRS 0%/Larvicide 0%,0;0.4;0.4_0;0;0_0;0;0_-100;2;5475_-100;2;5475_-100;2;5475,19.2082191780822,Prevalence,3.13734857770086e-05
NbyGQVwzFc_loc12_loop6,12,ITN 0%/IRS 0%/Larvicide 0%,0;0.4;0.4_0;0;0_0;0;0_-100;2;5475_-100;2;5475_-100;2;5475,19.2109589041096,Prevalence,3.14819359049689e-05
NbyGQVwzFc_loc12_loop6,12,ITN 0%/IRS 0%/Larvicide 0%,0;0.4;0.4_0;0;0_0;0;0_-100;2;5475_-100;2;5475_-100;2;5475,19.213698630137,Prevalence,3.15908135302229e-05
NbyGQVwzFc_loc12_loop6,12,ITN 0%/IRS 0%/Larvicide 0%,0;0.4;0.4_0;0;0_0;0;0_-100;2;5475_-100;2;5475_-100;2;5475,19.2164383561644,Prevalence,3.17001204000463e-05
NbyGQVwzFc_loc12_loop6,12,ITN 0%/IRS 0%/Larvicide 0%,0;0.4;0.4_0;0;0_0;0;0_-100;2;5475_-100;2;5475_-100;2;5475,19.2191780821918,Prevalence,3.18098582695829e-05
NbyGQVwzFc_loc12_loop6,12,ITN 0%/IRS 0%/Larvicide 0%,0;0.4;0.4_0;0;0_0;0;0_-100;2;5475_-100;2;5475_-100;2;5475,19.2219178082192,Prevalence,3.19200289018775e-05
NbyGQVwzFc_loc12_loop6,12,ITN 0%/IRS 0%/Larvicide 0%,0;0.4;0.4_0;0;0_0;0;0_-100;2;5475_-100;2;5475_-100;2;5475,19.2246575342466,Prevalence,3.20306340679089e-05
NbyGQVwzFc_loc12_loop6,12,ITN 0%/IRS 0%/Larvicide 0%,0;0.4;0.4_0;0;0_0;0;0_-100;2;5475_-100;2;5475_-100;2;5475,19.227397260274,Prevalence,3.21416755466232e-05
NbyGQVwzFc_loc12_loop6,12,ITN 0%/IRS 0%/Larvicide 0%,0;0.4;0.4_0;0;0_0;0;0_-100;2;5475_-100;2;5475_-100;2;5475,19.2301369863014,Prevalence,3.22531551249672e-05
NbyGQVwzFc_loc12_loop6,12,ITN 0%/IRS 0%/Larvicide 0%,0;0.4;0.4_0;0;0_0;0;0_-100;2;5475_-100;2;5475_-100;2;5475,19.2328767123288,Prevalence,3.23650745979224e-05
NbyGQVwzFc_loc12_loop6,12,ITN 0%/IRS 0%/Larvicide 0%,0;0.4;0.4_0;0;0_0;0;0_-100;2;5475_-100;2;5475_-100;2;5475,19.2356164383562,Prevalence,3.24774357685385e-05
NbyGQVwzFc_loc12_loop6,12,ITN 0%/IRS 0%/Larvicide 0%,0;0.4;0.4_0;0;0_0;0;0_-100;2;5475_-100;2;5475_-100;2;5475,19.2383561643836,Prevalence,3.25902404479669e-05
NbyGQVwzFc_loc12_loop6,12,ITN 0%/IRS 0%/Larvicide 0%,0;0.4;0.4_0;0;0_0;0;0_-100;2;5475_-100;2;5475_-100;2;5475,19.241095890411,Prevalence,3.27034904554955e-05
NbyGQVwzFc_loc12_loop6,12,ITN 0%/IRS 0%/Larvicide 0%,0;0.4;0.4_0;0;0_0;0;0_-100;2;5475_-100;2;5475_-100;2;5475,19.2438356164384,Prevalence,3.28171876185824e-05
NbyGQVwzFc_loc12_loop6,12,ITN 0%/IRS 0%/Larvicide 0%,0;0.4;0.4_0;0;0_0;0;0_-100;2;5475_-100;2;5475_-100;2;5475,19.2465753424658,Prevalence,3.29313337728904e-05
NbyGQVwzFc_loc12_loop6,12,ITN 0%/IRS 0%/Larvicide 0%,0;0.4;0.4_0;0;0_0;0;0_-100;2;5475_-100;2;5475_-100;2;5475,19.2493150684932,Prevalence,3.30459307623216e-05
NbyGQVwzFc_loc12_loop6,12,ITN 0%/IRS 0%/Larvicide 0%,0;0.4;0.4_0;0;0_0;0;0_-100;2;5475_-100;2;5475_-100;2;5475,19.2520547945205,Prevalence,3.31609804390525e-05
NbyGQVwzFc_loc12_loop6,12,ITN 0%/IRS 0%/Larvicide 0%,0;0.4;0.4_0;0;0_0;0;0_-100;2;5475_-100;2;5475_-100;2;5475,19.2547945205479,Prevalence,3.32764846635678e-05
NbyGQVwzFc_loc12_loop6,12,ITN 0%/IRS 0%/Larvicide 0%,0;0.4;0.4_0;0;0_0;0;0_-100;2;5475_-100;2;5475_-100;2;5475,19.2575342465753,Prevalence,3.33924453046966e-05
NbyGQVwzFc_loc12_loop6,12,ITN 0%/IRS 0%/Larvicide 0%,0;0.4;0.4_0;0;0_0;0;0_-100;2;5475_-100;2;5475_-100;2;5475,19.2602739726027,Prevalence,3.35088642396469e-05
NbyGQVwzFc_loc12_loop6,12,ITN 0%/IRS 0%/Larvicide 0%,0;0.4;0.4_0;0;0_0;0;0_-100;2;5475_-100;2;5475_-100;2;5475,19.2630136986301,Prevalence,3.36257433540412e-05
NbyGQVwzFc_loc12_loop6,12,ITN 0%/IRS 0%/Larvicide 0%,0;0.4;0.4_0;0;0_0;0;0_-100;2;5475_-100;2;5475_-100;2;5475,19.2657534246575,Prevalence,3.37430845419519e-05
NbyGQVwzFc_loc12_loop6,12,ITN 0%/IRS 0%/Larvicide 0%,0;0.4;0.4_0;0;0_0;0;0_-100;2;5475_-100;2;5475_-100;2;5475,19.2684931506849,Prevalence,3.38608897059387e-05
NbyGQVwzFc_loc12_loop6,12,ITN 0%/IRS 0%/Larvicide 0%,0;0.4;0.4_0;0;0_0;0;0_-100;2;5475_-100;2;5475_-100;2;5475,19.2712328767123,Prevalence,3.3979160757084e-05
NbyGQVwzFc_loc12_loop6,12,ITN 0%/IRS 0%/Larvicide 0%,0;0.4;0.4_0;0;0_0;0;0_-100;2;5475_-100;2;5475_-100;2;5475,19.2739726027397,Prevalence,3.40978996150269e-05
NbyGQVwzFc_loc12_loop6,12,ITN 0%/IRS 0%/Larvicide 0%,0;0.4;0.4_0;0;0_0;0;0_-100;2;5475_-100;2;5475_-100;2;5475,19.2767123287671,Prevalence,3.42171082079997e-05
NbyGQVwzFc_loc12_loop6,12,ITN 0%/IRS 0%/Larvicide 0%,0;0.4;0.4_0;0;0_0;0;0_-100;2;5475_-100;2;5475_-100;2;5475,19.2794520547945,Prevalence,3.4336788472865e-05
NbyGQVwzFc_loc12_loop6,12,ITN 0%/IRS 0%/Larvicide 0%,0;0.4;0.4_0;0;0_0;0;0_-100;2;5475_-100;2;5475_-100;2;5475,19.2821917808219,Prevalence,3.4456942355152e-05
NbyGQVwzFc_loc12_loop6,12,ITN 0%/IRS 0%/Larvicide 0%,0;0.4;0.4_0;0;0_0;0;0_-100;2;5475_-100;2;5475_-100;2;5475,19.2849315068493,Prevalence,3.45775718090927e-05
NbyGQVwzFc_loc12_loop6,12,ITN 0%/IRS 0%/Larvicide 0%,0;0.4;0.4_0;0;0_0;0;0_-100;2;5475_-100;2;5475_-100;2;5475,19.2876712328767,Prevalence,3.46986787976595e-05
NbyGQVwzFc_loc12_loop6,12,ITN 0%/IRS 0%/Larvicide 0%,0;0.4;0.4_0;0;0_0;0;0_-100;2;5475_-100;2;5475_-100;2;5475,19.2904109589041,Prevalence,3.48202652926016e-05
NbyGQVwzFc_loc12_loop6,12,ITN 0%/IRS 0%/Larvicide 0%,0;0.4;0.4_0;0;0_0;0;0_-100;2;5475_-100;2;5475_-100;2;5475,19.2931506849315,Prevalence,3.49423332744825e-05
NbyGQVwzFc_loc12_loop6,12,ITN 0%/IRS 0%/Larvicide 0%,0;0.4;0.4_0;0;0_0;0;0_-100;2;5475_-100;2;5475_-100;2;5475,19.2958904109589,Prevalence,3.50648847327175e-05
NbyGQVwzFc_loc12_loop6,12,ITN 0%/IRS 0%/Larvicide 0%,0;0.4;0.4_0;0;0_0;0;0_-100;2;5475_-100;2;5475_-100;2;5475,19.2986301369863,Prevalence,3.51879216656108e-05
NbyGQVwzFc_loc12_loop6,12,ITN 0%/IRS 0%/Larvicide 0%,0;0.4;0.4_0;0;0_0;0;0_-100;2;5475_-100;2;5475_-100;2;5475,19.3013698630137,Prevalence,3.53114460803933e-05
NbyGQVwzFc_loc12_loop6,12,ITN 0%/IRS 0%/Larvicide 0%,0;0.4;0.4_0;0;0_0;0;0_-100;2;5475_-100;2;5475_-100;2;5475,19.3041095890411,Prevalence,3.54354599932607e-05
NbyGQVwzFc_loc12_loop6,12,ITN 0%/IRS 0%/Larvicide 0%,0;0.4;0.4_0;0;0_0;0;0_-100;2;5475_-100;2;5475_-100;2;5475,19.3068493150685,Prevalence,3.55599654294113e-05
NbyGQVwzFc_loc12_loop6,12,ITN 0%/IRS 0%/Larvicide 0%,0;0.4;0.4_0;0;0_0;0;0_-100;2;5475_-100;2;5475_-100;2;5475,19.3095890410959,Prevalence,3.56849644230844e-05
NbyGQVwzFc_loc12_loop6,12,ITN 0%/IRS 0%/Larvicide 0%,0;0.4;0.4_0;0;0_0;0;0_-100;2;5475_-100;2;5475_-100;2;5475,19.3123287671233,Prevalence,3.58104590175984e-05
NbyGQVwzFc_loc12_loop6,12,ITN 0%/IRS 0%/Larvicide 0%,0;0.4;0.4_0;0;0_0;0;0_-100;2;5475_-100;2;5475_-100;2;5475,19.3150684931507,Prevalence,3.59364512653899e-05
NbyGQVwzFc_loc12_loop6,12,ITN 0%/IRS 0%/Larvicide 0%,0;0.4;0.4_0;0;0_0;0;0_-100;2;5475_-100;2;5475_-100;2;5475,19.3178082191781,Prevalence,3.60629432280517e-05
NbyGQVwzFc_loc12_loop6,12,ITN 0%/IRS 0%/Larvicide 0%,0;0.4;0.4_0;0;0_0;0;0_-100;2;5475_-100;2;5475_-100;2;5475,19.3205479452055,Prevalence,3.61899369763723e-05
NbyGQVwzFc_loc12_loop6,12,ITN 0%/IRS 0%/Larvicide 0%,0;0.4;0.4_0;0;0_0;0;0_-100;2;5475_-100;2;5475_-100;2;5475,19.3232876712329,Prevalence,3.63174345903743e-05
NbyGQVwzFc_loc12_loop6,12,ITN 0%/IRS 0%/Larvicide 0%,0;0.4;0.4_0;0;0_0;0;0_-100;2;5475_-100;2;5475_-100;2;5475,19.3260273972603,Prevalence,3.64454381593549e-05
NbyGQVwzFc_loc12_loop6,12,ITN 0%/IRS 0%/Larvicide 0%,0;0.4;0.4_0;0;0_0;0;0_-100;2;5475_-100;2;5475_-100;2;5475,19.3287671232877,Prevalence,3.65739497819237e-05
NbyGQVwzFc_loc12_loop6,12,ITN 0%/IRS 0%/Larvicide 0%,0;0.4;0.4_0;0;0_0;0;0_-100;2;5475_-100;2;5475_-100;2;5475,19.3315068493151,Prevalence,3.67029715660438e-05
NbyGQVwzFc_loc12_loop6,12,ITN 0%/IRS 0%/Larvicide 0%,0;0.4;0.4_0;0;0_0;0;0_-100;2;5475_-100;2;5475_-100;2;5475,19.3342465753425,Prevalence,3.68325056290727e-05
NbyGQVwzFc_loc12_loop6,12,ITN 0%/IRS 0%/Larvicide 0%,0;0.4;0.4_0;0;0_0;0;0_-100;2;5475_-100;2;5475_-100;2;5475,19.3369863013699,Prevalence,3.69625540978015e-05
NbyGQVwzFc_loc12_loop6,12,ITN 0%/IRS 0%/Larvicide 0%,0;0.4;0.4_0;0;0_0;0;0_-100;2;5475_-100;2;5475_-100;2;5475,19.3397260273973,Prevalence,3.70931191084927e-05
NbyGQVwzFc_loc12_loop6,12,ITN 0%/IRS 0%/Larvicide 0%,0;0.4;0.4_0;0;0_0;0;0_-100;2;5475_-100;2;5475_-100;2;5475,19.3424657534247,Prevalence,3.72242028069216e-05
NbyGQVwzFc_loc12_loop6,12,ITN 0%/IRS 0%/Larvicide 0%,0;0.4;0.4_0;0;0_0;0;0_-100;2;5475_-100;2;5475_-100;2;5475,19.3452054794521,Prevalence,3.73558073484174e-05
NbyGQVwzFc_loc12_loop6,12,ITN 0%/IRS 0%/Larvicide 0%,0;0.4;0.4_0;0;0_0;0;0_-100;2;5475_-100;2;5475_-100;2;5475,19.3479452054795,Prevalence,3.74879348979033e-05
NbyGQVwzFc_loc12_loop6,12,ITN 0%/IRS 0%/Larvicide 0%,0;0.4;0.4_0;0;0_0;0;0_-100;2;5475_-100;2;5475_-100;2;5475,19.3506849315069,Prevalence,3.76205876299379e-05
NbyGQVwzFc_loc12_loop6,12,ITN 0%/IRS 0%/Larvicide 0%,0;0.4;0.4_0;0;0_0;0;0_-100;2;5475_-100;2;5475_-100;2;5475,19.3534246575342,Prevalence,3.77537677287557e-05
NbyGQVwzFc_loc12_loop6,12,ITN 0%/IRS 0%/Larvicide 0%,0;0.4;0.4_0;0;0_0;0;0_-100;2;5475_-100;2;5475_-100;2;5475,19.3561643835616,Prevalence,3.7887477388309e-05
NbyGQVwzFc_loc12_loop6,12,ITN 0%/IRS 0%/Larvicide 0%,0;0.4;0.4_0;0;0_0;0;0_-100;2;5475_-100;2;5475_-100;2;5475,19.358904109589,Prevalence,3.80217188123087e-05
NbyGQVwzFc_loc12_loop6,12,ITN 0%/IRS 0%/Larvicide 0%,0;0.4;0.4_0;0;0_0;0;0_-100;2;5475_-100;2;5475_-100;2;5475,19.3616438356164,Prevalence,3.81564942142659e-05
NbyGQVwzFc_loc12_loop6,12,ITN 0%/IRS 0%/Larvicide 0%,0;0.4;0.4_0;0;0_0;0;0_-100;2;5475_-100;2;5475_-100;2;5475,19.3643835616438,Prevalence,3.82918058175346e-05
NbyGQVwzFc_loc12_loop6,12,ITN 0%/IRS 0%/Larvicide 0%,0;0.4;0.4_0;0;0_0;0;0_-100;2;5475_-100;2;5475_-100;2;5475,19.3671232876712,Prevalence,3.84276558553524e-05
NbyGQVwzFc_loc12_loop6,12,ITN 0%/IRS 0%/Larvicide 0%,0;0.4;0.4_0;0;0_0;0;0_-100;2;5475_-100;2;5475_-100;2;5475,19.3698630136986,Prevalence,3.85640465708838e-05
NbyGQVwzFc_loc12_loop6,12,ITN 0%/IRS 0%/Larvicide 0%,0;0.4;0.4_0;0;0_0;0;0_-100;2;5475_-100;2;5475_-100;2;5475,19.372602739726,Prevalence,3.87009802172617e-05
NbyGQVwzFc_loc12_loop6,12,ITN 0%/IRS 0%/Larvicide 0%,0;0.4;0.4_0;0;0_0;0;0_-100;2;5475_-100;2;5475_-100;2;5475,19.3753424657534,Prevalence,3.88384590576303e-05
NbyGQVwzFc_loc12_loop6,12,ITN 0%/IRS 0%/Larvicide 0%,0;0.4;0.4_0;0;0_0;0;0_-100;2;5475_-100;2;5475_-100;2;5475,19.3780821917808,Prevalence,3.8976485365188e-05
NbyGQVwzFc_loc12_loop6,12,ITN 0%/IRS 0%/Larvicide 0%,0;0.4;0.4_0;0;0_0;0;0_-100;2;5475_-100;2;5475_-100;2;5475,19.3808219178082,Prevalence,3.91150614232299e-05
NbyGQVwzFc_loc12_loop6,12,ITN 0%/IRS 0%/Larvicide 0%,0;0.4;0.4_0;0;0_0;0;0_-100;2;5475_-100;2;5475_-100;2;5475,19.3835616438356,Prevalence,3.92541895251915e-05
NbyGQVwzFc_loc12_loop6,12,ITN 0%/IRS 0%/Larvicide 0%,0;0.4;0.4_0;0;0_0;0;0_-100;2;5475_-100;2;5475_-100;2;5475,19.386301369863,Prevalence,3.93938719746911e-05
NbyGQVwzFc_loc12_loop6,12,ITN 0%/IRS 0%/Larvicide 0%,0;0.4;0.4_0;0;0_0;0;0_-100;2;5475_-100;2;5475_-100;2;5475,19.3890410958904,Prevalence,3.95341110855743e-05
NbyGQVwzFc_loc12_loop6,12,ITN 0%/IRS 0%/Larvicide 0%,0;0.4;0.4_0;0;0_0;0;0_-100;2;5475_-100;2;5475_-100;2;5475,19.3917808219178,Prevalence,3.96749091819569e-05
NbyGQVwzFc_loc12_loop6,12,ITN 0%/IRS 0%/Larvicide 0%,0;0.4;0.4_0;0;0_0;0;0_-100;2;5475_-100;2;5475_-100;2;5475,19.3945205479452,Prevalence,3.98162685982692e-05
NbyGQVwzFc_loc12_loop6,12,ITN 0%/IRS 0%/Larvicide 0%,0;0.4;0.4_0;0;0_0;0;0_-100;2;5475_-100;2;5475_-100;2;5475,19.3972602739726,Prevalence,3.99581916793e-05
NbyGQVwzFc_loc12_loop6,12,ITN 0%/IRS 0%/Larvicide 0%,0;0.4;0.4_0;0;0_0;0;0_-100;2;5475_-100;2;5475_-100;2;5475,19.4,Prevalence,4.01006807802411e-05
NbyGQVwzFc_loc12_loop6,12,ITN 0%/IRS 0%/Larvicide 0%,0;0.4;0.4_0;0;0_0;0;0_-100;2;5475_-100;2;5475_-100;2;5475,19.4027397260274,Prevalence,4.02437382667349e-05
NbyGQVwzFc_loc12_loop6,12,ITN 0%/IRS 0%/Larvicide 0%,0;0.4;0.4_0;0;0_0;0;0_-100;2;5475_-100;2;5475_-100;2;5475,19.4054794520548,Prevalence,4.03873665149136e-05
NbyGQVwzFc_loc12_loop6,12,ITN 0%/IRS 0%/Larvicide 0%,0;0.4;0.4_0;0;0_0;0;0_-100;2;5475_-100;2;5475_-100;2;5475,19.4082191780822,Prevalence,4.05315679114455e-05
NbyGQVwzFc_loc12_loop6,12,ITN 0%/IRS 0%/Larvicide 0%,0;0.4;0.4_0;0;0_0;0;0_-100;2;5475_-100;2;5475_-100;2;5475,19.4109589041096,Prevalence,4.06763448535807e-05
NbyGQVwzFc_loc12_loop6,12,ITN 0%/IRS 0%/Larvicide 0%,0;0.4;0.4_0;0;0_0;0;0_-100;2;5475_-100;2;5475_-100;2;5475,19.413698630137,Prevalence,4.0821699749196e-05
NbyGQVwzFc_loc12_loop6,12,ITN 0%/IRS 0%/Larvicide 0%,0;0.4;0.4_0;0;0_0;0;0_-100;2;5475_-100;2;5475_-100;2;5475,19.4164383561644,Prevalence,4.09676350168409e-05
NbyGQVwzFc_loc12_loop6,12,ITN 0%/IRS 0%/Larvicide 0%,0;0.4;0.4_0;0;0_0;0;0_-100;2;5475_-100;2;5475_-100;2;5475,19.4191780821918,Prevalence,4.11141530857824e-05
NbyGQVwzFc_loc12_loop6,12,ITN 0%/IRS 0%/Larvicide 0%,0;0.4;0.4_0;0;0_0;0;0_-100;2;5475_-100;2;5475_-100;2;5475,19.4219178082192,Prevalence,4.12612563960517e-05
NbyGQVwzFc_loc12_loop6,12,ITN 0%/IRS 0%/Larvicide 0%,0;0.4;0.4_0;0;0_0;0;0_-100;2;5475_-100;2;5475_-100;2;5475,19.4246575342466,Prevalence,4.14089473984896e-05
NbyGQVwzFc_loc12_loop6,12,ITN 0%/IRS 0%/Larvicide 0%,0;0.4;0.4_0;0;0_0;0;0_-100;2;5475_-100;2;5475_-100;2;5475,19.427397260274,Prevalence,4.15572285547931e-05
NbyGQVwzFc_loc12_loop6,12,ITN 0%/IRS 0%/Larvicide 0%,0;0.4;0.4_0;0;0_0;0;0_-100;2;5475_-100;2;5475_-100;2;5475,19.4301369863014,Prevalence,4.17061023375614e-05
NbyGQVwzFc_loc12_loop6,12,ITN 0%/IRS 0%/Larvicide 0%,0;0.4;0.4_0;0;0_0;0;0_-100;2;5475_-100;2;5475_-100;2;5475,19.4328767123288,Prevalence,4.18555712303435e-05
NbyGQVwzFc_loc12_loop6,12,ITN 0%/IRS 0%/Larvicide 0%,0;0.4;0.4_0;0;0_0;0;0_-100;2;5475_-100;2;5475_-100;2;5475,19.4356164383562,Prevalence,4.20056377276839e-05
NbyGQVwzFc_loc12_loop6,12,ITN 0%/IRS 0%/Larvicide 0%,0;0.4;0.4_0;0;0_0;0;0_-100;2;5475_-100;2;5475_-100;2;5475,19.4383561643836,Prevalence,4.21563043351702e-05
NbyGQVwzFc_loc12_loop6,12,ITN 0%/IRS 0%/Larvicide 0%,0;0.4;0.4_0;0;0_0;0;0_-100;2;5475_-100;2;5475_-100;2;5475,19.441095890411,Prevalence,4.23075735694802e-05
NbyGQVwzFc_loc12_loop6,12,ITN 0%/IRS 0%/Larvicide 0%,0;0.4;0.4_0;0;0_0;0;0_-100;2;5475_-100;2;5475_-100;2;5475,19.4438356164384,Prevalence,4.24594479584298e-05
NbyGQVwzFc_loc12_loop6,12,ITN 0%/IRS 0%/Larvicide 0%,0;0.4;0.4_0;0;0_0;0;0_-100;2;5475_-100;2;5475_-100;2;5475,19.4465753424658,Prevalence,4.261193004102e-05
NbyGQVwzFc_loc12_loop6,12,ITN 0%/IRS 0%/Larvicide 0%,0;0.4;0.4_0;0;0_0;0;0_-100;2;5475_-100;2;5475_-100;2;5475,19.4493150684932,Prevalence,4.27650223674851e-05
NbyGQVwzFc_loc12_loop6,12,ITN 0%/IRS 0%/Larvicide 0%,0;0.4;0.4_0;0;0_0;0;0_-100;2;5475_-100;2;5475_-100;2;5475,19.4520547945206,Prevalence,4.29187274993408e-05
NbyGQVwzFc_loc12_loop6,12,ITN 0%/IRS 0%/Larvicide 0%,0;0.4;0.4_0;0;0_0;0;0_-100;2;5475_-100;2;5475_-100;2;5475,19.4547945205479,Prevalence,4.30730480094323e-05
NbyGQVwzFc_loc12_loop6,12,ITN 0%/IRS 0%/Larvicide 0%,0;0.4;0.4_0;0;0_0;0;0_-100;2;5475_-100;2;5475_-100;2;5475,19.4575342465753,Prevalence,4.32279864819832e-05
NbyGQVwzFc_loc12_loop6,12,ITN 0%/IRS 0%/Larvicide 0%,0;0.4;0.4_0;0;0_0;0;0_-100;2;5475_-100;2;5475_-100;2;5475,19.4602739726027,Prevalence,4.33835455126436e-05
NbyGQVwzFc_loc12_loop6,12,ITN 0%/IRS 0%/Larvicide 0%,0;0.4;0.4_0;0;0_0;0;0_-100;2;5475_-100;2;5475_-100;2;5475,19.4630136986301,Prevalence,4.35397277085392e-05
NbyGQVwzFc_loc12_loop6,12,ITN 0%/IRS 0%/Larvicide 0%,0;0.4;0.4_0;0;0_0;0;0_-100;2;5475_-100;2;5475_-100;2;5475,19.4657534246575,Prevalence,4.36965356883209e-05
NbyGQVwzFc_loc12_loop6,12,ITN 0%/IRS 0%/Larvicide 0%,0;0.4;0.4_0;0;0_0;0;0_-100;2;5475_-100;2;5475_-100;2;5475,19.4684931506849,Prevalence,4.38539720822136e-05
NbyGQVwzFc_loc12_loop6,12,ITN 0%/IRS 0%/Larvicide 0%,0;0.4;0.4_0;0;0_0;0;0_-100;2;5475_-100;2;5475_-100;2;5475,19.4712328767123,Prevalence,4.40120395320691e-05
NbyGQVwzFc_loc12_loop6,12,ITN 0%/IRS 0%/Larvicide 0%,0;0.4;0.4_0;0;0_0;0;0_-100;2;5475_-100;2;5475_-100;2;5475,19.4739726027397,Prevalence,4.41707406914123e-05
NbyGQVwzFc_loc12_loop6,12,ITN 0%/IRS 0%/Larvicide 0%,0;0.4;0.4_0;0;0_0;0;0_-100;2;5475_-100;2;5475_-100;2;5475,19.4767123287671,Prevalence,4.43300782254894e-05
NbyGQVwzFc_loc12_loop6,12,ITN 0%/IRS 0%/Larvicide 0%,0;0.4;0.4_0;0;0_0;0;0_-100;2;5475_-100;2;5475_-100;2;5475,19.4794520547945,Prevalence,4.44900548113206e-05
NbyGQVwzFc_loc12_loop6,12,ITN 0%/IRS 0%/Larvicide 0%,0;0.4;0.4_0;0;0_0;0;0_-100;2;5475_-100;2;5475_-100;2;5475,19.4821917808219,Prevalence,4.465067313775e-05
NbyGQVwzFc_loc12_loop6,12,ITN 0%/IRS 0%/Larvicide 0%,0;0.4;0.4_0;0;0_0;0;0_-100;2;5475_-100;2;5475_-100;2;5475,19.4849315068493,Prevalence,4.48119359054961e-05
NbyGQVwzFc_loc12_loop6,12,ITN 0%/IRS 0%/Larvicide 0%,0;0.4;0.4_0;0;0_0;0;0_-100;2;5475_-100;2;5475_-100;2;5475,19.4876712328767,Prevalence,4.49738458272031e-05
NbyGQVwzFc_loc12_loop6,12,ITN 0%/IRS 0%/Larvicide 0%,0;0.4;0.4_0;0;0_0;0;0_-100;2;5475_-100;2;5475_-100;2;5475,19.4904109589041,Prevalence,4.51364056274912e-05
NbyGQVwzFc_loc12_loop6,12,ITN 0%/IRS 0%/Larvicide 0%,0;0.4;0.4_0;0;0_0;0;0_-100;2;5475_-100;2;5475_-100;2;5475,19.4931506849315,Prevalence,4.52996180430088e-05
NbyGQVwzFc_loc12_loop6,12,ITN 0%/IRS 0%/Larvicide 0%,0;0.4;0.4_0;0;0_0;0;0_-100;2;5475_-100;2;5475_-100;2;5475,19.4958904109589,Prevalence,4.54634858224831e-05
NbyGQVwzFc_loc12_loop6,12,ITN 0%/IRS 0%/Larvicide 0%,0;0.4;0.4_0;0;0_0;0;0_-100;2;5475_-100;2;5475_-100;2;5475,19.4986301369863,Prevalence,4.56280117267722e-05
NbyGQVwzFc_loc12_loop6,12,ITN 0%/IRS 0%/Larvicide 0%,0;0.4;0.4_0;0;0_0;0;0_-100;2;5475_-100;2;5475_-100;2;5475,19.5013698630137,Prevalence,4.57931985289174e-05
NbyGQVwzFc_loc12_loop6,12,ITN 0%/IRS 0%/Larvicide 0%,0;0.4;0.4_0;0;0_0;0;0_-100;2;5475_-100;2;5475_-100;2;5475,19.5041095890411,Prevalence,4.59590490141945e-05
NbyGQVwzFc_loc12_loop6,12,ITN 0%/IRS 0%/Larvicide 0%,0;0.4;0.4_0;0;0_0;0;0_-100;2;5475_-100;2;5475_-100;2;5475,19.5068493150685,Prevalence,4.61255659801671e-05
NbyGQVwzFc_loc12_loop6,12,ITN 0%/IRS 0%/Larvicide 0%,0;0.4;0.4_0;0;0_0;0;0_-100;2;5475_-100;2;5475_-100;2;5475,19.5095890410959,Prevalence,4.62927522367379e-05
NbyGQVwzFc_loc12_loop6,12,ITN 0%/IRS 0%/Larvicide 0%,0;0.4;0.4_0;0;0_0;0;0_-100;2;5475_-100;2;5475_-100;2;5475,19.5123287671233,Prevalence,4.64606106062029e-05
NbyGQVwzFc_loc12_loop6,12,ITN 0%/IRS 0%/Larvicide 0%,0;0.4;0.4_0;0;0_0;0;0_-100;2;5475_-100;2;5475_-100;2;5475,19.5150684931507,Prevalence,4.66291439233039e-05
NbyGQVwzFc_loc12_loop6,12,ITN 0%/IRS 0%/Larvicide 0%,0;0.4;0.4_0;0;0_0;0;0_-100;2;5475_-100;2;5475_-100;2;5475,19.5178082191781,Prevalence,4.67983550352813e-05
NbyGQVwzFc_loc12_loop6,12,ITN 0%/IRS 0%/Larvicide 0%,0;0.4;0.4_0;0;0_0;0;0_-100;2;5475_-100;2;5475_-100;2;5475,19.5205479452055,Prevalence,4.69682468019281e-05
NbyGQVwzFc_loc12_loop6,12,ITN 0%/IRS 0%/Larvicide 0%,0;0.4;0.4_0;0;0_0;0;0_-100;2;5475_-100;2;5475_-100;2;5475,19.5232876712329,Prevalence,4.71388220956435e-05
NbyGQVwzFc_loc12_loop6,12,ITN 0%/IRS 0%/Larvicide 0%,0;0.4;0.4_0;0;0_0;0;0_-100;2;5475_-100;2;5475_-100;2;5475,19.5260273972603,Prevalence,4.73100838014868e-05
NbyGQVwzFc_loc12_loop6,12,ITN 0%/IRS 0%/Larvicide 0%,0;0.4;0.4_0;0;0_0;0;0_-100;2;5475_-100;2;5475_-100;2;5475,19.5287671232877,Prevalence,4.74820348172315e-05
NbyGQVwzFc_loc12_loop6,12,ITN 0%/IRS 0%/Larvicide 0%,0;0.4;0.4_0;0;0_0;0;0_-100;2;5475_-100;2;5475_-100;2;5475,19.5315068493151,Prevalence,4.76546780534199e-05
NbyGQVwzFc_loc12_loop6,12,ITN 0%/IRS 0%/Larvicide 0%,0;0.4;0.4_0;0;0_0;0;0_-100;2;5475_-100;2;5475_-100;2;5475,19.5342465753425,Prevalence,4.78280164334174e-05
NbyGQVwzFc_loc12_loop6,12,ITN 0%/IRS 0%/Larvicide 0%,0;0.4;0.4_0;0;0_0;0;0_-100;2;5475_-100;2;5475_-100;2;5475,19.5369863013699,Prevalence,4.80020528934677e-05
NbyGQVwzFc_loc12_loop6,12,ITN 0%/IRS 0%/Larvicide 0%,0;0.4;0.4_0;0;0_0;0;0_-100;2;5475_-100;2;5475_-100;2;5475,19.5397260273973,Prevalence,4.81767903827473e-05
NbyGQVwzFc_loc12_loop6,12,ITN 0%/IRS 0%/Larvicide 0%,0;0.4;0.4_0;0;0_0;0;0_-100;2;5475_-100;2;5475_-100;2;5475,19.5424657534247,Prevalence,4.83522318634247e-05
NbyGQVwzFc_loc12_loop6,12,ITN 0%/IRS 0%/Larvicide 0%,0;0.4;0.4_0;0;0_0;0;0_-100;2;5475_-100;2;5475_-100;2;5475,19.5452054794521,Prevalence,4.85283803107121e-05
NbyGQVwzFc_loc12_loop6,12,ITN 0%/IRS 0%/Larvicide 0%,0;0.4;0.4_0;0;0_0;0;0_-100;2;5475_-100;2;5475_-100;2;5475,19.5479452054795,Prevalence,4.87052387129192e-05
NbyGQVwzFc_loc12_loop6,12,ITN 0%/IRS 0%/Larvicide 0%,0;0.4;0.4_0;0;0_0;0;0_-100;2;5475_-100;2;5475_-100;2;5475,19.5506849315069,Prevalence,4.88828100715116e-05
NbyGQVwzFc_loc12_loop6,12,ITN 0%/IRS 0%/Larvicide 0%,0;0.4;0.4_0;0;0_0;0;0_-100;2;5475_-100;2;5475_-100;2;5475,19.5534246575342,Prevalence,4.9061097401167e-05
NbyGQVwzFc_loc12_loop6,12,ITN 0%/IRS 0%/Larvicide 0%,0;0.4;0.4_0;0;0_0;0;0_-100;2;5475_-100;2;5475_-100;2;5475,19.5561643835616,Prevalence,4.92401037298318e-05
NbyGQVwzFc_loc12_loop6,12,ITN 0%/IRS 0%/Larvicide 0%,0;0.4;0.4_0;0;0_0;0;0_-100;2;5475_-100;2;5475_-100;2;5475,19.558904109589,Prevalence,4.9419832098777e-05
NbyGQVwzFc_loc12_loop6,12,ITN 0%/IRS 0%/Larvicide 0%,0;0.4;0.4_0;0;0_0;0;0_-100;2;5475_-100;2;5475_-100;2;5475,19.5616438356164,Prevalence,4.96002855626561e-05
NbyGQVwzFc_loc12_loop6,12,ITN 0%/IRS 0%/Larvicide 0%,0;0.4;0.4_0;0;0_0;0;0_-100;2;5475_-100;2;5475_-100;2;5475,19.5643835616438,Prevalence,4.97814671895619e-05
NbyGQVwzFc_loc12_loop6,12,ITN 0%/IRS 0%/Larvicide 0%,0;0.4;0.4_0;0;0_0;0;0_-100;2;5475_-100;2;5475_-100;2;5475,19.5671232876712,Prevalence,4.99633800610839e-05
NbyGQVwzFc_loc12_loop6,12,ITN 0%/IRS 0%/Larvicide 0%,0;0.4;0.4_0;0;0_0;0;0_-100;2;5475_-100;2;5475_-100;2;5475,19.5698630136986,Prevalence,5.01460272723663e-05
NbyGQVwzFc_loc12_loop6,12,ITN 0%/IRS 0%/Larvicide 0%,0;0.4;0.4_0;0;0_0;0;0_-100;2;5475_-100;2;5475_-100;2;5475,19.572602739726,Prevalence,5.03294119321649e-05
NbyGQVwzFc_loc12_loop6,12,ITN 0%/IRS 0%/Larvicide 0%,0;0.4;0.4_0;0;0_0;0;0_-100;2;5475_-100;2;5475_-100;2;5475,19.5753424657534,Prevalence,5.05135371629066e-05
NbyGQVwzFc_loc12_loop6,12,ITN 0%/IRS 0%/Larvicide 0%,0;0.4;0.4_0;0;0_0;0;0_-100;2;5475_-100;2;5475_-100;2;5475,19.5780821917808,Prevalence,5.0698406100747e-05
NbyGQVwzFc_loc12_loop6,12,ITN 0%/IRS 0%/Larvicide 0%,0;0.4;0.4_0;0;0_0;0;0_-100;2;5475_-100;2;5475_-100;2;5475,19.5808219178082,Prevalence,5.0884021895629e-05
NbyGQVwzFc_loc12_loop6,12,ITN 0%/IRS 0%/Larvicide 0%,0;0.4;0.4_0;0;0_0;0;0_-100;2;5475_-100;2;5475_-100;2;5475,19.5835616438356,Prevalence,5.10703877113416e-05
NbyGQVwzFc_loc12_loop6,12,ITN 0%/IRS 0%/Larvicide 0%,0;0.4;0.4_0;0;0_0;0;0_-100;2;5475_-100;2;5475_-100;2;5475,19.586301369863,Prevalence,5.125750672558e-05
NbyGQVwzFc_loc12_loop6,12,ITN 0%/IRS 0%/Larvicide 0%,0;0.4;0.4_0;0;0_0;0;0_-100;2;5475_-100;2;5475_-100;2;5475,19.5890410958904,Prevalence,5.14453821300034e-05
NbyGQVwzFc_loc12_loop6,12,ITN 0%/IRS 0%/Larvicide 0%,0;0.4;0.4_0;0;0_0;0;0_-100;2;5475_-100;2;5475_-100;2;5475,19.5917808219178,Prevalence,5.16340171302957e-05
NbyGQVwzFc_loc12_loop6,12,ITN 0%/IRS 0%/Larvicide 0%,0;0.4;0.4_0;0;0_0;0;0_-100;2;5475_-100;2;5475_-100;2;5475,19.5945205479452,Prevalence,5.18234149462248e-05
NbyGQVwzFc_loc12_loop6,12,ITN 0%/IRS 0%/Larvicide 0%,0;0.4;0.4_0;0;0_0;0;0_-100;2;5475_-100;2;5475_-100;2;5475,19.5972602739726,Prevalence,5.20135788117034e-05
NbyGQVwzFc_loc12_loop6,12,ITN 0%/IRS 0%/Larvicide 0%,0;0.4;0.4_0;0;0_0;0;0_-100;2;5475_-100;2;5475_-100;2;5475,19.6,Prevalence,5.22045119748485e-05
NbyGQVwzFc_loc12_loop6,12,ITN 0%/IRS 0%/Larvicide 0%,0;0.4;0.4_0;0;0_0;0;0_-100;2;5475_-100;2;5475_-100;2;5475,19.6027397260274,Prevalence,5.23962176980424e-05
NbyGQVwzFc_loc12_loop6,12,ITN 0%/IRS 0%/Larvicide 0%,0;0.4;0.4_0;0;0_0;0;0_-100;2;5475_-100;2;5475_-100;2;5475,19.6054794520548,Prevalence,5.25886992579934e-05
NbyGQVwzFc_loc12_loop6,12,ITN 0%/IRS 0%/Larvicide 0%,0;0.4;0.4_0;0;0_0;0;0_-100;2;5475_-100;2;5475_-100;2;5475,19.6082191780822,Prevalence,5.2781959945797e-05
NbyGQVwzFc_loc12_loop6,12,ITN 0%/IRS 0%/Larvicide 0%,0;0.4;0.4_0;0;0_0;0;0_-100;2;5475_-100;2;5475_-100;2;5475,19.6109589041096,Prevalence,5.29760030669973e-05
NbyGQVwzFc_loc12_loop6,12,ITN 0%/IRS 0%/Larvicide 0%,0;0.4;0.4_0;0;0_0;0;0_-100;2;5475_-100;2;5475_-100;2;5475,19.613698630137,Prevalence,5.31708319416486e-05
NbyGQVwzFc_loc12_loop6,12,ITN 0%/IRS 0%/Larvicide 0%,0;0.4;0.4_0;0;0_0;0;0_-100;2;5475_-100;2;5475_-100;2;5475,19.6164383561644,Prevalence,5.33664499043803e-05
NbyGQVwzFc_loc12_loop6,12,ITN 0%/IRS 0%/Larvicide 0%,0;0.4;0.4_0;0;0_0;0;0_-100;2;5475_-100;2;5475_-100;2;5475,19.6191780821918,Prevalence,5.35628603044549e-05
NbyGQVwzFc_loc12_loop6,12,ITN 0%/IRS 0%/Larvicide 0%,0;0.4;0.4_0;0;0_0;0;0_-100;2;5475_-100;2;5475_-100;2;5475,19.6219178082192,Prevalence,5.37600665058292e-05
NbyGQVwzFc_loc12_loop6,12,ITN 0%/IRS 0%/Larvicide 0%,0;0.4;0.4_0;0;0_0;0;0_-100;2;5475_-100;2;5475_-100;2;5475,19.6246575342466,Prevalence,5.3958071887219e-05
NbyGQVwzFc_loc12_loop6,12,ITN 0%/IRS 0%/Larvicide 0%,0;0.4;0.4_0;0;0_0;0;0_-100;2;5475_-100;2;5475_-100;2;5475,19.627397260274,Prevalence,5.41568798421617e-05
NbyGQVwzFc_loc12_loop6,12,ITN 0%/IRS 0%/Larvicide 0%,0;0.4;0.4_0;0;0_0;0;0_-100;2;5475_-100;2;5475_-100;2;5475,19.6301369863014,Prevalence,5.43564937790796e-05
NbyGQVwzFc_loc12_loop6,12,ITN 0%/IRS 0%/Larvicide 0%,0;0.4;0.4_0;0;0_0;0;0_-100;2;5475_-100;2;5475_-100;2;5475,19.6328767123288,Prevalence,5.45569171213432e-05
NbyGQVwzFc_loc12_loop6,12,ITN 0%/IRS 0%/Larvicide 0%,0;0.4;0.4_0;0;0_0;0;0_-100;2;5475_-100;2;5475_-100;2;5475,19.6356164383562,Prevalence,5.47581533073349e-05
NbyGQVwzFc_loc12_loop6,12,ITN 0%/IRS 0%/Larvicide 0%,0;0.4;0.4_0;0;0_0;0;0_-100;2;5475_-100;2;5475_-100;2;5475,19.6383561643836,Prevalence,5.49602057905131e-05
NbyGQVwzFc_loc12_loop6,12,ITN 0%/IRS 0%/Larvicide 0%,0;0.4;0.4_0;0;0_0;0;0_-100;2;5475_-100;2;5475_-100;2;5475,19.641095890411,Prevalence,5.51630780394756e-05
NbyGQVwzFc_loc12_loop6,12,ITN 0%/IRS 0%/Larvicide 0%,0;0.4;0.4_0;0;0_0;0;0_-100;2;5475_-100;2;5475_-100;2;5475,19.6438356164384,Prevalence,5.53667735380248e-05
NbyGQVwzFc_loc12_loop6,12,ITN 0%/IRS 0%/Larvicide 0%,0;0.4;0.4_0;0;0_0;0;0_-100;2;5475_-100;2;5475_-100;2;5475,19.6465753424658,Prevalence,5.55712957852318e-05
NbyGQVwzFc_loc12_loop6,12,ITN 0%/IRS 0%/Larvicide 0%,0;0.4;0.4_0;0;0_0;0;0_-100;2;5475_-100;2;5475_-100;2;5475,19.6493150684932,Prevalence,5.57766482955016e-05
NbyGQVwzFc_loc12_loop6,12,ITN 0%/IRS 0%/Larvicide 0%,0;0.4;0.4_0;0;0_0;0;0_-100;2;5475_-100;2;5475_-100;2;5475,19.6520547945206,Prevalence,5.59828345986387e-05
NbyGQVwzFc_loc12_loop6,12,ITN 0%/IRS 0%/Larvicide 0%,0;0.4;0.4_0;0;0_0;0;0_-100;2;5475_-100;2;5475_-100;2;5475,19.6547945205479,Prevalence,5.61898582399114e-05
NbyGQVwzFc_loc12_loop6,12,ITN 0%/IRS 0%/Larvicide 0%,0;0.4;0.4_0;0;0_0;0;0_-100;2;5475_-100;2;5475_-100;2;5475,19.6575342465753,Prevalence,5.63977227801185e-05
NbyGQVwzFc_loc12_loop6,12,ITN 0%/IRS 0%/Larvicide 0%,0;0.4;0.4_0;0;0_0;0;0_-100;2;5475_-100;2;5475_-100;2;5475,19.6602739726027,Prevalence,5.66064317956552e-05
NbyGQVwzFc_loc12_loop6,12,ITN 0%/IRS 0%/Larvicide 0%,0;0.4;0.4_0;0;0_0;0;0_-100;2;5475_-100;2;5475_-100;2;5475,19.6630136986301,Prevalence,5.68159888785787e-05
NbyGQVwzFc_loc12_loop6,12,ITN 0%/IRS 0%/Larvicide 0%,0;0.4;0.4_0;0;0_0;0;0_-100;2;5475_-100;2;5475_-100;2;5475,19.6657534246575,Prevalence,5.70263976366757e-05
NbyGQVwzFc_loc12_loop6,12,ITN 0%/IRS 0%/Larvicide 0%,0;0.4;0.4_0;0;0_0;0;0_-100;2;5475_-100;2;5475_-100;2;5475,19.6684931506849,Prevalence,5.7237661693528e-05
NbyGQVwzFc_loc12_loop6,12,ITN 0%/IRS 0%/Larvicide 0%,0;0.4;0.4_0;0;0_0;0;0_-100;2;5475_-100;2;5475_-100;2;5475,19.6712328767123,Prevalence,5.74497846885805e-05
NbyGQVwzFc_loc12_loop6,12,ITN 0%/IRS 0%/Larvicide 0%,0;0.4;0.4_0;0;0_0;0;0_-100;2;5475_-100;2;5475_-100;2;5475,19.6739726027397,Prevalence,5.76627702772081e-05
NbyGQVwzFc_loc12_loop6,12,ITN 0%/IRS 0%/Larvicide 0%,0;0.4;0.4_0;0;0_0;0;0_-100;2;5475_-100;2;5475_-100;2;5475,19.6767123287671,Prevalence,5.78766221307834e-05
NbyGQVwzFc_loc12_loop6,12,ITN 0%/IRS 0%/Larvicide 0%,0;0.4;0.4_0;0;0_0;0;0_-100;2;5475_-100;2;5475_-100;2;5475,19.6794520547945,Prevalence,5.80913439367444e-05
NbyGQVwzFc_loc12_loop6,12,ITN 0%/IRS 0%/Larvicide 0%,0;0.4;0.4_0;0;0_0;0;0_-100;2;5475_-100;2;5475_-100;2;5475,19.6821917808219,Prevalence,5.83069393986625e-05
NbyGQVwzFc_loc12_loop6,12,ITN 0%/IRS 0%/Larvicide 0%,0;0.4;0.4_0;0;0_0;0;0_-100;2;5475_-100;2;5475_-100;2;5475,19.6849315068493,Prevalence,5.85234122363115e-05
NbyGQVwzFc_loc12_loop6,12,ITN 0%/IRS 0%/Larvicide 0%,0;0.4;0.4_0;0;0_0;0;0_-100;2;5475_-100;2;5475_-100;2;5475,19.6876712328767,Prevalence,5.87407661857356e-05
NbyGQVwzFc_loc12_loop6,12,ITN 0%/IRS 0%/Larvicide 0%,0;0.4;0.4_0;0;0_0;0;0_-100;2;5475_-100;2;5475_-100;2;5475,19.6904109589041,Prevalence,5.89590049993189e-05
NbyGQVwzFc_loc12_loop6,12,ITN 0%/IRS 0%/Larvicide 0%,0;0.4;0.4_0;0;0_0;0;0_-100;2;5475_-100;2;5475_-100;2;5475,19.6931506849315,Prevalence,5.91781324458584e-05
NbyGQVwzFc_loc12_loop6,12,ITN 0%/IRS 0%/Larvicide 0%,0;0.4;0.4_0;0;0_0;0;0_-100;2;5475_-100;2;5475_-100;2;5475,19.6958904109589,Prevalence,5.93981523106267e-05
NbyGQVwzFc_loc12_loop6,12,ITN 0%/IRS 0%/Larvicide 0%,0;0.4;0.4_0;0;0_0;0;0_-100;2;5475_-100;2;5475_-100;2;5475,19.6986301369863,Prevalence,5.9619068395443e-05
NbyGQVwzFc_loc12_loop6,12,ITN 0%/IRS 0%/Larvicide 0%,0;0.4;0.4_0;0;0_0;0;0_-100;2;5475_-100;2;5475_-100;2;5475,19.7013698630137,Prevalence,5.98408845187446e-05
NbyGQVwzFc_loc12_loop6,12,ITN 0%/IRS 0%/Larvicide 0%,0;0.4;0.4_0;0;0_0;0;0_-100;2;5475_-100;2;5475_-100;2;5475,19.7041095890411,Prevalence,6.00636045156572e-05
NbyGQVwzFc_loc12_loop6,12,ITN 0%/IRS 0%/Larvicide 0%,0;0.4;0.4_0;0;0_0;0;0_-100;2;5475_-100;2;5475_-100;2;5475,19.7068493150685,Prevalence,6.0287232238065e-05
NbyGQVwzFc_loc12_loop6,12,ITN 0%/IRS 0%/Larvicide 0%,0;0.4;0.4_0;0;0_0;0;0_-100;2;5475_-100;2;5475_-100;2;5475,19.7095890410959,Prevalence,6.05117715546828e-05
NbyGQVwzFc_loc12_loop6,12,ITN 0%/IRS 0%/Larvicide 0%,0;0.4;0.4_0;0;0_0;0;0_-100;2;5475_-100;2;5475_-100;2;5475,19.7123287671233,Prevalence,6.07372263511257e-05
NbyGQVwzFc_loc12_loop6,12,ITN 0%/IRS 0%/Larvicide 0%,0;0.4;0.4_0;0;0_0;0;0_-100;2;5475_-100;2;5475_-100;2;5475,19.7150684931507,Prevalence,6.09636005299817e-05
NbyGQVwzFc_loc12_loop6,12,ITN 0%/IRS 0%/Larvicide 0%,0;0.4;0.4_0;0;0_0;0;0_-100;2;5475_-100;2;5475_-100;2;5475,19.7178082191781,Prevalence,6.11908980108827e-05
NbyGQVwzFc_loc12_loop6,12,ITN 0%/IRS 0%/Larvicide 0%,0;0.4;0.4_0;0;0_0;0;0_-100;2;5475_-100;2;5475_-100;2;5475,19.7205479452055,Prevalence,6.14191227305772e-05
NbyGQVwzFc_loc12_loop6,12,ITN 0%/IRS 0%/Larvicide 0%,0;0.4;0.4_0;0;0_0;0;0_-100;2;5475_-100;2;5475_-100;2;5475,19.7232876712329,Prevalence,6.16482786430013e-05
NbyGQVwzFc_loc12_loop6,12,ITN 0%/IRS 0%/Larvicide 0%,0;0.4;0.4_0;0;0_0;0;0_-100;2;5475_-100;2;5475_-100;2;5475,19.7260273972603,Prevalence,6.18783697193528e-05
NbyGQVwzFc_loc12_loop6,12,ITN 0%/IRS 0%/Larvicide 0%,0;0.4;0.4_0;0;0_0;0;0_-100;2;5475_-100;2;5475_-100;2;5475,19.7287671232877,Prevalence,6.21093999481633e-05
NbyGQVwzFc_loc12_loop6,12,ITN 0%/IRS 0%/Larvicide 0%,0;0.4;0.4_0;0;0_0;0;0_-100;2;5475_-100;2;5475_-100;2;5475,19.7315068493151,Prevalence,6.2341373335371e-05
NbyGQVwzFc_loc12_loop6,12,ITN 0%/IRS 0%/Larvicide 0%,0;0.4;0.4_0;0;0_0;0;0_-100;2;5475_-100;2;5475_-100;2;5475,19.7342465753425,Prevalence,6.25742939043949e-05
NbyGQVwzFc_loc12_loop6,12,ITN 0%/IRS 0%/Larvicide 0%,0;0.4;0.4_0;0;0_0;0;0_-100;2;5475_-100;2;5475_-100;2;5475,19.7369863013699,Prevalence,6.28081656962079e-05
NbyGQVwzFc_loc12_loop6,12,ITN 0%/IRS 0%/Larvicide 0%,0;0.4;0.4_0;0;0_0;0;0_-100;2;5475_-100;2;5475_-100;2;5475,19.7397260273973,Prevalence,6.30429927694111e-05
NbyGQVwzFc_loc12_loop6,12,ITN 0%/IRS 0%/Larvicide 0%,0;0.4;0.4_0;0;0_0;0;0_-100;2;5475_-100;2;5475_-100;2;5475,19.7424657534247,Prevalence,6.32787792003077e-05
NbyGQVwzFc_loc12_loop6,12,ITN 0%/IRS 0%/Larvicide 0%,0;0.4;0.4_0;0;0_0;0;0_-100;2;5475_-100;2;5475_-100;2;5475,19.7452054794521,Prevalence,6.35155290829781e-05
NbyGQVwzFc_loc12_loop6,12,ITN 0%/IRS 0%/Larvicide 0%,0;0.4;0.4_0;0;0_0;0;0_-100;2;5475_-100;2;5475_-100;2;5475,19.7479452054795,Prevalence,6.37532465293547e-05
NbyGQVwzFc_loc12_loop6,12,ITN 0%/IRS 0%/Larvicide 0%,0;0.4;0.4_0;0;0_0;0;0_-100;2;5475_-100;2;5475_-100;2;5475,19.7506849315069,Prevalence,6.39919356692963e-05
NbyGQVwzFc_loc12_loop6,12,ITN 0%/IRS 0%/Larvicide 0%,0;0.4;0.4_0;0;0_0;0;0_-100;2;5475_-100;2;5475_-100;2;5475,19.7534246575342,Prevalence,6.42316006506651e-05
NbyGQVwzFc_loc12_loop6,12,ITN 0%/IRS 0%/Larvicide 0%,0;0.4;0.4_0;0;0_0;0;0_-100;2;5475_-100;2;5475_-100;2;5475,19.7561643835616,Prevalence,6.44722456394007e-05
NbyGQVwzFc_loc12_loop6,12,ITN 0%/IRS 0%/Larvicide 0%,0;0.4;0.4_0;0;0_0;0;0_-100;2;5475_-100;2;5475_-100;2;5475,19.758904109589,Prevalence,6.47138748195966e-05
NbyGQVwzFc_loc12_loop6,12,ITN 0%/IRS 0%/Larvicide 0%,0;0.4;0.4_0;0;0_0;0;0_-100;2;5475_-100;2;5475_-100;2;5475,19.7616438356164,Prevalence,6.49564923935776e-05
NbyGQVwzFc_loc12_loop6,12,ITN 0%/IRS 0%/Larvicide 0%,0;0.4;0.4_0;0;0_0;0;0_-100;2;5475_-100;2;5475_-100;2;5475,19.7643835616438,Prevalence,6.52001025819754e-05
NbyGQVwzFc_loc12_loop6,12,ITN 0%/IRS 0%/Larvicide 0%,0;0.4;0.4_0;0;0_0;0;0_-100;2;5475_-100;2;5475_-100;2;5475,19.7671232876712,Prevalence,6.54447096238055e-05
NbyGQVwzFc_loc12_loop6,12,ITN 0%/IRS 0%/Larvicide 0%,0;0.4;0.4_0;0;0_0;0;0_-100;2;5475_-100;2;5475_-100;2;5475,19.7698630136986,Prevalence,6.56903177765453e-05
NbyGQVwzFc_loc12_loop6,12,ITN 0%/IRS 0%/Larvicide 0%,0;0.4;0.4_0;0;0_0;0;0_-100;2;5475_-100;2;5475_-100;2;5475,19.772602739726,Prevalence,6.59369313162151e-05
NbyGQVwzFc_loc12_loop6,12,ITN 0%/IRS 0%/Larvicide 0%,0;0.4;0.4_0;0;0_0;0;0_-100;2;5475_-100;2;5475_-100;2;5475,19.7753424657534,Prevalence,6.61845545374479e-05
NbyGQVwzFc_loc12_loop6,12,ITN 0%/IRS 0%/Larvicide 0%,0;0.4;0.4_0;0;0_0;0;0_-100;2;5475_-100;2;5475_-100;2;5475,19.7780821917808,Prevalence,6.64331917535703e-05
NbyGQVwzFc_loc12_loop6,12,ITN 0%/IRS 0%/Larvicide 0%,0;0.4;0.4_0;0;0_0;0;0_-100;2;5475_-100;2;5475_-100;2;5475,19.7808219178082,Prevalence,6.66828472966818e-05
NbyGQVwzFc_loc12_loop6,12,ITN 0%/IRS 0%/Larvicide 0%,0;0.4;0.4_0;0;0_0;0;0_-100;2;5475_-100;2;5475_-100;2;5475,19.7835616438356,Prevalence,6.69335255177338e-05
NbyGQVwzFc_loc12_loop6,12,ITN 0%/IRS 0%/Larvicide 0%,0;0.4;0.4_0;0;0_0;0;0_-100;2;5475_-100;2;5475_-100;2;5475,19.786301369863,Prevalence,6.71852307866082e-05
NbyGQVwzFc_loc12_loop6,12,ITN 0%/IRS 0%/Larvicide 0%,0;0.4;0.4_0;0;0_0;0;0_-100;2;5475_-100;2;5475_-100;2;5475,19.7890410958904,Prevalence,6.74379674921972e-05
NbyGQVwzFc_loc12_loop6,12,ITN 0%/IRS 0%/Larvicide 0%,0;0.4;0.4_0;0;0_0;0;0_-100;2;5475_-100;2;5475_-100;2;5475,19.7917808219178,Prevalence,6.76917400424822e-05
NbyGQVwzFc_loc12_loop6,12,ITN 0%/IRS 0%/Larvicide 0%,0;0.4;0.4_0;0;0_0;0;0_-100;2;5475_-100;2;5475_-100;2;5475,19.7945205479452,Prevalence,6.79465528646148e-05
NbyGQVwzFc_loc12_loop6,12,ITN 0%/IRS 0%/Larvicide 0%,0;0.4;0.4_0;0;0_0;0;0_-100;2;5475_-100;2;5475_-100;2;5475,19.7972602739726,Prevalence,6.82024104049961e-05
NbyGQVwzFc_loc12_loop6,12,ITN 0%/IRS 0%/Larvicide 0%,0;0.4;0.4_0;0;0_0;0;0_-100;2;5475_-100;2;5475_-100;2;5475,19.8,Prevalence,6.8459317129357e-05
NbyGQVwzFc_loc12_loop6,12,ITN 0%/IRS 0%/Larvicide 0%,0;0.4;0.4_0;0;0_0;0;0_-100;2;5475_-100;2;5475_-100;2;5475,19.8027397260274,Prevalence,6.87172775228405e-05
NbyGQVwzFc_loc12_loop6,12,ITN 0%/IRS 0%/Larvicide 0%,0;0.4;0.4_0;0;0_0;0;0_-100;2;5475_-100;2;5475_-100;2;5475,19.8054794520548,Prevalence,6.89762960900808e-05
NbyGQVwzFc_loc12_loop6,12,ITN 0%/IRS 0%/Larvicide 0%,0;0.4;0.4_0;0;0_0;0;0_-100;2;5475_-100;2;5475_-100;2;5475,19.8082191780822,Prevalence,6.92363773552865e-05
NbyGQVwzFc_loc12_loop6,12,ITN 0%/IRS 0%/Larvicide 0%,0;0.4;0.4_0;0;0_0;0;0_-100;2;5475_-100;2;5475_-100;2;5475,19.8109589041096,Prevalence,6.94975258623213e-05
NbyGQVwzFc_loc12_loop6,12,ITN 0%/IRS 0%/Larvicide 0%,0;0.4;0.4_0;0;0_0;0;0_-100;2;5475_-100;2;5475_-100;2;5475,19.813698630137,Prevalence,6.97597461747869e-05
NbyGQVwzFc_loc12_loop6,12,ITN 0%/IRS 0%/Larvicide 0%,0;0.4;0.4_0;0;0_0;0;0_-100;2;5475_-100;2;5475_-100;2;5475,19.8164383561644,Prevalence,7.00230428761044e-05
NbyGQVwzFc_loc12_loop6,12,ITN 0%/IRS 0%/Larvicide 0%,0;0.4;0.4_0;0;0_0;0;0_-100;2;5475_-100;2;5475_-100;2;5475,19.8191780821918,Prevalence,7.02874205695974e-05
NbyGQVwzFc_loc12_loop6,12,ITN 0%/IRS 0%/Larvicide 0%,0;0.4;0.4_0;0;0_0;0;0_-100;2;5475_-100;2;5475_-100;2;5475,19.8219178082192,Prevalence,7.05528838785754e-05
NbyGQVwzFc_loc12_loop6,12,ITN 0%/IRS 0%/Larvicide 0%,0;0.4;0.4_0;0;0_0;0;0_-100;2;5475_-100;2;5475_-100;2;5475,19.8246575342466,Prevalence,7.08194374464164e-05
NbyGQVwzFc_loc12_loop6,12,ITN 0%/IRS 0%/Larvicide 0%,0;0.4;0.4_0;0;0_0;0;0_-100;2;5475_-100;2;5475_-100;2;5475,19.827397260274,Prevalence,7.1087085936651e-05
NbyGQVwzFc_loc12_loop6,12,ITN 0%/IRS 0%/Larvicide 0%,0;0.4;0.4_0;0;0_0;0;0_-100;2;5475_-100;2;5475_-100;2;5475,19.8301369863014,Prevalence,7.13558340330462e-05
NbyGQVwzFc_loc12_loop6,12,ITN 0%/IRS 0%/Larvicide 0%,0;0.4;0.4_0;0;0_0;0;0_-100;2;5475_-100;2;5475_-100;2;5475,19.8328767123288,Prevalence,7.16256864396895e-05
NbyGQVwzFc_loc12_loop6,12,ITN 0%/IRS 0%/Larvicide 0%,0;0.4;0.4_0;0;0_0;0;0_-100;2;5475_-100;2;5475_-100;2;5475,19.8356164383562,Prevalence,7.18966478810739e-05
NbyGQVwzFc_loc12_loop6,12,ITN 0%/IRS 0%/Larvicide 0%,0;0.4;0.4_0;0;0_0;0;0_-100;2;5475_-100;2;5475_-100;2;5475,19.8383561643836,Prevalence,7.21687231021818e-05
NbyGQVwzFc_loc12_loop6,12,ITN 0%/IRS 0%/Larvicide 0%,0;0.4;0.4_0;0;0_0;0;0_-100;2;5475_-100;2;5475_-100;2;5475,19.841095890411,Prevalence,7.24419168685714e-05
NbyGQVwzFc_loc12_loop6,12,ITN 0%/IRS 0%/Larvicide 0%,0;0.4;0.4_0;0;0_0;0;0_-100;2;5475_-100;2;5475_-100;2;5475,19.8438356164384,Prevalence,7.27162339664612e-05
NbyGQVwzFc_loc12_loop6,12,ITN 0%/IRS 0%/Larvicide 0%,0;0.4;0.4_0;0;0_0;0;0_-100;2;5475_-100;2;5475_-100;2;5475,19.8465753424658,Prevalence,7.29916792028168e-05
NbyGQVwzFc_loc12_loop6,12,ITN 0%/IRS 0%/Larvicide 0%,0;0.4;0.4_0;0;0_0;0;0_-100;2;5475_-100;2;5475_-100;2;5475,19.8493150684932,Prevalence,7.32682574054357e-05
NbyGQVwzFc_loc12_loop6,12,ITN 0%/IRS 0%/Larvicide 0%,0;0.4;0.4_0;0;0_0;0;0_-100;2;5475_-100;2;5475_-100;2;5475,19.8520547945205,Prevalence,7.35459734230357e-05
NbyGQVwzFc_loc12_loop6,12,ITN 0%/IRS 0%/Larvicide 0%,0;0.4;0.4_0;0;0_0;0;0_-100;2;5475_-100;2;5475_-100;2;5475,19.8547945205479,Prevalence,7.38248321253442e-05
NbyGQVwzFc_loc12_loop6,12,ITN 0%/IRS 0%/Larvicide 0%,0;0.4;0.4_0;0;0_0;0;0_-100;2;5475_-100;2;5475_-100;2;5475,19.8575342465753,Prevalence,7.41048384031776e-05
NbyGQVwzFc_loc12_loop6,12,ITN 0%/IRS 0%/Larvicide 0%,0;0.4;0.4_0;0;0_0;0;0_-100;2;5475_-100;2;5475_-100;2;5475,19.8602739726027,Prevalence,7.43859971685316e-05
NbyGQVwzFc_loc12_loop6,12,ITN 0%/IRS 0%/Larvicide 0%,0;0.4;0.4_0;0;0_0;0;0_-100;2;5475_-100;2;5475_-100;2;5475,19.8630136986301,Prevalence,7.46683133546698e-05
NbyGQVwzFc_loc12_loop6,12,ITN 0%/IRS 0%/Larvicide 0%,0;0.4;0.4_0;0;0_0;0;0_-100;2;5475_-100;2;5475_-100;2;5475,19.8657534246575,Prevalence,7.49517919162121e-05
NbyGQVwzFc_loc12_loop6,12,ITN 0%/IRS 0%/Larvicide 0%,0;0.4;0.4_0;0;0_0;0;0_-100;2;5475_-100;2;5475_-100;2;5475,19.8684931506849,Prevalence,7.52364378292226e-05
NbyGQVwzFc_loc12_loop6,12,ITN 0%/IRS 0%/Larvicide 0%,0;0.4;0.4_0;0;0_0;0;0_-100;2;5475_-100;2;5475_-100;2;5475,19.8712328767123,Prevalence,7.55222560912992e-05
NbyGQVwzFc_loc12_loop6,12,ITN 0%/IRS 0%/Larvicide 0%,0;0.4;0.4_0;0;0_0;0;0_-100;2;5475_-100;2;5475_-100;2;5475,19.8739726027397,Prevalence,7.5809251721662e-05
NbyGQVwzFc_loc12_loop6,12,ITN 0%/IRS 0%/Larvicide 0%,0;0.4;0.4_0;0;0_0;0;0_-100;2;5475_-100;2;5475_-100;2;5475,19.8767123287671,Prevalence,7.60974297612425e-05
NbyGQVwzFc_loc12_loop6,12,ITN 0%/IRS 0%/Larvicide 0%,0;0.4;0.4_0;0;0_0;0;0_-100;2;5475_-100;2;5475_-100;2;5475,19.8794520547945,Prevalence,7.63867952727735e-05
NbyGQVwzFc_loc12_loop6,12,ITN 0%/IRS 0%/Larvicide 0%,0;0.4;0.4_0;0;0_0;0;0_-100;2;5475_-100;2;5475_-100;2;5475,19.8821917808219,Prevalence,7.66773533408795e-05
NbyGQVwzFc_loc12_loop6,12,ITN 0%/IRS 0%/Larvicide 0%,0;0.4;0.4_0;0;0_0;0;0_-100;2;5475_-100;2;5475_-100;2;5475,19.8849315068493,Prevalence,7.69691090721667e-05
NbyGQVwzFc_loc12_loop6,12,ITN 0%/IRS 0%/Larvicide 0%,0;0.4;0.4_0;0;0_0;0;0_-100;2;5475_-100;2;5475_-100;2;5475,19.8876712328767,Prevalence,7.72620675953133e-05
NbyGQVwzFc_loc12_loop6,12,ITN 0%/IRS 0%/Larvicide 0%,0;0.4;0.4_0;0;0_0;0;0_-100;2;5475_-100;2;5475_-100;2;5475,19.8904109589041,Prevalence,7.75562340611613e-05
NbyGQVwzFc_loc12_loop6,12,ITN 0%/IRS 0%/Larvicide 0%,0;0.4;0.4_0;0;0_0;0;0_-100;2;5475_-100;2;5475_-100;2;5475,19.8931506849315,Prevalence,7.78516136428072e-05
NbyGQVwzFc_loc12_loop6,12,ITN 0%/IRS 0%/Larvicide 0%,0;0.4;0.4_0;0;0_0;0;0_-100;2;5475_-100;2;5475_-100;2;5475,19.8958904109589,Prevalence,7.81482115356941e-05
NbyGQVwzFc_loc12_loop6,12,ITN 0%/IRS 0%/Larvicide 0%,0;0.4;0.4_0;0;0_0;0;0_-100;2;5475_-100;2;5475_-100;2;5475,19.8986301369863,Prevalence,7.84460329577031e-05
NbyGQVwzFc_loc12_loop6,12,ITN 0%/IRS 0%/Larvicide 0%,0;0.4;0.4_0;0;0_0;0;0_-100;2;5475_-100;2;5475_-100;2;5475,19.9013698630137,Prevalence,7.87450831492465e-05
NbyGQVwzFc_loc12_loop6,12,ITN 0%/IRS 0%/Larvicide 0%,0;0.4;0.4_0;0;0_0;0;0_-100;2;5475_-100;2;5475_-100;2;5475,19.9041095890411,Prevalence,7.90453673733592e-05
NbyGQVwzFc_loc12_loop6,12,ITN 0%/IRS 0%/Larvicide 0%,0;0.4;0.4_0;0;0_0;0;0_-100;2;5475_-100;2;5475_-100;2;5475,19.9068493150685,Prevalence,7.93468909157927e-05
NbyGQVwzFc_loc12_loop6,12,ITN 0%/IRS 0%/Larvicide 0%,0;0.4;0.4_0;0;0_0;0;0_-100;2;5475_-100;2;5475_-100;2;5475,19.9095890410959,Prevalence,7.96496590851089e-05
NbyGQVwzFc_loc12_loop6,12,ITN 0%/IRS 0%/Larvicide 0%,0;0.4;0.4_0;0;0_0;0;0_-100;2;5475_-100;2;5475_-100;2;5475,19.9123287671233,Prevalence,7.99536772127725e-05
NbyGQVwzFc_loc12_loop6,12,ITN 0%/IRS 0%/Larvicide 0%,0;0.4;0.4_0;0;0_0;0;0_-100;2;5475_-100;2;5475_-100;2;5475,19.9150684931507,Prevalence,8.02589506532452e-05
NbyGQVwzFc_loc12_loop6,12,ITN 0%/IRS 0%/Larvicide 0%,0;0.4;0.4_0;0;0_0;0;0_-100;2;5475_-100;2;5475_-100;2;5475,19.9178082191781,Prevalence,8.05654847840806e-05
NbyGQVwzFc_loc12_loop6,12,ITN 0%/IRS 0%/Larvicide 0%,0;0.4;0.4_0;0;0_0;0;0_-100;2;5475_-100;2;5475_-100;2;5475,19.9205479452055,Prevalence,8.08732850060185e-05
NbyGQVwzFc_loc12_loop6,12,ITN 0%/IRS 0%/Larvicide 0%,0;0.4;0.4_0;0;0_0;0;0_-100;2;5475_-100;2;5475_-100;2;5475,19.9232876712329,Prevalence,8.11823567430801e-05
NbyGQVwzFc_loc12_loop6,12,ITN 0%/IRS 0%/Larvicide 0%,0;0.4;0.4_0;0;0_0;0;0_-100;2;5475_-100;2;5475_-100;2;5475,19.9260273972603,Prevalence,8.14927054426633e-05
NbyGQVwzFc_loc12_loop6,12,ITN 0%/IRS 0%/Larvicide 0%,0;0.4;0.4_0;0;0_0;0;0_-100;2;5475_-100;2;5475_-100;2;5475,19.9287671232877,Prevalence,8.18043365756385e-05
NbyGQVwzFc_loc12_loop6,12,ITN 0%/IRS 0%/Larvicide 0%,0;0.4;0.4_0;0;0_0;0;0_-100;2;5475_-100;2;5475_-100;2;5475,19.9315068493151,Prevalence,8.21172556364443e-05
NbyGQVwzFc_loc12_loop6,12,ITN 0%/IRS 0%/Larvicide 0%,0;0.4;0.4_0;0;0_0;0;0_-100;2;5475_-100;2;5475_-100;2;5475,19.9342465753425,Prevalence,8.24314681431841e-05
NbyGQVwzFc_loc12_loop6,12,ITN 0%/IRS 0%/Larvicide 0%,0;0.4;0.4_0;0;0_0;0;0_-100;2;5475_-100;2;5475_-100;2;5475,19.9369863013699,Prevalence,8.27469796377224e-05
NbyGQVwzFc_loc12_loop6,12,ITN 0%/IRS 0%/Larvicide 0%,0;0.4;0.4_0;0;0_0;0;0_-100;2;5475_-100;2;5475_-100;2;5475,19.9397260273973,Prevalence,8.30637956857867e-05
NbyGQVwzFc_loc12_loop6,12,ITN 0%/IRS 0%/Larvicide 0%,0;0.4;0.4_0;0;0_0;0;0_-100;2;5475_-100;2;5475_-100;2;5475,19.9424657534247,Prevalence,8.33819218770568e-05
NbyGQVwzFc_loc12_loop6,12,ITN 0%/IRS 0%/Larvicide 0%,0;0.4;0.4_0;0;0_0;0;0_-100;2;5475_-100;2;5475_-100;2;5475,19.9452054794521,Prevalence,8.37013638252637e-05
NbyGQVwzFc_loc12_loop6,12,ITN 0%/IRS 0%/Larvicide 0%,0;0.4;0.4_0;0;0_0;0;0_-100;2;5475_-100;2;5475_-100;2;5475,19.9479452054795,Prevalence,8.40221271682904e-05
NbyGQVwzFc_loc12_loop6,12,ITN 0%/IRS 0%/Larvicide 0%,0;0.4;0.4_0;0;0_0;0;0_-100;2;5475_-100;2;5475_-100;2;5475,19.9506849315069,Prevalence,8.43442175682698e-05
NbyGQVwzFc_loc12_loop6,12,ITN 0%/IRS 0%/Larvicide 0%,0;0.4;0.4_0;0;0_0;0;0_-100;2;5475_-100;2;5475_-100;2;5475,19.9534246575342,Prevalence,8.46676407116832e-05
NbyGQVwzFc_loc12_loop6,12,ITN 0%/IRS 0%/Larvicide 0%,0;0.4;0.4_0;0;0_0;0;0_-100;2;5475_-100;2;5475_-100;2;5475,19.9561643835616,Prevalence,8.49924023094597e-05
NbyGQVwzFc_loc12_loop6,12,ITN 0%/IRS 0%/Larvicide 0%,0;0.4;0.4_0;0;0_0;0;0_-100;2;5475_-100;2;5475_-100;2;5475,19.958904109589,Prevalence,8.53185080970764e-05
NbyGQVwzFc_loc12_loop6,12,ITN 0%/IRS 0%/Larvicide 0%,0;0.4;0.4_0;0;0_0;0;0_-100;2;5475_-100;2;5475_-100;2;5475,19.9616438356164,Prevalence,8.56459638346559e-05
NbyGQVwzFc_loc12_loop6,12,ITN 0%/IRS 0%/Larvicide 0%,0;0.4;0.4_0;0;0_0;0;0_-100;2;5475_-100;2;5475_-100;2;5475,19.9643835616438,Prevalence,8.59747753070696e-05
NbyGQVwzFc_loc12_loop6,12,ITN 0%/IRS 0%/Larvicide 0%,0;0.4;0.4_0;0;0_0;0;0_-100;2;5475_-100;2;5475_-100;2;5475,19.9671232876712,Prevalence,8.63049483240359e-05
NbyGQVwzFc_loc12_loop6,12,ITN 0%/IRS 0%/Larvicide 0%,0;0.4;0.4_0;0;0_0;0;0_-100;2;5475_-100;2;5475_-100;2;5475,19.9698630136986,Prevalence,8.66364887202214e-05
NbyGQVwzFc_loc12_loop6,12,ITN 0%/IRS 0%/Larvicide 0%,0;0.4;0.4_0;0;0_0;0;0_-100;2;5475_-100;2;5475_-100;2;5475,19.972602739726,Prevalence,8.69694023553429e-05
NbyGQVwzFc_loc12_loop6,12,ITN 0%/IRS 0%/Larvicide 0%,0;0.4;0.4_0;0;0_0;0;0_-100;2;5475_-100;2;5475_-100;2;5475,19.9753424657534,Prevalence,8.73036951142679e-05
NbyGQVwzFc_loc12_loop6,12,ITN 0%/IRS 0%/Larvicide 0%,0;0.4;0.4_0;0;0_0;0;0_-100;2;5475_-100;2;5475_-100;2;5475,19.9780821917808,Prevalence,8.76393729071175e-05
NbyGQVwzFc_loc12_loop6,12,ITN 0%/IRS 0%/Larvicide 0%,0;0.4;0.4_0;0;0_0;0;0_-100;2;5475_-100;2;5475_-100;2;5475,19.9808219178082,Prevalence,8.79764416693678e-05
NbyGQVwzFc_loc12_loop6,12,ITN 0%/IRS 0%/Larvicide 0%,0;0.4;0.4_0;0;0_0;0;0_-100;2;5475_-100;2;5475_-100;2;5475,19.9835616438356,Prevalence,8.83149073619527e-05
NbyGQVwzFc_loc12_loop6,12,ITN 0%/IRS 0%/Larvicide 0%,0;0.4;0.4_0;0;0_0;0;0_-100;2;5475_-100;2;5475_-100;2;5475,19.986301369863,Prevalence,8.86547759713672e-05
NbyGQVwzFc_loc12_loop6,12,ITN 0%/IRS 0%/Larvicide 0%,0;0.4;0.4_0;0;0_0;0;0_-100;2;5475_-100;2;5475_-100;2;5475,19.9890410958904,Prevalence,8.89960535097701e-05
NbyGQVwzFc_loc12_loop6,12,ITN 0%/IRS 0%/Larvicide 0%,0;0.4;0.4_0;0;0_0;0;0_-100;2;5475_-100;2;5475_-100;2;5475,19.9917808219178,Prevalence,8.93387460150878e-05
NbyGQVwzFc_loc12_loop6,12,ITN 0%/IRS 0%/Larvicide 0%,0;0.4;0.4_0;0;0_0;0;0_-100;2;5475_-100;2;5475_-100;2;5475,19.9945205479452,Prevalence,8.96828595511191e-05
NbyGQVwzFc_loc12_loop6,12,ITN 0%/IRS 0%/Larvicide 0%,0;0.4;0.4_0;0;0_0;0;0_-100;2;5475_-100;2;5475_-100;2;5475,19.9972602739726,Prevalence,9.00284002076381e-05
NbyGQVwzFc_loc12_loop6,12,ITN 0%/IRS 0%/Larvicide 0%,0;0.4;0.4_0;0;0_0;0;0_-100;2;5475_-100;2;5475_-100;2;5475,20,Prevalence,9.03753741004998e-05
NbyGQVwzFc_loc12_loop6,12,ITN 0%/IRS 0%/Larvicide 0%,0;0.4;0.4_0;0;0_0;0;0_-100;2;5475_-100;2;5475_-100;2;5475,20.0027397260274,Prevalence,9.07237873717449e-05
NbyGQVwzFc_loc12_loop6,12,ITN 0%/IRS 0%/Larvicide 0%,0;0.4;0.4_0;0;0_0;0;0_-100;2;5475_-100;2;5475_-100;2;5475,20.0054794520548,Prevalence,9.10736461897059e-05
NbyGQVwzFc_loc12_loop6,12,ITN 0%/IRS 0%/Larvicide 0%,0;0.4;0.4_0;0;0_0;0;0_-100;2;5475_-100;2;5475_-100;2;5475,20.0082191780822,Prevalence,9.14249567491112e-05
NbyGQVwzFc_loc12_loop6,12,ITN 0%/IRS 0%/Larvicide 0%,0;0.4;0.4_0;0;0_0;0;0_-100;2;5475_-100;2;5475_-100;2;5475,20.0109589041096,Prevalence,9.17777252711931e-05
NbyGQVwzFc_loc12_loop6,12,ITN 0%/IRS 0%/Larvicide 0%,0;0.4;0.4_0;0;0_0;0;0_-100;2;5475_-100;2;5475_-100;2;5475,20.013698630137,Prevalence,9.21319580037932e-05
NbyGQVwzFc_loc12_loop6,12,ITN 0%/IRS 0%/Larvicide 0%,0;0.4;0.4_0;0;0_0;0;0_-100;2;5475_-100;2;5475_-100;2;5475,20.0164383561644,Prevalence,9.24876612214691e-05
NbyGQVwzFc_loc12_loop6,12,ITN 0%/IRS 0%/Larvicide 0%,0;0.4;0.4_0;0;0_0;0;0_-100;2;5475_-100;2;5475_-100;2;5475,20.0191780821918,Prevalence,9.28448412256021e-05
NbyGQVwzFc_loc12_loop6,12,ITN 0%/IRS 0%/Larvicide 0%,0;0.4;0.4_0;0;0_0;0;0_-100;2;5475_-100;2;5475_-100;2;5475,20.0219178082192,Prevalence,9.3203504344504e-05
NbyGQVwzFc_loc12_loop6,12,ITN 0%/IRS 0%/Larvicide 0%,0;0.4;0.4_0;0;0_0;0;0_-100;2;5475_-100;2;5475_-100;2;5475,20.0246575342466,Prevalence,9.35636569335267e-05
NbyGQVwzFc_loc12_loop6,12,ITN 0%/IRS 0%/Larvicide 0%,0;0.4;0.4_0;0;0_0;0;0_-100;2;5475_-100;2;5475_-100;2;5475,20.027397260274,Prevalence,9.39253053751703e-05
NbyGQVwzFc_loc12_loop6,12,ITN 0%/IRS 0%/Larvicide 0%,0;0.4;0.4_0;0;0_0;0;0_-100;2;5475_-100;2;5475_-100;2;5475,20.0301369863014,Prevalence,9.42884560791926e-05
NbyGQVwzFc_loc12_loop6,12,ITN 0%/IRS 0%/Larvicide 0%,0;0.4;0.4_0;0;0_0;0;0_-100;2;5475_-100;2;5475_-100;2;5475,20.0328767123288,Prevalence,9.46531154827113e-05
NbyGQVwzFc_loc12_loop6,12,ITN 0%/IRS 0%/Larvicide 0%,0;0.4;0.4_0;0;0_0;0;0_-100;2;5475_-100;2;5475_-100;2;5475,20.0356164383562,Prevalence,9.50192900503173e-05
NbyGQVwzFc_loc12_loop6,12,ITN 0%/IRS 0%/Larvicide 0%,0;0.4;0.4_0;0;0_0;0;0_-100;2;5475_-100;2;5475_-100;2;5475,20.0383561643836,Prevalence,9.53869862741856e-05
NbyGQVwzFc_loc12_loop6,12,ITN 0%/IRS 0%/Larvicide 0%,0;0.4;0.4_0;0;0_0;0;0_-100;2;5475_-100;2;5475_-100;2;5475,20.041095890411,Prevalence,9.57562106741848e-05
NbyGQVwzFc_loc12_loop6,12,ITN 0%/IRS 0%/Larvicide 0%,0;0.4;0.4_0;0;0_0;0;0_-100;2;5475_-100;2;5475_-100;2;5475,20.0438356164384,Prevalence,9.61269697979882e-05
NbyGQVwzFc_loc12_loop6,12,ITN 0%/IRS 0%/Larvicide 0%,0;0.4;0.4_0;0;0_0;0;0_-100;2;5475_-100;2;5475_-100;2;5475,20.0465753424658,Prevalence,9.64992702211834e-05
NbyGQVwzFc_loc12_loop6,12,ITN 0%/IRS 0%/Larvicide 0%,0;0.4;0.4_0;0;0_0;0;0_-100;2;5475_-100;2;5475_-100;2;5475,20.0493150684932,Prevalence,9.68731185473846e-05
NbyGQVwzFc_loc12_loop6,12,ITN 0%/IRS 0%/Larvicide 0%,0;0.4;0.4_0;0;0_0;0;0_-100;2;5475_-100;2;5475_-100;2;5475,20.0520547945205,Prevalence,9.72485214083429e-05
NbyGQVwzFc_loc12_loop6,12,ITN 0%/IRS 0%/Larvicide 0%,0;0.4;0.4_0;0;0_0;0;0_-100;2;5475_-100;2;5475_-100;2;5475,20.0547945205479,Prevalence,9.76254854640599e-05
NbyGQVwzFc_loc12_loop6,12,ITN 0%/IRS 0%/Larvicide 0%,0;0.4;0.4_0;0;0_0;0;0_-100;2;5475_-100;2;5475_-100;2;5475,20.0575342465753,Prevalence,9.80040174028977e-05
NbyGQVwzFc_loc12_loop6,12,ITN 0%/IRS 0%/Larvicide 0%,0;0.4;0.4_0;0;0_0;0;0_-100;2;5475_-100;2;5475_-100;2;5475,20.0602739726027,Prevalence,9.83841239416927e-05
NbyGQVwzFc_loc12_loop6,12,ITN 0%/IRS 0%/Larvicide 0%,0;0.4;0.4_0;0;0_0;0;0_-100;2;5475_-100;2;5475_-100;2;5475,20.0630136986301,Prevalence,9.87658118258694e-05
NbyGQVwzFc_loc12_loop6,12,ITN 0%/IRS 0%/Larvicide 0%,0;0.4;0.4_0;0;0_0;0;0_-100;2;5475_-100;2;5475_-100;2;5475,20.0657534246575,Prevalence,9.91490878295521e-05
NbyGQVwzFc_loc12_loop6,12,ITN 0%/IRS 0%/Larvicide 0%,0;0.4;0.4_0;0;0_0;0;0_-100;2;5475_-100;2;5475_-100;2;5475,20.0684931506849,Prevalence,9.95339587556789e-05
NbyGQVwzFc_loc12_loop6,12,ITN 0%/IRS 0%/Larvicide 0%,0;0.4;0.4_0;0;0_0;0;0_-100;2;5475_-100;2;5475_-100;2;5475,20.0712328767123,Prevalence,9.99204314361165e-05
NbyGQVwzFc_loc12_loop6,12,ITN 0%/IRS 0%/Larvicide 0%,0;0.4;0.4_0;0;0_0;0;0_-100;2;5475_-100;2;5475_-100;2;5475,20.0739726027397,Prevalence,0.000100308512731775
NbyGQVwzFc_loc12_loop6,12,ITN 0%/IRS 0%/Larvicide 0%,0;0.4;0.4_0;0;0_0;0;0_-100;2;5475_-100;2;5475_-100;2;5475,20.0767123287671,Prevalence,0.000100698209532722
NbyGQVwzFc_loc12_loop6,12,ITN 0%/IRS 0%/Larvicide 0%,0;0.4;0.4_0;0;0_0;0;0_-100;2;5475_-100;2;5475_-100;2;5475,20.0794520547945,Prevalence,0.000101089528758295
NbyGQVwzFc_loc12_loop6,12,ITN 0%/IRS 0%/Larvicide 0%,0;0.4;0.4_0;0;0_0;0;0_-100;2;5475_-100;2;5475_-100;2;5475,20.0821917808219,Prevalence,0.000101482477357222
NbyGQVwzFc_loc12_loop6,12,ITN 0%/IRS 0%/Larvicide 0%,0;0.4;0.4_0;0;0_0;0;0_-100;2;5475_-100;2;5475_-100;2;5475,20.0849315068493,Prevalence,0.000101877062307734
NbyGQVwzFc_loc12_loop6,12,ITN 0%/IRS 0%/Larvicide 0%,0;0.4;0.4_0;0;0_0;0;0_-100;2;5475_-100;2;5475_-100;2;5475,20.0876712328767,Prevalence,0.000102273290617682
NbyGQVwzFc_loc12_loop6,12,ITN 0%/IRS 0%/Larvicide 0%,0;0.4;0.4_0;0;0_0;0;0_-100;2;5475_-100;2;5475_-100;2;5475,20.0904109589041,Prevalence,0.000102671169324654
NbyGQVwzFc_loc12_loop6,12,ITN 0%/IRS 0%/Larvicide 0%,0;0.4;0.4_0;0;0_0;0;0_-100;2;5475_-100;2;5475_-100;2;5475,20.0931506849315,Prevalence,0.000103070705496095
NbyGQVwzFc_loc12_loop6,12,ITN 0%/IRS 0%/Larvicide 0%,0;0.4;0.4_0;0;0_0;0;0_-100;2;5475_-100;2;5475_-100;2;5475,20.0958904109589,Prevalence,0.000103471906229413
NbyGQVwzFc_loc12_loop6,12,ITN 0%/IRS 0%/Larvicide 0%,0;0.4;0.4_0;0;0_0;0;0_-100;2;5475_-100;2;5475_-100;2;5475,20.0986301369863,Prevalence,0.000103874778652108
NbyGQVwzFc_loc12_loop6,12,ITN 0%/IRS 0%/Larvicide 0%,0;0.4;0.4_0;0;0_0;0;0_-100;2;5475_-100;2;5475_-100;2;5475,20.1013698630137,Prevalence,0.000104279329921891
NbyGQVwzFc_loc12_loop6,12,ITN 0%/IRS 0%/Larvicide 0%,0;0.4;0.4_0;0;0_0;0;0_-100;2;5475_-100;2;5475_-100;2;5475,20.1041095890411,Prevalence,0.000104685567226796
NbyGQVwzFc_loc12_loop6,12,ITN 0%/IRS 0%/Larvicide 0%,0;0.4;0.4_0;0;0_0;0;0_-100;2;5475_-100;2;5475_-100;2;5475,20.1068493150685,Prevalence,0.000105093497785296
NbyGQVwzFc_loc12_loop6,12,ITN 0%/IRS 0%/Larvicide 0%,0;0.4;0.4_0;0;0_0;0;0_-100;2;5475_-100;2;5475_-100;2;5475,20.1095890410959,Prevalence,0.000105503128846434
NbyGQVwzFc_loc12_loop6,12,ITN 0%/IRS 0%/Larvicide 0%,0;0.4;0.4_0;0;0_0;0;0_-100;2;5475_-100;2;5475_-100;2;5475,20.1123287671233,Prevalence,0.000105914467689932
NbyGQVwzFc_loc12_loop6,12,ITN 0%/IRS 0%/Larvicide 0%,0;0.4;0.4_0;0;0_0;0;0_-100;2;5475_-100;2;5475_-100;2;5475,20.1150684931507,Prevalence,0.000106327521626316
NbyGQVwzFc_loc12_loop6,12,ITN 0%/IRS 0%/Larvicide 0%,0;0.4;0.4_0;0;0_0;0;0_-100;2;5475_-100;2;5475_-100;2;5475,20.1178082191781,Prevalence,0.000106742297997033
NbyGQVwzFc_loc12_loop6,12,ITN 0%/IRS 0%/Larvicide 0%,0;0.4;0.4_0;0;0_0;0;0_-100;2;5475_-100;2;5475_-100;2;5475,20.1205479452055,Prevalence,0.000107158804174578
NbyGQVwzFc_loc12_loop6,12,ITN 0%/IRS 0%/Larvicide 0%,0;0.4;0.4_0;0;0_0;0;0_-100;2;5475_-100;2;5475_-100;2;5475,20.1232876712329,Prevalence,0.00010757704756261
NbyGQVwzFc_loc12_loop6,12,ITN 0%/IRS 0%/Larvicide 0%,0;0.4;0.4_0;0;0_0;0;0_-100;2;5475_-100;2;5475_-100;2;5475,20.1260273972603,Prevalence,0.000107997035596069
NbyGQVwzFc_loc12_loop6,12,ITN 0%/IRS 0%/Larvicide 0%,0;0.4;0.4_0;0;0_0;0;0_-100;2;5475_-100;2;5475_-100;2;5475,20.1287671232877,Prevalence,0.000108418775741302
NbyGQVwzFc_loc12_loop6,12,ITN 0%/IRS 0%/Larvicide 0%,0;0.4;0.4_0;0;0_0;0;0_-100;2;5475_-100;2;5475_-100;2;5475,20.1315068493151,Prevalence,0.000108842275496188
NbyGQVwzFc_loc12_loop6,12,ITN 0%/IRS 0%/Larvicide 0%,0;0.4;0.4_0;0;0_0;0;0_-100;2;5475_-100;2;5475_-100;2;5475,20.1342465753425,Prevalence,0.000109267542390255
NbyGQVwzFc_loc12_loop6,12,ITN 0%/IRS 0%/Larvicide 0%,0;0.4;0.4_0;0;0_0;0;0_-100;2;5475_-100;2;5475_-100;2;5475,20.1369863013699,Prevalence,0.000109694583984807
NbyGQVwzFc_loc12_loop6,12,ITN 0%/IRS 0%/Larvicide 0%,0;0.4;0.4_0;0;0_0;0;0_-100;2;5475_-100;2;5475_-100;2;5475,20.1397260273973,Prevalence,0.000110123407873047
NbyGQVwzFc_loc12_loop6,12,ITN 0%/IRS 0%/Larvicide 0%,0;0.4;0.4_0;0;0_0;0;0_-100;2;5475_-100;2;5475_-100;2;5475,20.1424657534247,Prevalence,0.0001105540216802
NbyGQVwzFc_loc12_loop6,12,ITN 0%/IRS 0%/Larvicide 0%,0;0.4;0.4_0;0;0_0;0;0_-100;2;5475_-100;2;5475_-100;2;5475,20.1452054794521,Prevalence,0.000110986433063635
NbyGQVwzFc_loc12_loop6,12,ITN 0%/IRS 0%/Larvicide 0%,0;0.4;0.4_0;0;0_0;0;0_-100;2;5475_-100;2;5475_-100;2;5475,20.1479452054795,Prevalence,0.000111420649712994
NbyGQVwzFc_loc12_loop6,12,ITN 0%/IRS 0%/Larvicide 0%,0;0.4;0.4_0;0;0_0;0;0_-100;2;5475_-100;2;5475_-100;2;5475,20.1506849315069,Prevalence,0.000111856679350311
NbyGQVwzFc_loc12_loop6,12,ITN 0%/IRS 0%/Larvicide 0%,0;0.4;0.4_0;0;0_0;0;0_-100;2;5475_-100;2;5475_-100;2;5475,20.1534246575342,Prevalence,0.00011229452973014
NbyGQVwzFc_loc12_loop6,12,ITN 0%/IRS 0%/Larvicide 0%,0;0.4;0.4_0;0;0_0;0;0_-100;2;5475_-100;2;5475_-100;2;5475,20.1561643835616,Prevalence,0.000112734208639684
NbyGQVwzFc_loc12_loop6,12,ITN 0%/IRS 0%/Larvicide 0%,0;0.4;0.4_0;0;0_0;0;0_-100;2;5475_-100;2;5475_-100;2;5475,20.158904109589,Prevalence,0.000113175723898912
NbyGQVwzFc_loc12_loop6,12,ITN 0%/IRS 0%/Larvicide 0%,0;0.4;0.4_0;0;0_0;0;0_-100;2;5475_-100;2;5475_-100;2;5475,20.1616438356164,Prevalence,0.000113619083360694
NbyGQVwzFc_loc12_loop6,12,ITN 0%/IRS 0%/Larvicide 0%,0;0.4;0.4_0;0;0_0;0;0_-100;2;5475_-100;2;5475_-100;2;5475,20.1643835616438,Prevalence,0.000114064294910922
NbyGQVwzFc_loc12_loop6,12,ITN 0%/IRS 0%/Larvicide 0%,0;0.4;0.4_0;0;0_0;0;0_-100;2;5475_-100;2;5475_-100;2;5475,20.1671232876712,Prevalence,0.000114511366468639
NbyGQVwzFc_loc12_loop6,12,ITN 0%/IRS 0%/Larvicide 0%,0;0.4;0.4_0;0;0_0;0;0_-100;2;5475_-100;2;5475_-100;2;5475,20.1698630136986,Prevalence,0.000114960305986168
NbyGQVwzFc_loc12_loop6,12,ITN 0%/IRS 0%/Larvicide 0%,0;0.4;0.4_0;0;0_0;0;0_-100;2;5475_-100;2;5475_-100;2;5475,20.172602739726,Prevalence,0.000115411121449234
NbyGQVwzFc_loc12_loop6,12,ITN 0%/IRS 0%/Larvicide 0%,0;0.4;0.4_0;0;0_0;0;0_-100;2;5475_-100;2;5475_-100;2;5475,20.1753424657534,Prevalence,0.000115863820877099
NbyGQVwzFc_loc12_loop6,12,ITN 0%/IRS 0%/Larvicide 0%,0;0.4;0.4_0;0;0_0;0;0_-100;2;5475_-100;2;5475_-100;2;5475,20.1780821917808,Prevalence,0.000116318412322686
NbyGQVwzFc_loc12_loop6,12,ITN 0%/IRS 0%/Larvicide 0%,0;0.4;0.4_0;0;0_0;0;0_-100;2;5475_-100;2;5475_-100;2;5475,20.1808219178082,Prevalence,0.000116774903872708
NbyGQVwzFc_loc12_loop6,12,ITN 0%/IRS 0%/Larvicide 0%,0;0.4;0.4_0;0;0_0;0;0_-100;2;5475_-100;2;5475_-100;2;5475,20.1835616438356,Prevalence,0.000117233303647799
NbyGQVwzFc_loc12_loop6,12,ITN 0%/IRS 0%/Larvicide 0%,0;0.4;0.4_0;0;0_0;0;0_-100;2;5475_-100;2;5475_-100;2;5475,20.186301369863,Prevalence,0.000117693619802643
NbyGQVwzFc_loc12_loop6,12,ITN 0%/IRS 0%/Larvicide 0%,0;0.4;0.4_0;0;0_0;0;0_-100;2;5475_-100;2;5475_-100;2;5475,20.1890410958904,Prevalence,0.000118155860526102
NbyGQVwzFc_loc12_loop6,12,ITN 0%/IRS 0%/Larvicide 0%,0;0.4;0.4_0;0;0_0;0;0_-100;2;5475_-100;2;5475_-100;2;5475,20.1917808219178,Prevalence,0.000118620034041348
NbyGQVwzFc_loc12_loop6,12,ITN 0%/IRS 0%/Larvicide 0%,0;0.4;0.4_0;0;0_0;0;0_-100;2;5475_-100;2;5475_-100;2;5475,20.1945205479452,Prevalence,0.000119086148605994
NbyGQVwzFc_loc12_loop6,12,ITN 0%/IRS 0%/Larvicide 0%,0;0.4;0.4_0;0;0_0;0;0_-100;2;5475_-100;2;5475_-100;2;5475,20.1972602739726,Prevalence,0.000119554212512223
NbyGQVwzFc_loc12_loop6,12,ITN 0%/IRS 0%/Larvicide 0%,0;0.4;0.4_0;0;0_0;0;0_-100;2;5475_-100;2;5475_-100;2;5475,20.2,Prevalence,0.000120024234086921
NbyGQVwzFc_loc12_loop6,12,ITN 0%/IRS 0%/Larvicide 0%,0;0.4;0.4_0;0;0_0;0;0_-100;2;5475_-100;2;5475_-100;2;5475,20.2027397260274,Prevalence,0.00012049622169181
NbyGQVwzFc_loc12_loop6,12,ITN 0%/IRS 0%/Larvicide 0%,0;0.4;0.4_0;0;0_0;0;0_-100;2;5475_-100;2;5475_-100;2;5475,20.2054794520548,Prevalence,0.000120970183723574
NbyGQVwzFc_loc12_loop6,12,ITN 0%/IRS 0%/Larvicide 0%,0;0.4;0.4_0;0;0_0;0;0_-100;2;5475_-100;2;5475_-100;2;5475,20.2082191780822,Prevalence,0.000121446128614
NbyGQVwzFc_loc12_loop6,12,ITN 0%/IRS 0%/Larvicide 0%,0;0.4;0.4_0;0;0_0;0;0_-100;2;5475_-100;2;5475_-100;2;5475,20.2109589041096,Prevalence,0.000121924064830104
NbyGQVwzFc_loc12_loop6,12,ITN 0%/IRS 0%/Larvicide 0%,0;0.4;0.4_0;0;0_0;0;0_-100;2;5475_-100;2;5475_-100;2;5475,20.213698630137,Prevalence,0.000122404000874269
NbyGQVwzFc_loc12_loop6,12,ITN 0%/IRS 0%/Larvicide 0%,0;0.4;0.4_0;0;0_0;0;0_-100;2;5475_-100;2;5475_-100;2;5475,20.2164383561644,Prevalence,0.000122885945284372
NbyGQVwzFc_loc12_loop6,12,ITN 0%/IRS 0%/Larvicide 0%,0;0.4;0.4_0;0;0_0;0;0_-100;2;5475_-100;2;5475_-100;2;5475,20.2191780821918,Prevalence,0.00012336990663393
NbyGQVwzFc_loc12_loop6,12,ITN 0%/IRS 0%/Larvicide 0%,0;0.4;0.4_0;0;0_0;0;0_-100;2;5475_-100;2;5475_-100;2;5475,20.2219178082192,Prevalence,0.000123855893532222
NbyGQVwzFc_loc12_loop6,12,ITN 0%/IRS 0%/Larvicide 0%,0;0.4;0.4_0;0;0_0;0;0_-100;2;5475_-100;2;5475_-100;2;5475,20.2246575342466,Prevalence,0.000124343914624422
NbyGQVwzFc_loc12_loop6,12,ITN 0%/IRS 0%/Larvicide 0%,0;0.4;0.4_0;0;0_0;0;0_-100;2;5475_-100;2;5475_-100;2;5475,20.227397260274,Prevalence,0.000124833978591745
NbyGQVwzFc_loc12_loop6,12,ITN 0%/IRS 0%/Larvicide 0%,0;0.4;0.4_0;0;0_0;0;0_-100;2;5475_-100;2;5475_-100;2;5475,20.2301369863014,Prevalence,0.000125326094151574
NbyGQVwzFc_loc12_loop6,12,ITN 0%/IRS 0%/Larvicide 0%,0;0.4;0.4_0;0;0_0;0;0_-100;2;5475_-100;2;5475_-100;2;5475,20.2328767123288,Prevalence,0.0001258202700576
NbyGQVwzFc_loc12_loop6,12,ITN 0%/IRS 0%/Larvicide 0%,0;0.4;0.4_0;0;0_0;0;0_-100;2;5475_-100;2;5475_-100;2;5475,20.2356164383562,Prevalence,0.000126316515099956
NbyGQVwzFc_loc12_loop6,12,ITN 0%/IRS 0%/Larvicide 0%,0;0.4;0.4_0;0;0_0;0;0_-100;2;5475_-100;2;5475_-100;2;5475,20.2383561643836,Prevalence,0.000126814838105357
NbyGQVwzFc_loc12_loop6,12,ITN 0%/IRS 0%/Larvicide 0%,0;0.4;0.4_0;0;0_0;0;0_-100;2;5475_-100;2;5475_-100;2;5475,20.241095890411,Prevalence,0.000127315247937233
NbyGQVwzFc_loc12_loop6,12,ITN 0%/IRS 0%/Larvicide 0%,0;0.4;0.4_0;0;0_0;0;0_-100;2;5475_-100;2;5475_-100;2;5475,20.2438356164384,Prevalence,0.000127817753495866
NbyGQVwzFc_loc12_loop6,12,ITN 0%/IRS 0%/Larvicide 0%,0;0.4;0.4_0;0;0_0;0;0_-100;2;5475_-100;2;5475_-100;2;5475,20.2465753424658,Prevalence,0.000128322363718532
NbyGQVwzFc_loc12_loop6,12,ITN 0%/IRS 0%/Larvicide 0%,0;0.4;0.4_0;0;0_0;0;0_-100;2;5475_-100;2;5475_-100;2;5475,20.2493150684932,Prevalence,0.000128829087579635
NbyGQVwzFc_loc12_loop6,12,ITN 0%/IRS 0%/Larvicide 0%,0;0.4;0.4_0;0;0_0;0;0_-100;2;5475_-100;2;5475_-100;2;5475,20.2520547945205,Prevalence,0.000129337934090844
NbyGQVwzFc_loc12_loop6,12,ITN 0%/IRS 0%/Larvicide 0%,0;0.4;0.4_0;0;0_0;0;0_-100;2;5475_-100;2;5475_-100;2;5475,20.2547945205479,Prevalence,0.000129848912301238
NbyGQVwzFc_loc12_loop6,12,ITN 0%/IRS 0%/Larvicide 0%,0;0.4;0.4_0;0;0_0;0;0_-100;2;5475_-100;2;5475_-100;2;5475,20.2575342465753,Prevalence,0.000130362031297437
NbyGQVwzFc_loc12_loop6,12,ITN 0%/IRS 0%/Larvicide 0%,0;0.4;0.4_0;0;0_0;0;0_-100;2;5475_-100;2;5475_-100;2;5475,20.2602739726027,Prevalence,0.000130877300203747
NbyGQVwzFc_loc12_loop6,12,ITN 0%/IRS 0%/Larvicide 0%,0;0.4;0.4_0;0;0_0;0;0_-100;2;5475_-100;2;5475_-100;2;5475,20.2630136986301,Prevalence,0.000131394728182298
NbyGQVwzFc_loc12_loop6,12,ITN 0%/IRS 0%/Larvicide 0%,0;0.4;0.4_0;0;0_0;0;0_-100;2;5475_-100;2;5475_-100;2;5475,20.2657534246575,Prevalence,0.000131914324433183
NbyGQVwzFc_loc12_loop6,12,ITN 0%/IRS 0%/Larvicide 0%,0;0.4;0.4_0;0;0_0;0;0_-100;2;5475_-100;2;5475_-100;2;5475,20.2684931506849,Prevalence,0.000132436098194601
NbyGQVwzFc_loc12_loop6,12,ITN 0%/IRS 0%/Larvicide 0%,0;0.4;0.4_0;0;0_0;0;0_-100;2;5475_-100;2;5475_-100;2;5475,20.2712328767123,Prevalence,0.000132960058742993
NbyGQVwzFc_loc12_loop6,12,ITN 0%/IRS 0%/Larvicide 0%,0;0.4;0.4_0;0;0_0;0;0_-100;2;5475_-100;2;5475_-100;2;5475,20.2739726027397,Prevalence,0.000133486215393189
NbyGQVwzFc_loc12_loop6,12,ITN 0%/IRS 0%/Larvicide 0%,0;0.4;0.4_0;0;0_0;0;0_-100;2;5475_-100;2;5475_-100;2;5475,20.2767123287671,Prevalence,0.000134014577498546
NbyGQVwzFc_loc12_loop6,12,ITN 0%/IRS 0%/Larvicide 0%,0;0.4;0.4_0;0;0_0;0;0_-100;2;5475_-100;2;5475_-100;2;5475,20.2794520547945,Prevalence,0.00013454515445109
NbyGQVwzFc_loc12_loop6,12,ITN 0%/IRS 0%/Larvicide 0%,0;0.4;0.4_0;0;0_0;0;0_-100;2;5475_-100;2;5475_-100;2;5475,20.2821917808219,Prevalence,0.000135077955681659
NbyGQVwzFc_loc12_loop6,12,ITN 0%/IRS 0%/Larvicide 0%,0;0.4;0.4_0;0;0_0;0;0_-100;2;5475_-100;2;5475_-100;2;5475,20.2849315068493,Prevalence,0.000135612990660046
NbyGQVwzFc_loc12_loop6,12,ITN 0%/IRS 0%/Larvicide 0%,0;0.4;0.4_0;0;0_0;0;0_-100;2;5475_-100;2;5475_-100;2;5475,20.2876712328767,Prevalence,0.000136150268895139
NbyGQVwzFc_loc12_loop6,12,ITN 0%/IRS 0%/Larvicide 0%,0;0.4;0.4_0;0;0_0;0;0_-100;2;5475_-100;2;5475_-100;2;5475,20.2904109589041,Prevalence,0.000136689799935068
NbyGQVwzFc_loc12_loop6,12,ITN 0%/IRS 0%/Larvicide 0%,0;0.4;0.4_0;0;0_0;0;0_-100;2;5475_-100;2;5475_-100;2;5475,20.2931506849315,Prevalence,0.000137231593367346
NbyGQVwzFc_loc12_loop6,12,ITN 0%/IRS 0%/Larvicide 0%,0;0.4;0.4_0;0;0_0;0;0_-100;2;5475_-100;2;5475_-100;2;5475,20.2958904109589,Prevalence,0.000137775658819016
NbyGQVwzFc_loc12_loop6,12,ITN 0%/IRS 0%/Larvicide 0%,0;0.4;0.4_0;0;0_0;0;0_-100;2;5475_-100;2;5475_-100;2;5475,20.2986301369863,Prevalence,0.00013832200595679
NbyGQVwzFc_loc12_loop6,12,ITN 0%/IRS 0%/Larvicide 0%,0;0.4;0.4_0;0;0_0;0;0_-100;2;5475_-100;2;5475_-100;2;5475,20.3013698630137,Prevalence,0.000138870644487198
NbyGQVwzFc_loc12_loop6,12,ITN 0%/IRS 0%/Larvicide 0%,0;0.4;0.4_0;0;0_0;0;0_-100;2;5475_-100;2;5475_-100;2;5475,20.3041095890411,Prevalence,0.000139421584156734
NbyGQVwzFc_loc12_loop6,12,ITN 0%/IRS 0%/Larvicide 0%,0;0.4;0.4_0;0;0_0;0;0_-100;2;5475_-100;2;5475_-100;2;5475,20.3068493150685,Prevalence,0.000139974834751995
NbyGQVwzFc_loc12_loop6,12,ITN 0%/IRS 0%/Larvicide 0%,0;0.4;0.4_0;0;0_0;0;0_-100;2;5475_-100;2;5475_-100;2;5475,20.3095890410959,Prevalence,0.000140530406099835
NbyGQVwzFc_loc12_loop6,12,ITN 0%/IRS 0%/Larvicide 0%,0;0.4;0.4_0;0;0_0;0;0_-100;2;5475_-100;2;5475_-100;2;5475,20.3123287671233,Prevalence,0.000141088308067503
NbyGQVwzFc_loc12_loop6,12,ITN 0%/IRS 0%/Larvicide 0%,0;0.4;0.4_0;0;0_0;0;0_-100;2;5475_-100;2;5475_-100;2;5475,20.3150684931507,Prevalence,0.000141648550562795
NbyGQVwzFc_loc12_loop6,12,ITN 0%/IRS 0%/Larvicide 0%,0;0.4;0.4_0;0;0_0;0;0_-100;2;5475_-100;2;5475_-100;2;5475,20.3178082191781,Prevalence,0.0001422111435342
NbyGQVwzFc_loc12_loop6,12,ITN 0%/IRS 0%/Larvicide 0%,0;0.4;0.4_0;0;0_0;0;0_-100;2;5475_-100;2;5475_-100;2;5475,20.3205479452055,Prevalence,0.000142776096971045
NbyGQVwzFc_loc12_loop6,12,ITN 0%/IRS 0%/Larvicide 0%,0;0.4;0.4_0;0;0_0;0;0_-100;2;5475_-100;2;5475_-100;2;5475,20.3232876712329,Prevalence,0.000143343420903645
NbyGQVwzFc_loc12_loop6,12,ITN 0%/IRS 0%/Larvicide 0%,0;0.4;0.4_0;0;0_0;0;0_-100;2;5475_-100;2;5475_-100;2;5475,20.3260273972603,Prevalence,0.000143913125403443
NbyGQVwzFc_loc12_loop6,12,ITN 0%/IRS 0%/Larvicide 0%,0;0.4;0.4_0;0;0_0;0;0_-100;2;5475_-100;2;5475_-100;2;5475,20.3287671232877,Prevalence,0.000144485220583167
NbyGQVwzFc_loc12_loop6,12,ITN 0%/IRS 0%/Larvicide 0%,0;0.4;0.4_0;0;0_0;0;0_-100;2;5475_-100;2;5475_-100;2;5475,20.3315068493151,Prevalence,0.000145059716596971
NbyGQVwzFc_loc12_loop6,12,ITN 0%/IRS 0%/Larvicide 0%,0;0.4;0.4_0;0;0_0;0;0_-100;2;5475_-100;2;5475_-100;2;5475,20.3342465753425,Prevalence,0.000145636623640592
NbyGQVwzFc_loc12_loop6,12,ITN 0%/IRS 0%/Larvicide 0%,0;0.4;0.4_0;0;0_0;0;0_-100;2;5475_-100;2;5475_-100;2;5475,20.3369863013699,Prevalence,0.000146215951951492
NbyGQVwzFc_loc12_loop6,12,ITN 0%/IRS 0%/Larvicide 0%,0;0.4;0.4_0;0;0_0;0;0_-100;2;5475_-100;2;5475_-100;2;5475,20.3397260273973,Prevalence,0.000146797711809013
NbyGQVwzFc_loc12_loop6,12,ITN 0%/IRS 0%/Larvicide 0%,0;0.4;0.4_0;0;0_0;0;0_-100;2;5475_-100;2;5475_-100;2;5475,20.3424657534247,Prevalence,0.000147381913534524
NbyGQVwzFc_loc12_loop6,12,ITN 0%/IRS 0%/Larvicide 0%,0;0.4;0.4_0;0;0_0;0;0_-100;2;5475_-100;2;5475_-100;2;5475,20.3452054794521,Prevalence,0.000147968567491569
NbyGQVwzFc_loc12_loop6,12,ITN 0%/IRS 0%/Larvicide 0%,0;0.4;0.4_0;0;0_0;0;0_-100;2;5475_-100;2;5475_-100;2;5475,20.3479452054795,Prevalence,0.000148557684086023
NbyGQVwzFc_loc12_loop6,12,ITN 0%/IRS 0%/Larvicide 0%,0;0.4;0.4_0;0;0_0;0;0_-100;2;5475_-100;2;5475_-100;2;5475,20.3506849315069,Prevalence,0.000149149273766237
NbyGQVwzFc_loc12_loop6,12,ITN 0%/IRS 0%/Larvicide 0%,0;0.4;0.4_0;0;0_0;0;0_-100;2;5475_-100;2;5475_-100;2;5475,20.3534246575342,Prevalence,0.000149743347023193
NbyGQVwzFc_loc12_loop6,12,ITN 0%/IRS 0%/Larvicide 0%,0;0.4;0.4_0;0;0_0;0;0_-100;2;5475_-100;2;5475_-100;2;5475,20.3561643835616,Prevalence,0.000150339914390654
NbyGQVwzFc_loc12_loop6,12,ITN 0%/IRS 0%/Larvicide 0%,0;0.4;0.4_0;0;0_0;0;0_-100;2;5475_-100;2;5475_-100;2;5475,20.358904109589,Prevalence,0.000150938986445315
NbyGQVwzFc_loc12_loop6,12,ITN 0%/IRS 0%/Larvicide 0%,0;0.4;0.4_0;0;0_0;0;0_-100;2;5475_-100;2;5475_-100;2;5475,20.3616438356164,Prevalence,0.000151540573806955
NbyGQVwzFc_loc12_loop6,12,ITN 0%/IRS 0%/Larvicide 0%,0;0.4;0.4_0;0;0_0;0;0_-100;2;5475_-100;2;5475_-100;2;5475,20.3643835616438,Prevalence,0.000152144687138591
NbyGQVwzFc_loc12_loop6,12,ITN 0%/IRS 0%/Larvicide 0%,0;0.4;0.4_0;0;0_0;0;0_-100;2;5475_-100;2;5475_-100;2;5475,20.3671232876712,Prevalence,0.00015275133714663
NbyGQVwzFc_loc12_loop6,12,ITN 0%/IRS 0%/Larvicide 0%,0;0.4;0.4_0;0;0_0;0;0_-100;2;5475_-100;2;5475_-100;2;5475,20.3698630136986,Prevalence,0.00015336053458102
NbyGQVwzFc_loc12_loop6,12,ITN 0%/IRS 0%/Larvicide 0%,0;0.4;0.4_0;0;0_0;0;0_-100;2;5475_-100;2;5475_-100;2;5475,20.372602739726,Prevalence,0.000153972290235406
NbyGQVwzFc_loc12_loop6,12,ITN 0%/IRS 0%/Larvicide 0%,0;0.4;0.4_0;0;0_0;0;0_-100;2;5475_-100;2;5475_-100;2;5475,20.3753424657534,Prevalence,0.000154586614947283
NbyGQVwzFc_loc12_loop6,12,ITN 0%/IRS 0%/Larvicide 0%,0;0.4;0.4_0;0;0_0;0;0_-100;2;5475_-100;2;5475_-100;2;5475,20.3780821917808,Prevalence,0.000155203519598149
NbyGQVwzFc_loc12_loop6,12,ITN 0%/IRS 0%/Larvicide 0%,0;0.4;0.4_0;0;0_0;0;0_-100;2;5475_-100;2;5475_-100;2;5475,20.3808219178082,Prevalence,0.00015582301511366
NbyGQVwzFc_loc12_loop6,12,ITN 0%/IRS 0%/Larvicide 0%,0;0.4;0.4_0;0;0_0;0;0_-100;2;5475_-100;2;5475_-100;2;5475,20.3835616438356,Prevalence,0.000156445112463783
NbyGQVwzFc_loc12_loop6,12,ITN 0%/IRS 0%/Larvicide 0%,0;0.4;0.4_0;0;0_0;0;0_-100;2;5475_-100;2;5475_-100;2;5475,20.386301369863,Prevalence,0.000157069822662955
NbyGQVwzFc_loc12_loop6,12,ITN 0%/IRS 0%/Larvicide 0%,0;0.4;0.4_0;0;0_0;0;0_-100;2;5475_-100;2;5475_-100;2;5475,20.3890410958904,Prevalence,0.000157697156770232
NbyGQVwzFc_loc12_loop6,12,ITN 0%/IRS 0%/Larvicide 0%,0;0.4;0.4_0;0;0_0;0;0_-100;2;5475_-100;2;5475_-100;2;5475,20.3917808219178,Prevalence,0.00015832712588945
NbyGQVwzFc_loc12_loop6,12,ITN 0%/IRS 0%/Larvicide 0%,0;0.4;0.4_0;0;0_0;0;0_-100;2;5475_-100;2;5475_-100;2;5475,20.3945205479452,Prevalence,0.000158959741169378
NbyGQVwzFc_loc12_loop6,12,ITN 0%/IRS 0%/Larvicide 0%,0;0.4;0.4_0;0;0_0;0;0_-100;2;5475_-100;2;5475_-100;2;5475,20.3972602739726,Prevalence,0.000159595013803875
NbyGQVwzFc_loc12_loop6,12,ITN 0%/IRS 0%/Larvicide 0%,0;0.4;0.4_0;0;0_0;0;0_-100;2;5475_-100;2;5475_-100;2;5475,20.4,Prevalence,0.000160232955032045
NbyGQVwzFc_loc12_loop6,12,ITN 0%/IRS 0%/Larvicide 0%,0;0.4;0.4_0;0;0_0;0;0_-100;2;5475_-100;2;5475_-100;2;5475,20.4027397260274,Prevalence,0.000160873576138396
NbyGQVwzFc_loc12_loop6,12,ITN 0%/IRS 0%/Larvicide 0%,0;0.4;0.4_0;0;0_0;0;0_-100;2;5475_-100;2;5475_-100;2;5475,20.4054794520548,Prevalence,0.000161516888452996
NbyGQVwzFc_loc12_loop6,12,ITN 0%/IRS 0%/Larvicide 0%,0;0.4;0.4_0;0;0_0;0;0_-100;2;5475_-100;2;5475_-100;2;5475,20.4082191780822,Prevalence,0.000162162903351628
NbyGQVwzFc_loc12_loop6,12,ITN 0%/IRS 0%/Larvicide 0%,0;0.4;0.4_0;0;0_0;0;0_-100;2;5475_-100;2;5475_-100;2;5475,20.4109589041096,Prevalence,0.000162811632255953
NbyGQVwzFc_loc12_loop6,12,ITN 0%/IRS 0%/Larvicide 0%,0;0.4;0.4_0;0;0_0;0;0_-100;2;5475_-100;2;5475_-100;2;5475,20.413698630137,Prevalence,0.000163463086633662
NbyGQVwzFc_loc12_loop6,12,ITN 0%/IRS 0%/Larvicide 0%,0;0.4;0.4_0;0;0_0;0;0_-100;2;5475_-100;2;5475_-100;2;5475,20.4164383561644,Prevalence,0.000164117277998636
NbyGQVwzFc_loc12_loop6,12,ITN 0%/IRS 0%/Larvicide 0%,0;0.4;0.4_0;0;0_0;0;0_-100;2;5475_-100;2;5475_-100;2;5475,20.4191780821918,Prevalence,0.000164774217911109
NbyGQVwzFc_loc12_loop6,12,ITN 0%/IRS 0%/Larvicide 0%,0;0.4;0.4_0;0;0_0;0;0_-100;2;5475_-100;2;5475_-100;2;5475,20.4219178082192,Prevalence,0.000165433917977819
NbyGQVwzFc_loc12_loop6,12,ITN 0%/IRS 0%/Larvicide 0%,0;0.4;0.4_0;0;0_0;0;0_-100;2;5475_-100;2;5475_-100;2;5475,20.4246575342466,Prevalence,0.000166096389852172
NbyGQVwzFc_loc12_loop6,12,ITN 0%/IRS 0%/Larvicide 0%,0;0.4;0.4_0;0;0_0;0;0_-100;2;5475_-100;2;5475_-100;2;5475,20.427397260274,Prevalence,0.000166761645234402
NbyGQVwzFc_loc12_loop6,12,ITN 0%/IRS 0%/Larvicide 0%,0;0.4;0.4_0;0;0_0;0;0_-100;2;5475_-100;2;5475_-100;2;5475,20.4301369863014,Prevalence,0.000167429695871728
NbyGQVwzFc_loc12_loop6,12,ITN 0%/IRS 0%/Larvicide 0%,0;0.4;0.4_0;0;0_0;0;0_-100;2;5475_-100;2;5475_-100;2;5475,20.4328767123288,Prevalence,0.000168100553558515
NbyGQVwzFc_loc12_loop6,12,ITN 0%/IRS 0%/Larvicide 0%,0;0.4;0.4_0;0;0_0;0;0_-100;2;5475_-100;2;5475_-100;2;5475,20.4356164383562,Prevalence,0.000168774230136427
NbyGQVwzFc_loc12_loop6,12,ITN 0%/IRS 0%/Larvicide 0%,0;0.4;0.4_0;0;0_0;0;0_-100;2;5475_-100;2;5475_-100;2;5475,20.4383561643836,Prevalence,0.000169450737494598
NbyGQVwzFc_loc12_loop6,12,ITN 0%/IRS 0%/Larvicide 0%,0;0.4;0.4_0;0;0_0;0;0_-100;2;5475_-100;2;5475_-100;2;5475,20.441095890411,Prevalence,0.000170130087569788
NbyGQVwzFc_loc12_loop6,12,ITN 0%/IRS 0%/Larvicide 0%,0;0.4;0.4_0;0;0_0;0;0_-100;2;5475_-100;2;5475_-100;2;5475,20.4438356164384,Prevalence,0.000170812292346543
NbyGQVwzFc_loc12_loop6,12,ITN 0%/IRS 0%/Larvicide 0%,0;0.4;0.4_0;0;0_0;0;0_-100;2;5475_-100;2;5475_-100;2;5475,20.4465753424658,Prevalence,0.000171497363857361
NbyGQVwzFc_loc12_loop6,12,ITN 0%/IRS 0%/Larvicide 0%,0;0.4;0.4_0;0;0_0;0;0_-100;2;5475_-100;2;5475_-100;2;5475,20.4493150684932,Prevalence,0.000172185314182849
NbyGQVwzFc_loc12_loop6,12,ITN 0%/IRS 0%/Larvicide 0%,0;0.4;0.4_0;0;0_0;0;0_-100;2;5475_-100;2;5475_-100;2;5475,20.4520547945206,Prevalence,0.000172876155451887
NbyGQVwzFc_loc12_loop6,12,ITN 0%/IRS 0%/Larvicide 0%,0;0.4;0.4_0;0;0_0;0;0_-100;2;5475_-100;2;5475_-100;2;5475,20.4547945205479,Prevalence,0.000173569899841788
NbyGQVwzFc_loc12_loop6,12,ITN 0%/IRS 0%/Larvicide 0%,0;0.4;0.4_0;0;0_0;0;0_-100;2;5475_-100;2;5475_-100;2;5475,20.4575342465753,Prevalence,0.000174266559578464
NbyGQVwzFc_loc12_loop6,12,ITN 0%/IRS 0%/Larvicide 0%,0;0.4;0.4_0;0;0_0;0;0_-100;2;5475_-100;2;5475_-100;2;5475,20.4602739726027,Prevalence,0.000174966146936584
NbyGQVwzFc_loc12_loop6,12,ITN 0%/IRS 0%/Larvicide 0%,0;0.4;0.4_0;0;0_0;0;0_-100;2;5475_-100;2;5475_-100;2;5475,20.4630136986301,Prevalence,0.00017566867423974
NbyGQVwzFc_loc12_loop6,12,ITN 0%/IRS 0%/Larvicide 0%,0;0.4;0.4_0;0;0_0;0;0_-100;2;5475_-100;2;5475_-100;2;5475,20.4657534246575,Prevalence,0.00017637415386061
NbyGQVwzFc_loc12_loop6,12,ITN 0%/IRS 0%/Larvicide 0%,0;0.4;0.4_0;0;0_0;0;0_-100;2;5475_-100;2;5475_-100;2;5475,20.4684931506849,Prevalence,0.000177082598221118
NbyGQVwzFc_loc12_loop6,12,ITN 0%/IRS 0%/Larvicide 0%,0;0.4;0.4_0;0;0_0;0;0_-100;2;5475_-100;2;5475_-100;2;5475,20.4712328767123,Prevalence,0.000177794019792601
NbyGQVwzFc_loc12_loop6,12,ITN 0%/IRS 0%/Larvicide 0%,0;0.4;0.4_0;0;0_0;0;0_-100;2;5475_-100;2;5475_-100;2;5475,20.4739726027397,Prevalence,0.000178508431095972
NbyGQVwzFc_loc12_loop6,12,ITN 0%/IRS 0%/Larvicide 0%,0;0.4;0.4_0;0;0_0;0;0_-100;2;5475_-100;2;5475_-100;2;5475,20.4767123287671,Prevalence,0.000179225844701884
NbyGQVwzFc_loc12_loop6,12,ITN 0%/IRS 0%/Larvicide 0%,0;0.4;0.4_0;0;0_0;0;0_-100;2;5475_-100;2;5475_-100;2;5475,20.4794520547945,Prevalence,0.000179946273230892
NbyGQVwzFc_loc12_loop6,12,ITN 0%/IRS 0%/Larvicide 0%,0;0.4;0.4_0;0;0_0;0;0_-100;2;5475_-100;2;5475_-100;2;5475,20.4821917808219,Prevalence,0.000180669729353621
NbyGQVwzFc_loc12_loop6,12,ITN 0%/IRS 0%/Larvicide 0%,0;0.4;0.4_0;0;0_0;0;0_-100;2;5475_-100;2;5475_-100;2;5475,20.4849315068493,Prevalence,0.000181396225790929
NbyGQVwzFc_loc12_loop6,12,ITN 0%/IRS 0%/Larvicide 0%,0;0.4;0.4_0;0;0_0;0;0_-100;2;5475_-100;2;5475_-100;2;5475,20.4876712328767,Prevalence,0.000182125775314071
NbyGQVwzFc_loc12_loop6,12,ITN 0%/IRS 0%/Larvicide 0%,0;0.4;0.4_0;0;0_0;0;0_-100;2;5475_-100;2;5475_-100;2;5475,20.4904109589041,Prevalence,0.000182858390744867
NbyGQVwzFc_loc12_loop6,12,ITN 0%/IRS 0%/Larvicide 0%,0;0.4;0.4_0;0;0_0;0;0_-100;2;5475_-100;2;5475_-100;2;5475,20.4931506849315,Prevalence,0.000183594084955864
NbyGQVwzFc_loc12_loop6,12,ITN 0%/IRS 0%/Larvicide 0%,0;0.4;0.4_0;0;0_0;0;0_-100;2;5475_-100;2;5475_-100;2;5475,20.4958904109589,Prevalence,0.000184332870870502
NbyGQVwzFc_loc12_loop6,12,ITN 0%/IRS 0%/Larvicide 0%,0;0.4;0.4_0;0;0_0;0;0_-100;2;5475_-100;2;5475_-100;2;5475,20.4986301369863,Prevalence,0.000185074761463286
NbyGQVwzFc_loc12_loop6,12,ITN 0%/IRS 0%/Larvicide 0%,0;0.4;0.4_0;0;0_0;0;0_-100;2;5475_-100;2;5475_-100;2;5475,20.5013698630137,Prevalence,0.000185819769759942
NbyGQVwzFc_loc12_loop6,12,ITN 0%/IRS 0%/Larvicide 0%,0;0.4;0.4_0;0;0_0;0;0_-100;2;5475_-100;2;5475_-100;2;5475,20.5041095890411,Prevalence,0.000186567908837591
NbyGQVwzFc_loc12_loop6,12,ITN 0%/IRS 0%/Larvicide 0%,0;0.4;0.4_0;0;0_0;0;0_-100;2;5475_-100;2;5475_-100;2;5475,20.5068493150685,Prevalence,0.000187319191824913
NbyGQVwzFc_loc12_loop6,12,ITN 0%/IRS 0%/Larvicide 0%,0;0.4;0.4_0;0;0_0;0;0_-100;2;5475_-100;2;5475_-100;2;5475,20.5095890410959,Prevalence,0.000188073631902313
NbyGQVwzFc_loc12_loop6,12,ITN 0%/IRS 0%/Larvicide 0%,0;0.4;0.4_0;0;0_0;0;0_-100;2;5475_-100;2;5475_-100;2;5475,20.5123287671233,Prevalence,0.000188831242302088
NbyGQVwzFc_loc12_loop6,12,ITN 0%/IRS 0%/Larvicide 0%,0;0.4;0.4_0;0;0_0;0;0_-100;2;5475_-100;2;5475_-100;2;5475,20.5150684931507,Prevalence,0.000189592036308597
NbyGQVwzFc_loc12_loop6,12,ITN 0%/IRS 0%/Larvicide 0%,0;0.4;0.4_0;0;0_0;0;0_-100;2;5475_-100;2;5475_-100;2;5475,20.5178082191781,Prevalence,0.000190356027258423
NbyGQVwzFc_loc12_loop6,12,ITN 0%/IRS 0%/Larvicide 0%,0;0.4;0.4_0;0;0_0;0;0_-100;2;5475_-100;2;5475_-100;2;5475,20.5205479452055,Prevalence,0.000191123228540545
NbyGQVwzFc_loc12_loop6,12,ITN 0%/IRS 0%/Larvicide 0%,0;0.4;0.4_0;0;0_0;0;0_-100;2;5475_-100;2;5475_-100;2;5475,20.5232876712329,Prevalence,0.000191893653596505
NbyGQVwzFc_loc12_loop6,12,ITN 0%/IRS 0%/Larvicide 0%,0;0.4;0.4_0;0;0_0;0;0_-100;2;5475_-100;2;5475_-100;2;5475,20.5260273972603,Prevalence,0.000192667315920574
NbyGQVwzFc_loc12_loop6,12,ITN 0%/IRS 0%/Larvicide 0%,0;0.4;0.4_0;0;0_0;0;0_-100;2;5475_-100;2;5475_-100;2;5475,20.5287671232877,Prevalence,0.00019344422905992
NbyGQVwzFc_loc12_loop6,12,ITN 0%/IRS 0%/Larvicide 0%,0;0.4;0.4_0;0;0_0;0;0_-100;2;5475_-100;2;5475_-100;2;5475,20.5315068493151,Prevalence,0.00019422440661478
NbyGQVwzFc_loc12_loop6,12,ITN 0%/IRS 0%/Larvicide 0%,0;0.4;0.4_0;0;0_0;0;0_-100;2;5475_-100;2;5475_-100;2;5475,20.5342465753425,Prevalence,0.000195007862238623
NbyGQVwzFc_loc12_loop6,12,ITN 0%/IRS 0%/Larvicide 0%,0;0.4;0.4_0;0;0_0;0;0_-100;2;5475_-100;2;5475_-100;2;5475,20.5369863013699,Prevalence,0.000195794609638322
NbyGQVwzFc_loc12_loop6,12,ITN 0%/IRS 0%/Larvicide 0%,0;0.4;0.4_0;0;0_0;0;0_-100;2;5475_-100;2;5475_-100;2;5475,20.5397260273973,Prevalence,0.000196584662574325
NbyGQVwzFc_loc12_loop6,12,ITN 0%/IRS 0%/Larvicide 0%,0;0.4;0.4_0;0;0_0;0;0_-100;2;5475_-100;2;5475_-100;2;5475,20.5424657534247,Prevalence,0.000197378034860818
NbyGQVwzFc_loc12_loop6,12,ITN 0%/IRS 0%/Larvicide 0%,0;0.4;0.4_0;0;0_0;0;0_-100;2;5475_-100;2;5475_-100;2;5475,20.5452054794521,Prevalence,0.0001981747403659
NbyGQVwzFc_loc12_loop6,12,ITN 0%/IRS 0%/Larvicide 0%,0;0.4;0.4_0;0;0_0;0;0_-100;2;5475_-100;2;5475_-100;2;5475,20.5479452054795,Prevalence,0.000198974793011745
NbyGQVwzFc_loc12_loop6,12,ITN 0%/IRS 0%/Larvicide 0%,0;0.4;0.4_0;0;0_0;0;0_-100;2;5475_-100;2;5475_-100;2;5475,20.5506849315069,Prevalence,0.000199778206774773
NbyGQVwzFc_loc12_loop6,12,ITN 0%/IRS 0%/Larvicide 0%,0;0.4;0.4_0;0;0_0;0;0_-100;2;5475_-100;2;5475_-100;2;5475,20.5534246575342,Prevalence,0.000200584995685827
NbyGQVwzFc_loc12_loop6,12,ITN 0%/IRS 0%/Larvicide 0%,0;0.4;0.4_0;0;0_0;0;0_-100;2;5475_-100;2;5475_-100;2;5475,20.5561643835616,Prevalence,0.000201395173830333
NbyGQVwzFc_loc12_loop6,12,ITN 0%/IRS 0%/Larvicide 0%,0;0.4;0.4_0;0;0_0;0;0_-100;2;5475_-100;2;5475_-100;2;5475,20.558904109589,Prevalence,0.000202208755348478
NbyGQVwzFc_loc12_loop6,12,ITN 0%/IRS 0%/Larvicide 0%,0;0.4;0.4_0;0;0_0;0;0_-100;2;5475_-100;2;5475_-100;2;5475,20.5616438356164,Prevalence,0.000203025754435377
NbyGQVwzFc_loc12_loop6,12,ITN 0%/IRS 0%/Larvicide 0%,0;0.4;0.4_0;0;0_0;0;0_-100;2;5475_-100;2;5475_-100;2;5475,20.5643835616438,Prevalence,0.000203846185341242
NbyGQVwzFc_loc12_loop6,12,ITN 0%/IRS 0%/Larvicide 0%,0;0.4;0.4_0;0;0_0;0;0_-100;2;5475_-100;2;5475_-100;2;5475,20.5671232876712,Prevalence,0.000204670062371556
NbyGQVwzFc_loc12_loop6,12,ITN 0%/IRS 0%/Larvicide 0%,0;0.4;0.4_0;0;0_0;0;0_-100;2;5475_-100;2;5475_-100;2;5475,20.5698630136986,Prevalence,0.000205497399887237
NbyGQVwzFc_loc12_loop6,12,ITN 0%/IRS 0%/Larvicide 0%,0;0.4;0.4_0;0;0_0;0;0_-100;2;5475_-100;2;5475_-100;2;5475,20.572602739726,Prevalence,0.000206328212304814
NbyGQVwzFc_loc12_loop6,12,ITN 0%/IRS 0%/Larvicide 0%,0;0.4;0.4_0;0;0_0;0;0_-100;2;5475_-100;2;5475_-100;2;5475,20.5753424657534,Prevalence,0.000207162514096599
NbyGQVwzFc_loc12_loop6,12,ITN 0%/IRS 0%/Larvicide 0%,0;0.4;0.4_0;0;0_0;0;0_-100;2;5475_-100;2;5475_-100;2;5475,20.5780821917808,Prevalence,0.000208000319790852
NbyGQVwzFc_loc12_loop6,12,ITN 0%/IRS 0%/Larvicide 0%,0;0.4;0.4_0;0;0_0;0;0_-100;2;5475_-100;2;5475_-100;2;5475,20.5808219178082,Prevalence,0.000208841643971954
NbyGQVwzFc_loc12_loop6,12,ITN 0%/IRS 0%/Larvicide 0%,0;0.4;0.4_0;0;0_0;0;0_-100;2;5475_-100;2;5475_-100;2;5475,20.5835616438356,Prevalence,0.000209686501280581
NbyGQVwzFc_loc12_loop6,12,ITN 0%/IRS 0%/Larvicide 0%,0;0.4;0.4_0;0;0_0;0;0_-100;2;5475_-100;2;5475_-100;2;5475,20.586301369863,Prevalence,0.000210534906413873
NbyGQVwzFc_loc12_loop6,12,ITN 0%/IRS 0%/Larvicide 0%,0;0.4;0.4_0;0;0_0;0;0_-100;2;5475_-100;2;5475_-100;2;5475,20.5890410958904,Prevalence,0.000211386874125603
NbyGQVwzFc_loc12_loop6,12,ITN 0%/IRS 0%/Larvicide 0%,0;0.4;0.4_0;0;0_0;0;0_-100;2;5475_-100;2;5475_-100;2;5475,20.5917808219178,Prevalence,0.000212242419226352
NbyGQVwzFc_loc12_loop6,12,ITN 0%/IRS 0%/Larvicide 0%,0;0.4;0.4_0;0;0_0;0;0_-100;2;5475_-100;2;5475_-100;2;5475,20.5945205479452,Prevalence,0.00021310155658368
NbyGQVwzFc_loc12_loop6,12,ITN 0%/IRS 0%/Larvicide 0%,0;0.4;0.4_0;0;0_0;0;0_-100;2;5475_-100;2;5475_-100;2;5475,20.5972602739726,Prevalence,0.000213964301122295
NbyGQVwzFc_loc12_loop6,12,ITN 0%/IRS 0%/Larvicide 0%,0;0.4;0.4_0;0;0_0;0;0_-100;2;5475_-100;2;5475_-100;2;5475,20.6,Prevalence,0.000214830667824227
NbyGQVwzFc_loc12_loop6,12,ITN 0%/IRS 0%/Larvicide 0%,0;0.4;0.4_0;0;0_0;0;0_-100;2;5475_-100;2;5475_-100;2;5475,20.6027397260274,Prevalence,0.000215700671728998
NbyGQVwzFc_loc12_loop6,12,ITN 0%/IRS 0%/Larvicide 0%,0;0.4;0.4_0;0;0_0;0;0_-100;2;5475_-100;2;5475_-100;2;5475,20.6054794520548,Prevalence,0.000216574327933794
NbyGQVwzFc_loc12_loop6,12,ITN 0%/IRS 0%/Larvicide 0%,0;0.4;0.4_0;0;0_0;0;0_-100;2;5475_-100;2;5475_-100;2;5475,20.6082191780822,Prevalence,0.000217451651593639
NbyGQVwzFc_loc12_loop6,12,ITN 0%/IRS 0%/Larvicide 0%,0;0.4;0.4_0;0;0_0;0;0_-100;2;5475_-100;2;5475_-100;2;5475,20.6109589041096,Prevalence,0.000218332657921564
NbyGQVwzFc_loc12_loop6,12,ITN 0%/IRS 0%/Larvicide 0%,0;0.4;0.4_0;0;0_0;0;0_-100;2;5475_-100;2;5475_-100;2;5475,20.613698630137,Prevalence,0.000219217362188781
NbyGQVwzFc_loc12_loop6,12,ITN 0%/IRS 0%/Larvicide 0%,0;0.4;0.4_0;0;0_0;0;0_-100;2;5475_-100;2;5475_-100;2;5475,20.6164383561644,Prevalence,0.000220105779724853
NbyGQVwzFc_loc12_loop6,12,ITN 0%/IRS 0%/Larvicide 0%,0;0.4;0.4_0;0;0_0;0;0_-100;2;5475_-100;2;5475_-100;2;5475,20.6191780821918,Prevalence,0.000220997925917869
NbyGQVwzFc_loc12_loop6,12,ITN 0%/IRS 0%/Larvicide 0%,0;0.4;0.4_0;0;0_0;0;0_-100;2;5475_-100;2;5475_-100;2;5475,20.6219178082192,Prevalence,0.000221893816214614
NbyGQVwzFc_loc12_loop6,12,ITN 0%/IRS 0%/Larvicide 0%,0;0.4;0.4_0;0;0_0;0;0_-100;2;5475_-100;2;5475_-100;2;5475,20.6246575342466,Prevalence,0.00022279346612074
NbyGQVwzFc_loc12_loop6,12,ITN 0%/IRS 0%/Larvicide 0%,0;0.4;0.4_0;0;0_0;0;0_-100;2;5475_-100;2;5475_-100;2;5475,20.627397260274,Prevalence,0.000223696891200941
NbyGQVwzFc_loc12_loop6,12,ITN 0%/IRS 0%/Larvicide 0%,0;0.4;0.4_0;0;0_0;0;0_-100;2;5475_-100;2;5475_-100;2;5475,20.6301369863014,Prevalence,0.000224604107079125
NbyGQVwzFc_loc12_loop6,12,ITN 0%/IRS 0%/Larvicide 0%,0;0.4;0.4_0;0;0_0;0;0_-100;2;5475_-100;2;5475_-100;2;5475,20.6328767123288,Prevalence,0.000225515129438582
NbyGQVwzFc_loc12_loop6,12,ITN 0%/IRS 0%/Larvicide 0%,0;0.4;0.4_0;0;0_0;0;0_-100;2;5475_-100;2;5475_-100;2;5475,20.6356164383562,Prevalence,0.000226429974022165
NbyGQVwzFc_loc12_loop6,12,ITN 0%/IRS 0%/Larvicide 0%,0;0.4;0.4_0;0;0_0;0;0_-100;2;5475_-100;2;5475_-100;2;5475,20.6383561643836,Prevalence,0.000227348656632452
NbyGQVwzFc_loc12_loop6,12,ITN 0%/IRS 0%/Larvicide 0%,0;0.4;0.4_0;0;0_0;0;0_-100;2;5475_-100;2;5475_-100;2;5475,20.641095890411,Prevalence,0.000228271193131924
NbyGQVwzFc_loc12_loop6,12,ITN 0%/IRS 0%/Larvicide 0%,0;0.4;0.4_0;0;0_0;0;0_-100;2;5475_-100;2;5475_-100;2;5475,20.6438356164384,Prevalence,0.00022919759944314
NbyGQVwzFc_loc12_loop6,12,ITN 0%/IRS 0%/Larvicide 0%,0;0.4;0.4_0;0;0_0;0;0_-100;2;5475_-100;2;5475_-100;2;5475,20.6465753424658,Prevalence,0.000230127891548902
NbyGQVwzFc_loc12_loop6,12,ITN 0%/IRS 0%/Larvicide 0%,0;0.4;0.4_0;0;0_0;0;0_-100;2;5475_-100;2;5475_-100;2;5475,20.6493150684932,Prevalence,0.000231062085492432
NbyGQVwzFc_loc12_loop6,12,ITN 0%/IRS 0%/Larvicide 0%,0;0.4;0.4_0;0;0_0;0;0_-100;2;5475_-100;2;5475_-100;2;5475,20.6520547945206,Prevalence,0.000232000197377547
NbyGQVwzFc_loc12_loop6,12,ITN 0%/IRS 0%/Larvicide 0%,0;0.4;0.4_0;0;0_0;0;0_-100;2;5475_-100;2;5475_-100;2;5475,20.6547945205479,Prevalence,0.000232942243368824
NbyGQVwzFc_loc12_loop6,12,ITN 0%/IRS 0%/Larvicide 0%,0;0.4;0.4_0;0;0_0;0;0_-100;2;5475_-100;2;5475_-100;2;5475,20.6575342465753,Prevalence,0.000233888239691777
NbyGQVwzFc_loc12_loop6,12,ITN 0%/IRS 0%/Larvicide 0%,0;0.4;0.4_0;0;0_0;0;0_-100;2;5475_-100;2;5475_-100;2;5475,20.6602739726027,Prevalence,0.000234838202633031
NbyGQVwzFc_loc12_loop6,12,ITN 0%/IRS 0%/Larvicide 0%,0;0.4;0.4_0;0;0_0;0;0_-100;2;5475_-100;2;5475_-100;2;5475,20.6630136986301,Prevalence,0.000235792148540488
NbyGQVwzFc_loc12_loop6,12,ITN 0%/IRS 0%/Larvicide 0%,0;0.4;0.4_0;0;0_0;0;0_-100;2;5475_-100;2;5475_-100;2;5475,20.6657534246575,Prevalence,0.000236750093823505
NbyGQVwzFc_loc12_loop6,12,ITN 0%/IRS 0%/Larvicide 0%,0;0.4;0.4_0;0;0_0;0;0_-100;2;5475_-100;2;5475_-100;2;5475,20.6684931506849,Prevalence,0.000237712054953064
NbyGQVwzFc_loc12_loop6,12,ITN 0%/IRS 0%/Larvicide 0%,0;0.4;0.4_0;0;0_0;0;0_-100;2;5475_-100;2;5475_-100;2;5475,20.6712328767123,Prevalence,0.000238678048461942
NbyGQVwzFc_loc12_loop6,12,ITN 0%/IRS 0%/Larvicide 0%,0;0.4;0.4_0;0;0_0;0;0_-100;2;5475_-100;2;5475_-100;2;5475,20.6739726027397,Prevalence,0.000239648090944882
NbyGQVwzFc_loc12_loop6,12,ITN 0%/IRS 0%/Larvicide 0%,0;0.4;0.4_0;0;0_0;0;0_-100;2;5475_-100;2;5475_-100;2;5475,20.6767123287671,Prevalence,0.000240622199058772
NbyGQVwzFc_loc12_loop6,12,ITN 0%/IRS 0%/Larvicide 0%,0;0.4;0.4_0;0;0_0;0;0_-100;2;5475_-100;2;5475_-100;2;5475,20.6794520547945,Prevalence,0.00024160038952281
NbyGQVwzFc_loc12_loop6,12,ITN 0%/IRS 0%/Larvicide 0%,0;0.4;0.4_0;0;0_0;0;0_-100;2;5475_-100;2;5475_-100;2;5475,20.6821917808219,Prevalence,0.000242582679118683
NbyGQVwzFc_loc12_loop6,12,ITN 0%/IRS 0%/Larvicide 0%,0;0.4;0.4_0;0;0_0;0;0_-100;2;5475_-100;2;5475_-100;2;5475,20.6849315068493,Prevalence,0.000243569084690731
NbyGQVwzFc_loc12_loop6,12,ITN 0%/IRS 0%/Larvicide 0%,0;0.4;0.4_0;0;0_0;0;0_-100;2;5475_-100;2;5475_-100;2;5475,20.6876712328767,Prevalence,0.000244559623146129
NbyGQVwzFc_loc12_loop6,12,ITN 0%/IRS 0%/Larvicide 0%,0;0.4;0.4_0;0;0_0;0;0_-100;2;5475_-100;2;5475_-100;2;5475,20.6904109589041,Prevalence,0.000245554311455045
NbyGQVwzFc_loc12_loop6,12,ITN 0%/IRS 0%/Larvicide 0%,0;0.4;0.4_0;0;0_0;0;0_-100;2;5475_-100;2;5475_-100;2;5475,20.6931506849315,Prevalence,0.000246553166650825
NbyGQVwzFc_loc12_loop6,12,ITN 0%/IRS 0%/Larvicide 0%,0;0.4;0.4_0;0;0_0;0;0_-100;2;5475_-100;2;5475_-100;2;5475,20.6958904109589,Prevalence,0.000247556205830156
NbyGQVwzFc_loc12_loop6,12,ITN 0%/IRS 0%/Larvicide 0%,0;0.4;0.4_0;0;0_0;0;0_-100;2;5475_-100;2;5475_-100;2;5475,20.6986301369863,Prevalence,0.000248563446153239
NbyGQVwzFc_loc12_loop6,12,ITN 0%/IRS 0%/Larvicide 0%,0;0.4;0.4_0;0;0_0;0;0_-100;2;5475_-100;2;5475_-100;2;5475,20.7013698630137,Prevalence,0.000249574904843963
NbyGQVwzFc_loc12_loop6,12,ITN 0%/IRS 0%/Larvicide 0%,0;0.4;0.4_0;0;0_0;0;0_-100;2;5475_-100;2;5475_-100;2;5475,20.7041095890411,Prevalence,0.000250590599190075
NbyGQVwzFc_loc12_loop6,12,ITN 0%/IRS 0%/Larvicide 0%,0;0.4;0.4_0;0;0_0;0;0_-100;2;5475_-100;2;5475_-100;2;5475,20.7068493150685,Prevalence,0.000251610546543347
NbyGQVwzFc_loc12_loop6,12,ITN 0%/IRS 0%/Larvicide 0%,0;0.4;0.4_0;0;0_0;0;0_-100;2;5475_-100;2;5475_-100;2;5475,20.7095890410959,Prevalence,0.000252634764319753
NbyGQVwzFc_loc12_loop6,12,ITN 0%/IRS 0%/Larvicide 0%,0;0.4;0.4_0;0;0_0;0;0_-100;2;5475_-100;2;5475_-100;2;5475,20.7123287671233,Prevalence,0.000253663269999637
NbyGQVwzFc_loc12_loop6,12,ITN 0%/IRS 0%/Larvicide 0%,0;0.4;0.4_0;0;0_0;0;0_-100;2;5475_-100;2;5475_-100;2;5475,20.7150684931507,Prevalence,0.000254696081127881
NbyGQVwzFc_loc12_loop6,12,ITN 0%/IRS 0%/Larvicide 0%,0;0.4;0.4_0;0;0_0;0;0_-100;2;5475_-100;2;5475_-100;2;5475,20.7178082191781,Prevalence,0.000255733215314082
NbyGQVwzFc_loc12_loop6,12,ITN 0%/IRS 0%/Larvicide 0%,0;0.4;0.4_0;0;0_0;0;0_-100;2;5475_-100;2;5475_-100;2;5475,20.7205479452055,Prevalence,0.000256774690232714
NbyGQVwzFc_loc12_loop6,12,ITN 0%/IRS 0%/Larvicide 0%,0;0.4;0.4_0;0;0_0;0;0_-100;2;5475_-100;2;5475_-100;2;5475,20.7232876712329,Prevalence,0.000257820523623307
NbyGQVwzFc_loc12_loop6,12,ITN 0%/IRS 0%/Larvicide 0%,0;0.4;0.4_0;0;0_0;0;0_-100;2;5475_-100;2;5475_-100;2;5475,20.7260273972603,Prevalence,0.000258870733290609
NbyGQVwzFc_loc12_loop6,12,ITN 0%/IRS 0%/Larvicide 0%,0;0.4;0.4_0;0;0_0;0;0_-100;2;5475_-100;2;5475_-100;2;5475,20.7287671232877,Prevalence,0.00025992533710476
NbyGQVwzFc_loc12_loop6,12,ITN 0%/IRS 0%/Larvicide 0%,0;0.4;0.4_0;0;0_0;0;0_-100;2;5475_-100;2;5475_-100;2;5475,20.7315068493151,Prevalence,0.000260984353001461
NbyGQVwzFc_loc12_loop6,12,ITN 0%/IRS 0%/Larvicide 0%,0;0.4;0.4_0;0;0_0;0;0_-100;2;5475_-100;2;5475_-100;2;5475,20.7342465753425,Prevalence,0.000262047798982145
NbyGQVwzFc_loc12_loop6,12,ITN 0%/IRS 0%/Larvicide 0%,0;0.4;0.4_0;0;0_0;0;0_-100;2;5475_-100;2;5475_-100;2;5475,20.7369863013699,Prevalence,0.000263115693114143
NbyGQVwzFc_loc12_loop6,12,ITN 0%/IRS 0%/Larvicide 0%,0;0.4;0.4_0;0;0_0;0;0_-100;2;5475_-100;2;5475_-100;2;5475,20.7397260273973,Prevalence,0.000264188053530853
NbyGQVwzFc_loc12_loop6,12,ITN 0%/IRS 0%/Larvicide 0%,0;0.4;0.4_0;0;0_0;0;0_-100;2;5475_-100;2;5475_-100;2;5475,20.7424657534247,Prevalence,0.000265264898431913
NbyGQVwzFc_loc12_loop6,12,ITN 0%/IRS 0%/Larvicide 0%,0;0.4;0.4_0;0;0_0;0;0_-100;2;5475_-100;2;5475_-100;2;5475,20.7452054794521,Prevalence,0.000266346246083366
NbyGQVwzFc_loc12_loop6,12,ITN 0%/IRS 0%/Larvicide 0%,0;0.4;0.4_0;0;0_0;0;0_-100;2;5475_-100;2;5475_-100;2;5475,20.7479452054795,Prevalence,0.000267432114817828
NbyGQVwzFc_loc12_loop6,12,ITN 0%/IRS 0%/Larvicide 0%,0;0.4;0.4_0;0;0_0;0;0_-100;2;5475_-100;2;5475_-100;2;5475,20.7506849315069,Prevalence,0.00026852252303466
NbyGQVwzFc_loc12_loop6,12,ITN 0%/IRS 0%/Larvicide 0%,0;0.4;0.4_0;0;0_0;0;0_-100;2;5475_-100;2;5475_-100;2;5475,20.7534246575342,Prevalence,0.000269617489200133
NbyGQVwzFc_loc12_loop6,12,ITN 0%/IRS 0%/Larvicide 0%,0;0.4;0.4_0;0;0_0;0;0_-100;2;5475_-100;2;5475_-100;2;5475,20.7561643835616,Prevalence,0.000270717031847594
NbyGQVwzFc_loc12_loop6,12,ITN 0%/IRS 0%/Larvicide 0%,0;0.4;0.4_0;0;0_0;0;0_-100;2;5475_-100;2;5475_-100;2;5475,20.758904109589,Prevalence,0.000271821169577634
NbyGQVwzFc_loc12_loop6,12,ITN 0%/IRS 0%/Larvicide 0%,0;0.4;0.4_0;0;0_0;0;0_-100;2;5475_-100;2;5475_-100;2;5475,20.7616438356164,Prevalence,0.000272929921058263
NbyGQVwzFc_loc12_loop6,12,ITN 0%/IRS 0%/Larvicide 0%,0;0.4;0.4_0;0;0_0;0;0_-100;2;5475_-100;2;5475_-100;2;5475,20.7643835616438,Prevalence,0.000274043305025063
NbyGQVwzFc_loc12_loop6,12,ITN 0%/IRS 0%/Larvicide 0%,0;0.4;0.4_0;0;0_0;0;0_-100;2;5475_-100;2;5475_-100;2;5475,20.7671232876712,Prevalence,0.000275161340281366
NbyGQVwzFc_loc12_loop6,12,ITN 0%/IRS 0%/Larvicide 0%,0;0.4;0.4_0;0;0_0;0;0_-100;2;5475_-100;2;5475_-100;2;5475,20.7698630136986,Prevalence,0.000276284045698416
NbyGQVwzFc_loc12_loop6,12,ITN 0%/IRS 0%/Larvicide 0%,0;0.4;0.4_0;0;0_0;0;0_-100;2;5475_-100;2;5475_-100;2;5475,20.772602739726,Prevalence,0.000277411440215535
NbyGQVwzFc_loc12_loop6,12,ITN 0%/IRS 0%/Larvicide 0%,0;0.4;0.4_0;0;0_0;0;0_-100;2;5475_-100;2;5475_-100;2;5475,20.7753424657534,Prevalence,0.000278543542840287
NbyGQVwzFc_loc12_loop6,12,ITN 0%/IRS 0%/Larvicide 0%,0;0.4;0.4_0;0;0_0;0;0_-100;2;5475_-100;2;5475_-100;2;5475,20.7780821917808,Prevalence,0.000279680372648649
NbyGQVwzFc_loc12_loop6,12,ITN 0%/IRS 0%/Larvicide 0%,0;0.4;0.4_0;0;0_0;0;0_-100;2;5475_-100;2;5475_-100;2;5475,20.7808219178082,Prevalence,0.000280821948785168
NbyGQVwzFc_loc12_loop6,12,ITN 0%/IRS 0%/Larvicide 0%,0;0.4;0.4_0;0;0_0;0;0_-100;2;5475_-100;2;5475_-100;2;5475,20.7835616438356,Prevalence,0.000281968290463134
NbyGQVwzFc_loc12_loop6,12,ITN 0%/IRS 0%/Larvicide 0%,0;0.4;0.4_0;0;0_0;0;0_-100;2;5475_-100;2;5475_-100;2;5475,20.786301369863,Prevalence,0.000283119416964739
NbyGQVwzFc_loc12_loop6,12,ITN 0%/IRS 0%/Larvicide 0%,0;0.4;0.4_0;0;0_0;0;0_-100;2;5475_-100;2;5475_-100;2;5475,20.7890410958904,Prevalence,0.000284275347641242
NbyGQVwzFc_loc12_loop6,12,ITN 0%/IRS 0%/Larvicide 0%,0;0.4;0.4_0;0;0_0;0;0_-100;2;5475_-100;2;5475_-100;2;5475,20.7917808219178,Prevalence,0.000285436101913134
NbyGQVwzFc_loc12_loop6,12,ITN 0%/IRS 0%/Larvicide 0%,0;0.4;0.4_0;0;0_0;0;0_-100;2;5475_-100;2;5475_-100;2;5475,20.7945205479452,Prevalence,0.000286601699270302
NbyGQVwzFc_loc12_loop6,12,ITN 0%/IRS 0%/Larvicide 0%,0;0.4;0.4_0;0;0_0;0;0_-100;2;5475_-100;2;5475_-100;2;5475,20.7972602739726,Prevalence,0.000287772159272188
NbyGQVwzFc_loc12_loop6,12,ITN 0%/IRS 0%/Larvicide 0%,0;0.4;0.4_0;0;0_0;0;0_-100;2;5475_-100;2;5475_-100;2;5475,20.8,Prevalence,0.000288947501547952
NbyGQVwzFc_loc12_loop6,12,ITN 0%/IRS 0%/Larvicide 0%,0;0.4;0.4_0;0;0_0;0;0_-100;2;5475_-100;2;5475_-100;2;5475,20.8027397260274,Prevalence,0.00029012774579664
NbyGQVwzFc_loc12_loop6,12,ITN 0%/IRS 0%/Larvicide 0%,0;0.4;0.4_0;0;0_0;0;0_-100;2;5475_-100;2;5475_-100;2;5475,20.8054794520548,Prevalence,0.000291312911787336
NbyGQVwzFc_loc12_loop6,12,ITN 0%/IRS 0%/Larvicide 0%,0;0.4;0.4_0;0;0_0;0;0_-100;2;5475_-100;2;5475_-100;2;5475,20.8082191780822,Prevalence,0.000292503019359336
NbyGQVwzFc_loc12_loop6,12,ITN 0%/IRS 0%/Larvicide 0%,0;0.4;0.4_0;0;0_0;0;0_-100;2;5475_-100;2;5475_-100;2;5475,20.8109589041096,Prevalence,0.000293698088422298
NbyGQVwzFc_loc12_loop6,12,ITN 0%/IRS 0%/Larvicide 0%,0;0.4;0.4_0;0;0_0;0;0_-100;2;5475_-100;2;5475_-100;2;5475,20.813698630137,Prevalence,0.000294898138956411
NbyGQVwzFc_loc12_loop6,12,ITN 0%/IRS 0%/Larvicide 0%,0;0.4;0.4_0;0;0_0;0;0_-100;2;5475_-100;2;5475_-100;2;5475,20.8164383561644,Prevalence,0.000296103191012549
NbyGQVwzFc_loc12_loop6,12,ITN 0%/IRS 0%/Larvicide 0%,0;0.4;0.4_0;0;0_0;0;0_-100;2;5475_-100;2;5475_-100;2;5475,20.8191780821918,Prevalence,0.000297313264712436
NbyGQVwzFc_loc12_loop6,12,ITN 0%/IRS 0%/Larvicide 0%,0;0.4;0.4_0;0;0_0;0;0_-100;2;5475_-100;2;5475_-100;2;5475,20.8219178082192,Prevalence,0.000298528380248802
NbyGQVwzFc_loc12_loop6,12,ITN 0%/IRS 0%/Larvicide 0%,0;0.4;0.4_0;0;0_0;0;0_-100;2;5475_-100;2;5475_-100;2;5475,20.8246575342466,Prevalence,0.00029974855788554
NbyGQVwzFc_loc12_loop6,12,ITN 0%/IRS 0%/Larvicide 0%,0;0.4;0.4_0;0;0_0;0;0_-100;2;5475_-100;2;5475_-100;2;5475,20.827397260274,Prevalence,0.00030097381795787
NbyGQVwzFc_loc12_loop6,12,ITN 0%/IRS 0%/Larvicide 0%,0;0.4;0.4_0;0;0_0;0;0_-100;2;5475_-100;2;5475_-100;2;5475,20.8301369863014,Prevalence,0.000302204180872494
NbyGQVwzFc_loc12_loop6,12,ITN 0%/IRS 0%/Larvicide 0%,0;0.4;0.4_0;0;0_0;0;0_-100;2;5475_-100;2;5475_-100;2;5475,20.8328767123288,Prevalence,0.000303439667107753
NbyGQVwzFc_loc12_loop6,12,ITN 0%/IRS 0%/Larvicide 0%,0;0.4;0.4_0;0;0_0;0;0_-100;2;5475_-100;2;5475_-100;2;5475,20.8356164383562,Prevalence,0.000304680297213782
NbyGQVwzFc_loc12_loop6,12,ITN 0%/IRS 0%/Larvicide 0%,0;0.4;0.4_0;0;0_0;0;0_-100;2;5475_-100;2;5475_-100;2;5475,20.8383561643836,Prevalence,0.000305926091812674
NbyGQVwzFc_loc12_loop6,12,ITN 0%/IRS 0%/Larvicide 0%,0;0.4;0.4_0;0;0_0;0;0_-100;2;5475_-100;2;5475_-100;2;5475,20.841095890411,Prevalence,0.000307177071598626
NbyGQVwzFc_loc12_loop6,12,ITN 0%/IRS 0%/Larvicide 0%,0;0.4;0.4_0;0;0_0;0;0_-100;2;5475_-100;2;5475_-100;2;5475,20.8438356164384,Prevalence,0.000308433257338101
NbyGQVwzFc_loc12_loop6,12,ITN 0%/IRS 0%/Larvicide 0%,0;0.4;0.4_0;0;0_0;0;0_-100;2;5475_-100;2;5475_-100;2;5475,20.8465753424658,Prevalence,0.00030969466986998
NbyGQVwzFc_loc12_loop6,12,ITN 0%/IRS 0%/Larvicide 0%,0;0.4;0.4_0;0;0_0;0;0_-100;2;5475_-100;2;5475_-100;2;5475,20.8493150684932,Prevalence,0.00031096133010572
NbyGQVwzFc_loc12_loop6,12,ITN 0%/IRS 0%/Larvicide 0%,0;0.4;0.4_0;0;0_0;0;0_-100;2;5475_-100;2;5475_-100;2;5475,20.8520547945205,Prevalence,0.000312233259029502
NbyGQVwzFc_loc12_loop6,12,ITN 0%/IRS 0%/Larvicide 0%,0;0.4;0.4_0;0;0_0;0;0_-100;2;5475_-100;2;5475_-100;2;5475,20.8547945205479,Prevalence,0.000313510477698391
NbyGQVwzFc_loc12_loop6,12,ITN 0%/IRS 0%/Larvicide 0%,0;0.4;0.4_0;0;0_0;0;0_-100;2;5475_-100;2;5475_-100;2;5475,20.8575342465753,Prevalence,0.00031479300724248
NbyGQVwzFc_loc12_loop6,12,ITN 0%/IRS 0%/Larvicide 0%,0;0.4;0.4_0;0;0_0;0;0_-100;2;5475_-100;2;5475_-100;2;5475,20.8602739726027,Prevalence,0.000316080868865054
NbyGQVwzFc_loc12_loop6,12,ITN 0%/IRS 0%/Larvicide 0%,0;0.4;0.4_0;0;0_0;0;0_-100;2;5475_-100;2;5475_-100;2;5475,20.8630136986301,Prevalence,0.000317374083842728
NbyGQVwzFc_loc12_loop6,12,ITN 0%/IRS 0%/Larvicide 0%,0;0.4;0.4_0;0;0_0;0;0_-100;2;5475_-100;2;5475_-100;2;5475,20.8657534246575,Prevalence,0.00031867267352561
NbyGQVwzFc_loc12_loop6,12,ITN 0%/IRS 0%/Larvicide 0%,0;0.4;0.4_0;0;0_0;0;0_-100;2;5475_-100;2;5475_-100;2;5475,20.8684931506849,Prevalence,0.000319976659337446
NbyGQVwzFc_loc12_loop6,12,ITN 0%/IRS 0%/Larvicide 0%,0;0.4;0.4_0;0;0_0;0;0_-100;2;5475_-100;2;5475_-100;2;5475,20.8712328767123,Prevalence,0.000321286062775764
NbyGQVwzFc_loc12_loop6,12,ITN 0%/IRS 0%/Larvicide 0%,0;0.4;0.4_0;0;0_0;0;0_-100;2;5475_-100;2;5475_-100;2;5475,20.8739726027397,Prevalence,0.000322600905412034
NbyGQVwzFc_loc12_loop6,12,ITN 0%/IRS 0%/Larvicide 0%,0;0.4;0.4_0;0;0_0;0;0_-100;2;5475_-100;2;5475_-100;2;5475,20.8767123287671,Prevalence,0.000323921208891813
NbyGQVwzFc_loc12_loop6,12,ITN 0%/IRS 0%/Larvicide 0%,0;0.4;0.4_0;0;0_0;0;0_-100;2;5475_-100;2;5475_-100;2;5475,20.8794520547945,Prevalence,0.000325246994934883
NbyGQVwzFc_loc12_loop6,12,ITN 0%/IRS 0%/Larvicide 0%,0;0.4;0.4_0;0;0_0;0;0_-100;2;5475_-100;2;5475_-100;2;5475,20.8821917808219,Prevalence,0.000326578285335415
NbyGQVwzFc_loc12_loop6,12,ITN 0%/IRS 0%/Larvicide 0%,0;0.4;0.4_0;0;0_0;0;0_-100;2;5475_-100;2;5475_-100;2;5475,20.8849315068493,Prevalence,0.0003279151019621
NbyGQVwzFc_loc12_loop6,12,ITN 0%/IRS 0%/Larvicide 0%,0;0.4;0.4_0;0;0_0;0;0_-100;2;5475_-100;2;5475_-100;2;5475,20.8876712328767,Prevalence,0.000329257466758305
NbyGQVwzFc_loc12_loop6,12,ITN 0%/IRS 0%/Larvicide 0%,0;0.4;0.4_0;0;0_0;0;0_-100;2;5475_-100;2;5475_-100;2;5475,20.8904109589041,Prevalence,0.000330605401742215
NbyGQVwzFc_loc12_loop6,12,ITN 0%/IRS 0%/Larvicide 0%,0;0.4;0.4_0;0;0_0;0;0_-100;2;5475_-100;2;5475_-100;2;5475,20.8931506849315,Prevalence,0.000331958929006972
NbyGQVwzFc_loc12_loop6,12,ITN 0%/IRS 0%/Larvicide 0%,0;0.4;0.4_0;0;0_0;0;0_-100;2;5475_-100;2;5475_-100;2;5475,20.8958904109589,Prevalence,0.000333318070720829
NbyGQVwzFc_loc12_loop6,12,ITN 0%/IRS 0%/Larvicide 0%,0;0.4;0.4_0;0;0_0;0;0_-100;2;5475_-100;2;5475_-100;2;5475,20.8986301369863,Prevalence,0.000334682849127283
NbyGQVwzFc_loc12_loop6,12,ITN 0%/IRS 0%/Larvicide 0%,0;0.4;0.4_0;0;0_0;0;0_-100;2;5475_-100;2;5475_-100;2;5475,20.9013698630137,Prevalence,0.000336053286545225
NbyGQVwzFc_loc12_loop6,12,ITN 0%/IRS 0%/Larvicide 0%,0;0.4;0.4_0;0;0_0;0;0_-100;2;5475_-100;2;5475_-100;2;5475,20.9041095890411,Prevalence,0.000337429405369077
NbyGQVwzFc_loc12_loop6,12,ITN 0%/IRS 0%/Larvicide 0%,0;0.4;0.4_0;0;0_0;0;0_-100;2;5475_-100;2;5475_-100;2;5475,20.9068493150685,Prevalence,0.000338811228068931
NbyGQVwzFc_loc12_loop6,12,ITN 0%/IRS 0%/Larvicide 0%,0;0.4;0.4_0;0;0_0;0;0_-100;2;5475_-100;2;5475_-100;2;5475,20.9095890410959,Prevalence,0.000340198777190697
NbyGQVwzFc_loc12_loop6,12,ITN 0%/IRS 0%/Larvicide 0%,0;0.4;0.4_0;0;0_0;0;0_-100;2;5475_-100;2;5475_-100;2;5475,20.9123287671233,Prevalence,0.000341592075356234
NbyGQVwzFc_loc12_loop6,12,ITN 0%/IRS 0%/Larvicide 0%,0;0.4;0.4_0;0;0_0;0;0_-100;2;5475_-100;2;5475_-100;2;5475,20.9150684931507,Prevalence,0.000342991145263488
NbyGQVwzFc_loc12_loop6,12,ITN 0%/IRS 0%/Larvicide 0%,0;0.4;0.4_0;0;0_0;0;0_-100;2;5475_-100;2;5475_-100;2;5475,20.9178082191781,Prevalence,0.000344396009686639
NbyGQVwzFc_loc12_loop6,12,ITN 0%/IRS 0%/Larvicide 0%,0;0.4;0.4_0;0;0_0;0;0_-100;2;5475_-100;2;5475_-100;2;5475,20.9205479452055,Prevalence,0.000345806691476225
NbyGQVwzFc_loc12_loop6,12,ITN 0%/IRS 0%/Larvicide 0%,0;0.4;0.4_0;0;0_0;0;0_-100;2;5475_-100;2;5475_-100;2;5475,20.9232876712329,Prevalence,0.000347223213559289
NbyGQVwzFc_loc12_loop6,12,ITN 0%/IRS 0%/Larvicide 0%,0;0.4;0.4_0;0;0_0;0;0_-100;2;5475_-100;2;5475_-100;2;5475,20.9260273972603,Prevalence,0.000348645598939509
NbyGQVwzFc_loc12_loop6,12,ITN 0%/IRS 0%/Larvicide 0%,0;0.4;0.4_0;0;0_0;0;0_-100;2;5475_-100;2;5475_-100;2;5475,20.9287671232877,Prevalence,0.000350073870697332
NbyGQVwzFc_loc12_loop6,12,ITN 0%/IRS 0%/Larvicide 0%,0;0.4;0.4_0;0;0_0;0;0_-100;2;5475_-100;2;5475_-100;2;5475,20.9315068493151,Prevalence,0.000351508051990105
NbyGQVwzFc_loc12_loop6,12,ITN 0%/IRS 0%/Larvicide 0%,0;0.4;0.4_0;0;0_0;0;0_-100;2;5475_-100;2;5475_-100;2;5475,20.9342465753425,Prevalence,0.000352948166052216
NbyGQVwzFc_loc12_loop6,12,ITN 0%/IRS 0%/Larvicide 0%,0;0.4;0.4_0;0;0_0;0;0_-100;2;5475_-100;2;5475_-100;2;5475,20.9369863013699,Prevalence,0.000354394236195216
NbyGQVwzFc_loc12_loop6,12,ITN 0%/IRS 0%/Larvicide 0%,0;0.4;0.4_0;0;0_0;0;0_-100;2;5475_-100;2;5475_-100;2;5475,20.9397260273973,Prevalence,0.000355846285807953
NbyGQVwzFc_loc12_loop6,12,ITN 0%/IRS 0%/Larvicide 0%,0;0.4;0.4_0;0;0_0;0;0_-100;2;5475_-100;2;5475_-100;2;5475,20.9424657534247,Prevalence,0.000357304338356702
NbyGQVwzFc_loc12_loop6,12,ITN 0%/IRS 0%/Larvicide 0%,0;0.4;0.4_0;0;0_0;0;0_-100;2;5475_-100;2;5475_-100;2;5475,20.9452054794521,Prevalence,0.000358768417385293
NbyGQVwzFc_loc12_loop6,12,ITN 0%/IRS 0%/Larvicide 0%,0;0.4;0.4_0;0;0_0;0;0_-100;2;5475_-100;2;5475_-100;2;5475,20.9479452054795,Prevalence,0.000360238546515242
NbyGQVwzFc_loc12_loop6,12,ITN 0%/IRS 0%/Larvicide 0%,0;0.4;0.4_0;0;0_0;0;0_-100;2;5475_-100;2;5475_-100;2;5475,20.9506849315069,Prevalence,0.000361714749445874
NbyGQVwzFc_loc12_loop6,12,ITN 0%/IRS 0%/Larvicide 0%,0;0.4;0.4_0;0;0_0;0;0_-100;2;5475_-100;2;5475_-100;2;5475,20.9534246575342,Prevalence,0.000363197049954458
NbyGQVwzFc_loc12_loop6,12,ITN 0%/IRS 0%/Larvicide 0%,0;0.4;0.4_0;0;0_0;0;0_-100;2;5475_-100;2;5475_-100;2;5475,20.9561643835616,Prevalence,0.000364685471896318
NbyGQVwzFc_loc12_loop6,12,ITN 0%/IRS 0%/Larvicide 0%,0;0.4;0.4_0;0;0_0;0;0_-100;2;5475_-100;2;5475_-100;2;5475,20.958904109589,Prevalence,0.000366180039204967
NbyGQVwzFc_loc12_loop6,12,ITN 0%/IRS 0%/Larvicide 0%,0;0.4;0.4_0;0;0_0;0;0_-100;2;5475_-100;2;5475_-100;2;5475,20.9616438356164,Prevalence,0.000367680775892229
NbyGQVwzFc_loc12_loop6,12,ITN 0%/IRS 0%/Larvicide 0%,0;0.4;0.4_0;0;0_0;0;0_-100;2;5475_-100;2;5475_-100;2;5475,20.9643835616438,Prevalence,0.00036918770604836
NbyGQVwzFc_loc12_loop6,12,ITN 0%/IRS 0%/Larvicide 0%,0;0.4;0.4_0;0;0_0;0;0_-100;2;5475_-100;2;5475_-100;2;5475,20.9671232876712,Prevalence,0.000370700853842167
NbyGQVwzFc_loc12_loop6,12,ITN 0%/IRS 0%/Larvicide 0%,0;0.4;0.4_0;0;0_0;0;0_-100;2;5475_-100;2;5475_-100;2;5475,20.9698630136986,Prevalence,0.000372220243521129
NbyGQVwzFc_loc12_loop6,12,ITN 0%/IRS 0%/Larvicide 0%,0;0.4;0.4_0;0;0_0;0;0_-100;2;5475_-100;2;5475_-100;2;5475,20.972602739726,Prevalence,0.00037374589941152
NbyGQVwzFc_loc12_loop6,12,ITN 0%/IRS 0%/Larvicide 0%,0;0.4;0.4_0;0;0_0;0;0_-100;2;5475_-100;2;5475_-100;2;5475,20.9753424657534,Prevalence,0.000375277845918523
NbyGQVwzFc_loc12_loop6,12,ITN 0%/IRS 0%/Larvicide 0%,0;0.4;0.4_0;0;0_0;0;0_-100;2;5475_-100;2;5475_-100;2;5475,20.9780821917808,Prevalence,0.000376816107526346
NbyGQVwzFc_loc12_loop6,12,ITN 0%/IRS 0%/Larvicide 0%,0;0.4;0.4_0;0;0_0;0;0_-100;2;5475_-100;2;5475_-100;2;5475,20.9808219178082,Prevalence,0.00037836070879834
NbyGQVwzFc_loc12_loop6,12,ITN 0%/IRS 0%/Larvicide 0%,0;0.4;0.4_0;0;0_0;0;0_-100;2;5475_-100;2;5475_-100;2;5475,20.9835616438356,Prevalence,0.000379911674377113
NbyGQVwzFc_loc12_loop6,12,ITN 0%/IRS 0%/Larvicide 0%,0;0.4;0.4_0;0;0_0;0;0_-100;2;5475_-100;2;5475_-100;2;5475,20.986301369863,Prevalence,0.000381469028984641
NbyGQVwzFc_loc12_loop6,12,ITN 0%/IRS 0%/Larvicide 0%,0;0.4;0.4_0;0;0_0;0;0_-100;2;5475_-100;2;5475_-100;2;5475,20.9890410958904,Prevalence,0.000383032797422387
NbyGQVwzFc_loc12_loop6,12,ITN 0%/IRS 0%/Larvicide 0%,0;0.4;0.4_0;0;0_0;0;0_-100;2;5475_-100;2;5475_-100;2;5475,20.9917808219178,Prevalence,0.000384603004571405
NbyGQVwzFc_loc12_loop6,12,ITN 0%/IRS 0%/Larvicide 0%,0;0.4;0.4_0;0;0_0;0;0_-100;2;5475_-100;2;5475_-100;2;5475,20.9945205479452,Prevalence,0.000386179675392458
NbyGQVwzFc_loc12_loop6,12,ITN 0%/IRS 0%/Larvicide 0%,0;0.4;0.4_0;0;0_0;0;0_-100;2;5475_-100;2;5475_-100;2;5475,20.9972602739726,Prevalence,0.000387762834926114
NbyGQVwzFc_loc12_loop6,12,ITN 0%/IRS 0%/Larvicide 0%,0;0.4;0.4_0;0;0_0;0;0_-100;2;5475_-100;2;5475_-100;2;5475,21,Prevalence,0.000389352508292869
NbyGQVwzFc_loc12_loop6,12,ITN 0%/IRS 0%/Larvicide 0%,0;0.4;0.4_0;0;0_0;0;0_-100;2;5475_-100;2;5475_-100;2;5475,21.0027397260274,Prevalence,0.000390948720693241
NbyGQVwzFc_loc12_loop6,12,ITN 0%/IRS 0%/Larvicide 0%,0;0.4;0.4_0;0;0_0;0;0_-100;2;5475_-100;2;5475_-100;2;5475,21.0054794520548,Prevalence,0.000392551497407906
NbyGQVwzFc_loc12_loop6,12,ITN 0%/IRS 0%/Larvicide 0%,0;0.4;0.4_0;0;0_0;0;0_-100;2;5475_-100;2;5475_-100;2;5475,21.0082191780822,Prevalence,0.00039416086379773
NbyGQVwzFc_loc12_loop6,12,ITN 0%/IRS 0%/Larvicide 0%,0;0.4;0.4_0;0;0_0;0;0_-100;2;5475_-100;2;5475_-100;2;5475,21.0109589041096,Prevalence,0.000395776845303962
NbyGQVwzFc_loc12_loop6,12,ITN 0%/IRS 0%/Larvicide 0%,0;0.4;0.4_0;0;0_0;0;0_-100;2;5475_-100;2;5475_-100;2;5475,21.013698630137,Prevalence,0.000397399467448281
NbyGQVwzFc_loc12_loop6,12,ITN 0%/IRS 0%/Larvicide 0%,0;0.4;0.4_0;0;0_0;0;0_-100;2;5475_-100;2;5475_-100;2;5475,21.0164383561644,Prevalence,0.000399028755832933
NbyGQVwzFc_loc12_loop6,12,ITN 0%/IRS 0%/Larvicide 0%,0;0.4;0.4_0;0;0_0;0;0_-100;2;5475_-100;2;5475_-100;2;5475,21.0191780821918,Prevalence,0.00040066473614079
NbyGQVwzFc_loc12_loop6,12,ITN 0%/IRS 0%/Larvicide 0%,0;0.4;0.4_0;0;0_0;0;0_-100;2;5475_-100;2;5475_-100;2;5475,21.0219178082192,Prevalence,0.000402307434135454
NbyGQVwzFc_loc12_loop6,12,ITN 0%/IRS 0%/Larvicide 0%,0;0.4;0.4_0;0;0_0;0;0_-100;2;5475_-100;2;5475_-100;2;5475,21.0246575342466,Prevalence,0.000403956875661415
NbyGQVwzFc_loc12_loop6,12,ITN 0%/IRS 0%/Larvicide 0%,0;0.4;0.4_0;0;0_0;0;0_-100;2;5475_-100;2;5475_-100;2;5475,21.027397260274,Prevalence,0.000405613086644048
NbyGQVwzFc_loc12_loop6,12,ITN 0%/IRS 0%/Larvicide 0%,0;0.4;0.4_0;0;0_0;0;0_-100;2;5475_-100;2;5475_-100;2;5475,21.0301369863014,Prevalence,0.000407276093089725
NbyGQVwzFc_loc12_loop6,12,ITN 0%/IRS 0%/Larvicide 0%,0;0.4;0.4_0;0;0_0;0;0_-100;2;5475_-100;2;5475_-100;2;5475,21.0328767123288,Prevalence,0.000408923249729477
NbyGQVwzFc_loc12_loop6,12,ITN 0%/IRS 0%/Larvicide 0%,0;0.4;0.4_0;0;0_0;0;0_-100;2;5475_-100;2;5475_-100;2;5475,21.0356164383562,Prevalence,0.000409719168518819
NbyGQVwzFc_loc12_loop6,12,ITN 0%/IRS 0%/Larvicide 0%,0;0.4;0.4_0;0;0_0;0;0_-100;2;5475_-100;2;5475_-100;2;5475,21.0383561643836,Prevalence,0.000410550189809671
NbyGQVwzFc_loc12_loop6,12,ITN 0%/IRS 0%/Larvicide 0%,0;0.4;0.4_0;0;0_0;0;0_-100;2;5475_-100;2;5475_-100;2;5475,21.041095890411,Prevalence,0.000411410041005985
NbyGQVwzFc_loc12_loop6,12,ITN 0%/IRS 0%/Larvicide 0%,0;0.4;0.4_0;0;0_0;0;0_-100;2;5475_-100;2;5475_-100;2;5475,21.0438356164384,Prevalence,0.000412294400533442
NbyGQVwzFc_loc12_loop6,12,ITN 0%/IRS 0%/Larvicide 0%,0;0.4;0.4_0;0;0_0;0;0_-100;2;5475_-100;2;5475_-100;2;5475,21.0465753424658,Prevalence,0.000413199800834039
NbyGQVwzFc_loc12_loop6,12,ITN 0%/IRS 0%/Larvicide 0%,0;0.4;0.4_0;0;0_0;0;0_-100;2;5475_-100;2;5475_-100;2;5475,21.0493150684932,Prevalence,0.000414123466976639
NbyGQVwzFc_loc12_loop6,12,ITN 0%/IRS 0%/Larvicide 0%,0;0.4;0.4_0;0;0_0;0;0_-100;2;5475_-100;2;5475_-100;2;5475,21.0520547945205,Prevalence,0.000415063185180291
NbyGQVwzFc_loc12_loop6,12,ITN 0%/IRS 0%/Larvicide 0%,0;0.4;0.4_0;0;0_0;0;0_-100;2;5475_-100;2;5475_-100;2;5475,21.0547945205479,Prevalence,0.000416017228569631
NbyGQVwzFc_loc12_loop6,12,ITN 0%/IRS 0%/Larvicide 0%,0;0.4;0.4_0;0;0_0;0;0_-100;2;5475_-100;2;5475_-100;2;5475,21.0575342465753,Prevalence,0.000416977435695606
NbyGQVwzFc_loc12_loop6,12,ITN 0%/IRS 0%/Larvicide 0%,0;0.4;0.4_0;0;0_0;0;0_-100;2;5475_-100;2;5475_-100;2;5475,21.0602739726027,Prevalence,0.000417933082963427
NbyGQVwzFc_loc12_loop6,12,ITN 0%/IRS 0%/Larvicide 0%,0;0.4;0.4_0;0;0_0;0;0_-100;2;5475_-100;2;5475_-100;2;5475,21.0630136986301,Prevalence,0.000418883916199155
NbyGQVwzFc_loc12_loop6,12,ITN 0%/IRS 0%/Larvicide 0%,0;0.4;0.4_0;0;0_0;0;0_-100;2;5475_-100;2;5475_-100;2;5475,21.0657534246575,Prevalence,0.000419829972093424
NbyGQVwzFc_loc12_loop6,12,ITN 0%/IRS 0%/Larvicide 0%,0;0.4;0.4_0;0;0_0;0;0_-100;2;5475_-100;2;5475_-100;2;5475,21.0684931506849,Prevalence,0.000420771446663235
NbyGQVwzFc_loc12_loop6,12,ITN 0%/IRS 0%/Larvicide 0%,0;0.4;0.4_0;0;0_0;0;0_-100;2;5475_-100;2;5475_-100;2;5475,21.0712328767123,Prevalence,0.000421708656989864
NbyGQVwzFc_loc12_loop6,12,ITN 0%/IRS 0%/Larvicide 0%,0;0.4;0.4_0;0;0_0;0;0_-100;2;5475_-100;2;5475_-100;2;5475,21.0739726027397,Prevalence,0.000422642010575776
NbyGQVwzFc_loc12_loop6,12,ITN 0%/IRS 0%/Larvicide 0%,0;0.4;0.4_0;0;0_0;0;0_-100;2;5475_-100;2;5475_-100;2;5475,21.0767123287671,Prevalence,0.000423571980711048
NbyGQVwzFc_loc12_loop6,12,ITN 0%/IRS 0%/Larvicide 0%,0;0.4;0.4_0;0;0_0;0;0_-100;2;5475_-100;2;5475_-100;2;5475,21.0794520547945,Prevalence,0.000424499086673418
NbyGQVwzFc_loc12_loop6,12,ITN 0%/IRS 0%/Larvicide 0%,0;0.4;0.4_0;0;0_0;0;0_-100;2;5475_-100;2;5475_-100;2;5475,21.0821917808219,Prevalence,0.000425423877860841
NbyGQVwzFc_loc12_loop6,12,ITN 0%/IRS 0%/Larvicide 0%,0;0.4;0.4_0;0;0_0;0;0_-100;2;5475_-100;2;5475_-100;2;5475,21.0849315068493,Prevalence,0.000426346921134501
NbyGQVwzFc_loc12_loop6,12,ITN 0%/IRS 0%/Larvicide 0%,0;0.4;0.4_0;0;0_0;0;0_-100;2;5475_-100;2;5475_-100;2;5475,21.0876712328767,Prevalence,0.000427268790783517
NbyGQVwzFc_loc12_loop6,12,ITN 0%/IRS 0%/Larvicide 0%,0;0.4;0.4_0;0;0_0;0;0_-100;2;5475_-100;2;5475_-100;2;5475,21.0904109589041,Prevalence,0.000428183111656832
NbyGQVwzFc_loc12_loop6,12,ITN 0%/IRS 0%/Larvicide 0%,0;0.4;0.4_0;0;0_0;0;0_-100;2;5475_-100;2;5475_-100;2;5475,21.0931506849315,Prevalence,0.000429060200878272
NbyGQVwzFc_loc12_loop6,12,ITN 0%/IRS 0%/Larvicide 0%,0;0.4;0.4_0;0;0_0;0;0_-100;2;5475_-100;2;5475_-100;2;5475,21.0958904109589,Prevalence,0.000429902342995838
NbyGQVwzFc_loc12_loop6,12,ITN 0%/IRS 0%/Larvicide 0%,0;0.4;0.4_0;0;0_0;0;0_-100;2;5475_-100;2;5475_-100;2;5475,21.0986301369863,Prevalence,0.000430715130833694
NbyGQVwzFc_loc12_loop6,12,ITN 0%/IRS 0%/Larvicide 0%,0;0.4;0.4_0;0;0_0;0;0_-100;2;5475_-100;2;5475_-100;2;5475,21.1013698630137,Prevalence,0.000431503360034294
NbyGQVwzFc_loc12_loop6,12,ITN 0%/IRS 0%/Larvicide 0%,0;0.4;0.4_0;0;0_0;0;0_-100;2;5475_-100;2;5475_-100;2;5475,21.1041095890411,Prevalence,0.000432271156618652
NbyGQVwzFc_loc12_loop6,12,ITN 0%/IRS 0%/Larvicide 0%,0;0.4;0.4_0;0;0_0;0;0_-100;2;5475_-100;2;5475_-100;2;5475,21.1068493150685,Prevalence,0.000433022082201138
NbyGQVwzFc_loc12_loop6,12,ITN 0%/IRS 0%/Larvicide 0%,0;0.4;0.4_0;0;0_0;0;0_-100;2;5475_-100;2;5475_-100;2;5475,21.1095890410959,Prevalence,0.000433759221421769
NbyGQVwzFc_loc12_loop6,12,ITN 0%/IRS 0%/Larvicide 0%,0;0.4;0.4_0;0;0_0;0;0_-100;2;5475_-100;2;5475_-100;2;5475,21.1123287671233,Prevalence,0.000434485254720401
NbyGQVwzFc_loc12_loop6,12,ITN 0%/IRS 0%/Larvicide 0%,0;0.4;0.4_0;0;0_0;0;0_-100;2;5475_-100;2;5475_-100;2;5475,21.1150684931507,Prevalence,0.000435202519017681
NbyGQVwzFc_loc12_loop6,12,ITN 0%/IRS 0%/Larvicide 0%,0;0.4;0.4_0;0;0_0;0;0_-100;2;5475_-100;2;5475_-100;2;5475,21.1178082191781,Prevalence,0.000435913058409433
NbyGQVwzFc_loc12_loop6,12,ITN 0%/IRS 0%/Larvicide 0%,0;0.4;0.4_0;0;0_0;0;0_-100;2;5475_-100;2;5475_-100;2;5475,21.1205479452055,Prevalence,0.00043661866660538
NbyGQVwzFc_loc12_loop6,12,ITN 0%/IRS 0%/Larvicide 0%,0;0.4;0.4_0;0;0_0;0;0_-100;2;5475_-100;2;5475_-100;2;5475,21.1232876712329,Prevalence,0.000437320918527615
NbyGQVwzFc_loc12_loop6,12,ITN 0%/IRS 0%/Larvicide 0%,0;0.4;0.4_0;0;0_0;0;0_-100;2;5475_-100;2;5475_-100;2;5475,21.1260273972603,Prevalence,0.000438021119805317
NbyGQVwzFc_loc12_loop6,12,ITN 0%/IRS 0%/Larvicide 0%,0;0.4;0.4_0;0;0_0;0;0_-100;2;5475_-100;2;5475_-100;2;5475,21.1287671232877,Prevalence,0.000438720345394278
NbyGQVwzFc_loc12_loop6,12,ITN 0%/IRS 0%/Larvicide 0%,0;0.4;0.4_0;0;0_0;0;0_-100;2;5475_-100;2;5475_-100;2;5475,21.1315068493151,Prevalence,0.000439419541108596
NbyGQVwzFc_loc12_loop6,12,ITN 0%/IRS 0%/Larvicide 0%,0;0.4;0.4_0;0;0_0;0;0_-100;2;5475_-100;2;5475_-100;2;5475,21.1342465753425,Prevalence,0.000440119543873513
NbyGQVwzFc_loc12_loop6,12,ITN 0%/IRS 0%/Larvicide 0%,0;0.4;0.4_0;0;0_0;0;0_-100;2;5475_-100;2;5475_-100;2;5475,21.1369863013699,Prevalence,0.000440821096357946
NbyGQVwzFc_loc12_loop6,12,ITN 0%/IRS 0%/Larvicide 0%,0;0.4;0.4_0;0;0_0;0;0_-100;2;5475_-100;2;5475_-100;2;5475,21.1397260273973,Prevalence,0.000441524859380894
NbyGQVwzFc_loc12_loop6,12,ITN 0%/IRS 0%/Larvicide 0%,0;0.4;0.4_0;0;0_0;0;0_-100;2;5475_-100;2;5475_-100;2;5475,21.1424657534247,Prevalence,0.000442231422461194
NbyGQVwzFc_loc12_loop6,12,ITN 0%/IRS 0%/Larvicide 0%,0;0.4;0.4_0;0;0_0;0;0_-100;2;5475_-100;2;5475_-100;2;5475,21.1452054794521,Prevalence,0.000442941312804586
NbyGQVwzFc_loc12_loop6,12,ITN 0%/IRS 0%/Larvicide 0%,0;0.4;0.4_0;0;0_0;0;0_-100;2;5475_-100;2;5475_-100;2;5475,21.1479452054795,Prevalence,0.000443655000657584
NbyGQVwzFc_loc12_loop6,12,ITN 0%/IRS 0%/Larvicide 0%,0;0.4;0.4_0;0;0_0;0;0_-100;2;5475_-100;2;5475_-100;2;5475,21.1506849315069,Prevalence,0.000444372897366847
NbyGQVwzFc_loc12_loop6,12,ITN 0%/IRS 0%/Larvicide 0%,0;0.4;0.4_0;0;0_0;0;0_-100;2;5475_-100;2;5475_-100;2;5475,21.1534246575342,Prevalence,0.000445095359361661
NbyGQVwzFc_loc12_loop6,12,ITN 0%/IRS 0%/Larvicide 0%,0;0.4;0.4_0;0;0_0;0;0_-100;2;5475_-100;2;5475_-100;2;5475,21.1561643835616,Prevalence,0.000445822695254953
NbyGQVwzFc_loc12_loop6,12,ITN 0%/IRS 0%/Larvicide 0%,0;0.4;0.4_0;0;0_0;0;0_-100;2;5475_-100;2;5475_-100;2;5475,21.158904109589,Prevalence,0.00044655517207334
NbyGQVwzFc_loc12_loop6,12,ITN 0%/IRS 0%/Larvicide 0%,0;0.4;0.4_0;0;0_0;0;0_-100;2;5475_-100;2;5475_-100;2;5475,21.1616438356164,Prevalence,0.000447293020665003
NbyGQVwzFc_loc12_loop6,12,ITN 0%/IRS 0%/Larvicide 0%,0;0.4;0.4_0;0;0_0;0;0_-100;2;5475_-100;2;5475_-100;2;5475,21.1643835616438,Prevalence,0.00044803644040193
NbyGQVwzFc_loc12_loop6,12,ITN 0%/IRS 0%/Larvicide 0%,0;0.4;0.4_0;0;0_0;0;0_-100;2;5475_-100;2;5475_-100;2;5475,21.1671232876712,Prevalence,0.000448785603275204
NbyGQVwzFc_loc12_loop6,12,ITN 0%/IRS 0%/Larvicide 0%,0;0.4;0.4_0;0;0_0;0;0_-100;2;5475_-100;2;5475_-100;2;5475,21.1698630136986,Prevalence,0.000449540657467005
NbyGQVwzFc_loc12_loop6,12,ITN 0%/IRS 0%/Larvicide 0%,0;0.4;0.4_0;0;0_0;0;0_-100;2;5475_-100;2;5475_-100;2;5475,21.172602739726,Prevalence,0.000450301730470301
NbyGQVwzFc_loc12_loop6,12,ITN 0%/IRS 0%/Larvicide 0%,0;0.4;0.4_0;0;0_0;0;0_-100;2;5475_-100;2;5475_-100;2;5475,21.1753424657534,Prevalence,0.000451068931816952
NbyGQVwzFc_loc12_loop6,12,ITN 0%/IRS 0%/Larvicide 0%,0;0.4;0.4_0;0;0_0;0;0_-100;2;5475_-100;2;5475_-100;2;5475,21.1780821917808,Prevalence,0.000451842355465398
NbyGQVwzFc_loc12_loop6,12,ITN 0%/IRS 0%/Larvicide 0%,0;0.4;0.4_0;0;0_0;0;0_-100;2;5475_-100;2;5475_-100;2;5475,21.1808219178082,Prevalence,0.000452622079739785
NbyGQVwzFc_loc12_loop6,12,ITN 0%/IRS 0%/Larvicide 0%,0;0.4;0.4_0;0;0_0;0;0_-100;2;5475_-100;2;5475_-100;2;5475,21.1835616438356,Prevalence,0.000453408150861586
NbyGQVwzFc_loc12_loop6,12,ITN 0%/IRS 0%/Larvicide 0%,0;0.4;0.4_0;0;0_0;0;0_-100;2;5475_-100;2;5475_-100;2;5475,21.186301369863,Prevalence,0.000454200574837336
NbyGQVwzFc_loc12_loop6,12,ITN 0%/IRS 0%/Larvicide 0%,0;0.4;0.4_0;0;0_0;0;0_-100;2;5475_-100;2;5475_-100;2;5475,21.1890410958904,Prevalence,0.000454999326504117
NbyGQVwzFc_loc12_loop6,12,ITN 0%/IRS 0%/Larvicide 0%,0;0.4;0.4_0;0;0_0;0;0_-100;2;5475_-100;2;5475_-100;2;5475,21.1917808219178,Prevalence,0.000455804357820661
NbyGQVwzFc_loc12_loop6,12,ITN 0%/IRS 0%/Larvicide 0%,0;0.4;0.4_0;0;0_0;0;0_-100;2;5475_-100;2;5475_-100;2;5475,21.1945205479452,Prevalence,0.000456615604426639
NbyGQVwzFc_loc12_loop6,12,ITN 0%/IRS 0%/Larvicide 0%,0;0.4;0.4_0;0;0_0;0;0_-100;2;5475_-100;2;5475_-100;2;5475,21.1972602739726,Prevalence,0.000457432990813908
NbyGQVwzFc_loc12_loop6,12,ITN 0%/IRS 0%/Larvicide 0%,0;0.4;0.4_0;0;0_0;0;0_-100;2;5475_-100;2;5475_-100;2;5475,21.2,Prevalence,0.000458256434386302
NbyGQVwzFc_loc12_loop6,12,ITN 0%/IRS 0%/Larvicide 0%,0;0.4;0.4_0;0;0_0;0;0_-100;2;5475_-100;2;5475_-100;2;5475,21.2027397260274,Prevalence,0.000459085848629992
NbyGQVwzFc_loc12_loop6,12,ITN 0%/IRS 0%/Larvicide 0%,0;0.4;0.4_0;0;0_0;0;0_-100;2;5475_-100;2;5475_-100;2;5475,21.2054794520548,Prevalence,0.000459921145572674
NbyGQVwzFc_loc12_loop6,12,ITN 0%/IRS 0%/Larvicide 0%,0;0.4;0.4_0;0;0_0;0;0_-100;2;5475_-100;2;5475_-100;2;5475,21.2082191780822,Prevalence,0.000460762237674704
NbyGQVwzFc_loc12_loop6,12,ITN 0%/IRS 0%/Larvicide 0%,0;0.4;0.4_0;0;0_0;0;0_-100;2;5475_-100;2;5475_-100;2;5475,21.2109589041096,Prevalence,0.000461609039267014
NbyGQVwzFc_loc12_loop6,12,ITN 0%/IRS 0%/Larvicide 0%,0;0.4;0.4_0;0;0_0;0;0_-100;2;5475_-100;2;5475_-100;2;5475,21.213698630137,Prevalence,0.00046246146762647
NbyGQVwzFc_loc12_loop6,12,ITN 0%/IRS 0%/Larvicide 0%,0;0.4;0.4_0;0;0_0;0;0_-100;2;5475_-100;2;5475_-100;2;5475,21.2164383561644,Prevalence,0.000463319443729029
NbyGQVwzFc_loc12_loop6,12,ITN 0%/IRS 0%/Larvicide 0%,0;0.4;0.4_0;0;0_0;0;0_-100;2;5475_-100;2;5475_-100;2;5475,21.2191780821918,Prevalence,0.000464182892699208
NbyGQVwzFc_loc12_loop6,12,ITN 0%/IRS 0%/Larvicide 0%,0;0.4;0.4_0;0;0_0;0;0_-100;2;5475_-100;2;5475_-100;2;5475,21.2219178082192,Prevalence,0.000465051744073045
NbyGQVwzFc_loc12_loop6,12,ITN 0%/IRS 0%/Larvicide 0%,0;0.4;0.4_0;0;0_0;0;0_-100;2;5475_-100;2;5475_-100;2;5475,21.2246575342466,Prevalence,0.000465925931944151
NbyGQVwzFc_loc12_loop6,12,ITN 0%/IRS 0%/Larvicide 0%,0;0.4;0.4_0;0;0_0;0;0_-100;2;5475_-100;2;5475_-100;2;5475,21.227397260274,Prevalence,0.000466805395020461
NbyGQVwzFc_loc12_loop6,12,ITN 0%/IRS 0%/Larvicide 0%,0;0.4;0.4_0;0;0_0;0;0_-100;2;5475_-100;2;5475_-100;2;5475,21.2301369863014,Prevalence,0.000467690076612702
NbyGQVwzFc_loc12_loop6,12,ITN 0%/IRS 0%/Larvicide 0%,0;0.4;0.4_0;0;0_0;0;0_-100;2;5475_-100;2;5475_-100;2;5475,21.2328767123288,Prevalence,0.000468579924571197
NbyGQVwzFc_loc12_loop6,12,ITN 0%/IRS 0%/Larvicide 0%,0;0.4;0.4_0;0;0_0;0;0_-100;2;5475_-100;2;5475_-100;2;5475,21.2356164383562,Prevalence,0.000469474891184229
NbyGQVwzFc_loc12_loop6,12,ITN 0%/IRS 0%/Larvicide 0%,0;0.4;0.4_0;0;0_0;0;0_-100;2;5475_-100;2;5475_-100;2;5475,21.2383561643836,Prevalence,0.000470374933047521
NbyGQVwzFc_loc12_loop6,12,ITN 0%/IRS 0%/Larvicide 0%,0;0.4;0.4_0;0;0_0;0;0_-100;2;5475_-100;2;5475_-100;2;5475,21.241095890411,Prevalence,0.000471280010908027
NbyGQVwzFc_loc12_loop6,12,ITN 0%/IRS 0%/Larvicide 0%,0;0.4;0.4_0;0;0_0;0;0_-100;2;5475_-100;2;5475_-100;2;5475,21.2438356164384,Prevalence,0.000472190089484334
NbyGQVwzFc_loc12_loop6,12,ITN 0%/IRS 0%/Larvicide 0%,0;0.4;0.4_0;0;0_0;0;0_-100;2;5475_-100;2;5475_-100;2;5475,21.2465753424658,Prevalence,0.00047310513727065
NbyGQVwzFc_loc12_loop6,12,ITN 0%/IRS 0%/Larvicide 0%,0;0.4;0.4_0;0;0_0;0;0_-100;2;5475_-100;2;5475_-100;2;5475,21.2493150684932,Prevalence,0.000474025126331239
NbyGQVwzFc_loc12_loop6,12,ITN 0%/IRS 0%/Larvicide 0%,0;0.4;0.4_0;0;0_0;0;0_-100;2;5475_-100;2;5475_-100;2;5475,21.2520547945205,Prevalence,0.000474950032090649
NbyGQVwzFc_loc12_loop6,12,ITN 0%/IRS 0%/Larvicide 0%,0;0.4;0.4_0;0;0_0;0;0_-100;2;5475_-100;2;5475_-100;2;5475,21.2547945205479,Prevalence,0.000475879833123796
NbyGQVwzFc_loc12_loop6,12,ITN 0%/IRS 0%/Larvicide 0%,0;0.4;0.4_0;0;0_0;0;0_-100;2;5475_-100;2;5475_-100;2;5475,21.2575342465753,Prevalence,0.000476814510949068
NbyGQVwzFc_loc12_loop6,12,ITN 0%/IRS 0%/Larvicide 0%,0;0.4;0.4_0;0;0_0;0;0_-100;2;5475_-100;2;5475_-100;2;5475,21.2602739726027,Prevalence,0.000477754049826945
NbyGQVwzFc_loc12_loop6,12,ITN 0%/IRS 0%/Larvicide 0%,0;0.4;0.4_0;0;0_0;0;0_-100;2;5475_-100;2;5475_-100;2;5475,21.2630136986301,Prevalence,0.000478698436565532
NbyGQVwzFc_loc12_loop6,12,ITN 0%/IRS 0%/Larvicide 0%,0;0.4;0.4_0;0;0_0;0;0_-100;2;5475_-100;2;5475_-100;2;5475,21.2657534246575,Prevalence,0.000479647660334369
NbyGQVwzFc_loc12_loop6,12,ITN 0%/IRS 0%/Larvicide 0%,0;0.4;0.4_0;0;0_0;0;0_-100;2;5475_-100;2;5475_-100;2;5475,21.2684931506849,Prevalence,0.000480601712487296
NbyGQVwzFc_loc12_loop6,12,ITN 0%/IRS 0%/Larvicide 0%,0;0.4;0.4_0;0;0_0;0;0_-100;2;5475_-100;2;5475_-100;2;5475,21.2712328767123,Prevalence,0.000481560586394107
NbyGQVwzFc_loc12_loop6,12,ITN 0%/IRS 0%/Larvicide 0%,0;0.4;0.4_0;0;0_0;0;0_-100;2;5475_-100;2;5475_-100;2;5475,21.2739726027397,Prevalence,0.000482524277272508
NbyGQVwzFc_loc12_loop6,12,ITN 0%/IRS 0%/Larvicide 0%,0;0.4;0.4_0;0;0_0;0;0_-100;2;5475_-100;2;5475_-100;2;5475,21.2767123287671,Prevalence,0.000483492782007169
NbyGQVwzFc_loc12_loop6,12,ITN 0%/IRS 0%/Larvicide 0%,0;0.4;0.4_0;0;0_0;0;0_-100;2;5475_-100;2;5475_-100;2;5475,21.2794520547945,Prevalence,0.000484466098959173
NbyGQVwzFc_loc12_loop6,12,ITN 0%/IRS 0%/Larvicide 0%,0;0.4;0.4_0;0;0_0;0;0_-100;2;5475_-100;2;5475_-100;2;5475,21.2821917808219,Prevalence,0.000485444227774865
NbyGQVwzFc_loc12_loop6,12,ITN 0%/IRS 0%/Larvicide 0%,0;0.4;0.4_0;0;0_0;0;0_-100;2;5475_-100;2;5475_-100;2;5475,21.2849315068493,Prevalence,0.000486427169200678
NbyGQVwzFc_loc12_loop6,12,ITN 0%/IRS 0%/Larvicide 0%,0;0.4;0.4_0;0;0_0;0;0_-100;2;5475_-100;2;5475_-100;2;5475,21.2876712328767,Prevalence,0.000487414924908304
NbyGQVwzFc_loc12_loop6,12,ITN 0%/IRS 0%/Larvicide 0%,0;0.4;0.4_0;0;0_0;0;0_-100;2;5475_-100;2;5475_-100;2;5475,21.2904109589041,Prevalence,0.000488407497332885
NbyGQVwzFc_loc12_loop6,12,ITN 0%/IRS 0%/Larvicide 0%,0;0.4;0.4_0;0;0_0;0;0_-100;2;5475_-100;2;5475_-100;2;5475,21.2931506849315,Prevalence,0.000489404889525735
NbyGQVwzFc_loc12_loop6,12,ITN 0%/IRS 0%/Larvicide 0%,0;0.4;0.4_0;0;0_0;0;0_-100;2;5475_-100;2;5475_-100;2;5475,21.2958904109589,Prevalence,0.00049040710502218
NbyGQVwzFc_loc12_loop6,12,ITN 0%/IRS 0%/Larvicide 0%,0;0.4;0.4_0;0;0_0;0;0_-100;2;5475_-100;2;5475_-100;2;5475,21.2986301369863,Prevalence,0.000491414147724422
NbyGQVwzFc_loc12_loop6,12,ITN 0%/IRS 0%/Larvicide 0%,0;0.4;0.4_0;0;0_0;0;0_-100;2;5475_-100;2;5475_-100;2;5475,21.3013698630137,Prevalence,0.000492426021799207
NbyGQVwzFc_loc12_loop6,12,ITN 0%/IRS 0%/Larvicide 0%,0;0.4;0.4_0;0;0_0;0;0_-100;2;5475_-100;2;5475_-100;2;5475,21.3041095890411,Prevalence,0.000493442731589439
NbyGQVwzFc_loc12_loop6,12,ITN 0%/IRS 0%/Larvicide 0%,0;0.4;0.4_0;0;0_0;0;0_-100;2;5475_-100;2;5475_-100;2;5475,21.3068493150685,Prevalence,0.000494464281538728
NbyGQVwzFc_loc12_loop6,12,ITN 0%/IRS 0%/Larvicide 0%,0;0.4;0.4_0;0;0_0;0;0_-100;2;5475_-100;2;5475_-100;2;5475,21.3095890410959,Prevalence,0.000495490676127908
NbyGQVwzFc_loc12_loop6,12,ITN 0%/IRS 0%/Larvicide 0%,0;0.4;0.4_0;0;0_0;0;0_-100;2;5475_-100;2;5475_-100;2;5475,21.3123287671233,Prevalence,0.000496521919822345
NbyGQVwzFc_loc12_loop6,12,ITN 0%/IRS 0%/Larvicide 0%,0;0.4;0.4_0;0;0_0;0;0_-100;2;5475_-100;2;5475_-100;2;5475,21.3150684931507,Prevalence,0.000497558017028929
NbyGQVwzFc_loc12_loop6,12,ITN 0%/IRS 0%/Larvicide 0%,0;0.4;0.4_0;0;0_0;0;0_-100;2;5475_-100;2;5475_-100;2;5475,21.3178082191781,Prevalence,0.000498598972061675
NbyGQVwzFc_loc12_loop6,12,ITN 0%/IRS 0%/Larvicide 0%,0;0.4;0.4_0;0;0_0;0;0_-100;2;5475_-100;2;5475_-100;2;5475,21.3205479452055,Prevalence,0.000499644789114938
NbyGQVwzFc_loc12_loop6,12,ITN 0%/IRS 0%/Larvicide 0%,0;0.4;0.4_0;0;0_0;0;0_-100;2;5475_-100;2;5475_-100;2;5475,21.3232876712329,Prevalence,0.00050069547224332
NbyGQVwzFc_loc12_loop6,12,ITN 0%/IRS 0%/Larvicide 0%,0;0.4;0.4_0;0;0_0;0;0_-100;2;5475_-100;2;5475_-100;2;5475,21.3260273972603,Prevalence,0.000501751025347423
NbyGQVwzFc_loc12_loop6,12,ITN 0%/IRS 0%/Larvicide 0%,0;0.4;0.4_0;0;0_0;0;0_-100;2;5475_-100;2;5475_-100;2;5475,21.3287671232877,Prevalence,0.000502811452164682
NbyGQVwzFc_loc12_loop6,12,ITN 0%/IRS 0%/Larvicide 0%,0;0.4;0.4_0;0;0_0;0;0_-100;2;5475_-100;2;5475_-100;2;5475,21.3315068493151,Prevalence,0.000503876756264561
NbyGQVwzFc_loc12_loop6,12,ITN 0%/IRS 0%/Larvicide 0%,0;0.4;0.4_0;0;0_0;0;0_-100;2;5475_-100;2;5475_-100;2;5475,21.3342465753425,Prevalence,0.000504946941047509
NbyGQVwzFc_loc12_loop6,12,ITN 0%/IRS 0%/Larvicide 0%,0;0.4;0.4_0;0;0_0;0;0_-100;2;5475_-100;2;5475_-100;2;5475,21.3369863013699,Prevalence,0.000506022009747056
NbyGQVwzFc_loc12_loop6,12,ITN 0%/IRS 0%/Larvicide 0%,0;0.4;0.4_0;0;0_0;0;0_-100;2;5475_-100;2;5475_-100;2;5475,21.3397260273973,Prevalence,0.000507101965434565
NbyGQVwzFc_loc12_loop6,12,ITN 0%/IRS 0%/Larvicide 0%,0;0.4;0.4_0;0;0_0;0;0_-100;2;5475_-100;2;5475_-100;2;5475,21.3424657534247,Prevalence,0.000508186811026073
NbyGQVwzFc_loc12_loop6,12,ITN 0%/IRS 0%/Larvicide 0%,0;0.4;0.4_0;0;0_0;0;0_-100;2;5475_-100;2;5475_-100;2;5475,21.3452054794521,Prevalence,0.000509276549291014
NbyGQVwzFc_loc12_loop6,12,ITN 0%/IRS 0%/Larvicide 0%,0;0.4;0.4_0;0;0_0;0;0_-100;2;5475_-100;2;5475_-100;2;5475,21.3479452054795,Prevalence,0.000510371182862372
NbyGQVwzFc_loc12_loop6,12,ITN 0%/IRS 0%/Larvicide 0%,0;0.4;0.4_0;0;0_0;0;0_-100;2;5475_-100;2;5475_-100;2;5475,21.3506849315068,Prevalence,0.000511470714247802
NbyGQVwzFc_loc12_loop6,12,ITN 0%/IRS 0%/Larvicide 0%,0;0.4;0.4_0;0;0_0;0;0_-100;2;5475_-100;2;5475_-100;2;5475,21.3534246575342,Prevalence,0.00051257514584158
NbyGQVwzFc_loc12_loop6,12,ITN 0%/IRS 0%/Larvicide 0%,0;0.4;0.4_0;0;0_0;0;0_-100;2;5475_-100;2;5475_-100;2;5475,21.3561643835616,Prevalence,0.000513684479937123
NbyGQVwzFc_loc12_loop6,12,ITN 0%/IRS 0%/Larvicide 0%,0;0.4;0.4_0;0;0_0;0;0_-100;2;5475_-100;2;5475_-100;2;5475,21.358904109589,Prevalence,0.000514798718739853
NbyGQVwzFc_loc12_loop6,12,ITN 0%/IRS 0%/Larvicide 0%,0;0.4;0.4_0;0;0_0;0;0_-100;2;5475_-100;2;5475_-100;2;5475,21.3616438356164,Prevalence,0.000515917864380238
NbyGQVwzFc_loc12_loop6,12,ITN 0%/IRS 0%/Larvicide 0%,0;0.4;0.4_0;0;0_0;0;0_-100;2;5475_-100;2;5475_-100;2;5475,21.3643835616438,Prevalence,0.000517041918926868
NbyGQVwzFc_loc12_loop6,12,ITN 0%/IRS 0%/Larvicide 0%,0;0.4;0.4_0;0;0_0;0;0_-100;2;5475_-100;2;5475_-100;2;5475,21.3671232876712,Prevalence,0.000518170884399394
NbyGQVwzFc_loc12_loop6,12,ITN 0%/IRS 0%/Larvicide 0%,0;0.4;0.4_0;0;0_0;0;0_-100;2;5475_-100;2;5475_-100;2;5475,21.3698630136986,Prevalence,0.000519304762781226
NbyGQVwzFc_loc12_loop6,12,ITN 0%/IRS 0%/Larvicide 0%,0;0.4;0.4_0;0;0_0;0;0_-100;2;5475_-100;2;5475_-100;2;5475,21.372602739726,Prevalence,0.00052044355603184
NbyGQVwzFc_loc12_loop6,12,ITN 0%/IRS 0%/Larvicide 0%,0;0.4;0.4_0;0;0_0;0;0_-100;2;5475_-100;2;5475_-100;2;5475,21.3753424657534,Prevalence,0.000521587266098581
NbyGQVwzFc_loc12_loop6,12,ITN 0%/IRS 0%/Larvicide 0%,0;0.4;0.4_0;0;0_0;0;0_-100;2;5475_-100;2;5475_-100;2;5475,21.3780821917808,Prevalence,0.000522735894927885
NbyGQVwzFc_loc12_loop6,12,ITN 0%/IRS 0%/Larvicide 0%,0;0.4;0.4_0;0;0_0;0;0_-100;2;5475_-100;2;5475_-100;2;5475,21.3808219178082,Prevalence,0.000523889444475834
NbyGQVwzFc_loc12_loop6,12,ITN 0%/IRS 0%/Larvicide 0%,0;0.4;0.4_0;0;0_0;0;0_-100;2;5475_-100;2;5475_-100;2;5475,21.3835616438356,Prevalence,0.000525047916717998
NbyGQVwzFc_loc12_loop6,12,ITN 0%/IRS 0%/Larvicide 0%,0;0.4;0.4_0;0;0_0;0;0_-100;2;5475_-100;2;5475_-100;2;5475,21.386301369863,Prevalence,0.000526211313658489
NbyGQVwzFc_loc12_loop6,12,ITN 0%/IRS 0%/Larvicide 0%,0;0.4;0.4_0;0;0_0;0;0_-100;2;5475_-100;2;5475_-100;2;5475,21.3890410958904,Prevalence,0.00052737963733825
NbyGQVwzFc_loc12_loop6,12,ITN 0%/IRS 0%/Larvicide 0%,0;0.4;0.4_0;0;0_0;0;0_-100;2;5475_-100;2;5475_-100;2;5475,21.3917808219178,Prevalence,0.000528552889842749
NbyGQVwzFc_loc12_loop6,12,ITN 0%/IRS 0%/Larvicide 0%,0;0.4;0.4_0;0;0_0;0;0_-100;2;5475_-100;2;5475_-100;2;5475,21.3945205479452,Prevalence,0.000529731073308728
NbyGQVwzFc_loc12_loop6,12,ITN 0%/IRS 0%/Larvicide 0%,0;0.4;0.4_0;0;0_0;0;0_-100;2;5475_-100;2;5475_-100;2;5475,21.3972602739726,Prevalence,0.000530914189930256
NbyGQVwzFc_loc12_loop6,12,ITN 0%/IRS 0%/Larvicide 0%,0;0.4;0.4_0;0;0_0;0;0_-100;2;5475_-100;2;5475_-100;2;5475,21.4,Prevalence,0.000532102241964084
NbyGQVwzFc_loc12_loop6,12,ITN 0%/IRS 0%/Larvicide 0%,0;0.4;0.4_0;0;0_0;0;0_-100;2;5475_-100;2;5475_-100;2;5475,21.4027397260274,Prevalence,0.000533295231734303
NbyGQVwzFc_loc12_loop6,12,ITN 0%/IRS 0%/Larvicide 0%,0;0.4;0.4_0;0;0_0;0;0_-100;2;5475_-100;2;5475_-100;2;5475,21.4054794520548,Prevalence,0.000534493161636372
NbyGQVwzFc_loc12_loop6,12,ITN 0%/IRS 0%/Larvicide 0%,0;0.4;0.4_0;0;0_0;0;0_-100;2;5475_-100;2;5475_-100;2;5475,21.4082191780822,Prevalence,0.000535696034140544
NbyGQVwzFc_loc12_loop6,12,ITN 0%/IRS 0%/Larvicide 0%,0;0.4;0.4_0;0;0_0;0;0_-100;2;5475_-100;2;5475_-100;2;5475,21.4109589041096,Prevalence,0.000536903851794724
NbyGQVwzFc_loc12_loop6,12,ITN 0%/IRS 0%/Larvicide 0%,0;0.4;0.4_0;0;0_0;0;0_-100;2;5475_-100;2;5475_-100;2;5475,21.413698630137,Prevalence,0.000538116617226827
NbyGQVwzFc_loc12_loop6,12,ITN 0%/IRS 0%/Larvicide 0%,0;0.4;0.4_0;0;0_0;0;0_-100;2;5475_-100;2;5475_-100;2;5475,21.4164383561644,Prevalence,0.000539334333146656
NbyGQVwzFc_loc12_loop6,12,ITN 0%/IRS 0%/Larvicide 0%,0;0.4;0.4_0;0;0_0;0;0_-100;2;5475_-100;2;5475_-100;2;5475,21.4191780821918,Prevalence,0.000540557002347356
NbyGQVwzFc_loc12_loop6,12,ITN 0%/IRS 0%/Larvicide 0%,0;0.4;0.4_0;0;0_0;0;0_-100;2;5475_-100;2;5475_-100;2;5475,21.4219178082192,Prevalence,0.000541784627706487
NbyGQVwzFc_loc12_loop6,12,ITN 0%/IRS 0%/Larvicide 0%,0;0.4;0.4_0;0;0_0;0;0_-100;2;5475_-100;2;5475_-100;2;5475,21.4246575342466,Prevalence,0.000543017212186737
NbyGQVwzFc_loc12_loop6,12,ITN 0%/IRS 0%/Larvicide 0%,0;0.4;0.4_0;0;0_0;0;0_-100;2;5475_-100;2;5475_-100;2;5475,21.427397260274,Prevalence,0.000544254758836356
NbyGQVwzFc_loc12_loop6,12,ITN 0%/IRS 0%/Larvicide 0%,0;0.4;0.4_0;0;0_0;0;0_-100;2;5475_-100;2;5475_-100;2;5475,21.4301369863014,Prevalence,0.000545497270789295
NbyGQVwzFc_loc12_loop6,12,ITN 0%/IRS 0%/Larvicide 0%,0;0.4;0.4_0;0;0_0;0;0_-100;2;5475_-100;2;5475_-100;2;5475,21.4328767123288,Prevalence,0.000546744751265039
NbyGQVwzFc_loc12_loop6,12,ITN 0%/IRS 0%/Larvicide 0%,0;0.4;0.4_0;0;0_0;0;0_-100;2;5475_-100;2;5475_-100;2;5475,21.4356164383562,Prevalence,0.000547997203568423
NbyGQVwzFc_loc12_loop6,12,ITN 0%/IRS 0%/Larvicide 0%,0;0.4;0.4_0;0;0_0;0;0_-100;2;5475_-100;2;5475_-100;2;5475,21.4383561643836,Prevalence,0.000549254631089197
NbyGQVwzFc_loc12_loop6,12,ITN 0%/IRS 0%/Larvicide 0%,0;0.4;0.4_0;0;0_0;0;0_-100;2;5475_-100;2;5475_-100;2;5475,21.441095890411,Prevalence,0.000550517037301392
NbyGQVwzFc_loc12_loop6,12,ITN 0%/IRS 0%/Larvicide 0%,0;0.4;0.4_0;0;0_0;0;0_-100;2;5475_-100;2;5475_-100;2;5475,21.4438356164384,Prevalence,0.000551784425762607
NbyGQVwzFc_loc12_loop6,12,ITN 0%/IRS 0%/Larvicide 0%,0;0.4;0.4_0;0;0_0;0;0_-100;2;5475_-100;2;5475_-100;2;5475,21.4465753424658,Prevalence,0.000553056800113186
NbyGQVwzFc_loc12_loop6,12,ITN 0%/IRS 0%/Larvicide 0%,0;0.4;0.4_0;0;0_0;0;0_-100;2;5475_-100;2;5475_-100;2;5475,21.4493150684932,Prevalence,0.000554334164075337
NbyGQVwzFc_loc12_loop6,12,ITN 0%/IRS 0%/Larvicide 0%,0;0.4;0.4_0;0;0_0;0;0_-100;2;5475_-100;2;5475_-100;2;5475,21.4520547945206,Prevalence,0.000555616521452174
NbyGQVwzFc_loc12_loop6,12,ITN 0%/IRS 0%/Larvicide 0%,0;0.4;0.4_0;0;0_0;0;0_-100;2;5475_-100;2;5475_-100;2;5475,21.4547945205479,Prevalence,0.000556903876126745
NbyGQVwzFc_loc12_loop6,12,ITN 0%/IRS 0%/Larvicide 0%,0;0.4;0.4_0;0;0_0;0;0_-100;2;5475_-100;2;5475_-100;2;5475,21.4575342465753,Prevalence,0.000558196232061009
NbyGQVwzFc_loc12_loop6,12,ITN 0%/IRS 0%/Larvicide 0%,0;0.4;0.4_0;0;0_0;0;0_-100;2;5475_-100;2;5475_-100;2;5475,21.4602739726027,Prevalence,0.000559493593294823
NbyGQVwzFc_loc12_loop6,12,ITN 0%/IRS 0%/Larvicide 0%,0;0.4;0.4_0;0;0_0;0;0_-100;2;5475_-100;2;5475_-100;2;5475,21.4630136986301,Prevalence,0.000560795963944917
NbyGQVwzFc_loc12_loop6,12,ITN 0%/IRS 0%/Larvicide 0%,0;0.4;0.4_0;0;0_0;0;0_-100;2;5475_-100;2;5475_-100;2;5475,21.4657534246575,Prevalence,0.000562103348203881
NbyGQVwzFc_loc12_loop6,12,ITN 0%/IRS 0%/Larvicide 0%,0;0.4;0.4_0;0;0_0;0;0_-100;2;5475_-100;2;5475_-100;2;5475,21.4684931506849,Prevalence,0.000563415750339172
NbyGQVwzFc_loc12_loop6,12,ITN 0%/IRS 0%/Larvicide 0%,0;0.4;0.4_0;0;0_0;0;0_-100;2;5475_-100;2;5475_-100;2;5475,21.4712328767123,Prevalence,0.000564733174692147
NbyGQVwzFc_loc12_loop6,12,ITN 0%/IRS 0%/Larvicide 0%,0;0.4;0.4_0;0;0_0;0;0_-100;2;5475_-100;2;5475_-100;2;5475,21.4739726027397,Prevalence,0.00056605562567712
NbyGQVwzFc_loc12_loop6,12,ITN 0%/IRS 0%/Larvicide 0%,0;0.4;0.4_0;0;0_0;0;0_-100;2;5475_-100;2;5475_-100;2;5475,21.4767123287671,Prevalence,0.000567383107780456
NbyGQVwzFc_loc12_loop6,12,ITN 0%/IRS 0%/Larvicide 0%,0;0.4;0.4_0;0;0_0;0;0_-100;2;5475_-100;2;5475_-100;2;5475,21.4794520547945,Prevalence,0.00056871562555962
NbyGQVwzFc_loc12_loop6,12,ITN 0%/IRS 0%/Larvicide 0%,0;0.4;0.4_0;0;0_0;0;0_-100;2;5475_-100;2;5475_-100;2;5475,21.4821917808219,Prevalence,0.000570053183642485
NbyGQVwzFc_loc12_loop6,12,ITN 0%/IRS 0%/Larvicide 0%,0;0.4;0.4_0;0;0_0;0;0_-100;2;5475_-100;2;5475_-100;2;5475,21.4849315068493,Prevalence,0.000571395786726528
NbyGQVwzFc_loc12_loop6,12,ITN 0%/IRS 0%/Larvicide 0%,0;0.4;0.4_0;0;0_0;0;0_-100;2;5475_-100;2;5475_-100;2;5475,21.4876712328767,Prevalence,0.000572743439578069
NbyGQVwzFc_loc12_loop6,12,ITN 0%/IRS 0%/Larvicide 0%,0;0.4;0.4_0;0;0_0;0;0_-100;2;5475_-100;2;5475_-100;2;5475,21.4904109589041,Prevalence,0.000574096147031575
NbyGQVwzFc_loc12_loop6,12,ITN 0%/IRS 0%/Larvicide 0%,0;0.4;0.4_0;0;0_0;0;0_-100;2;5475_-100;2;5475_-100;2;5475,21.4931506849315,Prevalence,0.000575453913989004
NbyGQVwzFc_loc12_loop6,12,ITN 0%/IRS 0%/Larvicide 0%,0;0.4;0.4_0;0;0_0;0;0_-100;2;5475_-100;2;5475_-100;2;5475,21.4958904109589,Prevalence,0.000576816745419191
NbyGQVwzFc_loc12_loop6,12,ITN 0%/IRS 0%/Larvicide 0%,0;0.4;0.4_0;0;0_0;0;0_-100;2;5475_-100;2;5475_-100;2;5475,21.4986301369863,Prevalence,0.000578184646357271
NbyGQVwzFc_loc12_loop6,12,ITN 0%/IRS 0%/Larvicide 0%,0;0.4;0.4_0;0;0_0;0;0_-100;2;5475_-100;2;5475_-100;2;5475,21.5013698630137,Prevalence,0.000579557621904142
NbyGQVwzFc_loc12_loop6,12,ITN 0%/IRS 0%/Larvicide 0%,0;0.4;0.4_0;0;0_0;0;0_-100;2;5475_-100;2;5475_-100;2;5475,21.5041095890411,Prevalence,0.000580935677225966
NbyGQVwzFc_loc12_loop6,12,ITN 0%/IRS 0%/Larvicide 0%,0;0.4;0.4_0;0;0_0;0;0_-100;2;5475_-100;2;5475_-100;2;5475,21.5068493150685,Prevalence,0.000582318817553707
NbyGQVwzFc_loc12_loop6,12,ITN 0%/IRS 0%/Larvicide 0%,0;0.4;0.4_0;0;0_0;0;0_-100;2;5475_-100;2;5475_-100;2;5475,21.5095890410959,Prevalence,0.000583707048182685
NbyGQVwzFc_loc12_loop6,12,ITN 0%/IRS 0%/Larvicide 0%,0;0.4;0.4_0;0;0_0;0;0_-100;2;5475_-100;2;5475_-100;2;5475,21.5123287671233,Prevalence,0.000585100374472182
NbyGQVwzFc_loc12_loop6,12,ITN 0%/IRS 0%/Larvicide 0%,0;0.4;0.4_0;0;0_0;0;0_-100;2;5475_-100;2;5475_-100;2;5475,21.5150684931507,Prevalence,0.000586498801845061
NbyGQVwzFc_loc12_loop6,12,ITN 0%/IRS 0%/Larvicide 0%,0;0.4;0.4_0;0;0_0;0;0_-100;2;5475_-100;2;5475_-100;2;5475,21.5178082191781,Prevalence,0.000587902335787415
NbyGQVwzFc_loc12_loop6,12,ITN 0%/IRS 0%/Larvicide 0%,0;0.4;0.4_0;0;0_0;0;0_-100;2;5475_-100;2;5475_-100;2;5475,21.5205479452055,Prevalence,0.000589310981848236
NbyGQVwzFc_loc12_loop6,12,ITN 0%/IRS 0%/Larvicide 0%,0;0.4;0.4_0;0;0_0;0;0_-100;2;5475_-100;2;5475_-100;2;5475,21.5232876712329,Prevalence,0.00059072474563911
NbyGQVwzFc_loc12_loop6,12,ITN 0%/IRS 0%/Larvicide 0%,0;0.4;0.4_0;0;0_0;0;0_-100;2;5475_-100;2;5475_-100;2;5475,21.5260273972603,Prevalence,0.000592143632833848
NbyGQVwzFc_loc12_loop6,12,ITN 0%/IRS 0%/Larvicide 0%,0;0.4;0.4_0;0;0_0;0;0_-100;2;5475_-100;2;5475_-100;2;5475,21.5287671232877,Prevalence,0.000593567649168313
NbyGQVwzFc_loc12_loop6,12,ITN 0%/IRS 0%/Larvicide 0%,0;0.4;0.4_0;0;0_0;0;0_-100;2;5475_-100;2;5475_-100;2;5475,21.5315068493151,Prevalence,0.000594996800440175
NbyGQVwzFc_loc12_loop6,12,ITN 0%/IRS 0%/Larvicide 0%,0;0.4;0.4_0;0;0_0;0;0_-100;2;5475_-100;2;5475_-100;2;5475,21.5342465753425,Prevalence,0.000596431092508631
NbyGQVwzFc_loc12_loop6,12,ITN 0%/IRS 0%/Larvicide 0%,0;0.4;0.4_0;0;0_0;0;0_-100;2;5475_-100;2;5475_-100;2;5475,21.5369863013699,Prevalence,0.000597870531294168
NbyGQVwzFc_loc12_loop6,12,ITN 0%/IRS 0%/Larvicide 0%,0;0.4;0.4_0;0;0_0;0;0_-100;2;5475_-100;2;5475_-100;2;5475,21.5397260273973,Prevalence,0.000599315122778344
NbyGQVwzFc_loc12_loop6,12,ITN 0%/IRS 0%/Larvicide 0%,0;0.4;0.4_0;0;0_0;0;0_-100;2;5475_-100;2;5475_-100;2;5475,21.5424657534247,Prevalence,0.000600764873003565
NbyGQVwzFc_loc12_loop6,12,ITN 0%/IRS 0%/Larvicide 0%,0;0.4;0.4_0;0;0_0;0;0_-100;2;5475_-100;2;5475_-100;2;5475,21.5452054794521,Prevalence,0.000602219788072875
NbyGQVwzFc_loc12_loop6,12,ITN 0%/IRS 0%/Larvicide 0%,0;0.4;0.4_0;0;0_0;0;0_-100;2;5475_-100;2;5475_-100;2;5475,21.5479452054795,Prevalence,0.000603679874149756
NbyGQVwzFc_loc12_loop6,12,ITN 0%/IRS 0%/Larvicide 0%,0;0.4;0.4_0;0;0_0;0;0_-100;2;5475_-100;2;5475_-100;2;5475,21.5506849315069,Prevalence,0.000605145137457921
NbyGQVwzFc_loc12_loop6,12,ITN 0%/IRS 0%/Larvicide 0%,0;0.4;0.4_0;0;0_0;0;0_-100;2;5475_-100;2;5475_-100;2;5475,21.5534246575342,Prevalence,0.000606615584281116
NbyGQVwzFc_loc12_loop6,12,ITN 0%/IRS 0%/Larvicide 0%,0;0.4;0.4_0;0;0_0;0;0_-100;2;5475_-100;2;5475_-100;2;5475,21.5561643835616,Prevalence,0.000608091220962931
NbyGQVwzFc_loc12_loop6,12,ITN 0%/IRS 0%/Larvicide 0%,0;0.4;0.4_0;0;0_0;0;0_-100;2;5475_-100;2;5475_-100;2;5475,21.558904109589,Prevalence,0.000609572053906605
NbyGQVwzFc_loc12_loop6,12,ITN 0%/IRS 0%/Larvicide 0%,0;0.4;0.4_0;0;0_0;0;0_-100;2;5475_-100;2;5475_-100;2;5475,21.5616438356164,Prevalence,0.00061105808957483
NbyGQVwzFc_loc12_loop6,12,ITN 0%/IRS 0%/Larvicide 0%,0;0.4;0.4_0;0;0_0;0;0_-100;2;5475_-100;2;5475_-100;2;5475,21.5643835616438,Prevalence,0.000612549334489564
NbyGQVwzFc_loc12_loop6,12,ITN 0%/IRS 0%/Larvicide 0%,0;0.4;0.4_0;0;0_0;0;0_-100;2;5475_-100;2;5475_-100;2;5475,21.5671232876712,Prevalence,0.000614045795231841
NbyGQVwzFc_loc12_loop6,12,ITN 0%/IRS 0%/Larvicide 0%,0;0.4;0.4_0;0;0_0;0;0_-100;2;5475_-100;2;5475_-100;2;5475,21.5698630136986,Prevalence,0.000615547478441573
NbyGQVwzFc_loc12_loop6,12,ITN 0%/IRS 0%/Larvicide 0%,0;0.4;0.4_0;0;0_0;0;0_-100;2;5475_-100;2;5475_-100;2;5475,21.572602739726,Prevalence,0.000617054390817348
NbyGQVwzFc_loc12_loop6,12,ITN 0%/IRS 0%/Larvicide 0%,0;0.4;0.4_0;0;0_0;0;0_-100;2;5475_-100;2;5475_-100;2;5475,21.5753424657534,Prevalence,0.000618566539116191
NbyGQVwzFc_loc12_loop6,12,ITN 0%/IRS 0%/Larvicide 0%,0;0.4;0.4_0;0;0_0;0;0_-100;2;5475_-100;2;5475_-100;2;5475,21.5780821917808,Prevalence,0.000620083930153502
NbyGQVwzFc_loc12_loop6,12,ITN 0%/IRS 0%/Larvicide 0%,0;0.4;0.4_0;0;0_0;0;0_-100;2;5475_-100;2;5475_-100;2;5475,21.5808219178082,Prevalence,0.000621606570802793
NbyGQVwzFc_loc12_loop6,12,ITN 0%/IRS 0%/Larvicide 0%,0;0.4;0.4_0;0;0_0;0;0_-100;2;5475_-100;2;5475_-100;2;5475,21.5835616438356,Prevalence,0.000623134467995496
NbyGQVwzFc_loc12_loop6,12,ITN 0%/IRS 0%/Larvicide 0%,0;0.4;0.4_0;0;0_0;0;0_-100;2;5475_-100;2;5475_-100;2;5475,21.586301369863,Prevalence,0.00062466762872076
NbyGQVwzFc_loc12_loop6,12,ITN 0%/IRS 0%/Larvicide 0%,0;0.4;0.4_0;0;0_0;0;0_-100;2;5475_-100;2;5475_-100;2;5475,21.5890410958904,Prevalence,0.000626206060025256
NbyGQVwzFc_loc12_loop6,12,ITN 0%/IRS 0%/Larvicide 0%,0;0.4;0.4_0;0;0_0;0;0_-100;2;5475_-100;2;5475_-100;2;5475,21.5917808219178,Prevalence,0.000627749769012971
NbyGQVwzFc_loc12_loop6,12,ITN 0%/IRS 0%/Larvicide 0%,0;0.4;0.4_0;0;0_0;0;0_-100;2;5475_-100;2;5475_-100;2;5475,21.5945205479452,Prevalence,0.00062929876284501
NbyGQVwzFc_loc12_loop6,12,ITN 0%/IRS 0%/Larvicide 0%,0;0.4;0.4_0;0;0_0;0;0_-100;2;5475_-100;2;5475_-100;2;5475,21.5972602739726,Prevalence,0.000630853048739397
NbyGQVwzFc_loc12_loop6,12,ITN 0%/IRS 0%/Larvicide 0%,0;0.4;0.4_0;0;0_0;0;0_-100;2;5475_-100;2;5475_-100;2;5475,21.6,Prevalence,0.000632412633970865
NbyGQVwzFc_loc12_loop6,12,ITN 0%/IRS 0%/Larvicide 0%,0;0.4;0.4_0;0;0_0;0;0_-100;2;5475_-100;2;5475_-100;2;5475,21.6027397260274,Prevalence,0.000633977525870652
NbyGQVwzFc_loc12_loop6,12,ITN 0%/IRS 0%/Larvicide 0%,0;0.4;0.4_0;0;0_0;0;0_-100;2;5475_-100;2;5475_-100;2;5475,21.6054794520548,Prevalence,0.000635547731826303
NbyGQVwzFc_loc12_loop6,12,ITN 0%/IRS 0%/Larvicide 0%,0;0.4;0.4_0;0;0_0;0;0_-100;2;5475_-100;2;5475_-100;2;5475,21.6082191780822,Prevalence,0.000637123259281454
NbyGQVwzFc_loc12_loop6,12,ITN 0%/IRS 0%/Larvicide 0%,0;0.4;0.4_0;0;0_0;0;0_-100;2;5475_-100;2;5475_-100;2;5475,21.6109589041096,Prevalence,0.000638704115735628
NbyGQVwzFc_loc12_loop6,12,ITN 0%/IRS 0%/Larvicide 0%,0;0.4;0.4_0;0;0_0;0;0_-100;2;5475_-100;2;5475_-100;2;5475,21.613698630137,Prevalence,0.00064029030874403
NbyGQVwzFc_loc12_loop6,12,ITN 0%/IRS 0%/Larvicide 0%,0;0.4;0.4_0;0;0_0;0;0_-100;2;5475_-100;2;5475_-100;2;5475,21.6164383561644,Prevalence,0.000641881845917338
NbyGQVwzFc_loc12_loop6,12,ITN 0%/IRS 0%/Larvicide 0%,0;0.4;0.4_0;0;0_0;0;0_-100;2;5475_-100;2;5475_-100;2;5475,21.6191780821918,Prevalence,0.000643478734921489
NbyGQVwzFc_loc12_loop6,12,ITN 0%/IRS 0%/Larvicide 0%,0;0.4;0.4_0;0;0_0;0;0_-100;2;5475_-100;2;5475_-100;2;5475,21.6219178082192,Prevalence,0.000645080983477448
NbyGQVwzFc_loc12_loop6,12,ITN 0%/IRS 0%/Larvicide 0%,0;0.4;0.4_0;0;0_0;0;0_-100;2;5475_-100;2;5475_-100;2;5475,21.6246575342466,Prevalence,0.000646688599361005
NbyGQVwzFc_loc12_loop6,12,ITN 0%/IRS 0%/Larvicide 0%,0;0.4;0.4_0;0;0_0;0;0_-100;2;5475_-100;2;5475_-100;2;5475,21.627397260274,Prevalence,0.000648301590402642
NbyGQVwzFc_loc12_loop6,12,ITN 0%/IRS 0%/Larvicide 0%,0;0.4;0.4_0;0;0_0;0;0_-100;2;5475_-100;2;5475_-100;2;5475,21.6301369863014,Prevalence,0.000649919964487279
NbyGQVwzFc_loc12_loop6,12,ITN 0%/IRS 0%/Larvicide 0%,0;0.4;0.4_0;0;0_0;0;0_-100;2;5475_-100;2;5475_-100;2;5475,21.6328767123288,Prevalence,0.000651543729554053
NbyGQVwzFc_loc12_loop6,12,ITN 0%/IRS 0%/Larvicide 0%,0;0.4;0.4_0;0;0_0;0;0_-100;2;5475_-100;2;5475_-100;2;5475,21.6356164383562,Prevalence,0.000653172893596118
NbyGQVwzFc_loc12_loop6,12,ITN 0%/IRS 0%/Larvicide 0%,0;0.4;0.4_0;0;0_0;0;0_-100;2;5475_-100;2;5475_-100;2;5475,21.6383561643836,Prevalence,0.000654807464660435
NbyGQVwzFc_loc12_loop6,12,ITN 0%/IRS 0%/Larvicide 0%,0;0.4;0.4_0;0;0_0;0;0_-100;2;5475_-100;2;5475_-100;2;5475,21.641095890411,Prevalence,0.000656447450847561
NbyGQVwzFc_loc12_loop6,12,ITN 0%/IRS 0%/Larvicide 0%,0;0.4;0.4_0;0;0_0;0;0_-100;2;5475_-100;2;5475_-100;2;5475,21.6438356164384,Prevalence,0.000658092860311449
NbyGQVwzFc_loc12_loop6,12,ITN 0%/IRS 0%/Larvicide 0%,0;0.4;0.4_0;0;0_0;0;0_-100;2;5475_-100;2;5475_-100;2;5475,21.6465753424658,Prevalence,0.000659743701259231
NbyGQVwzFc_loc12_loop6,12,ITN 0%/IRS 0%/Larvicide 0%,0;0.4;0.4_0;0;0_0;0;0_-100;2;5475_-100;2;5475_-100;2;5475,21.6493150684932,Prevalence,0.000661399981951019
NbyGQVwzFc_loc12_loop6,12,ITN 0%/IRS 0%/Larvicide 0%,0;0.4;0.4_0;0;0_0;0;0_-100;2;5475_-100;2;5475_-100;2;5475,21.6520547945205,Prevalence,0.000663061710699704
NbyGQVwzFc_loc12_loop6,12,ITN 0%/IRS 0%/Larvicide 0%,0;0.4;0.4_0;0;0_0;0;0_-100;2;5475_-100;2;5475_-100;2;5475,21.6547945205479,Prevalence,0.00066472889587074
NbyGQVwzFc_loc12_loop6,12,ITN 0%/IRS 0%/Larvicide 0%,0;0.4;0.4_0;0;0_0;0;0_-100;2;5475_-100;2;5475_-100;2;5475,21.6575342465753,Prevalence,0.000666401545881948
NbyGQVwzFc_loc12_loop6,12,ITN 0%/IRS 0%/Larvicide 0%,0;0.4;0.4_0;0;0_0;0;0_-100;2;5475_-100;2;5475_-100;2;5475,21.6602739726027,Prevalence,0.000668079669203311
NbyGQVwzFc_loc12_loop6,12,ITN 0%/IRS 0%/Larvicide 0%,0;0.4;0.4_0;0;0_0;0;0_-100;2;5475_-100;2;5475_-100;2;5475,21.6630136986301,Prevalence,0.000669763274356771
NbyGQVwzFc_loc12_loop6,12,ITN 0%/IRS 0%/Larvicide 0%,0;0.4;0.4_0;0;0_0;0;0_-100;2;5475_-100;2;5475_-100;2;5475,21.6657534246575,Prevalence,0.000671452369916027
NbyGQVwzFc_loc12_loop6,12,ITN 0%/IRS 0%/Larvicide 0%,0;0.4;0.4_0;0;0_0;0;0_-100;2;5475_-100;2;5475_-100;2;5475,21.6684931506849,Prevalence,0.000673146964506337
NbyGQVwzFc_loc12_loop6,12,ITN 0%/IRS 0%/Larvicide 0%,0;0.4;0.4_0;0;0_0;0;0_-100;2;5475_-100;2;5475_-100;2;5475,21.6712328767123,Prevalence,0.000674847066804299
NbyGQVwzFc_loc12_loop6,12,ITN 0%/IRS 0%/Larvicide 0%,0;0.4;0.4_0;0;0_0;0;0_-100;2;5475_-100;2;5475_-100;2;5475,21.6739726027397,Prevalence,0.000676552685537638
NbyGQVwzFc_loc12_loop6,12,ITN 0%/IRS 0%/Larvicide 0%,0;0.4;0.4_0;0;0_0;0;0_-100;2;5475_-100;2;5475_-100;2;5475,21.6767123287671,Prevalence,0.000678263829485097
NbyGQVwzFc_loc12_loop6,12,ITN 0%/IRS 0%/Larvicide 0%,0;0.4;0.4_0;0;0_0;0;0_-100;2;5475_-100;2;5475_-100;2;5475,21.6794520547945,Prevalence,0.00067998050747619
NbyGQVwzFc_loc12_loop6,12,ITN 0%/IRS 0%/Larvicide 0%,0;0.4;0.4_0;0;0_0;0;0_-100;2;5475_-100;2;5475_-100;2;5475,21.6821917808219,Prevalence,0.000681702728390998
NbyGQVwzFc_loc12_loop6,12,ITN 0%/IRS 0%/Larvicide 0%,0;0.4;0.4_0;0;0_0;0;0_-100;2;5475_-100;2;5475_-100;2;5475,21.6849315068493,Prevalence,0.000683430501159974
NbyGQVwzFc_loc12_loop6,12,ITN 0%/IRS 0%/Larvicide 0%,0;0.4;0.4_0;0;0_0;0;0_-100;2;5475_-100;2;5475_-100;2;5475,21.6876712328767,Prevalence,0.000685163834763741
NbyGQVwzFc_loc12_loop6,12,ITN 0%/IRS 0%/Larvicide 0%,0;0.4;0.4_0;0;0_0;0;0_-100;2;5475_-100;2;5475_-100;2;5475,21.6904109589041,Prevalence,0.000686902738232908
NbyGQVwzFc_loc12_loop6,12,ITN 0%/IRS 0%/Larvicide 0%,0;0.4;0.4_0;0;0_0;0;0_-100;2;5475_-100;2;5475_-100;2;5475,21.6931506849315,Prevalence,0.000688647220647868
NbyGQVwzFc_loc12_loop6,12,ITN 0%/IRS 0%/Larvicide 0%,0;0.4;0.4_0;0;0_0;0;0_-100;2;5475_-100;2;5475_-100;2;5475,21.6958904109589,Prevalence,0.000690397291138608
NbyGQVwzFc_loc12_loop6,12,ITN 0%/IRS 0%/Larvicide 0%,0;0.4;0.4_0;0;0_0;0;0_-100;2;5475_-100;2;5475_-100;2;5475,21.6986301369863,Prevalence,0.000692152958884513
NbyGQVwzFc_loc12_loop6,12,ITN 0%/IRS 0%/Larvicide 0%,0;0.4;0.4_0;0;0_0;0;0_-100;2;5475_-100;2;5475_-100;2;5475,21.7013698630137,Prevalence,0.00069391423311418
NbyGQVwzFc_loc12_loop6,12,ITN 0%/IRS 0%/Larvicide 0%,0;0.4;0.4_0;0;0_0;0;0_-100;2;5475_-100;2;5475_-100;2;5475,21.7041095890411,Prevalence,0.000695681123105224
NbyGQVwzFc_loc12_loop6,12,ITN 0%/IRS 0%/Larvicide 0%,0;0.4;0.4_0;0;0_0;0;0_-100;2;5475_-100;2;5475_-100;2;5475,21.7068493150685,Prevalence,0.000697453638184086
NbyGQVwzFc_loc12_loop6,12,ITN 0%/IRS 0%/Larvicide 0%,0;0.4;0.4_0;0;0_0;0;0_-100;2;5475_-100;2;5475_-100;2;5475,21.7095890410959,Prevalence,0.000699231787725844
NbyGQVwzFc_loc12_loop6,12,ITN 0%/IRS 0%/Larvicide 0%,0;0.4;0.4_0;0;0_0;0;0_-100;2;5475_-100;2;5475_-100;2;5475,21.7123287671233,Prevalence,0.000701015581154028
NbyGQVwzFc_loc12_loop6,12,ITN 0%/IRS 0%/Larvicide 0%,0;0.4;0.4_0;0;0_0;0;0_-100;2;5475_-100;2;5475_-100;2;5475,21.7150684931507,Prevalence,0.000702805027940424
NbyGQVwzFc_loc12_loop6,12,ITN 0%/IRS 0%/Larvicide 0%,0;0.4;0.4_0;0;0_0;0;0_-100;2;5475_-100;2;5475_-100;2;5475,21.7178082191781,Prevalence,0.000704600137604892
NbyGQVwzFc_loc12_loop6,12,ITN 0%/IRS 0%/Larvicide 0%,0;0.4;0.4_0;0;0_0;0;0_-100;2;5475_-100;2;5475_-100;2;5475,21.7205479452055,Prevalence,0.000706400919715175
NbyGQVwzFc_loc12_loop6,12,ITN 0%/IRS 0%/Larvicide 0%,0;0.4;0.4_0;0;0_0;0;0_-100;2;5475_-100;2;5475_-100;2;5475,21.7232876712329,Prevalence,0.000708207383886684
NbyGQVwzFc_loc12_loop6,12,ITN 0%/IRS 0%/Larvicide 0%,0;0.4;0.4_0;0;0_0;0;0_-100;2;5475_-100;2;5475_-100;2;5475,21.7260273972603,Prevalence,0.00071001953978237
NbyGQVwzFc_loc12_loop6,12,ITN 0%/IRS 0%/Larvicide 0%,0;0.4;0.4_0;0;0_0;0;0_-100;2;5475_-100;2;5475_-100;2;5475,21.7287671232877,Prevalence,0.000711837397112547
NbyGQVwzFc_loc12_loop6,12,ITN 0%/IRS 0%/Larvicide 0%,0;0.4;0.4_0;0;0_0;0;0_-100;2;5475_-100;2;5475_-100;2;5475,21.7315068493151,Prevalence,0.00071366096563467
NbyGQVwzFc_loc12_loop6,12,ITN 0%/IRS 0%/Larvicide 0%,0;0.4;0.4_0;0;0_0;0;0_-100;2;5475_-100;2;5475_-100;2;5475,21.7342465753425,Prevalence,0.000715490255153154
NbyGQVwzFc_loc12_loop6,12,ITN 0%/IRS 0%/Larvicide 0%,0;0.4;0.4_0;0;0_0;0;0_-100;2;5475_-100;2;5475_-100;2;5475,21.7369863013699,Prevalence,0.000717325275519186
NbyGQVwzFc_loc12_loop6,12,ITN 0%/IRS 0%/Larvicide 0%,0;0.4;0.4_0;0;0_0;0;0_-100;2;5475_-100;2;5475_-100;2;5475,21.7397260273973,Prevalence,0.000719166036630544
NbyGQVwzFc_loc12_loop6,12,ITN 0%/IRS 0%/Larvicide 0%,0;0.4;0.4_0;0;0_0;0;0_-100;2;5475_-100;2;5475_-100;2;5475,21.7424657534247,Prevalence,0.000721012548431416
NbyGQVwzFc_loc12_loop6,12,ITN 0%/IRS 0%/Larvicide 0%,0;0.4;0.4_0;0;0_0;0;0_-100;2;5475_-100;2;5475_-100;2;5475,21.7452054794521,Prevalence,0.000722864820912208
NbyGQVwzFc_loc12_loop6,12,ITN 0%/IRS 0%/Larvicide 0%,0;0.4;0.4_0;0;0_0;0;0_-100;2;5475_-100;2;5475_-100;2;5475,21.7479452054795,Prevalence,0.000724722864109376
NbyGQVwzFc_loc12_loop6,12,ITN 0%/IRS 0%/Larvicide 0%,0;0.4;0.4_0;0;0_0;0;0_-100;2;5475_-100;2;5475_-100;2;5475,21.7506849315069,Prevalence,0.000726586688105227
NbyGQVwzFc_loc12_loop6,12,ITN 0%/IRS 0%/Larvicide 0%,0;0.4;0.4_0;0;0_0;0;0_-100;2;5475_-100;2;5475_-100;2;5475,21.7534246575342,Prevalence,0.000728456303027754
NbyGQVwzFc_loc12_loop6,12,ITN 0%/IRS 0%/Larvicide 0%,0;0.4;0.4_0;0;0_0;0;0_-100;2;5475_-100;2;5475_-100;2;5475,21.7561643835616,Prevalence,0.000730331719050439
NbyGQVwzFc_loc12_loop6,12,ITN 0%/IRS 0%/Larvicide 0%,0;0.4;0.4_0;0;0_0;0;0_-100;2;5475_-100;2;5475_-100;2;5475,21.758904109589,Prevalence,0.000732212946392086
NbyGQVwzFc_loc12_loop6,12,ITN 0%/IRS 0%/Larvicide 0%,0;0.4;0.4_0;0;0_0;0;0_-100;2;5475_-100;2;5475_-100;2;5475,21.7616438356164,Prevalence,0.000734099995316635
NbyGQVwzFc_loc12_loop6,12,ITN 0%/IRS 0%/Larvicide 0%,0;0.4;0.4_0;0;0_0;0;0_-100;2;5475_-100;2;5475_-100;2;5475,21.7643835616438,Prevalence,0.000735992876132977
NbyGQVwzFc_loc12_loop6,12,ITN 0%/IRS 0%/Larvicide 0%,0;0.4;0.4_0;0;0_0;0;0_-100;2;5475_-100;2;5475_-100;2;5475,21.7671232876712,Prevalence,0.000737891599194782
NbyGQVwzFc_loc12_loop6,12,ITN 0%/IRS 0%/Larvicide 0%,0;0.4;0.4_0;0;0_0;0;0_-100;2;5475_-100;2;5475_-100;2;5475,21.7698630136986,Prevalence,0.000739796174900317
NbyGQVwzFc_loc12_loop6,12,ITN 0%/IRS 0%/Larvicide 0%,0;0.4;0.4_0;0;0_0;0;0_-100;2;5475_-100;2;5475_-100;2;5475,21.772602739726,Prevalence,0.000741706613692265
NbyGQVwzFc_loc12_loop6,12,ITN 0%/IRS 0%/Larvicide 0%,0;0.4;0.4_0;0;0_0;0;0_-100;2;5475_-100;2;5475_-100;2;5475,21.7753424657534,Prevalence,0.000743622926057527
NbyGQVwzFc_loc12_loop6,12,ITN 0%/IRS 0%/Larvicide 0%,0;0.4;0.4_0;0;0_0;0;0_-100;2;5475_-100;2;5475_-100;2;5475,21.7780821917808,Prevalence,0.000745545122527102
NbyGQVwzFc_loc12_loop6,12,ITN 0%/IRS 0%/Larvicide 0%,0;0.4;0.4_0;0;0_0;0;0_-100;2;5475_-100;2;5475_-100;2;5475,21.7808219178082,Prevalence,0.000747473213675897
NbyGQVwzFc_loc12_loop6,12,ITN 0%/IRS 0%/Larvicide 0%,0;0.4;0.4_0;0;0_0;0;0_-100;2;5475_-100;2;5475_-100;2;5475,21.7835616438356,Prevalence,0.000749407210122527
NbyGQVwzFc_loc12_loop6,12,ITN 0%/IRS 0%/Larvicide 0%,0;0.4;0.4_0;0;0_0;0;0_-100;2;5475_-100;2;5475_-100;2;5475,21.786301369863,Prevalence,0.000751347122529138
NbyGQVwzFc_loc12_loop6,12,ITN 0%/IRS 0%/Larvicide 0%,0;0.4;0.4_0;0;0_0;0;0_-100;2;5475_-100;2;5475_-100;2;5475,21.7890410958904,Prevalence,0.000753292961601225
NbyGQVwzFc_loc12_loop6,12,ITN 0%/IRS 0%/Larvicide 0%,0;0.4;0.4_0;0;0_0;0;0_-100;2;5475_-100;2;5475_-100;2;5475,21.7917808219178,Prevalence,0.000755244738087459
NbyGQVwzFc_loc12_loop6,12,ITN 0%/IRS 0%/Larvicide 0%,0;0.4;0.4_0;0;0_0;0;0_-100;2;5475_-100;2;5475_-100;2;5475,21.7945205479452,Prevalence,0.000757202462779509
NbyGQVwzFc_loc12_loop6,12,ITN 0%/IRS 0%/Larvicide 0%,0;0.4;0.4_0;0;0_0;0;0_-100;2;5475_-100;2;5475_-100;2;5475,21.7972602739726,Prevalence,0.000759166146511868
NbyGQVwzFc_loc12_loop6,12,ITN 0%/IRS 0%/Larvicide 0%,0;0.4;0.4_0;0;0_0;0;0_-100;2;5475_-100;2;5475_-100;2;5475,21.8,Prevalence,0.000761135800161672
NbyGQVwzFc_loc12_loop6,12,ITN 0%/IRS 0%/Larvicide 0%,0;0.4;0.4_0;0;0_0;0;0_-100;2;5475_-100;2;5475_-100;2;5475,21.8027397260274,Prevalence,0.000763111434648526
NbyGQVwzFc_loc12_loop6,12,ITN 0%/IRS 0%/Larvicide 0%,0;0.4;0.4_0;0;0_0;0;0_-100;2;5475_-100;2;5475_-100;2;5475,21.8054794520548,Prevalence,0.000765093060934334
NbyGQVwzFc_loc12_loop6,12,ITN 0%/IRS 0%/Larvicide 0%,0;0.4;0.4_0;0;0_0;0;0_-100;2;5475_-100;2;5475_-100;2;5475,21.8082191780822,Prevalence,0.00076708069002311
NbyGQVwzFc_loc12_loop6,12,ITN 0%/IRS 0%/Larvicide 0%,0;0.4;0.4_0;0;0_0;0;0_-100;2;5475_-100;2;5475_-100;2;5475,21.8109589041096,Prevalence,0.000769074332960817
NbyGQVwzFc_loc12_loop6,12,ITN 0%/IRS 0%/Larvicide 0%,0;0.4;0.4_0;0;0_0;0;0_-100;2;5475_-100;2;5475_-100;2;5475,21.813698630137,Prevalence,0.000771074000835187
NbyGQVwzFc_loc12_loop6,12,ITN 0%/IRS 0%/Larvicide 0%,0;0.4;0.4_0;0;0_0;0;0_-100;2;5475_-100;2;5475_-100;2;5475,21.8164383561644,Prevalence,0.000773079704775538
NbyGQVwzFc_loc12_loop6,12,ITN 0%/IRS 0%/Larvicide 0%,0;0.4;0.4_0;0;0_0;0;0_-100;2;5475_-100;2;5475_-100;2;5475,21.8191780821918,Prevalence,0.000775091455952613
NbyGQVwzFc_loc12_loop6,12,ITN 0%/IRS 0%/Larvicide 0%,0;0.4;0.4_0;0;0_0;0;0_-100;2;5475_-100;2;5475_-100;2;5475,21.8219178082192,Prevalence,0.000777109265578396
NbyGQVwzFc_loc12_loop6,12,ITN 0%/IRS 0%/Larvicide 0%,0;0.4;0.4_0;0;0_0;0;0_-100;2;5475_-100;2;5475_-100;2;5475,21.8246575342466,Prevalence,0.000779133144905941
NbyGQVwzFc_loc12_loop6,12,ITN 0%/IRS 0%/Larvicide 0%,0;0.4;0.4_0;0;0_0;0;0_-100;2;5475_-100;2;5475_-100;2;5475,21.827397260274,Prevalence,0.000781163105229189
NbyGQVwzFc_loc12_loop6,12,ITN 0%/IRS 0%/Larvicide 0%,0;0.4;0.4_0;0;0_0;0;0_-100;2;5475_-100;2;5475_-100;2;5475,21.8301369863014,Prevalence,0.000783199157882819
NbyGQVwzFc_loc12_loop6,12,ITN 0%/IRS 0%/Larvicide 0%,0;0.4;0.4_0;0;0_0;0;0_-100;2;5475_-100;2;5475_-100;2;5475,21.8328767123288,Prevalence,0.000785241314242095
NbyGQVwzFc_loc12_loop6,12,ITN 0%/IRS 0%/Larvicide 0%,0;0.4;0.4_0;0;0_0;0;0_-100;2;5475_-100;2;5475_-100;2;5475,21.8356164383562,Prevalence,0.000787289585722661
NbyGQVwzFc_loc12_loop6,12,ITN 0%/IRS 0%/Larvicide 0%,0;0.4;0.4_0;0;0_0;0;0_-100;2;5475_-100;2;5475_-100;2;5475,21.8383561643836,Prevalence,0.000789343983780361
NbyGQVwzFc_loc12_loop6,12,ITN 0%/IRS 0%/Larvicide 0%,0;0.4;0.4_0;0;0_0;0;0_-100;2;5475_-100;2;5475_-100;2;5475,21.841095890411,Prevalence,0.000791404519911068
NbyGQVwzFc_loc12_loop6,12,ITN 0%/IRS 0%/Larvicide 0%,0;0.4;0.4_0;0;0_0;0;0_-100;2;5475_-100;2;5475_-100;2;5475,21.8438356164384,Prevalence,0.000793471205650509
NbyGQVwzFc_loc12_loop6,12,ITN 0%/IRS 0%/Larvicide 0%,0;0.4;0.4_0;0;0_0;0;0_-100;2;5475_-100;2;5475_-100;2;5475,21.8465753424658,Prevalence,0.000795544052574091
NbyGQVwzFc_loc12_loop6,12,ITN 0%/IRS 0%/Larvicide 0%,0;0.4;0.4_0;0;0_0;0;0_-100;2;5475_-100;2;5475_-100;2;5475,21.8493150684932,Prevalence,0.000797623072296729
NbyGQVwzFc_loc12_loop6,12,ITN 0%/IRS 0%/Larvicide 0%,0;0.4;0.4_0;0;0_0;0;0_-100;2;5475_-100;2;5475_-100;2;5475,21.8520547945205,Prevalence,0.000799708276472681
NbyGQVwzFc_loc12_loop6,12,ITN 0%/IRS 0%/Larvicide 0%,0;0.4;0.4_0;0;0_0;0;0_-100;2;5475_-100;2;5475_-100;2;5475,21.8547945205479,Prevalence,0.000801799676795354
NbyGQVwzFc_loc12_loop6,12,ITN 0%/IRS 0%/Larvicide 0%,0;0.4;0.4_0;0;0_0;0;0_-100;2;5475_-100;2;5475_-100;2;5475,21.8575342465753,Prevalence,0.000803897284997154
NbyGQVwzFc_loc12_loop6,12,ITN 0%/IRS 0%/Larvicide 0%,0;0.4;0.4_0;0;0_0;0;0_-100;2;5475_-100;2;5475_-100;2;5475,21.8602739726027,Prevalence,0.000806001112849299
NbyGQVwzFc_loc12_loop6,12,ITN 0%/IRS 0%/Larvicide 0%,0;0.4;0.4_0;0;0_0;0;0_-100;2;5475_-100;2;5475_-100;2;5475,21.8630136986301,Prevalence,0.000808111172161649
NbyGQVwzFc_loc12_loop6,12,ITN 0%/IRS 0%/Larvicide 0%,0;0.4;0.4_0;0;0_0;0;0_-100;2;5475_-100;2;5475_-100;2;5475,21.8657534246575,Prevalence,0.000810227474782539
NbyGQVwzFc_loc12_loop6,12,ITN 0%/IRS 0%/Larvicide 0%,0;0.4;0.4_0;0;0_0;0;0_-100;2;5475_-100;2;5475_-100;2;5475,21.8684931506849,Prevalence,0.000812350032598597
NbyGQVwzFc_loc12_loop6,12,ITN 0%/IRS 0%/Larvicide 0%,0;0.4;0.4_0;0;0_0;0;0_-100;2;5475_-100;2;5475_-100;2;5475,21.8712328767123,Prevalence,0.000814478857534578
NbyGQVwzFc_loc12_loop6,12,ITN 0%/IRS 0%/Larvicide 0%,0;0.4;0.4_0;0;0_0;0;0_-100;2;5475_-100;2;5475_-100;2;5475,21.8739726027397,Prevalence,0.00081661396155319
NbyGQVwzFc_loc12_loop6,12,ITN 0%/IRS 0%/Larvicide 0%,0;0.4;0.4_0;0;0_0;0;0_-100;2;5475_-100;2;5475_-100;2;5475,21.8767123287671,Prevalence,0.000818755356654924
NbyGQVwzFc_loc12_loop6,12,ITN 0%/IRS 0%/Larvicide 0%,0;0.4;0.4_0;0;0_0;0;0_-100;2;5475_-100;2;5475_-100;2;5475,21.8794520547945,Prevalence,0.000820903054877869
NbyGQVwzFc_loc12_loop6,12,ITN 0%/IRS 0%/Larvicide 0%,0;0.4;0.4_0;0;0_0;0;0_-100;2;5475_-100;2;5475_-100;2;5475,21.8821917808219,Prevalence,0.000823057068297554
NbyGQVwzFc_loc12_loop6,12,ITN 0%/IRS 0%/Larvicide 0%,0;0.4;0.4_0;0;0_0;0;0_-100;2;5475_-100;2;5475_-100;2;5475,21.8849315068493,Prevalence,0.000825217409026806
NbyGQVwzFc_loc12_loop6,12,ITN 0%/IRS 0%/Larvicide 0%,0;0.4;0.4_0;0;0_0;0;0_-100;2;5475_-100;2;5475_-100;2;5475,21.8876712328767,Prevalence,0.000827384089215561
NbyGQVwzFc_loc12_loop6,12,ITN 0%/IRS 0%/Larvicide 0%,0;0.4;0.4_0;0;0_0;0;0_-100;2;5475_-100;2;5475_-100;2;5475,21.8904109589041,Prevalence,0.000829557121050672
NbyGQVwzFc_loc12_loop6,12,ITN 0%/IRS 0%/Larvicide 0%,0;0.4;0.4_0;0;0_0;0;0_-100;2;5475_-100;2;5475_-100;2;5475,21.8931506849315,Prevalence,0.000831736516755744
NbyGQVwzFc_loc12_loop6,12,ITN 0%/IRS 0%/Larvicide 0%,0;0.4;0.4_0;0;0_0;0;0_-100;2;5475_-100;2;5475_-100;2;5475,21.8958904109589,Prevalence,0.00083392228859095
NbyGQVwzFc_loc12_loop6,12,ITN 0%/IRS 0%/Larvicide 0%,0;0.4;0.4_0;0;0_0;0;0_-100;2;5475_-100;2;5475_-100;2;5475,21.8986301369863,Prevalence,0.000836114448852863
NbyGQVwzFc_loc12_loop6,12,ITN 0%/IRS 0%/Larvicide 0%,0;0.4;0.4_0;0;0_0;0;0_-100;2;5475_-100;2;5475_-100;2;5475,21.9013698630137,Prevalence,0.000838313009874281
NbyGQVwzFc_loc12_loop6,12,ITN 0%/IRS 0%/Larvicide 0%,0;0.4;0.4_0;0;0_0;0;0_-100;2;5475_-100;2;5475_-100;2;5475,21.9041095890411,Prevalence,0.000840517984024066
NbyGQVwzFc_loc12_loop6,12,ITN 0%/IRS 0%/Larvicide 0%,0;0.4;0.4_0;0;0_0;0;0_-100;2;5475_-100;2;5475_-100;2;5475,21.9068493150685,Prevalence,0.00084272938370695
NbyGQVwzFc_loc12_loop6,12,ITN 0%/IRS 0%/Larvicide 0%,0;0.4;0.4_0;0;0_0;0;0_-100;2;5475_-100;2;5475_-100;2;5475,21.9095890410959,Prevalence,0.000844947221363377
NbyGQVwzFc_loc12_loop6,12,ITN 0%/IRS 0%/Larvicide 0%,0;0.4;0.4_0;0;0_0;0;0_-100;2;5475_-100;2;5475_-100;2;5475,21.9123287671233,Prevalence,0.000847171509469326
NbyGQVwzFc_loc12_loop6,12,ITN 0%/IRS 0%/Larvicide 0%,0;0.4;0.4_0;0;0_0;0;0_-100;2;5475_-100;2;5475_-100;2;5475,21.9150684931507,Prevalence,0.00084940226053614
NbyGQVwzFc_loc12_loop6,12,ITN 0%/IRS 0%/Larvicide 0%,0;0.4;0.4_0;0;0_0;0;0_-100;2;5475_-100;2;5475_-100;2;5475,21.9178082191781,Prevalence,0.000851639487110349
NbyGQVwzFc_loc12_loop6,12,ITN 0%/IRS 0%/Larvicide 0%,0;0.4;0.4_0;0;0_0;0;0_-100;2;5475_-100;2;5475_-100;2;5475,21.9205479452055,Prevalence,0.000853883201773499
NbyGQVwzFc_loc12_loop6,12,ITN 0%/IRS 0%/Larvicide 0%,0;0.4;0.4_0;0;0_0;0;0_-100;2;5475_-100;2;5475_-100;2;5475,21.9232876712329,Prevalence,0.000856133417141978
NbyGQVwzFc_loc12_loop6,12,ITN 0%/IRS 0%/Larvicide 0%,0;0.4;0.4_0;0;0_0;0;0_-100;2;5475_-100;2;5475_-100;2;5475,21.9260273972603,Prevalence,0.000858390145866839
NbyGQVwzFc_loc12_loop6,12,ITN 0%/IRS 0%/Larvicide 0%,0;0.4;0.4_0;0;0_0;0;0_-100;2;5475_-100;2;5475_-100;2;5475,21.9287671232877,Prevalence,0.000860653400633636
NbyGQVwzFc_loc12_loop6,12,ITN 0%/IRS 0%/Larvicide 0%,0;0.4;0.4_0;0;0_0;0;0_-100;2;5475_-100;2;5475_-100;2;5475,21.9315068493151,Prevalence,0.000862923194162239
NbyGQVwzFc_loc12_loop6,12,ITN 0%/IRS 0%/Larvicide 0%,0;0.4;0.4_0;0;0_0;0;0_-100;2;5475_-100;2;5475_-100;2;5475,21.9342465753425,Prevalence,0.000865199539206663
NbyGQVwzFc_loc12_loop6,12,ITN 0%/IRS 0%/Larvicide 0%,0;0.4;0.4_0;0;0_0;0;0_-100;2;5475_-100;2;5475_-100;2;5475,21.9369863013699,Prevalence,0.000867482448554904
NbyGQVwzFc_loc12_loop6,12,ITN 0%/IRS 0%/Larvicide 0%,0;0.4;0.4_0;0;0_0;0;0_-100;2;5475_-100;2;5475_-100;2;5475,21.9397260273973,Prevalence,0.000869771935028791
NbyGQVwzFc_loc12_loop6,12,ITN 0%/IRS 0%/Larvicide 0%,0;0.4;0.4_0;0;0_0;0;0_-100;2;5475_-100;2;5475_-100;2;5475,21.9424657534247,Prevalence,0.000872068011483794
NbyGQVwzFc_loc12_loop6,12,ITN 0%/IRS 0%/Larvicide 0%,0;0.4;0.4_0;0;0_0;0;0_-100;2;5475_-100;2;5475_-100;2;5475,21.9452054794521,Prevalence,0.000874370690808838
NbyGQVwzFc_loc12_loop6,12,ITN 0%/IRS 0%/Larvicide 0%,0;0.4;0.4_0;0;0_0;0;0_-100;2;5475_-100;2;5475_-100;2;5475,21.9479452054795,Prevalence,0.000876679985926126
NbyGQVwzFc_loc12_loop6,12,ITN 0%/IRS 0%/Larvicide 0%,0;0.4;0.4_0;0;0_0;0;0_-100;2;5475_-100;2;5475_-100;2;5475,21.9506849315069,Prevalence,0.000878995909790959
NbyGQVwzFc_loc12_loop6,12,ITN 0%/IRS 0%/Larvicide 0%,0;0.4;0.4_0;0;0_0;0;0_-100;2;5475_-100;2;5475_-100;2;5475,21.9534246575342,Prevalence,0.000881318475391564
NbyGQVwzFc_loc12_loop6,12,ITN 0%/IRS 0%/Larvicide 0%,0;0.4;0.4_0;0;0_0;0;0_-100;2;5475_-100;2;5475_-100;2;5475,21.9561643835616,Prevalence,0.000883647695748921
NbyGQVwzFc_loc12_loop6,12,ITN 0%/IRS 0%/Larvicide 0%,0;0.4;0.4_0;0;0_0;0;0_-100;2;5475_-100;2;5475_-100;2;5475,21.958904109589,Prevalence,0.000885983583916577
NbyGQVwzFc_loc12_loop6,12,ITN 0%/IRS 0%/Larvicide 0%,0;0.4;0.4_0;0;0_0;0;0_-100;2;5475_-100;2;5475_-100;2;5475,21.9616438356164,Prevalence,0.000888326152980492
NbyGQVwzFc_loc12_loop6,12,ITN 0%/IRS 0%/Larvicide 0%,0;0.4;0.4_0;0;0_0;0;0_-100;2;5475_-100;2;5475_-100;2;5475,21.9643835616438,Prevalence,0.000890675416058836
NbyGQVwzFc_loc12_loop6,12,ITN 0%/IRS 0%/Larvicide 0%,0;0.4;0.4_0;0;0_0;0;0_-100;2;5475_-100;2;5475_-100;2;5475,21.9671232876712,Prevalence,0.000893031386301832
NbyGQVwzFc_loc12_loop6,12,ITN 0%/IRS 0%/Larvicide 0%,0;0.4;0.4_0;0;0_0;0;0_-100;2;5475_-100;2;5475_-100;2;5475,21.9698630136986,Prevalence,0.000895394076891569
NbyGQVwzFc_loc12_loop6,12,ITN 0%/IRS 0%/Larvicide 0%,0;0.4;0.4_0;0;0_0;0;0_-100;2;5475_-100;2;5475_-100;2;5475,21.972602739726,Prevalence,0.000897763501041838
NbyGQVwzFc_loc12_loop6,12,ITN 0%/IRS 0%/Larvicide 0%,0;0.4;0.4_0;0;0_0;0;0_-100;2;5475_-100;2;5475_-100;2;5475,21.9753424657534,Prevalence,0.000900139671997937
NbyGQVwzFc_loc12_loop6,12,ITN 0%/IRS 0%/Larvicide 0%,0;0.4;0.4_0;0;0_0;0;0_-100;2;5475_-100;2;5475_-100;2;5475,21.9780821917808,Prevalence,0.000902522603036511
NbyGQVwzFc_loc12_loop6,12,ITN 0%/IRS 0%/Larvicide 0%,0;0.4;0.4_0;0;0_0;0;0_-100;2;5475_-100;2;5475_-100;2;5475,21.9808219178082,Prevalence,0.000904912307465364
NbyGQVwzFc_loc12_loop6,12,ITN 0%/IRS 0%/Larvicide 0%,0;0.4;0.4_0;0;0_0;0;0_-100;2;5475_-100;2;5475_-100;2;5475,21.9835616438356,Prevalence,0.000907308798623289
NbyGQVwzFc_loc12_loop6,12,ITN 0%/IRS 0%/Larvicide 0%,0;0.4;0.4_0;0;0_0;0;0_-100;2;5475_-100;2;5475_-100;2;5475,21.986301369863,Prevalence,0.00090971208987988
NbyGQVwzFc_loc12_loop6,12,ITN 0%/IRS 0%/Larvicide 0%,0;0.4;0.4_0;0;0_0;0;0_-100;2;5475_-100;2;5475_-100;2;5475,21.9890410958904,Prevalence,0.000912122194635365
NbyGQVwzFc_loc12_loop6,12,ITN 0%/IRS 0%/Larvicide 0%,0;0.4;0.4_0;0;0_0;0;0_-100;2;5475_-100;2;5475_-100;2;5475,21.9917808219178,Prevalence,0.000914539126320418
NbyGQVwzFc_loc12_loop6,12,ITN 0%/IRS 0%/Larvicide 0%,0;0.4;0.4_0;0;0_0;0;0_-100;2;5475_-100;2;5475_-100;2;5475,21.9945205479452,Prevalence,0.000916962898396005
NbyGQVwzFc_loc12_loop6,12,ITN 0%/IRS 0%/Larvicide 0%,0;0.4;0.4_0;0;0_0;0;0_-100;2;5475_-100;2;5475_-100;2;5475,21.9972602739726,Prevalence,0.000919393524353227
NbyGQVwzFc_loc12_loop6,12,ITN 0%/IRS 0%/Larvicide 0%,0;0.4;0.4_0;0;0_0;0;0_-100;2;5475_-100;2;5475_-100;2;5475,22,Prevalence,0.000921831017713101
NbyGQVwzFc_loc12_loop6,12,ITN 0%/IRS 0%/Larvicide 0%,0;0.4;0.4_0;0;0_0;0;0_-100;2;5475_-100;2;5475_-100;2;5475,22.0027397260274,Prevalence,0.000924275392026527
NbyGQVwzFc_loc12_loop6,12,ITN 0%/IRS 0%/Larvicide 0%,0;0.4;0.4_0;0;0_0;0;0_-100;2;5475_-100;2;5475_-100;2;5475,22.0054794520548,Prevalence,0.000926726660873448
NbyGQVwzFc_loc12_loop6,12,ITN 0%/IRS 0%/Larvicide 0%,0;0.4;0.4_0;0;0_0;0;0_-100;2;5475_-100;2;5475_-100;2;5475,22.0082191780822,Prevalence,0.000929184837863779
NbyGQVwzFc_loc12_loop6,12,ITN 0%/IRS 0%/Larvicide 0%,0;0.4;0.4_0;0;0_0;0;0_-100;2;5475_-100;2;5475_-100;2;5475,22.0109589041096,Prevalence,0.000931649936636477
NbyGQVwzFc_loc12_loop6,12,ITN 0%/IRS 0%/Larvicide 0%,0;0.4;0.4_0;0;0_0;0;0_-100;2;5475_-100;2;5475_-100;2;5475,22.013698630137,Prevalence,0.000934121970859279
NbyGQVwzFc_loc12_loop6,12,ITN 0%/IRS 0%/Larvicide 0%,0;0.4;0.4_0;0;0_0;0;0_-100;2;5475_-100;2;5475_-100;2;5475,22.0164383561644,Prevalence,0.000936600954228915
NbyGQVwzFc_loc12_loop6,12,ITN 0%/IRS 0%/Larvicide 0%,0;0.4;0.4_0;0;0_0;0;0_-100;2;5475_-100;2;5475_-100;2;5475,22.0191780821918,Prevalence,0.000939086900470821
NbyGQVwzFc_loc12_loop6,12,ITN 0%/IRS 0%/Larvicide 0%,0;0.4;0.4_0;0;0_0;0;0_-100;2;5475_-100;2;5475_-100;2;5475,22.0219178082192,Prevalence,0.000941579823338821
NbyGQVwzFc_loc12_loop6,12,ITN 0%/IRS 0%/Larvicide 0%,0;0.4;0.4_0;0;0_0;0;0_-100;2;5475_-100;2;5475_-100;2;5475,22.0246575342466,Prevalence,0.000944079736614991
NbyGQVwzFc_loc12_loop6,12,ITN 0%/IRS 0%/Larvicide 0%,0;0.4;0.4_0;0;0_0;0;0_-100;2;5475_-100;2;5475_-100;2;5475,22.027397260274,Prevalence,0.000946586654109567
NbyGQVwzFc_loc12_loop6,12,ITN 0%/IRS 0%/Larvicide 0%,0;0.4;0.4_0;0;0_0;0;0_-100;2;5475_-100;2;5475_-100;2;5475,22.0301369863014,Prevalence,0.000949100589660727
NbyGQVwzFc_loc12_loop6,12,ITN 0%/IRS 0%/Larvicide 0%,0;0.4;0.4_0;0;0_0;0;0_-100;2;5475_-100;2;5475_-100;2;5475,22.0328767123288,Prevalence,0.000951621557134306
NbyGQVwzFc_loc12_loop6,12,ITN 0%/IRS 0%/Larvicide 0%,0;0.4;0.4_0;0;0_0;0;0_-100;2;5475_-100;2;5475_-100;2;5475,22.0356164383562,Prevalence,0.000954149570423609
NbyGQVwzFc_loc12_loop6,12,ITN 0%/IRS 0%/Larvicide 0%,0;0.4;0.4_0;0;0_0;0;0_-100;2;5475_-100;2;5475_-100;2;5475,22.0383561643836,Prevalence,0.000956684643448846
NbyGQVwzFc_loc12_loop6,12,ITN 0%/IRS 0%/Larvicide 0%,0;0.4;0.4_0;0;0_0;0;0_-100;2;5475_-100;2;5475_-100;2;5475,22.041095890411,Prevalence,0.000959226790159354
NbyGQVwzFc_loc12_loop6,12,ITN 0%/IRS 0%/Larvicide 0%,0;0.4;0.4_0;0;0_0;0;0_-100;2;5475_-100;2;5475_-100;2;5475,22.0438356164384,Prevalence,0.000961776024529554
NbyGQVwzFc_loc12_loop6,12,ITN 0%/IRS 0%/Larvicide 0%,0;0.4;0.4_0;0;0_0;0;0_-100;2;5475_-100;2;5475_-100;2;5475,22.0465753424658,Prevalence,0.00096433236056075
NbyGQVwzFc_loc12_loop6,12,ITN 0%/IRS 0%/Larvicide 0%,0;0.4;0.4_0;0;0_0;0;0_-100;2;5475_-100;2;5475_-100;2;5475,22.0493150684932,Prevalence,0.000966895812282114
NbyGQVwzFc_loc12_loop6,12,ITN 0%/IRS 0%/Larvicide 0%,0;0.4;0.4_0;0;0_0;0;0_-100;2;5475_-100;2;5475_-100;2;5475,22.0520547945205,Prevalence,0.000969466393748353
NbyGQVwzFc_loc12_loop6,12,ITN 0%/IRS 0%/Larvicide 0%,0;0.4;0.4_0;0;0_0;0;0_-100;2;5475_-100;2;5475_-100;2;5475,22.0547945205479,Prevalence,0.000972044119040291
NbyGQVwzFc_loc12_loop6,12,ITN 0%/IRS 0%/Larvicide 0%,0;0.4;0.4_0;0;0_0;0;0_-100;2;5475_-100;2;5475_-100;2;5475,22.0575342465753,Prevalence,0.000974629002263064
NbyGQVwzFc_loc12_loop6,12,ITN 0%/IRS 0%/Larvicide 0%,0;0.4;0.4_0;0;0_0;0;0_-100;2;5475_-100;2;5475_-100;2;5475,22.0602739726027,Prevalence,0.000977221057556979
NbyGQVwzFc_loc12_loop6,12,ITN 0%/IRS 0%/Larvicide 0%,0;0.4;0.4_0;0;0_0;0;0_-100;2;5475_-100;2;5475_-100;2;5475,22.0630136986301,Prevalence,0.00097982029907637
NbyGQVwzFc_loc12_loop6,12,ITN 0%/IRS 0%/Larvicide 0%,0;0.4;0.4_0;0;0_0;0;0_-100;2;5475_-100;2;5475_-100;2;5475,22.0657534246575,Prevalence,0.00098242674100093
NbyGQVwzFc_loc12_loop6,12,ITN 0%/IRS 0%/Larvicide 0%,0;0.4;0.4_0;0;0_0;0;0_-100;2;5475_-100;2;5475_-100;2;5475,22.0684931506849,Prevalence,0.000985040397545979
NbyGQVwzFc_loc12_loop6,12,ITN 0%/IRS 0%/Larvicide 0%,0;0.4;0.4_0;0;0_0;0;0_-100;2;5475_-100;2;5475_-100;2;5475,22.0712328767123,Prevalence,0.000987661282946656
NbyGQVwzFc_loc12_loop6,12,ITN 0%/IRS 0%/Larvicide 0%,0;0.4;0.4_0;0;0_0;0;0_-100;2;5475_-100;2;5475_-100;2;5475,22.0739726027397,Prevalence,0.000990289411458824
NbyGQVwzFc_loc12_loop6,12,ITN 0%/IRS 0%/Larvicide 0%,0;0.4;0.4_0;0;0_0;0;0_-100;2;5475_-100;2;5475_-100;2;5475,22.0767123287671,Prevalence,0.000992924797368784
NbyGQVwzFc_loc12_loop6,12,ITN 0%/IRS 0%/Larvicide 0%,0;0.4;0.4_0;0;0_0;0;0_-100;2;5475_-100;2;5475_-100;2;5475,22.0794520547945,Prevalence,0.000995567454987144
NbyGQVwzFc_loc12_loop6,12,ITN 0%/IRS 0%/Larvicide 0%,0;0.4;0.4_0;0;0_0;0;0_-100;2;5475_-100;2;5475_-100;2;5475,22.0821917808219,Prevalence,0.000998217398645178
NbyGQVwzFc_loc12_loop6,12,ITN 0%/IRS 0%/Larvicide 0%,0;0.4;0.4_0;0;0_0;0;0_-100;2;5475_-100;2;5475_-100;2;5475,22.0849315068493,Prevalence,0.00100087464270054
NbyGQVwzFc_loc12_loop6,12,ITN 0%/IRS 0%/Larvicide 0%,0;0.4;0.4_0;0;0_0;0;0_-100;2;5475_-100;2;5475_-100;2;5475,22.0876712328767,Prevalence,0.00100353920153608
NbyGQVwzFc_loc12_loop6,12,ITN 0%/IRS 0%/Larvicide 0%,0;0.4;0.4_0;0;0_0;0;0_-100;2;5475_-100;2;5475_-100;2;5475,22.0904109589041,Prevalence,0.00100621108955626
NbyGQVwzFc_loc12_loop6,12,ITN 0%/IRS 0%/Larvicide 0%,0;0.4;0.4_0;0;0_0;0;0_-100;2;5475_-100;2;5475_-100;2;5475,22.0931506849315,Prevalence,0.0010088903211896
NbyGQVwzFc_loc12_loop6,12,ITN 0%/IRS 0%/Larvicide 0%,0;0.4;0.4_0;0;0_0;0;0_-100;2;5475_-100;2;5475_-100;2;5475,22.0958904109589,Prevalence,0.00101157691088917
NbyGQVwzFc_loc12_loop6,12,ITN 0%/IRS 0%/Larvicide 0%,0;0.4;0.4_0;0;0_0;0;0_-100;2;5475_-100;2;5475_-100;2;5475,22.0986301369863,Prevalence,0.00101427087313027
NbyGQVwzFc_loc12_loop6,12,ITN 0%/IRS 0%/Larvicide 0%,0;0.4;0.4_0;0;0_0;0;0_-100;2;5475_-100;2;5475_-100;2;5475,22.1013698630137,Prevalence,0.00101697222241103
NbyGQVwzFc_loc12_loop6,12,ITN 0%/IRS 0%/Larvicide 0%,0;0.4;0.4_0;0;0_0;0;0_-100;2;5475_-100;2;5475_-100;2;5475,22.1041095890411,Prevalence,0.00101968097325315
NbyGQVwzFc_loc12_loop6,12,ITN 0%/IRS 0%/Larvicide 0%,0;0.4;0.4_0;0;0_0;0;0_-100;2;5475_-100;2;5475_-100;2;5475,22.1068493150685,Prevalence,0.0010223971402006
NbyGQVwzFc_loc12_loop6,12,ITN 0%/IRS 0%/Larvicide 0%,0;0.4;0.4_0;0;0_0;0;0_-100;2;5475_-100;2;5475_-100;2;5475,22.1095890410959,Prevalence,0.00102512073781953
NbyGQVwzFc_loc12_loop6,12,ITN 0%/IRS 0%/Larvicide 0%,0;0.4;0.4_0;0;0_0;0;0_-100;2;5475_-100;2;5475_-100;2;5475,22.1123287671233,Prevalence,0.00102785178069869
NbyGQVwzFc_loc12_loop6,12,ITN 0%/IRS 0%/Larvicide 0%,0;0.4;0.4_0;0;0_0;0;0_-100;2;5475_-100;2;5475_-100;2;5475,22.1150684931507,Prevalence,0.00103059028344887
NbyGQVwzFc_loc12_loop6,12,ITN 0%/IRS 0%/Larvicide 0%,0;0.4;0.4_0;0;0_0;0;0_-100;2;5475_-100;2;5475_-100;2;5475,22.1178082191781,Prevalence,0.00103333626070251
NbyGQVwzFc_loc12_loop6,12,ITN 0%/IRS 0%/Larvicide 0%,0;0.4;0.4_0;0;0_0;0;0_-100;2;5475_-100;2;5475_-100;2;5475,22.1205479452055,Prevalence,0.00103608972711376
NbyGQVwzFc_loc12_loop6,12,ITN 0%/IRS 0%/Larvicide 0%,0;0.4;0.4_0;0;0_0;0;0_-100;2;5475_-100;2;5475_-100;2;5475,22.1232876712329,Prevalence,0.00103885069735829
NbyGQVwzFc_loc12_loop6,12,ITN 0%/IRS 0%/Larvicide 0%,0;0.4;0.4_0;0;0_0;0;0_-100;2;5475_-100;2;5475_-100;2;5475,22.1260273972603,Prevalence,0.00104161918613291
NbyGQVwzFc_loc12_loop6,12,ITN 0%/IRS 0%/Larvicide 0%,0;0.4;0.4_0;0;0_0;0;0_-100;2;5475_-100;2;5475_-100;2;5475,22.1287671232877,Prevalence,0.00104439520815544
NbyGQVwzFc_loc12_loop6,12,ITN 0%/IRS 0%/Larvicide 0%,0;0.4;0.4_0;0;0_0;0;0_-100;2;5475_-100;2;5475_-100;2;5475,22.1315068493151,Prevalence,0.00104717877816464
NbyGQVwzFc_loc12_loop6,12,ITN 0%/IRS 0%/Larvicide 0%,0;0.4;0.4_0;0;0_0;0;0_-100;2;5475_-100;2;5475_-100;2;5475,22.1342465753425,Prevalence,0.00104996991091984
NbyGQVwzFc_loc12_loop6,12,ITN 0%/IRS 0%/Larvicide 0%,0;0.4;0.4_0;0;0_0;0;0_-100;2;5475_-100;2;5475_-100;2;5475,22.1369863013699,Prevalence,0.00105276862120079
NbyGQVwzFc_loc12_loop6,12,ITN 0%/IRS 0%/Larvicide 0%,0;0.4;0.4_0;0;0_0;0;0_-100;2;5475_-100;2;5475_-100;2;5475,22.1397260273973,Prevalence,0.00105557492380748
NbyGQVwzFc_loc12_loop6,12,ITN 0%/IRS 0%/Larvicide 0%,0;0.4;0.4_0;0;0_0;0;0_-100;2;5475_-100;2;5475_-100;2;5475,22.1424657534247,Prevalence,0.00105838883355996
NbyGQVwzFc_loc12_loop6,12,ITN 0%/IRS 0%/Larvicide 0%,0;0.4;0.4_0;0;0_0;0;0_-100;2;5475_-100;2;5475_-100;2;5475,22.1452054794521,Prevalence,0.00106121036529806
NbyGQVwzFc_loc12_loop6,12,ITN 0%/IRS 0%/Larvicide 0%,0;0.4;0.4_0;0;0_0;0;0_-100;2;5475_-100;2;5475_-100;2;5475,22.1479452054795,Prevalence,0.00106403953388123
NbyGQVwzFc_loc12_loop6,12,ITN 0%/IRS 0%/Larvicide 0%,0;0.4;0.4_0;0;0_0;0;0_-100;2;5475_-100;2;5475_-100;2;5475,22.1506849315068,Prevalence,0.00106687635418836
NbyGQVwzFc_loc12_loop6,12,ITN 0%/IRS 0%/Larvicide 0%,0;0.4;0.4_0;0;0_0;0;0_-100;2;5475_-100;2;5475_-100;2;5475,22.1534246575342,Prevalence,0.00106972084111752
NbyGQVwzFc_loc12_loop6,12,ITN 0%/IRS 0%/Larvicide 0%,0;0.4;0.4_0;0;0_0;0;0_-100;2;5475_-100;2;5475_-100;2;5475,22.1561643835616,Prevalence,0.0010725730095858
NbyGQVwzFc_loc12_loop6,12,ITN 0%/IRS 0%/Larvicide 0%,0;0.4;0.4_0;0;0_0;0;0_-100;2;5475_-100;2;5475_-100;2;5475,22.158904109589,Prevalence,0.00107543287452908
NbyGQVwzFc_loc12_loop6,12,ITN 0%/IRS 0%/Larvicide 0%,0;0.4;0.4_0;0;0_0;0;0_-100;2;5475_-100;2;5475_-100;2;5475,22.1616438356164,Prevalence,0.00107830045090181
NbyGQVwzFc_loc12_loop6,12,ITN 0%/IRS 0%/Larvicide 0%,0;0.4;0.4_0;0;0_0;0;0_-100;2;5475_-100;2;5475_-100;2;5475,22.1643835616438,Prevalence,0.00108117575367685
NbyGQVwzFc_loc12_loop6,12,ITN 0%/IRS 0%/Larvicide 0%,0;0.4;0.4_0;0;0_0;0;0_-100;2;5475_-100;2;5475_-100;2;5475,22.1671232876712,Prevalence,0.0010840587978452
NbyGQVwzFc_loc12_loop6,12,ITN 0%/IRS 0%/Larvicide 0%,0;0.4;0.4_0;0;0_0;0;0_-100;2;5475_-100;2;5475_-100;2;5475,22.1698630136986,Prevalence,0.00108694959841584
NbyGQVwzFc_loc12_loop6,12,ITN 0%/IRS 0%/Larvicide 0%,0;0.4;0.4_0;0;0_0;0;0_-100;2;5475_-100;2;5475_-100;2;5475,22.172602739726,Prevalence,0.00108984817041552
NbyGQVwzFc_loc12_loop6,12,ITN 0%/IRS 0%/Larvicide 0%,0;0.4;0.4_0;0;0_0;0;0_-100;2;5475_-100;2;5475_-100;2;5475,22.1753424657534,Prevalence,0.0010927545288886
NbyGQVwzFc_loc12_loop6,12,ITN 0%/IRS 0%/Larvicide 0%,0;0.4;0.4_0;0;0_0;0;0_-100;2;5475_-100;2;5475_-100;2;5475,22.1780821917808,Prevalence,0.00109566868889673
NbyGQVwzFc_loc12_loop6,12,ITN 0%/IRS 0%/Larvicide 0%,0;0.4;0.4_0;0;0_0;0;0_-100;2;5475_-100;2;5475_-100;2;5475,22.1808219178082,Prevalence,0.00109859066551869
NbyGQVwzFc_loc12_loop6,12,ITN 0%/IRS 0%/Larvicide 0%,0;0.4;0.4_0;0;0_0;0;0_-100;2;5475_-100;2;5475_-100;2;5475,22.1835616438356,Prevalence,0.00110152047385017
NbyGQVwzFc_loc12_loop6,12,ITN 0%/IRS 0%/Larvicide 0%,0;0.4;0.4_0;0;0_0;0;0_-100;2;5475_-100;2;5475_-100;2;5475,22.186301369863,Prevalence,0.00110445812900353
NbyGQVwzFc_loc12_loop6,12,ITN 0%/IRS 0%/Larvicide 0%,0;0.4;0.4_0;0;0_0;0;0_-100;2;5475_-100;2;5475_-100;2;5475,22.1890410958904,Prevalence,0.00110740364610763
NbyGQVwzFc_loc12_loop6,12,ITN 0%/IRS 0%/Larvicide 0%,0;0.4;0.4_0;0;0_0;0;0_-100;2;5475_-100;2;5475_-100;2;5475,22.1917808219178,Prevalence,0.00111035704030759
NbyGQVwzFc_loc12_loop6,12,ITN 0%/IRS 0%/Larvicide 0%,0;0.4;0.4_0;0;0_0;0;0_-100;2;5475_-100;2;5475_-100;2;5475,22.1945205479452,Prevalence,0.00111331832676457
NbyGQVwzFc_loc12_loop6,12,ITN 0%/IRS 0%/Larvicide 0%,0;0.4;0.4_0;0;0_0;0;0_-100;2;5475_-100;2;5475_-100;2;5475,22.1972602739726,Prevalence,0.00111628752065557
NbyGQVwzFc_loc12_loop6,12,ITN 0%/IRS 0%/Larvicide 0%,0;0.4;0.4_0;0;0_0;0;0_-100;2;5475_-100;2;5475_-100;2;5475,22.2,Prevalence,0.0011192646371732
NbyGQVwzFc_loc12_loop6,12,ITN 0%/IRS 0%/Larvicide 0%,0;0.4;0.4_0;0;0_0;0;0_-100;2;5475_-100;2;5475_-100;2;5475,22.2027397260274,Prevalence,0.00112224969152546
NbyGQVwzFc_loc12_loop6,12,ITN 0%/IRS 0%/Larvicide 0%,0;0.4;0.4_0;0;0_0;0;0_-100;2;5475_-100;2;5475_-100;2;5475,22.2054794520548,Prevalence,0.00112524269893557
NbyGQVwzFc_loc12_loop6,12,ITN 0%/IRS 0%/Larvicide 0%,0;0.4;0.4_0;0;0_0;0;0_-100;2;5475_-100;2;5475_-100;2;5475,22.2082191780822,Prevalence,0.00112824367464166
NbyGQVwzFc_loc12_loop6,12,ITN 0%/IRS 0%/Larvicide 0%,0;0.4;0.4_0;0;0_0;0;0_-100;2;5475_-100;2;5475_-100;2;5475,22.2109589041096,Prevalence,0.00113125263389665
NbyGQVwzFc_loc12_loop6,12,ITN 0%/IRS 0%/Larvicide 0%,0;0.4;0.4_0;0;0_0;0;0_-100;2;5475_-100;2;5475_-100;2;5475,22.213698630137,Prevalence,0.00113426959196795
NbyGQVwzFc_loc12_loop6,12,ITN 0%/IRS 0%/Larvicide 0%,0;0.4;0.4_0;0;0_0;0;0_-100;2;5475_-100;2;5475_-100;2;5475,22.2164383561644,Prevalence,0.00113729456413729
NbyGQVwzFc_loc12_loop6,12,ITN 0%/IRS 0%/Larvicide 0%,0;0.4;0.4_0;0;0_0;0;0_-100;2;5475_-100;2;5475_-100;2;5475,22.2191780821918,Prevalence,0.00114032756570048
NbyGQVwzFc_loc12_loop6,12,ITN 0%/IRS 0%/Larvicide 0%,0;0.4;0.4_0;0;0_0;0;0_-100;2;5475_-100;2;5475_-100;2;5475,22.2219178082192,Prevalence,0.00114336861196717
NbyGQVwzFc_loc12_loop6,12,ITN 0%/IRS 0%/Larvicide 0%,0;0.4;0.4_0;0;0_0;0;0_-100;2;5475_-100;2;5475_-100;2;5475,22.2246575342466,Prevalence,0.00114641771826067
NbyGQVwzFc_loc12_loop6,12,ITN 0%/IRS 0%/Larvicide 0%,0;0.4;0.4_0;0;0_0;0;0_-100;2;5475_-100;2;5475_-100;2;5475,22.227397260274,Prevalence,0.0011494748999177
NbyGQVwzFc_loc12_loop6,12,ITN 0%/IRS 0%/Larvicide 0%,0;0.4;0.4_0;0;0_0;0;0_-100;2;5475_-100;2;5475_-100;2;5475,22.2301369863014,Prevalence,0.00115254017228815
NbyGQVwzFc_loc12_loop6,12,ITN 0%/IRS 0%/Larvicide 0%,0;0.4;0.4_0;0;0_0;0;0_-100;2;5475_-100;2;5475_-100;2;5475,22.2328767123288,Prevalence,0.00115561355073488
NbyGQVwzFc_loc12_loop6,12,ITN 0%/IRS 0%/Larvicide 0%,0;0.4;0.4_0;0;0_0;0;0_-100;2;5475_-100;2;5475_-100;2;5475,22.2356164383562,Prevalence,0.00115869505063355
NbyGQVwzFc_loc12_loop6,12,ITN 0%/IRS 0%/Larvicide 0%,0;0.4;0.4_0;0;0_0;0;0_-100;2;5475_-100;2;5475_-100;2;5475,22.2383561643836,Prevalence,0.00116178468737235
NbyGQVwzFc_loc12_loop6,12,ITN 0%/IRS 0%/Larvicide 0%,0;0.4;0.4_0;0;0_0;0;0_-100;2;5475_-100;2;5475_-100;2;5475,22.241095890411,Prevalence,0.00116488247635175
NbyGQVwzFc_loc12_loop6,12,ITN 0%/IRS 0%/Larvicide 0%,0;0.4;0.4_0;0;0_0;0;0_-100;2;5475_-100;2;5475_-100;2;5475,22.2438356164384,Prevalence,0.00116798843298424
NbyGQVwzFc_loc12_loop6,12,ITN 0%/IRS 0%/Larvicide 0%,0;0.4;0.4_0;0;0_0;0;0_-100;2;5475_-100;2;5475_-100;2;5475,22.2465753424658,Prevalence,0.00117110257269418
NbyGQVwzFc_loc12_loop6,12,ITN 0%/IRS 0%/Larvicide 0%,0;0.4;0.4_0;0;0_0;0;0_-100;2;5475_-100;2;5475_-100;2;5475,22.2493150684932,Prevalence,0.00117422491091749
NbyGQVwzFc_loc12_loop6,12,ITN 0%/IRS 0%/Larvicide 0%,0;0.4;0.4_0;0;0_0;0;0_-100;2;5475_-100;2;5475_-100;2;5475,22.2520547945205,Prevalence,0.00117735546310146
NbyGQVwzFc_loc12_loop6,12,ITN 0%/IRS 0%/Larvicide 0%,0;0.4;0.4_0;0;0_0;0;0_-100;2;5475_-100;2;5475_-100;2;5475,22.254794520548,Prevalence,0.00118049424470455
NbyGQVwzFc_loc12_loop6,12,ITN 0%/IRS 0%/Larvicide 0%,0;0.4;0.4_0;0;0_0;0;0_-100;2;5475_-100;2;5475_-100;2;5475,22.2575342465753,Prevalence,0.00118364127119609
NbyGQVwzFc_loc12_loop6,12,ITN 0%/IRS 0%/Larvicide 0%,0;0.4;0.4_0;0;0_0;0;0_-100;2;5475_-100;2;5475_-100;2;5475,22.2602739726027,Prevalence,0.00118679655805608
NbyGQVwzFc_loc12_loop6,12,ITN 0%/IRS 0%/Larvicide 0%,0;0.4;0.4_0;0;0_0;0;0_-100;2;5475_-100;2;5475_-100;2;5475,22.2630136986301,Prevalence,0.00118996012077499
NbyGQVwzFc_loc12_loop6,12,ITN 0%/IRS 0%/Larvicide 0%,0;0.4;0.4_0;0;0_0;0;0_-100;2;5475_-100;2;5475_-100;2;5475,22.2657534246575,Prevalence,0.00119313197485347
NbyGQVwzFc_loc12_loop6,12,ITN 0%/IRS 0%/Larvicide 0%,0;0.4;0.4_0;0;0_0;0;0_-100;2;5475_-100;2;5475_-100;2;5475,22.2684931506849,Prevalence,0.00119631213580214
NbyGQVwzFc_loc12_loop6,12,ITN 0%/IRS 0%/Larvicide 0%,0;0.4;0.4_0;0;0_0;0;0_-100;2;5475_-100;2;5475_-100;2;5475,22.2712328767123,Prevalence,0.00119950061914135
NbyGQVwzFc_loc12_loop6,12,ITN 0%/IRS 0%/Larvicide 0%,0;0.4;0.4_0;0;0_0;0;0_-100;2;5475_-100;2;5475_-100;2;5475,22.2739726027397,Prevalence,0.00120269744040098
NbyGQVwzFc_loc12_loop6,12,ITN 0%/IRS 0%/Larvicide 0%,0;0.4;0.4_0;0;0_0;0;0_-100;2;5475_-100;2;5475_-100;2;5475,22.2767123287671,Prevalence,0.00120590261512012
NbyGQVwzFc_loc12_loop6,12,ITN 0%/IRS 0%/Larvicide 0%,0;0.4;0.4_0;0;0_0;0;0_-100;2;5475_-100;2;5475_-100;2;5475,22.2794520547945,Prevalence,0.00120911615884694
NbyGQVwzFc_loc12_loop6,12,ITN 0%/IRS 0%/Larvicide 0%,0;0.4;0.4_0;0;0_0;0;0_-100;2;5475_-100;2;5475_-100;2;5475,22.2821917808219,Prevalence,0.00121233808713833
NbyGQVwzFc_loc12_loop6,12,ITN 0%/IRS 0%/Larvicide 0%,0;0.4;0.4_0;0;0_0;0;0_-100;2;5475_-100;2;5475_-100;2;5475,22.2849315068493,Prevalence,0.00121556841555978
NbyGQVwzFc_loc12_loop6,12,ITN 0%/IRS 0%/Larvicide 0%,0;0.4;0.4_0;0;0_0;0;0_-100;2;5475_-100;2;5475_-100;2;5475,22.2876712328767,Prevalence,0.00121880715968506
NbyGQVwzFc_loc12_loop6,12,ITN 0%/IRS 0%/Larvicide 0%,0;0.4;0.4_0;0;0_0;0;0_-100;2;5475_-100;2;5475_-100;2;5475,22.2904109589041,Prevalence,0.00122205433509599
NbyGQVwzFc_loc12_loop6,12,ITN 0%/IRS 0%/Larvicide 0%,0;0.4;0.4_0;0;0_0;0;0_-100;2;5475_-100;2;5475_-100;2;5475,22.2931506849315,Prevalence,0.00122530995738225
NbyGQVwzFc_loc12_loop6,12,ITN 0%/IRS 0%/Larvicide 0%,0;0.4;0.4_0;0;0_0;0;0_-100;2;5475_-100;2;5475_-100;2;5475,22.2958904109589,Prevalence,0.00122857404214105
NbyGQVwzFc_loc12_loop6,12,ITN 0%/IRS 0%/Larvicide 0%,0;0.4;0.4_0;0;0_0;0;0_-100;2;5475_-100;2;5475_-100;2;5475,22.2986301369863,Prevalence,0.001231846604977
NbyGQVwzFc_loc12_loop6,12,ITN 0%/IRS 0%/Larvicide 0%,0;0.4;0.4_0;0;0_0;0;0_-100;2;5475_-100;2;5475_-100;2;5475,22.3013698630137,Prevalence,0.00123512766150182
NbyGQVwzFc_loc12_loop6,12,ITN 0%/IRS 0%/Larvicide 0%,0;0.4;0.4_0;0;0_0;0;0_-100;2;5475_-100;2;5475_-100;2;5475,22.3041095890411,Prevalence,0.00123841722733411
NbyGQVwzFc_loc12_loop6,12,ITN 0%/IRS 0%/Larvicide 0%,0;0.4;0.4_0;0;0_0;0;0_-100;2;5475_-100;2;5475_-100;2;5475,22.3068493150685,Prevalence,0.00124171531809903
NbyGQVwzFc_loc12_loop6,12,ITN 0%/IRS 0%/Larvicide 0%,0;0.4;0.4_0;0;0_0;0;0_-100;2;5475_-100;2;5475_-100;2;5475,22.3095890410959,Prevalence,0.00124502194942808
NbyGQVwzFc_loc12_loop6,12,ITN 0%/IRS 0%/Larvicide 0%,0;0.4;0.4_0;0;0_0;0;0_-100;2;5475_-100;2;5475_-100;2;5475,22.3123287671233,Prevalence,0.00124833713695888
NbyGQVwzFc_loc12_loop6,12,ITN 0%/IRS 0%/Larvicide 0%,0;0.4;0.4_0;0;0_0;0;0_-100;2;5475_-100;2;5475_-100;2;5475,22.3150684931507,Prevalence,0.00125166089633492
NbyGQVwzFc_loc12_loop6,12,ITN 0%/IRS 0%/Larvicide 0%,0;0.4;0.4_0;0;0_0;0;0_-100;2;5475_-100;2;5475_-100;2;5475,22.3178082191781,Prevalence,0.00125499324320526
NbyGQVwzFc_loc12_loop6,12,ITN 0%/IRS 0%/Larvicide 0%,0;0.4;0.4_0;0;0_0;0;0_-100;2;5475_-100;2;5475_-100;2;5475,22.3205479452055,Prevalence,0.00125833419322435
NbyGQVwzFc_loc12_loop6,12,ITN 0%/IRS 0%/Larvicide 0%,0;0.4;0.4_0;0;0_0;0;0_-100;2;5475_-100;2;5475_-100;2;5475,22.3232876712329,Prevalence,0.00126168376205175
NbyGQVwzFc_loc12_loop6,12,ITN 0%/IRS 0%/Larvicide 0%,0;0.4;0.4_0;0;0_0;0;0_-100;2;5475_-100;2;5475_-100;2;5475,22.3260273972603,Prevalence,0.00126504196535184
NbyGQVwzFc_loc12_loop6,12,ITN 0%/IRS 0%/Larvicide 0%,0;0.4;0.4_0;0;0_0;0;0_-100;2;5475_-100;2;5475_-100;2;5475,22.3287671232877,Prevalence,0.00126840881879364
NbyGQVwzFc_loc12_loop6,12,ITN 0%/IRS 0%/Larvicide 0%,0;0.4;0.4_0;0;0_0;0;0_-100;2;5475_-100;2;5475_-100;2;5475,22.3315068493151,Prevalence,0.0012717843380505
NbyGQVwzFc_loc12_loop6,12,ITN 0%/IRS 0%/Larvicide 0%,0;0.4;0.4_0;0;0_0;0;0_-100;2;5475_-100;2;5475_-100;2;5475,22.3342465753425,Prevalence,0.00127516853879988
NbyGQVwzFc_loc12_loop6,12,ITN 0%/IRS 0%/Larvicide 0%,0;0.4;0.4_0;0;0_0;0;0_-100;2;5475_-100;2;5475_-100;2;5475,22.3369863013699,Prevalence,0.00127856143672306
NbyGQVwzFc_loc12_loop6,12,ITN 0%/IRS 0%/Larvicide 0%,0;0.4;0.4_0;0;0_0;0;0_-100;2;5475_-100;2;5475_-100;2;5475,22.3397260273973,Prevalence,0.00128196304750493
NbyGQVwzFc_loc12_loop6,12,ITN 0%/IRS 0%/Larvicide 0%,0;0.4;0.4_0;0;0_0;0;0_-100;2;5475_-100;2;5475_-100;2;5475,22.3424657534247,Prevalence,0.00128537338683369
NbyGQVwzFc_loc12_loop6,12,ITN 0%/IRS 0%/Larvicide 0%,0;0.4;0.4_0;0;0_0;0;0_-100;2;5475_-100;2;5475_-100;2;5475,22.3452054794521,Prevalence,0.00128879247040062
NbyGQVwzFc_loc12_loop6,12,ITN 0%/IRS 0%/Larvicide 0%,0;0.4;0.4_0;0;0_0;0;0_-100;2;5475_-100;2;5475_-100;2;5475,22.3479452054795,Prevalence,0.0012922203138998
NbyGQVwzFc_loc12_loop6,12,ITN 0%/IRS 0%/Larvicide 0%,0;0.4;0.4_0;0;0_0;0;0_-100;2;5475_-100;2;5475_-100;2;5475,22.3506849315068,Prevalence,0.0012956569330279
NbyGQVwzFc_loc12_loop6,12,ITN 0%/IRS 0%/Larvicide 0%,0;0.4;0.4_0;0;0_0;0;0_-100;2;5475_-100;2;5475_-100;2;5475,22.3534246575343,Prevalence,0.00129910234348383
NbyGQVwzFc_loc12_loop6,12,ITN 0%/IRS 0%/Larvicide 0%,0;0.4;0.4_0;0;0_0;0;0_-100;2;5475_-100;2;5475_-100;2;5475,22.3561643835616,Prevalence,0.00130255656096858
NbyGQVwzFc_loc12_loop6,12,ITN 0%/IRS 0%/Larvicide 0%,0;0.4;0.4_0;0;0_0;0;0_-100;2;5475_-100;2;5475_-100;2;5475,22.358904109589,Prevalence,0.0013060196011849
NbyGQVwzFc_loc12_loop6,12,ITN 0%/IRS 0%/Larvicide 0%,0;0.4;0.4_0;0;0_0;0;0_-100;2;5475_-100;2;5475_-100;2;5475,22.3616438356164,Prevalence,0.00130949147983703
NbyGQVwzFc_loc12_loop6,12,ITN 0%/IRS 0%/Larvicide 0%,0;0.4;0.4_0;0;0_0;0;0_-100;2;5475_-100;2;5475_-100;2;5475,22.3643835616438,Prevalence,0.00131297221263047
NbyGQVwzFc_loc12_loop6,12,ITN 0%/IRS 0%/Larvicide 0%,0;0.4;0.4_0;0;0_0;0;0_-100;2;5475_-100;2;5475_-100;2;5475,22.3671232876712,Prevalence,0.0013164618152718
NbyGQVwzFc_loc12_loop6,12,ITN 0%/IRS 0%/Larvicide 0%,0;0.4;0.4_0;0;0_0;0;0_-100;2;5475_-100;2;5475_-100;2;5475,22.3698630136986,Prevalence,0.00131996030346829
NbyGQVwzFc_loc12_loop6,12,ITN 0%/IRS 0%/Larvicide 0%,0;0.4;0.4_0;0;0_0;0;0_-100;2;5475_-100;2;5475_-100;2;5475,22.372602739726,Prevalence,0.00132346769292764
NbyGQVwzFc_loc12_loop6,12,ITN 0%/IRS 0%/Larvicide 0%,0;0.4;0.4_0;0;0_0;0;0_-100;2;5475_-100;2;5475_-100;2;5475,22.3753424657534,Prevalence,0.00132698399935772
NbyGQVwzFc_loc12_loop6,12,ITN 0%/IRS 0%/Larvicide 0%,0;0.4;0.4_0;0;0_0;0;0_-100;2;5475_-100;2;5475_-100;2;5475,22.3780821917808,Prevalence,0.00133050923846634
NbyGQVwzFc_loc12_loop6,12,ITN 0%/IRS 0%/Larvicide 0%,0;0.4;0.4_0;0;0_0;0;0_-100;2;5475_-100;2;5475_-100;2;5475,22.3808219178082,Prevalence,0.00133404342596093
NbyGQVwzFc_loc12_loop6,12,ITN 0%/IRS 0%/Larvicide 0%,0;0.4;0.4_0;0;0_0;0;0_-100;2;5475_-100;2;5475_-100;2;5475,22.3835616438356,Prevalence,0.00133758657754831
NbyGQVwzFc_loc12_loop6,12,ITN 0%/IRS 0%/Larvicide 0%,0;0.4;0.4_0;0;0_0;0;0_-100;2;5475_-100;2;5475_-100;2;5475,22.386301369863,Prevalence,0.00134113870893442
NbyGQVwzFc_loc12_loop6,12,ITN 0%/IRS 0%/Larvicide 0%,0;0.4;0.4_0;0;0_0;0;0_-100;2;5475_-100;2;5475_-100;2;5475,22.3890410958904,Prevalence,0.00134469983582401
NbyGQVwzFc_loc12_loop6,12,ITN 0%/IRS 0%/Larvicide 0%,0;0.4;0.4_0;0;0_0;0;0_-100;2;5475_-100;2;5475_-100;2;5475,22.3917808219178,Prevalence,0.00134826997392042
NbyGQVwzFc_loc12_loop6,12,ITN 0%/IRS 0%/Larvicide 0%,0;0.4;0.4_0;0;0_0;0;0_-100;2;5475_-100;2;5475_-100;2;5475,22.3945205479452,Prevalence,0.00135184913892527
NbyGQVwzFc_loc12_loop6,12,ITN 0%/IRS 0%/Larvicide 0%,0;0.4;0.4_0;0;0_0;0;0_-100;2;5475_-100;2;5475_-100;2;5475,22.3972602739726,Prevalence,0.00135543734653822
NbyGQVwzFc_loc12_loop6,12,ITN 0%/IRS 0%/Larvicide 0%,0;0.4;0.4_0;0;0_0;0;0_-100;2;5475_-100;2;5475_-100;2;5475,22.4,Prevalence,0.00135903461245664
NbyGQVwzFc_loc12_loop6,12,ITN 0%/IRS 0%/Larvicide 0%,0;0.4;0.4_0;0;0_0;0;0_-100;2;5475_-100;2;5475_-100;2;5475,22.4027397260274,Prevalence,0.0013626409523754
NbyGQVwzFc_loc12_loop6,12,ITN 0%/IRS 0%/Larvicide 0%,0;0.4;0.4_0;0;0_0;0;0_-100;2;5475_-100;2;5475_-100;2;5475,22.4054794520548,Prevalence,0.00136625638198655
NbyGQVwzFc_loc12_loop6,12,ITN 0%/IRS 0%/Larvicide 0%,0;0.4;0.4_0;0;0_0;0;0_-100;2;5475_-100;2;5475_-100;2;5475,22.4082191780822,Prevalence,0.00136988091697906
NbyGQVwzFc_loc12_loop6,12,ITN 0%/IRS 0%/Larvicide 0%,0;0.4;0.4_0;0;0_0;0;0_-100;2;5475_-100;2;5475_-100;2;5475,22.4109589041096,Prevalence,0.00137351457303855
NbyGQVwzFc_loc12_loop6,12,ITN 0%/IRS 0%/Larvicide 0%,0;0.4;0.4_0;0;0_0;0;0_-100;2;5475_-100;2;5475_-100;2;5475,22.413698630137,Prevalence,0.00137715736584697
NbyGQVwzFc_loc12_loop6,12,ITN 0%/IRS 0%/Larvicide 0%,0;0.4;0.4_0;0;0_0;0;0_-100;2;5475_-100;2;5475_-100;2;5475,22.4164383561644,Prevalence,0.00138080931108237
NbyGQVwzFc_loc12_loop6,12,ITN 0%/IRS 0%/Larvicide 0%,0;0.4;0.4_0;0;0_0;0;0_-100;2;5475_-100;2;5475_-100;2;5475,22.4191780821918,Prevalence,0.00138447042441862
NbyGQVwzFc_loc12_loop6,12,ITN 0%/IRS 0%/Larvicide 0%,0;0.4;0.4_0;0;0_0;0;0_-100;2;5475_-100;2;5475_-100;2;5475,22.4219178082192,Prevalence,0.00138814072152507
NbyGQVwzFc_loc12_loop6,12,ITN 0%/IRS 0%/Larvicide 0%,0;0.4;0.4_0;0;0_0;0;0_-100;2;5475_-100;2;5475_-100;2;5475,22.4246575342466,Prevalence,0.00139182021806634
NbyGQVwzFc_loc12_loop6,12,ITN 0%/IRS 0%/Larvicide 0%,0;0.4;0.4_0;0;0_0;0;0_-100;2;5475_-100;2;5475_-100;2;5475,22.427397260274,Prevalence,0.00139550892970199
NbyGQVwzFc_loc12_loop6,12,ITN 0%/IRS 0%/Larvicide 0%,0;0.4;0.4_0;0;0_0;0;0_-100;2;5475_-100;2;5475_-100;2;5475,22.4301369863014,Prevalence,0.00139920687208624
NbyGQVwzFc_loc12_loop6,12,ITN 0%/IRS 0%/Larvicide 0%,0;0.4;0.4_0;0;0_0;0;0_-100;2;5475_-100;2;5475_-100;2;5475,22.4328767123288,Prevalence,0.00140291406086772
NbyGQVwzFc_loc12_loop6,12,ITN 0%/IRS 0%/Larvicide 0%,0;0.4;0.4_0;0;0_0;0;0_-100;2;5475_-100;2;5475_-100;2;5475,22.4356164383562,Prevalence,0.00140663051168924
NbyGQVwzFc_loc12_loop6,12,ITN 0%/IRS 0%/Larvicide 0%,0;0.4;0.4_0;0;0_0;0;0_-100;2;5475_-100;2;5475_-100;2;5475,22.4383561643836,Prevalence,0.0014103562401874
NbyGQVwzFc_loc12_loop6,12,ITN 0%/IRS 0%/Larvicide 0%,0;0.4;0.4_0;0;0_0;0;0_-100;2;5475_-100;2;5475_-100;2;5475,22.441095890411,Prevalence,0.0014140912619923
NbyGQVwzFc_loc12_loop6,12,ITN 0%/IRS 0%/Larvicide 0%,0;0.4;0.4_0;0;0_0;0;0_-100;2;5475_-100;2;5475_-100;2;5475,22.4438356164384,Prevalence,0.00141783559272726
NbyGQVwzFc_loc12_loop6,12,ITN 0%/IRS 0%/Larvicide 0%,0;0.4;0.4_0;0;0_0;0;0_-100;2;5475_-100;2;5475_-100;2;5475,22.4465753424658,Prevalence,0.00142158924800856
NbyGQVwzFc_loc12_loop6,12,ITN 0%/IRS 0%/Larvicide 0%,0;0.4;0.4_0;0;0_0;0;0_-100;2;5475_-100;2;5475_-100;2;5475,22.4493150684932,Prevalence,0.00142535224344514
NbyGQVwzFc_loc12_loop6,12,ITN 0%/IRS 0%/Larvicide 0%,0;0.4;0.4_0;0;0_0;0;0_-100;2;5475_-100;2;5475_-100;2;5475,22.4520547945205,Prevalence,0.00142912459463828
NbyGQVwzFc_loc12_loop6,12,ITN 0%/IRS 0%/Larvicide 0%,0;0.4;0.4_0;0;0_0;0;0_-100;2;5475_-100;2;5475_-100;2;5475,22.4547945205479,Prevalence,0.00143290631718139
NbyGQVwzFc_loc12_loop6,12,ITN 0%/IRS 0%/Larvicide 0%,0;0.4;0.4_0;0;0_0;0;0_-100;2;5475_-100;2;5475_-100;2;5475,22.4575342465753,Prevalence,0.0014366974266596
NbyGQVwzFc_loc12_loop6,12,ITN 0%/IRS 0%/Larvicide 0%,0;0.4;0.4_0;0;0_0;0;0_-100;2;5475_-100;2;5475_-100;2;5475,22.4602739726027,Prevalence,0.00144049793864958
NbyGQVwzFc_loc12_loop6,12,ITN 0%/IRS 0%/Larvicide 0%,0;0.4;0.4_0;0;0_0;0;0_-100;2;5475_-100;2;5475_-100;2;5475,22.4630136986301,Prevalence,0.00144430786871917
NbyGQVwzFc_loc12_loop6,12,ITN 0%/IRS 0%/Larvicide 0%,0;0.4;0.4_0;0;0_0;0;0_-100;2;5475_-100;2;5475_-100;2;5475,22.4657534246575,Prevalence,0.00144812723242711
NbyGQVwzFc_loc12_loop6,12,ITN 0%/IRS 0%/Larvicide 0%,0;0.4;0.4_0;0;0_0;0;0_-100;2;5475_-100;2;5475_-100;2;5475,22.4684931506849,Prevalence,0.00145195604532276
NbyGQVwzFc_loc12_loop6,12,ITN 0%/IRS 0%/Larvicide 0%,0;0.4;0.4_0;0;0_0;0;0_-100;2;5475_-100;2;5475_-100;2;5475,22.4712328767123,Prevalence,0.00145579432294577
NbyGQVwzFc_loc12_loop6,12,ITN 0%/IRS 0%/Larvicide 0%,0;0.4;0.4_0;0;0_0;0;0_-100;2;5475_-100;2;5475_-100;2;5475,22.4739726027397,Prevalence,0.00145964208082582
NbyGQVwzFc_loc12_loop6,12,ITN 0%/IRS 0%/Larvicide 0%,0;0.4;0.4_0;0;0_0;0;0_-100;2;5475_-100;2;5475_-100;2;5475,22.4767123287671,Prevalence,0.00146349933448228
NbyGQVwzFc_loc12_loop6,12,ITN 0%/IRS 0%/Larvicide 0%,0;0.4;0.4_0;0;0_0;0;0_-100;2;5475_-100;2;5475_-100;2;5475,22.4794520547945,Prevalence,0.00146736609942395
NbyGQVwzFc_loc12_loop6,12,ITN 0%/IRS 0%/Larvicide 0%,0;0.4;0.4_0;0;0_0;0;0_-100;2;5475_-100;2;5475_-100;2;5475,22.4821917808219,Prevalence,0.00147124239114875
NbyGQVwzFc_loc12_loop6,12,ITN 0%/IRS 0%/Larvicide 0%,0;0.4;0.4_0;0;0_0;0;0_-100;2;5475_-100;2;5475_-100;2;5475,22.4849315068493,Prevalence,0.00147512822514337
NbyGQVwzFc_loc12_loop6,12,ITN 0%/IRS 0%/Larvicide 0%,0;0.4;0.4_0;0;0_0;0;0_-100;2;5475_-100;2;5475_-100;2;5475,22.4876712328767,Prevalence,0.00147902361688305
NbyGQVwzFc_loc12_loop6,12,ITN 0%/IRS 0%/Larvicide 0%,0;0.4;0.4_0;0;0_0;0;0_-100;2;5475_-100;2;5475_-100;2;5475,22.4904109589041,Prevalence,0.00148292858183122
NbyGQVwzFc_loc12_loop6,12,ITN 0%/IRS 0%/Larvicide 0%,0;0.4;0.4_0;0;0_0;0;0_-100;2;5475_-100;2;5475_-100;2;5475,22.4931506849315,Prevalence,0.00148684313543922
NbyGQVwzFc_loc12_loop6,12,ITN 0%/IRS 0%/Larvicide 0%,0;0.4;0.4_0;0;0_0;0;0_-100;2;5475_-100;2;5475_-100;2;5475,22.4958904109589,Prevalence,0.00149076729314599
NbyGQVwzFc_loc12_loop6,12,ITN 0%/IRS 0%/Larvicide 0%,0;0.4;0.4_0;0;0_0;0;0_-100;2;5475_-100;2;5475_-100;2;5475,22.4986301369863,Prevalence,0.00149470107037776
NbyGQVwzFc_loc12_loop6,12,ITN 0%/IRS 0%/Larvicide 0%,0;0.4;0.4_0;0;0_0;0;0_-100;2;5475_-100;2;5475_-100;2;5475,22.5013698630137,Prevalence,0.00149864448254773
NbyGQVwzFc_loc12_loop6,12,ITN 0%/IRS 0%/Larvicide 0%,0;0.4;0.4_0;0;0_0;0;0_-100;2;5475_-100;2;5475_-100;2;5475,22.5041095890411,Prevalence,0.00150259754505584
NbyGQVwzFc_loc12_loop6,12,ITN 0%/IRS 0%/Larvicide 0%,0;0.4;0.4_0;0;0_0;0;0_-100;2;5475_-100;2;5475_-100;2;5475,22.5068493150685,Prevalence,0.00150656027328846
NbyGQVwzFc_loc12_loop6,12,ITN 0%/IRS 0%/Larvicide 0%,0;0.4;0.4_0;0;0_0;0;0_-100;2;5475_-100;2;5475_-100;2;5475,22.5095890410959,Prevalence,0.00151053268261798
NbyGQVwzFc_loc12_loop6,12,ITN 0%/IRS 0%/Larvicide 0%,0;0.4;0.4_0;0;0_0;0;0_-100;2;5475_-100;2;5475_-100;2;5475,22.5123287671233,Prevalence,0.0015145147884025
NbyGQVwzFc_loc12_loop6,12,ITN 0%/IRS 0%/Larvicide 0%,0;0.4;0.4_0;0;0_0;0;0_-100;2;5475_-100;2;5475_-100;2;5475,22.5150684931507,Prevalence,0.00151850660598558
NbyGQVwzFc_loc12_loop6,12,ITN 0%/IRS 0%/Larvicide 0%,0;0.4;0.4_0;0;0_0;0;0_-100;2;5475_-100;2;5475_-100;2;5475,22.5178082191781,Prevalence,0.00152250815069591
NbyGQVwzFc_loc12_loop6,12,ITN 0%/IRS 0%/Larvicide 0%,0;0.4;0.4_0;0;0_0;0;0_-100;2;5475_-100;2;5475_-100;2;5475,22.5205479452055,Prevalence,0.001526519437847
NbyGQVwzFc_loc12_loop6,12,ITN 0%/IRS 0%/Larvicide 0%,0;0.4;0.4_0;0;0_0;0;0_-100;2;5475_-100;2;5475_-100;2;5475,22.5232876712329,Prevalence,0.00153054048273686
NbyGQVwzFc_loc12_loop6,12,ITN 0%/IRS 0%/Larvicide 0%,0;0.4;0.4_0;0;0_0;0;0_-100;2;5475_-100;2;5475_-100;2;5475,22.5260273972603,Prevalence,0.00153457130064769
NbyGQVwzFc_loc12_loop6,12,ITN 0%/IRS 0%/Larvicide 0%,0;0.4;0.4_0;0;0_0;0;0_-100;2;5475_-100;2;5475_-100;2;5475,22.5287671232877,Prevalence,0.00153861190684559
NbyGQVwzFc_loc12_loop6,12,ITN 0%/IRS 0%/Larvicide 0%,0;0.4;0.4_0;0;0_0;0;0_-100;2;5475_-100;2;5475_-100;2;5475,22.5315068493151,Prevalence,0.0015426623165802
NbyGQVwzFc_loc12_loop6,12,ITN 0%/IRS 0%/Larvicide 0%,0;0.4;0.4_0;0;0_0;0;0_-100;2;5475_-100;2;5475_-100;2;5475,22.5342465753425,Prevalence,0.00154672254508442
NbyGQVwzFc_loc12_loop6,12,ITN 0%/IRS 0%/Larvicide 0%,0;0.4;0.4_0;0;0_0;0;0_-100;2;5475_-100;2;5475_-100;2;5475,22.5369863013699,Prevalence,0.00155079260757408
NbyGQVwzFc_loc12_loop6,12,ITN 0%/IRS 0%/Larvicide 0%,0;0.4;0.4_0;0;0_0;0;0_-100;2;5475_-100;2;5475_-100;2;5475,22.5397260273973,Prevalence,0.00155487251924761
NbyGQVwzFc_loc12_loop6,12,ITN 0%/IRS 0%/Larvicide 0%,0;0.4;0.4_0;0;0_0;0;0_-100;2;5475_-100;2;5475_-100;2;5475,22.5424657534247,Prevalence,0.00155896229528575
NbyGQVwzFc_loc12_loop6,12,ITN 0%/IRS 0%/Larvicide 0%,0;0.4;0.4_0;0;0_0;0;0_-100;2;5475_-100;2;5475_-100;2;5475,22.5452054794521,Prevalence,0.0015630619508512
NbyGQVwzFc_loc12_loop6,12,ITN 0%/IRS 0%/Larvicide 0%,0;0.4;0.4_0;0;0_0;0;0_-100;2;5475_-100;2;5475_-100;2;5475,22.5479452054795,Prevalence,0.00156717150108833
NbyGQVwzFc_loc12_loop6,12,ITN 0%/IRS 0%/Larvicide 0%,0;0.4;0.4_0;0;0_0;0;0_-100;2;5475_-100;2;5475_-100;2;5475,22.5506849315069,Prevalence,0.00157129096112284
NbyGQVwzFc_loc12_loop6,12,ITN 0%/IRS 0%/Larvicide 0%,0;0.4;0.4_0;0;0_0;0;0_-100;2;5475_-100;2;5475_-100;2;5475,22.5534246575343,Prevalence,0.00157542034606142
NbyGQVwzFc_loc12_loop6,12,ITN 0%/IRS 0%/Larvicide 0%,0;0.4;0.4_0;0;0_0;0;0_-100;2;5475_-100;2;5475_-100;2;5475,22.5561643835616,Prevalence,0.00157955967099149
NbyGQVwzFc_loc12_loop6,12,ITN 0%/IRS 0%/Larvicide 0%,0;0.4;0.4_0;0;0_0;0;0_-100;2;5475_-100;2;5475_-100;2;5475,22.558904109589,Prevalence,0.00158370895098081
NbyGQVwzFc_loc12_loop6,12,ITN 0%/IRS 0%/Larvicide 0%,0;0.4;0.4_0;0;0_0;0;0_-100;2;5475_-100;2;5475_-100;2;5475,22.5616438356164,Prevalence,0.00158786820107716
NbyGQVwzFc_loc12_loop6,12,ITN 0%/IRS 0%/Larvicide 0%,0;0.4;0.4_0;0;0_0;0;0_-100;2;5475_-100;2;5475_-100;2;5475,22.5643835616438,Prevalence,0.00159203743630809
NbyGQVwzFc_loc12_loop6,12,ITN 0%/IRS 0%/Larvicide 0%,0;0.4;0.4_0;0;0_0;0;0_-100;2;5475_-100;2;5475_-100;2;5475,22.5671232876712,Prevalence,0.00159621667168048
NbyGQVwzFc_loc12_loop6,12,ITN 0%/IRS 0%/Larvicide 0%,0;0.4;0.4_0;0;0_0;0;0_-100;2;5475_-100;2;5475_-100;2;5475,22.5698630136986,Prevalence,0.00160040592218033
NbyGQVwzFc_loc12_loop6,12,ITN 0%/IRS 0%/Larvicide 0%,0;0.4;0.4_0;0;0_0;0;0_-100;2;5475_-100;2;5475_-100;2;5475,22.572602739726,Prevalence,0.00160460520277234
NbyGQVwzFc_loc12_loop6,12,ITN 0%/IRS 0%/Larvicide 0%,0;0.4;0.4_0;0;0_0;0;0_-100;2;5475_-100;2;5475_-100;2;5475,22.5753424657534,Prevalence,0.00160881452839962
NbyGQVwzFc_loc12_loop6,12,ITN 0%/IRS 0%/Larvicide 0%,0;0.4;0.4_0;0;0_0;0;0_-100;2;5475_-100;2;5475_-100;2;5475,22.5780821917808,Prevalence,0.00161303391398347
NbyGQVwzFc_loc12_loop6,12,ITN 0%/IRS 0%/Larvicide 0%,0;0.4;0.4_0;0;0_0;0;0_-100;2;5475_-100;2;5475_-100;2;5475,22.5808219178082,Prevalence,0.00161726337442292
NbyGQVwzFc_loc12_loop6,12,ITN 0%/IRS 0%/Larvicide 0%,0;0.4;0.4_0;0;0_0;0;0_-100;2;5475_-100;2;5475_-100;2;5475,22.5835616438356,Prevalence,0.00162150292459435
NbyGQVwzFc_loc12_loop6,12,ITN 0%/IRS 0%/Larvicide 0%,0;0.4;0.4_0;0;0_0;0;0_-100;2;5475_-100;2;5475_-100;2;5475,22.586301369863,Prevalence,0.00162575257935123
NbyGQVwzFc_loc12_loop6,12,ITN 0%/IRS 0%/Larvicide 0%,0;0.4;0.4_0;0;0_0;0;0_-100;2;5475_-100;2;5475_-100;2;5475,22.5890410958904,Prevalence,0.00163001235352377
NbyGQVwzFc_loc12_loop6,12,ITN 0%/IRS 0%/Larvicide 0%,0;0.4;0.4_0;0;0_0;0;0_-100;2;5475_-100;2;5475_-100;2;5475,22.5917808219178,Prevalence,0.00163428226191864
NbyGQVwzFc_loc12_loop6,12,ITN 0%/IRS 0%/Larvicide 0%,0;0.4;0.4_0;0;0_0;0;0_-100;2;5475_-100;2;5475_-100;2;5475,22.5945205479452,Prevalence,0.00163856231931856
NbyGQVwzFc_loc12_loop6,12,ITN 0%/IRS 0%/Larvicide 0%,0;0.4;0.4_0;0;0_0;0;0_-100;2;5475_-100;2;5475_-100;2;5475,22.5972602739726,Prevalence,0.00164285254048203
NbyGQVwzFc_loc12_loop6,12,ITN 0%/IRS 0%/Larvicide 0%,0;0.4;0.4_0;0;0_0;0;0_-100;2;5475_-100;2;5475_-100;2;5475,22.6,Prevalence,0.00164715294014296
NbyGQVwzFc_loc12_loop6,12,ITN 0%/IRS 0%/Larvicide 0%,0;0.4;0.4_0;0;0_0;0;0_-100;2;5475_-100;2;5475_-100;2;5475,22.6027397260274,Prevalence,0.00165146353301033
NbyGQVwzFc_loc12_loop6,12,ITN 0%/IRS 0%/Larvicide 0%,0;0.4;0.4_0;0;0_0;0;0_-100;2;5475_-100;2;5475_-100;2;5475,22.6054794520548,Prevalence,0.00165578433376788
NbyGQVwzFc_loc12_loop6,12,ITN 0%/IRS 0%/Larvicide 0%,0;0.4;0.4_0;0;0_0;0;0_-100;2;5475_-100;2;5475_-100;2;5475,22.6082191780822,Prevalence,0.00166011535707376
NbyGQVwzFc_loc12_loop6,12,ITN 0%/IRS 0%/Larvicide 0%,0;0.4;0.4_0;0;0_0;0;0_-100;2;5475_-100;2;5475_-100;2;5475,22.6109589041096,Prevalence,0.00166445661756019
NbyGQVwzFc_loc12_loop6,12,ITN 0%/IRS 0%/Larvicide 0%,0;0.4;0.4_0;0;0_0;0;0_-100;2;5475_-100;2;5475_-100;2;5475,22.613698630137,Prevalence,0.00166880812983311
NbyGQVwzFc_loc12_loop6,12,ITN 0%/IRS 0%/Larvicide 0%,0;0.4;0.4_0;0;0_0;0;0_-100;2;5475_-100;2;5475_-100;2;5475,22.6164383561644,Prevalence,0.00167316990847188
NbyGQVwzFc_loc12_loop6,12,ITN 0%/IRS 0%/Larvicide 0%,0;0.4;0.4_0;0;0_0;0;0_-100;2;5475_-100;2;5475_-100;2;5475,22.6191780821918,Prevalence,0.00167754196802888
NbyGQVwzFc_loc12_loop6,12,ITN 0%/IRS 0%/Larvicide 0%,0;0.4;0.4_0;0;0_0;0;0_-100;2;5475_-100;2;5475_-100;2;5475,22.6219178082192,Prevalence,0.00168192432302924
NbyGQVwzFc_loc12_loop6,12,ITN 0%/IRS 0%/Larvicide 0%,0;0.4;0.4_0;0;0_0;0;0_-100;2;5475_-100;2;5475_-100;2;5475,22.6246575342466,Prevalence,0.00168631698797042
NbyGQVwzFc_loc12_loop6,12,ITN 0%/IRS 0%/Larvicide 0%,0;0.4;0.4_0;0;0_0;0;0_-100;2;5475_-100;2;5475_-100;2;5475,22.627397260274,Prevalence,0.00169071997732194
NbyGQVwzFc_loc12_loop6,12,ITN 0%/IRS 0%/Larvicide 0%,0;0.4;0.4_0;0;0_0;0;0_-100;2;5475_-100;2;5475_-100;2;5475,22.6301369863014,Prevalence,0.00169513330552498
NbyGQVwzFc_loc12_loop6,12,ITN 0%/IRS 0%/Larvicide 0%,0;0.4;0.4_0;0;0_0;0;0_-100;2;5475_-100;2;5475_-100;2;5475,22.6328767123288,Prevalence,0.00169955698699208
NbyGQVwzFc_loc12_loop6,12,ITN 0%/IRS 0%/Larvicide 0%,0;0.4;0.4_0;0;0_0;0;0_-100;2;5475_-100;2;5475_-100;2;5475,22.6356164383562,Prevalence,0.00170399103610677
NbyGQVwzFc_loc12_loop6,12,ITN 0%/IRS 0%/Larvicide 0%,0;0.4;0.4_0;0;0_0;0;0_-100;2;5475_-100;2;5475_-100;2;5475,22.6383561643836,Prevalence,0.00170843546722324
NbyGQVwzFc_loc12_loop6,12,ITN 0%/IRS 0%/Larvicide 0%,0;0.4;0.4_0;0;0_0;0;0_-100;2;5475_-100;2;5475_-100;2;5475,22.641095890411,Prevalence,0.00171289029466597
NbyGQVwzFc_loc12_loop6,12,ITN 0%/IRS 0%/Larvicide 0%,0;0.4;0.4_0;0;0_0;0;0_-100;2;5475_-100;2;5475_-100;2;5475,22.6438356164384,Prevalence,0.00171735553272939
NbyGQVwzFc_loc12_loop6,12,ITN 0%/IRS 0%/Larvicide 0%,0;0.4;0.4_0;0;0_0;0;0_-100;2;5475_-100;2;5475_-100;2;5475,22.6465753424658,Prevalence,0.00172183119567758
NbyGQVwzFc_loc12_loop6,12,ITN 0%/IRS 0%/Larvicide 0%,0;0.4;0.4_0;0;0_0;0;0_-100;2;5475_-100;2;5475_-100;2;5475,22.6493150684932,Prevalence,0.00172631729774387
NbyGQVwzFc_loc12_loop6,12,ITN 0%/IRS 0%/Larvicide 0%,0;0.4;0.4_0;0;0_0;0;0_-100;2;5475_-100;2;5475_-100;2;5475,22.6520547945206,Prevalence,0.00173081385313052
NbyGQVwzFc_loc12_loop6,12,ITN 0%/IRS 0%/Larvicide 0%,0;0.4;0.4_0;0;0_0;0;0_-100;2;5475_-100;2;5475_-100;2;5475,22.6547945205479,Prevalence,0.00173532087600844
NbyGQVwzFc_loc12_loop6,12,ITN 0%/IRS 0%/Larvicide 0%,0;0.4;0.4_0;0;0_0;0;0_-100;2;5475_-100;2;5475_-100;2;5475,22.6575342465753,Prevalence,0.00173983838051669
NbyGQVwzFc_loc12_loop6,12,ITN 0%/IRS 0%/Larvicide 0%,0;0.4;0.4_0;0;0_0;0;0_-100;2;5475_-100;2;5475_-100;2;5475,22.6602739726027,Prevalence,0.00174436638076216
NbyGQVwzFc_loc12_loop6,12,ITN 0%/IRS 0%/Larvicide 0%,0;0.4;0.4_0;0;0_0;0;0_-100;2;5475_-100;2;5475_-100;2;5475,22.6630136986301,Prevalence,0.00174890489081924
NbyGQVwzFc_loc12_loop6,12,ITN 0%/IRS 0%/Larvicide 0%,0;0.4;0.4_0;0;0_0;0;0_-100;2;5475_-100;2;5475_-100;2;5475,22.6657534246575,Prevalence,0.00175345392472952
NbyGQVwzFc_loc12_loop6,12,ITN 0%/IRS 0%/Larvicide 0%,0;0.4;0.4_0;0;0_0;0;0_-100;2;5475_-100;2;5475_-100;2;5475,22.6684931506849,Prevalence,0.00175801349650137
NbyGQVwzFc_loc12_loop6,12,ITN 0%/IRS 0%/Larvicide 0%,0;0.4;0.4_0;0;0_0;0;0_-100;2;5475_-100;2;5475_-100;2;5475,22.6712328767123,Prevalence,0.00176258362010963
NbyGQVwzFc_loc12_loop6,12,ITN 0%/IRS 0%/Larvicide 0%,0;0.4;0.4_0;0;0_0;0;0_-100;2;5475_-100;2;5475_-100;2;5475,22.6739726027397,Prevalence,0.00176716430949523
NbyGQVwzFc_loc12_loop6,12,ITN 0%/IRS 0%/Larvicide 0%,0;0.4;0.4_0;0;0_0;0;0_-100;2;5475_-100;2;5475_-100;2;5475,22.6767123287671,Prevalence,0.00177175557856485
NbyGQVwzFc_loc12_loop6,12,ITN 0%/IRS 0%/Larvicide 0%,0;0.4;0.4_0;0;0_0;0;0_-100;2;5475_-100;2;5475_-100;2;5475,22.6794520547945,Prevalence,0.00177635744119059
NbyGQVwzFc_loc12_loop6,12,ITN 0%/IRS 0%/Larvicide 0%,0;0.4;0.4_0;0;0_0;0;0_-100;2;5475_-100;2;5475_-100;2;5475,22.6821917808219,Prevalence,0.00178096991120954
NbyGQVwzFc_loc12_loop6,12,ITN 0%/IRS 0%/Larvicide 0%,0;0.4;0.4_0;0;0_0;0;0_-100;2;5475_-100;2;5475_-100;2;5475,22.6849315068493,Prevalence,0.00178559300242353
NbyGQVwzFc_loc12_loop6,12,ITN 0%/IRS 0%/Larvicide 0%,0;0.4;0.4_0;0;0_0;0;0_-100;2;5475_-100;2;5475_-100;2;5475,22.6876712328767,Prevalence,0.00179022672859867
NbyGQVwzFc_loc12_loop6,12,ITN 0%/IRS 0%/Larvicide 0%,0;0.4;0.4_0;0;0_0;0;0_-100;2;5475_-100;2;5475_-100;2;5475,22.6904109589041,Prevalence,0.00179487110346505
NbyGQVwzFc_loc12_loop6,12,ITN 0%/IRS 0%/Larvicide 0%,0;0.4;0.4_0;0;0_0;0;0_-100;2;5475_-100;2;5475_-100;2;5475,22.6931506849315,Prevalence,0.00179952614071638
NbyGQVwzFc_loc12_loop6,12,ITN 0%/IRS 0%/Larvicide 0%,0;0.4;0.4_0;0;0_0;0;0_-100;2;5475_-100;2;5475_-100;2;5475,22.6958904109589,Prevalence,0.00180419185400962
NbyGQVwzFc_loc12_loop6,12,ITN 0%/IRS 0%/Larvicide 0%,0;0.4;0.4_0;0;0_0;0;0_-100;2;5475_-100;2;5475_-100;2;5475,22.6986301369863,Prevalence,0.00180886825696461
NbyGQVwzFc_loc12_loop6,12,ITN 0%/IRS 0%/Larvicide 0%,0;0.4;0.4_0;0;0_0;0;0_-100;2;5475_-100;2;5475_-100;2;5475,22.7013698630137,Prevalence,0.00181355536316371
NbyGQVwzFc_loc12_loop6,12,ITN 0%/IRS 0%/Larvicide 0%,0;0.4;0.4_0;0;0_0;0;0_-100;2;5475_-100;2;5475_-100;2;5475,22.7041095890411,Prevalence,0.00181825318615151
NbyGQVwzFc_loc12_loop6,12,ITN 0%/IRS 0%/Larvicide 0%,0;0.4;0.4_0;0;0_0;0;0_-100;2;5475_-100;2;5475_-100;2;5475,22.7068493150685,Prevalence,0.00182296173943436
NbyGQVwzFc_loc12_loop6,12,ITN 0%/IRS 0%/Larvicide 0%,0;0.4;0.4_0;0;0_0;0;0_-100;2;5475_-100;2;5475_-100;2;5475,22.7095890410959,Prevalence,0.00182768103648007
NbyGQVwzFc_loc12_loop6,12,ITN 0%/IRS 0%/Larvicide 0%,0;0.4;0.4_0;0;0_0;0;0_-100;2;5475_-100;2;5475_-100;2;5475,22.7123287671233,Prevalence,0.00183241109071755
NbyGQVwzFc_loc12_loop6,12,ITN 0%/IRS 0%/Larvicide 0%,0;0.4;0.4_0;0;0_0;0;0_-100;2;5475_-100;2;5475_-100;2;5475,22.7150684931507,Prevalence,0.00183715191553643
NbyGQVwzFc_loc12_loop6,12,ITN 0%/IRS 0%/Larvicide 0%,0;0.4;0.4_0;0;0_0;0;0_-100;2;5475_-100;2;5475_-100;2;5475,22.7178082191781,Prevalence,0.00184190352428672
NbyGQVwzFc_loc12_loop6,12,ITN 0%/IRS 0%/Larvicide 0%,0;0.4;0.4_0;0;0_0;0;0_-100;2;5475_-100;2;5475_-100;2;5475,22.7205479452055,Prevalence,0.00184666593027841
NbyGQVwzFc_loc12_loop6,12,ITN 0%/IRS 0%/Larvicide 0%,0;0.4;0.4_0;0;0_0;0;0_-100;2;5475_-100;2;5475_-100;2;5475,22.7232876712329,Prevalence,0.00185143914678113
NbyGQVwzFc_loc12_loop6,12,ITN 0%/IRS 0%/Larvicide 0%,0;0.4;0.4_0;0;0_0;0;0_-100;2;5475_-100;2;5475_-100;2;5475,22.7260273972603,Prevalence,0.00185622318702379
NbyGQVwzFc_loc12_loop6,12,ITN 0%/IRS 0%/Larvicide 0%,0;0.4;0.4_0;0;0_0;0;0_-100;2;5475_-100;2;5475_-100;2;5475,22.7287671232877,Prevalence,0.00186101806419422
NbyGQVwzFc_loc12_loop6,12,ITN 0%/IRS 0%/Larvicide 0%,0;0.4;0.4_0;0;0_0;0;0_-100;2;5475_-100;2;5475_-100;2;5475,22.7315068493151,Prevalence,0.00186582379143889
NbyGQVwzFc_loc12_loop6,12,ITN 0%/IRS 0%/Larvicide 0%,0;0.4;0.4_0;0;0_0;0;0_-100;2;5475_-100;2;5475_-100;2;5475,22.7342465753425,Prevalence,0.00187064038186235
NbyGQVwzFc_loc12_loop6,12,ITN 0%/IRS 0%/Larvicide 0%,0;0.4;0.4_0;0;0_0;0;0_-100;2;5475_-100;2;5475_-100;2;5475,22.7369863013699,Prevalence,0.00187546784852696
NbyGQVwzFc_loc12_loop6,12,ITN 0%/IRS 0%/Larvicide 0%,0;0.4;0.4_0;0;0_0;0;0_-100;2;5475_-100;2;5475_-100;2;5475,22.7397260273973,Prevalence,0.00188030620445249
NbyGQVwzFc_loc12_loop6,12,ITN 0%/IRS 0%/Larvicide 0%,0;0.4;0.4_0;0;0_0;0;0_-100;2;5475_-100;2;5475_-100;2;5475,22.7424657534247,Prevalence,0.00188515546261581
NbyGQVwzFc_loc12_loop6,12,ITN 0%/IRS 0%/Larvicide 0%,0;0.4;0.4_0;0;0_0;0;0_-100;2;5475_-100;2;5475_-100;2;5475,22.7452054794521,Prevalence,0.00189001563595046
NbyGQVwzFc_loc12_loop6,12,ITN 0%/IRS 0%/Larvicide 0%,0;0.4;0.4_0;0;0_0;0;0_-100;2;5475_-100;2;5475_-100;2;5475,22.7479452054795,Prevalence,0.00189488673734635
NbyGQVwzFc_loc12_loop6,12,ITN 0%/IRS 0%/Larvicide 0%,0;0.4;0.4_0;0;0_0;0;0_-100;2;5475_-100;2;5475_-100;2;5475,22.7506849315069,Prevalence,0.00189976877964935
NbyGQVwzFc_loc12_loop6,12,ITN 0%/IRS 0%/Larvicide 0%,0;0.4;0.4_0;0;0_0;0;0_-100;2;5475_-100;2;5475_-100;2;5475,22.7534246575343,Prevalence,0.00190466177566093
NbyGQVwzFc_loc12_loop6,12,ITN 0%/IRS 0%/Larvicide 0%,0;0.4;0.4_0;0;0_0;0;0_-100;2;5475_-100;2;5475_-100;2;5475,22.7561643835616,Prevalence,0.00190956573813779
NbyGQVwzFc_loc12_loop6,12,ITN 0%/IRS 0%/Larvicide 0%,0;0.4;0.4_0;0;0_0;0;0_-100;2;5475_-100;2;5475_-100;2;5475,22.758904109589,Prevalence,0.00191448067979151
NbyGQVwzFc_loc12_loop6,12,ITN 0%/IRS 0%/Larvicide 0%,0;0.4;0.4_0;0;0_0;0;0_-100;2;5475_-100;2;5475_-100;2;5475,22.7616438356164,Prevalence,0.00191940661328813
NbyGQVwzFc_loc12_loop6,12,ITN 0%/IRS 0%/Larvicide 0%,0;0.4;0.4_0;0;0_0;0;0_-100;2;5475_-100;2;5475_-100;2;5475,22.7643835616438,Prevalence,0.00192434355124783
NbyGQVwzFc_loc12_loop6,12,ITN 0%/IRS 0%/Larvicide 0%,0;0.4;0.4_0;0;0_0;0;0_-100;2;5475_-100;2;5475_-100;2;5475,22.7671232876712,Prevalence,0.00192929150624456
NbyGQVwzFc_loc12_loop6,12,ITN 0%/IRS 0%/Larvicide 0%,0;0.4;0.4_0;0;0_0;0;0_-100;2;5475_-100;2;5475_-100;2;5475,22.7698630136986,Prevalence,0.00193425049080559
NbyGQVwzFc_loc12_loop6,12,ITN 0%/IRS 0%/Larvicide 0%,0;0.4;0.4_0;0;0_0;0;0_-100;2;5475_-100;2;5475_-100;2;5475,22.772602739726,Prevalence,0.00193922051741126
NbyGQVwzFc_loc12_loop6,12,ITN 0%/IRS 0%/Larvicide 0%,0;0.4;0.4_0;0;0_0;0;0_-100;2;5475_-100;2;5475_-100;2;5475,22.7753424657534,Prevalence,0.0019442015984945
NbyGQVwzFc_loc12_loop6,12,ITN 0%/IRS 0%/Larvicide 0%,0;0.4;0.4_0;0;0_0;0;0_-100;2;5475_-100;2;5475_-100;2;5475,22.7780821917808,Prevalence,0.00194919374644053
NbyGQVwzFc_loc12_loop6,12,ITN 0%/IRS 0%/Larvicide 0%,0;0.4;0.4_0;0;0_0;0;0_-100;2;5475_-100;2;5475_-100;2;5475,22.7808219178082,Prevalence,0.00195419697358644
NbyGQVwzFc_loc12_loop6,12,ITN 0%/IRS 0%/Larvicide 0%,0;0.4;0.4_0;0;0_0;0;0_-100;2;5475_-100;2;5475_-100;2;5475,22.7835616438356,Prevalence,0.00195921129222085
NbyGQVwzFc_loc12_loop6,12,ITN 0%/IRS 0%/Larvicide 0%,0;0.4;0.4_0;0;0_0;0;0_-100;2;5475_-100;2;5475_-100;2;5475,22.786301369863,Prevalence,0.00196423671458352
NbyGQVwzFc_loc12_loop6,12,ITN 0%/IRS 0%/Larvicide 0%,0;0.4;0.4_0;0;0_0;0;0_-100;2;5475_-100;2;5475_-100;2;5475,22.7890410958904,Prevalence,0.00196927325286496
NbyGQVwzFc_loc12_loop6,12,ITN 0%/IRS 0%/Larvicide 0%,0;0.4;0.4_0;0;0_0;0;0_-100;2;5475_-100;2;5475_-100;2;5475,22.7917808219178,Prevalence,0.00197432091920611
NbyGQVwzFc_loc12_loop6,12,ITN 0%/IRS 0%/Larvicide 0%,0;0.4;0.4_0;0;0_0;0;0_-100;2;5475_-100;2;5475_-100;2;5475,22.7945205479452,Prevalence,0.00197937972569787
NbyGQVwzFc_loc12_loop6,12,ITN 0%/IRS 0%/Larvicide 0%,0;0.4;0.4_0;0;0_0;0;0_-100;2;5475_-100;2;5475_-100;2;5475,22.7972602739726,Prevalence,0.00198444968438086
NbyGQVwzFc_loc12_loop6,12,ITN 0%/IRS 0%/Larvicide 0%,0;0.4;0.4_0;0;0_0;0;0_-100;2;5475_-100;2;5475_-100;2;5475,22.8,Prevalence,0.00198953080724492
NbyGQVwzFc_loc12_loop6,12,ITN 0%/IRS 0%/Larvicide 0%,0;0.4;0.4_0;0;0_0;0;0_-100;2;5475_-100;2;5475_-100;2;5475,22.8027397260274,Prevalence,0.00199462310622879
NbyGQVwzFc_loc12_loop6,12,ITN 0%/IRS 0%/Larvicide 0%,0;0.4;0.4_0;0;0_0;0;0_-100;2;5475_-100;2;5475_-100;2;5475,22.8054794520548,Prevalence,0.00199972659321974
NbyGQVwzFc_loc12_loop6,12,ITN 0%/IRS 0%/Larvicide 0%,0;0.4;0.4_0;0;0_0;0;0_-100;2;5475_-100;2;5475_-100;2;5475,22.8082191780822,Prevalence,0.00200484128005318
NbyGQVwzFc_loc12_loop6,12,ITN 0%/IRS 0%/Larvicide 0%,0;0.4;0.4_0;0;0_0;0;0_-100;2;5475_-100;2;5475_-100;2;5475,22.8109589041096,Prevalence,0.00200996717851235
NbyGQVwzFc_loc12_loop6,12,ITN 0%/IRS 0%/Larvicide 0%,0;0.4;0.4_0;0;0_0;0;0_-100;2;5475_-100;2;5475_-100;2;5475,22.813698630137,Prevalence,0.00201510430032789
NbyGQVwzFc_loc12_loop6,12,ITN 0%/IRS 0%/Larvicide 0%,0;0.4;0.4_0;0;0_0;0;0_-100;2;5475_-100;2;5475_-100;2;5475,22.8164383561644,Prevalence,0.00202025265717737
NbyGQVwzFc_loc12_loop6,12,ITN 0%/IRS 0%/Larvicide 0%,0;0.4;0.4_0;0;0_0;0;0_-100;2;5475_-100;2;5475_-100;2;5475,22.8191780821918,Prevalence,0.00202541226068498
NbyGQVwzFc_loc12_loop6,12,ITN 0%/IRS 0%/Larvicide 0%,0;0.4;0.4_0;0;0_0;0;0_-100;2;5475_-100;2;5475_-100;2;5475,22.8219178082192,Prevalence,0.00203058312242117
NbyGQVwzFc_loc12_loop6,12,ITN 0%/IRS 0%/Larvicide 0%,0;0.4;0.4_0;0;0_0;0;0_-100;2;5475_-100;2;5475_-100;2;5475,22.8246575342466,Prevalence,0.00203576525390229
NbyGQVwzFc_loc12_loop6,12,ITN 0%/IRS 0%/Larvicide 0%,0;0.4;0.4_0;0;0_0;0;0_-100;2;5475_-100;2;5475_-100;2;5475,22.827397260274,Prevalence,0.00204095866659017
NbyGQVwzFc_loc12_loop6,12,ITN 0%/IRS 0%/Larvicide 0%,0;0.4;0.4_0;0;0_0;0;0_-100;2;5475_-100;2;5475_-100;2;5475,22.8301369863014,Prevalence,0.00204616337189177
NbyGQVwzFc_loc12_loop6,12,ITN 0%/IRS 0%/Larvicide 0%,0;0.4;0.4_0;0;0_0;0;0_-100;2;5475_-100;2;5475_-100;2;5475,22.8328767123288,Prevalence,0.0020513793811588
NbyGQVwzFc_loc12_loop6,12,ITN 0%/IRS 0%/Larvicide 0%,0;0.4;0.4_0;0;0_0;0;0_-100;2;5475_-100;2;5475_-100;2;5475,22.8356164383562,Prevalence,0.00205660670568735
NbyGQVwzFc_loc12_loop6,12,ITN 0%/IRS 0%/Larvicide 0%,0;0.4;0.4_0;0;0_0;0;0_-100;2;5475_-100;2;5475_-100;2;5475,22.8383561643836,Prevalence,0.00206184535671748
NbyGQVwzFc_loc12_loop6,12,ITN 0%/IRS 0%/Larvicide 0%,0;0.4;0.4_0;0;0_0;0;0_-100;2;5475_-100;2;5475_-100;2;5475,22.841095890411,Prevalence,0.00206709534543287
NbyGQVwzFc_loc12_loop6,12,ITN 0%/IRS 0%/Larvicide 0%,0;0.4;0.4_0;0;0_0;0;0_-100;2;5475_-100;2;5475_-100;2;5475,22.8438356164384,Prevalence,0.00207235668296044
NbyGQVwzFc_loc12_loop6,12,ITN 0%/IRS 0%/Larvicide 0%,0;0.4;0.4_0;0;0_0;0;0_-100;2;5475_-100;2;5475_-100;2;5475,22.8465753424658,Prevalence,0.00207762938036998
NbyGQVwzFc_loc12_loop6,12,ITN 0%/IRS 0%/Larvicide 0%,0;0.4;0.4_0;0;0_0;0;0_-100;2;5475_-100;2;5475_-100;2;5475,22.8493150684932,Prevalence,0.00208291344867372
NbyGQVwzFc_loc12_loop6,12,ITN 0%/IRS 0%/Larvicide 0%,0;0.4;0.4_0;0;0_0;0;0_-100;2;5475_-100;2;5475_-100;2;5475,22.8520547945206,Prevalence,0.00208820889882601
NbyGQVwzFc_loc12_loop6,12,ITN 0%/IRS 0%/Larvicide 0%,0;0.4;0.4_0;0;0_0;0;0_-100;2;5475_-100;2;5475_-100;2;5475,22.8547945205479,Prevalence,0.00209351574172292
NbyGQVwzFc_loc12_loop6,12,ITN 0%/IRS 0%/Larvicide 0%,0;0.4;0.4_0;0;0_0;0;0_-100;2;5475_-100;2;5475_-100;2;5475,22.8575342465753,Prevalence,0.00209883398820185
NbyGQVwzFc_loc12_loop6,12,ITN 0%/IRS 0%/Larvicide 0%,0;0.4;0.4_0;0;0_0;0;0_-100;2;5475_-100;2;5475_-100;2;5475,22.8602739726027,Prevalence,0.00210416364904117
NbyGQVwzFc_loc12_loop6,12,ITN 0%/IRS 0%/Larvicide 0%,0;0.4;0.4_0;0;0_0;0;0_-100;2;5475_-100;2;5475_-100;2;5475,22.8630136986301,Prevalence,0.00210950473495982
NbyGQVwzFc_loc12_loop6,12,ITN 0%/IRS 0%/Larvicide 0%,0;0.4;0.4_0;0;0_0;0;0_-100;2;5475_-100;2;5475_-100;2;5475,22.8657534246575,Prevalence,0.00211485725661696
NbyGQVwzFc_loc12_loop6,12,ITN 0%/IRS 0%/Larvicide 0%,0;0.4;0.4_0;0;0_0;0;0_-100;2;5475_-100;2;5475_-100;2;5475,22.8684931506849,Prevalence,0.00212022122461156
NbyGQVwzFc_loc12_loop6,12,ITN 0%/IRS 0%/Larvicide 0%,0;0.4;0.4_0;0;0_0;0;0_-100;2;5475_-100;2;5475_-100;2;5475,22.8712328767123,Prevalence,0.00212559664948204
NbyGQVwzFc_loc12_loop6,12,ITN 0%/IRS 0%/Larvicide 0%,0;0.4;0.4_0;0;0_0;0;0_-100;2;5475_-100;2;5475_-100;2;5475,22.8739726027397,Prevalence,0.00213098354170589
NbyGQVwzFc_loc12_loop6,12,ITN 0%/IRS 0%/Larvicide 0%,0;0.4;0.4_0;0;0_0;0;0_-100;2;5475_-100;2;5475_-100;2;5475,22.8767123287671,Prevalence,0.00213638191169926
NbyGQVwzFc_loc12_loop6,12,ITN 0%/IRS 0%/Larvicide 0%,0;0.4;0.4_0;0;0_0;0;0_-100;2;5475_-100;2;5475_-100;2;5475,22.8794520547945,Prevalence,0.00214179176981661
NbyGQVwzFc_loc12_loop6,12,ITN 0%/IRS 0%/Larvicide 0%,0;0.4;0.4_0;0;0_0;0;0_-100;2;5475_-100;2;5475_-100;2;5475,22.8821917808219,Prevalence,0.00214721312635035
NbyGQVwzFc_loc12_loop6,12,ITN 0%/IRS 0%/Larvicide 0%,0;0.4;0.4_0;0;0_0;0;0_-100;2;5475_-100;2;5475_-100;2;5475,22.8849315068493,Prevalence,0.00215264599153042
NbyGQVwzFc_loc12_loop6,12,ITN 0%/IRS 0%/Larvicide 0%,0;0.4;0.4_0;0;0_0;0;0_-100;2;5475_-100;2;5475_-100;2;5475,22.8876712328767,Prevalence,0.00215809037552393
NbyGQVwzFc_loc12_loop6,12,ITN 0%/IRS 0%/Larvicide 0%,0;0.4;0.4_0;0;0_0;0;0_-100;2;5475_-100;2;5475_-100;2;5475,22.8904109589041,Prevalence,0.00216354628843479
NbyGQVwzFc_loc12_loop6,12,ITN 0%/IRS 0%/Larvicide 0%,0;0.4;0.4_0;0;0_0;0;0_-100;2;5475_-100;2;5475_-100;2;5475,22.8931506849315,Prevalence,0.00216901374030329
NbyGQVwzFc_loc12_loop6,12,ITN 0%/IRS 0%/Larvicide 0%,0;0.4;0.4_0;0;0_0;0;0_-100;2;5475_-100;2;5475_-100;2;5475,22.8958904109589,Prevalence,0.0021744927411059
NbyGQVwzFc_loc12_loop6,12,ITN 0%/IRS 0%/Larvicide 0%,0;0.4;0.4_0;0;0_0;0;0_-100;2;5475_-100;2;5475_-100;2;5475,22.8986301369863,Prevalence,0.00217998330075458
NbyGQVwzFc_loc12_loop6,12,ITN 0%/IRS 0%/Larvicide 0%,0;0.4;0.4_0;0;0_0;0;0_-100;2;5475_-100;2;5475_-100;2;5475,22.9013698630137,Prevalence,0.00218548542909659
NbyGQVwzFc_loc12_loop6,12,ITN 0%/IRS 0%/Larvicide 0%,0;0.4;0.4_0;0;0_0;0;0_-100;2;5475_-100;2;5475_-100;2;5475,22.9041095890411,Prevalence,0.00219099913591403
NbyGQVwzFc_loc12_loop6,12,ITN 0%/IRS 0%/Larvicide 0%,0;0.4;0.4_0;0;0_0;0;0_-100;2;5475_-100;2;5475_-100;2;5475,22.9068493150685,Prevalence,0.00219652443092354
NbyGQVwzFc_loc12_loop6,12,ITN 0%/IRS 0%/Larvicide 0%,0;0.4;0.4_0;0;0_0;0;0_-100;2;5475_-100;2;5475_-100;2;5475,22.9095890410959,Prevalence,0.00220206132377588
NbyGQVwzFc_loc12_loop6,12,ITN 0%/IRS 0%/Larvicide 0%,0;0.4;0.4_0;0;0_0;0;0_-100;2;5475_-100;2;5475_-100;2;5475,22.9123287671233,Prevalence,0.00220760982405557
NbyGQVwzFc_loc12_loop6,12,ITN 0%/IRS 0%/Larvicide 0%,0;0.4;0.4_0;0;0_0;0;0_-100;2;5475_-100;2;5475_-100;2;5475,22.9150684931507,Prevalence,0.00221316994128052
NbyGQVwzFc_loc12_loop6,12,ITN 0%/IRS 0%/Larvicide 0%,0;0.4;0.4_0;0;0_0;0;0_-100;2;5475_-100;2;5475_-100;2;5475,22.9178082191781,Prevalence,0.00221874168490159
NbyGQVwzFc_loc12_loop6,12,ITN 0%/IRS 0%/Larvicide 0%,0;0.4;0.4_0;0;0_0;0;0_-100;2;5475_-100;2;5475_-100;2;5475,22.9205479452055,Prevalence,0.0022243250643023
NbyGQVwzFc_loc12_loop6,12,ITN 0%/IRS 0%/Larvicide 0%,0;0.4;0.4_0;0;0_0;0;0_-100;2;5475_-100;2;5475_-100;2;5475,22.9232876712329,Prevalence,0.00222992008879841
NbyGQVwzFc_loc12_loop6,12,ITN 0%/IRS 0%/Larvicide 0%,0;0.4;0.4_0;0;0_0;0;0_-100;2;5475_-100;2;5475_-100;2;5475,22.9260273972603,Prevalence,0.00223552676763753
NbyGQVwzFc_loc12_loop6,12,ITN 0%/IRS 0%/Larvicide 0%,0;0.4;0.4_0;0;0_0;0;0_-100;2;5475_-100;2;5475_-100;2;5475,22.9287671232877,Prevalence,0.00224114510999876
NbyGQVwzFc_loc12_loop6,12,ITN 0%/IRS 0%/Larvicide 0%,0;0.4;0.4_0;0;0_0;0;0_-100;2;5475_-100;2;5475_-100;2;5475,22.9315068493151,Prevalence,0.00224677512499232
NbyGQVwzFc_loc12_loop6,12,ITN 0%/IRS 0%/Larvicide 0%,0;0.4;0.4_0;0;0_0;0;0_-100;2;5475_-100;2;5475_-100;2;5475,22.9342465753425,Prevalence,0.00225241682165914
NbyGQVwzFc_loc12_loop6,12,ITN 0%/IRS 0%/Larvicide 0%,0;0.4;0.4_0;0;0_0;0;0_-100;2;5475_-100;2;5475_-100;2;5475,22.9369863013699,Prevalence,0.00225807020897051
NbyGQVwzFc_loc12_loop6,12,ITN 0%/IRS 0%/Larvicide 0%,0;0.4;0.4_0;0;0_0;0;0_-100;2;5475_-100;2;5475_-100;2;5475,22.9397260273973,Prevalence,0.00226373529582769
NbyGQVwzFc_loc12_loop6,12,ITN 0%/IRS 0%/Larvicide 0%,0;0.4;0.4_0;0;0_0;0;0_-100;2;5475_-100;2;5475_-100;2;5475,22.9424657534247,Prevalence,0.00226941209106158
NbyGQVwzFc_loc12_loop6,12,ITN 0%/IRS 0%/Larvicide 0%,0;0.4;0.4_0;0;0_0;0;0_-100;2;5475_-100;2;5475_-100;2;5475,22.9452054794521,Prevalence,0.00227510060343225
NbyGQVwzFc_loc12_loop6,12,ITN 0%/IRS 0%/Larvicide 0%,0;0.4;0.4_0;0;0_0;0;0_-100;2;5475_-100;2;5475_-100;2;5475,22.9479452054795,Prevalence,0.00228080084162867
NbyGQVwzFc_loc12_loop6,12,ITN 0%/IRS 0%/Larvicide 0%,0;0.4;0.4_0;0;0_0;0;0_-100;2;5475_-100;2;5475_-100;2;5475,22.9506849315069,Prevalence,0.00228651281426824
NbyGQVwzFc_loc12_loop6,12,ITN 0%/IRS 0%/Larvicide 0%,0;0.4;0.4_0;0;0_0;0;0_-100;2;5475_-100;2;5475_-100;2;5475,22.9534246575342,Prevalence,0.00229223652989647
NbyGQVwzFc_loc12_loop6,12,ITN 0%/IRS 0%/Larvicide 0%,0;0.4;0.4_0;0;0_0;0;0_-100;2;5475_-100;2;5475_-100;2;5475,22.9561643835616,Prevalence,0.00229797199698662
NbyGQVwzFc_loc12_loop6,12,ITN 0%/IRS 0%/Larvicide 0%,0;0.4;0.4_0;0;0_0;0;0_-100;2;5475_-100;2;5475_-100;2;5475,22.958904109589,Prevalence,0.00230371922393926
NbyGQVwzFc_loc12_loop6,12,ITN 0%/IRS 0%/Larvicide 0%,0;0.4;0.4_0;0;0_0;0;0_-100;2;5475_-100;2;5475_-100;2;5475,22.9616438356164,Prevalence,0.00230947821908195
NbyGQVwzFc_loc12_loop6,12,ITN 0%/IRS 0%/Larvicide 0%,0;0.4;0.4_0;0;0_0;0;0_-100;2;5475_-100;2;5475_-100;2;5475,22.9643835616438,Prevalence,0.00231524899066887
NbyGQVwzFc_loc12_loop6,12,ITN 0%/IRS 0%/Larvicide 0%,0;0.4;0.4_0;0;0_0;0;0_-100;2;5475_-100;2;5475_-100;2;5475,22.9671232876712,Prevalence,0.00232103154688039
NbyGQVwzFc_loc12_loop6,12,ITN 0%/IRS 0%/Larvicide 0%,0;0.4;0.4_0;0;0_0;0;0_-100;2;5475_-100;2;5475_-100;2;5475,22.9698630136986,Prevalence,0.00232682589582275
NbyGQVwzFc_loc12_loop6,12,ITN 0%/IRS 0%/Larvicide 0%,0;0.4;0.4_0;0;0_0;0;0_-100;2;5475_-100;2;5475_-100;2;5475,22.972602739726,Prevalence,0.00233263204552768
NbyGQVwzFc_loc12_loop6,12,ITN 0%/IRS 0%/Larvicide 0%,0;0.4;0.4_0;0;0_0;0;0_-100;2;5475_-100;2;5475_-100;2;5475,22.9753424657534,Prevalence,0.00233845000395199
NbyGQVwzFc_loc12_loop6,12,ITN 0%/IRS 0%/Larvicide 0%,0;0.4;0.4_0;0;0_0;0;0_-100;2;5475_-100;2;5475_-100;2;5475,22.9780821917808,Prevalence,0.00234427977897725
NbyGQVwzFc_loc12_loop6,12,ITN 0%/IRS 0%/Larvicide 0%,0;0.4;0.4_0;0;0_0;0;0_-100;2;5475_-100;2;5475_-100;2;5475,22.9808219178082,Prevalence,0.00235012137840941
NbyGQVwzFc_loc12_loop6,12,ITN 0%/IRS 0%/Larvicide 0%,0;0.4;0.4_0;0;0_0;0;0_-100;2;5475_-100;2;5475_-100;2;5475,22.9835616438356,Prevalence,0.0023559748099785
NbyGQVwzFc_loc12_loop6,12,ITN 0%/IRS 0%/Larvicide 0%,0;0.4;0.4_0;0;0_0;0;0_-100;2;5475_-100;2;5475_-100;2;5475,22.986301369863,Prevalence,0.00236184008133803
NbyGQVwzFc_loc12_loop6,12,ITN 0%/IRS 0%/Larvicide 0%,0;0.4;0.4_0;0;0_0;0;0_-100;2;5475_-100;2;5475_-100;2;5475,22.9890410958904,Prevalence,0.00236771720006475
NbyGQVwzFc_loc12_loop6,12,ITN 0%/IRS 0%/Larvicide 0%,0;0.4;0.4_0;0;0_0;0;0_-100;2;5475_-100;2;5475_-100;2;5475,22.9917808219178,Prevalence,0.00237360617365832
NbyGQVwzFc_loc12_loop6,12,ITN 0%/IRS 0%/Larvicide 0%,0;0.4;0.4_0;0;0_0;0;0_-100;2;5475_-100;2;5475_-100;2;5475,22.9945205479452,Prevalence,0.00237950700954087
NbyGQVwzFc_loc12_loop6,12,ITN 0%/IRS 0%/Larvicide 0%,0;0.4;0.4_0;0;0_0;0;0_-100;2;5475_-100;2;5475_-100;2;5475,22.9972602739726,Prevalence,0.00238541971505671
NbyGQVwzFc_loc12_loop6,12,ITN 0%/IRS 0%/Larvicide 0%,0;0.4;0.4_0;0;0_0;0;0_-100;2;5475_-100;2;5475_-100;2;5475,23,Prevalence,0.0023913442974719
NbyGQVwzFc_loc12_loop6,12,ITN 0%/IRS 0%/Larvicide 0%,0;0.4;0.4_0;0;0_0;0;0_-100;2;5475_-100;2;5475_-100;2;5475,23.0027397260274,Prevalence,0.00239728076397391
NbyGQVwzFc_loc12_loop6,12,ITN 0%/IRS 0%/Larvicide 0%,0;0.4;0.4_0;0;0_0;0;0_-100;2;5475_-100;2;5475_-100;2;5475,23.0054794520548,Prevalence,0.00240322912167128
NbyGQVwzFc_loc12_loop6,12,ITN 0%/IRS 0%/Larvicide 0%,0;0.4;0.4_0;0;0_0;0;0_-100;2;5475_-100;2;5475_-100;2;5475,23.0082191780822,Prevalence,0.00240918937759317
NbyGQVwzFc_loc12_loop6,12,ITN 0%/IRS 0%/Larvicide 0%,0;0.4;0.4_0;0;0_0;0;0_-100;2;5475_-100;2;5475_-100;2;5475,23.0109589041096,Prevalence,0.00241516153868909
NbyGQVwzFc_loc12_loop6,12,ITN 0%/IRS 0%/Larvicide 0%,0;0.4;0.4_0;0;0_0;0;0_-100;2;5475_-100;2;5475_-100;2;5475,23.013698630137,Prevalence,0.00242114561182847
NbyGQVwzFc_loc12_loop6,12,ITN 0%/IRS 0%/Larvicide 0%,0;0.4;0.4_0;0;0_0;0;0_-100;2;5475_-100;2;5475_-100;2;5475,23.0164383561644,Prevalence,0.00242714160380033
NbyGQVwzFc_loc12_loop6,12,ITN 0%/IRS 0%/Larvicide 0%,0;0.4;0.4_0;0;0_0;0;0_-100;2;5475_-100;2;5475_-100;2;5475,23.0191780821918,Prevalence,0.0024331495213129
NbyGQVwzFc_loc12_loop6,12,ITN 0%/IRS 0%/Larvicide 0%,0;0.4;0.4_0;0;0_0;0;0_-100;2;5475_-100;2;5475_-100;2;5475,23.0219178082192,Prevalence,0.00243916937099326
NbyGQVwzFc_loc12_loop6,12,ITN 0%/IRS 0%/Larvicide 0%,0;0.4;0.4_0;0;0_0;0;0_-100;2;5475_-100;2;5475_-100;2;5475,23.0246575342466,Prevalence,0.00244520115938697
NbyGQVwzFc_loc12_loop6,12,ITN 0%/IRS 0%/Larvicide 0%,0;0.4;0.4_0;0;0_0;0;0_-100;2;5475_-100;2;5475_-100;2;5475,23.027397260274,Prevalence,0.00245124489295773
NbyGQVwzFc_loc12_loop6,12,ITN 0%/IRS 0%/Larvicide 0%,0;0.4;0.4_0;0;0_0;0;0_-100;2;5475_-100;2;5475_-100;2;5475,23.0301369863014,Prevalence,0.00245730057808697
NbyGQVwzFc_loc12_loop6,12,ITN 0%/IRS 0%/Larvicide 0%,0;0.4;0.4_0;0;0_0;0;0_-100;2;5475_-100;2;5475_-100;2;5475,23.0328767123288,Prevalence,0.00246336822107356
NbyGQVwzFc_loc12_loop6,12,ITN 0%/IRS 0%/Larvicide 0%,0;0.4;0.4_0;0;0_0;0;0_-100;2;5475_-100;2;5475_-100;2;5475,23.0356164383562,Prevalence,0.00246944782813333
NbyGQVwzFc_loc12_loop6,12,ITN 0%/IRS 0%/Larvicide 0%,0;0.4;0.4_0;0;0_0;0;0_-100;2;5475_-100;2;5475_-100;2;5475,23.0383561643836,Prevalence,0.00247553940539875
NbyGQVwzFc_loc12_loop6,12,ITN 0%/IRS 0%/Larvicide 0%,0;0.4;0.4_0;0;0_0;0;0_-100;2;5475_-100;2;5475_-100;2;5475,23.041095890411,Prevalence,0.00248164295891901
NbyGQVwzFc_loc12_loop6,12,ITN 0%/IRS 0%/Larvicide 0%,0;0.4;0.4_0;0;0_0;0;0_-100;2;5475_-100;2;5475_-100;2;5475,23.0438356164384,Prevalence,0.00248775849465893
NbyGQVwzFc_loc12_loop6,12,ITN 0%/IRS 0%/Larvicide 0%,0;0.4;0.4_0;0;0_0;0;0_-100;2;5475_-100;2;5475_-100;2;5475,23.0465753424658,Prevalence,0.00249388601849881
NbyGQVwzFc_loc12_loop6,12,ITN 0%/IRS 0%/Larvicide 0%,0;0.4;0.4_0;0;0_0;0;0_-100;2;5475_-100;2;5475_-100;2;5475,23.0493150684932,Prevalence,0.0025000255362345
NbyGQVwzFc_loc12_loop6,12,ITN 0%/IRS 0%/Larvicide 0%,0;0.4;0.4_0;0;0_0;0;0_-100;2;5475_-100;2;5475_-100;2;5475,23.0520547945206,Prevalence,0.00250617705357666
NbyGQVwzFc_loc12_loop6,12,ITN 0%/IRS 0%/Larvicide 0%,0;0.4;0.4_0;0;0_0;0;0_-100;2;5475_-100;2;5475_-100;2;5475,23.0547945205479,Prevalence,0.00251234057615033
NbyGQVwzFc_loc12_loop6,12,ITN 0%/IRS 0%/Larvicide 0%,0;0.4;0.4_0;0;0_0;0;0_-100;2;5475_-100;2;5475_-100;2;5475,23.0575342465753,Prevalence,0.00251851610949483
NbyGQVwzFc_loc12_loop6,12,ITN 0%/IRS 0%/Larvicide 0%,0;0.4;0.4_0;0;0_0;0;0_-100;2;5475_-100;2;5475_-100;2;5475,23.0602739726027,Prevalence,0.00252470365906403
NbyGQVwzFc_loc12_loop6,12,ITN 0%/IRS 0%/Larvicide 0%,0;0.4;0.4_0;0;0_0;0;0_-100;2;5475_-100;2;5475_-100;2;5475,23.0630136986301,Prevalence,0.00253090323022387
NbyGQVwzFc_loc12_loop6,12,ITN 0%/IRS 0%/Larvicide 0%,0;0.4;0.4_0;0;0_0;0;0_-100;2;5475_-100;2;5475_-100;2;5475,23.0657534246575,Prevalence,0.00253711482825383
NbyGQVwzFc_loc12_loop6,12,ITN 0%/IRS 0%/Larvicide 0%,0;0.4;0.4_0;0;0_0;0;0_-100;2;5475_-100;2;5475_-100;2;5475,23.0684931506849,Prevalence,0.00254333845834711
NbyGQVwzFc_loc12_loop6,12,ITN 0%/IRS 0%/Larvicide 0%,0;0.4;0.4_0;0;0_0;0;0_-100;2;5475_-100;2;5475_-100;2;5475,23.0712328767123,Prevalence,0.00254957412560842
NbyGQVwzFc_loc12_loop6,12,ITN 0%/IRS 0%/Larvicide 0%,0;0.4;0.4_0;0;0_0;0;0_-100;2;5475_-100;2;5475_-100;2;5475,23.0739726027397,Prevalence,0.00255582183505485
NbyGQVwzFc_loc12_loop6,12,ITN 0%/IRS 0%/Larvicide 0%,0;0.4;0.4_0;0;0_0;0;0_-100;2;5475_-100;2;5475_-100;2;5475,23.0767123287671,Prevalence,0.00256208159161552
NbyGQVwzFc_loc12_loop6,12,ITN 0%/IRS 0%/Larvicide 0%,0;0.4;0.4_0;0;0_0;0;0_-100;2;5475_-100;2;5475_-100;2;5475,23.0794520547945,Prevalence,0.00256835340013044
NbyGQVwzFc_loc12_loop6,12,ITN 0%/IRS 0%/Larvicide 0%,0;0.4;0.4_0;0;0_0;0;0_-100;2;5475_-100;2;5475_-100;2;5475,23.0821917808219,Prevalence,0.00257463726535066
NbyGQVwzFc_loc12_loop6,12,ITN 0%/IRS 0%/Larvicide 0%,0;0.4;0.4_0;0;0_0;0;0_-100;2;5475_-100;2;5475_-100;2;5475,23.0849315068493,Prevalence,0.00258093319193822
NbyGQVwzFc_loc12_loop6,12,ITN 0%/IRS 0%/Larvicide 0%,0;0.4;0.4_0;0;0_0;0;0_-100;2;5475_-100;2;5475_-100;2;5475,23.0876712328767,Prevalence,0.00258724118446536
NbyGQVwzFc_loc12_loop6,12,ITN 0%/IRS 0%/Larvicide 0%,0;0.4;0.4_0;0;0_0;0;0_-100;2;5475_-100;2;5475_-100;2;5475,23.0904109589041,Prevalence,0.0025935612474141
NbyGQVwzFc_loc12_loop6,12,ITN 0%/IRS 0%/Larvicide 0%,0;0.4;0.4_0;0;0_0;0;0_-100;2;5475_-100;2;5475_-100;2;5475,23.0931506849315,Prevalence,0.00259989338517692
NbyGQVwzFc_loc12_loop6,12,ITN 0%/IRS 0%/Larvicide 0%,0;0.4;0.4_0;0;0_0;0;0_-100;2;5475_-100;2;5475_-100;2;5475,23.0958904109589,Prevalence,0.00260623760205472
NbyGQVwzFc_loc12_loop6,12,ITN 0%/IRS 0%/Larvicide 0%,0;0.4;0.4_0;0;0_0;0;0_-100;2;5475_-100;2;5475_-100;2;5475,23.0986301369863,Prevalence,0.00261259390225705
NbyGQVwzFc_loc12_loop6,12,ITN 0%/IRS 0%/Larvicide 0%,0;0.4;0.4_0;0;0_0;0;0_-100;2;5475_-100;2;5475_-100;2;5475,23.1013698630137,Prevalence,0.00261896228990336
NbyGQVwzFc_loc12_loop6,12,ITN 0%/IRS 0%/Larvicide 0%,0;0.4;0.4_0;0;0_0;0;0_-100;2;5475_-100;2;5475_-100;2;5475,23.1041095890411,Prevalence,0.00262534276902086
NbyGQVwzFc_loc12_loop6,12,ITN 0%/IRS 0%/Larvicide 0%,0;0.4;0.4_0;0;0_0;0;0_-100;2;5475_-100;2;5475_-100;2;5475,23.1068493150685,Prevalence,0.00263173534354419
NbyGQVwzFc_loc12_loop6,12,ITN 0%/IRS 0%/Larvicide 0%,0;0.4;0.4_0;0;0_0;0;0_-100;2;5475_-100;2;5475_-100;2;5475,23.1095890410959,Prevalence,0.0026381400173163
NbyGQVwzFc_loc12_loop6,12,ITN 0%/IRS 0%/Larvicide 0%,0;0.4;0.4_0;0;0_0;0;0_-100;2;5475_-100;2;5475_-100;2;5475,23.1123287671233,Prevalence,0.00264455679408736
NbyGQVwzFc_loc12_loop6,12,ITN 0%/IRS 0%/Larvicide 0%,0;0.4;0.4_0;0;0_0;0;0_-100;2;5475_-100;2;5475_-100;2;5475,23.1150684931507,Prevalence,0.00265098567751414
NbyGQVwzFc_loc12_loop6,12,ITN 0%/IRS 0%/Larvicide 0%,0;0.4;0.4_0;0;0_0;0;0_-100;2;5475_-100;2;5475_-100;2;5475,23.1178082191781,Prevalence,0.00265742667116024
NbyGQVwzFc_loc12_loop6,12,ITN 0%/IRS 0%/Larvicide 0%,0;0.4;0.4_0;0;0_0;0;0_-100;2;5475_-100;2;5475_-100;2;5475,23.1205479452055,Prevalence,0.00266387977849571
NbyGQVwzFc_loc12_loop6,12,ITN 0%/IRS 0%/Larvicide 0%,0;0.4;0.4_0;0;0_0;0;0_-100;2;5475_-100;2;5475_-100;2;5475,23.1232876712329,Prevalence,0.00267034500289632
NbyGQVwzFc_loc12_loop6,12,ITN 0%/IRS 0%/Larvicide 0%,0;0.4;0.4_0;0;0_0;0;0_-100;2;5475_-100;2;5475_-100;2;5475,23.1260273972603,Prevalence,0.00267682234764352
NbyGQVwzFc_loc12_loop6,12,ITN 0%/IRS 0%/Larvicide 0%,0;0.4;0.4_0;0;0_0;0;0_-100;2;5475_-100;2;5475_-100;2;5475,23.1287671232877,Prevalence,0.0026833118159242
NbyGQVwzFc_loc12_loop6,12,ITN 0%/IRS 0%/Larvicide 0%,0;0.4;0.4_0;0;0_0;0;0_-100;2;5475_-100;2;5475_-100;2;5475,23.1315068493151,Prevalence,0.00268981341083013
NbyGQVwzFc_loc12_loop6,12,ITN 0%/IRS 0%/Larvicide 0%,0;0.4;0.4_0;0;0_0;0;0_-100;2;5475_-100;2;5475_-100;2;5475,23.1342465753425,Prevalence,0.00269632713535769
NbyGQVwzFc_loc12_loop6,12,ITN 0%/IRS 0%/Larvicide 0%,0;0.4;0.4_0;0;0_0;0;0_-100;2;5475_-100;2;5475_-100;2;5475,23.1369863013699,Prevalence,0.00270285299240771
NbyGQVwzFc_loc12_loop6,12,ITN 0%/IRS 0%/Larvicide 0%,0;0.4;0.4_0;0;0_0;0;0_-100;2;5475_-100;2;5475_-100;2;5475,23.1397260273973,Prevalence,0.00270939098478494
NbyGQVwzFc_loc12_loop6,12,ITN 0%/IRS 0%/Larvicide 0%,0;0.4;0.4_0;0;0_0;0;0_-100;2;5475_-100;2;5475_-100;2;5475,23.1424657534247,Prevalence,0.00271594111519782
NbyGQVwzFc_loc12_loop6,12,ITN 0%/IRS 0%/Larvicide 0%,0;0.4;0.4_0;0;0_0;0;0_-100;2;5475_-100;2;5475_-100;2;5475,23.1452054794521,Prevalence,0.00272250338625817
NbyGQVwzFc_loc12_loop6,12,ITN 0%/IRS 0%/Larvicide 0%,0;0.4;0.4_0;0;0_0;0;0_-100;2;5475_-100;2;5475_-100;2;5475,23.1479452054795,Prevalence,0.00272907780048087
NbyGQVwzFc_loc12_loop6,12,ITN 0%/IRS 0%/Larvicide 0%,0;0.4;0.4_0;0;0_0;0;0_-100;2;5475_-100;2;5475_-100;2;5475,23.1506849315069,Prevalence,0.00273566436028348
NbyGQVwzFc_loc12_loop6,12,ITN 0%/IRS 0%/Larvicide 0%,0;0.4;0.4_0;0;0_0;0;0_-100;2;5475_-100;2;5475_-100;2;5475,23.1534246575342,Prevalence,0.00274226306798602
NbyGQVwzFc_loc12_loop6,12,ITN 0%/IRS 0%/Larvicide 0%,0;0.4;0.4_0;0;0_0;0;0_-100;2;5475_-100;2;5475_-100;2;5475,23.1561643835616,Prevalence,0.00274887392581057
NbyGQVwzFc_loc12_loop6,12,ITN 0%/IRS 0%/Larvicide 0%,0;0.4;0.4_0;0;0_0;0;0_-100;2;5475_-100;2;5475_-100;2;5475,23.158904109589,Prevalence,0.002755496935881
NbyGQVwzFc_loc12_loop6,12,ITN 0%/IRS 0%/Larvicide 0%,0;0.4;0.4_0;0;0_0;0;0_-100;2;5475_-100;2;5475_-100;2;5475,23.1616438356164,Prevalence,0.00276213210022263
NbyGQVwzFc_loc12_loop6,12,ITN 0%/IRS 0%/Larvicide 0%,0;0.4;0.4_0;0;0_0;0;0_-100;2;5475_-100;2;5475_-100;2;5475,23.1643835616438,Prevalence,0.00276877942076193
NbyGQVwzFc_loc12_loop6,12,ITN 0%/IRS 0%/Larvicide 0%,0;0.4;0.4_0;0;0_0;0;0_-100;2;5475_-100;2;5475_-100;2;5475,23.1671232876712,Prevalence,0.00277543889932627
NbyGQVwzFc_loc12_loop6,12,ITN 0%/IRS 0%/Larvicide 0%,0;0.4;0.4_0;0;0_0;0;0_-100;2;5475_-100;2;5475_-100;2;5475,23.1698630136986,Prevalence,0.0027821105376436
NbyGQVwzFc_loc12_loop6,12,ITN 0%/IRS 0%/Larvicide 0%,0;0.4;0.4_0;0;0_0;0;0_-100;2;5475_-100;2;5475_-100;2;5475,23.172602739726,Prevalence,0.00278879433734193
NbyGQVwzFc_loc12_loop6,12,ITN 0%/IRS 0%/Larvicide 0%,0;0.4;0.4_0;0;0_0;0;0_-100;2;5475_-100;2;5475_-100;2;5475,23.1753424657534,Prevalence,0.00279549029994925
NbyGQVwzFc_loc12_loop6,12,ITN 0%/IRS 0%/Larvicide 0%,0;0.4;0.4_0;0;0_0;0;0_-100;2;5475_-100;2;5475_-100;2;5475,23.1780821917808,Prevalence,0.00280219842689312
NbyGQVwzFc_loc12_loop6,12,ITN 0%/IRS 0%/Larvicide 0%,0;0.4;0.4_0;0;0_0;0;0_-100;2;5475_-100;2;5475_-100;2;5475,23.1808219178082,Prevalence,0.00280891871950043
NbyGQVwzFc_loc12_loop6,12,ITN 0%/IRS 0%/Larvicide 0%,0;0.4;0.4_0;0;0_0;0;0_-100;2;5475_-100;2;5475_-100;2;5475,23.1835616438356,Prevalence,0.00281565117899709
NbyGQVwzFc_loc12_loop6,12,ITN 0%/IRS 0%/Larvicide 0%,0;0.4;0.4_0;0;0_0;0;0_-100;2;5475_-100;2;5475_-100;2;5475,23.186301369863,Prevalence,0.00282239580650769
NbyGQVwzFc_loc12_loop6,12,ITN 0%/IRS 0%/Larvicide 0%,0;0.4;0.4_0;0;0_0;0;0_-100;2;5475_-100;2;5475_-100;2;5475,23.1890410958904,Prevalence,0.00282915260305526
NbyGQVwzFc_loc12_loop6,12,ITN 0%/IRS 0%/Larvicide 0%,0;0.4;0.4_0;0;0_0;0;0_-100;2;5475_-100;2;5475_-100;2;5475,23.1917808219178,Prevalence,0.00283592156956096
NbyGQVwzFc_loc12_loop6,12,ITN 0%/IRS 0%/Larvicide 0%,0;0.4;0.4_0;0;0_0;0;0_-100;2;5475_-100;2;5475_-100;2;5475,23.1945205479452,Prevalence,0.00284270270684372
NbyGQVwzFc_loc12_loop6,12,ITN 0%/IRS 0%/Larvicide 0%,0;0.4;0.4_0;0;0_0;0;0_-100;2;5475_-100;2;5475_-100;2;5475,23.1972602739726,Prevalence,0.00284949601562003
NbyGQVwzFc_loc12_loop6,12,ITN 0%/IRS 0%/Larvicide 0%,0;0.4;0.4_0;0;0_0;0;0_-100;2;5475_-100;2;5475_-100;2;5475,23.2,Prevalence,0.00285630149650359
NbyGQVwzFc_loc12_loop6,12,ITN 0%/IRS 0%/Larvicide 0%,0;0.4;0.4_0;0;0_0;0;0_-100;2;5475_-100;2;5475_-100;2;5475,23.2027397260274,Prevalence,0.00286311915000507
NbyGQVwzFc_loc12_loop6,12,ITN 0%/IRS 0%/Larvicide 0%,0;0.4;0.4_0;0;0_0;0;0_-100;2;5475_-100;2;5475_-100;2;5475,23.2054794520548,Prevalence,0.00286994897653177
NbyGQVwzFc_loc12_loop6,12,ITN 0%/IRS 0%/Larvicide 0%,0;0.4;0.4_0;0;0_0;0;0_-100;2;5475_-100;2;5475_-100;2;5475,23.2082191780822,Prevalence,0.00287679097638737
NbyGQVwzFc_loc12_loop6,12,ITN 0%/IRS 0%/Larvicide 0%,0;0.4;0.4_0;0;0_0;0;0_-100;2;5475_-100;2;5475_-100;2;5475,23.2109589041096,Prevalence,0.00288364514977163
NbyGQVwzFc_loc12_loop6,12,ITN 0%/IRS 0%/Larvicide 0%,0;0.4;0.4_0;0;0_0;0;0_-100;2;5475_-100;2;5475_-100;2;5475,23.213698630137,Prevalence,0.00289051149678007
NbyGQVwzFc_loc12_loop6,12,ITN 0%/IRS 0%/Larvicide 0%,0;0.4;0.4_0;0;0_0;0;0_-100;2;5475_-100;2;5475_-100;2;5475,23.2164383561644,Prevalence,0.00289739001740376
NbyGQVwzFc_loc12_loop6,12,ITN 0%/IRS 0%/Larvicide 0%,0;0.4;0.4_0;0;0_0;0;0_-100;2;5475_-100;2;5475_-100;2;5475,23.2191780821918,Prevalence,0.00290428071152899
NbyGQVwzFc_loc12_loop6,12,ITN 0%/IRS 0%/Larvicide 0%,0;0.4;0.4_0;0;0_0;0;0_-100;2;5475_-100;2;5475_-100;2;5475,23.2219178082192,Prevalence,0.002911183578937
NbyGQVwzFc_loc12_loop6,12,ITN 0%/IRS 0%/Larvicide 0%,0;0.4;0.4_0;0;0_0;0;0_-100;2;5475_-100;2;5475_-100;2;5475,23.2246575342466,Prevalence,0.00291809861930369
NbyGQVwzFc_loc12_loop6,12,ITN 0%/IRS 0%/Larvicide 0%,0;0.4;0.4_0;0;0_0;0;0_-100;2;5475_-100;2;5475_-100;2;5475,23.227397260274,Prevalence,0.00292502583219937
NbyGQVwzFc_loc12_loop6,12,ITN 0%/IRS 0%/Larvicide 0%,0;0.4;0.4_0;0;0_0;0;0_-100;2;5475_-100;2;5475_-100;2;5475,23.2301369863014,Prevalence,0.00293196521708849
NbyGQVwzFc_loc12_loop6,12,ITN 0%/IRS 0%/Larvicide 0%,0;0.4;0.4_0;0;0_0;0;0_-100;2;5475_-100;2;5475_-100;2;5475,23.2328767123288,Prevalence,0.00293891677332928
NbyGQVwzFc_loc12_loop6,12,ITN 0%/IRS 0%/Larvicide 0%,0;0.4;0.4_0;0;0_0;0;0_-100;2;5475_-100;2;5475_-100;2;5475,23.2356164383562,Prevalence,0.00294588050017364
NbyGQVwzFc_loc12_loop6,12,ITN 0%/IRS 0%/Larvicide 0%,0;0.4;0.4_0;0;0_0;0;0_-100;2;5475_-100;2;5475_-100;2;5475,23.2383561643836,Prevalence,0.00295285639676671
NbyGQVwzFc_loc12_loop6,12,ITN 0%/IRS 0%/Larvicide 0%,0;0.4;0.4_0;0;0_0;0;0_-100;2;5475_-100;2;5475_-100;2;5475,23.241095890411,Prevalence,0.0029598444621467
NbyGQVwzFc_loc12_loop6,12,ITN 0%/IRS 0%/Larvicide 0%,0;0.4;0.4_0;0;0_0;0;0_-100;2;5475_-100;2;5475_-100;2;5475,23.2438356164384,Prevalence,0.0029668446952446
NbyGQVwzFc_loc12_loop6,12,ITN 0%/IRS 0%/Larvicide 0%,0;0.4;0.4_0;0;0_0;0;0_-100;2;5475_-100;2;5475_-100;2;5475,23.2465753424658,Prevalence,0.00297385709488389
NbyGQVwzFc_loc12_loop6,12,ITN 0%/IRS 0%/Larvicide 0%,0;0.4;0.4_0;0;0_0;0;0_-100;2;5475_-100;2;5475_-100;2;5475,23.2493150684932,Prevalence,0.00298088165978032
NbyGQVwzFc_loc12_loop6,12,ITN 0%/IRS 0%/Larvicide 0%,0;0.4;0.4_0;0;0_0;0;0_-100;2;5475_-100;2;5475_-100;2;5475,23.2520547945206,Prevalence,0.00298791838854164
NbyGQVwzFc_loc12_loop6,12,ITN 0%/IRS 0%/Larvicide 0%,0;0.4;0.4_0;0;0_0;0;0_-100;2;5475_-100;2;5475_-100;2;5475,23.2547945205479,Prevalence,0.00299496727966729
NbyGQVwzFc_loc12_loop6,12,ITN 0%/IRS 0%/Larvicide 0%,0;0.4;0.4_0;0;0_0;0;0_-100;2;5475_-100;2;5475_-100;2;5475,23.2575342465753,Prevalence,0.00300202833154825
NbyGQVwzFc_loc12_loop6,12,ITN 0%/IRS 0%/Larvicide 0%,0;0.4;0.4_0;0;0_0;0;0_-100;2;5475_-100;2;5475_-100;2;5475,23.2602739726027,Prevalence,0.00300910154246664
NbyGQVwzFc_loc12_loop6,12,ITN 0%/IRS 0%/Larvicide 0%,0;0.4;0.4_0;0;0_0;0;0_-100;2;5475_-100;2;5475_-100;2;5475,23.2630136986301,Prevalence,0.00301618691059561
NbyGQVwzFc_loc12_loop6,12,ITN 0%/IRS 0%/Larvicide 0%,0;0.4;0.4_0;0;0_0;0;0_-100;2;5475_-100;2;5475_-100;2;5475,23.2657534246575,Prevalence,0.00302328443399901
NbyGQVwzFc_loc12_loop6,12,ITN 0%/IRS 0%/Larvicide 0%,0;0.4;0.4_0;0;0_0;0;0_-100;2;5475_-100;2;5475_-100;2;5475,23.2684931506849,Prevalence,0.00303039411063121
NbyGQVwzFc_loc12_loop6,12,ITN 0%/IRS 0%/Larvicide 0%,0;0.4;0.4_0;0;0_0;0;0_-100;2;5475_-100;2;5475_-100;2;5475,23.2712328767123,Prevalence,0.00303751593833673
NbyGQVwzFc_loc12_loop6,12,ITN 0%/IRS 0%/Larvicide 0%,0;0.4;0.4_0;0;0_0;0;0_-100;2;5475_-100;2;5475_-100;2;5475,23.2739726027397,Prevalence,0.00304464991485003
NbyGQVwzFc_loc12_loop6,12,ITN 0%/IRS 0%/Larvicide 0%,0;0.4;0.4_0;0;0_0;0;0_-100;2;5475_-100;2;5475_-100;2;5475,23.2767123287671,Prevalence,0.00305179603779533
NbyGQVwzFc_loc12_loop6,12,ITN 0%/IRS 0%/Larvicide 0%,0;0.4;0.4_0;0;0_0;0;0_-100;2;5475_-100;2;5475_-100;2;5475,23.2794520547945,Prevalence,0.00305895430468625
NbyGQVwzFc_loc12_loop6,12,ITN 0%/IRS 0%/Larvicide 0%,0;0.4;0.4_0;0;0_0;0;0_-100;2;5475_-100;2;5475_-100;2;5475,23.2821917808219,Prevalence,0.00306612471292578
NbyGQVwzFc_loc12_loop6,12,ITN 0%/IRS 0%/Larvicide 0%,0;0.4;0.4_0;0;0_0;0;0_-100;2;5475_-100;2;5475_-100;2;5475,23.2849315068493,Prevalence,0.00307330725980582
NbyGQVwzFc_loc12_loop6,12,ITN 0%/IRS 0%/Larvicide 0%,0;0.4;0.4_0;0;0_0;0;0_-100;2;5475_-100;2;5475_-100;2;5475,23.2876712328767,Prevalence,0.00308050194250711
NbyGQVwzFc_loc12_loop6,12,ITN 0%/IRS 0%/Larvicide 0%,0;0.4;0.4_0;0;0_0;0;0_-100;2;5475_-100;2;5475_-100;2;5475,23.2904109589041,Prevalence,0.00308770875809893
NbyGQVwzFc_loc12_loop6,12,ITN 0%/IRS 0%/Larvicide 0%,0;0.4;0.4_0;0;0_0;0;0_-100;2;5475_-100;2;5475_-100;2;5475,23.2931506849315,Prevalence,0.00309492770353886
NbyGQVwzFc_loc12_loop6,12,ITN 0%/IRS 0%/Larvicide 0%,0;0.4;0.4_0;0;0_0;0;0_-100;2;5475_-100;2;5475_-100;2;5475,23.2958904109589,Prevalence,0.00310215877567258
NbyGQVwzFc_loc12_loop6,12,ITN 0%/IRS 0%/Larvicide 0%,0;0.4;0.4_0;0;0_0;0;0_-100;2;5475_-100;2;5475_-100;2;5475,23.2986301369863,Prevalence,0.00310940197123362
NbyGQVwzFc_loc12_loop6,12,ITN 0%/IRS 0%/Larvicide 0%,0;0.4;0.4_0;0;0_0;0;0_-100;2;5475_-100;2;5475_-100;2;5475,23.3013698630137,Prevalence,0.00311665728684313
NbyGQVwzFc_loc12_loop6,12,ITN 0%/IRS 0%/Larvicide 0%,0;0.4;0.4_0;0;0_0;0;0_-100;2;5475_-100;2;5475_-100;2;5475,23.3041095890411,Prevalence,0.00312392471900969
NbyGQVwzFc_loc12_loop6,12,ITN 0%/IRS 0%/Larvicide 0%,0;0.4;0.4_0;0;0_0;0;0_-100;2;5475_-100;2;5475_-100;2;5475,23.3068493150685,Prevalence,0.00313120426412907
NbyGQVwzFc_loc12_loop6,12,ITN 0%/IRS 0%/Larvicide 0%,0;0.4;0.4_0;0;0_0;0;0_-100;2;5475_-100;2;5475_-100;2;5475,23.3095890410959,Prevalence,0.00313849591848402
NbyGQVwzFc_loc12_loop6,12,ITN 0%/IRS 0%/Larvicide 0%,0;0.4;0.4_0;0;0_0;0;0_-100;2;5475_-100;2;5475_-100;2;5475,23.3123287671233,Prevalence,0.00314579967824402
NbyGQVwzFc_loc12_loop6,12,ITN 0%/IRS 0%/Larvicide 0%,0;0.4;0.4_0;0;0_0;0;0_-100;2;5475_-100;2;5475_-100;2;5475,23.3150684931507,Prevalence,0.00315311553946511
NbyGQVwzFc_loc12_loop6,12,ITN 0%/IRS 0%/Larvicide 0%,0;0.4;0.4_0;0;0_0;0;0_-100;2;5475_-100;2;5475_-100;2;5475,23.3178082191781,Prevalence,0.00316044349808967
NbyGQVwzFc_loc12_loop6,12,ITN 0%/IRS 0%/Larvicide 0%,0;0.4;0.4_0;0;0_0;0;0_-100;2;5475_-100;2;5475_-100;2;5475,23.3205479452055,Prevalence,0.00316778354994616
NbyGQVwzFc_loc12_loop6,12,ITN 0%/IRS 0%/Larvicide 0%,0;0.4;0.4_0;0;0_0;0;0_-100;2;5475_-100;2;5475_-100;2;5475,23.3232876712329,Prevalence,0.003175135690749
NbyGQVwzFc_loc12_loop6,12,ITN 0%/IRS 0%/Larvicide 0%,0;0.4;0.4_0;0;0_0;0;0_-100;2;5475_-100;2;5475_-100;2;5475,23.3260273972603,Prevalence,0.00318249991609827
NbyGQVwzFc_loc12_loop6,12,ITN 0%/IRS 0%/Larvicide 0%,0;0.4;0.4_0;0;0_0;0;0_-100;2;5475_-100;2;5475_-100;2;5475,23.3287671232877,Prevalence,0.00318987622147959
NbyGQVwzFc_loc12_loop6,12,ITN 0%/IRS 0%/Larvicide 0%,0;0.4;0.4_0;0;0_0;0;0_-100;2;5475_-100;2;5475_-100;2;5475,23.3315068493151,Prevalence,0.00319726460226385
NbyGQVwzFc_loc12_loop6,12,ITN 0%/IRS 0%/Larvicide 0%,0;0.4;0.4_0;0;0_0;0;0_-100;2;5475_-100;2;5475_-100;2;5475,23.3342465753425,Prevalence,0.00320466505370708
NbyGQVwzFc_loc12_loop6,12,ITN 0%/IRS 0%/Larvicide 0%,0;0.4;0.4_0;0;0_0;0;0_-100;2;5475_-100;2;5475_-100;2;5475,23.3369863013699,Prevalence,0.00321207757095018
NbyGQVwzFc_loc12_loop6,12,ITN 0%/IRS 0%/Larvicide 0%,0;0.4;0.4_0;0;0_0;0;0_-100;2;5475_-100;2;5475_-100;2;5475,23.3397260273973,Prevalence,0.00321950214901879
NbyGQVwzFc_loc12_loop6,12,ITN 0%/IRS 0%/Larvicide 0%,0;0.4;0.4_0;0;0_0;0;0_-100;2;5475_-100;2;5475_-100;2;5475,23.3424657534247,Prevalence,0.00322693878282305
NbyGQVwzFc_loc12_loop6,12,ITN 0%/IRS 0%/Larvicide 0%,0;0.4;0.4_0;0;0_0;0;0_-100;2;5475_-100;2;5475_-100;2;5475,23.3452054794521,Prevalence,0.00323438746715741
NbyGQVwzFc_loc12_loop6,12,ITN 0%/IRS 0%/Larvicide 0%,0;0.4;0.4_0;0;0_0;0;0_-100;2;5475_-100;2;5475_-100;2;5475,23.3479452054795,Prevalence,0.00324184819670052
NbyGQVwzFc_loc12_loop6,12,ITN 0%/IRS 0%/Larvicide 0%,0;0.4;0.4_0;0;0_0;0;0_-100;2;5475_-100;2;5475_-100;2;5475,23.3506849315069,Prevalence,0.00324932096601494
NbyGQVwzFc_loc12_loop6,12,ITN 0%/IRS 0%/Larvicide 0%,0;0.4;0.4_0;0;0_0;0;0_-100;2;5475_-100;2;5475_-100;2;5475,23.3534246575343,Prevalence,0.003256805769547
NbyGQVwzFc_loc12_loop6,12,ITN 0%/IRS 0%/Larvicide 0%,0;0.4;0.4_0;0;0_0;0;0_-100;2;5475_-100;2;5475_-100;2;5475,23.3561643835616,Prevalence,0.00326430260162666
NbyGQVwzFc_loc12_loop6,12,ITN 0%/IRS 0%/Larvicide 0%,0;0.4;0.4_0;0;0_0;0;0_-100;2;5475_-100;2;5475_-100;2;5475,23.358904109589,Prevalence,0.00327181145646728
NbyGQVwzFc_loc12_loop6,12,ITN 0%/IRS 0%/Larvicide 0%,0;0.4;0.4_0;0;0_0;0;0_-100;2;5475_-100;2;5475_-100;2;5475,23.3616438356164,Prevalence,0.00327933232816546
NbyGQVwzFc_loc12_loop6,12,ITN 0%/IRS 0%/Larvicide 0%,0;0.4;0.4_0;0;0_0;0;0_-100;2;5475_-100;2;5475_-100;2;5475,23.3643835616438,Prevalence,0.00328686521070084
NbyGQVwzFc_loc12_loop6,12,ITN 0%/IRS 0%/Larvicide 0%,0;0.4;0.4_0;0;0_0;0;0_-100;2;5475_-100;2;5475_-100;2;5475,23.3671232876712,Prevalence,0.00329441009793599
NbyGQVwzFc_loc12_loop6,12,ITN 0%/IRS 0%/Larvicide 0%,0;0.4;0.4_0;0;0_0;0;0_-100;2;5475_-100;2;5475_-100;2;5475,23.3698630136986,Prevalence,0.00330196698361618
NbyGQVwzFc_loc12_loop6,12,ITN 0%/IRS 0%/Larvicide 0%,0;0.4;0.4_0;0;0_0;0;0_-100;2;5475_-100;2;5475_-100;2;5475,23.372602739726,Prevalence,0.00330953586136929
NbyGQVwzFc_loc12_loop6,12,ITN 0%/IRS 0%/Larvicide 0%,0;0.4;0.4_0;0;0_0;0;0_-100;2;5475_-100;2;5475_-100;2;5475,23.3753424657534,Prevalence,0.00331711672470557
NbyGQVwzFc_loc12_loop6,12,ITN 0%/IRS 0%/Larvicide 0%,0;0.4;0.4_0;0;0_0;0;0_-100;2;5475_-100;2;5475_-100;2;5475,23.3780821917808,Prevalence,0.00332470956701746
NbyGQVwzFc_loc12_loop6,12,ITN 0%/IRS 0%/Larvicide 0%,0;0.4;0.4_0;0;0_0;0;0_-100;2;5475_-100;2;5475_-100;2;5475,23.3808219178082,Prevalence,0.00333231438157943
NbyGQVwzFc_loc12_loop6,12,ITN 0%/IRS 0%/Larvicide 0%,0;0.4;0.4_0;0;0_0;0;0_-100;2;5475_-100;2;5475_-100;2;5475,23.3835616438356,Prevalence,0.00333993116154792
NbyGQVwzFc_loc12_loop6,12,ITN 0%/IRS 0%/Larvicide 0%,0;0.4;0.4_0;0;0_0;0;0_-100;2;5475_-100;2;5475_-100;2;5475,23.386301369863,Prevalence,0.00334755989996109
NbyGQVwzFc_loc12_loop6,12,ITN 0%/IRS 0%/Larvicide 0%,0;0.4;0.4_0;0;0_0;0;0_-100;2;5475_-100;2;5475_-100;2;5475,23.3890410958904,Prevalence,0.00335520058973871
NbyGQVwzFc_loc12_loop6,12,ITN 0%/IRS 0%/Larvicide 0%,0;0.4;0.4_0;0;0_0;0;0_-100;2;5475_-100;2;5475_-100;2;5475,23.3917808219178,Prevalence,0.00336285322368205
NbyGQVwzFc_loc12_loop6,12,ITN 0%/IRS 0%/Larvicide 0%,0;0.4;0.4_0;0;0_0;0;0_-100;2;5475_-100;2;5475_-100;2;5475,23.3945205479452,Prevalence,0.00337051779447368
NbyGQVwzFc_loc12_loop6,12,ITN 0%/IRS 0%/Larvicide 0%,0;0.4;0.4_0;0;0_0;0;0_-100;2;5475_-100;2;5475_-100;2;5475,23.3972602739726,Prevalence,0.00337819429467735
NbyGQVwzFc_loc12_loop6,12,ITN 0%/IRS 0%/Larvicide 0%,0;0.4;0.4_0;0;0_0;0;0_-100;2;5475_-100;2;5475_-100;2;5475,23.4,Prevalence,0.00338588271673784
NbyGQVwzFc_loc12_loop6,12,ITN 0%/IRS 0%/Larvicide 0%,0;0.4;0.4_0;0;0_0;0;0_-100;2;5475_-100;2;5475_-100;2;5475,23.4027397260274,Prevalence,0.00339358305298079
NbyGQVwzFc_loc12_loop6,12,ITN 0%/IRS 0%/Larvicide 0%,0;0.4;0.4_0;0;0_0;0;0_-100;2;5475_-100;2;5475_-100;2;5475,23.4054794520548,Prevalence,0.00340129529561268
NbyGQVwzFc_loc12_loop6,12,ITN 0%/IRS 0%/Larvicide 0%,0;0.4;0.4_0;0;0_0;0;0_-100;2;5475_-100;2;5475_-100;2;5475,23.4082191780822,Prevalence,0.0034090194367205
NbyGQVwzFc_loc12_loop6,12,ITN 0%/IRS 0%/Larvicide 0%,0;0.4;0.4_0;0;0_0;0;0_-100;2;5475_-100;2;5475_-100;2;5475,23.4109589041096,Prevalence,0.00341675546827183
NbyGQVwzFc_loc12_loop6,12,ITN 0%/IRS 0%/Larvicide 0%,0;0.4;0.4_0;0;0_0;0;0_-100;2;5475_-100;2;5475_-100;2;5475,23.413698630137,Prevalence,0.00342450338211456
NbyGQVwzFc_loc12_loop6,12,ITN 0%/IRS 0%/Larvicide 0%,0;0.4;0.4_0;0;0_0;0;0_-100;2;5475_-100;2;5475_-100;2;5475,23.4164383561644,Prevalence,0.00343226316997683
NbyGQVwzFc_loc12_loop6,12,ITN 0%/IRS 0%/Larvicide 0%,0;0.4;0.4_0;0;0_0;0;0_-100;2;5475_-100;2;5475_-100;2;5475,23.4191780821918,Prevalence,0.0034400348234669
NbyGQVwzFc_loc12_loop6,12,ITN 0%/IRS 0%/Larvicide 0%,0;0.4;0.4_0;0;0_0;0;0_-100;2;5475_-100;2;5475_-100;2;5475,23.4219178082192,Prevalence,0.00344781833407304
NbyGQVwzFc_loc12_loop6,12,ITN 0%/IRS 0%/Larvicide 0%,0;0.4;0.4_0;0;0_0;0;0_-100;2;5475_-100;2;5475_-100;2;5475,23.4246575342466,Prevalence,0.00345561369316333
NbyGQVwzFc_loc12_loop6,12,ITN 0%/IRS 0%/Larvicide 0%,0;0.4;0.4_0;0;0_0;0;0_-100;2;5475_-100;2;5475_-100;2;5475,23.427397260274,Prevalence,0.00346342089198568
NbyGQVwzFc_loc12_loop6,12,ITN 0%/IRS 0%/Larvicide 0%,0;0.4;0.4_0;0;0_0;0;0_-100;2;5475_-100;2;5475_-100;2;5475,23.4301369863014,Prevalence,0.00347123992166762
NbyGQVwzFc_loc12_loop6,12,ITN 0%/IRS 0%/Larvicide 0%,0;0.4;0.4_0;0;0_0;0;0_-100;2;5475_-100;2;5475_-100;2;5475,23.4328767123288,Prevalence,0.0034790707732162
NbyGQVwzFc_loc12_loop6,12,ITN 0%/IRS 0%/Larvicide 0%,0;0.4;0.4_0;0;0_0;0;0_-100;2;5475_-100;2;5475_-100;2;5475,23.4356164383562,Prevalence,0.00348691343751793
NbyGQVwzFc_loc12_loop6,12,ITN 0%/IRS 0%/Larvicide 0%,0;0.4;0.4_0;0;0_0;0;0_-100;2;5475_-100;2;5475_-100;2;5475,23.4383561643836,Prevalence,0.00349476790533861
NbyGQVwzFc_loc12_loop6,12,ITN 0%/IRS 0%/Larvicide 0%,0;0.4;0.4_0;0;0_0;0;0_-100;2;5475_-100;2;5475_-100;2;5475,23.441095890411,Prevalence,0.00350263416732327
NbyGQVwzFc_loc12_loop6,12,ITN 0%/IRS 0%/Larvicide 0%,0;0.4;0.4_0;0;0_0;0;0_-100;2;5475_-100;2;5475_-100;2;5475,23.4438356164384,Prevalence,0.0035105122139961
NbyGQVwzFc_loc12_loop6,12,ITN 0%/IRS 0%/Larvicide 0%,0;0.4;0.4_0;0;0_0;0;0_-100;2;5475_-100;2;5475_-100;2;5475,23.4465753424658,Prevalence,0.00351840203576025
NbyGQVwzFc_loc12_loop6,12,ITN 0%/IRS 0%/Larvicide 0%,0;0.4;0.4_0;0;0_0;0;0_-100;2;5475_-100;2;5475_-100;2;5475,23.4493150684932,Prevalence,0.00352630362289787
NbyGQVwzFc_loc12_loop6,12,ITN 0%/IRS 0%/Larvicide 0%,0;0.4;0.4_0;0;0_0;0;0_-100;2;5475_-100;2;5475_-100;2;5475,23.4520547945206,Prevalence,0.00353421696556989
NbyGQVwzFc_loc12_loop6,12,ITN 0%/IRS 0%/Larvicide 0%,0;0.4;0.4_0;0;0_0;0;0_-100;2;5475_-100;2;5475_-100;2;5475,23.4547945205479,Prevalence,0.00354214205381601
NbyGQVwzFc_loc12_loop6,12,ITN 0%/IRS 0%/Larvicide 0%,0;0.4;0.4_0;0;0_0;0;0_-100;2;5475_-100;2;5475_-100;2;5475,23.4575342465753,Prevalence,0.00355007887755462
NbyGQVwzFc_loc12_loop6,12,ITN 0%/IRS 0%/Larvicide 0%,0;0.4;0.4_0;0;0_0;0;0_-100;2;5475_-100;2;5475_-100;2;5475,23.4602739726027,Prevalence,0.00355802742658268
NbyGQVwzFc_loc12_loop6,12,ITN 0%/IRS 0%/Larvicide 0%,0;0.4;0.4_0;0;0_0;0;0_-100;2;5475_-100;2;5475_-100;2;5475,23.4630136986301,Prevalence,0.00356598769057564
NbyGQVwzFc_loc12_loop6,12,ITN 0%/IRS 0%/Larvicide 0%,0;0.4;0.4_0;0;0_0;0;0_-100;2;5475_-100;2;5475_-100;2;5475,23.4657534246575,Prevalence,0.00357395965908737
NbyGQVwzFc_loc12_loop6,12,ITN 0%/IRS 0%/Larvicide 0%,0;0.4;0.4_0;0;0_0;0;0_-100;2;5475_-100;2;5475_-100;2;5475,23.4684931506849,Prevalence,0.00358194332155011
NbyGQVwzFc_loc12_loop6,12,ITN 0%/IRS 0%/Larvicide 0%,0;0.4;0.4_0;0;0_0;0;0_-100;2;5475_-100;2;5475_-100;2;5475,23.4712328767123,Prevalence,0.00358993866727437
NbyGQVwzFc_loc12_loop6,12,ITN 0%/IRS 0%/Larvicide 0%,0;0.4;0.4_0;0;0_0;0;0_-100;2;5475_-100;2;5475_-100;2;5475,23.4739726027397,Prevalence,0.00359794568544889
NbyGQVwzFc_loc12_loop6,12,ITN 0%/IRS 0%/Larvicide 0%,0;0.4;0.4_0;0;0_0;0;0_-100;2;5475_-100;2;5475_-100;2;5475,23.4767123287671,Prevalence,0.0036059643651405
NbyGQVwzFc_loc12_loop6,12,ITN 0%/IRS 0%/Larvicide 0%,0;0.4;0.4_0;0;0_0;0;0_-100;2;5475_-100;2;5475_-100;2;5475,23.4794520547945,Prevalence,0.00361399469529413
NbyGQVwzFc_loc12_loop6,12,ITN 0%/IRS 0%/Larvicide 0%,0;0.4;0.4_0;0;0_0;0;0_-100;2;5475_-100;2;5475_-100;2;5475,23.4821917808219,Prevalence,0.00362203666473275
NbyGQVwzFc_loc12_loop6,12,ITN 0%/IRS 0%/Larvicide 0%,0;0.4;0.4_0;0;0_0;0;0_-100;2;5475_-100;2;5475_-100;2;5475,23.4849315068493,Prevalence,0.00363009026215731
NbyGQVwzFc_loc12_loop6,12,ITN 0%/IRS 0%/Larvicide 0%,0;0.4;0.4_0;0;0_0;0;0_-100;2;5475_-100;2;5475_-100;2;5475,23.4876712328767,Prevalence,0.00363815547614659
NbyGQVwzFc_loc12_loop6,12,ITN 0%/IRS 0%/Larvicide 0%,0;0.4;0.4_0;0;0_0;0;0_-100;2;5475_-100;2;5475_-100;2;5475,23.4904109589041,Prevalence,0.00364623229515722
NbyGQVwzFc_loc12_loop6,12,ITN 0%/IRS 0%/Larvicide 0%,0;0.4;0.4_0;0;0_0;0;0_-100;2;5475_-100;2;5475_-100;2;5475,23.4931506849315,Prevalence,0.00365432070752359
NbyGQVwzFc_loc12_loop6,12,ITN 0%/IRS 0%/Larvicide 0%,0;0.4;0.4_0;0;0_0;0;0_-100;2;5475_-100;2;5475_-100;2;5475,23.4958904109589,Prevalence,0.00366242070145789
NbyGQVwzFc_loc12_loop6,12,ITN 0%/IRS 0%/Larvicide 0%,0;0.4;0.4_0;0;0_0;0;0_-100;2;5475_-100;2;5475_-100;2;5475,23.4986301369863,Prevalence,0.00367053226504998
NbyGQVwzFc_loc12_loop6,12,ITN 0%/IRS 0%/Larvicide 0%,0;0.4;0.4_0;0;0_0;0;0_-100;2;5475_-100;2;5475_-100;2;5475,23.5013698630137,Prevalence,0.00367865538626743
NbyGQVwzFc_loc12_loop6,12,ITN 0%/IRS 0%/Larvicide 0%,0;0.4;0.4_0;0;0_0;0;0_-100;2;5475_-100;2;5475_-100;2;5475,23.5041095890411,Prevalence,0.00368679005295543
NbyGQVwzFc_loc12_loop6,12,ITN 0%/IRS 0%/Larvicide 0%,0;0.4;0.4_0;0;0_0;0;0_-100;2;5475_-100;2;5475_-100;2;5475,23.5068493150685,Prevalence,0.00369493625283677
NbyGQVwzFc_loc12_loop6,12,ITN 0%/IRS 0%/Larvicide 0%,0;0.4;0.4_0;0;0_0;0;0_-100;2;5475_-100;2;5475_-100;2;5475,23.5095890410959,Prevalence,0.0037030939735118
NbyGQVwzFc_loc12_loop6,12,ITN 0%/IRS 0%/Larvicide 0%,0;0.4;0.4_0;0;0_0;0;0_-100;2;5475_-100;2;5475_-100;2;5475,23.5123287671233,Prevalence,0.00371126320245841
NbyGQVwzFc_loc12_loop6,12,ITN 0%/IRS 0%/Larvicide 0%,0;0.4;0.4_0;0;0_0;0;0_-100;2;5475_-100;2;5475_-100;2;5475,23.5150684931507,Prevalence,0.003719443927032
NbyGQVwzFc_loc12_loop6,12,ITN 0%/IRS 0%/Larvicide 0%,0;0.4;0.4_0;0;0_0;0;0_-100;2;5475_-100;2;5475_-100;2;5475,23.5178082191781,Prevalence,0.00372763613446545
NbyGQVwzFc_loc12_loop6,12,ITN 0%/IRS 0%/Larvicide 0%,0;0.4;0.4_0;0;0_0;0;0_-100;2;5475_-100;2;5475_-100;2;5475,23.5205479452055,Prevalence,0.00373583981186913
NbyGQVwzFc_loc12_loop6,12,ITN 0%/IRS 0%/Larvicide 0%,0;0.4;0.4_0;0;0_0;0;0_-100;2;5475_-100;2;5475_-100;2;5475,23.5232876712329,Prevalence,0.00374405494623082
NbyGQVwzFc_loc12_loop6,12,ITN 0%/IRS 0%/Larvicide 0%,0;0.4;0.4_0;0;0_0;0;0_-100;2;5475_-100;2;5475_-100;2;5475,23.5260273972603,Prevalence,0.00375228152441579
NbyGQVwzFc_loc12_loop6,12,ITN 0%/IRS 0%/Larvicide 0%,0;0.4;0.4_0;0;0_0;0;0_-100;2;5475_-100;2;5475_-100;2;5475,23.5287671232877,Prevalence,0.00376051953316671
NbyGQVwzFc_loc12_loop6,12,ITN 0%/IRS 0%/Larvicide 0%,0;0.4;0.4_0;0;0_0;0;0_-100;2;5475_-100;2;5475_-100;2;5475,23.5315068493151,Prevalence,0.00376876895910364
NbyGQVwzFc_loc12_loop6,12,ITN 0%/IRS 0%/Larvicide 0%,0;0.4;0.4_0;0;0_0;0;0_-100;2;5475_-100;2;5475_-100;2;5475,23.5342465753425,Prevalence,0.00377702978872409
NbyGQVwzFc_loc12_loop6,12,ITN 0%/IRS 0%/Larvicide 0%,0;0.4;0.4_0;0;0_0;0;0_-100;2;5475_-100;2;5475_-100;2;5475,23.5369863013699,Prevalence,0.00378530200840295
NbyGQVwzFc_loc12_loop6,12,ITN 0%/IRS 0%/Larvicide 0%,0;0.4;0.4_0;0;0_0;0;0_-100;2;5475_-100;2;5475_-100;2;5475,23.5397260273973,Prevalence,0.00379358560439253
NbyGQVwzFc_loc12_loop6,12,ITN 0%/IRS 0%/Larvicide 0%,0;0.4;0.4_0;0;0_0;0;0_-100;2;5475_-100;2;5475_-100;2;5475,23.5424657534247,Prevalence,0.00380188056282256
NbyGQVwzFc_loc12_loop6,12,ITN 0%/IRS 0%/Larvicide 0%,0;0.4;0.4_0;0;0_0;0;0_-100;2;5475_-100;2;5475_-100;2;5475,23.5452054794521,Prevalence,0.00381018686970017
NbyGQVwzFc_loc12_loop6,12,ITN 0%/IRS 0%/Larvicide 0%,0;0.4;0.4_0;0;0_0;0;0_-100;2;5475_-100;2;5475_-100;2;5475,23.5479452054795,Prevalence,0.00381850451090991
NbyGQVwzFc_loc12_loop6,12,ITN 0%/IRS 0%/Larvicide 0%,0;0.4;0.4_0;0;0_0;0;0_-100;2;5475_-100;2;5475_-100;2;5475,23.5506849315069,Prevalence,0.00382683347221381
NbyGQVwzFc_loc12_loop6,12,ITN 0%/IRS 0%/Larvicide 0%,0;0.4;0.4_0;0;0_0;0;0_-100;2;5475_-100;2;5475_-100;2;5475,23.5534246575343,Prevalence,0.00383517373925132
NbyGQVwzFc_loc12_loop6,12,ITN 0%/IRS 0%/Larvicide 0%,0;0.4;0.4_0;0;0_0;0;0_-100;2;5475_-100;2;5475_-100;2;5475,23.5561643835616,Prevalence,0.00384352529753937
NbyGQVwzFc_loc12_loop6,12,ITN 0%/IRS 0%/Larvicide 0%,0;0.4;0.4_0;0;0_0;0;0_-100;2;5475_-100;2;5475_-100;2;5475,23.558904109589,Prevalence,0.00385188813247237
NbyGQVwzFc_loc12_loop6,12,ITN 0%/IRS 0%/Larvicide 0%,0;0.4;0.4_0;0;0_0;0;0_-100;2;5475_-100;2;5475_-100;2;5475,23.5616438356164,Prevalence,0.00386026222932229
NbyGQVwzFc_loc12_loop6,12,ITN 0%/IRS 0%/Larvicide 0%,0;0.4;0.4_0;0;0_0;0;0_-100;2;5475_-100;2;5475_-100;2;5475,23.5643835616438,Prevalence,0.00386864757323863
NbyGQVwzFc_loc12_loop6,12,ITN 0%/IRS 0%/Larvicide 0%,0;0.4;0.4_0;0;0_0;0;0_-100;2;5475_-100;2;5475_-100;2;5475,23.5671232876712,Prevalence,0.00387704414924845
NbyGQVwzFc_loc12_loop6,12,ITN 0%/IRS 0%/Larvicide 0%,0;0.4;0.4_0;0;0_0;0;0_-100;2;5475_-100;2;5475_-100;2;5475,23.5698630136986,Prevalence,0.00388545194225641
NbyGQVwzFc_loc12_loop6,12,ITN 0%/IRS 0%/Larvicide 0%,0;0.4;0.4_0;0;0_0;0;0_-100;2;5475_-100;2;5475_-100;2;5475,23.572602739726,Prevalence,0.00389387093704488
NbyGQVwzFc_loc12_loop6,12,ITN 0%/IRS 0%/Larvicide 0%,0;0.4;0.4_0;0;0_0;0;0_-100;2;5475_-100;2;5475_-100;2;5475,23.5753424657534,Prevalence,0.00390230111827384
NbyGQVwzFc_loc12_loop6,12,ITN 0%/IRS 0%/Larvicide 0%,0;0.4;0.4_0;0;0_0;0;0_-100;2;5475_-100;2;5475_-100;2;5475,23.5780821917808,Prevalence,0.00391074247048108
NbyGQVwzFc_loc12_loop6,12,ITN 0%/IRS 0%/Larvicide 0%,0;0.4;0.4_0;0;0_0;0;0_-100;2;5475_-100;2;5475_-100;2;5475,23.5808219178082,Prevalence,0.00391919497808208
NbyGQVwzFc_loc12_loop6,12,ITN 0%/IRS 0%/Larvicide 0%,0;0.4;0.4_0;0;0_0;0;0_-100;2;5475_-100;2;5475_-100;2;5475,23.5835616438356,Prevalence,0.00392765862537022
NbyGQVwzFc_loc12_loop6,12,ITN 0%/IRS 0%/Larvicide 0%,0;0.4;0.4_0;0;0_0;0;0_-100;2;5475_-100;2;5475_-100;2;5475,23.586301369863,Prevalence,0.00393613339651669
NbyGQVwzFc_loc12_loop6,12,ITN 0%/IRS 0%/Larvicide 0%,0;0.4;0.4_0;0;0_0;0;0_-100;2;5475_-100;2;5475_-100;2;5475,23.5890410958904,Prevalence,0.00394461927557066
NbyGQVwzFc_loc12_loop6,12,ITN 0%/IRS 0%/Larvicide 0%,0;0.4;0.4_0;0;0_0;0;0_-100;2;5475_-100;2;5475_-100;2;5475,23.5917808219178,Prevalence,0.00395311624645928
NbyGQVwzFc_loc12_loop6,12,ITN 0%/IRS 0%/Larvicide 0%,0;0.4;0.4_0;0;0_0;0;0_-100;2;5475_-100;2;5475_-100;2;5475,23.5945205479452,Prevalence,0.00396162429298773
NbyGQVwzFc_loc12_loop6,12,ITN 0%/IRS 0%/Larvicide 0%,0;0.4;0.4_0;0;0_0;0;0_-100;2;5475_-100;2;5475_-100;2;5475,23.5972602739726,Prevalence,0.00397014339883934
NbyGQVwzFc_loc12_loop6,12,ITN 0%/IRS 0%/Larvicide 0%,0;0.4;0.4_0;0;0_0;0;0_-100;2;5475_-100;2;5475_-100;2;5475,23.6,Prevalence,0.00397867354757558
NbyGQVwzFc_loc12_loop6,12,ITN 0%/IRS 0%/Larvicide 0%,0;0.4;0.4_0;0;0_0;0;0_-100;2;5475_-100;2;5475_-100;2;5475,23.6027397260274,Prevalence,0.00398721472263623
NbyGQVwzFc_loc12_loop6,12,ITN 0%/IRS 0%/Larvicide 0%,0;0.4;0.4_0;0;0_0;0;0_-100;2;5475_-100;2;5475_-100;2;5475,23.6054794520548,Prevalence,0.00399576690733932
NbyGQVwzFc_loc12_loop6,12,ITN 0%/IRS 0%/Larvicide 0%,0;0.4;0.4_0;0;0_0;0;0_-100;2;5475_-100;2;5475_-100;2;5475,23.6082191780822,Prevalence,0.00400433008488127
NbyGQVwzFc_loc12_loop6,12,ITN 0%/IRS 0%/Larvicide 0%,0;0.4;0.4_0;0;0_0;0;0_-100;2;5475_-100;2;5475_-100;2;5475,23.6109589041096,Prevalence,0.00401290423833697
NbyGQVwzFc_loc12_loop6,12,ITN 0%/IRS 0%/Larvicide 0%,0;0.4;0.4_0;0;0_0;0;0_-100;2;5475_-100;2;5475_-100;2;5475,23.613698630137,Prevalence,0.00402148935065992
NbyGQVwzFc_loc12_loop6,12,ITN 0%/IRS 0%/Larvicide 0%,0;0.4;0.4_0;0;0_0;0;0_-100;2;5475_-100;2;5475_-100;2;5475,23.6164383561644,Prevalence,0.00403008540468221
NbyGQVwzFc_loc12_loop6,12,ITN 0%/IRS 0%/Larvicide 0%,0;0.4;0.4_0;0;0_0;0;0_-100;2;5475_-100;2;5475_-100;2;5475,23.6191780821918,Prevalence,0.00403869238311469
NbyGQVwzFc_loc12_loop6,12,ITN 0%/IRS 0%/Larvicide 0%,0;0.4;0.4_0;0;0_0;0;0_-100;2;5475_-100;2;5475_-100;2;5475,23.6219178082192,Prevalence,0.00404731026854707
NbyGQVwzFc_loc12_loop6,12,ITN 0%/IRS 0%/Larvicide 0%,0;0.4;0.4_0;0;0_0;0;0_-100;2;5475_-100;2;5475_-100;2;5475,23.6246575342466,Prevalence,0.00405593904344797
NbyGQVwzFc_loc12_loop6,12,ITN 0%/IRS 0%/Larvicide 0%,0;0.4;0.4_0;0;0_0;0;0_-100;2;5475_-100;2;5475_-100;2;5475,23.627397260274,Prevalence,0.00406457869016499
NbyGQVwzFc_loc12_loop6,12,ITN 0%/IRS 0%/Larvicide 0%,0;0.4;0.4_0;0;0_0;0;0_-100;2;5475_-100;2;5475_-100;2;5475,23.6301369863014,Prevalence,0.00407322919092491
NbyGQVwzFc_loc12_loop6,12,ITN 0%/IRS 0%/Larvicide 0%,0;0.4;0.4_0;0;0_0;0;0_-100;2;5475_-100;2;5475_-100;2;5475,23.6328767123288,Prevalence,0.00408189052783375
NbyGQVwzFc_loc12_loop6,12,ITN 0%/IRS 0%/Larvicide 0%,0;0.4;0.4_0;0;0_0;0;0_-100;2;5475_-100;2;5475_-100;2;5475,23.6356164383562,Prevalence,0.00409056268287682
NbyGQVwzFc_loc12_loop6,12,ITN 0%/IRS 0%/Larvicide 0%,0;0.4;0.4_0;0;0_0;0;0_-100;2;5475_-100;2;5475_-100;2;5475,23.6383561643836,Prevalence,0.0040992456379189
NbyGQVwzFc_loc12_loop6,12,ITN 0%/IRS 0%/Larvicide 0%,0;0.4;0.4_0;0;0_0;0;0_-100;2;5475_-100;2;5475_-100;2;5475,23.641095890411,Prevalence,0.00410793937470437
NbyGQVwzFc_loc12_loop6,12,ITN 0%/IRS 0%/Larvicide 0%,0;0.4;0.4_0;0;0_0;0;0_-100;2;5475_-100;2;5475_-100;2;5475,23.6438356164384,Prevalence,0.00411664387485722
NbyGQVwzFc_loc12_loop6,12,ITN 0%/IRS 0%/Larvicide 0%,0;0.4;0.4_0;0;0_0;0;0_-100;2;5475_-100;2;5475_-100;2;5475,23.6465753424658,Prevalence,0.0041253591198813
NbyGQVwzFc_loc12_loop6,12,ITN 0%/IRS 0%/Larvicide 0%,0;0.4;0.4_0;0;0_0;0;0_-100;2;5475_-100;2;5475_-100;2;5475,23.6493150684932,Prevalence,0.00413408509116034
NbyGQVwzFc_loc12_loop6,12,ITN 0%/IRS 0%/Larvicide 0%,0;0.4;0.4_0;0;0_0;0;0_-100;2;5475_-100;2;5475_-100;2;5475,23.6520547945206,Prevalence,0.00414282176995815
NbyGQVwzFc_loc12_loop6,12,ITN 0%/IRS 0%/Larvicide 0%,0;0.4;0.4_0;0;0_0;0;0_-100;2;5475_-100;2;5475_-100;2;5475,23.6547945205479,Prevalence,0.00415156913741871
NbyGQVwzFc_loc12_loop6,12,ITN 0%/IRS 0%/Larvicide 0%,0;0.4;0.4_0;0;0_0;0;0_-100;2;5475_-100;2;5475_-100;2;5475,23.6575342465753,Prevalence,0.00416032717456631
NbyGQVwzFc_loc12_loop6,12,ITN 0%/IRS 0%/Larvicide 0%,0;0.4;0.4_0;0;0_0;0;0_-100;2;5475_-100;2;5475_-100;2;5475,23.6602739726027,Prevalence,0.00416909586230568
NbyGQVwzFc_loc12_loop6,12,ITN 0%/IRS 0%/Larvicide 0%,0;0.4;0.4_0;0;0_0;0;0_-100;2;5475_-100;2;5475_-100;2;5475,23.6630136986301,Prevalence,0.00417787518142215
NbyGQVwzFc_loc12_loop6,12,ITN 0%/IRS 0%/Larvicide 0%,0;0.4;0.4_0;0;0_0;0;0_-100;2;5475_-100;2;5475_-100;2;5475,23.6657534246575,Prevalence,0.00418666511258179
NbyGQVwzFc_loc12_loop6,12,ITN 0%/IRS 0%/Larvicide 0%,0;0.4;0.4_0;0;0_0;0;0_-100;2;5475_-100;2;5475_-100;2;5475,23.6684931506849,Prevalence,0.00419546563633149
NbyGQVwzFc_loc12_loop6,12,ITN 0%/IRS 0%/Larvicide 0%,0;0.4;0.4_0;0;0_0;0;0_-100;2;5475_-100;2;5475_-100;2;5475,23.6712328767123,Prevalence,0.00420427673309922
NbyGQVwzFc_loc12_loop6,12,ITN 0%/IRS 0%/Larvicide 0%,0;0.4;0.4_0;0;0_0;0;0_-100;2;5475_-100;2;5475_-100;2;5475,23.6739726027397,Prevalence,0.00421309838319409
NbyGQVwzFc_loc12_loop6,12,ITN 0%/IRS 0%/Larvicide 0%,0;0.4;0.4_0;0;0_0;0;0_-100;2;5475_-100;2;5475_-100;2;5475,23.6767123287671,Prevalence,0.00422193056680654
NbyGQVwzFc_loc12_loop6,12,ITN 0%/IRS 0%/Larvicide 0%,0;0.4;0.4_0;0;0_0;0;0_-100;2;5475_-100;2;5475_-100;2;5475,23.6794520547945,Prevalence,0.0042307732640085
NbyGQVwzFc_loc12_loop6,12,ITN 0%/IRS 0%/Larvicide 0%,0;0.4;0.4_0;0;0_0;0;0_-100;2;5475_-100;2;5475_-100;2;5475,23.6821917808219,Prevalence,0.00423962645475354
NbyGQVwzFc_loc12_loop6,12,ITN 0%/IRS 0%/Larvicide 0%,0;0.4;0.4_0;0;0_0;0;0_-100;2;5475_-100;2;5475_-100;2;5475,23.6849315068493,Prevalence,0.00424849011887706
NbyGQVwzFc_loc12_loop6,12,ITN 0%/IRS 0%/Larvicide 0%,0;0.4;0.4_0;0;0_0;0;0_-100;2;5475_-100;2;5475_-100;2;5475,23.6876712328767,Prevalence,0.00425736423609641
NbyGQVwzFc_loc12_loop6,12,ITN 0%/IRS 0%/Larvicide 0%,0;0.4;0.4_0;0;0_0;0;0_-100;2;5475_-100;2;5475_-100;2;5475,23.6904109589041,Prevalence,0.00426624878601109
NbyGQVwzFc_loc12_loop6,12,ITN 0%/IRS 0%/Larvicide 0%,0;0.4;0.4_0;0;0_0;0;0_-100;2;5475_-100;2;5475_-100;2;5475,23.6931506849315,Prevalence,0.00427514374810292
NbyGQVwzFc_loc12_loop6,12,ITN 0%/IRS 0%/Larvicide 0%,0;0.4;0.4_0;0;0_0;0;0_-100;2;5475_-100;2;5475_-100;2;5475,23.6958904109589,Prevalence,0.00428404910173625
NbyGQVwzFc_loc12_loop6,12,ITN 0%/IRS 0%/Larvicide 0%,0;0.4;0.4_0;0;0_0;0;0_-100;2;5475_-100;2;5475_-100;2;5475,23.6986301369863,Prevalence,0.00429296482615802
NbyGQVwzFc_loc12_loop6,12,ITN 0%/IRS 0%/Larvicide 0%,0;0.4;0.4_0;0;0_0;0;0_-100;2;5475_-100;2;5475_-100;2;5475,23.7013698630137,Prevalence,0.00430189090049812
NbyGQVwzFc_loc12_loop6,12,ITN 0%/IRS 0%/Larvicide 0%,0;0.4;0.4_0;0;0_0;0;0_-100;2;5475_-100;2;5475_-100;2;5475,23.7041095890411,Prevalence,0.00431082730376943
NbyGQVwzFc_loc12_loop6,12,ITN 0%/IRS 0%/Larvicide 0%,0;0.4;0.4_0;0;0_0;0;0_-100;2;5475_-100;2;5475_-100;2;5475,23.7068493150685,Prevalence,0.00431977401486805
NbyGQVwzFc_loc12_loop6,12,ITN 0%/IRS 0%/Larvicide 0%,0;0.4;0.4_0;0;0_0;0;0_-100;2;5475_-100;2;5475_-100;2;5475,23.7095890410959,Prevalence,0.00432873101257355
NbyGQVwzFc_loc12_loop6,12,ITN 0%/IRS 0%/Larvicide 0%,0;0.4;0.4_0;0;0_0;0;0_-100;2;5475_-100;2;5475_-100;2;5475,23.7123287671233,Prevalence,0.00433769827554908
NbyGQVwzFc_loc12_loop6,12,ITN 0%/IRS 0%/Larvicide 0%,0;0.4;0.4_0;0;0_0;0;0_-100;2;5475_-100;2;5475_-100;2;5475,23.7150684931507,Prevalence,0.00434667578234161
NbyGQVwzFc_loc12_loop6,12,ITN 0%/IRS 0%/Larvicide 0%,0;0.4;0.4_0;0;0_0;0;0_-100;2;5475_-100;2;5475_-100;2;5475,23.7178082191781,Prevalence,0.00435566351138214
NbyGQVwzFc_loc12_loop6,12,ITN 0%/IRS 0%/Larvicide 0%,0;0.4;0.4_0;0;0_0;0;0_-100;2;5475_-100;2;5475_-100;2;5475,23.7205479452055,Prevalence,0.00436466144098588
NbyGQVwzFc_loc12_loop6,12,ITN 0%/IRS 0%/Larvicide 0%,0;0.4;0.4_0;0;0_0;0;0_-100;2;5475_-100;2;5475_-100;2;5475,23.7232876712329,Prevalence,0.00437366954935246
NbyGQVwzFc_loc12_loop6,12,ITN 0%/IRS 0%/Larvicide 0%,0;0.4;0.4_0;0;0_0;0;0_-100;2;5475_-100;2;5475_-100;2;5475,23.7260273972603,Prevalence,0.00438268781456617
NbyGQVwzFc_loc12_loop6,12,ITN 0%/IRS 0%/Larvicide 0%,0;0.4;0.4_0;0;0_0;0;0_-100;2;5475_-100;2;5475_-100;2;5475,23.7287671232877,Prevalence,0.00439171621459614
NbyGQVwzFc_loc12_loop6,12,ITN 0%/IRS 0%/Larvicide 0%,0;0.4;0.4_0;0;0_0;0;0_-100;2;5475_-100;2;5475_-100;2;5475,23.7315068493151,Prevalence,0.00440075472729653
NbyGQVwzFc_loc12_loop6,12,ITN 0%/IRS 0%/Larvicide 0%,0;0.4;0.4_0;0;0_0;0;0_-100;2;5475_-100;2;5475_-100;2;5475,23.7342465753425,Prevalence,0.00440980333040678
NbyGQVwzFc_loc12_loop6,12,ITN 0%/IRS 0%/Larvicide 0%,0;0.4;0.4_0;0;0_0;0;0_-100;2;5475_-100;2;5475_-100;2;5475,23.7369863013699,Prevalence,0.00441886200155181
NbyGQVwzFc_loc12_loop6,12,ITN 0%/IRS 0%/Larvicide 0%,0;0.4;0.4_0;0;0_0;0;0_-100;2;5475_-100;2;5475_-100;2;5475,23.7397260273973,Prevalence,0.00442793071824234
NbyGQVwzFc_loc12_loop6,12,ITN 0%/IRS 0%/Larvicide 0%,0;0.4;0.4_0;0;0_0;0;0_-100;2;5475_-100;2;5475_-100;2;5475,23.7424657534247,Prevalence,0.00443700945787498
NbyGQVwzFc_loc12_loop6,12,ITN 0%/IRS 0%/Larvicide 0%,0;0.4;0.4_0;0;0_0;0;0_-100;2;5475_-100;2;5475_-100;2;5475,23.7452054794521,Prevalence,0.00444609819773256
NbyGQVwzFc_loc12_loop6,12,ITN 0%/IRS 0%/Larvicide 0%,0;0.4;0.4_0;0;0_0;0;0_-100;2;5475_-100;2;5475_-100;2;5475,23.7479452054795,Prevalence,0.00445519691498438
NbyGQVwzFc_loc12_loop6,12,ITN 0%/IRS 0%/Larvicide 0%,0;0.4;0.4_0;0;0_0;0;0_-100;2;5475_-100;2;5475_-100;2;5475,23.7506849315069,Prevalence,0.00446430558668635
NbyGQVwzFc_loc12_loop6,12,ITN 0%/IRS 0%/Larvicide 0%,0;0.4;0.4_0;0;0_0;0;0_-100;2;5475_-100;2;5475_-100;2;5475,23.7534246575342,Prevalence,0.00447342418978133
NbyGQVwzFc_loc12_loop6,12,ITN 0%/IRS 0%/Larvicide 0%,0;0.4;0.4_0;0;0_0;0;0_-100;2;5475_-100;2;5475_-100;2;5475,23.7561643835616,Prevalence,0.0044825527010993
NbyGQVwzFc_loc12_loop6,12,ITN 0%/IRS 0%/Larvicide 0%,0;0.4;0.4_0;0;0_0;0;0_-100;2;5475_-100;2;5475_-100;2;5475,23.758904109589,Prevalence,0.00449169109735767
NbyGQVwzFc_loc12_loop6,12,ITN 0%/IRS 0%/Larvicide 0%,0;0.4;0.4_0;0;0_0;0;0_-100;2;5475_-100;2;5475_-100;2;5475,23.7616438356164,Prevalence,0.0045008393551615
NbyGQVwzFc_loc12_loop6,12,ITN 0%/IRS 0%/Larvicide 0%,0;0.4;0.4_0;0;0_0;0;0_-100;2;5475_-100;2;5475_-100;2;5475,23.7643835616438,Prevalence,0.00450999745100372
NbyGQVwzFc_loc12_loop6,12,ITN 0%/IRS 0%/Larvicide 0%,0;0.4;0.4_0;0;0_0;0;0_-100;2;5475_-100;2;5475_-100;2;5475,23.7671232876712,Prevalence,0.00451916536126542
NbyGQVwzFc_loc12_loop6,12,ITN 0%/IRS 0%/Larvicide 0%,0;0.4;0.4_0;0;0_0;0;0_-100;2;5475_-100;2;5475_-100;2;5475,23.7698630136986,Prevalence,0.00452834306221615
NbyGQVwzFc_loc12_loop6,12,ITN 0%/IRS 0%/Larvicide 0%,0;0.4;0.4_0;0;0_0;0;0_-100;2;5475_-100;2;5475_-100;2;5475,23.772602739726,Prevalence,0.0045375305300141
NbyGQVwzFc_loc12_loop6,12,ITN 0%/IRS 0%/Larvicide 0%,0;0.4;0.4_0;0;0_0;0;0_-100;2;5475_-100;2;5475_-100;2;5475,23.7753424657534,Prevalence,0.00454672774070643
NbyGQVwzFc_loc12_loop6,12,ITN 0%/IRS 0%/Larvicide 0%,0;0.4;0.4_0;0;0_0;0;0_-100;2;5475_-100;2;5475_-100;2;5475,23.7780821917808,Prevalence,0.00455593467022948
NbyGQVwzFc_loc12_loop6,12,ITN 0%/IRS 0%/Larvicide 0%,0;0.4;0.4_0;0;0_0;0;0_-100;2;5475_-100;2;5475_-100;2;5475,23.7808219178082,Prevalence,0.00456515129440912
NbyGQVwzFc_loc12_loop6,12,ITN 0%/IRS 0%/Larvicide 0%,0;0.4;0.4_0;0;0_0;0;0_-100;2;5475_-100;2;5475_-100;2;5475,23.7835616438356,Prevalence,0.00457437758896092
NbyGQVwzFc_loc12_loop6,12,ITN 0%/IRS 0%/Larvicide 0%,0;0.4;0.4_0;0;0_0;0;0_-100;2;5475_-100;2;5475_-100;2;5475,23.786301369863,Prevalence,0.00458361352949056
NbyGQVwzFc_loc12_loop6,12,ITN 0%/IRS 0%/Larvicide 0%,0;0.4;0.4_0;0;0_0;0;0_-100;2;5475_-100;2;5475_-100;2;5475,23.7890410958904,Prevalence,0.00459285909149394
NbyGQVwzFc_loc12_loop6,12,ITN 0%/IRS 0%/Larvicide 0%,0;0.4;0.4_0;0;0_0;0;0_-100;2;5475_-100;2;5475_-100;2;5475,23.7917808219178,Prevalence,0.00460211425035766
NbyGQVwzFc_loc12_loop6,12,ITN 0%/IRS 0%/Larvicide 0%,0;0.4;0.4_0;0;0_0;0;0_-100;2;5475_-100;2;5475_-100;2;5475,23.7945205479452,Prevalence,0.00461137898135909
NbyGQVwzFc_loc12_loop6,12,ITN 0%/IRS 0%/Larvicide 0%,0;0.4;0.4_0;0;0_0;0;0_-100;2;5475_-100;2;5475_-100;2;5475,23.7972602739726,Prevalence,0.00462065325966686
NbyGQVwzFc_loc12_loop6,12,ITN 0%/IRS 0%/Larvicide 0%,0;0.4;0.4_0;0;0_0;0;0_-100;2;5475_-100;2;5475_-100;2;5475,23.8,Prevalence,0.00462993706034105
NbyGQVwzFc_loc12_loop6,12,ITN 0%/IRS 0%/Larvicide 0%,0;0.4;0.4_0;0;0_0;0;0_-100;2;5475_-100;2;5475_-100;2;5475,23.8027397260274,Prevalence,0.00463923035833345
NbyGQVwzFc_loc12_loop6,12,ITN 0%/IRS 0%/Larvicide 0%,0;0.4;0.4_0;0;0_0;0;0_-100;2;5475_-100;2;5475_-100;2;5475,23.8054794520548,Prevalence,0.00464853312848797
NbyGQVwzFc_loc12_loop6,12,ITN 0%/IRS 0%/Larvicide 0%,0;0.4;0.4_0;0;0_0;0;0_-100;2;5475_-100;2;5475_-100;2;5475,23.8082191780822,Prevalence,0.00465784534554082
NbyGQVwzFc_loc12_loop6,12,ITN 0%/IRS 0%/Larvicide 0%,0;0.4;0.4_0;0;0_0;0;0_-100;2;5475_-100;2;5475_-100;2;5475,23.8109589041096,Prevalence,0.0046671669841209
NbyGQVwzFc_loc12_loop6,12,ITN 0%/IRS 0%/Larvicide 0%,0;0.4;0.4_0;0;0_0;0;0_-100;2;5475_-100;2;5475_-100;2;5475,23.813698630137,Prevalence,0.00467649801875005
NbyGQVwzFc_loc12_loop6,12,ITN 0%/IRS 0%/Larvicide 0%,0;0.4;0.4_0;0;0_0;0;0_-100;2;5475_-100;2;5475_-100;2;5475,23.8164383561644,Prevalence,0.00468583842384339
NbyGQVwzFc_loc12_loop6,12,ITN 0%/IRS 0%/Larvicide 0%,0;0.4;0.4_0;0;0_0;0;0_-100;2;5475_-100;2;5475_-100;2;5475,23.8191780821918,Prevalence,0.00469518817370967
NbyGQVwzFc_loc12_loop6,12,ITN 0%/IRS 0%/Larvicide 0%,0;0.4;0.4_0;0;0_0;0;0_-100;2;5475_-100;2;5475_-100;2;5475,23.8219178082192,Prevalence,0.0047045472425515
NbyGQVwzFc_loc12_loop6,12,ITN 0%/IRS 0%/Larvicide 0%,0;0.4;0.4_0;0;0_0;0;0_-100;2;5475_-100;2;5475_-100;2;5475,23.8246575342466,Prevalence,0.0047139156044657
NbyGQVwzFc_loc12_loop6,12,ITN 0%/IRS 0%/Larvicide 0%,0;0.4;0.4_0;0;0_0;0;0_-100;2;5475_-100;2;5475_-100;2;5475,23.827397260274,Prevalence,0.00472329323344366
NbyGQVwzFc_loc12_loop6,12,ITN 0%/IRS 0%/Larvicide 0%,0;0.4;0.4_0;0;0_0;0;0_-100;2;5475_-100;2;5475_-100;2;5475,23.8301369863014,Prevalence,0.00473268010337161
NbyGQVwzFc_loc12_loop6,12,ITN 0%/IRS 0%/Larvicide 0%,0;0.4;0.4_0;0;0_0;0;0_-100;2;5475_-100;2;5475_-100;2;5475,23.8328767123288,Prevalence,0.00474207618803099
NbyGQVwzFc_loc12_loop6,12,ITN 0%/IRS 0%/Larvicide 0%,0;0.4;0.4_0;0;0_0;0;0_-100;2;5475_-100;2;5475_-100;2;5475,23.8356164383562,Prevalence,0.00475148146109874
NbyGQVwzFc_loc12_loop6,12,ITN 0%/IRS 0%/Larvicide 0%,0;0.4;0.4_0;0;0_0;0;0_-100;2;5475_-100;2;5475_-100;2;5475,23.8383561643836,Prevalence,0.00476089589614763
NbyGQVwzFc_loc12_loop6,12,ITN 0%/IRS 0%/Larvicide 0%,0;0.4;0.4_0;0;0_0;0;0_-100;2;5475_-100;2;5475_-100;2;5475,23.841095890411,Prevalence,0.00477031946664669
NbyGQVwzFc_loc12_loop6,12,ITN 0%/IRS 0%/Larvicide 0%,0;0.4;0.4_0;0;0_0;0;0_-100;2;5475_-100;2;5475_-100;2;5475,23.8438356164384,Prevalence,0.00477975214596138
NbyGQVwzFc_loc12_loop6,12,ITN 0%/IRS 0%/Larvicide 0%,0;0.4;0.4_0;0;0_0;0;0_-100;2;5475_-100;2;5475_-100;2;5475,23.8465753424658,Prevalence,0.0047891939073541
NbyGQVwzFc_loc12_loop6,12,ITN 0%/IRS 0%/Larvicide 0%,0;0.4;0.4_0;0;0_0;0;0_-100;2;5475_-100;2;5475_-100;2;5475,23.8493150684932,Prevalence,0.00479864472398439
NbyGQVwzFc_loc12_loop6,12,ITN 0%/IRS 0%/Larvicide 0%,0;0.4;0.4_0;0;0_0;0;0_-100;2;5475_-100;2;5475_-100;2;5475,23.8520547945206,Prevalence,0.00480810456890939
NbyGQVwzFc_loc12_loop6,12,ITN 0%/IRS 0%/Larvicide 0%,0;0.4;0.4_0;0;0_0;0;0_-100;2;5475_-100;2;5475_-100;2;5475,23.8547945205479,Prevalence,0.00481757341508412
NbyGQVwzFc_loc12_loop6,12,ITN 0%/IRS 0%/Larvicide 0%,0;0.4;0.4_0;0;0_0;0;0_-100;2;5475_-100;2;5475_-100;2;5475,23.8575342465753,Prevalence,0.00482705123536184
NbyGQVwzFc_loc12_loop6,12,ITN 0%/IRS 0%/Larvicide 0%,0;0.4;0.4_0;0;0_0;0;0_-100;2;5475_-100;2;5475_-100;2;5475,23.8602739726027,Prevalence,0.00483653800249447
NbyGQVwzFc_loc12_loop6,12,ITN 0%/IRS 0%/Larvicide 0%,0;0.4;0.4_0;0;0_0;0;0_-100;2;5475_-100;2;5475_-100;2;5475,23.8630136986301,Prevalence,0.0048460336891328
NbyGQVwzFc_loc12_loop6,12,ITN 0%/IRS 0%/Larvicide 0%,0;0.4;0.4_0;0;0_0;0;0_-100;2;5475_-100;2;5475_-100;2;5475,23.8657534246575,Prevalence,0.00485553826782701
NbyGQVwzFc_loc12_loop6,12,ITN 0%/IRS 0%/Larvicide 0%,0;0.4;0.4_0;0;0_0;0;0_-100;2;5475_-100;2;5475_-100;2;5475,23.8684931506849,Prevalence,0.00486505171102689
NbyGQVwzFc_loc12_loop6,12,ITN 0%/IRS 0%/Larvicide 0%,0;0.4;0.4_0;0;0_0;0;0_-100;2;5475_-100;2;5475_-100;2;5475,23.8712328767123,Prevalence,0.00487457399108231
NbyGQVwzFc_loc12_loop6,12,ITN 0%/IRS 0%/Larvicide 0%,0;0.4;0.4_0;0;0_0;0;0_-100;2;5475_-100;2;5475_-100;2;5475,23.8739726027397,Prevalence,0.00488410508024355
NbyGQVwzFc_loc12_loop6,12,ITN 0%/IRS 0%/Larvicide 0%,0;0.4;0.4_0;0;0_0;0;0_-100;2;5475_-100;2;5475_-100;2;5475,23.8767123287671,Prevalence,0.00489364495066167
NbyGQVwzFc_loc12_loop6,12,ITN 0%/IRS 0%/Larvicide 0%,0;0.4;0.4_0;0;0_0;0;0_-100;2;5475_-100;2;5475_-100;2;5475,23.8794520547945,Prevalence,0.00490319357438888
NbyGQVwzFc_loc12_loop6,12,ITN 0%/IRS 0%/Larvicide 0%,0;0.4;0.4_0;0;0_0;0;0_-100;2;5475_-100;2;5475_-100;2;5475,23.8821917808219,Prevalence,0.00491275092337896
NbyGQVwzFc_loc12_loop6,12,ITN 0%/IRS 0%/Larvicide 0%,0;0.4;0.4_0;0;0_0;0;0_-100;2;5475_-100;2;5475_-100;2;5475,23.8849315068493,Prevalence,0.00492231696948758
NbyGQVwzFc_loc12_loop6,12,ITN 0%/IRS 0%/Larvicide 0%,0;0.4;0.4_0;0;0_0;0;0_-100;2;5475_-100;2;5475_-100;2;5475,23.8876712328767,Prevalence,0.00493189168447269
NbyGQVwzFc_loc12_loop6,12,ITN 0%/IRS 0%/Larvicide 0%,0;0.4;0.4_0;0;0_0;0;0_-100;2;5475_-100;2;5475_-100;2;5475,23.8904109589041,Prevalence,0.00494147503999495
NbyGQVwzFc_loc12_loop6,12,ITN 0%/IRS 0%/Larvicide 0%,0;0.4;0.4_0;0;0_0;0;0_-100;2;5475_-100;2;5475_-100;2;5475,23.8931506849315,Prevalence,0.00495106700761809
NbyGQVwzFc_loc12_loop6,12,ITN 0%/IRS 0%/Larvicide 0%,0;0.4;0.4_0;0;0_0;0;0_-100;2;5475_-100;2;5475_-100;2;5475,23.8958904109589,Prevalence,0.00496066755880924
NbyGQVwzFc_loc12_loop6,12,ITN 0%/IRS 0%/Larvicide 0%,0;0.4;0.4_0;0;0_0;0;0_-100;2;5475_-100;2;5475_-100;2;5475,23.8986301369863,Prevalence,0.00497027666493943
NbyGQVwzFc_loc12_loop6,12,ITN 0%/IRS 0%/Larvicide 0%,0;0.4;0.4_0;0;0_0;0;0_-100;2;5475_-100;2;5475_-100;2;5475,23.9013698630137,Prevalence,0.00497989429728394
NbyGQVwzFc_loc12_loop6,12,ITN 0%/IRS 0%/Larvicide 0%,0;0.4;0.4_0;0;0_0;0;0_-100;2;5475_-100;2;5475_-100;2;5475,23.9041095890411,Prevalence,0.00498952042702261
NbyGQVwzFc_loc12_loop6,12,ITN 0%/IRS 0%/Larvicide 0%,0;0.4;0.4_0;0;0_0;0;0_-100;2;5475_-100;2;5475_-100;2;5475,23.9068493150685,Prevalence,0.0049991550252404
NbyGQVwzFc_loc12_loop6,12,ITN 0%/IRS 0%/Larvicide 0%,0;0.4;0.4_0;0;0_0;0;0_-100;2;5475_-100;2;5475_-100;2;5475,23.9095890410959,Prevalence,0.00500879806292764
NbyGQVwzFc_loc12_loop6,12,ITN 0%/IRS 0%/Larvicide 0%,0;0.4;0.4_0;0;0_0;0;0_-100;2;5475_-100;2;5475_-100;2;5475,23.9123287671233,Prevalence,0.00501844951098053
NbyGQVwzFc_loc12_loop6,12,ITN 0%/IRS 0%/Larvicide 0%,0;0.4;0.4_0;0;0_0;0;0_-100;2;5475_-100;2;5475_-100;2;5475,23.9150684931507,Prevalence,0.00502810934020152
NbyGQVwzFc_loc12_loop6,12,ITN 0%/IRS 0%/Larvicide 0%,0;0.4;0.4_0;0;0_0;0;0_-100;2;5475_-100;2;5475_-100;2;5475,23.9178082191781,Prevalence,0.0050377775212997
NbyGQVwzFc_loc12_loop6,12,ITN 0%/IRS 0%/Larvicide 0%,0;0.4;0.4_0;0;0_0;0;0_-100;2;5475_-100;2;5475_-100;2;5475,23.9205479452055,Prevalence,0.00504745402489125
NbyGQVwzFc_loc12_loop6,12,ITN 0%/IRS 0%/Larvicide 0%,0;0.4;0.4_0;0;0_0;0;0_-100;2;5475_-100;2;5475_-100;2;5475,23.9232876712329,Prevalence,0.00505713882149983
NbyGQVwzFc_loc12_loop6,12,ITN 0%/IRS 0%/Larvicide 0%,0;0.4;0.4_0;0;0_0;0;0_-100;2;5475_-100;2;5475_-100;2;5475,23.9260273972603,Prevalence,0.00506683188155694
NbyGQVwzFc_loc12_loop6,12,ITN 0%/IRS 0%/Larvicide 0%,0;0.4;0.4_0;0;0_0;0;0_-100;2;5475_-100;2;5475_-100;2;5475,23.9287671232877,Prevalence,0.00507653317540247
NbyGQVwzFc_loc12_loop6,12,ITN 0%/IRS 0%/Larvicide 0%,0;0.4;0.4_0;0;0_0;0;0_-100;2;5475_-100;2;5475_-100;2;5475,23.9315068493151,Prevalence,0.00508624267328501
NbyGQVwzFc_loc12_loop6,12,ITN 0%/IRS 0%/Larvicide 0%,0;0.4;0.4_0;0;0_0;0;0_-100;2;5475_-100;2;5475_-100;2;5475,23.9342465753425,Prevalence,0.00509596034536232
NbyGQVwzFc_loc12_loop6,12,ITN 0%/IRS 0%/Larvicide 0%,0;0.4;0.4_0;0;0_0;0;0_-100;2;5475_-100;2;5475_-100;2;5475,23.9369863013699,Prevalence,0.00510568616170174
NbyGQVwzFc_loc12_loop6,12,ITN 0%/IRS 0%/Larvicide 0%,0;0.4;0.4_0;0;0_0;0;0_-100;2;5475_-100;2;5475_-100;2;5475,23.9397260273973,Prevalence,0.00511542009228065
NbyGQVwzFc_loc12_loop6,12,ITN 0%/IRS 0%/Larvicide 0%,0;0.4;0.4_0;0;0_0;0;0_-100;2;5475_-100;2;5475_-100;2;5475,23.9424657534247,Prevalence,0.00512516210698683
NbyGQVwzFc_loc12_loop6,12,ITN 0%/IRS 0%/Larvicide 0%,0;0.4;0.4_0;0;0_0;0;0_-100;2;5475_-100;2;5475_-100;2;5475,23.9452054794521,Prevalence,0.00513491217561899
NbyGQVwzFc_loc12_loop6,12,ITN 0%/IRS 0%/Larvicide 0%,0;0.4;0.4_0;0;0_0;0;0_-100;2;5475_-100;2;5475_-100;2;5475,23.9479452054795,Prevalence,0.00514467026788714
NbyGQVwzFc_loc12_loop6,12,ITN 0%/IRS 0%/Larvicide 0%,0;0.4;0.4_0;0;0_0;0;0_-100;2;5475_-100;2;5475_-100;2;5475,23.9506849315069,Prevalence,0.00515443635341301
NbyGQVwzFc_loc12_loop6,12,ITN 0%/IRS 0%/Larvicide 0%,0;0.4;0.4_0;0;0_0;0;0_-100;2;5475_-100;2;5475_-100;2;5475,23.9534246575342,Prevalence,0.00516421040173057
NbyGQVwzFc_loc12_loop6,12,ITN 0%/IRS 0%/Larvicide 0%,0;0.4;0.4_0;0;0_0;0;0_-100;2;5475_-100;2;5475_-100;2;5475,23.9561643835616,Prevalence,0.00517399238228638
NbyGQVwzFc_loc12_loop6,12,ITN 0%/IRS 0%/Larvicide 0%,0;0.4;0.4_0;0;0_0;0;0_-100;2;5475_-100;2;5475_-100;2;5475,23.958904109589,Prevalence,0.00518378226444013
NbyGQVwzFc_loc12_loop6,12,ITN 0%/IRS 0%/Larvicide 0%,0;0.4;0.4_0;0;0_0;0;0_-100;2;5475_-100;2;5475_-100;2;5475,23.9616438356164,Prevalence,0.00519358001746502
NbyGQVwzFc_loc12_loop6,12,ITN 0%/IRS 0%/Larvicide 0%,0;0.4;0.4_0;0;0_0;0;0_-100;2;5475_-100;2;5475_-100;2;5475,23.9643835616438,Prevalence,0.0052033856105482
NbyGQVwzFc_loc12_loop6,12,ITN 0%/IRS 0%/Larvicide 0%,0;0.4;0.4_0;0;0_0;0;0_-100;2;5475_-100;2;5475_-100;2;5475,23.9671232876712,Prevalence,0.00521319901279126
NbyGQVwzFc_loc12_loop6,12,ITN 0%/IRS 0%/Larvicide 0%,0;0.4;0.4_0;0;0_0;0;0_-100;2;5475_-100;2;5475_-100;2;5475,23.9698630136986,Prevalence,0.0052230201932107
NbyGQVwzFc_loc12_loop6,12,ITN 0%/IRS 0%/Larvicide 0%,0;0.4;0.4_0;0;0_0;0;0_-100;2;5475_-100;2;5475_-100;2;5475,23.972602739726,Prevalence,0.00523284912073834
NbyGQVwzFc_loc12_loop6,12,ITN 0%/IRS 0%/Larvicide 0%,0;0.4;0.4_0;0;0_0;0;0_-100;2;5475_-100;2;5475_-100;2;5475,23.9753424657534,Prevalence,0.00524268576422179
NbyGQVwzFc_loc12_loop6,12,ITN 0%/IRS 0%/Larvicide 0%,0;0.4;0.4_0;0;0_0;0;0_-100;2;5475_-100;2;5475_-100;2;5475,23.9780821917808,Prevalence,0.00525253009242493
NbyGQVwzFc_loc12_loop6,12,ITN 0%/IRS 0%/Larvicide 0%,0;0.4;0.4_0;0;0_0;0;0_-100;2;5475_-100;2;5475_-100;2;5475,23.9808219178082,Prevalence,0.00526238207402831
NbyGQVwzFc_loc12_loop6,12,ITN 0%/IRS 0%/Larvicide 0%,0;0.4;0.4_0;0;0_0;0;0_-100;2;5475_-100;2;5475_-100;2;5475,23.9835616438356,Prevalence,0.00527224167762976
NbyGQVwzFc_loc12_loop6,12,ITN 0%/IRS 0%/Larvicide 0%,0;0.4;0.4_0;0;0_0;0;0_-100;2;5475_-100;2;5475_-100;2;5475,23.986301369863,Prevalence,0.00528210887174465
NbyGQVwzFc_loc12_loop6,12,ITN 0%/IRS 0%/Larvicide 0%,0;0.4;0.4_0;0;0_0;0;0_-100;2;5475_-100;2;5475_-100;2;5475,23.9890410958904,Prevalence,0.00529198362480655
NbyGQVwzFc_loc12_loop6,12,ITN 0%/IRS 0%/Larvicide 0%,0;0.4;0.4_0;0;0_0;0;0_-100;2;5475_-100;2;5475_-100;2;5475,23.9917808219178,Prevalence,0.00530186590516758
NbyGQVwzFc_loc12_loop6,12,ITN 0%/IRS 0%/Larvicide 0%,0;0.4;0.4_0;0;0_0;0;0_-100;2;5475_-100;2;5475_-100;2;5475,23.9945205479452,Prevalence,0.00531175568109893
NbyGQVwzFc_loc12_loop6,12,ITN 0%/IRS 0%/Larvicide 0%,0;0.4;0.4_0;0;0_0;0;0_-100;2;5475_-100;2;5475_-100;2;5475,23.9972602739726,Prevalence,0.00532165292079133
NbyGQVwzFc_loc12_loop6,12,ITN 0%/IRS 0%/Larvicide 0%,0;0.4;0.4_0;0;0_0;0;0_-100;2;5475_-100;2;5475_-100;2;5475,24,Prevalence,0.00533155759235556
NbyGQVwzFc_loc12_loop6,12,ITN 0%/IRS 0%/Larvicide 0%,0;0.4;0.4_0;0;0_0;0;0_-100;2;5475_-100;2;5475_-100;2;5475,24.0027397260274,Prevalence,0.00534146966382426
NbyGQVwzFc_loc12_loop6,12,ITN 0%/IRS 0%/Larvicide 0%,0;0.4;0.4_0;0;0_0;0;0_-100;2;5475_-100;2;5475_-100;2;5475,24.0054794520548,Prevalence,0.00535138910315033
NbyGQVwzFc_loc12_loop6,12,ITN 0%/IRS 0%/Larvicide 0%,0;0.4;0.4_0;0;0_0;0;0_-100;2;5475_-100;2;5475_-100;2;5475,24.0082191780822,Prevalence,0.00536131587820055
NbyGQVwzFc_loc12_loop6,12,ITN 0%/IRS 0%/Larvicide 0%,0;0.4;0.4_0;0;0_0;0;0_-100;2;5475_-100;2;5475_-100;2;5475,24.0109589041096,Prevalence,0.00537124995677639
NbyGQVwzFc_loc12_loop6,12,ITN 0%/IRS 0%/Larvicide 0%,0;0.4;0.4_0;0;0_0;0;0_-100;2;5475_-100;2;5475_-100;2;5475,24.013698630137,Prevalence,0.00538119130659554
NbyGQVwzFc_loc12_loop6,12,ITN 0%/IRS 0%/Larvicide 0%,0;0.4;0.4_0;0;0_0;0;0_-100;2;5475_-100;2;5475_-100;2;5475,24.0164383561644,Prevalence,0.00539113989529718
NbyGQVwzFc_loc12_loop6,12,ITN 0%/IRS 0%/Larvicide 0%,0;0.4;0.4_0;0;0_0;0;0_-100;2;5475_-100;2;5475_-100;2;5475,24.0191780821918,Prevalence,0.00540109569044766
NbyGQVwzFc_loc12_loop6,12,ITN 0%/IRS 0%/Larvicide 0%,0;0.4;0.4_0;0;0_0;0;0_-100;2;5475_-100;2;5475_-100;2;5475,24.0219178082192,Prevalence,0.00541105865953428
NbyGQVwzFc_loc12_loop6,12,ITN 0%/IRS 0%/Larvicide 0%,0;0.4;0.4_0;0;0_0;0;0_-100;2;5475_-100;2;5475_-100;2;5475,24.0246575342466,Prevalence,0.00542102876997133
NbyGQVwzFc_loc12_loop6,12,ITN 0%/IRS 0%/Larvicide 0%,0;0.4;0.4_0;0;0_0;0;0_-100;2;5475_-100;2;5475_-100;2;5475,24.027397260274,Prevalence,0.00543100598909696
NbyGQVwzFc_loc12_loop6,12,ITN 0%/IRS 0%/Larvicide 0%,0;0.4;0.4_0;0;0_0;0;0_-100;2;5475_-100;2;5475_-100;2;5475,24.0301369863014,Prevalence,0.00544099028417273
NbyGQVwzFc_loc12_loop6,12,ITN 0%/IRS 0%/Larvicide 0%,0;0.4;0.4_0;0;0_0;0;0_-100;2;5475_-100;2;5475_-100;2;5475,24.0328767123288,Prevalence,0.00545031473384977
NbyGQVwzFc_loc12_loop6,12,ITN 0%/IRS 0%/Larvicide 0%,0;0.4;0.4_0;0;0_0;0;0_-100;2;5475_-100;2;5475_-100;2;5475,24.0356164383562,Prevalence,0.00545094155644862
NbyGQVwzFc_loc12_loop6,12,ITN 0%/IRS 0%/Larvicide 0%,0;0.4;0.4_0;0;0_0;0;0_-100;2;5475_-100;2;5475_-100;2;5475,24.0383561643836,Prevalence,0.00545196262480309
NbyGQVwzFc_loc12_loop6,12,ITN 0%/IRS 0%/Larvicide 0%,0;0.4;0.4_0;0;0_0;0;0_-100;2;5475_-100;2;5475_-100;2;5475,24.041095890411,Prevalence,0.00545325166407919
NbyGQVwzFc_loc12_loop6,12,ITN 0%/IRS 0%/Larvicide 0%,0;0.4;0.4_0;0;0_0;0;0_-100;2;5475_-100;2;5475_-100;2;5475,24.0438356164384,Prevalence,0.00545476139183687
NbyGQVwzFc_loc12_loop6,12,ITN 0%/IRS 0%/Larvicide 0%,0;0.4;0.4_0;0;0_0;0;0_-100;2;5475_-100;2;5475_-100;2;5475,24.0465753424658,Prevalence,0.00545645377085241
NbyGQVwzFc_loc12_loop6,12,ITN 0%/IRS 0%/Larvicide 0%,0;0.4;0.4_0;0;0_0;0;0_-100;2;5475_-100;2;5475_-100;2;5475,24.0493150684932,Prevalence,0.00545829826418043
NbyGQVwzFc_loc12_loop6,12,ITN 0%/IRS 0%/Larvicide 0%,0;0.4;0.4_0;0;0_0;0;0_-100;2;5475_-100;2;5475_-100;2;5475,24.0520547945206,Prevalence,0.0054602704134287
NbyGQVwzFc_loc12_loop6,12,ITN 0%/IRS 0%/Larvicide 0%,0;0.4;0.4_0;0;0_0;0;0_-100;2;5475_-100;2;5475_-100;2;5475,24.0547945205479,Prevalence,0.00546235144579022
NbyGQVwzFc_loc12_loop6,12,ITN 0%/IRS 0%/Larvicide 0%,0;0.4;0.4_0;0;0_0;0;0_-100;2;5475_-100;2;5475_-100;2;5475,24.0575342465753,Prevalence,0.00546446586937398
NbyGQVwzFc_loc12_loop6,12,ITN 0%/IRS 0%/Larvicide 0%,0;0.4;0.4_0;0;0_0;0;0_-100;2;5475_-100;2;5475_-100;2;5475,24.0602739726027,Prevalence,0.00546649557716783
NbyGQVwzFc_loc12_loop6,12,ITN 0%/IRS 0%/Larvicide 0%,0;0.4;0.4_0;0;0_0;0;0_-100;2;5475_-100;2;5475_-100;2;5475,24.0630136986301,Prevalence,0.00546843873850943
NbyGQVwzFc_loc12_loop6,12,ITN 0%/IRS 0%/Larvicide 0%,0;0.4;0.4_0;0;0_0;0;0_-100;2;5475_-100;2;5475_-100;2;5475,24.0657534246575,Prevalence,0.00547029548420286
NbyGQVwzFc_loc12_loop6,12,ITN 0%/IRS 0%/Larvicide 0%,0;0.4;0.4_0;0;0_0;0;0_-100;2;5475_-100;2;5475_-100;2;5475,24.0684931506849,Prevalence,0.00547206762480092
NbyGQVwzFc_loc12_loop6,12,ITN 0%/IRS 0%/Larvicide 0%,0;0.4;0.4_0;0;0_0;0;0_-100;2;5475_-100;2;5475_-100;2;5475,24.0712328767123,Prevalence,0.00547375824013429
NbyGQVwzFc_loc12_loop6,12,ITN 0%/IRS 0%/Larvicide 0%,0;0.4;0.4_0;0;0_0;0;0_-100;2;5475_-100;2;5475_-100;2;5475,24.0739726027397,Prevalence,0.00547537135114288
NbyGQVwzFc_loc12_loop6,12,ITN 0%/IRS 0%/Larvicide 0%,0;0.4;0.4_0;0;0_0;0;0_-100;2;5475_-100;2;5475_-100;2;5475,24.0767123287671,Prevalence,0.00547691165701101
NbyGQVwzFc_loc12_loop6,12,ITN 0%/IRS 0%/Larvicide 0%,0;0.4;0.4_0;0;0_0;0;0_-100;2;5475_-100;2;5475_-100;2;5475,24.0794520547945,Prevalence,0.00547838432462065
NbyGQVwzFc_loc12_loop6,12,ITN 0%/IRS 0%/Larvicide 0%,0;0.4;0.4_0;0;0_0;0;0_-100;2;5475_-100;2;5475_-100;2;5475,24.0821917808219,Prevalence,0.00547979482034803
NbyGQVwzFc_loc12_loop6,12,ITN 0%/IRS 0%/Larvicide 0%,0;0.4;0.4_0;0;0_0;0;0_-100;2;5475_-100;2;5475_-100;2;5475,24.0849315068493,Prevalence,0.00548114877650129
NbyGQVwzFc_loc12_loop6,12,ITN 0%/IRS 0%/Larvicide 0%,0;0.4;0.4_0;0;0_0;0;0_-100;2;5475_-100;2;5475_-100;2;5475,24.0876712328767,Prevalence,0.00548245188601678
NbyGQVwzFc_loc12_loop6,12,ITN 0%/IRS 0%/Larvicide 0%,0;0.4;0.4_0;0;0_0;0;0_-100;2;5475_-100;2;5475_-100;2;5475,24.0904109589041,Prevalence,0.00548363544701872
NbyGQVwzFc_loc12_loop6,12,ITN 0%/IRS 0%/Larvicide 0%,0;0.4;0.4_0;0;0_0;0;0_-100;2;5475_-100;2;5475_-100;2;5475,24.0931506849315,Prevalence,0.0054843777165531
NbyGQVwzFc_loc12_loop6,12,ITN 0%/IRS 0%/Larvicide 0%,0;0.4;0.4_0;0;0_0;0;0_-100;2;5475_-100;2;5475_-100;2;5475,24.0958904109589,Prevalence,0.00548470391097767
NbyGQVwzFc_loc12_loop6,12,ITN 0%/IRS 0%/Larvicide 0%,0;0.4;0.4_0;0;0_0;0;0_-100;2;5475_-100;2;5475_-100;2;5475,24.0986301369863,Prevalence,0.00548467565715855
NbyGQVwzFc_loc12_loop6,12,ITN 0%/IRS 0%/Larvicide 0%,0;0.4;0.4_0;0;0_0;0;0_-100;2;5475_-100;2;5475_-100;2;5475,24.1013698630137,Prevalence,0.00548434561194687
NbyGQVwzFc_loc12_loop6,12,ITN 0%/IRS 0%/Larvicide 0%,0;0.4;0.4_0;0;0_0;0;0_-100;2;5475_-100;2;5475_-100;2;5475,24.1041095890411,Prevalence,0.00548375891484061
NbyGQVwzFc_loc12_loop6,12,ITN 0%/IRS 0%/Larvicide 0%,0;0.4;0.4_0;0;0_0;0;0_-100;2;5475_-100;2;5475_-100;2;5475,24.1068493150685,Prevalence,0.0054829543787466
NbyGQVwzFc_loc12_loop6,12,ITN 0%/IRS 0%/Larvicide 0%,0;0.4;0.4_0;0;0_0;0;0_-100;2;5475_-100;2;5475_-100;2;5475,24.1095890410959,Prevalence,0.00548196547871983
NbyGQVwzFc_loc12_loop6,12,ITN 0%/IRS 0%/Larvicide 0%,0;0.4;0.4_0;0;0_0;0;0_-100;2;5475_-100;2;5475_-100;2;5475,24.1123287671233,Prevalence,0.00548082117422923
NbyGQVwzFc_loc12_loop6,12,ITN 0%/IRS 0%/Larvicide 0%,0;0.4;0.4_0;0;0_0;0;0_-100;2;5475_-100;2;5475_-100;2;5475,24.1150684931507,Prevalence,0.00547954659415306
NbyGQVwzFc_loc12_loop6,12,ITN 0%/IRS 0%/Larvicide 0%,0;0.4;0.4_0;0;0_0;0;0_-100;2;5475_-100;2;5475_-100;2;5475,24.1178082191781,Prevalence,0.00547816360846007
NbyGQVwzFc_loc12_loop6,12,ITN 0%/IRS 0%/Larvicide 0%,0;0.4;0.4_0;0;0_0;0;0_-100;2;5475_-100;2;5475_-100;2;5475,24.1205479452055,Prevalence,0.00547669130627863
NbyGQVwzFc_loc12_loop6,12,ITN 0%/IRS 0%/Larvicide 0%,0;0.4;0.4_0;0;0_0;0;0_-100;2;5475_-100;2;5475_-100;2;5475,24.1232876712329,Prevalence,0.00547514634861101
NbyGQVwzFc_loc12_loop6,12,ITN 0%/IRS 0%/Larvicide 0%,0;0.4;0.4_0;0;0_0;0;0_-100;2;5475_-100;2;5475_-100;2;5475,24.1260273972603,Prevalence,0.00547354255833495
NbyGQVwzFc_loc12_loop6,12,ITN 0%/IRS 0%/Larvicide 0%,0;0.4;0.4_0;0;0_0;0;0_-100;2;5475_-100;2;5475_-100;2;5475,24.1287671232877,Prevalence,0.00547189145433207
NbyGQVwzFc_loc12_loop6,12,ITN 0%/IRS 0%/Larvicide 0%,0;0.4;0.4_0;0;0_0;0;0_-100;2;5475_-100;2;5475_-100;2;5475,24.1315068493151,Prevalence,0.00547020316385528
NbyGQVwzFc_loc12_loop6,12,ITN 0%/IRS 0%/Larvicide 0%,0;0.4;0.4_0;0;0_0;0;0_-100;2;5475_-100;2;5475_-100;2;5475,24.1342465753425,Prevalence,0.00546848662855753
NbyGQVwzFc_loc12_loop6,12,ITN 0%/IRS 0%/Larvicide 0%,0;0.4;0.4_0;0;0_0;0;0_-100;2;5475_-100;2;5475_-100;2;5475,24.1369863013699,Prevalence,0.00546674976260206
NbyGQVwzFc_loc12_loop6,12,ITN 0%/IRS 0%/Larvicide 0%,0;0.4;0.4_0;0;0_0;0;0_-100;2;5475_-100;2;5475_-100;2;5475,24.1397260273973,Prevalence,0.0054649995866035
NbyGQVwzFc_loc12_loop6,12,ITN 0%/IRS 0%/Larvicide 0%,0;0.4;0.4_0;0;0_0;0;0_-100;2;5475_-100;2;5475_-100;2;5475,24.1424657534247,Prevalence,0.00546324234146245
NbyGQVwzFc_loc12_loop6,12,ITN 0%/IRS 0%/Larvicide 0%,0;0.4;0.4_0;0;0_0;0;0_-100;2;5475_-100;2;5475_-100;2;5475,24.1452054794521,Prevalence,0.00546148358547469
NbyGQVwzFc_loc12_loop6,12,ITN 0%/IRS 0%/Larvicide 0%,0;0.4;0.4_0;0;0_0;0;0_-100;2;5475_-100;2;5475_-100;2;5475,24.1479452054795,Prevalence,0.00545972826236409
NbyGQVwzFc_loc12_loop6,12,ITN 0%/IRS 0%/Larvicide 0%,0;0.4;0.4_0;0;0_0;0;0_-100;2;5475_-100;2;5475_-100;2;5475,24.1506849315069,Prevalence,0.00545798070472234
NbyGQVwzFc_loc12_loop6,12,ITN 0%/IRS 0%/Larvicide 0%,0;0.4;0.4_0;0;0_0;0;0_-100;2;5475_-100;2;5475_-100;2;5475,24.1534246575342,Prevalence,0.00545624468330162
NbyGQVwzFc_loc12_loop6,12,ITN 0%/IRS 0%/Larvicide 0%,0;0.4;0.4_0;0;0_0;0;0_-100;2;5475_-100;2;5475_-100;2;5475,24.1561643835616,Prevalence,0.00545452348049645
NbyGQVwzFc_loc12_loop6,12,ITN 0%/IRS 0%/Larvicide 0%,0;0.4;0.4_0;0;0_0;0;0_-100;2;5475_-100;2;5475_-100;2;5475,24.158904109589,Prevalence,0.00545281995396783
NbyGQVwzFc_loc12_loop6,12,ITN 0%/IRS 0%/Larvicide 0%,0;0.4;0.4_0;0;0_0;0;0_-100;2;5475_-100;2;5475_-100;2;5475,24.1616438356164,Prevalence,0.00545113659140236
NbyGQVwzFc_loc12_loop6,12,ITN 0%/IRS 0%/Larvicide 0%,0;0.4;0.4_0;0;0_0;0;0_-100;2;5475_-100;2;5475_-100;2;5475,24.1643835616438,Prevalence,0.00544947555774438
NbyGQVwzFc_loc12_loop6,12,ITN 0%/IRS 0%/Larvicide 0%,0;0.4;0.4_0;0;0_0;0;0_-100;2;5475_-100;2;5475_-100;2;5475,24.1671232876712,Prevalence,0.00544783873602409
NbyGQVwzFc_loc12_loop6,12,ITN 0%/IRS 0%/Larvicide 0%,0;0.4;0.4_0;0;0_0;0;0_-100;2;5475_-100;2;5475_-100;2;5475,24.1698630136986,Prevalence,0.0054462277627246
NbyGQVwzFc_loc12_loop6,12,ITN 0%/IRS 0%/Larvicide 0%,0;0.4;0.4_0;0;0_0;0;0_-100;2;5475_-100;2;5475_-100;2;5475,24.172602739726,Prevalence,0.00544464405848105
NbyGQVwzFc_loc12_loop6,12,ITN 0%/IRS 0%/Larvicide 0%,0;0.4;0.4_0;0;0_0;0;0_-100;2;5475_-100;2;5475_-100;2;5475,24.1753424657534,Prevalence,0.00544308885477964
NbyGQVwzFc_loc12_loop6,12,ITN 0%/IRS 0%/Larvicide 0%,0;0.4;0.4_0;0;0_0;0;0_-100;2;5475_-100;2;5475_-100;2;5475,24.1780821917808,Prevalence,0.00544156321722935
NbyGQVwzFc_loc12_loop6,12,ITN 0%/IRS 0%/Larvicide 0%,0;0.4;0.4_0;0;0_0;0;0_-100;2;5475_-100;2;5475_-100;2;5475,24.1808219178082,Prevalence,0.00544006804791072
NbyGQVwzFc_loc12_loop6,12,ITN 0%/IRS 0%/Larvicide 0%,0;0.4;0.4_0;0;0_0;0;0_-100;2;5475_-100;2;5475_-100;2;5475,24.1835616438356,Prevalence,0.00543860395036246
NbyGQVwzFc_loc12_loop6,12,ITN 0%/IRS 0%/Larvicide 0%,0;0.4;0.4_0;0;0_0;0;0_-100;2;5475_-100;2;5475_-100;2;5475,24.186301369863,Prevalence,0.00543717117017533
NbyGQVwzFc_loc12_loop6,12,ITN 0%/IRS 0%/Larvicide 0%,0;0.4;0.4_0;0;0_0;0;0_-100;2;5475_-100;2;5475_-100;2;5475,24.1890410958904,Prevalence,0.00543576968073862
NbyGQVwzFc_loc12_loop6,12,ITN 0%/IRS 0%/Larvicide 0%,0;0.4;0.4_0;0;0_0;0;0_-100;2;5475_-100;2;5475_-100;2;5475,24.1917808219178,Prevalence,0.00543439925916146
NbyGQVwzFc_loc12_loop6,12,ITN 0%/IRS 0%/Larvicide 0%,0;0.4;0.4_0;0;0_0;0;0_-100;2;5475_-100;2;5475_-100;2;5475,24.1945205479452,Prevalence,0.00543305954472495
NbyGQVwzFc_loc12_loop6,12,ITN 0%/IRS 0%/Larvicide 0%,0;0.4;0.4_0;0;0_0;0;0_-100;2;5475_-100;2;5475_-100;2;5475,24.1972602739726,Prevalence,0.00543175008364622
NbyGQVwzFc_loc12_loop6,12,ITN 0%/IRS 0%/Larvicide 0%,0;0.4;0.4_0;0;0_0;0;0_-100;2;5475_-100;2;5475_-100;2;5475,24.2,Prevalence,0.00543047036313693
NbyGQVwzFc_loc12_loop6,12,ITN 0%/IRS 0%/Larvicide 0%,0;0.4;0.4_0;0;0_0;0;0_-100;2;5475_-100;2;5475_-100;2;5475,24.2027397260274,Prevalence,0.00542921983711013
NbyGQVwzFc_loc12_loop6,12,ITN 0%/IRS 0%/Larvicide 0%,0;0.4;0.4_0;0;0_0;0;0_-100;2;5475_-100;2;5475_-100;2;5475,24.2054794520548,Prevalence,0.00542799794538978
NbyGQVwzFc_loc12_loop6,12,ITN 0%/IRS 0%/Larvicide 0%,0;0.4;0.4_0;0;0_0;0;0_-100;2;5475_-100;2;5475_-100;2;5475,24.2082191780822,Prevalence,0.00542680412788103
NbyGQVwzFc_loc12_loop6,12,ITN 0%/IRS 0%/Larvicide 0%,0;0.4;0.4_0;0;0_0;0;0_-100;2;5475_-100;2;5475_-100;2;5475,24.2109589041096,Prevalence,0.00542563783484605
NbyGQVwzFc_loc12_loop6,12,ITN 0%/IRS 0%/Larvicide 0%,0;0.4;0.4_0;0;0_0;0;0_-100;2;5475_-100;2;5475_-100;2;5475,24.213698630137,Prevalence,0.00542449853416991
NbyGQVwzFc_loc12_loop6,12,ITN 0%/IRS 0%/Larvicide 0%,0;0.4;0.4_0;0;0_0;0;0_-100;2;5475_-100;2;5475_-100;2;5475,24.2164383561644,Prevalence,0.00542338571606441
NbyGQVwzFc_loc12_loop6,12,ITN 0%/IRS 0%/Larvicide 0%,0;0.4;0.4_0;0;0_0;0;0_-100;2;5475_-100;2;5475_-100;2;5475,24.2191780821918,Prevalence,0.00542229889553269
NbyGQVwzFc_loc12_loop6,12,ITN 0%/IRS 0%/Larvicide 0%,0;0.4;0.4_0;0;0_0;0;0_-100;2;5475_-100;2;5475_-100;2;5475,24.2219178082192,Prevalence,0.0054212376135455
NbyGQVwzFc_loc12_loop6,12,ITN 0%/IRS 0%/Larvicide 0%,0;0.4;0.4_0;0;0_0;0;0_-100;2;5475_-100;2;5475_-100;2;5475,24.2246575342466,Prevalence,0.00542020143744207
NbyGQVwzFc_loc12_loop6,12,ITN 0%/IRS 0%/Larvicide 0%,0;0.4;0.4_0;0;0_0;0;0_-100;2;5475_-100;2;5475_-100;2;5475,24.227397260274,Prevalence,0.00541918996077351
NbyGQVwzFc_loc12_loop6,12,ITN 0%/IRS 0%/Larvicide 0%,0;0.4;0.4_0;0;0_0;0;0_-100;2;5475_-100;2;5475_-100;2;5475,24.2301369863014,Prevalence,0.00541820280274951
NbyGQVwzFc_loc12_loop6,12,ITN 0%/IRS 0%/Larvicide 0%,0;0.4;0.4_0;0;0_0;0;0_-100;2;5475_-100;2;5475_-100;2;5475,24.2328767123288,Prevalence,0.00541723960741096
NbyGQVwzFc_loc12_loop6,12,ITN 0%/IRS 0%/Larvicide 0%,0;0.4;0.4_0;0;0_0;0;0_-100;2;5475_-100;2;5475_-100;2;5475,24.2356164383562,Prevalence,0.00541630004262011
NbyGQVwzFc_loc12_loop6,12,ITN 0%/IRS 0%/Larvicide 0%,0;0.4;0.4_0;0;0_0;0;0_-100;2;5475_-100;2;5475_-100;2;5475,24.2383561643836,Prevalence,0.00541538379893434
NbyGQVwzFc_loc12_loop6,12,ITN 0%/IRS 0%/Larvicide 0%,0;0.4;0.4_0;0;0_0;0;0_-100;2;5475_-100;2;5475_-100;2;5475,24.241095890411,Prevalence,0.00541449058838613
NbyGQVwzFc_loc12_loop6,12,ITN 0%/IRS 0%/Larvicide 0%,0;0.4;0.4_0;0;0_0;0;0_-100;2;5475_-100;2;5475_-100;2;5475,24.2438356164384,Prevalence,0.00541362014318008
NbyGQVwzFc_loc12_loop6,12,ITN 0%/IRS 0%/Larvicide 0%,0;0.4;0.4_0;0;0_0;0;0_-100;2;5475_-100;2;5475_-100;2;5475,24.2465753424658,Prevalence,0.00541277221435063
NbyGQVwzFc_loc12_loop6,12,ITN 0%/IRS 0%/Larvicide 0%,0;0.4;0.4_0;0;0_0;0;0_-100;2;5475_-100;2;5475_-100;2;5475,24.2493150684932,Prevalence,0.00541194657041977
NbyGQVwzFc_loc12_loop6,12,ITN 0%/IRS 0%/Larvicide 0%,0;0.4;0.4_0;0;0_0;0;0_-100;2;5475_-100;2;5475_-100;2;5475,24.2520547945206,Prevalence,0.00541114299608302
NbyGQVwzFc_loc12_loop6,12,ITN 0%/IRS 0%/Larvicide 0%,0;0.4;0.4_0;0;0_0;0;0_-100;2;5475_-100;2;5475_-100;2;5475,24.2547945205479,Prevalence,0.00541036129094289
NbyGQVwzFc_loc12_loop6,12,ITN 0%/IRS 0%/Larvicide 0%,0;0.4;0.4_0;0;0_0;0;0_-100;2;5475_-100;2;5475_-100;2;5475,24.2575342465753,Prevalence,0.00540960126830278
NbyGQVwzFc_loc12_loop6,12,ITN 0%/IRS 0%/Larvicide 0%,0;0.4;0.4_0;0;0_0;0;0_-100;2;5475_-100;2;5475_-100;2;5475,24.2602739726027,Prevalence,0.00540886275402889
NbyGQVwzFc_loc12_loop6,12,ITN 0%/IRS 0%/Larvicide 0%,0;0.4;0.4_0;0;0_0;0;0_-100;2;5475_-100;2;5475_-100;2;5475,24.2630136986301,Prevalence,0.00540814558548451
NbyGQVwzFc_loc12_loop6,12,ITN 0%/IRS 0%/Larvicide 0%,0;0.4;0.4_0;0;0_0;0;0_-100;2;5475_-100;2;5475_-100;2;5475,24.2657534246575,Prevalence,0.00540744961053784
NbyGQVwzFc_loc12_loop6,12,ITN 0%/IRS 0%/Larvicide 0%,0;0.4;0.4_0;0;0_0;0;0_-100;2;5475_-100;2;5475_-100;2;5475,24.2684931506849,Prevalence,0.00540677468664294
NbyGQVwzFc_loc12_loop6,12,ITN 0%/IRS 0%/Larvicide 0%,0;0.4;0.4_0;0;0_0;0;0_-100;2;5475_-100;2;5475_-100;2;5475,24.2712328767123,Prevalence,0.00540612067998703
NbyGQVwzFc_loc12_loop6,12,ITN 0%/IRS 0%/Larvicide 0%,0;0.4;0.4_0;0;0_0;0;0_-100;2;5475_-100;2;5475_-100;2;5475,24.2739726027397,Prevalence,0.00540548746464427
NbyGQVwzFc_loc12_loop6,12,ITN 0%/IRS 0%/Larvicide 0%,0;0.4;0.4_0;0;0_0;0;0_-100;2;5475_-100;2;5475_-100;2;5475,24.2767123287671,Prevalence,0.00540487492165122
NbyGQVwzFc_loc12_loop6,12,ITN 0%/IRS 0%/Larvicide 0%,0;0.4;0.4_0;0;0_0;0;0_-100;2;5475_-100;2;5475_-100;2;5475,24.2794520547945,Prevalence,0.00540428293803086
NbyGQVwzFc_loc12_loop6,12,ITN 0%/IRS 0%/Larvicide 0%,0;0.4;0.4_0;0;0_0;0;0_-100;2;5475_-100;2;5475_-100;2;5475,24.2821917808219,Prevalence,0.00540371140582982
NbyGQVwzFc_loc12_loop6,12,ITN 0%/IRS 0%/Larvicide 0%,0;0.4;0.4_0;0;0_0;0;0_-100;2;5475_-100;2;5475_-100;2;5475,24.2849315068493,Prevalence,0.00540316022120905
NbyGQVwzFc_loc12_loop6,12,ITN 0%/IRS 0%/Larvicide 0%,0;0.4;0.4_0;0;0_0;0;0_-100;2;5475_-100;2;5475_-100;2;5475,24.2876712328767,Prevalence,0.00540262928361261
NbyGQVwzFc_loc12_loop6,12,ITN 0%/IRS 0%/Larvicide 0%,0;0.4;0.4_0;0;0_0;0;0_-100;2;5475_-100;2;5475_-100;2;5475,24.2904109589041,Prevalence,0.00540211849502769
NbyGQVwzFc_loc12_loop6,12,ITN 0%/IRS 0%/Larvicide 0%,0;0.4;0.4_0;0;0_0;0;0_-100;2;5475_-100;2;5475_-100;2;5475,24.2931506849315,Prevalence,0.00540162775934012
NbyGQVwzFc_loc12_loop6,12,ITN 0%/IRS 0%/Larvicide 0%,0;0.4;0.4_0;0;0_0;0;0_-100;2;5475_-100;2;5475_-100;2;5475,24.2958904109589,Prevalence,0.005401156981784
NbyGQVwzFc_loc12_loop6,12,ITN 0%/IRS 0%/Larvicide 0%,0;0.4;0.4_0;0;0_0;0;0_-100;2;5475_-100;2;5475_-100;2;5475,24.2986301369863,Prevalence,0.00540070606848075
NbyGQVwzFc_loc12_loop6,12,ITN 0%/IRS 0%/Larvicide 0%,0;0.4;0.4_0;0;0_0;0;0_-100;2;5475_-100;2;5475_-100;2;5475,24.3013698630137,Prevalence,0.00540027492606045
NbyGQVwzFc_loc12_loop6,12,ITN 0%/IRS 0%/Larvicide 0%,0;0.4;0.4_0;0;0_0;0;0_-100;2;5475_-100;2;5475_-100;2;5475,24.3041095890411,Prevalence,0.00539986346135782
NbyGQVwzFc_loc12_loop6,12,ITN 0%/IRS 0%/Larvicide 0%,0;0.4;0.4_0;0;0_0;0;0_-100;2;5475_-100;2;5475_-100;2;5475,24.3068493150685,Prevalence,0.00539947158117405
NbyGQVwzFc_loc12_loop6,12,ITN 0%/IRS 0%/Larvicide 0%,0;0.4;0.4_0;0;0_0;0;0_-100;2;5475_-100;2;5475_-100;2;5475,24.3095890410959,Prevalence,0.00539909919209603
NbyGQVwzFc_loc12_loop6,12,ITN 0%/IRS 0%/Larvicide 0%,0;0.4;0.4_0;0;0_0;0;0_-100;2;5475_-100;2;5475_-100;2;5475,24.3123287671233,Prevalence,0.00539874620036452
NbyGQVwzFc_loc12_loop6,12,ITN 0%/IRS 0%/Larvicide 0%,0;0.4;0.4_0;0;0_0;0;0_-100;2;5475_-100;2;5475_-100;2;5475,24.3150684931507,Prevalence,0.00539841251178367
NbyGQVwzFc_loc12_loop6,12,ITN 0%/IRS 0%/Larvicide 0%,0;0.4;0.4_0;0;0_0;0;0_-100;2;5475_-100;2;5475_-100;2;5475,24.3178082191781,Prevalence,0.00539809803166503
NbyGQVwzFc_loc12_loop6,12,ITN 0%/IRS 0%/Larvicide 0%,0;0.4;0.4_0;0;0_0;0;0_-100;2;5475_-100;2;5475_-100;2;5475,24.3205479452055,Prevalence,0.00539780266480002
NbyGQVwzFc_loc12_loop6,12,ITN 0%/IRS 0%/Larvicide 0%,0;0.4;0.4_0;0;0_0;0;0_-100;2;5475_-100;2;5475_-100;2;5475,24.3232876712329,Prevalence,0.00539752631545516
NbyGQVwzFc_loc12_loop6,12,ITN 0%/IRS 0%/Larvicide 0%,0;0.4;0.4_0;0;0_0;0;0_-100;2;5475_-100;2;5475_-100;2;5475,24.3260273972603,Prevalence,0.00539726888738771
NbyGQVwzFc_loc12_loop6,12,ITN 0%/IRS 0%/Larvicide 0%,0;0.4;0.4_0;0;0_0;0;0_-100;2;5475_-100;2;5475_-100;2;5475,24.3287671232877,Prevalence,0.00539703028387545
NbyGQVwzFc_loc12_loop6,12,ITN 0%/IRS 0%/Larvicide 0%,0;0.4;0.4_0;0;0_0;0;0_-100;2;5475_-100;2;5475_-100;2;5475,24.3315068493151,Prevalence,0.00539681040775793
NbyGQVwzFc_loc12_loop6,12,ITN 0%/IRS 0%/Larvicide 0%,0;0.4;0.4_0;0;0_0;0;0_-100;2;5475_-100;2;5475_-100;2;5475,24.3342465753425,Prevalence,0.00539660916148682
NbyGQVwzFc_loc12_loop6,12,ITN 0%/IRS 0%/Larvicide 0%,0;0.4;0.4_0;0;0_0;0;0_-100;2;5475_-100;2;5475_-100;2;5475,24.3369863013699,Prevalence,0.00539642644718262
NbyGQVwzFc_loc12_loop6,12,ITN 0%/IRS 0%/Larvicide 0%,0;0.4;0.4_0;0;0_0;0;0_-100;2;5475_-100;2;5475_-100;2;5475,24.3397260273973,Prevalence,0.00539626216669583
NbyGQVwzFc_loc12_loop6,12,ITN 0%/IRS 0%/Larvicide 0%,0;0.4;0.4_0;0;0_0;0;0_-100;2;5475_-100;2;5475_-100;2;5475,24.3424657534247,Prevalence,0.00539611622167093
NbyGQVwzFc_loc12_loop6,12,ITN 0%/IRS 0%/Larvicide 0%,0;0.4;0.4_0;0;0_0;0;0_-100;2;5475_-100;2;5475_-100;2;5475,24.3452054794521,Prevalence,0.0053959885136116
NbyGQVwzFc_loc12_loop6,12,ITN 0%/IRS 0%/Larvicide 0%,0;0.4;0.4_0;0;0_0;0;0_-100;2;5475_-100;2;5475_-100;2;5475,24.3479452054795,Prevalence,0.00539587894394626
NbyGQVwzFc_loc12_loop6,12,ITN 0%/IRS 0%/Larvicide 0%,0;0.4;0.4_0;0;0_0;0;0_-100;2;5475_-100;2;5475_-100;2;5475,24.3506849315069,Prevalence,0.00539578741409283
NbyGQVwzFc_loc12_loop6,12,ITN 0%/IRS 0%/Larvicide 0%,0;0.4;0.4_0;0;0_0;0;0_-100;2;5475_-100;2;5475_-100;2;5475,24.3534246575343,Prevalence,0.00539571382552215
NbyGQVwzFc_loc12_loop6,12,ITN 0%/IRS 0%/Larvicide 0%,0;0.4;0.4_0;0;0_0;0;0_-100;2;5475_-100;2;5475_-100;2;5475,24.3561643835616,Prevalence,0.00539565807981935
NbyGQVwzFc_loc12_loop6,12,ITN 0%/IRS 0%/Larvicide 0%,0;0.4;0.4_0;0;0_0;0;0_-100;2;5475_-100;2;5475_-100;2;5475,24.358904109589,Prevalence,0.00539562007874295
NbyGQVwzFc_loc12_loop6,12,ITN 0%/IRS 0%/Larvicide 0%,0;0.4;0.4_0;0;0_0;0;0_-100;2;5475_-100;2;5475_-100;2;5475,24.3616438356164,Prevalence,0.00539559972428113
NbyGQVwzFc_loc12_loop6,12,ITN 0%/IRS 0%/Larvicide 0%,0;0.4;0.4_0;0;0_0;0;0_-100;2;5475_-100;2;5475_-100;2;5475,24.3643835616438,Prevalence,0.00539559691870517
NbyGQVwzFc_loc12_loop6,12,ITN 0%/IRS 0%/Larvicide 0%,0;0.4;0.4_0;0;0_0;0;0_-100;2;5475_-100;2;5475_-100;2;5475,24.3671232876712,Prevalence,0.00539561156461904
NbyGQVwzFc_loc12_loop6,12,ITN 0%/IRS 0%/Larvicide 0%,0;0.4;0.4_0;0;0_0;0;0_-100;2;5475_-100;2;5475_-100;2;5475,24.3698630136986,Prevalence,0.00539564356500705
NbyGQVwzFc_loc12_loop6,12,ITN 0%/IRS 0%/Larvicide 0%,0;0.4;0.4_0;0;0_0;0;0_-100;2;5475_-100;2;5475_-100;2;5475,24.372602739726,Prevalence,0.00539569282327734
NbyGQVwzFc_loc12_loop6,12,ITN 0%/IRS 0%/Larvicide 0%,0;0.4;0.4_0;0;0_0;0;0_-100;2;5475_-100;2;5475_-100;2;5475,24.3753424657534,Prevalence,0.0053957592433013
NbyGQVwzFc_loc12_loop6,12,ITN 0%/IRS 0%/Larvicide 0%,0;0.4;0.4_0;0;0_0;0;0_-100;2;5475_-100;2;5475_-100;2;5475,24.3780821917808,Prevalence,0.0053958427294493
NbyGQVwzFc_loc12_loop6,12,ITN 0%/IRS 0%/Larvicide 0%,0;0.4;0.4_0;0;0_0;0;0_-100;2;5475_-100;2;5475_-100;2;5475,24.3808219178082,Prevalence,0.00539594318662267
NbyGQVwzFc_loc12_loop6,12,ITN 0%/IRS 0%/Larvicide 0%,0;0.4;0.4_0;0;0_0;0;0_-100;2;5475_-100;2;5475_-100;2;5475,24.3835616438356,Prevalence,0.0053960605202818
NbyGQVwzFc_loc12_loop6,12,ITN 0%/IRS 0%/Larvicide 0%,0;0.4;0.4_0;0;0_0;0;0_-100;2;5475_-100;2;5475_-100;2;5475,24.386301369863,Prevalence,0.0053961946364707
NbyGQVwzFc_loc12_loop6,12,ITN 0%/IRS 0%/Larvicide 0%,0;0.4;0.4_0;0;0_0;0;0_-100;2;5475_-100;2;5475_-100;2;5475,24.3890410958904,Prevalence,0.00539634544183802
NbyGQVwzFc_loc12_loop6,12,ITN 0%/IRS 0%/Larvicide 0%,0;0.4;0.4_0;0;0_0;0;0_-100;2;5475_-100;2;5475_-100;2;5475,24.3917808219178,Prevalence,0.0053965128436548
NbyGQVwzFc_loc12_loop6,12,ITN 0%/IRS 0%/Larvicide 0%,0;0.4;0.4_0;0;0_0;0;0_-100;2;5475_-100;2;5475_-100;2;5475,24.3945205479452,Prevalence,0.00539669674982915
NbyGQVwzFc_loc12_loop6,12,ITN 0%/IRS 0%/Larvicide 0%,0;0.4;0.4_0;0;0_0;0;0_-100;2;5475_-100;2;5475_-100;2;5475,24.3972602739726,Prevalence,0.00539689706891816
NbyGQVwzFc_loc12_loop6,12,ITN 0%/IRS 0%/Larvicide 0%,0;0.4;0.4_0;0;0_0;0;0_-100;2;5475_-100;2;5475_-100;2;5475,24.4,Prevalence,0.00539711371013719
NbyGQVwzFc_loc12_loop6,12,ITN 0%/IRS 0%/Larvicide 0%,0;0.4;0.4_0;0;0_0;0;0_-100;2;5475_-100;2;5475_-100;2;5475,24.4027397260274,Prevalence,0.0053973465833669
NbyGQVwzFc_loc12_loop6,12,ITN 0%/IRS 0%/Larvicide 0%,0;0.4;0.4_0;0;0_0;0;0_-100;2;5475_-100;2;5475_-100;2;5475,24.4054794520548,Prevalence,0.00539759559915815
NbyGQVwzFc_loc12_loop6,12,ITN 0%/IRS 0%/Larvicide 0%,0;0.4;0.4_0;0;0_0;0;0_-100;2;5475_-100;2;5475_-100;2;5475,24.4082191780822,Prevalence,0.00539786066873512
NbyGQVwzFc_loc12_loop6,12,ITN 0%/IRS 0%/Larvicide 0%,0;0.4;0.4_0;0;0_0;0;0_-100;2;5475_-100;2;5475_-100;2;5475,24.4109589041096,Prevalence,0.00539814170399647
NbyGQVwzFc_loc12_loop6,12,ITN 0%/IRS 0%/Larvicide 0%,0;0.4;0.4_0;0;0_0;0;0_-100;2;5475_-100;2;5475_-100;2;5475,24.413698630137,Prevalence,0.00539843861751518
NbyGQVwzFc_loc12_loop6,12,ITN 0%/IRS 0%/Larvicide 0%,0;0.4;0.4_0;0;0_0;0;0_-100;2;5475_-100;2;5475_-100;2;5475,24.4164383561644,Prevalence,0.00539875132253834
NbyGQVwzFc_loc12_loop6,12,ITN 0%/IRS 0%/Larvicide 0%,0;0.4;0.4_0;0;0_0;0;0_-100;2;5475_-100;2;5475_-100;2;5475,24.4191780821918,Prevalence,0.00539907973298458
NbyGQVwzFc_loc12_loop6,12,ITN 0%/IRS 0%/Larvicide 0%,0;0.4;0.4_0;0;0_0;0;0_-100;2;5475_-100;2;5475_-100;2;5475,24.4219178082192,Prevalence,0.00539942376344102
NbyGQVwzFc_loc12_loop6,12,ITN 0%/IRS 0%/Larvicide 0%,0;0.4;0.4_0;0;0_0;0;0_-100;2;5475_-100;2;5475_-100;2;5475,24.4246575342466,Prevalence,0.00539978332915939
NbyGQVwzFc_loc12_loop6,12,ITN 0%/IRS 0%/Larvicide 0%,0;0.4;0.4_0;0;0_0;0;0_-100;2;5475_-100;2;5475_-100;2;5475,24.427397260274,Prevalence,0.00540015834605166
NbyGQVwzFc_loc12_loop6,12,ITN 0%/IRS 0%/Larvicide 0%,0;0.4;0.4_0;0;0_0;0;0_-100;2;5475_-100;2;5475_-100;2;5475,24.4301369863014,Prevalence,0.00540054873068513
NbyGQVwzFc_loc12_loop6,12,ITN 0%/IRS 0%/Larvicide 0%,0;0.4;0.4_0;0;0_0;0;0_-100;2;5475_-100;2;5475_-100;2;5475,24.4328767123288,Prevalence,0.0054009544002771
NbyGQVwzFc_loc12_loop6,12,ITN 0%/IRS 0%/Larvicide 0%,0;0.4;0.4_0;0;0_0;0;0_-100;2;5475_-100;2;5475_-100;2;5475,24.4356164383562,Prevalence,0.00540137527268931
NbyGQVwzFc_loc12_loop6,12,ITN 0%/IRS 0%/Larvicide 0%,0;0.4;0.4_0;0;0_0;0;0_-100;2;5475_-100;2;5475_-100;2;5475,24.4383561643836,Prevalence,0.00540181126642211
NbyGQVwzFc_loc12_loop6,12,ITN 0%/IRS 0%/Larvicide 0%,0;0.4;0.4_0;0;0_0;0;0_-100;2;5475_-100;2;5475_-100;2;5475,24.441095890411,Prevalence,0.00540226230060845
NbyGQVwzFc_loc12_loop6,12,ITN 0%/IRS 0%/Larvicide 0%,0;0.4;0.4_0;0;0_0;0;0_-100;2;5475_-100;2;5475_-100;2;5475,24.4438356164384,Prevalence,0.00540272829500786
NbyGQVwzFc_loc12_loop6,12,ITN 0%/IRS 0%/Larvicide 0%,0;0.4;0.4_0;0;0_0;0;0_-100;2;5475_-100;2;5475_-100;2;5475,24.4465753424658,Prevalence,0.00540320917000031
NbyGQVwzFc_loc12_loop6,12,ITN 0%/IRS 0%/Larvicide 0%,0;0.4;0.4_0;0;0_0;0;0_-100;2;5475_-100;2;5475_-100;2;5475,24.4493150684932,Prevalence,0.00540370484658007
NbyGQVwzFc_loc12_loop6,12,ITN 0%/IRS 0%/Larvicide 0%,0;0.4;0.4_0;0;0_0;0;0_-100;2;5475_-100;2;5475_-100;2;5475,24.4520547945206,Prevalence,0.00540421524634967
NbyGQVwzFc_loc12_loop6,12,ITN 0%/IRS 0%/Larvicide 0%,0;0.4;0.4_0;0;0_0;0;0_-100;2;5475_-100;2;5475_-100;2;5475,24.4547945205479,Prevalence,0.00540474029151381
NbyGQVwzFc_loc12_loop6,12,ITN 0%/IRS 0%/Larvicide 0%,0;0.4;0.4_0;0;0_0;0;0_-100;2;5475_-100;2;5475_-100;2;5475,24.4575342465753,Prevalence,0.00540527990487293
NbyGQVwzFc_loc12_loop6,12,ITN 0%/IRS 0%/Larvicide 0%,0;0.4;0.4_0;0;0_0;0;0_-100;2;5475_-100;2;5475_-100;2;5475,24.4602739726027,Prevalence,0.00540583400981777
NbyGQVwzFc_loc12_loop6,12,ITN 0%/IRS 0%/Larvicide 0%,0;0.4;0.4_0;0;0_0;0;0_-100;2;5475_-100;2;5475_-100;2;5475,24.4630136986301,Prevalence,0.00540640253032408
NbyGQVwzFc_loc12_loop6,12,ITN 0%/IRS 0%/Larvicide 0%,0;0.4;0.4_0;0;0_0;0;0_-100;2;5475_-100;2;5475_-100;2;5475,24.4657534246575,Prevalence,0.00540698539094663
NbyGQVwzFc_loc12_loop6,12,ITN 0%/IRS 0%/Larvicide 0%,0;0.4;0.4_0;0;0_0;0;0_-100;2;5475_-100;2;5475_-100;2;5475,24.4684931506849,Prevalence,0.00540758251681383
NbyGQVwzFc_loc12_loop6,12,ITN 0%/IRS 0%/Larvicide 0%,0;0.4;0.4_0;0;0_0;0;0_-100;2;5475_-100;2;5475_-100;2;5475,24.4712328767123,Prevalence,0.00540819383362236
NbyGQVwzFc_loc12_loop6,12,ITN 0%/IRS 0%/Larvicide 0%,0;0.4;0.4_0;0;0_0;0;0_-100;2;5475_-100;2;5475_-100;2;5475,24.4739726027397,Prevalence,0.0054088192676319
NbyGQVwzFc_loc12_loop6,12,ITN 0%/IRS 0%/Larvicide 0%,0;0.4;0.4_0;0;0_0;0;0_-100;2;5475_-100;2;5475_-100;2;5475,24.4767123287671,Prevalence,0.00540945874566018
NbyGQVwzFc_loc12_loop6,12,ITN 0%/IRS 0%/Larvicide 0%,0;0.4;0.4_0;0;0_0;0;0_-100;2;5475_-100;2;5475_-100;2;5475,24.4794520547945,Prevalence,0.00541011219507797
NbyGQVwzFc_loc12_loop6,12,ITN 0%/IRS 0%/Larvicide 0%,0;0.4;0.4_0;0;0_0;0;0_-100;2;5475_-100;2;5475_-100;2;5475,24.4821917808219,Prevalence,0.0054107795438043
NbyGQVwzFc_loc12_loop6,12,ITN 0%/IRS 0%/Larvicide 0%,0;0.4;0.4_0;0;0_0;0;0_-100;2;5475_-100;2;5475_-100;2;5475,24.4849315068493,Prevalence,0.00541146072030182
NbyGQVwzFc_loc12_loop6,12,ITN 0%/IRS 0%/Larvicide 0%,0;0.4;0.4_0;0;0_0;0;0_-100;2;5475_-100;2;5475_-100;2;5475,24.4876712328767,Prevalence,0.00541215565357219
NbyGQVwzFc_loc12_loop6,12,ITN 0%/IRS 0%/Larvicide 0%,0;0.4;0.4_0;0;0_0;0;0_-100;2;5475_-100;2;5475_-100;2;5475,24.4904109589041,Prevalence,0.00541286427315172
NbyGQVwzFc_loc12_loop6,12,ITN 0%/IRS 0%/Larvicide 0%,0;0.4;0.4_0;0;0_0;0;0_-100;2;5475_-100;2;5475_-100;2;5475,24.4931506849315,Prevalence,0.00541358650910695
NbyGQVwzFc_loc12_loop6,12,ITN 0%/IRS 0%/Larvicide 0%,0;0.4;0.4_0;0;0_0;0;0_-100;2;5475_-100;2;5475_-100;2;5475,24.4958904109589,Prevalence,0.00541432229203049
NbyGQVwzFc_loc12_loop6,12,ITN 0%/IRS 0%/Larvicide 0%,0;0.4;0.4_0;0;0_0;0;0_-100;2;5475_-100;2;5475_-100;2;5475,24.4986301369863,Prevalence,0.00541507155303682
NbyGQVwzFc_loc12_loop6,12,ITN 0%/IRS 0%/Larvicide 0%,0;0.4;0.4_0;0;0_0;0;0_-100;2;5475_-100;2;5475_-100;2;5475,24.5013698630137,Prevalence,0.00541583422375829
NbyGQVwzFc_loc12_loop6,12,ITN 0%/IRS 0%/Larvicide 0%,0;0.4;0.4_0;0;0_0;0;0_-100;2;5475_-100;2;5475_-100;2;5475,24.5041095890411,Prevalence,0.00541661023634067
NbyGQVwzFc_loc12_loop6,12,ITN 0%/IRS 0%/Larvicide 0%,0;0.4;0.4_0;0;0_0;0;0_-100;2;5475_-100;2;5475_-100;2;5475,24.5068493150685,Prevalence,0.00541739952343963
NbyGQVwzFc_loc12_loop6,12,ITN 0%/IRS 0%/Larvicide 0%,0;0.4;0.4_0;0;0_0;0;0_-100;2;5475_-100;2;5475_-100;2;5475,24.5095890410959,Prevalence,0.00541820201821728
NbyGQVwzFc_loc12_loop6,12,ITN 0%/IRS 0%/Larvicide 0%,0;0.4;0.4_0;0;0_0;0;0_-100;2;5475_-100;2;5475_-100;2;5475,24.5123287671233,Prevalence,0.00541901765433809
NbyGQVwzFc_loc12_loop6,12,ITN 0%/IRS 0%/Larvicide 0%,0;0.4;0.4_0;0;0_0;0;0_-100;2;5475_-100;2;5475_-100;2;5475,24.5150684931507,Prevalence,0.00541984636596515
NbyGQVwzFc_loc12_loop6,12,ITN 0%/IRS 0%/Larvicide 0%,0;0.4;0.4_0;0;0_0;0;0_-100;2;5475_-100;2;5475_-100;2;5475,24.5178082191781,Prevalence,0.00542068808775653
NbyGQVwzFc_loc12_loop6,12,ITN 0%/IRS 0%/Larvicide 0%,0;0.4;0.4_0;0;0_0;0;0_-100;2;5475_-100;2;5475_-100;2;5475,24.5205479452055,Prevalence,0.00542154275486159
NbyGQVwzFc_loc12_loop6,12,ITN 0%/IRS 0%/Larvicide 0%,0;0.4;0.4_0;0;0_0;0;0_-100;2;5475_-100;2;5475_-100;2;5475,24.5232876712329,Prevalence,0.00542241030291742
NbyGQVwzFc_loc12_loop6,12,ITN 0%/IRS 0%/Larvicide 0%,0;0.4;0.4_0;0;0_0;0;0_-100;2;5475_-100;2;5475_-100;2;5475,24.5260273972603,Prevalence,0.00542329066804527
NbyGQVwzFc_loc12_loop6,12,ITN 0%/IRS 0%/Larvicide 0%,0;0.4;0.4_0;0;0_0;0;0_-100;2;5475_-100;2;5475_-100;2;5475,24.5287671232877,Prevalence,0.00542418378684704
NbyGQVwzFc_loc12_loop6,12,ITN 0%/IRS 0%/Larvicide 0%,0;0.4;0.4_0;0;0_0;0;0_-100;2;5475_-100;2;5475_-100;2;5475,24.5315068493151,Prevalence,0.00542508959640179
NbyGQVwzFc_loc12_loop6,12,ITN 0%/IRS 0%/Larvicide 0%,0;0.4;0.4_0;0;0_0;0;0_-100;2;5475_-100;2;5475_-100;2;5475,24.5342465753425,Prevalence,0.00542600803426224
NbyGQVwzFc_loc12_loop6,12,ITN 0%/IRS 0%/Larvicide 0%,0;0.4;0.4_0;0;0_0;0;0_-100;2;5475_-100;2;5475_-100;2;5475,24.5369863013699,Prevalence,0.00542693903845136
NbyGQVwzFc_loc12_loop6,12,ITN 0%/IRS 0%/Larvicide 0%,0;0.4;0.4_0;0;0_0;0;0_-100;2;5475_-100;2;5475_-100;2;5475,24.5397260273973,Prevalence,0.00542788254745895
NbyGQVwzFc_loc12_loop6,12,ITN 0%/IRS 0%/Larvicide 0%,0;0.4;0.4_0;0;0_0;0;0_-100;2;5475_-100;2;5475_-100;2;5475,24.5424657534247,Prevalence,0.00542883850023827
NbyGQVwzFc_loc12_loop6,12,ITN 0%/IRS 0%/Larvicide 0%,0;0.4;0.4_0;0;0_0;0;0_-100;2;5475_-100;2;5475_-100;2;5475,24.5452054794521,Prevalence,0.00542980683620261
NbyGQVwzFc_loc12_loop6,12,ITN 0%/IRS 0%/Larvicide 0%,0;0.4;0.4_0;0;0_0;0;0_-100;2;5475_-100;2;5475_-100;2;5475,24.5479452054795,Prevalence,0.00543078749522201
NbyGQVwzFc_loc12_loop6,12,ITN 0%/IRS 0%/Larvicide 0%,0;0.4;0.4_0;0;0_0;0;0_-100;2;5475_-100;2;5475_-100;2;5475,24.5506849315069,Prevalence,0.00543178041761972
NbyGQVwzFc_loc12_loop6,12,ITN 0%/IRS 0%/Larvicide 0%,0;0.4;0.4_0;0;0_0;0;0_-100;2;5475_-100;2;5475_-100;2;5475,24.5534246575343,Prevalence,0.00543278554416868
NbyGQVwzFc_loc12_loop6,12,ITN 0%/IRS 0%/Larvicide 0%,0;0.4;0.4_0;0;0_0;0;0_-100;2;5475_-100;2;5475_-100;2;5475,24.5561643835616,Prevalence,0.00543380281608906
NbyGQVwzFc_loc12_loop6,12,ITN 0%/IRS 0%/Larvicide 0%,0;0.4;0.4_0;0;0_0;0;0_-100;2;5475_-100;2;5475_-100;2;5475,24.558904109589,Prevalence,0.00543483217504456
NbyGQVwzFc_loc12_loop6,12,ITN 0%/IRS 0%/Larvicide 0%,0;0.4;0.4_0;0;0_0;0;0_-100;2;5475_-100;2;5475_-100;2;5475,24.5616438356164,Prevalence,0.00543587356313914
NbyGQVwzFc_loc12_loop6,12,ITN 0%/IRS 0%/Larvicide 0%,0;0.4;0.4_0;0;0_0;0;0_-100;2;5475_-100;2;5475_-100;2;5475,24.5643835616438,Prevalence,0.00543692692291379
NbyGQVwzFc_loc12_loop6,12,ITN 0%/IRS 0%/Larvicide 0%,0;0.4;0.4_0;0;0_0;0;0_-100;2;5475_-100;2;5475_-100;2;5475,24.5671232876712,Prevalence,0.00543799219734329
NbyGQVwzFc_loc12_loop6,12,ITN 0%/IRS 0%/Larvicide 0%,0;0.4;0.4_0;0;0_0;0;0_-100;2;5475_-100;2;5475_-100;2;5475,24.5698630136986,Prevalence,0.00543906932983299
NbyGQVwzFc_loc12_loop6,12,ITN 0%/IRS 0%/Larvicide 0%,0;0.4;0.4_0;0;0_0;0;0_-100;2;5475_-100;2;5475_-100;2;5475,24.572602739726,Prevalence,0.00544015826421563
NbyGQVwzFc_loc12_loop6,12,ITN 0%/IRS 0%/Larvicide 0%,0;0.4;0.4_0;0;0_0;0;0_-100;2;5475_-100;2;5475_-100;2;5475,24.5753424657534,Prevalence,0.00544125894474818
NbyGQVwzFc_loc12_loop6,12,ITN 0%/IRS 0%/Larvicide 0%,0;0.4;0.4_0;0;0_0;0;0_-100;2;5475_-100;2;5475_-100;2;5475,24.5780821917808,Prevalence,0.00544237131610866
NbyGQVwzFc_loc12_loop6,12,ITN 0%/IRS 0%/Larvicide 0%,0;0.4;0.4_0;0;0_0;0;0_-100;2;5475_-100;2;5475_-100;2;5475,24.5808219178082,Prevalence,0.00544349532339299
NbyGQVwzFc_loc12_loop6,12,ITN 0%/IRS 0%/Larvicide 0%,0;0.4;0.4_0;0;0_0;0;0_-100;2;5475_-100;2;5475_-100;2;5475,24.5835616438356,Prevalence,0.00544463091211194
NbyGQVwzFc_loc12_loop6,12,ITN 0%/IRS 0%/Larvicide 0%,0;0.4;0.4_0;0;0_0;0;0_-100;2;5475_-100;2;5475_-100;2;5475,24.586301369863,Prevalence,0.00544577802818792
NbyGQVwzFc_loc12_loop6,12,ITN 0%/IRS 0%/Larvicide 0%,0;0.4;0.4_0;0;0_0;0;0_-100;2;5475_-100;2;5475_-100;2;5475,24.5890410958904,Prevalence,0.00544693661795199
NbyGQVwzFc_loc12_loop6,12,ITN 0%/IRS 0%/Larvicide 0%,0;0.4;0.4_0;0;0_0;0;0_-100;2;5475_-100;2;5475_-100;2;5475,24.5917808219178,Prevalence,0.00544810662814072
NbyGQVwzFc_loc12_loop6,12,ITN 0%/IRS 0%/Larvicide 0%,0;0.4;0.4_0;0;0_0;0;0_-100;2;5475_-100;2;5475_-100;2;5475,24.5945205479452,Prevalence,0.00544928800589322
NbyGQVwzFc_loc12_loop6,12,ITN 0%/IRS 0%/Larvicide 0%,0;0.4;0.4_0;0;0_0;0;0_-100;2;5475_-100;2;5475_-100;2;5475,24.5972602739726,Prevalence,0.00545048069874803
NbyGQVwzFc_loc12_loop6,12,ITN 0%/IRS 0%/Larvicide 0%,0;0.4;0.4_0;0;0_0;0;0_-100;2;5475_-100;2;5475_-100;2;5475,24.6,Prevalence,0.00545168465463986
NbyGQVwzFc_loc12_loop6,12,ITN 0%/IRS 0%/Larvicide 0%,0;0.4;0.4_0;0;0_0;0;0_-100;2;5475_-100;2;5475_-100;2;5475,24.6027397260274,Prevalence,0.00545289982189694
NbyGQVwzFc_loc12_loop6,12,ITN 0%/IRS 0%/Larvicide 0%,0;0.4;0.4_0;0;0_0;0;0_-100;2;5475_-100;2;5475_-100;2;5475,24.6054794520548,Prevalence,0.00545412614923824
NbyGQVwzFc_loc12_loop6,12,ITN 0%/IRS 0%/Larvicide 0%,0;0.4;0.4_0;0;0_0;0;0_-100;2;5475_-100;2;5475_-100;2;5475,24.6082191780822,Prevalence,0.00545536358577034
NbyGQVwzFc_loc12_loop6,12,ITN 0%/IRS 0%/Larvicide 0%,0;0.4;0.4_0;0;0_0;0;0_-100;2;5475_-100;2;5475_-100;2;5475,24.6109589041096,Prevalence,0.00545661208098446
NbyGQVwzFc_loc12_loop6,12,ITN 0%/IRS 0%/Larvicide 0%,0;0.4;0.4_0;0;0_0;0;0_-100;2;5475_-100;2;5475_-100;2;5475,24.613698630137,Prevalence,0.00545787158475351
NbyGQVwzFc_loc12_loop6,12,ITN 0%/IRS 0%/Larvicide 0%,0;0.4;0.4_0;0;0_0;0;0_-100;2;5475_-100;2;5475_-100;2;5475,24.6164383561644,Prevalence,0.00545914204732924
NbyGQVwzFc_loc12_loop6,12,ITN 0%/IRS 0%/Larvicide 0%,0;0.4;0.4_0;0;0_0;0;0_-100;2;5475_-100;2;5475_-100;2;5475,24.6191780821918,Prevalence,0.00546042341933938
NbyGQVwzFc_loc12_loop6,12,ITN 0%/IRS 0%/Larvicide 0%,0;0.4;0.4_0;0;0_0;0;0_-100;2;5475_-100;2;5475_-100;2;5475,24.6219178082192,Prevalence,0.00546171565178472
NbyGQVwzFc_loc12_loop6,12,ITN 0%/IRS 0%/Larvicide 0%,0;0.4;0.4_0;0;0_0;0;0_-100;2;5475_-100;2;5475_-100;2;5475,24.6246575342466,Prevalence,0.00546301869603633
NbyGQVwzFc_loc12_loop6,12,ITN 0%/IRS 0%/Larvicide 0%,0;0.4;0.4_0;0;0_0;0;0_-100;2;5475_-100;2;5475_-100;2;5475,24.627397260274,Prevalence,0.00546433250383278
NbyGQVwzFc_loc12_loop6,12,ITN 0%/IRS 0%/Larvicide 0%,0;0.4;0.4_0;0;0_0;0;0_-100;2;5475_-100;2;5475_-100;2;5475,24.6301369863014,Prevalence,0.00546565702727723
NbyGQVwzFc_loc12_loop6,12,ITN 0%/IRS 0%/Larvicide 0%,0;0.4;0.4_0;0;0_0;0;0_-100;2;5475_-100;2;5475_-100;2;5475,24.6328767123288,Prevalence,0.00546699221883478
NbyGQVwzFc_loc12_loop6,12,ITN 0%/IRS 0%/Larvicide 0%,0;0.4;0.4_0;0;0_0;0;0_-100;2;5475_-100;2;5475_-100;2;5475,24.6356164383562,Prevalence,0.00546833803132963
NbyGQVwzFc_loc12_loop6,12,ITN 0%/IRS 0%/Larvicide 0%,0;0.4;0.4_0;0;0_0;0;0_-100;2;5475_-100;2;5475_-100;2;5475,24.6383561643836,Prevalence,0.00546969441794241
NbyGQVwzFc_loc12_loop6,12,ITN 0%/IRS 0%/Larvicide 0%,0;0.4;0.4_0;0;0_0;0;0_-100;2;5475_-100;2;5475_-100;2;5475,24.641095890411,Prevalence,0.0054710613322074
NbyGQVwzFc_loc12_loop6,12,ITN 0%/IRS 0%/Larvicide 0%,0;0.4;0.4_0;0;0_0;0;0_-100;2;5475_-100;2;5475_-100;2;5475,24.6438356164384,Prevalence,0.00547243872800989
NbyGQVwzFc_loc12_loop6,12,ITN 0%/IRS 0%/Larvicide 0%,0;0.4;0.4_0;0;0_0;0;0_-100;2;5475_-100;2;5475_-100;2;5475,24.6465753424658,Prevalence,0.00547382655958346
NbyGQVwzFc_loc12_loop6,12,ITN 0%/IRS 0%/Larvicide 0%,0;0.4;0.4_0;0;0_0;0;0_-100;2;5475_-100;2;5475_-100;2;5475,24.6493150684932,Prevalence,0.00547522478150715
NbyGQVwzFc_loc12_loop6,12,ITN 0%/IRS 0%/Larvicide 0%,0;0.4;0.4_0;0;0_0;0;0_-100;2;5475_-100;2;5475_-100;2;5475,24.6520547945206,Prevalence,0.00547663334870301
NbyGQVwzFc_loc12_loop6,12,ITN 0%/IRS 0%/Larvicide 0%,0;0.4;0.4_0;0;0_0;0;0_-100;2;5475_-100;2;5475_-100;2;5475,24.6547945205479,Prevalence,0.0054780522164338
NbyGQVwzFc_loc12_loop6,12,ITN 0%/IRS 0%/Larvicide 0%,0;0.4;0.4_0;0;0_0;0;0_-100;2;5475_-100;2;5475_-100;2;5475,24.6575342465753,Prevalence,0.00547948134030009
NbyGQVwzFc_loc12_loop6,12,ITN 0%/IRS 0%/Larvicide 0%,0;0.4;0.4_0;0;0_0;0;0_-100;2;5475_-100;2;5475_-100;2;5475,24.6602739726027,Prevalence,0.00548092067623767
NbyGQVwzFc_loc12_loop6,12,ITN 0%/IRS 0%/Larvicide 0%,0;0.4;0.4_0;0;0_0;0;0_-100;2;5475_-100;2;5475_-100;2;5475,24.6630136986301,Prevalence,0.00548237018051502
NbyGQVwzFc_loc12_loop6,12,ITN 0%/IRS 0%/Larvicide 0%,0;0.4;0.4_0;0;0_0;0;0_-100;2;5475_-100;2;5475_-100;2;5475,24.6657534246575,Prevalence,0.00548382980973072
NbyGQVwzFc_loc12_loop6,12,ITN 0%/IRS 0%/Larvicide 0%,0;0.4;0.4_0;0;0_0;0;0_-100;2;5475_-100;2;5475_-100;2;5475,24.6684931506849,Prevalence,0.00548529952081096
NbyGQVwzFc_loc12_loop6,12,ITN 0%/IRS 0%/Larvicide 0%,0;0.4;0.4_0;0;0_0;0;0_-100;2;5475_-100;2;5475_-100;2;5475,24.6712328767123,Prevalence,0.00548677927100703
NbyGQVwzFc_loc12_loop6,12,ITN 0%/IRS 0%/Larvicide 0%,0;0.4;0.4_0;0;0_0;0;0_-100;2;5475_-100;2;5475_-100;2;5475,24.6739726027397,Prevalence,0.00548826901789281
NbyGQVwzFc_loc12_loop6,12,ITN 0%/IRS 0%/Larvicide 0%,0;0.4;0.4_0;0;0_0;0;0_-100;2;5475_-100;2;5475_-100;2;5475,24.6767123287671,Prevalence,0.00548976871936231
NbyGQVwzFc_loc12_loop6,12,ITN 0%/IRS 0%/Larvicide 0%,0;0.4;0.4_0;0;0_0;0;0_-100;2;5475_-100;2;5475_-100;2;5475,24.6794520547945,Prevalence,0.00549127833362721
NbyGQVwzFc_loc12_loop6,12,ITN 0%/IRS 0%/Larvicide 0%,0;0.4;0.4_0;0;0_0;0;0_-100;2;5475_-100;2;5475_-100;2;5475,24.6821917808219,Prevalence,0.00549279781921445
NbyGQVwzFc_loc12_loop6,12,ITN 0%/IRS 0%/Larvicide 0%,0;0.4;0.4_0;0;0_0;0;0_-100;2;5475_-100;2;5475_-100;2;5475,24.6849315068493,Prevalence,0.00549432713496377
NbyGQVwzFc_loc12_loop6,12,ITN 0%/IRS 0%/Larvicide 0%,0;0.4;0.4_0;0;0_0;0;0_-100;2;5475_-100;2;5475_-100;2;5475,24.6876712328767,Prevalence,0.00549586624002535
NbyGQVwzFc_loc12_loop6,12,ITN 0%/IRS 0%/Larvicide 0%,0;0.4;0.4_0;0;0_0;0;0_-100;2;5475_-100;2;5475_-100;2;5475,24.6904109589041,Prevalence,0.00549741509385739
NbyGQVwzFc_loc12_loop6,12,ITN 0%/IRS 0%/Larvicide 0%,0;0.4;0.4_0;0;0_0;0;0_-100;2;5475_-100;2;5475_-100;2;5475,24.6931506849315,Prevalence,0.00549897365622379
NbyGQVwzFc_loc12_loop6,12,ITN 0%/IRS 0%/Larvicide 0%,0;0.4;0.4_0;0;0_0;0;0_-100;2;5475_-100;2;5475_-100;2;5475,24.6958904109589,Prevalence,0.00550054188719176
NbyGQVwzFc_loc12_loop6,12,ITN 0%/IRS 0%/Larvicide 0%,0;0.4;0.4_0;0;0_0;0;0_-100;2;5475_-100;2;5475_-100;2;5475,24.6986301369863,Prevalence,0.00550211974712943
NbyGQVwzFc_loc12_loop6,12,ITN 0%/IRS 0%/Larvicide 0%,0;0.4;0.4_0;0;0_0;0;0_-100;2;5475_-100;2;5475_-100;2;5475,24.7013698630137,Prevalence,0.00550370719670346
NbyGQVwzFc_loc12_loop6,12,ITN 0%/IRS 0%/Larvicide 0%,0;0.4;0.4_0;0;0_0;0;0_-100;2;5475_-100;2;5475_-100;2;5475,24.7041095890411,Prevalence,0.00550530419687722
NbyGQVwzFc_loc12_loop6,12,ITN 0%/IRS 0%/Larvicide 0%,0;0.4;0.4_0;0;0_0;0;0_-100;2;5475_-100;2;5475_-100;2;5475,24.7068493150685,Prevalence,0.00550691070890824
NbyGQVwzFc_loc12_loop6,12,ITN 0%/IRS 0%/Larvicide 0%,0;0.4;0.4_0;0;0_0;0;0_-100;2;5475_-100;2;5475_-100;2;5475,24.7095890410959,Prevalence,0.00550852669434592
NbyGQVwzFc_loc12_loop6,12,ITN 0%/IRS 0%/Larvicide 0%,0;0.4;0.4_0;0;0_0;0;0_-100;2;5475_-100;2;5475_-100;2;5475,24.7123287671233,Prevalence,0.0055101521150292
NbyGQVwzFc_loc12_loop6,12,ITN 0%/IRS 0%/Larvicide 0%,0;0.4;0.4_0;0;0_0;0;0_-100;2;5475_-100;2;5475_-100;2;5475,24.7150684931507,Prevalence,0.00551178693308444
NbyGQVwzFc_loc12_loop6,12,ITN 0%/IRS 0%/Larvicide 0%,0;0.4;0.4_0;0;0_0;0;0_-100;2;5475_-100;2;5475_-100;2;5475,24.7178082191781,Prevalence,0.00551343111092314
NbyGQVwzFc_loc12_loop6,12,ITN 0%/IRS 0%/Larvicide 0%,0;0.4;0.4_0;0;0_0;0;0_-100;2;5475_-100;2;5475_-100;2;5475,24.7205479452055,Prevalence,0.00551508461123972
NbyGQVwzFc_loc12_loop6,12,ITN 0%/IRS 0%/Larvicide 0%,0;0.4;0.4_0;0;0_0;0;0_-100;2;5475_-100;2;5475_-100;2;5475,24.7232876712329,Prevalence,0.00551674739700939
NbyGQVwzFc_loc12_loop6,12,ITN 0%/IRS 0%/Larvicide 0%,0;0.4;0.4_0;0;0_0;0;0_-100;2;5475_-100;2;5475_-100;2;5475,24.7260273972603,Prevalence,0.00551841943148595
NbyGQVwzFc_loc12_loop6,12,ITN 0%/IRS 0%/Larvicide 0%,0;0.4;0.4_0;0;0_0;0;0_-100;2;5475_-100;2;5475_-100;2;5475,24.7287671232877,Prevalence,0.00552010067819963
NbyGQVwzFc_loc12_loop6,12,ITN 0%/IRS 0%/Larvicide 0%,0;0.4;0.4_0;0;0_0;0;0_-100;2;5475_-100;2;5475_-100;2;5475,24.7315068493151,Prevalence,0.00552179110095498
NbyGQVwzFc_loc12_loop6,12,ITN 0%/IRS 0%/Larvicide 0%,0;0.4;0.4_0;0;0_0;0;0_-100;2;5475_-100;2;5475_-100;2;5475,24.7342465753425,Prevalence,0.00552349066382874
NbyGQVwzFc_loc12_loop6,12,ITN 0%/IRS 0%/Larvicide 0%,0;0.4;0.4_0;0;0_0;0;0_-100;2;5475_-100;2;5475_-100;2;5475,24.7369863013699,Prevalence,0.00552519933116769
NbyGQVwzFc_loc12_loop6,12,ITN 0%/IRS 0%/Larvicide 0%,0;0.4;0.4_0;0;0_0;0;0_-100;2;5475_-100;2;5475_-100;2;5475,24.7397260273973,Prevalence,0.00552691706758662
NbyGQVwzFc_loc12_loop6,12,ITN 0%/IRS 0%/Larvicide 0%,0;0.4;0.4_0;0;0_0;0;0_-100;2;5475_-100;2;5475_-100;2;5475,24.7424657534247,Prevalence,0.00552864383796625
NbyGQVwzFc_loc12_loop6,12,ITN 0%/IRS 0%/Larvicide 0%,0;0.4;0.4_0;0;0_0;0;0_-100;2;5475_-100;2;5475_-100;2;5475,24.7452054794521,Prevalence,0.00553037960745108
NbyGQVwzFc_loc12_loop6,12,ITN 0%/IRS 0%/Larvicide 0%,0;0.4;0.4_0;0;0_0;0;0_-100;2;5475_-100;2;5475_-100;2;5475,24.7479452054795,Prevalence,0.0055321243414475
NbyGQVwzFc_loc12_loop6,12,ITN 0%/IRS 0%/Larvicide 0%,0;0.4;0.4_0;0;0_0;0;0_-100;2;5475_-100;2;5475_-100;2;5475,24.7506849315069,Prevalence,0.00553387800562149
NbyGQVwzFc_loc12_loop6,12,ITN 0%/IRS 0%/Larvicide 0%,0;0.4;0.4_0;0;0_0;0;0_-100;2;5475_-100;2;5475_-100;2;5475,24.7534246575342,Prevalence,0.00553564056589686
NbyGQVwzFc_loc12_loop6,12,ITN 0%/IRS 0%/Larvicide 0%,0;0.4;0.4_0;0;0_0;0;0_-100;2;5475_-100;2;5475_-100;2;5475,24.7561643835616,Prevalence,0.00553741198845343
NbyGQVwzFc_loc12_loop6,12,ITN 0%/IRS 0%/Larvicide 0%,0;0.4;0.4_0;0;0_0;0;0_-100;2;5475_-100;2;5475_-100;2;5475,24.758904109589,Prevalence,0.00553919223972479
NbyGQVwzFc_loc12_loop6,12,ITN 0%/IRS 0%/Larvicide 0%,0;0.4;0.4_0;0;0_0;0;0_-100;2;5475_-100;2;5475_-100;2;5475,24.7616438356164,Prevalence,0.00554098128639632
NbyGQVwzFc_loc12_loop6,12,ITN 0%/IRS 0%/Larvicide 0%,0;0.4;0.4_0;0;0_0;0;0_-100;2;5475_-100;2;5475_-100;2;5475,24.7643835616438,Prevalence,0.00554277909540328
NbyGQVwzFc_loc12_loop6,12,ITN 0%/IRS 0%/Larvicide 0%,0;0.4;0.4_0;0;0_0;0;0_-100;2;5475_-100;2;5475_-100;2;5475,24.7671232876712,Prevalence,0.00554458563392878
NbyGQVwzFc_loc12_loop6,12,ITN 0%/IRS 0%/Larvicide 0%,0;0.4;0.4_0;0;0_0;0;0_-100;2;5475_-100;2;5475_-100;2;5475,24.7698630136986,Prevalence,0.00554640086940192
NbyGQVwzFc_loc12_loop6,12,ITN 0%/IRS 0%/Larvicide 0%,0;0.4;0.4_0;0;0_0;0;0_-100;2;5475_-100;2;5475_-100;2;5475,24.772602739726,Prevalence,0.00554822476949584
NbyGQVwzFc_loc12_loop6,12,ITN 0%/IRS 0%/Larvicide 0%,0;0.4;0.4_0;0;0_0;0;0_-100;2;5475_-100;2;5475_-100;2;5475,24.7753424657534,Prevalence,0.00555005730212582
NbyGQVwzFc_loc12_loop6,12,ITN 0%/IRS 0%/Larvicide 0%,0;0.4;0.4_0;0;0_0;0;0_-100;2;5475_-100;2;5475_-100;2;5475,24.7780821917808,Prevalence,0.00555189843544738
NbyGQVwzFc_loc12_loop6,12,ITN 0%/IRS 0%/Larvicide 0%,0;0.4;0.4_0;0;0_0;0;0_-100;2;5475_-100;2;5475_-100;2;5475,24.7808219178082,Prevalence,0.00555374813785447
NbyGQVwzFc_loc12_loop6,12,ITN 0%/IRS 0%/Larvicide 0%,0;0.4;0.4_0;0;0_0;0;0_-100;2;5475_-100;2;5475_-100;2;5475,24.7835616438356,Prevalence,0.00555560637797749
NbyGQVwzFc_loc12_loop6,12,ITN 0%/IRS 0%/Larvicide 0%,0;0.4;0.4_0;0;0_0;0;0_-100;2;5475_-100;2;5475_-100;2;5475,24.786301369863,Prevalence,0.00555747312468155
NbyGQVwzFc_loc12_loop6,12,ITN 0%/IRS 0%/Larvicide 0%,0;0.4;0.4_0;0;0_0;0;0_-100;2;5475_-100;2;5475_-100;2;5475,24.7890410958904,Prevalence,0.00555934834706457
NbyGQVwzFc_loc12_loop6,12,ITN 0%/IRS 0%/Larvicide 0%,0;0.4;0.4_0;0;0_0;0;0_-100;2;5475_-100;2;5475_-100;2;5475,24.7917808219178,Prevalence,0.00556123201445549
NbyGQVwzFc_loc12_loop6,12,ITN 0%/IRS 0%/Larvicide 0%,0;0.4;0.4_0;0;0_0;0;0_-100;2;5475_-100;2;5475_-100;2;5475,24.7945205479452,Prevalence,0.00556312409641246
NbyGQVwzFc_loc12_loop6,12,ITN 0%/IRS 0%/Larvicide 0%,0;0.4;0.4_0;0;0_0;0;0_-100;2;5475_-100;2;5475_-100;2;5475,24.7972602739726,Prevalence,0.00556502456272101
NbyGQVwzFc_loc12_loop6,12,ITN 0%/IRS 0%/Larvicide 0%,0;0.4;0.4_0;0;0_0;0;0_-100;2;5475_-100;2;5475_-100;2;5475,24.8,Prevalence,0.00556693338339232
NbyGQVwzFc_loc12_loop6,12,ITN 0%/IRS 0%/Larvicide 0%,0;0.4;0.4_0;0;0_0;0;0_-100;2;5475_-100;2;5475_-100;2;5475,24.8027397260274,Prevalence,0.00556885052866138
NbyGQVwzFc_loc12_loop6,12,ITN 0%/IRS 0%/Larvicide 0%,0;0.4;0.4_0;0;0_0;0;0_-100;2;5475_-100;2;5475_-100;2;5475,24.8054794520548,Prevalence,0.00557077596898527
NbyGQVwzFc_loc12_loop6,12,ITN 0%/IRS 0%/Larvicide 0%,0;0.4;0.4_0;0;0_0;0;0_-100;2;5475_-100;2;5475_-100;2;5475,24.8082191780822,Prevalence,0.0055727096750417
NbyGQVwzFc_loc12_loop6,12,ITN 0%/IRS 0%/Larvicide 0%,0;0.4;0.4_0;0;0_0;0;0_-100;2;5475_-100;2;5475_-100;2;5475,24.8109589041096,Prevalence,0.00557465161772702
NbyGQVwzFc_loc12_loop6,12,ITN 0%/IRS 0%/Larvicide 0%,0;0.4;0.4_0;0;0_0;0;0_-100;2;5475_-100;2;5475_-100;2;5475,24.813698630137,Prevalence,0.00557660176815448
NbyGQVwzFc_loc12_loop6,12,ITN 0%/IRS 0%/Larvicide 0%,0;0.4;0.4_0;0;0_0;0;0_-100;2;5475_-100;2;5475_-100;2;5475,24.8164383561644,Prevalence,0.00557856009765257
NbyGQVwzFc_loc12_loop6,12,ITN 0%/IRS 0%/Larvicide 0%,0;0.4;0.4_0;0;0_0;0;0_-100;2;5475_-100;2;5475_-100;2;5475,24.8191780821918,Prevalence,0.00558052657776327
NbyGQVwzFc_loc12_loop6,12,ITN 0%/IRS 0%/Larvicide 0%,0;0.4;0.4_0;0;0_0;0;0_-100;2;5475_-100;2;5475_-100;2;5475,24.8219178082192,Prevalence,0.00558250118024037
NbyGQVwzFc_loc12_loop6,12,ITN 0%/IRS 0%/Larvicide 0%,0;0.4;0.4_0;0;0_0;0;0_-100;2;5475_-100;2;5475_-100;2;5475,24.8246575342466,Prevalence,0.00558448387704786
NbyGQVwzFc_loc12_loop6,12,ITN 0%/IRS 0%/Larvicide 0%,0;0.4;0.4_0;0;0_0;0;0_-100;2;5475_-100;2;5475_-100;2;5475,24.827397260274,Prevalence,0.00558647464035821
NbyGQVwzFc_loc12_loop6,12,ITN 0%/IRS 0%/Larvicide 0%,0;0.4;0.4_0;0;0_0;0;0_-100;2;5475_-100;2;5475_-100;2;5475,24.8301369863014,Prevalence,0.00558847344255074
NbyGQVwzFc_loc12_loop6,12,ITN 0%/IRS 0%/Larvicide 0%,0;0.4;0.4_0;0;0_0;0;0_-100;2;5475_-100;2;5475_-100;2;5475,24.8328767123288,Prevalence,0.00559048025621
NbyGQVwzFc_loc12_loop6,12,ITN 0%/IRS 0%/Larvicide 0%,0;0.4;0.4_0;0;0_0;0;0_-100;2;5475_-100;2;5475_-100;2;5475,24.8356164383562,Prevalence,0.00559249505412416
NbyGQVwzFc_loc12_loop6,12,ITN 0%/IRS 0%/Larvicide 0%,0;0.4;0.4_0;0;0_0;0;0_-100;2;5475_-100;2;5475_-100;2;5475,24.8383561643836,Prevalence,0.00559451780928336
NbyGQVwzFc_loc12_loop6,12,ITN 0%/IRS 0%/Larvicide 0%,0;0.4;0.4_0;0;0_0;0;0_-100;2;5475_-100;2;5475_-100;2;5475,24.841095890411,Prevalence,0.00559654849487814
NbyGQVwzFc_loc12_loop6,12,ITN 0%/IRS 0%/Larvicide 0%,0;0.4;0.4_0;0;0_0;0;0_-100;2;5475_-100;2;5475_-100;2;5475,24.8438356164384,Prevalence,0.00559858708429786
NbyGQVwzFc_loc12_loop6,12,ITN 0%/IRS 0%/Larvicide 0%,0;0.4;0.4_0;0;0_0;0;0_-100;2;5475_-100;2;5475_-100;2;5475,24.8465753424658,Prevalence,0.0056006335511291
NbyGQVwzFc_loc12_loop6,12,ITN 0%/IRS 0%/Larvicide 0%,0;0.4;0.4_0;0;0_0;0;0_-100;2;5475_-100;2;5475_-100;2;5475,24.8493150684932,Prevalence,0.00560268786915411
NbyGQVwzFc_loc12_loop6,12,ITN 0%/IRS 0%/Larvicide 0%,0;0.4;0.4_0;0;0_0;0;0_-100;2;5475_-100;2;5475_-100;2;5475,24.8520547945206,Prevalence,0.00560475001234927
NbyGQVwzFc_loc12_loop6,12,ITN 0%/IRS 0%/Larvicide 0%,0;0.4;0.4_0;0;0_0;0;0_-100;2;5475_-100;2;5475_-100;2;5475,24.8547945205479,Prevalence,0.00560681995488353
NbyGQVwzFc_loc12_loop6,12,ITN 0%/IRS 0%/Larvicide 0%,0;0.4;0.4_0;0;0_0;0;0_-100;2;5475_-100;2;5475_-100;2;5475,24.8575342465753,Prevalence,0.00560889767111686
NbyGQVwzFc_loc12_loop6,12,ITN 0%/IRS 0%/Larvicide 0%,0;0.4;0.4_0;0;0_0;0;0_-100;2;5475_-100;2;5475_-100;2;5475,24.8602739726027,Prevalence,0.00561098313559895
NbyGQVwzFc_loc12_loop6,12,ITN 0%/IRS 0%/Larvicide 0%,0;0.4;0.4_0;0;0_0;0;0_-100;2;5475_-100;2;5475_-100;2;5475,24.8630136986301,Prevalence,0.00561307632306763
NbyGQVwzFc_loc12_loop6,12,ITN 0%/IRS 0%/Larvicide 0%,0;0.4;0.4_0;0;0_0;0;0_-100;2;5475_-100;2;5475_-100;2;5475,24.8657534246575,Prevalence,0.00561517720844726
NbyGQVwzFc_loc12_loop6,12,ITN 0%/IRS 0%/Larvicide 0%,0;0.4;0.4_0;0;0_0;0;0_-100;2;5475_-100;2;5475_-100;2;5475,24.8684931506849,Prevalence,0.00561728576684725
NbyGQVwzFc_loc12_loop6,12,ITN 0%/IRS 0%/Larvicide 0%,0;0.4;0.4_0;0;0_0;0;0_-100;2;5475_-100;2;5475_-100;2;5475,24.8712328767123,Prevalence,0.00561940197356057
NbyGQVwzFc_loc12_loop6,12,ITN 0%/IRS 0%/Larvicide 0%,0;0.4;0.4_0;0;0_0;0;0_-100;2;5475_-100;2;5475_-100;2;5475,24.8739726027397,Prevalence,0.00562152580406232
NbyGQVwzFc_loc12_loop6,12,ITN 0%/IRS 0%/Larvicide 0%,0;0.4;0.4_0;0;0_0;0;0_-100;2;5475_-100;2;5475_-100;2;5475,24.8767123287671,Prevalence,0.00562365723400825
NbyGQVwzFc_loc12_loop6,12,ITN 0%/IRS 0%/Larvicide 0%,0;0.4;0.4_0;0;0_0;0;0_-100;2;5475_-100;2;5475_-100;2;5475,24.8794520547945,Prevalence,0.00562579623923331
NbyGQVwzFc_loc12_loop6,12,ITN 0%/IRS 0%/Larvicide 0%,0;0.4;0.4_0;0;0_0;0;0_-100;2;5475_-100;2;5475_-100;2;5475,24.8821917808219,Prevalence,0.00562794279575023
NbyGQVwzFc_loc12_loop6,12,ITN 0%/IRS 0%/Larvicide 0%,0;0.4;0.4_0;0;0_0;0;0_-100;2;5475_-100;2;5475_-100;2;5475,24.8849315068493,Prevalence,0.00563009687974813
NbyGQVwzFc_loc12_loop6,12,ITN 0%/IRS 0%/Larvicide 0%,0;0.4;0.4_0;0;0_0;0;0_-100;2;5475_-100;2;5475_-100;2;5475,24.8876712328767,Prevalence,0.00563225846759103
NbyGQVwzFc_loc12_loop6,12,ITN 0%/IRS 0%/Larvicide 0%,0;0.4;0.4_0;0;0_0;0;0_-100;2;5475_-100;2;5475_-100;2;5475,24.8904109589041,Prevalence,0.00563442753581652
NbyGQVwzFc_loc12_loop6,12,ITN 0%/IRS 0%/Larvicide 0%,0;0.4;0.4_0;0;0_0;0;0_-100;2;5475_-100;2;5475_-100;2;5475,24.8931506849315,Prevalence,0.00563660406113437
NbyGQVwzFc_loc12_loop6,12,ITN 0%/IRS 0%/Larvicide 0%,0;0.4;0.4_0;0;0_0;0;0_-100;2;5475_-100;2;5475_-100;2;5475,24.8958904109589,Prevalence,0.00563878802042507
NbyGQVwzFc_loc12_loop6,12,ITN 0%/IRS 0%/Larvicide 0%,0;0.4;0.4_0;0;0_0;0;0_-100;2;5475_-100;2;5475_-100;2;5475,24.8986301369863,Prevalence,0.00564097939073856
NbyGQVwzFc_loc12_loop6,12,ITN 0%/IRS 0%/Larvicide 0%,0;0.4;0.4_0;0;0_0;0;0_-100;2;5475_-100;2;5475_-100;2;5475,24.9013698630137,Prevalence,0.0056431781492928
NbyGQVwzFc_loc12_loop6,12,ITN 0%/IRS 0%/Larvicide 0%,0;0.4;0.4_0;0;0_0;0;0_-100;2;5475_-100;2;5475_-100;2;5475,24.9041095890411,Prevalence,0.00564538427347244
NbyGQVwzFc_loc12_loop6,12,ITN 0%/IRS 0%/Larvicide 0%,0;0.4;0.4_0;0;0_0;0;0_-100;2;5475_-100;2;5475_-100;2;5475,24.9068493150685,Prevalence,0.00564759774082751
NbyGQVwzFc_loc12_loop6,12,ITN 0%/IRS 0%/Larvicide 0%,0;0.4;0.4_0;0;0_0;0;0_-100;2;5475_-100;2;5475_-100;2;5475,24.9095890410959,Prevalence,0.00564981852907202
NbyGQVwzFc_loc12_loop6,12,ITN 0%/IRS 0%/Larvicide 0%,0;0.4;0.4_0;0;0_0;0;0_-100;2;5475_-100;2;5475_-100;2;5475,24.9123287671233,Prevalence,0.00565204661608274
NbyGQVwzFc_loc12_loop6,12,ITN 0%/IRS 0%/Larvicide 0%,0;0.4;0.4_0;0;0_0;0;0_-100;2;5475_-100;2;5475_-100;2;5475,24.9150684931507,Prevalence,0.00565428197989798
NbyGQVwzFc_loc12_loop6,12,ITN 0%/IRS 0%/Larvicide 0%,0;0.4;0.4_0;0;0_0;0;0_-100;2;5475_-100;2;5475_-100;2;5475,24.9178082191781,Prevalence,0.00565652459871624
NbyGQVwzFc_loc12_loop6,12,ITN 0%/IRS 0%/Larvicide 0%,0;0.4;0.4_0;0;0_0;0;0_-100;2;5475_-100;2;5475_-100;2;5475,24.9205479452055,Prevalence,0.00565877445089482
NbyGQVwzFc_loc12_loop6,12,ITN 0%/IRS 0%/Larvicide 0%,0;0.4;0.4_0;0;0_0;0;0_-100;2;5475_-100;2;5475_-100;2;5475,24.9232876712329,Prevalence,0.00566103151494851
NbyGQVwzFc_loc12_loop6,12,ITN 0%/IRS 0%/Larvicide 0%,0;0.4;0.4_0;0;0_0;0;0_-100;2;5475_-100;2;5475_-100;2;5475,24.9260273972603,Prevalence,0.00566329576954836
NbyGQVwzFc_loc12_loop6,12,ITN 0%/IRS 0%/Larvicide 0%,0;0.4;0.4_0;0;0_0;0;0_-100;2;5475_-100;2;5475_-100;2;5475,24.9287671232877,Prevalence,0.00566556719352042
NbyGQVwzFc_loc12_loop6,12,ITN 0%/IRS 0%/Larvicide 0%,0;0.4;0.4_0;0;0_0;0;0_-100;2;5475_-100;2;5475_-100;2;5475,24.9315068493151,Prevalence,0.00566784576584439
NbyGQVwzFc_loc12_loop6,12,ITN 0%/IRS 0%/Larvicide 0%,0;0.4;0.4_0;0;0_0;0;0_-100;2;5475_-100;2;5475_-100;2;5475,24.9342465753425,Prevalence,0.00567013146565251
NbyGQVwzFc_loc12_loop6,12,ITN 0%/IRS 0%/Larvicide 0%,0;0.4;0.4_0;0;0_0;0;0_-100;2;5475_-100;2;5475_-100;2;5475,24.9369863013699,Prevalence,0.00567242427222824
NbyGQVwzFc_loc12_loop6,12,ITN 0%/IRS 0%/Larvicide 0%,0;0.4;0.4_0;0;0_0;0;0_-100;2;5475_-100;2;5475_-100;2;5475,24.9397260273973,Prevalence,0.00567472416500502
NbyGQVwzFc_loc12_loop6,12,ITN 0%/IRS 0%/Larvicide 0%,0;0.4;0.4_0;0;0_0;0;0_-100;2;5475_-100;2;5475_-100;2;5475,24.9424657534247,Prevalence,0.00567703112356512
NbyGQVwzFc_loc12_loop6,12,ITN 0%/IRS 0%/Larvicide 0%,0;0.4;0.4_0;0;0_0;0;0_-100;2;5475_-100;2;5475_-100;2;5475,24.9452054794521,Prevalence,0.00567934512763836
NbyGQVwzFc_loc12_loop6,12,ITN 0%/IRS 0%/Larvicide 0%,0;0.4;0.4_0;0;0_0;0;0_-100;2;5475_-100;2;5475_-100;2;5475,24.9479452054795,Prevalence,0.00568166615710095
NbyGQVwzFc_loc12_loop6,12,ITN 0%/IRS 0%/Larvicide 0%,0;0.4;0.4_0;0;0_0;0;0_-100;2;5475_-100;2;5475_-100;2;5475,24.9506849315069,Prevalence,0.00568399419197429
NbyGQVwzFc_loc12_loop6,12,ITN 0%/IRS 0%/Larvicide 0%,0;0.4;0.4_0;0;0_0;0;0_-100;2;5475_-100;2;5475_-100;2;5475,24.9534246575342,Prevalence,0.00568632921242377
NbyGQVwzFc_loc12_loop6,12,ITN 0%/IRS 0%/Larvicide 0%,0;0.4;0.4_0;0;0_0;0;0_-100;2;5475_-100;2;5475_-100;2;5475,24.9561643835616,Prevalence,0.00568867119875763
NbyGQVwzFc_loc12_loop6,12,ITN 0%/IRS 0%/Larvicide 0%,0;0.4;0.4_0;0;0_0;0;0_-100;2;5475_-100;2;5475_-100;2;5475,24.958904109589,Prevalence,0.00569102013142574
NbyGQVwzFc_loc12_loop6,12,ITN 0%/IRS 0%/Larvicide 0%,0;0.4;0.4_0;0;0_0;0;0_-100;2;5475_-100;2;5475_-100;2;5475,24.9616438356164,Prevalence,0.00569337599101849
NbyGQVwzFc_loc12_loop6,12,ITN 0%/IRS 0%/Larvicide 0%,0;0.4;0.4_0;0;0_0;0;0_-100;2;5475_-100;2;5475_-100;2;5475,24.9643835616438,Prevalence,0.00569573875826564
NbyGQVwzFc_loc12_loop6,12,ITN 0%/IRS 0%/Larvicide 0%,0;0.4;0.4_0;0;0_0;0;0_-100;2;5475_-100;2;5475_-100;2;5475,24.9671232876712,Prevalence,0.00569810841403512
NbyGQVwzFc_loc12_loop6,12,ITN 0%/IRS 0%/Larvicide 0%,0;0.4;0.4_0;0;0_0;0;0_-100;2;5475_-100;2;5475_-100;2;5475,24.9698630136986,Prevalence,0.00570048493933216
NbyGQVwzFc_loc12_loop6,12,ITN 0%/IRS 0%/Larvicide 0%,0;0.4;0.4_0;0;0_0;0;0_-100;2;5475_-100;2;5475_-100;2;5475,24.972602739726,Prevalence,0.00570286831529802
NbyGQVwzFc_loc12_loop6,12,ITN 0%/IRS 0%/Larvicide 0%,0;0.4;0.4_0;0;0_0;0;0_-100;2;5475_-100;2;5475_-100;2;5475,24.9753424657534,Prevalence,0.00570525852320882
NbyGQVwzFc_loc12_loop6,12,ITN 0%/IRS 0%/Larvicide 0%,0;0.4;0.4_0;0;0_0;0;0_-100;2;5475_-100;2;5475_-100;2;5475,24.9780821917808,Prevalence,0.00570765554447444
NbyGQVwzFc_loc12_loop6,12,ITN 0%/IRS 0%/Larvicide 0%,0;0.4;0.4_0;0;0_0;0;0_-100;2;5475_-100;2;5475_-100;2;5475,24.9808219178082,Prevalence,0.00571005936063736
NbyGQVwzFc_loc12_loop6,12,ITN 0%/IRS 0%/Larvicide 0%,0;0.4;0.4_0;0;0_0;0;0_-100;2;5475_-100;2;5475_-100;2;5475,24.9835616438356,Prevalence,0.00571246995337161
NbyGQVwzFc_loc12_loop6,12,ITN 0%/IRS 0%/Larvicide 0%,0;0.4;0.4_0;0;0_0;0;0_-100;2;5475_-100;2;5475_-100;2;5475,24.986301369863,Prevalence,0.00571488730448168
NbyGQVwzFc_loc12_loop6,12,ITN 0%/IRS 0%/Larvicide 0%,0;0.4;0.4_0;0;0_0;0;0_-100;2;5475_-100;2;5475_-100;2;5475,24.9890410958904,Prevalence,0.00571731139590145
NbyGQVwzFc_loc12_loop6,12,ITN 0%/IRS 0%/Larvicide 0%,0;0.4;0.4_0;0;0_0;0;0_-100;2;5475_-100;2;5475_-100;2;5475,24.9917808219178,Prevalence,0.0057197422096931
NbyGQVwzFc_loc12_loop6,12,ITN 0%/IRS 0%/Larvicide 0%,0;0.4;0.4_0;0;0_0;0;0_-100;2;5475_-100;2;5475_-100;2;5475,24.9945205479452,Prevalence,0.00572217972804607
NbyGQVwzFc_loc12_loop6,12,ITN 0%/IRS 0%/Larvicide 0%,0;0.4;0.4_0;0;0_0;0;0_-100;2;5475_-100;2;5475_-100;2;5475,24.9972602739726,Prevalence,0.00572462393327601
NbyGQVwzFc_loc12_loop6,12,ITN 0%/IRS 0%/Larvicide 0%,0;0.4;0.4_0;0;0_0;0;0_-100;2;5475_-100;2;5475_-100;2;5475,25,Prevalence,0.0057270748078237
NbyGQVwzFc_loc12_loop6,12,ITN 0%/IRS 0%/Larvicide 0%,0;0.4;0.4_0;0;0_0;0;0_-100;2;5475_-100;2;5475_-100;2;5475,25.0027397260274,Prevalence,0.00572953233425408
NbyGQVwzFc_loc12_loop6,12,ITN 0%/IRS 0%/Larvicide 0%,0;0.4;0.4_0;0;0_0;0;0_-100;2;5475_-100;2;5475_-100;2;5475,25.0054794520548,Prevalence,0.00573199649525515
NbyGQVwzFc_loc12_loop6,12,ITN 0%/IRS 0%/Larvicide 0%,0;0.4;0.4_0;0;0_0;0;0_-100;2;5475_-100;2;5475_-100;2;5475,25.0082191780822,Prevalence,0.00573446727363695
NbyGQVwzFc_loc12_loop6,12,ITN 0%/IRS 0%/Larvicide 0%,0;0.4;0.4_0;0;0_0;0;0_-100;2;5475_-100;2;5475_-100;2;5475,25.0109589041096,Prevalence,0.00573694465233064
NbyGQVwzFc_loc12_loop6,12,ITN 0%/IRS 0%/Larvicide 0%,0;0.4;0.4_0;0;0_0;0;0_-100;2;5475_-100;2;5475_-100;2;5475,25.013698630137,Prevalence,0.0057394286143874
NbyGQVwzFc_loc12_loop6,12,ITN 0%/IRS 0%/Larvicide 0%,0;0.4;0.4_0;0;0_0;0;0_-100;2;5475_-100;2;5475_-100;2;5475,25.0164383561644,Prevalence,0.00574191914297743
NbyGQVwzFc_loc12_loop6,12,ITN 0%/IRS 0%/Larvicide 0%,0;0.4;0.4_0;0;0_0;0;0_-100;2;5475_-100;2;5475_-100;2;5475,25.0191780821918,Prevalence,0.00574441622138902
NbyGQVwzFc_loc12_loop6,12,ITN 0%/IRS 0%/Larvicide 0%,0;0.4;0.4_0;0;0_0;0;0_-100;2;5475_-100;2;5475_-100;2;5475,25.0219178082192,Prevalence,0.00574691983302753
NbyGQVwzFc_loc12_loop6,12,ITN 0%/IRS 0%/Larvicide 0%,0;0.4;0.4_0;0;0_0;0;0_-100;2;5475_-100;2;5475_-100;2;5475,25.0246575342466,Prevalence,0.0057494299614144
NbyGQVwzFc_loc12_loop6,12,ITN 0%/IRS 0%/Larvicide 0%,0;0.4;0.4_0;0;0_0;0;0_-100;2;5475_-100;2;5475_-100;2;5475,25.027397260274,Prevalence,0.00575194659018643
NbyGQVwzFc_loc12_loop6,12,ITN 0%/IRS 0%/Larvicide 0%,0;0.4;0.4_0;0;0_0;0;0_-100;2;5475_-100;2;5475_-100;2;5475,25.0301369863014,Prevalence,0.00575446970309464
NbyGQVwzFc_loc12_loop6,12,ITN 0%/IRS 0%/Larvicide 0%,0;0.4;0.4_0;0;0_0;0;0_-100;2;5475_-100;2;5475_-100;2;5475,25.0328767123288,Prevalence,0.00575699928400322
NbyGQVwzFc_loc12_loop6,12,ITN 0%/IRS 0%/Larvicide 0%,0;0.4;0.4_0;0;0_0;0;0_-100;2;5475_-100;2;5475_-100;2;5475,25.0356164383562,Prevalence,0.00575953531689094
NbyGQVwzFc_loc12_loop6,12,ITN 0%/IRS 0%/Larvicide 0%,0;0.4;0.4_0;0;0_0;0;0_-100;2;5475_-100;2;5475_-100;2;5475,25.0383561643836,Prevalence,0.00576207778584013
NbyGQVwzFc_loc12_loop6,12,ITN 0%/IRS 0%/Larvicide 0%,0;0.4;0.4_0;0;0_0;0;0_-100;2;5475_-100;2;5475_-100;2;5475,25.041095890411,Prevalence,0.00576462667505225
NbyGQVwzFc_loc12_loop6,12,ITN 0%/IRS 0%/Larvicide 0%,0;0.4;0.4_0;0;0_0;0;0_-100;2;5475_-100;2;5475_-100;2;5475,25.0438356164384,Prevalence,0.00576718196883622
NbyGQVwzFc_loc12_loop6,12,ITN 0%/IRS 0%/Larvicide 0%,0;0.4;0.4_0;0;0_0;0;0_-100;2;5475_-100;2;5475_-100;2;5475,25.0465753424658,Prevalence,0.00576974365160608
NbyGQVwzFc_loc12_loop6,12,ITN 0%/IRS 0%/Larvicide 0%,0;0.4;0.4_0;0;0_0;0;0_-100;2;5475_-100;2;5475_-100;2;5475,25.0493150684932,Prevalence,0.00577231170788562
NbyGQVwzFc_loc12_loop6,12,ITN 0%/IRS 0%/Larvicide 0%,0;0.4;0.4_0;0;0_0;0;0_-100;2;5475_-100;2;5475_-100;2;5475,25.0520547945206,Prevalence,0.00577488612230629
NbyGQVwzFc_loc12_loop6,12,ITN 0%/IRS 0%/Larvicide 0%,0;0.4;0.4_0;0;0_0;0;0_-100;2;5475_-100;2;5475_-100;2;5475,25.0547945205479,Prevalence,0.00577746687960426
NbyGQVwzFc_loc12_loop6,12,ITN 0%/IRS 0%/Larvicide 0%,0;0.4;0.4_0;0;0_0;0;0_-100;2;5475_-100;2;5475_-100;2;5475,25.0575342465753,Prevalence,0.0057800539646197
NbyGQVwzFc_loc12_loop6,12,ITN 0%/IRS 0%/Larvicide 0%,0;0.4;0.4_0;0;0_0;0;0_-100;2;5475_-100;2;5475_-100;2;5475,25.0602739726027,Prevalence,0.0057826473622987
NbyGQVwzFc_loc12_loop6,12,ITN 0%/IRS 0%/Larvicide 0%,0;0.4;0.4_0;0;0_0;0;0_-100;2;5475_-100;2;5475_-100;2;5475,25.0630136986301,Prevalence,0.00578524705769013
NbyGQVwzFc_loc12_loop6,12,ITN 0%/IRS 0%/Larvicide 0%,0;0.4;0.4_0;0;0_0;0;0_-100;2;5475_-100;2;5475_-100;2;5475,25.0657534246575,Prevalence,0.00578785303594279
NbyGQVwzFc_loc12_loop6,12,ITN 0%/IRS 0%/Larvicide 0%,0;0.4;0.4_0;0;0_0;0;0_-100;2;5475_-100;2;5475_-100;2;5475,25.0684931506849,Prevalence,0.00579046528230605
NbyGQVwzFc_loc12_loop6,12,ITN 0%/IRS 0%/Larvicide 0%,0;0.4;0.4_0;0;0_0;0;0_-100;2;5475_-100;2;5475_-100;2;5475,25.0712328767123,Prevalence,0.00579308378212217
NbyGQVwzFc_loc12_loop6,12,ITN 0%/IRS 0%/Larvicide 0%,0;0.4;0.4_0;0;0_0;0;0_-100;2;5475_-100;2;5475_-100;2;5475,25.0739726027397,Prevalence,0.00579570852086552
NbyGQVwzFc_loc12_loop6,12,ITN 0%/IRS 0%/Larvicide 0%,0;0.4;0.4_0;0;0_0;0;0_-100;2;5475_-100;2;5475_-100;2;5475,25.0767123287671,Prevalence,0.00579833948407931
NbyGQVwzFc_loc12_loop6,12,ITN 0%/IRS 0%/Larvicide 0%,0;0.4;0.4_0;0;0_0;0;0_-100;2;5475_-100;2;5475_-100;2;5475,25.0794520547945,Prevalence,0.00580097665740615
NbyGQVwzFc_loc12_loop6,12,ITN 0%/IRS 0%/Larvicide 0%,0;0.4;0.4_0;0;0_0;0;0_-100;2;5475_-100;2;5475_-100;2;5475,25.0821917808219,Prevalence,0.00580362002660312
NbyGQVwzFc_loc12_loop6,12,ITN 0%/IRS 0%/Larvicide 0%,0;0.4;0.4_0;0;0_0;0;0_-100;2;5475_-100;2;5475_-100;2;5475,25.0849315068493,Prevalence,0.00580626957751025
NbyGQVwzFc_loc12_loop6,12,ITN 0%/IRS 0%/Larvicide 0%,0;0.4;0.4_0;0;0_0;0;0_-100;2;5475_-100;2;5475_-100;2;5475,25.0876712328767,Prevalence,0.00580892529606122
NbyGQVwzFc_loc12_loop6,12,ITN 0%/IRS 0%/Larvicide 0%,0;0.4;0.4_0;0;0_0;0;0_-100;2;5475_-100;2;5475_-100;2;5475,25.0904109589041,Prevalence,0.00581158716826371
NbyGQVwzFc_loc12_loop6,12,ITN 0%/IRS 0%/Larvicide 0%,0;0.4;0.4_0;0;0_0;0;0_-100;2;5475_-100;2;5475_-100;2;5475,25.0931506849315,Prevalence,0.00581425518032656
NbyGQVwzFc_loc12_loop6,12,ITN 0%/IRS 0%/Larvicide 0%,0;0.4;0.4_0;0;0_0;0;0_-100;2;5475_-100;2;5475_-100;2;5475,25.0958904109589,Prevalence,0.00581692931841694
NbyGQVwzFc_loc12_loop6,12,ITN 0%/IRS 0%/Larvicide 0%,0;0.4;0.4_0;0;0_0;0;0_-100;2;5475_-100;2;5475_-100;2;5475,25.0986301369863,Prevalence,0.00581960956878328
NbyGQVwzFc_loc12_loop6,12,ITN 0%/IRS 0%/Larvicide 0%,0;0.4;0.4_0;0;0_0;0;0_-100;2;5475_-100;2;5475_-100;2;5475,25.1013698630137,Prevalence,0.00582229591790915
NbyGQVwzFc_loc12_loop6,12,ITN 0%/IRS 0%/Larvicide 0%,0;0.4;0.4_0;0;0_0;0;0_-100;2;5475_-100;2;5475_-100;2;5475,25.1041095890411,Prevalence,0.00582498835229503
NbyGQVwzFc_loc12_loop6,12,ITN 0%/IRS 0%/Larvicide 0%,0;0.4;0.4_0;0;0_0;0;0_-100;2;5475_-100;2;5475_-100;2;5475,25.1068493150685,Prevalence,0.00582768685847298
NbyGQVwzFc_loc12_loop6,12,ITN 0%/IRS 0%/Larvicide 0%,0;0.4;0.4_0;0;0_0;0;0_-100;2;5475_-100;2;5475_-100;2;5475,25.1095890410959,Prevalence,0.00583039142314203
NbyGQVwzFc_loc12_loop6,12,ITN 0%/IRS 0%/Larvicide 0%,0;0.4;0.4_0;0;0_0;0;0_-100;2;5475_-100;2;5475_-100;2;5475,25.1123287671233,Prevalence,0.00583310203308453
NbyGQVwzFc_loc12_loop6,12,ITN 0%/IRS 0%/Larvicide 0%,0;0.4;0.4_0;0;0_0;0;0_-100;2;5475_-100;2;5475_-100;2;5475,25.1150684931507,Prevalence,0.00583581867512163
NbyGQVwzFc_loc12_loop6,12,ITN 0%/IRS 0%/Larvicide 0%,0;0.4;0.4_0;0;0_0;0;0_-100;2;5475_-100;2;5475_-100;2;5475,25.1178082191781,Prevalence,0.00583854133619099
NbyGQVwzFc_loc12_loop6,12,ITN 0%/IRS 0%/Larvicide 0%,0;0.4;0.4_0;0;0_0;0;0_-100;2;5475_-100;2;5475_-100;2;5475,25.1205479452055,Prevalence,0.00584127000333168
NbyGQVwzFc_loc12_loop6,12,ITN 0%/IRS 0%/Larvicide 0%,0;0.4;0.4_0;0;0_0;0;0_-100;2;5475_-100;2;5475_-100;2;5475,25.1232876712329,Prevalence,0.00584400466363976
NbyGQVwzFc_loc12_loop6,12,ITN 0%/IRS 0%/Larvicide 0%,0;0.4;0.4_0;0;0_0;0;0_-100;2;5475_-100;2;5475_-100;2;5475,25.1260273972603,Prevalence,0.00584674530430188
NbyGQVwzFc_loc12_loop6,12,ITN 0%/IRS 0%/Larvicide 0%,0;0.4;0.4_0;0;0_0;0;0_-100;2;5475_-100;2;5475_-100;2;5475,25.1287671232877,Prevalence,0.00584949191260354
NbyGQVwzFc_loc12_loop6,12,ITN 0%/IRS 0%/Larvicide 0%,0;0.4;0.4_0;0;0_0;0;0_-100;2;5475_-100;2;5475_-100;2;5475,25.1315068493151,Prevalence,0.00585224447590067
NbyGQVwzFc_loc12_loop6,12,ITN 0%/IRS 0%/Larvicide 0%,0;0.4;0.4_0;0;0_0;0;0_-100;2;5475_-100;2;5475_-100;2;5475,25.1342465753425,Prevalence,0.00585500298162936
NbyGQVwzFc_loc12_loop6,12,ITN 0%/IRS 0%/Larvicide 0%,0;0.4;0.4_0;0;0_0;0;0_-100;2;5475_-100;2;5475_-100;2;5475,25.1369863013699,Prevalence,0.00585776741731655
NbyGQVwzFc_loc12_loop6,12,ITN 0%/IRS 0%/Larvicide 0%,0;0.4;0.4_0;0;0_0;0;0_-100;2;5475_-100;2;5475_-100;2;5475,25.1397260273973,Prevalence,0.00586053777056629
NbyGQVwzFc_loc12_loop6,12,ITN 0%/IRS 0%/Larvicide 0%,0;0.4;0.4_0;0;0_0;0;0_-100;2;5475_-100;2;5475_-100;2;5475,25.1424657534247,Prevalence,0.00586331402905936
NbyGQVwzFc_loc12_loop6,12,ITN 0%/IRS 0%/Larvicide 0%,0;0.4;0.4_0;0;0_0;0;0_-100;2;5475_-100;2;5475_-100;2;5475,25.1452054794521,Prevalence,0.00586609618056038
NbyGQVwzFc_loc12_loop6,12,ITN 0%/IRS 0%/Larvicide 0%,0;0.4;0.4_0;0;0_0;0;0_-100;2;5475_-100;2;5475_-100;2;5475,25.1479452054795,Prevalence,0.0058688842129129
NbyGQVwzFc_loc12_loop6,12,ITN 0%/IRS 0%/Larvicide 0%,0;0.4;0.4_0;0;0_0;0;0_-100;2;5475_-100;2;5475_-100;2;5475,25.1506849315069,Prevalence,0.00587167811403603
NbyGQVwzFc_loc12_loop6,12,ITN 0%/IRS 0%/Larvicide 0%,0;0.4;0.4_0;0;0_0;0;0_-100;2;5475_-100;2;5475_-100;2;5475,25.1534246575342,Prevalence,0.00587447787192754
NbyGQVwzFc_loc12_loop6,12,ITN 0%/IRS 0%/Larvicide 0%,0;0.4;0.4_0;0;0_0;0;0_-100;2;5475_-100;2;5475_-100;2;5475,25.1561643835617,Prevalence,0.00587728347466285
NbyGQVwzFc_loc12_loop6,12,ITN 0%/IRS 0%/Larvicide 0%,0;0.4;0.4_0;0;0_0;0;0_-100;2;5475_-100;2;5475_-100;2;5475,25.158904109589,Prevalence,0.00588009491039225
NbyGQVwzFc_loc12_loop6,12,ITN 0%/IRS 0%/Larvicide 0%,0;0.4;0.4_0;0;0_0;0;0_-100;2;5475_-100;2;5475_-100;2;5475,25.1616438356164,Prevalence,0.00588291216734136
NbyGQVwzFc_loc12_loop6,12,ITN 0%/IRS 0%/Larvicide 0%,0;0.4;0.4_0;0;0_0;0;0_-100;2;5475_-100;2;5475_-100;2;5475,25.1643835616438,Prevalence,0.00588573523381133
NbyGQVwzFc_loc12_loop6,12,ITN 0%/IRS 0%/Larvicide 0%,0;0.4;0.4_0;0;0_0;0;0_-100;2;5475_-100;2;5475_-100;2;5475,25.1671232876712,Prevalence,0.00588856409817695
NbyGQVwzFc_loc12_loop6,12,ITN 0%/IRS 0%/Larvicide 0%,0;0.4;0.4_0;0;0_0;0;0_-100;2;5475_-100;2;5475_-100;2;5475,25.1698630136986,Prevalence,0.00589139874888607
NbyGQVwzFc_loc12_loop6,12,ITN 0%/IRS 0%/Larvicide 0%,0;0.4;0.4_0;0;0_0;0;0_-100;2;5475_-100;2;5475_-100;2;5475,25.172602739726,Prevalence,0.00589423917445971
NbyGQVwzFc_loc12_loop6,12,ITN 0%/IRS 0%/Larvicide 0%,0;0.4;0.4_0;0;0_0;0;0_-100;2;5475_-100;2;5475_-100;2;5475,25.1753424657534,Prevalence,0.00589708536349095
NbyGQVwzFc_loc12_loop6,12,ITN 0%/IRS 0%/Larvicide 0%,0;0.4;0.4_0;0;0_0;0;0_-100;2;5475_-100;2;5475_-100;2;5475,25.1780821917808,Prevalence,0.00589993730464401
NbyGQVwzFc_loc12_loop6,12,ITN 0%/IRS 0%/Larvicide 0%,0;0.4;0.4_0;0;0_0;0;0_-100;2;5475_-100;2;5475_-100;2;5475,25.1808219178082,Prevalence,0.00590279498665408
NbyGQVwzFc_loc12_loop6,12,ITN 0%/IRS 0%/Larvicide 0%,0;0.4;0.4_0;0;0_0;0;0_-100;2;5475_-100;2;5475_-100;2;5475,25.1835616438356,Prevalence,0.00590565839832659
NbyGQVwzFc_loc12_loop6,12,ITN 0%/IRS 0%/Larvicide 0%,0;0.4;0.4_0;0;0_0;0;0_-100;2;5475_-100;2;5475_-100;2;5475,25.186301369863,Prevalence,0.00590852752853634
NbyGQVwzFc_loc12_loop6,12,ITN 0%/IRS 0%/Larvicide 0%,0;0.4;0.4_0;0;0_0;0;0_-100;2;5475_-100;2;5475_-100;2;5475,25.1890410958904,Prevalence,0.00591140236622708
NbyGQVwzFc_loc12_loop6,12,ITN 0%/IRS 0%/Larvicide 0%,0;0.4;0.4_0;0;0_0;0;0_-100;2;5475_-100;2;5475_-100;2;5475,25.1917808219178,Prevalence,0.00591428290041085
NbyGQVwzFc_loc12_loop6,12,ITN 0%/IRS 0%/Larvicide 0%,0;0.4;0.4_0;0;0_0;0;0_-100;2;5475_-100;2;5475_-100;2;5475,25.1945205479452,Prevalence,0.00591716912016732
NbyGQVwzFc_loc12_loop6,12,ITN 0%/IRS 0%/Larvicide 0%,0;0.4;0.4_0;0;0_0;0;0_-100;2;5475_-100;2;5475_-100;2;5475,25.1972602739726,Prevalence,0.00592006101464321
NbyGQVwzFc_loc12_loop6,12,ITN 0%/IRS 0%/Larvicide 0%,0;0.4;0.4_0;0;0_0;0;0_-100;2;5475_-100;2;5475_-100;2;5475,25.2,Prevalence,0.00592295857305168
NbyGQVwzFc_loc12_loop6,12,ITN 0%/IRS 0%/Larvicide 0%,0;0.4;0.4_0;0;0_0;0;0_-100;2;5475_-100;2;5475_-100;2;5475,25.2027397260274,Prevalence,0.00592586178467173
NbyGQVwzFc_loc12_loop6,12,ITN 0%/IRS 0%/Larvicide 0%,0;0.4;0.4_0;0;0_0;0;0_-100;2;5475_-100;2;5475_-100;2;5475,25.2054794520548,Prevalence,0.00592877063884761
NbyGQVwzFc_loc12_loop6,12,ITN 0%/IRS 0%/Larvicide 0%,0;0.4;0.4_0;0;0_0;0;0_-100;2;5475_-100;2;5475_-100;2;5475,25.2082191780822,Prevalence,0.0059316851249885
NbyGQVwzFc_loc12_loop6,12,ITN 0%/IRS 0%/Larvicide 0%,0;0.4;0.4_0;0;0_0;0;0_-100;2;5475_-100;2;5475_-100;2;5475,25.2109589041096,Prevalence,0.00593460523256761
NbyGQVwzFc_loc12_loop6,12,ITN 0%/IRS 0%/Larvicide 0%,0;0.4;0.4_0;0;0_0;0;0_-100;2;5475_-100;2;5475_-100;2;5475,25.213698630137,Prevalence,0.00593753095112152
NbyGQVwzFc_loc12_loop6,12,ITN 0%/IRS 0%/Larvicide 0%,0;0.4;0.4_0;0;0_0;0;0_-100;2;5475_-100;2;5475_-100;2;5475,25.2164383561644,Prevalence,0.00594046227024974
NbyGQVwzFc_loc12_loop6,12,ITN 0%/IRS 0%/Larvicide 0%,0;0.4;0.4_0;0;0_0;0;0_-100;2;5475_-100;2;5475_-100;2;5475,25.2191780821918,Prevalence,0.00594339917961403
NbyGQVwzFc_loc12_loop6,12,ITN 0%/IRS 0%/Larvicide 0%,0;0.4;0.4_0;0;0_0;0;0_-100;2;5475_-100;2;5475_-100;2;5475,25.2219178082192,Prevalence,0.00594634166893791
NbyGQVwzFc_loc12_loop6,12,ITN 0%/IRS 0%/Larvicide 0%,0;0.4;0.4_0;0;0_0;0;0_-100;2;5475_-100;2;5475_-100;2;5475,25.2246575342466,Prevalence,0.00594928972800605
NbyGQVwzFc_loc12_loop6,12,ITN 0%/IRS 0%/Larvicide 0%,0;0.4;0.4_0;0;0_0;0;0_-100;2;5475_-100;2;5475_-100;2;5475,25.227397260274,Prevalence,0.00595224334666371
NbyGQVwzFc_loc12_loop6,12,ITN 0%/IRS 0%/Larvicide 0%,0;0.4;0.4_0;0;0_0;0;0_-100;2;5475_-100;2;5475_-100;2;5475,25.2301369863014,Prevalence,0.00595520251481618
NbyGQVwzFc_loc12_loop6,12,ITN 0%/IRS 0%/Larvicide 0%,0;0.4;0.4_0;0;0_0;0;0_-100;2;5475_-100;2;5475_-100;2;5475,25.2328767123288,Prevalence,0.00595816722242824
NbyGQVwzFc_loc12_loop6,12,ITN 0%/IRS 0%/Larvicide 0%,0;0.4;0.4_0;0;0_0;0;0_-100;2;5475_-100;2;5475_-100;2;5475,25.2356164383562,Prevalence,0.00596113745952359
NbyGQVwzFc_loc12_loop6,12,ITN 0%/IRS 0%/Larvicide 0%,0;0.4;0.4_0;0;0_0;0;0_-100;2;5475_-100;2;5475_-100;2;5475,25.2383561643836,Prevalence,0.00596411321618431
NbyGQVwzFc_loc12_loop6,12,ITN 0%/IRS 0%/Larvicide 0%,0;0.4;0.4_0;0;0_0;0;0_-100;2;5475_-100;2;5475_-100;2;5475,25.241095890411,Prevalence,0.00596709448255031
NbyGQVwzFc_loc12_loop6,12,ITN 0%/IRS 0%/Larvicide 0%,0;0.4;0.4_0;0;0_0;0;0_-100;2;5475_-100;2;5475_-100;2;5475,25.2438356164384,Prevalence,0.0059700812488188
NbyGQVwzFc_loc12_loop6,12,ITN 0%/IRS 0%/Larvicide 0%,0;0.4;0.4_0;0;0_0;0;0_-100;2;5475_-100;2;5475_-100;2;5475,25.2465753424658,Prevalence,0.00597307350524373
NbyGQVwzFc_loc12_loop6,12,ITN 0%/IRS 0%/Larvicide 0%,0;0.4;0.4_0;0;0_0;0;0_-100;2;5475_-100;2;5475_-100;2;5475,25.2493150684932,Prevalence,0.00597607124213531
NbyGQVwzFc_loc12_loop6,12,ITN 0%/IRS 0%/Larvicide 0%,0;0.4;0.4_0;0;0_0;0;0_-100;2;5475_-100;2;5475_-100;2;5475,25.2520547945205,Prevalence,0.00597907444985944
NbyGQVwzFc_loc12_loop6,12,ITN 0%/IRS 0%/Larvicide 0%,0;0.4;0.4_0;0;0_0;0;0_-100;2;5475_-100;2;5475_-100;2;5475,25.2547945205479,Prevalence,0.00598208311883718
NbyGQVwzFc_loc12_loop6,12,ITN 0%/IRS 0%/Larvicide 0%,0;0.4;0.4_0;0;0_0;0;0_-100;2;5475_-100;2;5475_-100;2;5475,25.2575342465753,Prevalence,0.00598509723954426
NbyGQVwzFc_loc12_loop6,12,ITN 0%/IRS 0%/Larvicide 0%,0;0.4;0.4_0;0;0_0;0;0_-100;2;5475_-100;2;5475_-100;2;5475,25.2602739726027,Prevalence,0.00598811680251056
NbyGQVwzFc_loc12_loop6,12,ITN 0%/IRS 0%/Larvicide 0%,0;0.4;0.4_0;0;0_0;0;0_-100;2;5475_-100;2;5475_-100;2;5475,25.2630136986301,Prevalence,0.00599114179831956
NbyGQVwzFc_loc12_loop6,12,ITN 0%/IRS 0%/Larvicide 0%,0;0.4;0.4_0;0;0_0;0;0_-100;2;5475_-100;2;5475_-100;2;5475,25.2657534246575,Prevalence,0.00599417221760789
NbyGQVwzFc_loc12_loop6,12,ITN 0%/IRS 0%/Larvicide 0%,0;0.4;0.4_0;0;0_0;0;0_-100;2;5475_-100;2;5475_-100;2;5475,25.2684931506849,Prevalence,0.0059972080510648
NbyGQVwzFc_loc12_loop6,12,ITN 0%/IRS 0%/Larvicide 0%,0;0.4;0.4_0;0;0_0;0;0_-100;2;5475_-100;2;5475_-100;2;5475,25.2712328767123,Prevalence,0.00600024928943191
NbyGQVwzFc_loc12_loop6,12,ITN 0%/IRS 0%/Larvicide 0%,0;0.4;0.4_0;0;0_0;0;0_-100;2;5475_-100;2;5475_-100;2;5475,25.2739726027397,Prevalence,0.00600329592350251
NbyGQVwzFc_loc12_loop6,12,ITN 0%/IRS 0%/Larvicide 0%,0;0.4;0.4_0;0;0_0;0;0_-100;2;5475_-100;2;5475_-100;2;5475,25.2767123287671,Prevalence,0.00600634794412088
NbyGQVwzFc_loc12_loop6,12,ITN 0%/IRS 0%/Larvicide 0%,0;0.4;0.4_0;0;0_0;0;0_-100;2;5475_-100;2;5475_-100;2;5475,25.2794520547945,Prevalence,0.00600940534218197
NbyGQVwzFc_loc12_loop6,12,ITN 0%/IRS 0%/Larvicide 0%,0;0.4;0.4_0;0;0_0;0;0_-100;2;5475_-100;2;5475_-100;2;5475,25.2821917808219,Prevalence,0.00601246810863084
NbyGQVwzFc_loc12_loop6,12,ITN 0%/IRS 0%/Larvicide 0%,0;0.4;0.4_0;0;0_0;0;0_-100;2;5475_-100;2;5475_-100;2;5475,25.2849315068493,Prevalence,0.00601553623446226
NbyGQVwzFc_loc12_loop6,12,ITN 0%/IRS 0%/Larvicide 0%,0;0.4;0.4_0;0;0_0;0;0_-100;2;5475_-100;2;5475_-100;2;5475,25.2876712328767,Prevalence,0.00601860971072014
NbyGQVwzFc_loc12_loop6,12,ITN 0%/IRS 0%/Larvicide 0%,0;0.4;0.4_0;0;0_0;0;0_-100;2;5475_-100;2;5475_-100;2;5475,25.2904109589041,Prevalence,0.00602168852849713
NbyGQVwzFc_loc12_loop6,12,ITN 0%/IRS 0%/Larvicide 0%,0;0.4;0.4_0;0;0_0;0;0_-100;2;5475_-100;2;5475_-100;2;5475,25.2931506849315,Prevalence,0.00602477267893411
NbyGQVwzFc_loc12_loop6,12,ITN 0%/IRS 0%/Larvicide 0%,0;0.4;0.4_0;0;0_0;0;0_-100;2;5475_-100;2;5475_-100;2;5475,25.2958904109589,Prevalence,0.00602786215321976
NbyGQVwzFc_loc12_loop6,12,ITN 0%/IRS 0%/Larvicide 0%,0;0.4;0.4_0;0;0_0;0;0_-100;2;5475_-100;2;5475_-100;2;5475,25.2986301369863,Prevalence,0.00603095694259002
NbyGQVwzFc_loc12_loop6,12,ITN 0%/IRS 0%/Larvicide 0%,0;0.4;0.4_0;0;0_0;0;0_-100;2;5475_-100;2;5475_-100;2;5475,25.3013698630137,Prevalence,0.00603405703832772
NbyGQVwzFc_loc12_loop6,12,ITN 0%/IRS 0%/Larvicide 0%,0;0.4;0.4_0;0;0_0;0;0_-100;2;5475_-100;2;5475_-100;2;5475,25.3041095890411,Prevalence,0.00603716243176208
NbyGQVwzFc_loc12_loop6,12,ITN 0%/IRS 0%/Larvicide 0%,0;0.4;0.4_0;0;0_0;0;0_-100;2;5475_-100;2;5475_-100;2;5475,25.3068493150685,Prevalence,0.00604027311426822
NbyGQVwzFc_loc12_loop6,12,ITN 0%/IRS 0%/Larvicide 0%,0;0.4;0.4_0;0;0_0;0;0_-100;2;5475_-100;2;5475_-100;2;5475,25.3095890410959,Prevalence,0.00604338907726678
NbyGQVwzFc_loc12_loop6,12,ITN 0%/IRS 0%/Larvicide 0%,0;0.4;0.4_0;0;0_0;0;0_-100;2;5475_-100;2;5475_-100;2;5475,25.3123287671233,Prevalence,0.00604651031222344
NbyGQVwzFc_loc12_loop6,12,ITN 0%/IRS 0%/Larvicide 0%,0;0.4;0.4_0;0;0_0;0;0_-100;2;5475_-100;2;5475_-100;2;5475,25.3150684931507,Prevalence,0.00604963681064845
NbyGQVwzFc_loc12_loop6,12,ITN 0%/IRS 0%/Larvicide 0%,0;0.4;0.4_0;0;0_0;0;0_-100;2;5475_-100;2;5475_-100;2;5475,25.3178082191781,Prevalence,0.00605276856409626
NbyGQVwzFc_loc12_loop6,12,ITN 0%/IRS 0%/Larvicide 0%,0;0.4;0.4_0;0;0_0;0;0_-100;2;5475_-100;2;5475_-100;2;5475,25.3205479452055,Prevalence,0.00605590556416498
NbyGQVwzFc_loc12_loop6,12,ITN 0%/IRS 0%/Larvicide 0%,0;0.4;0.4_0;0;0_0;0;0_-100;2;5475_-100;2;5475_-100;2;5475,25.3232876712329,Prevalence,0.00605904780249606
NbyGQVwzFc_loc12_loop6,12,ITN 0%/IRS 0%/Larvicide 0%,0;0.4;0.4_0;0;0_0;0;0_-100;2;5475_-100;2;5475_-100;2;5475,25.3260273972603,Prevalence,0.00606219527077378
NbyGQVwzFc_loc12_loop6,12,ITN 0%/IRS 0%/Larvicide 0%,0;0.4;0.4_0;0;0_0;0;0_-100;2;5475_-100;2;5475_-100;2;5475,25.3287671232877,Prevalence,0.00606534796072483
NbyGQVwzFc_loc12_loop6,12,ITN 0%/IRS 0%/Larvicide 0%,0;0.4;0.4_0;0;0_0;0;0_-100;2;5475_-100;2;5475_-100;2;5475,25.3315068493151,Prevalence,0.00606850586411794
NbyGQVwzFc_loc12_loop6,12,ITN 0%/IRS 0%/Larvicide 0%,0;0.4;0.4_0;0;0_0;0;0_-100;2;5475_-100;2;5475_-100;2;5475,25.3342465753425,Prevalence,0.00607166897276342
NbyGQVwzFc_loc12_loop6,12,ITN 0%/IRS 0%/Larvicide 0%,0;0.4;0.4_0;0;0_0;0;0_-100;2;5475_-100;2;5475_-100;2;5475,25.3369863013699,Prevalence,0.00607483727851306
NbyGQVwzFc_loc12_loop6,12,ITN 0%/IRS 0%/Larvicide 0%,0;0.4;0.4_0;0;0_0;0;0_-100;2;5475_-100;2;5475_-100;2;5475,25.3397260273973,Prevalence,0.00607801077325934
NbyGQVwzFc_loc12_loop6,12,ITN 0%/IRS 0%/Larvicide 0%,0;0.4;0.4_0;0;0_0;0;0_-100;2;5475_-100;2;5475_-100;2;5475,25.3424657534247,Prevalence,0.00608118944893497
NbyGQVwzFc_loc12_loop6,12,ITN 0%/IRS 0%/Larvicide 0%,0;0.4;0.4_0;0;0_0;0;0_-100;2;5475_-100;2;5475_-100;2;5475,25.3452054794521,Prevalence,0.00608437329751258
NbyGQVwzFc_loc12_loop6,12,ITN 0%/IRS 0%/Larvicide 0%,0;0.4;0.4_0;0;0_0;0;0_-100;2;5475_-100;2;5475_-100;2;5475,25.3479452054795,Prevalence,0.00608756231100435
NbyGQVwzFc_loc12_loop6,12,ITN 0%/IRS 0%/Larvicide 0%,0;0.4;0.4_0;0;0_0;0;0_-100;2;5475_-100;2;5475_-100;2;5475,25.3506849315069,Prevalence,0.00609075648146155
NbyGQVwzFc_loc12_loop6,12,ITN 0%/IRS 0%/Larvicide 0%,0;0.4;0.4_0;0;0_0;0;0_-100;2;5475_-100;2;5475_-100;2;5475,25.3534246575343,Prevalence,0.00609395580097418
NbyGQVwzFc_loc12_loop6,12,ITN 0%/IRS 0%/Larvicide 0%,0;0.4;0.4_0;0;0_0;0;0_-100;2;5475_-100;2;5475_-100;2;5475,25.3561643835617,Prevalence,0.00609716026167059
NbyGQVwzFc_loc12_loop6,12,ITN 0%/IRS 0%/Larvicide 0%,0;0.4;0.4_0;0;0_0;0;0_-100;2;5475_-100;2;5475_-100;2;5475,25.358904109589,Prevalence,0.00610036985571701
NbyGQVwzFc_loc12_loop6,12,ITN 0%/IRS 0%/Larvicide 0%,0;0.4;0.4_0;0;0_0;0;0_-100;2;5475_-100;2;5475_-100;2;5475,25.3616438356164,Prevalence,0.00610358457531727
NbyGQVwzFc_loc12_loop6,12,ITN 0%/IRS 0%/Larvicide 0%,0;0.4;0.4_0;0;0_0;0;0_-100;2;5475_-100;2;5475_-100;2;5475,25.3643835616438,Prevalence,0.00610680441271229
NbyGQVwzFc_loc12_loop6,12,ITN 0%/IRS 0%/Larvicide 0%,0;0.4;0.4_0;0;0_0;0;0_-100;2;5475_-100;2;5475_-100;2;5475,25.3671232876712,Prevalence,0.00611002936017983
NbyGQVwzFc_loc12_loop6,12,ITN 0%/IRS 0%/Larvicide 0%,0;0.4;0.4_0;0;0_0;0;0_-100;2;5475_-100;2;5475_-100;2;5475,25.3698630136986,Prevalence,0.00611325941003399
NbyGQVwzFc_loc12_loop6,12,ITN 0%/IRS 0%/Larvicide 0%,0;0.4;0.4_0;0;0_0;0;0_-100;2;5475_-100;2;5475_-100;2;5475,25.372602739726,Prevalence,0.00611649455462488
NbyGQVwzFc_loc12_loop6,12,ITN 0%/IRS 0%/Larvicide 0%,0;0.4;0.4_0;0;0_0;0;0_-100;2;5475_-100;2;5475_-100;2;5475,25.3753424657534,Prevalence,0.00611973478633828
NbyGQVwzFc_loc12_loop6,12,ITN 0%/IRS 0%/Larvicide 0%,0;0.4;0.4_0;0;0_0;0;0_-100;2;5475_-100;2;5475_-100;2;5475,25.3780821917808,Prevalence,0.00612298009759521
NbyGQVwzFc_loc12_loop6,12,ITN 0%/IRS 0%/Larvicide 0%,0;0.4;0.4_0;0;0_0;0;0_-100;2;5475_-100;2;5475_-100;2;5475,25.3808219178082,Prevalence,0.00612623048085157
NbyGQVwzFc_loc12_loop6,12,ITN 0%/IRS 0%/Larvicide 0%,0;0.4;0.4_0;0;0_0;0;0_-100;2;5475_-100;2;5475_-100;2;5475,25.3835616438356,Prevalence,0.00612948592859782
NbyGQVwzFc_loc12_loop6,12,ITN 0%/IRS 0%/Larvicide 0%,0;0.4;0.4_0;0;0_0;0;0_-100;2;5475_-100;2;5475_-100;2;5475,25.386301369863,Prevalence,0.00613274643335855
NbyGQVwzFc_loc12_loop6,12,ITN 0%/IRS 0%/Larvicide 0%,0;0.4;0.4_0;0;0_0;0;0_-100;2;5475_-100;2;5475_-100;2;5475,25.3890410958904,Prevalence,0.00613601198769216
NbyGQVwzFc_loc12_loop6,12,ITN 0%/IRS 0%/Larvicide 0%,0;0.4;0.4_0;0;0_0;0;0_-100;2;5475_-100;2;5475_-100;2;5475,25.3917808219178,Prevalence,0.0061392825841905
NbyGQVwzFc_loc12_loop6,12,ITN 0%/IRS 0%/Larvicide 0%,0;0.4;0.4_0;0;0_0;0;0_-100;2;5475_-100;2;5475_-100;2;5475,25.3945205479452,Prevalence,0.0061425582154785
NbyGQVwzFc_loc12_loop6,12,ITN 0%/IRS 0%/Larvicide 0%,0;0.4;0.4_0;0;0_0;0;0_-100;2;5475_-100;2;5475_-100;2;5475,25.3972602739726,Prevalence,0.00614583887421381
NbyGQVwzFc_loc12_loop6,12,ITN 0%/IRS 0%/Larvicide 0%,0;0.4;0.4_0;0;0_0;0;0_-100;2;5475_-100;2;5475_-100;2;5475,25.4,Prevalence,0.00614912455308648
NbyGQVwzFc_loc12_loop6,12,ITN 0%/IRS 0%/Larvicide 0%,0;0.4;0.4_0;0;0_0;0;0_-100;2;5475_-100;2;5475_-100;2;5475,25.4027397260274,Prevalence,0.00615241524481871
NbyGQVwzFc_loc12_loop6,12,ITN 0%/IRS 0%/Larvicide 0%,0;0.4;0.4_0;0;0_0;0;0_-100;2;5475_-100;2;5475_-100;2;5475,25.4054794520548,Prevalence,0.00615571094216464
NbyGQVwzFc_loc12_loop6,12,ITN 0%/IRS 0%/Larvicide 0%,0;0.4;0.4_0;0;0_0;0;0_-100;2;5475_-100;2;5475_-100;2;5475,25.4082191780822,Prevalence,0.00615901163790953
NbyGQVwzFc_loc12_loop6,12,ITN 0%/IRS 0%/Larvicide 0%,0;0.4;0.4_0;0;0_0;0;0_-100;2;5475_-100;2;5475_-100;2;5475,25.4109589041096,Prevalence,0.00616231732486962
NbyGQVwzFc_loc12_loop6,12,ITN 0%/IRS 0%/Larvicide 0%,0;0.4;0.4_0;0;0_0;0;0_-100;2;5475_-100;2;5475_-100;2;5475,25.413698630137,Prevalence,0.00616562799589183
NbyGQVwzFc_loc12_loop6,12,ITN 0%/IRS 0%/Larvicide 0%,0;0.4;0.4_0;0;0_0;0;0_-100;2;5475_-100;2;5475_-100;2;5475,25.4164383561644,Prevalence,0.00616894364385338
NbyGQVwzFc_loc12_loop6,12,ITN 0%/IRS 0%/Larvicide 0%,0;0.4;0.4_0;0;0_0;0;0_-100;2;5475_-100;2;5475_-100;2;5475,25.4191780821918,Prevalence,0.00617226426166151
NbyGQVwzFc_loc12_loop6,12,ITN 0%/IRS 0%/Larvicide 0%,0;0.4;0.4_0;0;0_0;0;0_-100;2;5475_-100;2;5475_-100;2;5475,25.4219178082192,Prevalence,0.00617558984225312
NbyGQVwzFc_loc12_loop6,12,ITN 0%/IRS 0%/Larvicide 0%,0;0.4;0.4_0;0;0_0;0;0_-100;2;5475_-100;2;5475_-100;2;5475,25.4246575342466,Prevalence,0.00617892037859446
NbyGQVwzFc_loc12_loop6,12,ITN 0%/IRS 0%/Larvicide 0%,0;0.4;0.4_0;0;0_0;0;0_-100;2;5475_-100;2;5475_-100;2;5475,25.427397260274,Prevalence,0.00618225586368077
NbyGQVwzFc_loc12_loop6,12,ITN 0%/IRS 0%/Larvicide 0%,0;0.4;0.4_0;0;0_0;0;0_-100;2;5475_-100;2;5475_-100;2;5475,25.4301369863014,Prevalence,0.006185596290536
NbyGQVwzFc_loc12_loop6,12,ITN 0%/IRS 0%/Larvicide 0%,0;0.4;0.4_0;0;0_0;0;0_-100;2;5475_-100;2;5475_-100;2;5475,25.4328767123288,Prevalence,0.00618894165221248
NbyGQVwzFc_loc12_loop6,12,ITN 0%/IRS 0%/Larvicide 0%,0;0.4;0.4_0;0;0_0;0;0_-100;2;5475_-100;2;5475_-100;2;5475,25.4356164383562,Prevalence,0.00619229194179059
NbyGQVwzFc_loc12_loop6,12,ITN 0%/IRS 0%/Larvicide 0%,0;0.4;0.4_0;0;0_0;0;0_-100;2;5475_-100;2;5475_-100;2;5475,25.4383561643836,Prevalence,0.00619564715237843
NbyGQVwzFc_loc12_loop6,12,ITN 0%/IRS 0%/Larvicide 0%,0;0.4;0.4_0;0;0_0;0;0_-100;2;5475_-100;2;5475_-100;2;5475,25.441095890411,Prevalence,0.00619900727711156
NbyGQVwzFc_loc12_loop6,12,ITN 0%/IRS 0%/Larvicide 0%,0;0.4;0.4_0;0;0_0;0;0_-100;2;5475_-100;2;5475_-100;2;5475,25.4438356164384,Prevalence,0.00620237230915263
NbyGQVwzFc_loc12_loop6,12,ITN 0%/IRS 0%/Larvicide 0%,0;0.4;0.4_0;0;0_0;0;0_-100;2;5475_-100;2;5475_-100;2;5475,25.4465753424658,Prevalence,0.00620574224169114
NbyGQVwzFc_loc12_loop6,12,ITN 0%/IRS 0%/Larvicide 0%,0;0.4;0.4_0;0;0_0;0;0_-100;2;5475_-100;2;5475_-100;2;5475,25.4493150684932,Prevalence,0.00620911706794305
NbyGQVwzFc_loc12_loop6,12,ITN 0%/IRS 0%/Larvicide 0%,0;0.4;0.4_0;0;0_0;0;0_-100;2;5475_-100;2;5475_-100;2;5475,25.4520547945206,Prevalence,0.00621249678115056
NbyGQVwzFc_loc12_loop6,12,ITN 0%/IRS 0%/Larvicide 0%,0;0.4;0.4_0;0;0_0;0;0_-100;2;5475_-100;2;5475_-100;2;5475,25.454794520548,Prevalence,0.00621588137458175
NbyGQVwzFc_loc12_loop6,12,ITN 0%/IRS 0%/Larvicide 0%,0;0.4;0.4_0;0;0_0;0;0_-100;2;5475_-100;2;5475_-100;2;5475,25.4575342465753,Prevalence,0.00621927084153031
NbyGQVwzFc_loc12_loop6,12,ITN 0%/IRS 0%/Larvicide 0%,0;0.4;0.4_0;0;0_0;0;0_-100;2;5475_-100;2;5475_-100;2;5475,25.4602739726027,Prevalence,0.00622266517531523
NbyGQVwzFc_loc12_loop6,12,ITN 0%/IRS 0%/Larvicide 0%,0;0.4;0.4_0;0;0_0;0;0_-100;2;5475_-100;2;5475_-100;2;5475,25.4630136986301,Prevalence,0.00622606436928052
NbyGQVwzFc_loc12_loop6,12,ITN 0%/IRS 0%/Larvicide 0%,0;0.4;0.4_0;0;0_0;0;0_-100;2;5475_-100;2;5475_-100;2;5475,25.4657534246575,Prevalence,0.00622946841679493
NbyGQVwzFc_loc12_loop6,12,ITN 0%/IRS 0%/Larvicide 0%,0;0.4;0.4_0;0;0_0;0;0_-100;2;5475_-100;2;5475_-100;2;5475,25.4684931506849,Prevalence,0.00623287731125161
NbyGQVwzFc_loc12_loop6,12,ITN 0%/IRS 0%/Larvicide 0%,0;0.4;0.4_0;0;0_0;0;0_-100;2;5475_-100;2;5475_-100;2;5475,25.4712328767123,Prevalence,0.00623629104606792
NbyGQVwzFc_loc12_loop6,12,ITN 0%/IRS 0%/Larvicide 0%,0;0.4;0.4_0;0;0_0;0;0_-100;2;5475_-100;2;5475_-100;2;5475,25.4739726027397,Prevalence,0.0062397096146854
NbyGQVwzFc_loc12_loop6,12,ITN 0%/IRS 0%/Larvicide 0%,0;0.4;0.4_0;0;0_0;0;0_-100;2;5475_-100;2;5475_-100;2;5475,25.4767123287671,Prevalence,0.00624313301056897
NbyGQVwzFc_loc12_loop6,12,ITN 0%/IRS 0%/Larvicide 0%,0;0.4;0.4_0;0;0_0;0;0_-100;2;5475_-100;2;5475_-100;2;5475,25.4794520547945,Prevalence,0.00624656122720677
NbyGQVwzFc_loc12_loop6,12,ITN 0%/IRS 0%/Larvicide 0%,0;0.4;0.4_0;0;0_0;0;0_-100;2;5475_-100;2;5475_-100;2;5475,25.4821917808219,Prevalence,0.00624999425810997
NbyGQVwzFc_loc12_loop6,12,ITN 0%/IRS 0%/Larvicide 0%,0;0.4;0.4_0;0;0_0;0;0_-100;2;5475_-100;2;5475_-100;2;5475,25.4849315068493,Prevalence,0.00625343209681246
NbyGQVwzFc_loc12_loop6,12,ITN 0%/IRS 0%/Larvicide 0%,0;0.4;0.4_0;0;0_0;0;0_-100;2;5475_-100;2;5475_-100;2;5475,25.4876712328767,Prevalence,0.00625687473687061
NbyGQVwzFc_loc12_loop6,12,ITN 0%/IRS 0%/Larvicide 0%,0;0.4;0.4_0;0;0_0;0;0_-100;2;5475_-100;2;5475_-100;2;5475,25.4904109589041,Prevalence,0.00626032217186295
NbyGQVwzFc_loc12_loop6,12,ITN 0%/IRS 0%/Larvicide 0%,0;0.4;0.4_0;0;0_0;0;0_-100;2;5475_-100;2;5475_-100;2;5475,25.4931506849315,Prevalence,0.00626377439539
NbyGQVwzFc_loc12_loop6,12,ITN 0%/IRS 0%/Larvicide 0%,0;0.4;0.4_0;0;0_0;0;0_-100;2;5475_-100;2;5475_-100;2;5475,25.4958904109589,Prevalence,0.00626723140107387
NbyGQVwzFc_loc12_loop6,12,ITN 0%/IRS 0%/Larvicide 0%,0;0.4;0.4_0;0;0_0;0;0_-100;2;5475_-100;2;5475_-100;2;5475,25.4986301369863,Prevalence,0.00627069318255811
NbyGQVwzFc_loc12_loop6,12,ITN 0%/IRS 0%/Larvicide 0%,0;0.4;0.4_0;0;0_0;0;0_-100;2;5475_-100;2;5475_-100;2;5475,25.5013698630137,Prevalence,0.00627415973350735
NbyGQVwzFc_loc12_loop6,12,ITN 0%/IRS 0%/Larvicide 0%,0;0.4;0.4_0;0;0_0;0;0_-100;2;5475_-100;2;5475_-100;2;5475,25.5041095890411,Prevalence,0.00627763104760713
NbyGQVwzFc_loc12_loop6,12,ITN 0%/IRS 0%/Larvicide 0%,0;0.4;0.4_0;0;0_0;0;0_-100;2;5475_-100;2;5475_-100;2;5475,25.5068493150685,Prevalence,0.00628110711856356
NbyGQVwzFc_loc12_loop6,12,ITN 0%/IRS 0%/Larvicide 0%,0;0.4;0.4_0;0;0_0;0;0_-100;2;5475_-100;2;5475_-100;2;5475,25.5095890410959,Prevalence,0.00628458794010312
NbyGQVwzFc_loc12_loop6,12,ITN 0%/IRS 0%/Larvicide 0%,0;0.4;0.4_0;0;0_0;0;0_-100;2;5475_-100;2;5475_-100;2;5475,25.5123287671233,Prevalence,0.00628807350597239
NbyGQVwzFc_loc12_loop6,12,ITN 0%/IRS 0%/Larvicide 0%,0;0.4;0.4_0;0;0_0;0;0_-100;2;5475_-100;2;5475_-100;2;5475,25.5150684931507,Prevalence,0.00629156380993776
NbyGQVwzFc_loc12_loop6,12,ITN 0%/IRS 0%/Larvicide 0%,0;0.4;0.4_0;0;0_0;0;0_-100;2;5475_-100;2;5475_-100;2;5475,25.5178082191781,Prevalence,0.00629505884578524
NbyGQVwzFc_loc12_loop6,12,ITN 0%/IRS 0%/Larvicide 0%,0;0.4;0.4_0;0;0_0;0;0_-100;2;5475_-100;2;5475_-100;2;5475,25.5205479452055,Prevalence,0.00629855860732015
NbyGQVwzFc_loc12_loop6,12,ITN 0%/IRS 0%/Larvicide 0%,0;0.4;0.4_0;0;0_0;0;0_-100;2;5475_-100;2;5475_-100;2;5475,25.5232876712329,Prevalence,0.00630206308836695
NbyGQVwzFc_loc12_loop6,12,ITN 0%/IRS 0%/Larvicide 0%,0;0.4;0.4_0;0;0_0;0;0_-100;2;5475_-100;2;5475_-100;2;5475,25.5260273972603,Prevalence,0.00630557228276889
NbyGQVwzFc_loc12_loop6,12,ITN 0%/IRS 0%/Larvicide 0%,0;0.4;0.4_0;0;0_0;0;0_-100;2;5475_-100;2;5475_-100;2;5475,25.5287671232877,Prevalence,0.00630908618438785
NbyGQVwzFc_loc12_loop6,12,ITN 0%/IRS 0%/Larvicide 0%,0;0.4;0.4_0;0;0_0;0;0_-100;2;5475_-100;2;5475_-100;2;5475,25.5315068493151,Prevalence,0.00631260478710406
NbyGQVwzFc_loc12_loop6,12,ITN 0%/IRS 0%/Larvicide 0%,0;0.4;0.4_0;0;0_0;0;0_-100;2;5475_-100;2;5475_-100;2;5475,25.5342465753425,Prevalence,0.00631612808481589
NbyGQVwzFc_loc12_loop6,12,ITN 0%/IRS 0%/Larvicide 0%,0;0.4;0.4_0;0;0_0;0;0_-100;2;5475_-100;2;5475_-100;2;5475,25.5369863013699,Prevalence,0.00631965607143958
NbyGQVwzFc_loc12_loop6,12,ITN 0%/IRS 0%/Larvicide 0%,0;0.4;0.4_0;0;0_0;0;0_-100;2;5475_-100;2;5475_-100;2;5475,25.5397260273973,Prevalence,0.00632318874090901
NbyGQVwzFc_loc12_loop6,12,ITN 0%/IRS 0%/Larvicide 0%,0;0.4;0.4_0;0;0_0;0;0_-100;2;5475_-100;2;5475_-100;2;5475,25.5424657534247,Prevalence,0.00632672608717551
NbyGQVwzFc_loc12_loop6,12,ITN 0%/IRS 0%/Larvicide 0%,0;0.4;0.4_0;0;0_0;0;0_-100;2;5475_-100;2;5475_-100;2;5475,25.5452054794521,Prevalence,0.00633026810420789
NbyGQVwzFc_loc12_loop6,12,ITN 0%/IRS 0%/Larvicide 0%,0;0.4;0.4_0;0;0_0;0;0_-100;2;5475_-100;2;5475_-100;2;5475,25.5479452054795,Prevalence,0.00633381478599176
NbyGQVwzFc_loc12_loop6,12,ITN 0%/IRS 0%/Larvicide 0%,0;0.4;0.4_0;0;0_0;0;0_-100;2;5475_-100;2;5475_-100;2;5475,25.5506849315069,Prevalence,0.00633736612652932
NbyGQVwzFc_loc12_loop6,12,ITN 0%/IRS 0%/Larvicide 0%,0;0.4;0.4_0;0;0_0;0;0_-100;2;5475_-100;2;5475_-100;2;5475,25.5534246575342,Prevalence,0.00634092211983927
NbyGQVwzFc_loc12_loop6,12,ITN 0%/IRS 0%/Larvicide 0%,0;0.4;0.4_0;0;0_0;0;0_-100;2;5475_-100;2;5475_-100;2;5475,25.5561643835616,Prevalence,0.00634448275995658
NbyGQVwzFc_loc12_loop6,12,ITN 0%/IRS 0%/Larvicide 0%,0;0.4;0.4_0;0;0_0;0;0_-100;2;5475_-100;2;5475_-100;2;5475,25.558904109589,Prevalence,0.00634804804093223
NbyGQVwzFc_loc12_loop6,12,ITN 0%/IRS 0%/Larvicide 0%,0;0.4;0.4_0;0;0_0;0;0_-100;2;5475_-100;2;5475_-100;2;5475,25.5616438356164,Prevalence,0.00635161795683306
NbyGQVwzFc_loc12_loop6,12,ITN 0%/IRS 0%/Larvicide 0%,0;0.4;0.4_0;0;0_0;0;0_-100;2;5475_-100;2;5475_-100;2;5475,25.5643835616438,Prevalence,0.00635519250174148
NbyGQVwzFc_loc12_loop6,12,ITN 0%/IRS 0%/Larvicide 0%,0;0.4;0.4_0;0;0_0;0;0_-100;2;5475_-100;2;5475_-100;2;5475,25.5671232876712,Prevalence,0.00635877166975528
NbyGQVwzFc_loc12_loop6,12,ITN 0%/IRS 0%/Larvicide 0%,0;0.4;0.4_0;0;0_0;0;0_-100;2;5475_-100;2;5475_-100;2;5475,25.5698630136986,Prevalence,0.00636235545498745
NbyGQVwzFc_loc12_loop6,12,ITN 0%/IRS 0%/Larvicide 0%,0;0.4;0.4_0;0;0_0;0;0_-100;2;5475_-100;2;5475_-100;2;5475,25.572602739726,Prevalence,0.00636594385156588
NbyGQVwzFc_loc12_loop6,12,ITN 0%/IRS 0%/Larvicide 0%,0;0.4;0.4_0;0;0_0;0;0_-100;2;5475_-100;2;5475_-100;2;5475,25.5753424657534,Prevalence,0.00636953685363323
NbyGQVwzFc_loc12_loop6,12,ITN 0%/IRS 0%/Larvicide 0%,0;0.4;0.4_0;0;0_0;0;0_-100;2;5475_-100;2;5475_-100;2;5475,25.5780821917808,Prevalence,0.00637313445534668
NbyGQVwzFc_loc12_loop6,12,ITN 0%/IRS 0%/Larvicide 0%,0;0.4;0.4_0;0;0_0;0;0_-100;2;5475_-100;2;5475_-100;2;5475,25.5808219178082,Prevalence,0.0063767366508777
NbyGQVwzFc_loc12_loop6,12,ITN 0%/IRS 0%/Larvicide 0%,0;0.4;0.4_0;0;0_0;0;0_-100;2;5475_-100;2;5475_-100;2;5475,25.5835616438356,Prevalence,0.00638034343441191
NbyGQVwzFc_loc12_loop6,12,ITN 0%/IRS 0%/Larvicide 0%,0;0.4;0.4_0;0;0_0;0;0_-100;2;5475_-100;2;5475_-100;2;5475,25.586301369863,Prevalence,0.00638395480014879
NbyGQVwzFc_loc12_loop6,12,ITN 0%/IRS 0%/Larvicide 0%,0;0.4;0.4_0;0;0_0;0;0_-100;2;5475_-100;2;5475_-100;2;5475,25.5890410958904,Prevalence,0.00638757074230155
NbyGQVwzFc_loc12_loop6,12,ITN 0%/IRS 0%/Larvicide 0%,0;0.4;0.4_0;0;0_0;0;0_-100;2;5475_-100;2;5475_-100;2;5475,25.5917808219178,Prevalence,0.00639119125509687
NbyGQVwzFc_loc12_loop6,12,ITN 0%/IRS 0%/Larvicide 0%,0;0.4;0.4_0;0;0_0;0;0_-100;2;5475_-100;2;5475_-100;2;5475,25.5945205479452,Prevalence,0.00639481633277472
NbyGQVwzFc_loc12_loop6,12,ITN 0%/IRS 0%/Larvicide 0%,0;0.4;0.4_0;0;0_0;0;0_-100;2;5475_-100;2;5475_-100;2;5475,25.5972602739726,Prevalence,0.0063984459695882
NbyGQVwzFc_loc12_loop6,12,ITN 0%/IRS 0%/Larvicide 0%,0;0.4;0.4_0;0;0_0;0;0_-100;2;5475_-100;2;5475_-100;2;5475,25.6,Prevalence,0.00640208015980324
NbyGQVwzFc_loc12_loop6,12,ITN 0%/IRS 0%/Larvicide 0%,0;0.4;0.4_0;0;0_0;0;0_-100;2;5475_-100;2;5475_-100;2;5475,25.6027397260274,Prevalence,0.00640571889769852
NbyGQVwzFc_loc12_loop6,12,ITN 0%/IRS 0%/Larvicide 0%,0;0.4;0.4_0;0;0_0;0;0_-100;2;5475_-100;2;5475_-100;2;5475,25.6054794520548,Prevalence,0.00640936217756521
NbyGQVwzFc_loc12_loop6,12,ITN 0%/IRS 0%/Larvicide 0%,0;0.4;0.4_0;0;0_0;0;0_-100;2;5475_-100;2;5475_-100;2;5475,25.6082191780822,Prevalence,0.00641300999370677
NbyGQVwzFc_loc12_loop6,12,ITN 0%/IRS 0%/Larvicide 0%,0;0.4;0.4_0;0;0_0;0;0_-100;2;5475_-100;2;5475_-100;2;5475,25.6109589041096,Prevalence,0.00641666234043881
NbyGQVwzFc_loc12_loop6,12,ITN 0%/IRS 0%/Larvicide 0%,0;0.4;0.4_0;0;0_0;0;0_-100;2;5475_-100;2;5475_-100;2;5475,25.613698630137,Prevalence,0.00642031921208882
NbyGQVwzFc_loc12_loop6,12,ITN 0%/IRS 0%/Larvicide 0%,0;0.4;0.4_0;0;0_0;0;0_-100;2;5475_-100;2;5475_-100;2;5475,25.6164383561644,Prevalence,0.00642398060299609
NbyGQVwzFc_loc12_loop6,12,ITN 0%/IRS 0%/Larvicide 0%,0;0.4;0.4_0;0;0_0;0;0_-100;2;5475_-100;2;5475_-100;2;5475,25.6191780821918,Prevalence,0.00642764650751175
NbyGQVwzFc_loc12_loop6,12,ITN 0%/IRS 0%/Larvicide 0%,0;0.4;0.4_0;0;0_0;0;0_-100;2;5475_-100;2;5475_-100;2;5475,25.6219178082192,Prevalence,0.0064313169199981
NbyGQVwzFc_loc12_loop6,12,ITN 0%/IRS 0%/Larvicide 0%,0;0.4;0.4_0;0;0_0;0;0_-100;2;5475_-100;2;5475_-100;2;5475,25.6246575342466,Prevalence,0.00643499183482851
NbyGQVwzFc_loc12_loop6,12,ITN 0%/IRS 0%/Larvicide 0%,0;0.4;0.4_0;0;0_0;0;0_-100;2;5475_-100;2;5475_-100;2;5475,25.627397260274,Prevalence,0.00643867124638735
NbyGQVwzFc_loc12_loop6,12,ITN 0%/IRS 0%/Larvicide 0%,0;0.4;0.4_0;0;0_0;0;0_-100;2;5475_-100;2;5475_-100;2;5475,25.6301369863014,Prevalence,0.00644235514906979
NbyGQVwzFc_loc12_loop6,12,ITN 0%/IRS 0%/Larvicide 0%,0;0.4;0.4_0;0;0_0;0;0_-100;2;5475_-100;2;5475_-100;2;5475,25.6328767123288,Prevalence,0.00644604353728161
NbyGQVwzFc_loc12_loop6,12,ITN 0%/IRS 0%/Larvicide 0%,0;0.4;0.4_0;0;0_0;0;0_-100;2;5475_-100;2;5475_-100;2;5475,25.6356164383562,Prevalence,0.00644973640543911
NbyGQVwzFc_loc12_loop6,12,ITN 0%/IRS 0%/Larvicide 0%,0;0.4;0.4_0;0;0_0;0;0_-100;2;5475_-100;2;5475_-100;2;5475,25.6383561643836,Prevalence,0.00645343374796878
NbyGQVwzFc_loc12_loop6,12,ITN 0%/IRS 0%/Larvicide 0%,0;0.4;0.4_0;0;0_0;0;0_-100;2;5475_-100;2;5475_-100;2;5475,25.641095890411,Prevalence,0.00645713555930726
NbyGQVwzFc_loc12_loop6,12,ITN 0%/IRS 0%/Larvicide 0%,0;0.4;0.4_0;0;0_0;0;0_-100;2;5475_-100;2;5475_-100;2;5475,25.6438356164384,Prevalence,0.00646084183390112
NbyGQVwzFc_loc12_loop6,12,ITN 0%/IRS 0%/Larvicide 0%,0;0.4;0.4_0;0;0_0;0;0_-100;2;5475_-100;2;5475_-100;2;5475,25.6465753424658,Prevalence,0.00646455256620665
NbyGQVwzFc_loc12_loop6,12,ITN 0%/IRS 0%/Larvicide 0%,0;0.4;0.4_0;0;0_0;0;0_-100;2;5475_-100;2;5475_-100;2;5475,25.6493150684932,Prevalence,0.00646826775068975
NbyGQVwzFc_loc12_loop6,12,ITN 0%/IRS 0%/Larvicide 0%,0;0.4;0.4_0;0;0_0;0;0_-100;2;5475_-100;2;5475_-100;2;5475,25.6520547945206,Prevalence,0.00647198738182571
NbyGQVwzFc_loc12_loop6,12,ITN 0%/IRS 0%/Larvicide 0%,0;0.4;0.4_0;0;0_0;0;0_-100;2;5475_-100;2;5475_-100;2;5475,25.654794520548,Prevalence,0.00647571145409907
NbyGQVwzFc_loc12_loop6,12,ITN 0%/IRS 0%/Larvicide 0%,0;0.4;0.4_0;0;0_0;0;0_-100;2;5475_-100;2;5475_-100;2;5475,25.6575342465753,Prevalence,0.00647943996200346
NbyGQVwzFc_loc12_loop6,12,ITN 0%/IRS 0%/Larvicide 0%,0;0.4;0.4_0;0;0_0;0;0_-100;2;5475_-100;2;5475_-100;2;5475,25.6602739726027,Prevalence,0.00648317290004142
NbyGQVwzFc_loc12_loop6,12,ITN 0%/IRS 0%/Larvicide 0%,0;0.4;0.4_0;0;0_0;0;0_-100;2;5475_-100;2;5475_-100;2;5475,25.6630136986301,Prevalence,0.00648691026272419
NbyGQVwzFc_loc12_loop6,12,ITN 0%/IRS 0%/Larvicide 0%,0;0.4;0.4_0;0;0_0;0;0_-100;2;5475_-100;2;5475_-100;2;5475,25.6657534246575,Prevalence,0.00649065204457164
NbyGQVwzFc_loc12_loop6,12,ITN 0%/IRS 0%/Larvicide 0%,0;0.4;0.4_0;0;0_0;0;0_-100;2;5475_-100;2;5475_-100;2;5475,25.6684931506849,Prevalence,0.00649439824011205
NbyGQVwzFc_loc12_loop6,12,ITN 0%/IRS 0%/Larvicide 0%,0;0.4;0.4_0;0;0_0;0;0_-100;2;5475_-100;2;5475_-100;2;5475,25.6712328767123,Prevalence,0.00649814884388194
NbyGQVwzFc_loc12_loop6,12,ITN 0%/IRS 0%/Larvicide 0%,0;0.4;0.4_0;0;0_0;0;0_-100;2;5475_-100;2;5475_-100;2;5475,25.6739726027397,Prevalence,0.00650190385042594
NbyGQVwzFc_loc12_loop6,12,ITN 0%/IRS 0%/Larvicide 0%,0;0.4;0.4_0;0;0_0;0;0_-100;2;5475_-100;2;5475_-100;2;5475,25.6767123287671,Prevalence,0.00650566325429665
NbyGQVwzFc_loc12_loop6,12,ITN 0%/IRS 0%/Larvicide 0%,0;0.4;0.4_0;0;0_0;0;0_-100;2;5475_-100;2;5475_-100;2;5475,25.6794520547945,Prevalence,0.00650942705005441
NbyGQVwzFc_loc12_loop6,12,ITN 0%/IRS 0%/Larvicide 0%,0;0.4;0.4_0;0;0_0;0;0_-100;2;5475_-100;2;5475_-100;2;5475,25.6821917808219,Prevalence,0.00651319523226722
NbyGQVwzFc_loc12_loop6,12,ITN 0%/IRS 0%/Larvicide 0%,0;0.4;0.4_0;0;0_0;0;0_-100;2;5475_-100;2;5475_-100;2;5475,25.6849315068493,Prevalence,0.00651696779551056
NbyGQVwzFc_loc12_loop6,12,ITN 0%/IRS 0%/Larvicide 0%,0;0.4;0.4_0;0;0_0;0;0_-100;2;5475_-100;2;5475_-100;2;5475,25.6876712328767,Prevalence,0.00652074473436721
NbyGQVwzFc_loc12_loop6,12,ITN 0%/IRS 0%/Larvicide 0%,0;0.4;0.4_0;0;0_0;0;0_-100;2;5475_-100;2;5475_-100;2;5475,25.6904109589041,Prevalence,0.00652452604342715
NbyGQVwzFc_loc12_loop6,12,ITN 0%/IRS 0%/Larvicide 0%,0;0.4;0.4_0;0;0_0;0;0_-100;2;5475_-100;2;5475_-100;2;5475,25.6931506849315,Prevalence,0.00652831171728739
NbyGQVwzFc_loc12_loop6,12,ITN 0%/IRS 0%/Larvicide 0%,0;0.4;0.4_0;0;0_0;0;0_-100;2;5475_-100;2;5475_-100;2;5475,25.6958904109589,Prevalence,0.00653210175055213
NbyGQVwzFc_loc12_loop6,12,ITN 0%/IRS 0%/Larvicide 0%,0;0.4;0.4_0;0;0_0;0;0_-100;2;5475_-100;2;5475_-100;2;5475,25.6986301369863,Prevalence,0.00653589613783203
NbyGQVwzFc_loc12_loop6,12,ITN 0%/IRS 0%/Larvicide 0%,0;0.4;0.4_0;0;0_0;0;0_-100;2;5475_-100;2;5475_-100;2;5475,25.7013698630137,Prevalence,0.00653969487374425
NbyGQVwzFc_loc12_loop6,12,ITN 0%/IRS 0%/Larvicide 0%,0;0.4;0.4_0;0;0_0;0;0_-100;2;5475_-100;2;5475_-100;2;5475,25.7041095890411,Prevalence,0.0065434979529124
NbyGQVwzFc_loc12_loop6,12,ITN 0%/IRS 0%/Larvicide 0%,0;0.4;0.4_0;0;0_0;0;0_-100;2;5475_-100;2;5475_-100;2;5475,25.7068493150685,Prevalence,0.00654730536996633
NbyGQVwzFc_loc12_loop6,12,ITN 0%/IRS 0%/Larvicide 0%,0;0.4;0.4_0;0;0_0;0;0_-100;2;5475_-100;2;5475_-100;2;5475,25.7095890410959,Prevalence,0.00655111711954208
NbyGQVwzFc_loc12_loop6,12,ITN 0%/IRS 0%/Larvicide 0%,0;0.4;0.4_0;0;0_0;0;0_-100;2;5475_-100;2;5475_-100;2;5475,25.7123287671233,Prevalence,0.00655493319628166
NbyGQVwzFc_loc12_loop6,12,ITN 0%/IRS 0%/Larvicide 0%,0;0.4;0.4_0;0;0_0;0;0_-100;2;5475_-100;2;5475_-100;2;5475,25.7150684931507,Prevalence,0.00655875359483296
NbyGQVwzFc_loc12_loop6,12,ITN 0%/IRS 0%/Larvicide 0%,0;0.4;0.4_0;0;0_0;0;0_-100;2;5475_-100;2;5475_-100;2;5475,25.7178082191781,Prevalence,0.00656257830984959
NbyGQVwzFc_loc12_loop6,12,ITN 0%/IRS 0%/Larvicide 0%,0;0.4;0.4_0;0;0_0;0;0_-100;2;5475_-100;2;5475_-100;2;5475,25.7205479452055,Prevalence,0.00656640733599074
NbyGQVwzFc_loc12_loop6,12,ITN 0%/IRS 0%/Larvicide 0%,0;0.4;0.4_0;0;0_0;0;0_-100;2;5475_-100;2;5475_-100;2;5475,25.7232876712329,Prevalence,0.00657024066792102
NbyGQVwzFc_loc12_loop6,12,ITN 0%/IRS 0%/Larvicide 0%,0;0.4;0.4_0;0;0_0;0;0_-100;2;5475_-100;2;5475_-100;2;5475,25.7260273972603,Prevalence,0.00657407830031041
NbyGQVwzFc_loc12_loop6,12,ITN 0%/IRS 0%/Larvicide 0%,0;0.4;0.4_0;0;0_0;0;0_-100;2;5475_-100;2;5475_-100;2;5475,25.7287671232877,Prevalence,0.00657792022783402
NbyGQVwzFc_loc12_loop6,12,ITN 0%/IRS 0%/Larvicide 0%,0;0.4;0.4_0;0;0_0;0;0_-100;2;5475_-100;2;5475_-100;2;5475,25.7315068493151,Prevalence,0.006581766445172
NbyGQVwzFc_loc12_loop6,12,ITN 0%/IRS 0%/Larvicide 0%,0;0.4;0.4_0;0;0_0;0;0_-100;2;5475_-100;2;5475_-100;2;5475,25.7342465753425,Prevalence,0.00658561694700946
NbyGQVwzFc_loc12_loop6,12,ITN 0%/IRS 0%/Larvicide 0%,0;0.4;0.4_0;0;0_0;0;0_-100;2;5475_-100;2;5475_-100;2;5475,25.7369863013699,Prevalence,0.00658947172803623
NbyGQVwzFc_loc12_loop6,12,ITN 0%/IRS 0%/Larvicide 0%,0;0.4;0.4_0;0;0_0;0;0_-100;2;5475_-100;2;5475_-100;2;5475,25.7397260273973,Prevalence,0.00659333078294683
NbyGQVwzFc_loc12_loop6,12,ITN 0%/IRS 0%/Larvicide 0%,0;0.4;0.4_0;0;0_0;0;0_-100;2;5475_-100;2;5475_-100;2;5475,25.7424657534247,Prevalence,0.00659719410644027
NbyGQVwzFc_loc12_loop6,12,ITN 0%/IRS 0%/Larvicide 0%,0;0.4;0.4_0;0;0_0;0;0_-100;2;5475_-100;2;5475_-100;2;5475,25.7452054794521,Prevalence,0.00660106169322
NbyGQVwzFc_loc12_loop6,12,ITN 0%/IRS 0%/Larvicide 0%,0;0.4;0.4_0;0;0_0;0;0_-100;2;5475_-100;2;5475_-100;2;5475,25.7479452054795,Prevalence,0.00660493353799367
NbyGQVwzFc_loc12_loop6,12,ITN 0%/IRS 0%/Larvicide 0%,0;0.4;0.4_0;0;0_0;0;0_-100;2;5475_-100;2;5475_-100;2;5475,25.7506849315069,Prevalence,0.00660880963547313
NbyGQVwzFc_loc12_loop6,12,ITN 0%/IRS 0%/Larvicide 0%,0;0.4;0.4_0;0;0_0;0;0_-100;2;5475_-100;2;5475_-100;2;5475,25.7534246575342,Prevalence,0.00661268998037421
NbyGQVwzFc_loc12_loop6,12,ITN 0%/IRS 0%/Larvicide 0%,0;0.4;0.4_0;0;0_0;0;0_-100;2;5475_-100;2;5475_-100;2;5475,25.7561643835616,Prevalence,0.00661657456741664
NbyGQVwzFc_loc12_loop6,12,ITN 0%/IRS 0%/Larvicide 0%,0;0.4;0.4_0;0;0_0;0;0_-100;2;5475_-100;2;5475_-100;2;5475,25.758904109589,Prevalence,0.00662046339132393
NbyGQVwzFc_loc12_loop6,12,ITN 0%/IRS 0%/Larvicide 0%,0;0.4;0.4_0;0;0_0;0;0_-100;2;5475_-100;2;5475_-100;2;5475,25.7616438356164,Prevalence,0.00662435644682322
NbyGQVwzFc_loc12_loop6,12,ITN 0%/IRS 0%/Larvicide 0%,0;0.4;0.4_0;0;0_0;0;0_-100;2;5475_-100;2;5475_-100;2;5475,25.7643835616438,Prevalence,0.00662825372864519
NbyGQVwzFc_loc12_loop6,12,ITN 0%/IRS 0%/Larvicide 0%,0;0.4;0.4_0;0;0_0;0;0_-100;2;5475_-100;2;5475_-100;2;5475,25.7671232876712,Prevalence,0.00663215523152391
NbyGQVwzFc_loc12_loop6,12,ITN 0%/IRS 0%/Larvicide 0%,0;0.4;0.4_0;0;0_0;0;0_-100;2;5475_-100;2;5475_-100;2;5475,25.7698630136986,Prevalence,0.00663606095019679
NbyGQVwzFc_loc12_loop6,12,ITN 0%/IRS 0%/Larvicide 0%,0;0.4;0.4_0;0;0_0;0;0_-100;2;5475_-100;2;5475_-100;2;5475,25.772602739726,Prevalence,0.0066399708794044
NbyGQVwzFc_loc12_loop6,12,ITN 0%/IRS 0%/Larvicide 0%,0;0.4;0.4_0;0;0_0;0;0_-100;2;5475_-100;2;5475_-100;2;5475,25.7753424657534,Prevalence,0.00664388501389067
NbyGQVwzFc_loc12_loop6,12,ITN 0%/IRS 0%/Larvicide 0%,0;0.4;0.4_0;0;0_0;0;0_-100;2;5475_-100;2;5475_-100;2;5475,25.7780821917808,Prevalence,0.00664780334840216
NbyGQVwzFc_loc12_loop6,12,ITN 0%/IRS 0%/Larvicide 0%,0;0.4;0.4_0;0;0_0;0;0_-100;2;5475_-100;2;5475_-100;2;5475,25.7808219178082,Prevalence,0.00665172587768821
NbyGQVwzFc_loc12_loop6,12,ITN 0%/IRS 0%/Larvicide 0%,0;0.4;0.4_0;0;0_0;0;0_-100;2;5475_-100;2;5475_-100;2;5475,25.7835616438356,Prevalence,0.00665565259650088
NbyGQVwzFc_loc12_loop6,12,ITN 0%/IRS 0%/Larvicide 0%,0;0.4;0.4_0;0;0_0;0;0_-100;2;5475_-100;2;5475_-100;2;5475,25.786301369863,Prevalence,0.00665958349959479
NbyGQVwzFc_loc12_loop6,12,ITN 0%/IRS 0%/Larvicide 0%,0;0.4;0.4_0;0;0_0;0;0_-100;2;5475_-100;2;5475_-100;2;5475,25.7890410958904,Prevalence,0.00666351858172708
NbyGQVwzFc_loc12_loop6,12,ITN 0%/IRS 0%/Larvicide 0%,0;0.4;0.4_0;0;0_0;0;0_-100;2;5475_-100;2;5475_-100;2;5475,25.7917808219178,Prevalence,0.00666745783765728
NbyGQVwzFc_loc12_loop6,12,ITN 0%/IRS 0%/Larvicide 0%,0;0.4;0.4_0;0;0_0;0;0_-100;2;5475_-100;2;5475_-100;2;5475,25.7945205479452,Prevalence,0.00667140126214715
NbyGQVwzFc_loc12_loop6,12,ITN 0%/IRS 0%/Larvicide 0%,0;0.4;0.4_0;0;0_0;0;0_-100;2;5475_-100;2;5475_-100;2;5475,25.7972602739726,Prevalence,0.00667534884996062
NbyGQVwzFc_loc12_loop6,12,ITN 0%/IRS 0%/Larvicide 0%,0;0.4;0.4_0;0;0_0;0;0_-100;2;5475_-100;2;5475_-100;2;5475,25.8,Prevalence,0.00667930059586369
NbyGQVwzFc_loc12_loop6,12,ITN 0%/IRS 0%/Larvicide 0%,0;0.4;0.4_0;0;0_0;0;0_-100;2;5475_-100;2;5475_-100;2;5475,25.8027397260274,Prevalence,0.00668325649462428
NbyGQVwzFc_loc12_loop6,12,ITN 0%/IRS 0%/Larvicide 0%,0;0.4;0.4_0;0;0_0;0;0_-100;2;5475_-100;2;5475_-100;2;5475,25.8054794520548,Prevalence,0.00668721654101215
NbyGQVwzFc_loc12_loop6,12,ITN 0%/IRS 0%/Larvicide 0%,0;0.4;0.4_0;0;0_0;0;0_-100;2;5475_-100;2;5475_-100;2;5475,25.8082191780822,Prevalence,0.00669118072979883
NbyGQVwzFc_loc12_loop6,12,ITN 0%/IRS 0%/Larvicide 0%,0;0.4;0.4_0;0;0_0;0;0_-100;2;5475_-100;2;5475_-100;2;5475,25.8109589041096,Prevalence,0.00669514905575742
NbyGQVwzFc_loc12_loop6,12,ITN 0%/IRS 0%/Larvicide 0%,0;0.4;0.4_0;0;0_0;0;0_-100;2;5475_-100;2;5475_-100;2;5475,25.813698630137,Prevalence,0.00669912151366261
NbyGQVwzFc_loc12_loop6,12,ITN 0%/IRS 0%/Larvicide 0%,0;0.4;0.4_0;0;0_0;0;0_-100;2;5475_-100;2;5475_-100;2;5475,25.8164383561644,Prevalence,0.00670309809829048
NbyGQVwzFc_loc12_loop6,12,ITN 0%/IRS 0%/Larvicide 0%,0;0.4;0.4_0;0;0_0;0;0_-100;2;5475_-100;2;5475_-100;2;5475,25.8191780821918,Prevalence,0.00670707880441847
NbyGQVwzFc_loc12_loop6,12,ITN 0%/IRS 0%/Larvicide 0%,0;0.4;0.4_0;0;0_0;0;0_-100;2;5475_-100;2;5475_-100;2;5475,25.8219178082192,Prevalence,0.00671106362682519
NbyGQVwzFc_loc12_loop6,12,ITN 0%/IRS 0%/Larvicide 0%,0;0.4;0.4_0;0;0_0;0;0_-100;2;5475_-100;2;5475_-100;2;5475,25.8246575342466,Prevalence,0.00671505256029044
NbyGQVwzFc_loc12_loop6,12,ITN 0%/IRS 0%/Larvicide 0%,0;0.4;0.4_0;0;0_0;0;0_-100;2;5475_-100;2;5475_-100;2;5475,25.827397260274,Prevalence,0.00671904559959498
NbyGQVwzFc_loc12_loop6,12,ITN 0%/IRS 0%/Larvicide 0%,0;0.4;0.4_0;0;0_0;0;0_-100;2;5475_-100;2;5475_-100;2;5475,25.8301369863014,Prevalence,0.00672304273952058
NbyGQVwzFc_loc12_loop6,12,ITN 0%/IRS 0%/Larvicide 0%,0;0.4;0.4_0;0;0_0;0;0_-100;2;5475_-100;2;5475_-100;2;5475,25.8328767123288,Prevalence,0.00672704397484979
NbyGQVwzFc_loc12_loop6,12,ITN 0%/IRS 0%/Larvicide 0%,0;0.4;0.4_0;0;0_0;0;0_-100;2;5475_-100;2;5475_-100;2;5475,25.8356164383562,Prevalence,0.00673104930036592
NbyGQVwzFc_loc12_loop6,12,ITN 0%/IRS 0%/Larvicide 0%,0;0.4;0.4_0;0;0_0;0;0_-100;2;5475_-100;2;5475_-100;2;5475,25.8383561643836,Prevalence,0.00673505871085291
NbyGQVwzFc_loc12_loop6,12,ITN 0%/IRS 0%/Larvicide 0%,0;0.4;0.4_0;0;0_0;0;0_-100;2;5475_-100;2;5475_-100;2;5475,25.841095890411,Prevalence,0.00673907220109526
NbyGQVwzFc_loc12_loop6,12,ITN 0%/IRS 0%/Larvicide 0%,0;0.4;0.4_0;0;0_0;0;0_-100;2;5475_-100;2;5475_-100;2;5475,25.8438356164384,Prevalence,0.00674308976587796
NbyGQVwzFc_loc12_loop6,12,ITN 0%/IRS 0%/Larvicide 0%,0;0.4;0.4_0;0;0_0;0;0_-100;2;5475_-100;2;5475_-100;2;5475,25.8465753424658,Prevalence,0.00674711139998633
NbyGQVwzFc_loc12_loop6,12,ITN 0%/IRS 0%/Larvicide 0%,0;0.4;0.4_0;0;0_0;0;0_-100;2;5475_-100;2;5475_-100;2;5475,25.8493150684932,Prevalence,0.00675113709820596
NbyGQVwzFc_loc12_loop6,12,ITN 0%/IRS 0%/Larvicide 0%,0;0.4;0.4_0;0;0_0;0;0_-100;2;5475_-100;2;5475_-100;2;5475,25.8520547945206,Prevalence,0.00675516685532264
NbyGQVwzFc_loc12_loop6,12,ITN 0%/IRS 0%/Larvicide 0%,0;0.4;0.4_0;0;0_0;0;0_-100;2;5475_-100;2;5475_-100;2;5475,25.854794520548,Prevalence,0.00675920066612231
NbyGQVwzFc_loc12_loop6,12,ITN 0%/IRS 0%/Larvicide 0%,0;0.4;0.4_0;0;0_0;0;0_-100;2;5475_-100;2;5475_-100;2;5475,25.8575342465753,Prevalence,0.00676323852539113
NbyGQVwzFc_loc12_loop6,12,ITN 0%/IRS 0%/Larvicide 0%,0;0.4;0.4_0;0;0_0;0;0_-100;2;5475_-100;2;5475_-100;2;5475,25.8602739726027,Prevalence,0.00676728042791492
NbyGQVwzFc_loc12_loop6,12,ITN 0%/IRS 0%/Larvicide 0%,0;0.4;0.4_0;0;0_0;0;0_-100;2;5475_-100;2;5475_-100;2;5475,25.8630136986301,Prevalence,0.00677132636847928
NbyGQVwzFc_loc12_loop6,12,ITN 0%/IRS 0%/Larvicide 0%,0;0.4;0.4_0;0;0_0;0;0_-100;2;5475_-100;2;5475_-100;2;5475,25.8657534246575,Prevalence,0.00677537634186953
NbyGQVwzFc_loc12_loop6,12,ITN 0%/IRS 0%/Larvicide 0%,0;0.4;0.4_0;0;0_0;0;0_-100;2;5475_-100;2;5475_-100;2;5475,25.8684931506849,Prevalence,0.00677943034287065
NbyGQVwzFc_loc12_loop6,12,ITN 0%/IRS 0%/Larvicide 0%,0;0.4;0.4_0;0;0_0;0;0_-100;2;5475_-100;2;5475_-100;2;5475,25.8712328767123,Prevalence,0.00678348836626721
NbyGQVwzFc_loc12_loop6,12,ITN 0%/IRS 0%/Larvicide 0%,0;0.4;0.4_0;0;0_0;0;0_-100;2;5475_-100;2;5475_-100;2;5475,25.8739726027397,Prevalence,0.00678755040684326
NbyGQVwzFc_loc12_loop6,12,ITN 0%/IRS 0%/Larvicide 0%,0;0.4;0.4_0;0;0_0;0;0_-100;2;5475_-100;2;5475_-100;2;5475,25.8767123287671,Prevalence,0.00679161645938226
NbyGQVwzFc_loc12_loop6,12,ITN 0%/IRS 0%/Larvicide 0%,0;0.4;0.4_0;0;0_0;0;0_-100;2;5475_-100;2;5475_-100;2;5475,25.8794520547945,Prevalence,0.00679568651866698
NbyGQVwzFc_loc12_loop6,12,ITN 0%/IRS 0%/Larvicide 0%,0;0.4;0.4_0;0;0_0;0;0_-100;2;5475_-100;2;5475_-100;2;5475,25.8821917808219,Prevalence,0.00679976057947945
NbyGQVwzFc_loc12_loop6,12,ITN 0%/IRS 0%/Larvicide 0%,0;0.4;0.4_0;0;0_0;0;0_-100;2;5475_-100;2;5475_-100;2;5475,25.8849315068493,Prevalence,0.00680383863660086
NbyGQVwzFc_loc12_loop6,12,ITN 0%/IRS 0%/Larvicide 0%,0;0.4;0.4_0;0;0_0;0;0_-100;2;5475_-100;2;5475_-100;2;5475,25.8876712328767,Prevalence,0.00680792068481148
NbyGQVwzFc_loc12_loop6,12,ITN 0%/IRS 0%/Larvicide 0%,0;0.4;0.4_0;0;0_0;0;0_-100;2;5475_-100;2;5475_-100;2;5475,25.8904109589041,Prevalence,0.00681200671889058
NbyGQVwzFc_loc12_loop6,12,ITN 0%/IRS 0%/Larvicide 0%,0;0.4;0.4_0;0;0_0;0;0_-100;2;5475_-100;2;5475_-100;2;5475,25.8931506849315,Prevalence,0.00681609673361635
NbyGQVwzFc_loc12_loop6,12,ITN 0%/IRS 0%/Larvicide 0%,0;0.4;0.4_0;0;0_0;0;0_-100;2;5475_-100;2;5475_-100;2;5475,25.8958904109589,Prevalence,0.00682019072376585
NbyGQVwzFc_loc12_loop6,12,ITN 0%/IRS 0%/Larvicide 0%,0;0.4;0.4_0;0;0_0;0;0_-100;2;5475_-100;2;5475_-100;2;5475,25.8986301369863,Prevalence,0.00682428868411488
NbyGQVwzFc_loc12_loop6,12,ITN 0%/IRS 0%/Larvicide 0%,0;0.4;0.4_0;0;0_0;0;0_-100;2;5475_-100;2;5475_-100;2;5475,25.9013698630137,Prevalence,0.00682839060943796
NbyGQVwzFc_loc12_loop6,12,ITN 0%/IRS 0%/Larvicide 0%,0;0.4;0.4_0;0;0_0;0;0_-100;2;5475_-100;2;5475_-100;2;5475,25.9041095890411,Prevalence,0.00683249649450822
NbyGQVwzFc_loc12_loop6,12,ITN 0%/IRS 0%/Larvicide 0%,0;0.4;0.4_0;0;0_0;0;0_-100;2;5475_-100;2;5475_-100;2;5475,25.9068493150685,Prevalence,0.00683660633409733
NbyGQVwzFc_loc12_loop6,12,ITN 0%/IRS 0%/Larvicide 0%,0;0.4;0.4_0;0;0_0;0;0_-100;2;5475_-100;2;5475_-100;2;5475,25.9095890410959,Prevalence,0.00684072012297544
NbyGQVwzFc_loc12_loop6,12,ITN 0%/IRS 0%/Larvicide 0%,0;0.4;0.4_0;0;0_0;0;0_-100;2;5475_-100;2;5475_-100;2;5475,25.9123287671233,Prevalence,0.0068448378559111
NbyGQVwzFc_loc12_loop6,12,ITN 0%/IRS 0%/Larvicide 0%,0;0.4;0.4_0;0;0_0;0;0_-100;2;5475_-100;2;5475_-100;2;5475,25.9150684931507,Prevalence,0.00684895952767117
NbyGQVwzFc_loc12_loop6,12,ITN 0%/IRS 0%/Larvicide 0%,0;0.4;0.4_0;0;0_0;0;0_-100;2;5475_-100;2;5475_-100;2;5475,25.9178082191781,Prevalence,0.00685308513302078
NbyGQVwzFc_loc12_loop6,12,ITN 0%/IRS 0%/Larvicide 0%,0;0.4;0.4_0;0;0_0;0;0_-100;2;5475_-100;2;5475_-100;2;5475,25.9205479452055,Prevalence,0.00685721466672324
NbyGQVwzFc_loc12_loop6,12,ITN 0%/IRS 0%/Larvicide 0%,0;0.4;0.4_0;0;0_0;0;0_-100;2;5475_-100;2;5475_-100;2;5475,25.9232876712329,Prevalence,0.00686134812353997
NbyGQVwzFc_loc12_loop6,12,ITN 0%/IRS 0%/Larvicide 0%,0;0.4;0.4_0;0;0_0;0;0_-100;2;5475_-100;2;5475_-100;2;5475,25.9260273972603,Prevalence,0.00686548549823043
NbyGQVwzFc_loc12_loop6,12,ITN 0%/IRS 0%/Larvicide 0%,0;0.4;0.4_0;0;0_0;0;0_-100;2;5475_-100;2;5475_-100;2;5475,25.9287671232877,Prevalence,0.00686962678555208
NbyGQVwzFc_loc12_loop6,12,ITN 0%/IRS 0%/Larvicide 0%,0;0.4;0.4_0;0;0_0;0;0_-100;2;5475_-100;2;5475_-100;2;5475,25.9315068493151,Prevalence,0.00687377198026023
NbyGQVwzFc_loc12_loop6,12,ITN 0%/IRS 0%/Larvicide 0%,0;0.4;0.4_0;0;0_0;0;0_-100;2;5475_-100;2;5475_-100;2;5475,25.9342465753425,Prevalence,0.0068779210771081
NbyGQVwzFc_loc12_loop6,12,ITN 0%/IRS 0%/Larvicide 0%,0;0.4;0.4_0;0;0_0;0;0_-100;2;5475_-100;2;5475_-100;2;5475,25.9369863013699,Prevalence,0.00688207407084663
NbyGQVwzFc_loc12_loop6,12,ITN 0%/IRS 0%/Larvicide 0%,0;0.4;0.4_0;0;0_0;0;0_-100;2;5475_-100;2;5475_-100;2;5475,25.9397260273973,Prevalence,0.00688623095622449
NbyGQVwzFc_loc12_loop6,12,ITN 0%/IRS 0%/Larvicide 0%,0;0.4;0.4_0;0;0_0;0;0_-100;2;5475_-100;2;5475_-100;2;5475,25.9424657534247,Prevalence,0.00689039172798823
NbyGQVwzFc_loc12_loop6,12,ITN 0%/IRS 0%/Larvicide 0%,0;0.4;0.4_0;0;0_0;0;0_-100;2;5475_-100;2;5475_-100;2;5475,25.9452054794521,Prevalence,0.00689455638088176
NbyGQVwzFc_loc12_loop6,12,ITN 0%/IRS 0%/Larvicide 0%,0;0.4;0.4_0;0;0_0;0;0_-100;2;5475_-100;2;5475_-100;2;5475,25.9479452054795,Prevalence,0.0068987249096464
NbyGQVwzFc_loc12_loop6,12,ITN 0%/IRS 0%/Larvicide 0%,0;0.4;0.4_0;0;0_0;0;0_-100;2;5475_-100;2;5475_-100;2;5475,25.9506849315069,Prevalence,0.00690289730902091
NbyGQVwzFc_loc12_loop6,12,ITN 0%/IRS 0%/Larvicide 0%,0;0.4;0.4_0;0;0_0;0;0_-100;2;5475_-100;2;5475_-100;2;5475,25.9534246575343,Prevalence,0.00690707357374144
NbyGQVwzFc_loc12_loop6,12,ITN 0%/IRS 0%/Larvicide 0%,0;0.4;0.4_0;0;0_0;0;0_-100;2;5475_-100;2;5475_-100;2;5475,25.9561643835616,Prevalence,0.00691125369854148
NbyGQVwzFc_loc12_loop6,12,ITN 0%/IRS 0%/Larvicide 0%,0;0.4;0.4_0;0;0_0;0;0_-100;2;5475_-100;2;5475_-100;2;5475,25.958904109589,Prevalence,0.00691543767815173
NbyGQVwzFc_loc12_loop6,12,ITN 0%/IRS 0%/Larvicide 0%,0;0.4;0.4_0;0;0_0;0;0_-100;2;5475_-100;2;5475_-100;2;5475,25.9616438356164,Prevalence,0.00691962550730014
NbyGQVwzFc_loc12_loop6,12,ITN 0%/IRS 0%/Larvicide 0%,0;0.4;0.4_0;0;0_0;0;0_-100;2;5475_-100;2;5475_-100;2;5475,25.9643835616438,Prevalence,0.00692381718071176
NbyGQVwzFc_loc12_loop6,12,ITN 0%/IRS 0%/Larvicide 0%,0;0.4;0.4_0;0;0_0;0;0_-100;2;5475_-100;2;5475_-100;2;5475,25.9671232876712,Prevalence,0.00692801269310874
NbyGQVwzFc_loc12_loop6,12,ITN 0%/IRS 0%/Larvicide 0%,0;0.4;0.4_0;0;0_0;0;0_-100;2;5475_-100;2;5475_-100;2;5475,25.9698630136986,Prevalence,0.00693221203921026
NbyGQVwzFc_loc12_loop6,12,ITN 0%/IRS 0%/Larvicide 0%,0;0.4;0.4_0;0;0_0;0;0_-100;2;5475_-100;2;5475_-100;2;5475,25.972602739726,Prevalence,0.00693641521373244
NbyGQVwzFc_loc12_loop6,12,ITN 0%/IRS 0%/Larvicide 0%,0;0.4;0.4_0;0;0_0;0;0_-100;2;5475_-100;2;5475_-100;2;5475,25.9753424657534,Prevalence,0.00694062221138834
NbyGQVwzFc_loc12_loop6,12,ITN 0%/IRS 0%/Larvicide 0%,0;0.4;0.4_0;0;0_0;0;0_-100;2;5475_-100;2;5475_-100;2;5475,25.9780821917808,Prevalence,0.00694483302688782
NbyGQVwzFc_loc12_loop6,12,ITN 0%/IRS 0%/Larvicide 0%,0;0.4;0.4_0;0;0_0;0;0_-100;2;5475_-100;2;5475_-100;2;5475,25.9808219178082,Prevalence,0.00694904765493757
NbyGQVwzFc_loc12_loop6,12,ITN 0%/IRS 0%/Larvicide 0%,0;0.4;0.4_0;0;0_0;0;0_-100;2;5475_-100;2;5475_-100;2;5475,25.9835616438356,Prevalence,0.006953266090241
NbyGQVwzFc_loc12_loop6,12,ITN 0%/IRS 0%/Larvicide 0%,0;0.4;0.4_0;0;0_0;0;0_-100;2;5475_-100;2;5475_-100;2;5475,25.986301369863,Prevalence,0.00695748832749821
NbyGQVwzFc_loc12_loop6,12,ITN 0%/IRS 0%/Larvicide 0%,0;0.4;0.4_0;0;0_0;0;0_-100;2;5475_-100;2;5475_-100;2;5475,25.9890410958904,Prevalence,0.00696171436140592
NbyGQVwzFc_loc12_loop6,12,ITN 0%/IRS 0%/Larvicide 0%,0;0.4;0.4_0;0;0_0;0;0_-100;2;5475_-100;2;5475_-100;2;5475,25.9917808219178,Prevalence,0.00696594418665742
NbyGQVwzFc_loc12_loop6,12,ITN 0%/IRS 0%/Larvicide 0%,0;0.4;0.4_0;0;0_0;0;0_-100;2;5475_-100;2;5475_-100;2;5475,25.9945205479452,Prevalence,0.00697017779794253
NbyGQVwzFc_loc12_loop6,12,ITN 0%/IRS 0%/Larvicide 0%,0;0.4;0.4_0;0;0_0;0;0_-100;2;5475_-100;2;5475_-100;2;5475,25.9972602739726,Prevalence,0.00697441518994754
NbyGQVwzFc_loc12_loop6,12,ITN 0%/IRS 0%/Larvicide 0%,0;0.4;0.4_0;0;0_0;0;0_-100;2;5475_-100;2;5475_-100;2;5475,26,Prevalence,0.00697865635735513
NbyGQVwzFc_loc12_loop6,12,ITN 0%/IRS 0%/Larvicide 0%,0;0.4;0.4_0;0;0_0;0;0_-100;2;5475_-100;2;5475_-100;2;5475,26.0027397260274,Prevalence,0.00698290129484437
NbyGQVwzFc_loc12_loop6,12,ITN 0%/IRS 0%/Larvicide 0%,0;0.4;0.4_0;0;0_0;0;0_-100;2;5475_-100;2;5475_-100;2;5475,26.0054794520548,Prevalence,0.00698714999709061
NbyGQVwzFc_loc12_loop6,12,ITN 0%/IRS 0%/Larvicide 0%,0;0.4;0.4_0;0;0_0;0;0_-100;2;5475_-100;2;5475_-100;2;5475,26.0082191780822,Prevalence,0.00699140245876556
NbyGQVwzFc_loc12_loop6,12,ITN 0%/IRS 0%/Larvicide 0%,0;0.4;0.4_0;0;0_0;0;0_-100;2;5475_-100;2;5475_-100;2;5475,26.0109589041096,Prevalence,0.006995658674537
NbyGQVwzFc_loc12_loop6,12,ITN 0%/IRS 0%/Larvicide 0%,0;0.4;0.4_0;0;0_0;0;0_-100;2;5475_-100;2;5475_-100;2;5475,26.013698630137,Prevalence,0.00699991863906894
NbyGQVwzFc_loc12_loop6,12,ITN 0%/IRS 0%/Larvicide 0%,0;0.4;0.4_0;0;0_0;0;0_-100;2;5475_-100;2;5475_-100;2;5475,26.0164383561644,Prevalence,0.00700418234702154
NbyGQVwzFc_loc12_loop6,12,ITN 0%/IRS 0%/Larvicide 0%,0;0.4;0.4_0;0;0_0;0;0_-100;2;5475_-100;2;5475_-100;2;5475,26.0191780821918,Prevalence,0.00700844979305098
NbyGQVwzFc_loc12_loop6,12,ITN 0%/IRS 0%/Larvicide 0%,0;0.4;0.4_0;0;0_0;0;0_-100;2;5475_-100;2;5475_-100;2;5475,26.0219178082192,Prevalence,0.00701272097180944
NbyGQVwzFc_loc12_loop6,12,ITN 0%/IRS 0%/Larvicide 0%,0;0.4;0.4_0;0;0_0;0;0_-100;2;5475_-100;2;5475_-100;2;5475,26.0246575342466,Prevalence,0.00701699587794516
NbyGQVwzFc_loc12_loop6,12,ITN 0%/IRS 0%/Larvicide 0%,0;0.4;0.4_0;0;0_0;0;0_-100;2;5475_-100;2;5475_-100;2;5475,26.027397260274,Prevalence,0.00702127450610222
NbyGQVwzFc_loc12_loop6,12,ITN 0%/IRS 0%/Larvicide 0%,0;0.4;0.4_0;0;0_0;0;0_-100;2;5475_-100;2;5475_-100;2;5475,26.0301369863014,Prevalence,0.00702555685092067
NbyGQVwzFc_loc12_loop6,12,ITN 0%/IRS 0%/Larvicide 0%,0;0.4;0.4_0;0;0_0;0;0_-100;2;5475_-100;2;5475_-100;2;5475,26.0328767123288,Prevalence,0.00702984290703655
NbyGQVwzFc_loc12_loop6,12,ITN 0%/IRS 0%/Larvicide 0%,0;0.4;0.4_0;0;0_0;0;0_-100;2;5475_-100;2;5475_-100;2;5475,26.0356164383562,Prevalence,0.00703413266908009
NbyGQVwzFc_loc12_loop6,12,ITN 0%/IRS 0%/Larvicide 0%,0;0.4;0.4_0;0;0_0;0;0_-100;2;5475_-100;2;5475_-100;2;5475,26.0383561643836,Prevalence,0.00703842613168166
NbyGQVwzFc_loc12_loop6,12,ITN 0%/IRS 0%/Larvicide 0%,0;0.4;0.4_0;0;0_0;0;0_-100;2;5475_-100;2;5475_-100;2;5475,26.041095890411,Prevalence,0.00704272328946159
NbyGQVwzFc_loc12_loop6,12,ITN 0%/IRS 0%/Larvicide 0%,0;0.4;0.4_0;0;0_0;0;0_-100;2;5475_-100;2;5475_-100;2;5475,26.0438356164384,Prevalence,0.00704702413703904
NbyGQVwzFc_loc12_loop6,12,ITN 0%/IRS 0%/Larvicide 0%,0;0.4;0.4_0;0;0_0;0;0_-100;2;5475_-100;2;5475_-100;2;5475,26.0465753424658,Prevalence,0.00705132866902927
NbyGQVwzFc_loc12_loop6,12,ITN 0%/IRS 0%/Larvicide 0%,0;0.4;0.4_0;0;0_0;0;0_-100;2;5475_-100;2;5475_-100;2;5475,26.0493150684932,Prevalence,0.00705563688004119
NbyGQVwzFc_loc12_loop6,12,ITN 0%/IRS 0%/Larvicide 0%,0;0.4;0.4_0;0;0_0;0;0_-100;2;5475_-100;2;5475_-100;2;5475,26.0520547945205,Prevalence,0.00705994876468018
NbyGQVwzFc_loc12_loop6,12,ITN 0%/IRS 0%/Larvicide 0%,0;0.4;0.4_0;0;0_0;0;0_-100;2;5475_-100;2;5475_-100;2;5475,26.0547945205479,Prevalence,0.00706426431754739
NbyGQVwzFc_loc12_loop6,12,ITN 0%/IRS 0%/Larvicide 0%,0;0.4;0.4_0;0;0_0;0;0_-100;2;5475_-100;2;5475_-100;2;5475,26.0575342465753,Prevalence,0.00706858353323865
NbyGQVwzFc_loc12_loop6,12,ITN 0%/IRS 0%/Larvicide 0%,0;0.4;0.4_0;0;0_0;0;0_-100;2;5475_-100;2;5475_-100;2;5475,26.0602739726027,Prevalence,0.00707290640634712
NbyGQVwzFc_loc12_loop6,12,ITN 0%/IRS 0%/Larvicide 0%,0;0.4;0.4_0;0;0_0;0;0_-100;2;5475_-100;2;5475_-100;2;5475,26.0630136986301,Prevalence,0.00707723293145901
NbyGQVwzFc_loc12_loop6,12,ITN 0%/IRS 0%/Larvicide 0%,0;0.4;0.4_0;0;0_0;0;0_-100;2;5475_-100;2;5475_-100;2;5475,26.0657534246575,Prevalence,0.00708156310315513
NbyGQVwzFc_loc12_loop6,12,ITN 0%/IRS 0%/Larvicide 0%,0;0.4;0.4_0;0;0_0;0;0_-100;2;5475_-100;2;5475_-100;2;5475,26.0684931506849,Prevalence,0.00708589691600852
NbyGQVwzFc_loc12_loop6,12,ITN 0%/IRS 0%/Larvicide 0%,0;0.4;0.4_0;0;0_0;0;0_-100;2;5475_-100;2;5475_-100;2;5475,26.0712328767123,Prevalence,0.00709023436458885
NbyGQVwzFc_loc12_loop6,12,ITN 0%/IRS 0%/Larvicide 0%,0;0.4;0.4_0;0;0_0;0;0_-100;2;5475_-100;2;5475_-100;2;5475,26.0739726027397,Prevalence,0.00709457544348163
NbyGQVwzFc_loc12_loop6,12,ITN 0%/IRS 0%/Larvicide 0%,0;0.4;0.4_0;0;0_0;0;0_-100;2;5475_-100;2;5475_-100;2;5475,26.0767123287671,Prevalence,0.00709892014724724
NbyGQVwzFc_loc12_loop6,12,ITN 0%/IRS 0%/Larvicide 0%,0;0.4;0.4_0;0;0_0;0;0_-100;2;5475_-100;2;5475_-100;2;5475,26.0794520547945,Prevalence,0.00710326847043354
NbyGQVwzFc_loc12_loop6,12,ITN 0%/IRS 0%/Larvicide 0%,0;0.4;0.4_0;0;0_0;0;0_-100;2;5475_-100;2;5475_-100;2;5475,26.0821917808219,Prevalence,0.00710762040760166
NbyGQVwzFc_loc12_loop6,12,ITN 0%/IRS 0%/Larvicide 0%,0;0.4;0.4_0;0;0_0;0;0_-100;2;5475_-100;2;5475_-100;2;5475,26.0849315068493,Prevalence,0.00711197595330261
NbyGQVwzFc_loc12_loop6,12,ITN 0%/IRS 0%/Larvicide 0%,0;0.4;0.4_0;0;0_0;0;0_-100;2;5475_-100;2;5475_-100;2;5475,26.0876712328767,Prevalence,0.00711633510207347
NbyGQVwzFc_loc12_loop6,12,ITN 0%/IRS 0%/Larvicide 0%,0;0.4;0.4_0;0;0_0;0;0_-100;2;5475_-100;2;5475_-100;2;5475,26.0904109589041,Prevalence,0.00712069784844918
NbyGQVwzFc_loc12_loop6,12,ITN 0%/IRS 0%/Larvicide 0%,0;0.4;0.4_0;0;0_0;0;0_-100;2;5475_-100;2;5475_-100;2;5475,26.0931506849315,Prevalence,0.00712506418701716
NbyGQVwzFc_loc12_loop6,12,ITN 0%/IRS 0%/Larvicide 0%,0;0.4;0.4_0;0;0_0;0;0_-100;2;5475_-100;2;5475_-100;2;5475,26.0958904109589,Prevalence,0.00712943411223731
NbyGQVwzFc_loc12_loop6,12,ITN 0%/IRS 0%/Larvicide 0%,0;0.4;0.4_0;0;0_0;0;0_-100;2;5475_-100;2;5475_-100;2;5475,26.0986301369863,Prevalence,0.00713380761862614
NbyGQVwzFc_loc12_loop6,12,ITN 0%/IRS 0%/Larvicide 0%,0;0.4;0.4_0;0;0_0;0;0_-100;2;5475_-100;2;5475_-100;2;5475,26.1013698630137,Prevalence,0.00713818470075208
NbyGQVwzFc_loc12_loop6,12,ITN 0%/IRS 0%/Larvicide 0%,0;0.4;0.4_0;0;0_0;0;0_-100;2;5475_-100;2;5475_-100;2;5475,26.1041095890411,Prevalence,0.00714256535310726
NbyGQVwzFc_loc12_loop6,12,ITN 0%/IRS 0%/Larvicide 0%,0;0.4;0.4_0;0;0_0;0;0_-100;2;5475_-100;2;5475_-100;2;5475,26.1068493150685,Prevalence,0.00714694957018115
NbyGQVwzFc_loc12_loop6,12,ITN 0%/IRS 0%/Larvicide 0%,0;0.4;0.4_0;0;0_0;0;0_-100;2;5475_-100;2;5475_-100;2;5475,26.1095890410959,Prevalence,0.00715133734650044
NbyGQVwzFc_loc12_loop6,12,ITN 0%/IRS 0%/Larvicide 0%,0;0.4;0.4_0;0;0_0;0;0_-100;2;5475_-100;2;5475_-100;2;5475,26.1123287671233,Prevalence,0.00715572867656192
NbyGQVwzFc_loc12_loop6,12,ITN 0%/IRS 0%/Larvicide 0%,0;0.4;0.4_0;0;0_0;0;0_-100;2;5475_-100;2;5475_-100;2;5475,26.1150684931507,Prevalence,0.00716012355484372
NbyGQVwzFc_loc12_loop6,12,ITN 0%/IRS 0%/Larvicide 0%,0;0.4;0.4_0;0;0_0;0;0_-100;2;5475_-100;2;5475_-100;2;5475,26.1178082191781,Prevalence,0.00716452197584106
NbyGQVwzFc_loc12_loop6,12,ITN 0%/IRS 0%/Larvicide 0%,0;0.4;0.4_0;0;0_0;0;0_-100;2;5475_-100;2;5475_-100;2;5475,26.1205479452055,Prevalence,0.00716892393404018
NbyGQVwzFc_loc12_loop6,12,ITN 0%/IRS 0%/Larvicide 0%,0;0.4;0.4_0;0;0_0;0;0_-100;2;5475_-100;2;5475_-100;2;5475,26.1232876712329,Prevalence,0.00717332942390981
NbyGQVwzFc_loc12_loop6,12,ITN 0%/IRS 0%/Larvicide 0%,0;0.4;0.4_0;0;0_0;0;0_-100;2;5475_-100;2;5475_-100;2;5475,26.1260273972603,Prevalence,0.00717773843992211
NbyGQVwzFc_loc12_loop6,12,ITN 0%/IRS 0%/Larvicide 0%,0;0.4;0.4_0;0;0_0;0;0_-100;2;5475_-100;2;5475_-100;2;5475,26.1287671232877,Prevalence,0.00718215097654665
NbyGQVwzFc_loc12_loop6,12,ITN 0%/IRS 0%/Larvicide 0%,0;0.4;0.4_0;0;0_0;0;0_-100;2;5475_-100;2;5475_-100;2;5475,26.1315068493151,Prevalence,0.00718656702824021
NbyGQVwzFc_loc12_loop6,12,ITN 0%/IRS 0%/Larvicide 0%,0;0.4;0.4_0;0;0_0;0;0_-100;2;5475_-100;2;5475_-100;2;5475,26.1342465753425,Prevalence,0.00719098658945611
NbyGQVwzFc_loc12_loop6,12,ITN 0%/IRS 0%/Larvicide 0%,0;0.4;0.4_0;0;0_0;0;0_-100;2;5475_-100;2;5475_-100;2;5475,26.1369863013699,Prevalence,0.00719540965464574
NbyGQVwzFc_loc12_loop6,12,ITN 0%/IRS 0%/Larvicide 0%,0;0.4;0.4_0;0;0_0;0;0_-100;2;5475_-100;2;5475_-100;2;5475,26.1397260273973,Prevalence,0.00719983621825164
NbyGQVwzFc_loc12_loop6,12,ITN 0%/IRS 0%/Larvicide 0%,0;0.4;0.4_0;0;0_0;0;0_-100;2;5475_-100;2;5475_-100;2;5475,26.1424657534247,Prevalence,0.00720426627471028
NbyGQVwzFc_loc12_loop6,12,ITN 0%/IRS 0%/Larvicide 0%,0;0.4;0.4_0;0;0_0;0;0_-100;2;5475_-100;2;5475_-100;2;5475,26.1452054794521,Prevalence,0.00720869981845501
NbyGQVwzFc_loc12_loop6,12,ITN 0%/IRS 0%/Larvicide 0%,0;0.4;0.4_0;0;0_0;0;0_-100;2;5475_-100;2;5475_-100;2;5475,26.1479452054795,Prevalence,0.00721313684391247
NbyGQVwzFc_loc12_loop6,12,ITN 0%/IRS 0%/Larvicide 0%,0;0.4;0.4_0;0;0_0;0;0_-100;2;5475_-100;2;5475_-100;2;5475,26.1506849315069,Prevalence,0.00721757734550263
NbyGQVwzFc_loc12_loop6,12,ITN 0%/IRS 0%/Larvicide 0%,0;0.4;0.4_0;0;0_0;0;0_-100;2;5475_-100;2;5475_-100;2;5475,26.1534246575343,Prevalence,0.00722202131764116
NbyGQVwzFc_loc12_loop6,12,ITN 0%/IRS 0%/Larvicide 0%,0;0.4;0.4_0;0;0_0;0;0_-100;2;5475_-100;2;5475_-100;2;5475,26.1561643835617,Prevalence,0.00722646875473784
NbyGQVwzFc_loc12_loop6,12,ITN 0%/IRS 0%/Larvicide 0%,0;0.4;0.4_0;0;0_0;0;0_-100;2;5475_-100;2;5475_-100;2;5475,26.158904109589,Prevalence,0.00723091965119604
NbyGQVwzFc_loc12_loop6,12,ITN 0%/IRS 0%/Larvicide 0%,0;0.4;0.4_0;0;0_0;0;0_-100;2;5475_-100;2;5475_-100;2;5475,26.1616438356164,Prevalence,0.00723537400141386
NbyGQVwzFc_loc12_loop6,12,ITN 0%/IRS 0%/Larvicide 0%,0;0.4;0.4_0;0;0_0;0;0_-100;2;5475_-100;2;5475_-100;2;5475,26.1643835616438,Prevalence,0.00723983179978383
NbyGQVwzFc_loc12_loop6,12,ITN 0%/IRS 0%/Larvicide 0%,0;0.4;0.4_0;0;0_0;0;0_-100;2;5475_-100;2;5475_-100;2;5475,26.1671232876712,Prevalence,0.00724429304069228
NbyGQVwzFc_loc12_loop6,12,ITN 0%/IRS 0%/Larvicide 0%,0;0.4;0.4_0;0;0_0;0;0_-100;2;5475_-100;2;5475_-100;2;5475,26.1698630136986,Prevalence,0.00724875771851988
NbyGQVwzFc_loc12_loop6,12,ITN 0%/IRS 0%/Larvicide 0%,0;0.4;0.4_0;0;0_0;0;0_-100;2;5475_-100;2;5475_-100;2;5475,26.172602739726,Prevalence,0.00725322582764165
NbyGQVwzFc_loc12_loop6,12,ITN 0%/IRS 0%/Larvicide 0%,0;0.4;0.4_0;0;0_0;0;0_-100;2;5475_-100;2;5475_-100;2;5475,26.1753424657534,Prevalence,0.00725769736242659
NbyGQVwzFc_loc12_loop6,12,ITN 0%/IRS 0%/Larvicide 0%,0;0.4;0.4_0;0;0_0;0;0_-100;2;5475_-100;2;5475_-100;2;5475,26.1780821917808,Prevalence,0.00726217231723781
NbyGQVwzFc_loc12_loop6,12,ITN 0%/IRS 0%/Larvicide 0%,0;0.4;0.4_0;0;0_0;0;0_-100;2;5475_-100;2;5475_-100;2;5475,26.1808219178082,Prevalence,0.00726665068643264
NbyGQVwzFc_loc12_loop6,12,ITN 0%/IRS 0%/Larvicide 0%,0;0.4;0.4_0;0;0_0;0;0_-100;2;5475_-100;2;5475_-100;2;5475,26.1835616438356,Prevalence,0.00727113246436251
NbyGQVwzFc_loc12_loop6,12,ITN 0%/IRS 0%/Larvicide 0%,0;0.4;0.4_0;0;0_0;0;0_-100;2;5475_-100;2;5475_-100;2;5475,26.186301369863,Prevalence,0.00727561764537282
NbyGQVwzFc_loc12_loop6,12,ITN 0%/IRS 0%/Larvicide 0%,0;0.4;0.4_0;0;0_0;0;0_-100;2;5475_-100;2;5475_-100;2;5475,26.1890410958904,Prevalence,0.00728010622380313
NbyGQVwzFc_loc12_loop6,12,ITN 0%/IRS 0%/Larvicide 0%,0;0.4;0.4_0;0;0_0;0;0_-100;2;5475_-100;2;5475_-100;2;5475,26.1917808219178,Prevalence,0.007284598193987
NbyGQVwzFc_loc12_loop6,12,ITN 0%/IRS 0%/Larvicide 0%,0;0.4;0.4_0;0;0_0;0;0_-100;2;5475_-100;2;5475_-100;2;5475,26.1945205479452,Prevalence,0.00728909355025194
NbyGQVwzFc_loc12_loop6,12,ITN 0%/IRS 0%/Larvicide 0%,0;0.4;0.4_0;0;0_0;0;0_-100;2;5475_-100;2;5475_-100;2;5475,26.1972602739726,Prevalence,0.00729359228691954
NbyGQVwzFc_loc12_loop6,12,ITN 0%/IRS 0%/Larvicide 0%,0;0.4;0.4_0;0;0_0;0;0_-100;2;5475_-100;2;5475_-100;2;5475,26.2,Prevalence,0.00729809439830535
NbyGQVwzFc_loc12_loop6,12,ITN 0%/IRS 0%/Larvicide 0%,0;0.4;0.4_0;0;0_0;0;0_-100;2;5475_-100;2;5475_-100;2;5475,26.2027397260274,Prevalence,0.00730259987871887
NbyGQVwzFc_loc12_loop6,12,ITN 0%/IRS 0%/Larvicide 0%,0;0.4;0.4_0;0;0_0;0;0_-100;2;5475_-100;2;5475_-100;2;5475,26.2054794520548,Prevalence,0.00730710872246357
NbyGQVwzFc_loc12_loop6,12,ITN 0%/IRS 0%/Larvicide 0%,0;0.4;0.4_0;0;0_0;0;0_-100;2;5475_-100;2;5475_-100;2;5475,26.2082191780822,Prevalence,0.00731162092383684
NbyGQVwzFc_loc12_loop6,12,ITN 0%/IRS 0%/Larvicide 0%,0;0.4;0.4_0;0;0_0;0;0_-100;2;5475_-100;2;5475_-100;2;5475,26.2109589041096,Prevalence,0.00731613647712996
NbyGQVwzFc_loc12_loop6,12,ITN 0%/IRS 0%/Larvicide 0%,0;0.4;0.4_0;0;0_0;0;0_-100;2;5475_-100;2;5475_-100;2;5475,26.213698630137,Prevalence,0.00732065537662818
NbyGQVwzFc_loc12_loop6,12,ITN 0%/IRS 0%/Larvicide 0%,0;0.4;0.4_0;0;0_0;0;0_-100;2;5475_-100;2;5475_-100;2;5475,26.2164383561644,Prevalence,0.00732517761661056
NbyGQVwzFc_loc12_loop6,12,ITN 0%/IRS 0%/Larvicide 0%,0;0.4;0.4_0;0;0_0;0;0_-100;2;5475_-100;2;5475_-100;2;5475,26.2191780821918,Prevalence,0.00732970319135008
NbyGQVwzFc_loc12_loop6,12,ITN 0%/IRS 0%/Larvicide 0%,0;0.4;0.4_0;0;0_0;0;0_-100;2;5475_-100;2;5475_-100;2;5475,26.2219178082192,Prevalence,0.00733423209511368
NbyGQVwzFc_loc12_loop6,12,ITN 0%/IRS 0%/Larvicide 0%,0;0.4;0.4_0;0;0_0;0;0_-100;2;5475_-100;2;5475_-100;2;5475,26.2246575342466,Prevalence,0.00733876432216204
NbyGQVwzFc_loc12_loop6,12,ITN 0%/IRS 0%/Larvicide 0%,0;0.4;0.4_0;0;0_0;0;0_-100;2;5475_-100;2;5475_-100;2;5475,26.227397260274,Prevalence,0.00734329986674953
NbyGQVwzFc_loc12_loop6,12,ITN 0%/IRS 0%/Larvicide 0%,0;0.4;0.4_0;0;0_0;0;0_-100;2;5475_-100;2;5475_-100;2;5475,26.2301369863014,Prevalence,0.00734783872312435
NbyGQVwzFc_loc12_loop6,12,ITN 0%/IRS 0%/Larvicide 0%,0;0.4;0.4_0;0;0_0;0;0_-100;2;5475_-100;2;5475_-100;2;5475,26.2328767123288,Prevalence,0.00735238088552851
NbyGQVwzFc_loc12_loop6,12,ITN 0%/IRS 0%/Larvicide 0%,0;0.4;0.4_0;0;0_0;0;0_-100;2;5475_-100;2;5475_-100;2;5475,26.2356164383562,Prevalence,0.00735692634819777
NbyGQVwzFc_loc12_loop6,12,ITN 0%/IRS 0%/Larvicide 0%,0;0.4;0.4_0;0;0_0;0;0_-100;2;5475_-100;2;5475_-100;2;5475,26.2383561643836,Prevalence,0.00736147510536171
NbyGQVwzFc_loc12_loop6,12,ITN 0%/IRS 0%/Larvicide 0%,0;0.4;0.4_0;0;0_0;0;0_-100;2;5475_-100;2;5475_-100;2;5475,26.241095890411,Prevalence,0.00736602715124365
NbyGQVwzFc_loc12_loop6,12,ITN 0%/IRS 0%/Larvicide 0%,0;0.4;0.4_0;0;0_0;0;0_-100;2;5475_-100;2;5475_-100;2;5475,26.2438356164384,Prevalence,0.00737058248006066
NbyGQVwzFc_loc12_loop6,12,ITN 0%/IRS 0%/Larvicide 0%,0;0.4;0.4_0;0;0_0;0;0_-100;2;5475_-100;2;5475_-100;2;5475,26.2465753424658,Prevalence,0.00737514108602355
NbyGQVwzFc_loc12_loop6,12,ITN 0%/IRS 0%/Larvicide 0%,0;0.4;0.4_0;0;0_0;0;0_-100;2;5475_-100;2;5475_-100;2;5475,26.2493150684932,Prevalence,0.00737970296333684
NbyGQVwzFc_loc12_loop6,12,ITN 0%/IRS 0%/Larvicide 0%,0;0.4;0.4_0;0;0_0;0;0_-100;2;5475_-100;2;5475_-100;2;5475,26.2520547945205,Prevalence,0.00738426810619881
NbyGQVwzFc_loc12_loop6,12,ITN 0%/IRS 0%/Larvicide 0%,0;0.4;0.4_0;0;0_0;0;0_-100;2;5475_-100;2;5475_-100;2;5475,26.254794520548,Prevalence,0.00738883650880141
NbyGQVwzFc_loc12_loop6,12,ITN 0%/IRS 0%/Larvicide 0%,0;0.4;0.4_0;0;0_0;0;0_-100;2;5475_-100;2;5475_-100;2;5475,26.2575342465753,Prevalence,0.0073934081653303
NbyGQVwzFc_loc12_loop6,12,ITN 0%/IRS 0%/Larvicide 0%,0;0.4;0.4_0;0;0_0;0;0_-100;2;5475_-100;2;5475_-100;2;5475,26.2602739726027,Prevalence,0.00739798306996481
NbyGQVwzFc_loc12_loop6,12,ITN 0%/IRS 0%/Larvicide 0%,0;0.4;0.4_0;0;0_0;0;0_-100;2;5475_-100;2;5475_-100;2;5475,26.2630136986301,Prevalence,0.007402561216878
NbyGQVwzFc_loc12_loop6,12,ITN 0%/IRS 0%/Larvicide 0%,0;0.4;0.4_0;0;0_0;0;0_-100;2;5475_-100;2;5475_-100;2;5475,26.2657534246575,Prevalence,0.00740714260023652
NbyGQVwzFc_loc12_loop6,12,ITN 0%/IRS 0%/Larvicide 0%,0;0.4;0.4_0;0;0_0;0;0_-100;2;5475_-100;2;5475_-100;2;5475,26.2684931506849,Prevalence,0.00741172721420074
NbyGQVwzFc_loc12_loop6,12,ITN 0%/IRS 0%/Larvicide 0%,0;0.4;0.4_0;0;0_0;0;0_-100;2;5475_-100;2;5475_-100;2;5475,26.2712328767123,Prevalence,0.00741631505292465
NbyGQVwzFc_loc12_loop6,12,ITN 0%/IRS 0%/Larvicide 0%,0;0.4;0.4_0;0;0_0;0;0_-100;2;5475_-100;2;5475_-100;2;5475,26.2739726027397,Prevalence,0.00742090611055591
NbyGQVwzFc_loc12_loop6,12,ITN 0%/IRS 0%/Larvicide 0%,0;0.4;0.4_0;0;0_0;0;0_-100;2;5475_-100;2;5475_-100;2;5475,26.2767123287671,Prevalence,0.00742550038123578
NbyGQVwzFc_loc12_loop6,12,ITN 0%/IRS 0%/Larvicide 0%,0;0.4;0.4_0;0;0_0;0;0_-100;2;5475_-100;2;5475_-100;2;5475,26.2794520547945,Prevalence,0.00743009785909916
NbyGQVwzFc_loc12_loop6,12,ITN 0%/IRS 0%/Larvicide 0%,0;0.4;0.4_0;0;0_0;0;0_-100;2;5475_-100;2;5475_-100;2;5475,26.2821917808219,Prevalence,0.00743469853827458
NbyGQVwzFc_loc12_loop6,12,ITN 0%/IRS 0%/Larvicide 0%,0;0.4;0.4_0;0;0_0;0;0_-100;2;5475_-100;2;5475_-100;2;5475,26.2849315068493,Prevalence,0.00743930241288418
NbyGQVwzFc_loc12_loop6,12,ITN 0%/IRS 0%/Larvicide 0%,0;0.4;0.4_0;0;0_0;0;0_-100;2;5475_-100;2;5475_-100;2;5475,26.2876712328767,Prevalence,0.00744390947704371
NbyGQVwzFc_loc12_loop6,12,ITN 0%/IRS 0%/Larvicide 0%,0;0.4;0.4_0;0;0_0;0;0_-100;2;5475_-100;2;5475_-100;2;5475,26.2904109589041,Prevalence,0.00744851972486248
NbyGQVwzFc_loc12_loop6,12,ITN 0%/IRS 0%/Larvicide 0%,0;0.4;0.4_0;0;0_0;0;0_-100;2;5475_-100;2;5475_-100;2;5475,26.2931506849315,Prevalence,0.00745313315044345
NbyGQVwzFc_loc12_loop6,12,ITN 0%/IRS 0%/Larvicide 0%,0;0.4;0.4_0;0;0_0;0;0_-100;2;5475_-100;2;5475_-100;2;5475,26.2958904109589,Prevalence,0.00745774974788314
NbyGQVwzFc_loc12_loop6,12,ITN 0%/IRS 0%/Larvicide 0%,0;0.4;0.4_0;0;0_0;0;0_-100;2;5475_-100;2;5475_-100;2;5475,26.2986301369863,Prevalence,0.00746236951127166
NbyGQVwzFc_loc12_loop6,12,ITN 0%/IRS 0%/Larvicide 0%,0;0.4;0.4_0;0;0_0;0;0_-100;2;5475_-100;2;5475_-100;2;5475,26.3013698630137,Prevalence,0.00746699243469268
NbyGQVwzFc_loc12_loop6,12,ITN 0%/IRS 0%/Larvicide 0%,0;0.4;0.4_0;0;0_0;0;0_-100;2;5475_-100;2;5475_-100;2;5475,26.3041095890411,Prevalence,0.00747161851222347
NbyGQVwzFc_loc12_loop6,12,ITN 0%/IRS 0%/Larvicide 0%,0;0.4;0.4_0;0;0_0;0;0_-100;2;5475_-100;2;5475_-100;2;5475,26.3068493150685,Prevalence,0.00747624773793486
NbyGQVwzFc_loc12_loop6,12,ITN 0%/IRS 0%/Larvicide 0%,0;0.4;0.4_0;0;0_0;0;0_-100;2;5475_-100;2;5475_-100;2;5475,26.3095890410959,Prevalence,0.00748088010589123
NbyGQVwzFc_loc12_loop6,12,ITN 0%/IRS 0%/Larvicide 0%,0;0.4;0.4_0;0;0_0;0;0_-100;2;5475_-100;2;5475_-100;2;5475,26.3123287671233,Prevalence,0.00748551561015053
NbyGQVwzFc_loc12_loop6,12,ITN 0%/IRS 0%/Larvicide 0%,0;0.4;0.4_0;0;0_0;0;0_-100;2;5475_-100;2;5475_-100;2;5475,26.3150684931507,Prevalence,0.00749015424476427
NbyGQVwzFc_loc12_loop6,12,ITN 0%/IRS 0%/Larvicide 0%,0;0.4;0.4_0;0;0_0;0;0_-100;2;5475_-100;2;5475_-100;2;5475,26.3178082191781,Prevalence,0.0074947960037775
NbyGQVwzFc_loc12_loop6,12,ITN 0%/IRS 0%/Larvicide 0%,0;0.4;0.4_0;0;0_0;0;0_-100;2;5475_-100;2;5475_-100;2;5475,26.3205479452055,Prevalence,0.00749944088122883
NbyGQVwzFc_loc12_loop6,12,ITN 0%/IRS 0%/Larvicide 0%,0;0.4;0.4_0;0;0_0;0;0_-100;2;5475_-100;2;5475_-100;2;5475,26.3232876712329,Prevalence,0.00750408887115048
NbyGQVwzFc_loc12_loop6,12,ITN 0%/IRS 0%/Larvicide 0%,0;0.4;0.4_0;0;0_0;0;0_-100;2;5475_-100;2;5475_-100;2;5475,26.3260273972603,Prevalence,0.0075087399675682
NbyGQVwzFc_loc12_loop6,12,ITN 0%/IRS 0%/Larvicide 0%,0;0.4;0.4_0;0;0_0;0;0_-100;2;5475_-100;2;5475_-100;2;5475,26.3287671232877,Prevalence,0.00751339416450115
NbyGQVwzFc_loc12_loop6,12,ITN 0%/IRS 0%/Larvicide 0%,0;0.4;0.4_0;0;0_0;0;0_-100;2;5475_-100;2;5475_-100;2;5475,26.3315068493151,Prevalence,0.00751805145596203
NbyGQVwzFc_loc12_loop6,12,ITN 0%/IRS 0%/Larvicide 0%,0;0.4;0.4_0;0;0_0;0;0_-100;2;5475_-100;2;5475_-100;2;5475,26.3342465753425,Prevalence,0.00752271183595706
NbyGQVwzFc_loc12_loop6,12,ITN 0%/IRS 0%/Larvicide 0%,0;0.4;0.4_0;0;0_0;0;0_-100;2;5475_-100;2;5475_-100;2;5475,26.3369863013699,Prevalence,0.00752737529848598
NbyGQVwzFc_loc12_loop6,12,ITN 0%/IRS 0%/Larvicide 0%,0;0.4;0.4_0;0;0_0;0;0_-100;2;5475_-100;2;5475_-100;2;5475,26.3397260273973,Prevalence,0.00753204183754209
NbyGQVwzFc_loc12_loop6,12,ITN 0%/IRS 0%/Larvicide 0%,0;0.4;0.4_0;0;0_0;0;0_-100;2;5475_-100;2;5475_-100;2;5475,26.3424657534247,Prevalence,0.00753671144711221
NbyGQVwzFc_loc12_loop6,12,ITN 0%/IRS 0%/Larvicide 0%,0;0.4;0.4_0;0;0_0;0;0_-100;2;5475_-100;2;5475_-100;2;5475,26.3452054794521,Prevalence,0.00754138412117671
NbyGQVwzFc_loc12_loop6,12,ITN 0%/IRS 0%/Larvicide 0%,0;0.4;0.4_0;0;0_0;0;0_-100;2;5475_-100;2;5475_-100;2;5475,26.3479452054795,Prevalence,0.00754605985370947
NbyGQVwzFc_loc12_loop6,12,ITN 0%/IRS 0%/Larvicide 0%,0;0.4;0.4_0;0;0_0;0;0_-100;2;5475_-100;2;5475_-100;2;5475,26.3506849315069,Prevalence,0.00755073863867795
NbyGQVwzFc_loc12_loop6,12,ITN 0%/IRS 0%/Larvicide 0%,0;0.4;0.4_0;0;0_0;0;0_-100;2;5475_-100;2;5475_-100;2;5475,26.3534246575343,Prevalence,0.0075554204700431
NbyGQVwzFc_loc12_loop6,12,ITN 0%/IRS 0%/Larvicide 0%,0;0.4;0.4_0;0;0_0;0;0_-100;2;5475_-100;2;5475_-100;2;5475,26.3561643835616,Prevalence,0.00756010534175942
NbyGQVwzFc_loc12_loop6,12,ITN 0%/IRS 0%/Larvicide 0%,0;0.4;0.4_0;0;0_0;0;0_-100;2;5475_-100;2;5475_-100;2;5475,26.358904109589,Prevalence,0.00756479324777495
NbyGQVwzFc_loc12_loop6,12,ITN 0%/IRS 0%/Larvicide 0%,0;0.4;0.4_0;0;0_0;0;0_-100;2;5475_-100;2;5475_-100;2;5475,26.3616438356164,Prevalence,0.00756948418203125
NbyGQVwzFc_loc12_loop6,12,ITN 0%/IRS 0%/Larvicide 0%,0;0.4;0.4_0;0;0_0;0;0_-100;2;5475_-100;2;5475_-100;2;5475,26.3643835616438,Prevalence,0.00757417813846346
NbyGQVwzFc_loc12_loop6,12,ITN 0%/IRS 0%/Larvicide 0%,0;0.4;0.4_0;0;0_0;0;0_-100;2;5475_-100;2;5475_-100;2;5475,26.3671232876712,Prevalence,0.00757887511100021
NbyGQVwzFc_loc12_loop6,12,ITN 0%/IRS 0%/Larvicide 0%,0;0.4;0.4_0;0;0_0;0;0_-100;2;5475_-100;2;5475_-100;2;5475,26.3698630136986,Prevalence,0.0075835750935637
NbyGQVwzFc_loc12_loop6,12,ITN 0%/IRS 0%/Larvicide 0%,0;0.4;0.4_0;0;0_0;0;0_-100;2;5475_-100;2;5475_-100;2;5475,26.372602739726,Prevalence,0.00758827808006967
NbyGQVwzFc_loc12_loop6,12,ITN 0%/IRS 0%/Larvicide 0%,0;0.4;0.4_0;0;0_0;0;0_-100;2;5475_-100;2;5475_-100;2;5475,26.3753424657534,Prevalence,0.0075929840644274
NbyGQVwzFc_loc12_loop6,12,ITN 0%/IRS 0%/Larvicide 0%,0;0.4;0.4_0;0;0_0;0;0_-100;2;5475_-100;2;5475_-100;2;5475,26.3780821917808,Prevalence,0.00759769304053973
NbyGQVwzFc_loc12_loop6,12,ITN 0%/IRS 0%/Larvicide 0%,0;0.4;0.4_0;0;0_0;0;0_-100;2;5475_-100;2;5475_-100;2;5475,26.3808219178082,Prevalence,0.00760240500230305
NbyGQVwzFc_loc12_loop6,12,ITN 0%/IRS 0%/Larvicide 0%,0;0.4;0.4_0;0;0_0;0;0_-100;2;5475_-100;2;5475_-100;2;5475,26.3835616438356,Prevalence,0.00760711994360729
NbyGQVwzFc_loc12_loop6,12,ITN 0%/IRS 0%/Larvicide 0%,0;0.4;0.4_0;0;0_0;0;0_-100;2;5475_-100;2;5475_-100;2;5475,26.386301369863,Prevalence,0.00761183785833596
NbyGQVwzFc_loc12_loop6,12,ITN 0%/IRS 0%/Larvicide 0%,0;0.4;0.4_0;0;0_0;0;0_-100;2;5475_-100;2;5475_-100;2;5475,26.3890410958904,Prevalence,0.00761655874036612
NbyGQVwzFc_loc12_loop6,12,ITN 0%/IRS 0%/Larvicide 0%,0;0.4;0.4_0;0;0_0;0;0_-100;2;5475_-100;2;5475_-100;2;5475,26.3917808219178,Prevalence,0.0076212825835684
NbyGQVwzFc_loc12_loop6,12,ITN 0%/IRS 0%/Larvicide 0%,0;0.4;0.4_0;0;0_0;0;0_-100;2;5475_-100;2;5475_-100;2;5475,26.3945205479452,Prevalence,0.00762600938180699
NbyGQVwzFc_loc12_loop6,12,ITN 0%/IRS 0%/Larvicide 0%,0;0.4;0.4_0;0;0_0;0;0_-100;2;5475_-100;2;5475_-100;2;5475,26.3972602739726,Prevalence,0.00763073912893967
NbyGQVwzFc_loc12_loop6,12,ITN 0%/IRS 0%/Larvicide 0%,0;0.4;0.4_0;0;0_0;0;0_-100;2;5475_-100;2;5475_-100;2;5475,26.4,Prevalence,0.00763547181881779
NbyGQVwzFc_loc12_loop6,12,ITN 0%/IRS 0%/Larvicide 0%,0;0.4;0.4_0;0;0_0;0;0_-100;2;5475_-100;2;5475_-100;2;5475,26.4027397260274,Prevalence,0.00764020744528629
NbyGQVwzFc_loc12_loop6,12,ITN 0%/IRS 0%/Larvicide 0%,0;0.4;0.4_0;0;0_0;0;0_-100;2;5475_-100;2;5475_-100;2;5475,26.4054794520548,Prevalence,0.00764494600218367
NbyGQVwzFc_loc12_loop6,12,ITN 0%/IRS 0%/Larvicide 0%,0;0.4;0.4_0;0;0_0;0;0_-100;2;5475_-100;2;5475_-100;2;5475,26.4082191780822,Prevalence,0.00764968748334208
NbyGQVwzFc_loc12_loop6,12,ITN 0%/IRS 0%/Larvicide 0%,0;0.4;0.4_0;0;0_0;0;0_-100;2;5475_-100;2;5475_-100;2;5475,26.4109589041096,Prevalence,0.00765443188258723
NbyGQVwzFc_loc12_loop6,12,ITN 0%/IRS 0%/Larvicide 0%,0;0.4;0.4_0;0;0_0;0;0_-100;2;5475_-100;2;5475_-100;2;5475,26.413698630137,Prevalence,0.00765917919373844
NbyGQVwzFc_loc12_loop6,12,ITN 0%/IRS 0%/Larvicide 0%,0;0.4;0.4_0;0;0_0;0;0_-100;2;5475_-100;2;5475_-100;2;5475,26.4164383561644,Prevalence,0.00766392941060866
NbyGQVwzFc_loc12_loop6,12,ITN 0%/IRS 0%/Larvicide 0%,0;0.4;0.4_0;0;0_0;0;0_-100;2;5475_-100;2;5475_-100;2;5475,26.4191780821918,Prevalence,0.00766868252700441
NbyGQVwzFc_loc12_loop6,12,ITN 0%/IRS 0%/Larvicide 0%,0;0.4;0.4_0;0;0_0;0;0_-100;2;5475_-100;2;5475_-100;2;5475,26.4219178082192,Prevalence,0.00767343853672591
NbyGQVwzFc_loc12_loop6,12,ITN 0%/IRS 0%/Larvicide 0%,0;0.4;0.4_0;0;0_0;0;0_-100;2;5475_-100;2;5475_-100;2;5475,26.4246575342466,Prevalence,0.00767819743356695
NbyGQVwzFc_loc12_loop6,12,ITN 0%/IRS 0%/Larvicide 0%,0;0.4;0.4_0;0;0_0;0;0_-100;2;5475_-100;2;5475_-100;2;5475,26.427397260274,Prevalence,0.00768295921131499
NbyGQVwzFc_loc12_loop6,12,ITN 0%/IRS 0%/Larvicide 0%,0;0.4;0.4_0;0;0_0;0;0_-100;2;5475_-100;2;5475_-100;2;5475,26.4301369863014,Prevalence,0.0076877238637511
NbyGQVwzFc_loc12_loop6,12,ITN 0%/IRS 0%/Larvicide 0%,0;0.4;0.4_0;0;0_0;0;0_-100;2;5475_-100;2;5475_-100;2;5475,26.4328767123288,Prevalence,0.00769249138465013
NbyGQVwzFc_loc12_loop6,12,ITN 0%/IRS 0%/Larvicide 0%,0;0.4;0.4_0;0;0_0;0;0_-100;2;5475_-100;2;5475_-100;2;5475,26.4356164383562,Prevalence,0.00769726176778043
NbyGQVwzFc_loc12_loop6,12,ITN 0%/IRS 0%/Larvicide 0%,0;0.4;0.4_0;0;0_0;0;0_-100;2;5475_-100;2;5475_-100;2;5475,26.4383561643836,Prevalence,0.007702035006904
NbyGQVwzFc_loc12_loop6,12,ITN 0%/IRS 0%/Larvicide 0%,0;0.4;0.4_0;0;0_0;0;0_-100;2;5475_-100;2;5475_-100;2;5475,26.441095890411,Prevalence,0.00770681109577649
NbyGQVwzFc_loc12_loop6,12,ITN 0%/IRS 0%/Larvicide 0%,0;0.4;0.4_0;0;0_0;0;0_-100;2;5475_-100;2;5475_-100;2;5475,26.4438356164384,Prevalence,0.00771159002814723
NbyGQVwzFc_loc12_loop6,12,ITN 0%/IRS 0%/Larvicide 0%,0;0.4;0.4_0;0;0_0;0;0_-100;2;5475_-100;2;5475_-100;2;5475,26.4465753424658,Prevalence,0.00771637179775924
NbyGQVwzFc_loc12_loop6,12,ITN 0%/IRS 0%/Larvicide 0%,0;0.4;0.4_0;0;0_0;0;0_-100;2;5475_-100;2;5475_-100;2;5475,26.4493150684932,Prevalence,0.00772115639834928
NbyGQVwzFc_loc12_loop6,12,ITN 0%/IRS 0%/Larvicide 0%,0;0.4;0.4_0;0;0_0;0;0_-100;2;5475_-100;2;5475_-100;2;5475,26.4520547945206,Prevalence,0.00772594382364777
NbyGQVwzFc_loc12_loop6,12,ITN 0%/IRS 0%/Larvicide 0%,0;0.4;0.4_0;0;0_0;0;0_-100;2;5475_-100;2;5475_-100;2;5475,26.454794520548,Prevalence,0.0077307340673789
NbyGQVwzFc_loc12_loop6,12,ITN 0%/IRS 0%/Larvicide 0%,0;0.4;0.4_0;0;0_0;0;0_-100;2;5475_-100;2;5475_-100;2;5475,26.4575342465753,Prevalence,0.00773552712326056
NbyGQVwzFc_loc12_loop6,12,ITN 0%/IRS 0%/Larvicide 0%,0;0.4;0.4_0;0;0_0;0;0_-100;2;5475_-100;2;5475_-100;2;5475,26.4602739726027,Prevalence,0.00774032298500439
NbyGQVwzFc_loc12_loop6,12,ITN 0%/IRS 0%/Larvicide 0%,0;0.4;0.4_0;0;0_0;0;0_-100;2;5475_-100;2;5475_-100;2;5475,26.4630136986301,Prevalence,0.00774512164631578
NbyGQVwzFc_loc12_loop6,12,ITN 0%/IRS 0%/Larvicide 0%,0;0.4;0.4_0;0;0_0;0;0_-100;2;5475_-100;2;5475_-100;2;5475,26.4657534246575,Prevalence,0.00774992310089388
NbyGQVwzFc_loc12_loop6,12,ITN 0%/IRS 0%/Larvicide 0%,0;0.4;0.4_0;0;0_0;0;0_-100;2;5475_-100;2;5475_-100;2;5475,26.4684931506849,Prevalence,0.00775472734243161
NbyGQVwzFc_loc12_loop6,12,ITN 0%/IRS 0%/Larvicide 0%,0;0.4;0.4_0;0;0_0;0;0_-100;2;5475_-100;2;5475_-100;2;5475,26.4712328767123,Prevalence,0.00775953436461566
NbyGQVwzFc_loc12_loop6,12,ITN 0%/IRS 0%/Larvicide 0%,0;0.4;0.4_0;0;0_0;0;0_-100;2;5475_-100;2;5475_-100;2;5475,26.4739726027397,Prevalence,0.00776434416112652
NbyGQVwzFc_loc12_loop6,12,ITN 0%/IRS 0%/Larvicide 0%,0;0.4;0.4_0;0;0_0;0;0_-100;2;5475_-100;2;5475_-100;2;5475,26.4767123287671,Prevalence,0.00776915672563848
NbyGQVwzFc_loc12_loop6,12,ITN 0%/IRS 0%/Larvicide 0%,0;0.4;0.4_0;0;0_0;0;0_-100;2;5475_-100;2;5475_-100;2;5475,26.4794520547945,Prevalence,0.00777397205181965
NbyGQVwzFc_loc12_loop6,12,ITN 0%/IRS 0%/Larvicide 0%,0;0.4;0.4_0;0;0_0;0;0_-100;2;5475_-100;2;5475_-100;2;5475,26.4821917808219,Prevalence,0.00777879013333195
NbyGQVwzFc_loc12_loop6,12,ITN 0%/IRS 0%/Larvicide 0%,0;0.4;0.4_0;0;0_0;0;0_-100;2;5475_-100;2;5475_-100;2;5475,26.4849315068493,Prevalence,0.00778361096383114
NbyGQVwzFc_loc12_loop6,12,ITN 0%/IRS 0%/Larvicide 0%,0;0.4;0.4_0;0;0_0;0;0_-100;2;5475_-100;2;5475_-100;2;5475,26.4876712328767,Prevalence,0.00778843453696682
NbyGQVwzFc_loc12_loop6,12,ITN 0%/IRS 0%/Larvicide 0%,0;0.4;0.4_0;0;0_0;0;0_-100;2;5475_-100;2;5475_-100;2;5475,26.4904109589041,Prevalence,0.00779326084638247
NbyGQVwzFc_loc12_loop6,12,ITN 0%/IRS 0%/Larvicide 0%,0;0.4;0.4_0;0;0_0;0;0_-100;2;5475_-100;2;5475_-100;2;5475,26.4931506849315,Prevalence,0.0077980898857154
NbyGQVwzFc_loc12_loop6,12,ITN 0%/IRS 0%/Larvicide 0%,0;0.4;0.4_0;0;0_0;0;0_-100;2;5475_-100;2;5475_-100;2;5475,26.4958904109589,Prevalence,0.00780292164859686
NbyGQVwzFc_loc12_loop6,12,ITN 0%/IRS 0%/Larvicide 0%,0;0.4;0.4_0;0;0_0;0;0_-100;2;5475_-100;2;5475_-100;2;5475,26.4986301369863,Prevalence,0.00780775612865193
NbyGQVwzFc_loc12_loop6,12,ITN 0%/IRS 0%/Larvicide 0%,0;0.4;0.4_0;0;0_0;0;0_-100;2;5475_-100;2;5475_-100;2;5475,26.5013698630137,Prevalence,0.00781259331949966
NbyGQVwzFc_loc12_loop6,12,ITN 0%/IRS 0%/Larvicide 0%,0;0.4;0.4_0;0;0_0;0;0_-100;2;5475_-100;2;5475_-100;2;5475,26.5041095890411,Prevalence,0.00781743321475297
NbyGQVwzFc_loc12_loop6,12,ITN 0%/IRS 0%/Larvicide 0%,0;0.4;0.4_0;0;0_0;0;0_-100;2;5475_-100;2;5475_-100;2;5475,26.5068493150685,Prevalence,0.00782227580801874
NbyGQVwzFc_loc12_loop6,12,ITN 0%/IRS 0%/Larvicide 0%,0;0.4;0.4_0;0;0_0;0;0_-100;2;5475_-100;2;5475_-100;2;5475,26.5095890410959,Prevalence,0.00782712109289777
NbyGQVwzFc_loc12_loop6,12,ITN 0%/IRS 0%/Larvicide 0%,0;0.4;0.4_0;0;0_0;0;0_-100;2;5475_-100;2;5475_-100;2;5475,26.5123287671233,Prevalence,0.00783196906298487
NbyGQVwzFc_loc12_loop6,12,ITN 0%/IRS 0%/Larvicide 0%,0;0.4;0.4_0;0;0_0;0;0_-100;2;5475_-100;2;5475_-100;2;5475,26.5150684931507,Prevalence,0.00783681971186879
NbyGQVwzFc_loc12_loop6,12,ITN 0%/IRS 0%/Larvicide 0%,0;0.4;0.4_0;0;0_0;0;0_-100;2;5475_-100;2;5475_-100;2;5475,26.5178082191781,Prevalence,0.00784167303313225
NbyGQVwzFc_loc12_loop6,12,ITN 0%/IRS 0%/Larvicide 0%,0;0.4;0.4_0;0;0_0;0;0_-100;2;5475_-100;2;5475_-100;2;5475,26.5205479452055,Prevalence,0.00784652902035199
NbyGQVwzFc_loc12_loop6,12,ITN 0%/IRS 0%/Larvicide 0%,0;0.4;0.4_0;0;0_0;0;0_-100;2;5475_-100;2;5475_-100;2;5475,26.5232876712329,Prevalence,0.00785138766709879
NbyGQVwzFc_loc12_loop6,12,ITN 0%/IRS 0%/Larvicide 0%,0;0.4;0.4_0;0;0_0;0;0_-100;2;5475_-100;2;5475_-100;2;5475,26.5260273972603,Prevalence,0.00785624896693742
NbyGQVwzFc_loc12_loop6,12,ITN 0%/IRS 0%/Larvicide 0%,0;0.4;0.4_0;0;0_0;0;0_-100;2;5475_-100;2;5475_-100;2;5475,26.5287671232877,Prevalence,0.0078611129134267
NbyGQVwzFc_loc12_loop6,12,ITN 0%/IRS 0%/Larvicide 0%,0;0.4;0.4_0;0;0_0;0;0_-100;2;5475_-100;2;5475_-100;2;5475,26.5315068493151,Prevalence,0.00786597950011953
NbyGQVwzFc_loc12_loop6,12,ITN 0%/IRS 0%/Larvicide 0%,0;0.4;0.4_0;0;0_0;0;0_-100;2;5475_-100;2;5475_-100;2;5475,26.5342465753425,Prevalence,0.00787084872056288
NbyGQVwzFc_loc12_loop6,12,ITN 0%/IRS 0%/Larvicide 0%,0;0.4;0.4_0;0;0_0;0;0_-100;2;5475_-100;2;5475_-100;2;5475,26.5369863013699,Prevalence,0.00787572056829779
NbyGQVwzFc_loc12_loop6,12,ITN 0%/IRS 0%/Larvicide 0%,0;0.4;0.4_0;0;0_0;0;0_-100;2;5475_-100;2;5475_-100;2;5475,26.5397260273973,Prevalence,0.00788059503685943
NbyGQVwzFc_loc12_loop6,12,ITN 0%/IRS 0%/Larvicide 0%,0;0.4;0.4_0;0;0_0;0;0_-100;2;5475_-100;2;5475_-100;2;5475,26.5424657534247,Prevalence,0.00788547211977705
NbyGQVwzFc_loc12_loop6,12,ITN 0%/IRS 0%/Larvicide 0%,0;0.4;0.4_0;0;0_0;0;0_-100;2;5475_-100;2;5475_-100;2;5475,26.5452054794521,Prevalence,0.00789035181057406
NbyGQVwzFc_loc12_loop6,12,ITN 0%/IRS 0%/Larvicide 0%,0;0.4;0.4_0;0;0_0;0;0_-100;2;5475_-100;2;5475_-100;2;5475,26.5479452054795,Prevalence,0.00789523410276809
NbyGQVwzFc_loc12_loop6,12,ITN 0%/IRS 0%/Larvicide 0%,0;0.4;0.4_0;0;0_0;0;0_-100;2;5475_-100;2;5475_-100;2;5475,26.5506849315069,Prevalence,0.00790011898987079
NbyGQVwzFc_loc12_loop6,12,ITN 0%/IRS 0%/Larvicide 0%,0;0.4;0.4_0;0;0_0;0;0_-100;2;5475_-100;2;5475_-100;2;5475,26.5534246575343,Prevalence,0.00790500646538798
NbyGQVwzFc_loc12_loop6,12,ITN 0%/IRS 0%/Larvicide 0%,0;0.4;0.4_0;0;0_0;0;0_-100;2;5475_-100;2;5475_-100;2;5475,26.5561643835616,Prevalence,0.00790989652281967
NbyGQVwzFc_loc12_loop6,12,ITN 0%/IRS 0%/Larvicide 0%,0;0.4;0.4_0;0;0_0;0;0_-100;2;5475_-100;2;5475_-100;2;5475,26.558904109589,Prevalence,0.00791478915566011
NbyGQVwzFc_loc12_loop6,12,ITN 0%/IRS 0%/Larvicide 0%,0;0.4;0.4_0;0;0_0;0;0_-100;2;5475_-100;2;5475_-100;2;5475,26.5616438356164,Prevalence,0.00791968435739775
NbyGQVwzFc_loc12_loop6,12,ITN 0%/IRS 0%/Larvicide 0%,0;0.4;0.4_0;0;0_0;0;0_-100;2;5475_-100;2;5475_-100;2;5475,26.5643835616438,Prevalence,0.00792458212151531
NbyGQVwzFc_loc12_loop6,12,ITN 0%/IRS 0%/Larvicide 0%,0;0.4;0.4_0;0;0_0;0;0_-100;2;5475_-100;2;5475_-100;2;5475,26.5671232876712,Prevalence,0.00792948244148975
NbyGQVwzFc_loc12_loop6,12,ITN 0%/IRS 0%/Larvicide 0%,0;0.4;0.4_0;0;0_0;0;0_-100;2;5475_-100;2;5475_-100;2;5475,26.5698630136986,Prevalence,0.00793438531079234
NbyGQVwzFc_loc12_loop6,12,ITN 0%/IRS 0%/Larvicide 0%,0;0.4;0.4_0;0;0_0;0;0_-100;2;5475_-100;2;5475_-100;2;5475,26.572602739726,Prevalence,0.00793929072288865
NbyGQVwzFc_loc12_loop6,12,ITN 0%/IRS 0%/Larvicide 0%,0;0.4;0.4_0;0;0_0;0;0_-100;2;5475_-100;2;5475_-100;2;5475,26.5753424657534,Prevalence,0.00794419867123854
NbyGQVwzFc_loc12_loop6,12,ITN 0%/IRS 0%/Larvicide 0%,0;0.4;0.4_0;0;0_0;0;0_-100;2;5475_-100;2;5475_-100;2;5475,26.5780821917808,Prevalence,0.00794910914929623
NbyGQVwzFc_loc12_loop6,12,ITN 0%/IRS 0%/Larvicide 0%,0;0.4;0.4_0;0;0_0;0;0_-100;2;5475_-100;2;5475_-100;2;5475,26.5808219178082,Prevalence,0.00795402215051028
NbyGQVwzFc_loc12_loop6,12,ITN 0%/IRS 0%/Larvicide 0%,0;0.4;0.4_0;0;0_0;0;0_-100;2;5475_-100;2;5475_-100;2;5475,26.5835616438356,Prevalence,0.00795893766832363
NbyGQVwzFc_loc12_loop6,12,ITN 0%/IRS 0%/Larvicide 0%,0;0.4;0.4_0;0;0_0;0;0_-100;2;5475_-100;2;5475_-100;2;5475,26.586301369863,Prevalence,0.0079638556961736
NbyGQVwzFc_loc12_loop6,12,ITN 0%/IRS 0%/Larvicide 0%,0;0.4;0.4_0;0;0_0;0;0_-100;2;5475_-100;2;5475_-100;2;5475,26.5890410958904,Prevalence,0.00796877622749192
NbyGQVwzFc_loc12_loop6,12,ITN 0%/IRS 0%/Larvicide 0%,0;0.4;0.4_0;0;0_0;0;0_-100;2;5475_-100;2;5475_-100;2;5475,26.5917808219178,Prevalence,0.00797369925570476
NbyGQVwzFc_loc12_loop6,12,ITN 0%/IRS 0%/Larvicide 0%,0;0.4;0.4_0;0;0_0;0;0_-100;2;5475_-100;2;5475_-100;2;5475,26.5945205479452,Prevalence,0.00797862477423269
NbyGQVwzFc_loc12_loop6,12,ITN 0%/IRS 0%/Larvicide 0%,0;0.4;0.4_0;0;0_0;0;0_-100;2;5475_-100;2;5475_-100;2;5475,26.5972602739726,Prevalence,0.00798355277649081
NbyGQVwzFc_loc12_loop6,12,ITN 0%/IRS 0%/Larvicide 0%,0;0.4;0.4_0;0;0_0;0;0_-100;2;5475_-100;2;5475_-100;2;5475,26.6,Prevalence,0.00798848325588865
NbyGQVwzFc_loc12_loop6,12,ITN 0%/IRS 0%/Larvicide 0%,0;0.4;0.4_0;0;0_0;0;0_-100;2;5475_-100;2;5475_-100;2;5475,26.6027397260274,Prevalence,0.00799341620583023
NbyGQVwzFc_loc12_loop6,12,ITN 0%/IRS 0%/Larvicide 0%,0;0.4;0.4_0;0;0_0;0;0_-100;2;5475_-100;2;5475_-100;2;5475,26.6054794520548,Prevalence,0.00799835161971416
NbyGQVwzFc_loc12_loop6,12,ITN 0%/IRS 0%/Larvicide 0%,0;0.4;0.4_0;0;0_0;0;0_-100;2;5475_-100;2;5475_-100;2;5475,26.6082191780822,Prevalence,0.00800328949093351
NbyGQVwzFc_loc12_loop6,12,ITN 0%/IRS 0%/Larvicide 0%,0;0.4;0.4_0;0;0_0;0;0_-100;2;5475_-100;2;5475_-100;2;5475,26.6109589041096,Prevalence,0.00800822981287596
NbyGQVwzFc_loc12_loop6,12,ITN 0%/IRS 0%/Larvicide 0%,0;0.4;0.4_0;0;0_0;0;0_-100;2;5475_-100;2;5475_-100;2;5475,26.613698630137,Prevalence,0.00801317257892373
NbyGQVwzFc_loc12_loop6,12,ITN 0%/IRS 0%/Larvicide 0%,0;0.4;0.4_0;0;0_0;0;0_-100;2;5475_-100;2;5475_-100;2;5475,26.6164383561644,Prevalence,0.00801811778245368
NbyGQVwzFc_loc12_loop6,12,ITN 0%/IRS 0%/Larvicide 0%,0;0.4;0.4_0;0;0_0;0;0_-100;2;5475_-100;2;5475_-100;2;5475,26.6191780821918,Prevalence,0.00802306541683725
NbyGQVwzFc_loc12_loop6,12,ITN 0%/IRS 0%/Larvicide 0%,0;0.4;0.4_0;0;0_0;0;0_-100;2;5475_-100;2;5475_-100;2;5475,26.6219178082192,Prevalence,0.00802801547544054
NbyGQVwzFc_loc12_loop6,12,ITN 0%/IRS 0%/Larvicide 0%,0;0.4;0.4_0;0;0_0;0;0_-100;2;5475_-100;2;5475_-100;2;5475,26.6246575342466,Prevalence,0.00803296795162431
NbyGQVwzFc_loc12_loop6,12,ITN 0%/IRS 0%/Larvicide 0%,0;0.4;0.4_0;0;0_0;0;0_-100;2;5475_-100;2;5475_-100;2;5475,26.627397260274,Prevalence,0.00803792283874398
NbyGQVwzFc_loc12_loop6,12,ITN 0%/IRS 0%/Larvicide 0%,0;0.4;0.4_0;0;0_0;0;0_-100;2;5475_-100;2;5475_-100;2;5475,26.6301369863014,Prevalence,0.00804288013014966
NbyGQVwzFc_loc12_loop6,12,ITN 0%/IRS 0%/Larvicide 0%,0;0.4;0.4_0;0;0_0;0;0_-100;2;5475_-100;2;5475_-100;2;5475,26.6328767123288,Prevalence,0.00804783981918623
NbyGQVwzFc_loc12_loop6,12,ITN 0%/IRS 0%/Larvicide 0%,0;0.4;0.4_0;0;0_0;0;0_-100;2;5475_-100;2;5475_-100;2;5475,26.6356164383562,Prevalence,0.00805280189919327
NbyGQVwzFc_loc12_loop6,12,ITN 0%/IRS 0%/Larvicide 0%,0;0.4;0.4_0;0;0_0;0;0_-100;2;5475_-100;2;5475_-100;2;5475,26.6383561643836,Prevalence,0.00805776636350512
NbyGQVwzFc_loc12_loop6,12,ITN 0%/IRS 0%/Larvicide 0%,0;0.4;0.4_0;0;0_0;0;0_-100;2;5475_-100;2;5475_-100;2;5475,26.641095890411,Prevalence,0.00806273320545091
NbyGQVwzFc_loc12_loop6,12,ITN 0%/IRS 0%/Larvicide 0%,0;0.4;0.4_0;0;0_0;0;0_-100;2;5475_-100;2;5475_-100;2;5475,26.6438356164384,Prevalence,0.00806770241835457
NbyGQVwzFc_loc12_loop6,12,ITN 0%/IRS 0%/Larvicide 0%,0;0.4;0.4_0;0;0_0;0;0_-100;2;5475_-100;2;5475_-100;2;5475,26.6465753424658,Prevalence,0.00807267399553486
NbyGQVwzFc_loc12_loop6,12,ITN 0%/IRS 0%/Larvicide 0%,0;0.4;0.4_0;0;0_0;0;0_-100;2;5475_-100;2;5475_-100;2;5475,26.6493150684932,Prevalence,0.00807764793030539
NbyGQVwzFc_loc12_loop6,12,ITN 0%/IRS 0%/Larvicide 0%,0;0.4;0.4_0;0;0_0;0;0_-100;2;5475_-100;2;5475_-100;2;5475,26.6520547945206,Prevalence,0.00808262421597463
NbyGQVwzFc_loc12_loop6,12,ITN 0%/IRS 0%/Larvicide 0%,0;0.4;0.4_0;0;0_0;0;0_-100;2;5475_-100;2;5475_-100;2;5475,26.654794520548,Prevalence,0.00808760284584595
NbyGQVwzFc_loc12_loop6,12,ITN 0%/IRS 0%/Larvicide 0%,0;0.4;0.4_0;0;0_0;0;0_-100;2;5475_-100;2;5475_-100;2;5475,26.6575342465753,Prevalence,0.00809258381321761
NbyGQVwzFc_loc12_loop6,12,ITN 0%/IRS 0%/Larvicide 0%,0;0.4;0.4_0;0;0_0;0;0_-100;2;5475_-100;2;5475_-100;2;5475,26.6602739726027,Prevalence,0.00809756711138282
NbyGQVwzFc_loc12_loop6,12,ITN 0%/IRS 0%/Larvicide 0%,0;0.4;0.4_0;0;0_0;0;0_-100;2;5475_-100;2;5475_-100;2;5475,26.6630136986301,Prevalence,0.00810255273362975
NbyGQVwzFc_loc12_loop6,12,ITN 0%/IRS 0%/Larvicide 0%,0;0.4;0.4_0;0;0_0;0;0_-100;2;5475_-100;2;5475_-100;2;5475,26.6657534246575,Prevalence,0.00810754067324152
NbyGQVwzFc_loc12_loop6,12,ITN 0%/IRS 0%/Larvicide 0%,0;0.4;0.4_0;0;0_0;0;0_-100;2;5475_-100;2;5475_-100;2;5475,26.6684931506849,Prevalence,0.00811253092349628
NbyGQVwzFc_loc12_loop6,12,ITN 0%/IRS 0%/Larvicide 0%,0;0.4;0.4_0;0;0_0;0;0_-100;2;5475_-100;2;5475_-100;2;5475,26.6712328767123,Prevalence,0.00811752347766721
NbyGQVwzFc_loc12_loop6,12,ITN 0%/IRS 0%/Larvicide 0%,0;0.4;0.4_0;0;0_0;0;0_-100;2;5475_-100;2;5475_-100;2;5475,26.6739726027397,Prevalence,0.00812251832902241
NbyGQVwzFc_loc12_loop6,12,ITN 0%/IRS 0%/Larvicide 0%,0;0.4;0.4_0;0;0_0;0;0_-100;2;5475_-100;2;5475_-100;2;5475,26.6767123287671,Prevalence,0.00812751547082511
NbyGQVwzFc_loc12_loop6,12,ITN 0%/IRS 0%/Larvicide 0%,0;0.4;0.4_0;0;0_0;0;0_-100;2;5475_-100;2;5475_-100;2;5475,26.6794520547945,Prevalence,0.00813251489633357
NbyGQVwzFc_loc12_loop6,12,ITN 0%/IRS 0%/Larvicide 0%,0;0.4;0.4_0;0;0_0;0;0_-100;2;5475_-100;2;5475_-100;2;5475,26.6821917808219,Prevalence,0.00813751659880119
NbyGQVwzFc_loc12_loop6,12,ITN 0%/IRS 0%/Larvicide 0%,0;0.4;0.4_0;0;0_0;0;0_-100;2;5475_-100;2;5475_-100;2;5475,26.6849315068493,Prevalence,0.00814252057147653
NbyGQVwzFc_loc12_loop6,12,ITN 0%/IRS 0%/Larvicide 0%,0;0.4;0.4_0;0;0_0;0;0_-100;2;5475_-100;2;5475_-100;2;5475,26.6876712328767,Prevalence,0.00814752680760326
NbyGQVwzFc_loc12_loop6,12,ITN 0%/IRS 0%/Larvicide 0%,0;0.4;0.4_0;0;0_0;0;0_-100;2;5475_-100;2;5475_-100;2;5475,26.6904109589041,Prevalence,0.00815253530042026
NbyGQVwzFc_loc12_loop6,12,ITN 0%/IRS 0%/Larvicide 0%,0;0.4;0.4_0;0;0_0;0;0_-100;2;5475_-100;2;5475_-100;2;5475,26.6931506849315,Prevalence,0.00815754604316164
NbyGQVwzFc_loc12_loop6,12,ITN 0%/IRS 0%/Larvicide 0%,0;0.4;0.4_0;0;0_0;0;0_-100;2;5475_-100;2;5475_-100;2;5475,26.6958904109589,Prevalence,0.0081625590290567
NbyGQVwzFc_loc12_loop6,12,ITN 0%/IRS 0%/Larvicide 0%,0;0.4;0.4_0;0;0_0;0;0_-100;2;5475_-100;2;5475_-100;2;5475,26.6986301369863,Prevalence,0.00816757425133002
NbyGQVwzFc_loc12_loop6,12,ITN 0%/IRS 0%/Larvicide 0%,0;0.4;0.4_0;0;0_0;0;0_-100;2;5475_-100;2;5475_-100;2;5475,26.7013698630137,Prevalence,0.00817259170320146
NbyGQVwzFc_loc12_loop6,12,ITN 0%/IRS 0%/Larvicide 0%,0;0.4;0.4_0;0;0_0;0;0_-100;2;5475_-100;2;5475_-100;2;5475,26.7041095890411,Prevalence,0.00817761137788616
NbyGQVwzFc_loc12_loop6,12,ITN 0%/IRS 0%/Larvicide 0%,0;0.4;0.4_0;0;0_0;0;0_-100;2;5475_-100;2;5475_-100;2;5475,26.7068493150685,Prevalence,0.00818263326859461
NbyGQVwzFc_loc12_loop6,12,ITN 0%/IRS 0%/Larvicide 0%,0;0.4;0.4_0;0;0_0;0;0_-100;2;5475_-100;2;5475_-100;2;5475,26.7095890410959,Prevalence,0.00818765736853263
NbyGQVwzFc_loc12_loop6,12,ITN 0%/IRS 0%/Larvicide 0%,0;0.4;0.4_0;0;0_0;0;0_-100;2;5475_-100;2;5475_-100;2;5475,26.7123287671233,Prevalence,0.00819268367090144
NbyGQVwzFc_loc12_loop6,12,ITN 0%/IRS 0%/Larvicide 0%,0;0.4;0.4_0;0;0_0;0;0_-100;2;5475_-100;2;5475_-100;2;5475,26.7150684931507,Prevalence,0.00819771216889765
NbyGQVwzFc_loc12_loop6,12,ITN 0%/IRS 0%/Larvicide 0%,0;0.4;0.4_0;0;0_0;0;0_-100;2;5475_-100;2;5475_-100;2;5475,26.7178082191781,Prevalence,0.00820274285571328
NbyGQVwzFc_loc12_loop6,12,ITN 0%/IRS 0%/Larvicide 0%,0;0.4;0.4_0;0;0_0;0;0_-100;2;5475_-100;2;5475_-100;2;5475,26.7205479452055,Prevalence,0.00820777572453581
NbyGQVwzFc_loc12_loop6,12,ITN 0%/IRS 0%/Larvicide 0%,0;0.4;0.4_0;0;0_0;0;0_-100;2;5475_-100;2;5475_-100;2;5475,26.7232876712329,Prevalence,0.00821281076854821
NbyGQVwzFc_loc12_loop6,12,ITN 0%/IRS 0%/Larvicide 0%,0;0.4;0.4_0;0;0_0;0;0_-100;2;5475_-100;2;5475_-100;2;5475,26.7260273972603,Prevalence,0.00821784798092891
NbyGQVwzFc_loc12_loop6,12,ITN 0%/IRS 0%/Larvicide 0%,0;0.4;0.4_0;0;0_0;0;0_-100;2;5475_-100;2;5475_-100;2;5475,26.7287671232877,Prevalence,0.00822288735485189
NbyGQVwzFc_loc12_loop6,12,ITN 0%/IRS 0%/Larvicide 0%,0;0.4;0.4_0;0;0_0;0;0_-100;2;5475_-100;2;5475_-100;2;5475,26.7315068493151,Prevalence,0.00822792888348669
NbyGQVwzFc_loc12_loop6,12,ITN 0%/IRS 0%/Larvicide 0%,0;0.4;0.4_0;0;0_0;0;0_-100;2;5475_-100;2;5475_-100;2;5475,26.7342465753425,Prevalence,0.0082329725599984
NbyGQVwzFc_loc12_loop6,12,ITN 0%/IRS 0%/Larvicide 0%,0;0.4;0.4_0;0;0_0;0;0_-100;2;5475_-100;2;5475_-100;2;5475,26.7369863013699,Prevalence,0.00823801837754771
NbyGQVwzFc_loc12_loop6,12,ITN 0%/IRS 0%/Larvicide 0%,0;0.4;0.4_0;0;0_0;0;0_-100;2;5475_-100;2;5475_-100;2;5475,26.7397260273973,Prevalence,0.00824306632929095
NbyGQVwzFc_loc12_loop6,12,ITN 0%/IRS 0%/Larvicide 0%,0;0.4;0.4_0;0;0_0;0;0_-100;2;5475_-100;2;5475_-100;2;5475,26.7424657534247,Prevalence,0.00824811640838009
NbyGQVwzFc_loc12_loop6,12,ITN 0%/IRS 0%/Larvicide 0%,0;0.4;0.4_0;0;0_0;0;0_-100;2;5475_-100;2;5475_-100;2;5475,26.7452054794521,Prevalence,0.00825316860796278
NbyGQVwzFc_loc12_loop6,12,ITN 0%/IRS 0%/Larvicide 0%,0;0.4;0.4_0;0;0_0;0;0_-100;2;5475_-100;2;5475_-100;2;5475,26.7479452054795,Prevalence,0.00825822292118235
NbyGQVwzFc_loc12_loop6,12,ITN 0%/IRS 0%/Larvicide 0%,0;0.4;0.4_0;0;0_0;0;0_-100;2;5475_-100;2;5475_-100;2;5475,26.7506849315069,Prevalence,0.00826327934117792
NbyGQVwzFc_loc12_loop6,12,ITN 0%/IRS 0%/Larvicide 0%,0;0.4;0.4_0;0;0_0;0;0_-100;2;5475_-100;2;5475_-100;2;5475,26.7534246575343,Prevalence,0.00826833786108428
NbyGQVwzFc_loc12_loop6,12,ITN 0%/IRS 0%/Larvicide 0%,0;0.4;0.4_0;0;0_0;0;0_-100;2;5475_-100;2;5475_-100;2;5475,26.7561643835616,Prevalence,0.00827339847403207
NbyGQVwzFc_loc12_loop6,12,ITN 0%/IRS 0%/Larvicide 0%,0;0.4;0.4_0;0;0_0;0;0_-100;2;5475_-100;2;5475_-100;2;5475,26.758904109589,Prevalence,0.00827846117314769
NbyGQVwzFc_loc12_loop6,12,ITN 0%/IRS 0%/Larvicide 0%,0;0.4;0.4_0;0;0_0;0;0_-100;2;5475_-100;2;5475_-100;2;5475,26.7616438356164,Prevalence,0.00828352595155339
NbyGQVwzFc_loc12_loop6,12,ITN 0%/IRS 0%/Larvicide 0%,0;0.4;0.4_0;0;0_0;0;0_-100;2;5475_-100;2;5475_-100;2;5475,26.7643835616438,Prevalence,0.00828859280236727
NbyGQVwzFc_loc12_loop6,12,ITN 0%/IRS 0%/Larvicide 0%,0;0.4;0.4_0;0;0_0;0;0_-100;2;5475_-100;2;5475_-100;2;5475,26.7671232876712,Prevalence,0.00829366171870334
NbyGQVwzFc_loc12_loop6,12,ITN 0%/IRS 0%/Larvicide 0%,0;0.4;0.4_0;0;0_0;0;0_-100;2;5475_-100;2;5475_-100;2;5475,26.7698630136986,Prevalence,0.00829873269367147
NbyGQVwzFc_loc12_loop6,12,ITN 0%/IRS 0%/Larvicide 0%,0;0.4;0.4_0;0;0_0;0;0_-100;2;5475_-100;2;5475_-100;2;5475,26.772602739726,Prevalence,0.00830380572037753
NbyGQVwzFc_loc12_loop6,12,ITN 0%/IRS 0%/Larvicide 0%,0;0.4;0.4_0;0;0_0;0;0_-100;2;5475_-100;2;5475_-100;2;5475,26.7753424657534,Prevalence,0.0083088807919233
NbyGQVwzFc_loc12_loop6,12,ITN 0%/IRS 0%/Larvicide 0%,0;0.4;0.4_0;0;0_0;0;0_-100;2;5475_-100;2;5475_-100;2;5475,26.7780821917808,Prevalence,0.00831395790140659
NbyGQVwzFc_loc12_loop6,12,ITN 0%/IRS 0%/Larvicide 0%,0;0.4;0.4_0;0;0_0;0;0_-100;2;5475_-100;2;5475_-100;2;5475,26.7808219178082,Prevalence,0.00831903704192121
NbyGQVwzFc_loc12_loop6,12,ITN 0%/IRS 0%/Larvicide 0%,0;0.4;0.4_0;0;0_0;0;0_-100;2;5475_-100;2;5475_-100;2;5475,26.7835616438356,Prevalence,0.00832411820655702
NbyGQVwzFc_loc12_loop6,12,ITN 0%/IRS 0%/Larvicide 0%,0;0.4;0.4_0;0;0_0;0;0_-100;2;5475_-100;2;5475_-100;2;5475,26.786301369863,Prevalence,0.00832920138839998
NbyGQVwzFc_loc12_loop6,12,ITN 0%/IRS 0%/Larvicide 0%,0;0.4;0.4_0;0;0_0;0;0_-100;2;5475_-100;2;5475_-100;2;5475,26.7890410958904,Prevalence,0.00833428658053208
NbyGQVwzFc_loc12_loop6,12,ITN 0%/IRS 0%/Larvicide 0%,0;0.4;0.4_0;0;0_0;0;0_-100;2;5475_-100;2;5475_-100;2;5475,26.7917808219178,Prevalence,0.00833937377603149
NbyGQVwzFc_loc12_loop6,12,ITN 0%/IRS 0%/Larvicide 0%,0;0.4;0.4_0;0;0_0;0;0_-100;2;5475_-100;2;5475_-100;2;5475,26.7945205479452,Prevalence,0.00834446296797253
NbyGQVwzFc_loc12_loop6,12,ITN 0%/IRS 0%/Larvicide 0%,0;0.4;0.4_0;0;0_0;0;0_-100;2;5475_-100;2;5475_-100;2;5475,26.7972602739726,Prevalence,0.0083495541494257
NbyGQVwzFc_loc12_loop6,12,ITN 0%/IRS 0%/Larvicide 0%,0;0.4;0.4_0;0;0_0;0;0_-100;2;5475_-100;2;5475_-100;2;5475,26.8,Prevalence,0.0083546473134577
NbyGQVwzFc_loc12_loop6,12,ITN 0%/IRS 0%/Larvicide 0%,0;0.4;0.4_0;0;0_0;0;0_-100;2;5475_-100;2;5475_-100;2;5475,26.8027397260274,Prevalence,0.00835974245313145
NbyGQVwzFc_loc12_loop6,12,ITN 0%/IRS 0%/Larvicide 0%,0;0.4;0.4_0;0;0_0;0;0_-100;2;5475_-100;2;5475_-100;2;5475,26.8054794520548,Prevalence,0.00836483956150609
NbyGQVwzFc_loc12_loop6,12,ITN 0%/IRS 0%/Larvicide 0%,0;0.4;0.4_0;0;0_0;0;0_-100;2;5475_-100;2;5475_-100;2;5475,26.8082191780822,Prevalence,0.00836993863163704
NbyGQVwzFc_loc12_loop6,12,ITN 0%/IRS 0%/Larvicide 0%,0;0.4;0.4_0;0;0_0;0;0_-100;2;5475_-100;2;5475_-100;2;5475,26.8109589041096,Prevalence,0.00837503965657608
NbyGQVwzFc_loc12_loop6,12,ITN 0%/IRS 0%/Larvicide 0%,0;0.4;0.4_0;0;0_0;0;0_-100;2;5475_-100;2;5475_-100;2;5475,26.813698630137,Prevalence,0.00838014262937129
NbyGQVwzFc_loc12_loop6,12,ITN 0%/IRS 0%/Larvicide 0%,0;0.4;0.4_0;0;0_0;0;0_-100;2;5475_-100;2;5475_-100;2;5475,26.8164383561644,Prevalence,0.00838524754306718
NbyGQVwzFc_loc12_loop6,12,ITN 0%/IRS 0%/Larvicide 0%,0;0.4;0.4_0;0;0_0;0;0_-100;2;5475_-100;2;5475_-100;2;5475,26.8191780821918,Prevalence,0.0083903543907046
NbyGQVwzFc_loc12_loop6,12,ITN 0%/IRS 0%/Larvicide 0%,0;0.4;0.4_0;0;0_0;0;0_-100;2;5475_-100;2;5475_-100;2;5475,26.8219178082192,Prevalence,0.00839546316532092
NbyGQVwzFc_loc12_loop6,12,ITN 0%/IRS 0%/Larvicide 0%,0;0.4;0.4_0;0;0_0;0;0_-100;2;5475_-100;2;5475_-100;2;5475,26.8246575342466,Prevalence,0.00840057385994989
NbyGQVwzFc_loc12_loop6,12,ITN 0%/IRS 0%/Larvicide 0%,0;0.4;0.4_0;0;0_0;0;0_-100;2;5475_-100;2;5475_-100;2;5475,26.827397260274,Prevalence,0.00840568646762179
NbyGQVwzFc_loc12_loop6,12,ITN 0%/IRS 0%/Larvicide 0%,0;0.4;0.4_0;0;0_0;0;0_-100;2;5475_-100;2;5475_-100;2;5475,26.8301369863014,Prevalence,0.00841080098136341
NbyGQVwzFc_loc12_loop6,12,ITN 0%/IRS 0%/Larvicide 0%,0;0.4;0.4_0;0;0_0;0;0_-100;2;5475_-100;2;5475_-100;2;5475,26.8328767123288,Prevalence,0.00841591739419811
NbyGQVwzFc_loc12_loop6,12,ITN 0%/IRS 0%/Larvicide 0%,0;0.4;0.4_0;0;0_0;0;0_-100;2;5475_-100;2;5475_-100;2;5475,26.8356164383562,Prevalence,0.00842103569914577
NbyGQVwzFc_loc12_loop6,12,ITN 0%/IRS 0%/Larvicide 0%,0;0.4;0.4_0;0;0_0;0;0_-100;2;5475_-100;2;5475_-100;2;5475,26.8383561643836,Prevalence,0.00842615588922295
NbyGQVwzFc_loc12_loop6,12,ITN 0%/IRS 0%/Larvicide 0%,0;0.4;0.4_0;0;0_0;0;0_-100;2;5475_-100;2;5475_-100;2;5475,26.841095890411,Prevalence,0.00843127795744279
NbyGQVwzFc_loc12_loop6,12,ITN 0%/IRS 0%/Larvicide 0%,0;0.4;0.4_0;0;0_0;0;0_-100;2;5475_-100;2;5475_-100;2;5475,26.8438356164384,Prevalence,0.00843640189681511
NbyGQVwzFc_loc12_loop6,12,ITN 0%/IRS 0%/Larvicide 0%,0;0.4;0.4_0;0;0_0;0;0_-100;2;5475_-100;2;5475_-100;2;5475,26.8465753424658,Prevalence,0.00844152770034642
NbyGQVwzFc_loc12_loop6,12,ITN 0%/IRS 0%/Larvicide 0%,0;0.4;0.4_0;0;0_0;0;0_-100;2;5475_-100;2;5475_-100;2;5475,26.8493150684932,Prevalence,0.00844665536103997
NbyGQVwzFc_loc12_loop6,12,ITN 0%/IRS 0%/Larvicide 0%,0;0.4;0.4_0;0;0_0;0;0_-100;2;5475_-100;2;5475_-100;2;5475,26.8520547945206,Prevalence,0.0084517848718957
NbyGQVwzFc_loc12_loop6,12,ITN 0%/IRS 0%/Larvicide 0%,0;0.4;0.4_0;0;0_0;0;0_-100;2;5475_-100;2;5475_-100;2;5475,26.8547945205479,Prevalence,0.0084569162259104
NbyGQVwzFc_loc12_loop6,12,ITN 0%/IRS 0%/Larvicide 0%,0;0.4;0.4_0;0;0_0;0;0_-100;2;5475_-100;2;5475_-100;2;5475,26.8575342465753,Prevalence,0.00846204941607764
NbyGQVwzFc_loc12_loop6,12,ITN 0%/IRS 0%/Larvicide 0%,0;0.4;0.4_0;0;0_0;0;0_-100;2;5475_-100;2;5475_-100;2;5475,26.8602739726027,Prevalence,0.0084671844353878
NbyGQVwzFc_loc12_loop6,12,ITN 0%/IRS 0%/Larvicide 0%,0;0.4;0.4_0;0;0_0;0;0_-100;2;5475_-100;2;5475_-100;2;5475,26.8630136986301,Prevalence,0.00847232127682816
NbyGQVwzFc_loc12_loop6,12,ITN 0%/IRS 0%/Larvicide 0%,0;0.4;0.4_0;0;0_0;0;0_-100;2;5475_-100;2;5475_-100;2;5475,26.8657534246575,Prevalence,0.00847745993338291
NbyGQVwzFc_loc12_loop6,12,ITN 0%/IRS 0%/Larvicide 0%,0;0.4;0.4_0;0;0_0;0;0_-100;2;5475_-100;2;5475_-100;2;5475,26.8684931506849,Prevalence,0.00848260039803313
NbyGQVwzFc_loc12_loop6,12,ITN 0%/IRS 0%/Larvicide 0%,0;0.4;0.4_0;0;0_0;0;0_-100;2;5475_-100;2;5475_-100;2;5475,26.8712328767123,Prevalence,0.00848774266375686
NbyGQVwzFc_loc12_loop6,12,ITN 0%/IRS 0%/Larvicide 0%,0;0.4;0.4_0;0;0_0;0;0_-100;2;5475_-100;2;5475_-100;2;5475,26.8739726027397,Prevalence,0.00849288672352916
NbyGQVwzFc_loc12_loop6,12,ITN 0%/IRS 0%/Larvicide 0%,0;0.4;0.4_0;0;0_0;0;0_-100;2;5475_-100;2;5475_-100;2;5475,26.8767123287671,Prevalence,0.00849803257032207
NbyGQVwzFc_loc12_loop6,12,ITN 0%/IRS 0%/Larvicide 0%,0;0.4;0.4_0;0;0_0;0;0_-100;2;5475_-100;2;5475_-100;2;5475,26.8794520547945,Prevalence,0.00850318019710467
NbyGQVwzFc_loc12_loop6,12,ITN 0%/IRS 0%/Larvicide 0%,0;0.4;0.4_0;0;0_0;0;0_-100;2;5475_-100;2;5475_-100;2;5475,26.8821917808219,Prevalence,0.00850832959684316
NbyGQVwzFc_loc12_loop6,12,ITN 0%/IRS 0%/Larvicide 0%,0;0.4;0.4_0;0;0_0;0;0_-100;2;5475_-100;2;5475_-100;2;5475,26.8849315068493,Prevalence,0.0085134807625008
NbyGQVwzFc_loc12_loop6,12,ITN 0%/IRS 0%/Larvicide 0%,0;0.4;0.4_0;0;0_0;0;0_-100;2;5475_-100;2;5475_-100;2;5475,26.8876712328767,Prevalence,0.00851863368703799
NbyGQVwzFc_loc12_loop6,12,ITN 0%/IRS 0%/Larvicide 0%,0;0.4;0.4_0;0;0_0;0;0_-100;2;5475_-100;2;5475_-100;2;5475,26.8904109589041,Prevalence,0.00852378836341231
NbyGQVwzFc_loc12_loop6,12,ITN 0%/IRS 0%/Larvicide 0%,0;0.4;0.4_0;0;0_0;0;0_-100;2;5475_-100;2;5475_-100;2;5475,26.8931506849315,Prevalence,0.00852894478457855
NbyGQVwzFc_loc12_loop6,12,ITN 0%/IRS 0%/Larvicide 0%,0;0.4;0.4_0;0;0_0;0;0_-100;2;5475_-100;2;5475_-100;2;5475,26.8958904109589,Prevalence,0.00853410294348869
NbyGQVwzFc_loc12_loop6,12,ITN 0%/IRS 0%/Larvicide 0%,0;0.4;0.4_0;0;0_0;0;0_-100;2;5475_-100;2;5475_-100;2;5475,26.8986301369863,Prevalence,0.00853926283309195
NbyGQVwzFc_loc12_loop6,12,ITN 0%/IRS 0%/Larvicide 0%,0;0.4;0.4_0;0;0_0;0;0_-100;2;5475_-100;2;5475_-100;2;5475,26.9013698630137,Prevalence,0.00854442444633491
NbyGQVwzFc_loc12_loop6,12,ITN 0%/IRS 0%/Larvicide 0%,0;0.4;0.4_0;0;0_0;0;0_-100;2;5475_-100;2;5475_-100;2;5475,26.9041095890411,Prevalence,0.00854958777616141
NbyGQVwzFc_loc12_loop6,12,ITN 0%/IRS 0%/Larvicide 0%,0;0.4;0.4_0;0;0_0;0;0_-100;2;5475_-100;2;5475_-100;2;5475,26.9068493150685,Prevalence,0.00855475281551264
NbyGQVwzFc_loc12_loop6,12,ITN 0%/IRS 0%/Larvicide 0%,0;0.4;0.4_0;0;0_0;0;0_-100;2;5475_-100;2;5475_-100;2;5475,26.9095890410959,Prevalence,0.00855991955732718
NbyGQVwzFc_loc12_loop6,12,ITN 0%/IRS 0%/Larvicide 0%,0;0.4;0.4_0;0;0_0;0;0_-100;2;5475_-100;2;5475_-100;2;5475,26.9123287671233,Prevalence,0.008565087994541
NbyGQVwzFc_loc12_loop6,12,ITN 0%/IRS 0%/Larvicide 0%,0;0.4;0.4_0;0;0_0;0;0_-100;2;5475_-100;2;5475_-100;2;5475,26.9150684931507,Prevalence,0.00857025812008755
NbyGQVwzFc_loc12_loop6,12,ITN 0%/IRS 0%/Larvicide 0%,0;0.4;0.4_0;0;0_0;0;0_-100;2;5475_-100;2;5475_-100;2;5475,26.9178082191781,Prevalence,0.00857542992689769
NbyGQVwzFc_loc12_loop6,12,ITN 0%/IRS 0%/Larvicide 0%,0;0.4;0.4_0;0;0_0;0;0_-100;2;5475_-100;2;5475_-100;2;5475,26.9205479452055,Prevalence,0.00858060340789984
NbyGQVwzFc_loc12_loop6,12,ITN 0%/IRS 0%/Larvicide 0%,0;0.4;0.4_0;0;0_0;0;0_-100;2;5475_-100;2;5475_-100;2;5475,26.9232876712329,Prevalence,0.00858577855601989
NbyGQVwzFc_loc12_loop6,12,ITN 0%/IRS 0%/Larvicide 0%,0;0.4;0.4_0;0;0_0;0;0_-100;2;5475_-100;2;5475_-100;2;5475,26.9260273972603,Prevalence,0.00859095536418134
NbyGQVwzFc_loc12_loop6,12,ITN 0%/IRS 0%/Larvicide 0%,0;0.4;0.4_0;0;0_0;0;0_-100;2;5475_-100;2;5475_-100;2;5475,26.9287671232877,Prevalence,0.00859613382530524
NbyGQVwzFc_loc12_loop6,12,ITN 0%/IRS 0%/Larvicide 0%,0;0.4;0.4_0;0;0_0;0;0_-100;2;5475_-100;2;5475_-100;2;5475,26.9315068493151,Prevalence,0.00860131393231032
NbyGQVwzFc_loc12_loop6,12,ITN 0%/IRS 0%/Larvicide 0%,0;0.4;0.4_0;0;0_0;0;0_-100;2;5475_-100;2;5475_-100;2;5475,26.9342465753425,Prevalence,0.0086064956781129
NbyGQVwzFc_loc12_loop6,12,ITN 0%/IRS 0%/Larvicide 0%,0;0.4;0.4_0;0;0_0;0;0_-100;2;5475_-100;2;5475_-100;2;5475,26.9369863013699,Prevalence,0.00861167905562703
NbyGQVwzFc_loc12_loop6,12,ITN 0%/IRS 0%/Larvicide 0%,0;0.4;0.4_0;0;0_0;0;0_-100;2;5475_-100;2;5475_-100;2;5475,26.9397260273973,Prevalence,0.00861686405776446
NbyGQVwzFc_loc12_loop6,12,ITN 0%/IRS 0%/Larvicide 0%,0;0.4;0.4_0;0;0_0;0;0_-100;2;5475_-100;2;5475_-100;2;5475,26.9424657534247,Prevalence,0.00862205067743468
NbyGQVwzFc_loc12_loop6,12,ITN 0%/IRS 0%/Larvicide 0%,0;0.4;0.4_0;0;0_0;0;0_-100;2;5475_-100;2;5475_-100;2;5475,26.9452054794521,Prevalence,0.00862723890754491
NbyGQVwzFc_loc12_loop6,12,ITN 0%/IRS 0%/Larvicide 0%,0;0.4;0.4_0;0;0_0;0;0_-100;2;5475_-100;2;5475_-100;2;5475,26.9479452054795,Prevalence,0.0086324287410002
NbyGQVwzFc_loc12_loop6,12,ITN 0%/IRS 0%/Larvicide 0%,0;0.4;0.4_0;0;0_0;0;0_-100;2;5475_-100;2;5475_-100;2;5475,26.9506849315069,Prevalence,0.00863762017070341
NbyGQVwzFc_loc12_loop6,12,ITN 0%/IRS 0%/Larvicide 0%,0;0.4;0.4_0;0;0_0;0;0_-100;2;5475_-100;2;5475_-100;2;5475,26.9534246575343,Prevalence,0.00864281318955529
NbyGQVwzFc_loc12_loop6,12,ITN 0%/IRS 0%/Larvicide 0%,0;0.4;0.4_0;0;0_0;0;0_-100;2;5475_-100;2;5475_-100;2;5475,26.9561643835616,Prevalence,0.00864800779045451
NbyGQVwzFc_loc12_loop6,12,ITN 0%/IRS 0%/Larvicide 0%,0;0.4;0.4_0;0;0_0;0;0_-100;2;5475_-100;2;5475_-100;2;5475,26.958904109589,Prevalence,0.00865320396629765
NbyGQVwzFc_loc12_loop6,12,ITN 0%/IRS 0%/Larvicide 0%,0;0.4;0.4_0;0;0_0;0;0_-100;2;5475_-100;2;5475_-100;2;5475,26.9616438356164,Prevalence,0.00865840170997928
NbyGQVwzFc_loc12_loop6,12,ITN 0%/IRS 0%/Larvicide 0%,0;0.4;0.4_0;0;0_0;0;0_-100;2;5475_-100;2;5475_-100;2;5475,26.9643835616438,Prevalence,0.00866360101439196
NbyGQVwzFc_loc12_loop6,12,ITN 0%/IRS 0%/Larvicide 0%,0;0.4;0.4_0;0;0_0;0;0_-100;2;5475_-100;2;5475_-100;2;5475,26.9671232876712,Prevalence,0.00866880187242627
NbyGQVwzFc_loc12_loop6,12,ITN 0%/IRS 0%/Larvicide 0%,0;0.4;0.4_0;0;0_0;0;0_-100;2;5475_-100;2;5475_-100;2;5475,26.9698630136986,Prevalence,0.00867400427697085
NbyGQVwzFc_loc12_loop6,12,ITN 0%/IRS 0%/Larvicide 0%,0;0.4;0.4_0;0;0_0;0;0_-100;2;5475_-100;2;5475_-100;2;5475,26.972602739726,Prevalence,0.00867920822091248
NbyGQVwzFc_loc12_loop6,12,ITN 0%/IRS 0%/Larvicide 0%,0;0.4;0.4_0;0;0_0;0;0_-100;2;5475_-100;2;5475_-100;2;5475,26.9753424657534,Prevalence,0.00868441369713599
NbyGQVwzFc_loc12_loop6,12,ITN 0%/IRS 0%/Larvicide 0%,0;0.4;0.4_0;0;0_0;0;0_-100;2;5475_-100;2;5475_-100;2;5475,26.9780821917808,Prevalence,0.00868962069852444
NbyGQVwzFc_loc12_loop6,12,ITN 0%/IRS 0%/Larvicide 0%,0;0.4;0.4_0;0;0_0;0;0_-100;2;5475_-100;2;5475_-100;2;5475,26.9808219178082,Prevalence,0.00869482921795903
NbyGQVwzFc_loc12_loop6,12,ITN 0%/IRS 0%/Larvicide 0%,0;0.4;0.4_0;0;0_0;0;0_-100;2;5475_-100;2;5475_-100;2;5475,26.9835616438356,Prevalence,0.0087000392483192
NbyGQVwzFc_loc12_loop6,12,ITN 0%/IRS 0%/Larvicide 0%,0;0.4;0.4_0;0;0_0;0;0_-100;2;5475_-100;2;5475_-100;2;5475,26.986301369863,Prevalence,0.00870525078248264
NbyGQVwzFc_loc12_loop6,12,ITN 0%/IRS 0%/Larvicide 0%,0;0.4;0.4_0;0;0_0;0;0_-100;2;5475_-100;2;5475_-100;2;5475,26.9890410958904,Prevalence,0.00871046381332533
NbyGQVwzFc_loc12_loop6,12,ITN 0%/IRS 0%/Larvicide 0%,0;0.4;0.4_0;0;0_0;0;0_-100;2;5475_-100;2;5475_-100;2;5475,26.9917808219178,Prevalence,0.00871567833372156
NbyGQVwzFc_loc12_loop6,12,ITN 0%/IRS 0%/Larvicide 0%,0;0.4;0.4_0;0;0_0;0;0_-100;2;5475_-100;2;5475_-100;2;5475,26.9945205479452,Prevalence,0.00872089433654397
NbyGQVwzFc_loc12_loop6,12,ITN 0%/IRS 0%/Larvicide 0%,0;0.4;0.4_0;0;0_0;0;0_-100;2;5475_-100;2;5475_-100;2;5475,26.9972602739726,Prevalence,0.00872611181466358
NbyGQVwzFc_loc12_loop6,12,ITN 0%/IRS 0%/Larvicide 0%,0;0.4;0.4_0;0;0_0;0;0_-100;2;5475_-100;2;5475_-100;2;5475,27,Prevalence,0.00873133076094983
NbyGQVwzFc_loc12_loop6,12,ITN 0%/IRS 0%/Larvicide 0%,0;0.4;0.4_0;0;0_0;0;0_-100;2;5475_-100;2;5475_-100;2;5475,27.0027397260274,Prevalence,0.00873655116827051
NbyGQVwzFc_loc12_loop6,12,ITN 0%/IRS 0%/Larvicide 0%,0;0.4;0.4_0;0;0_0;0;0_-100;2;5475_-100;2;5475_-100;2;5475,27.0054794520548,Prevalence,0.0087417730294926
NbyGQVwzFc_loc12_loop6,12,ITN 0%/IRS 0%/Larvicide 0%,0;0.4;0.4_0;0;0_0;0;0_-100;2;5475_-100;2;5475_-100;2;5475,27.0082191780822,Prevalence,0.00874699633748024
NbyGQVwzFc_loc12_loop6,12,ITN 0%/IRS 0%/Larvicide 0%,0;0.4;0.4_0;0;0_0;0;0_-100;2;5475_-100;2;5475_-100;2;5475,27.0109589041096,Prevalence,0.00875222108509722
NbyGQVwzFc_loc12_loop6,12,ITN 0%/IRS 0%/Larvicide 0%,0;0.4;0.4_0;0;0_0;0;0_-100;2;5475_-100;2;5475_-100;2;5475,27.013698630137,Prevalence,0.00875744726520573
NbyGQVwzFc_loc12_loop6,12,ITN 0%/IRS 0%/Larvicide 0%,0;0.4;0.4_0;0;0_0;0;0_-100;2;5475_-100;2;5475_-100;2;5475,27.0164383561644,Prevalence,0.00876267487066676
NbyGQVwzFc_loc12_loop6,12,ITN 0%/IRS 0%/Larvicide 0%,0;0.4;0.4_0;0;0_0;0;0_-100;2;5475_-100;2;5475_-100;2;5475,27.0191780821918,Prevalence,0.00876790389433974
NbyGQVwzFc_loc12_loop6,12,ITN 0%/IRS 0%/Larvicide 0%,0;0.4;0.4_0;0;0_0;0;0_-100;2;5475_-100;2;5475_-100;2;5475,27.0219178082192,Prevalence,0.0087731343290826
NbyGQVwzFc_loc12_loop6,12,ITN 0%/IRS 0%/Larvicide 0%,0;0.4;0.4_0;0;0_0;0;0_-100;2;5475_-100;2;5475_-100;2;5475,27.0246575342466,Prevalence,0.00877836616775288
NbyGQVwzFc_loc12_loop6,12,ITN 0%/IRS 0%/Larvicide 0%,0;0.4;0.4_0;0;0_0;0;0_-100;2;5475_-100;2;5475_-100;2;5475,27.027397260274,Prevalence,0.00878359940320608
NbyGQVwzFc_loc12_loop6,12,ITN 0%/IRS 0%/Larvicide 0%,0;0.4;0.4_0;0;0_0;0;0_-100;2;5475_-100;2;5475_-100;2;5475,27.0301369863014,Prevalence,0.00878883402829612
NbyGQVwzFc_loc12_loop6,12,ITN 0%/IRS 0%/Larvicide 0%,0;0.4;0.4_0;0;0_0;0;0_-100;2;5475_-100;2;5475_-100;2;5475,27.0328767123288,Prevalence,0.00879360012134207
NbyGQVwzFc_loc12_loop6,12,ITN 0%/IRS 0%/Larvicide 0%,0;0.4;0.4_0;0;0_0;0;0_-100;2;5475_-100;2;5475_-100;2;5475,27.0356164383562,Prevalence,0.00878589070548006
NbyGQVwzFc_loc12_loop6,12,ITN 0%/IRS 0%/Larvicide 0%,0;0.4;0.4_0;0;0_0;0;0_-100;2;5475_-100;2;5475_-100;2;5475,27.0383561643836,Prevalence,0.00877872966796923
NbyGQVwzFc_loc12_loop6,12,ITN 0%/IRS 0%/Larvicide 0%,0;0.4;0.4_0;0;0_0;0;0_-100;2;5475_-100;2;5475_-100;2;5475,27.041095890411,Prevalence,0.00877195702007535
NbyGQVwzFc_loc12_loop6,12,ITN 0%/IRS 0%/Larvicide 0%,0;0.4;0.4_0;0;0_0;0;0_-100;2;5475_-100;2;5475_-100;2;5475,27.0438356164384,Prevalence,0.00876550493276225
NbyGQVwzFc_loc12_loop6,12,ITN 0%/IRS 0%/Larvicide 0%,0;0.4;0.4_0;0;0_0;0;0_-100;2;5475_-100;2;5475_-100;2;5475,27.0465753424658,Prevalence,0.00875931877156581
NbyGQVwzFc_loc12_loop6,12,ITN 0%/IRS 0%/Larvicide 0%,0;0.4;0.4_0;0;0_0;0;0_-100;2;5475_-100;2;5475_-100;2;5475,27.0493150684932,Prevalence,0.00875335461153336
NbyGQVwzFc_loc12_loop6,12,ITN 0%/IRS 0%/Larvicide 0%,0;0.4;0.4_0;0;0_0;0;0_-100;2;5475_-100;2;5475_-100;2;5475,27.0520547945206,Prevalence,0.00874757721202435
NbyGQVwzFc_loc12_loop6,12,ITN 0%/IRS 0%/Larvicide 0%,0;0.4;0.4_0;0;0_0;0;0_-100;2;5475_-100;2;5475_-100;2;5475,27.0547945205479,Prevalence,0.00874195886755285
NbyGQVwzFc_loc12_loop6,12,ITN 0%/IRS 0%/Larvicide 0%,0;0.4;0.4_0;0;0_0;0;0_-100;2;5475_-100;2;5475_-100;2;5475,27.0575342465753,Prevalence,0.0087363827805266
NbyGQVwzFc_loc12_loop6,12,ITN 0%/IRS 0%/Larvicide 0%,0;0.4;0.4_0;0;0_0;0;0_-100;2;5475_-100;2;5475_-100;2;5475,27.0602739726027,Prevalence,0.00873070563747332
NbyGQVwzFc_loc12_loop6,12,ITN 0%/IRS 0%/Larvicide 0%,0;0.4;0.4_0;0;0_0;0;0_-100;2;5475_-100;2;5475_-100;2;5475,27.0630136986301,Prevalence,0.00872492312839932
NbyGQVwzFc_loc12_loop6,12,ITN 0%/IRS 0%/Larvicide 0%,0;0.4;0.4_0;0;0_0;0;0_-100;2;5475_-100;2;5475_-100;2;5475,27.0657534246575,Prevalence,0.00871903488495534
NbyGQVwzFc_loc12_loop6,12,ITN 0%/IRS 0%/Larvicide 0%,0;0.4;0.4_0;0;0_0;0;0_-100;2;5475_-100;2;5475_-100;2;5475,27.0684931506849,Prevalence,0.00871304291928239
NbyGQVwzFc_loc12_loop6,12,ITN 0%/IRS 0%/Larvicide 0%,0;0.4;0.4_0;0;0_0;0;0_-100;2;5475_-100;2;5475_-100;2;5475,27.0712328767123,Prevalence,0.00870695104432697
NbyGQVwzFc_loc12_loop6,12,ITN 0%/IRS 0%/Larvicide 0%,0;0.4;0.4_0;0;0_0;0;0_-100;2;5475_-100;2;5475_-100;2;5475,27.0739726027397,Prevalence,0.00870076441061869
NbyGQVwzFc_loc12_loop6,12,ITN 0%/IRS 0%/Larvicide 0%,0;0.4;0.4_0;0;0_0;0;0_-100;2;5475_-100;2;5475_-100;2;5475,27.0767123287671,Prevalence,0.00869448913512847
NbyGQVwzFc_loc12_loop6,12,ITN 0%/IRS 0%/Larvicide 0%,0;0.4;0.4_0;0;0_0;0;0_-100;2;5475_-100;2;5475_-100;2;5475,27.0794520547945,Prevalence,0.00868813200416326
NbyGQVwzFc_loc12_loop6,12,ITN 0%/IRS 0%/Larvicide 0%,0;0.4;0.4_0;0;0_0;0;0_-100;2;5475_-100;2;5475_-100;2;5475,27.0821917808219,Prevalence,0.00868170023639127
NbyGQVwzFc_loc12_loop6,12,ITN 0%/IRS 0%/Larvicide 0%,0;0.4;0.4_0;0;0_0;0;0_-100;2;5475_-100;2;5475_-100;2;5475,27.0849315068493,Prevalence,0.00867520129482905
NbyGQVwzFc_loc12_loop6,12,ITN 0%/IRS 0%/Larvicide 0%,0;0.4;0.4_0;0;0_0;0;0_-100;2;5475_-100;2;5475_-100;2;5475,27.0876712328767,Prevalence,0.0086686427386757
NbyGQVwzFc_loc12_loop6,12,ITN 0%/IRS 0%/Larvicide 0%,0;0.4;0.4_0;0;0_0;0;0_-100;2;5475_-100;2;5475_-100;2;5475,27.0904109589041,Prevalence,0.00866192139873384
NbyGQVwzFc_loc12_loop6,12,ITN 0%/IRS 0%/Larvicide 0%,0;0.4;0.4_0;0;0_0;0;0_-100;2;5475_-100;2;5475_-100;2;5475,27.0931506849315,Prevalence,0.00865459219992435
NbyGQVwzFc_loc12_loop6,12,ITN 0%/IRS 0%/Larvicide 0%,0;0.4;0.4_0;0;0_0;0;0_-100;2;5475_-100;2;5475_-100;2;5475,27.0958904109589,Prevalence,0.00864669666402643
NbyGQVwzFc_loc12_loop6,12,ITN 0%/IRS 0%/Larvicide 0%,0;0.4;0.4_0;0;0_0;0;0_-100;2;5475_-100;2;5475_-100;2;5475,27.0986301369863,Prevalence,0.00863832104340233
NbyGQVwzFc_loc12_loop6,12,ITN 0%/IRS 0%/Larvicide 0%,0;0.4;0.4_0;0;0_0;0;0_-100;2;5475_-100;2;5475_-100;2;5475,27.1013698630137,Prevalence,0.00862953894201073
NbyGQVwzFc_loc12_loop6,12,ITN 0%/IRS 0%/Larvicide 0%,0;0.4;0.4_0;0;0_0;0;0_-100;2;5475_-100;2;5475_-100;2;5475,27.1041095890411,Prevalence,0.00862041335921338
NbyGQVwzFc_loc12_loop6,12,ITN 0%/IRS 0%/Larvicide 0%,0;0.4;0.4_0;0;0_0;0;0_-100;2;5475_-100;2;5475_-100;2;5475,27.1068493150685,Prevalence,0.00861099837741558
NbyGQVwzFc_loc12_loop6,12,ITN 0%/IRS 0%/Larvicide 0%,0;0.4;0.4_0;0;0_0;0;0_-100;2;5475_-100;2;5475_-100;2;5475,27.1095890410959,Prevalence,0.00860134056271685
NbyGQVwzFc_loc12_loop6,12,ITN 0%/IRS 0%/Larvicide 0%,0;0.4;0.4_0;0;0_0;0;0_-100;2;5475_-100;2;5475_-100;2;5475,27.1123287671233,Prevalence,0.00859148012914235
NbyGQVwzFc_loc12_loop6,12,ITN 0%/IRS 0%/Larvicide 0%,0;0.4;0.4_0;0;0_0;0;0_-100;2;5475_-100;2;5475_-100;2;5475,27.1150684931507,Prevalence,0.00858145190795595
NbyGQVwzFc_loc12_loop6,12,ITN 0%/IRS 0%/Larvicide 0%,0;0.4;0.4_0;0;0_0;0;0_-100;2;5475_-100;2;5475_-100;2;5475,27.1178082191781,Prevalence,0.00857128615613244
NbyGQVwzFc_loc12_loop6,12,ITN 0%/IRS 0%/Larvicide 0%,0;0.4;0.4_0;0;0_0;0;0_-100;2;5475_-100;2;5475_-100;2;5475,27.1205479452055,Prevalence,0.00856100923197298
NbyGQVwzFc_loc12_loop6,12,ITN 0%/IRS 0%/Larvicide 0%,0;0.4;0.4_0;0;0_0;0;0_-100;2;5475_-100;2;5475_-100;2;5475,27.1232876712329,Prevalence,0.00855064410963697
NbyGQVwzFc_loc12_loop6,12,ITN 0%/IRS 0%/Larvicide 0%,0;0.4;0.4_0;0;0_0;0;0_-100;2;5475_-100;2;5475_-100;2;5475,27.1260273972603,Prevalence,0.00854020991555058
NbyGQVwzFc_loc12_loop6,12,ITN 0%/IRS 0%/Larvicide 0%,0;0.4;0.4_0;0;0_0;0;0_-100;2;5475_-100;2;5475_-100;2;5475,27.1287671232877,Prevalence,0.00852972258411854
NbyGQVwzFc_loc12_loop6,12,ITN 0%/IRS 0%/Larvicide 0%,0;0.4;0.4_0;0;0_0;0;0_-100;2;5475_-100;2;5475_-100;2;5475,27.1315068493151,Prevalence,0.00851919612253518
NbyGQVwzFc_loc12_loop6,12,ITN 0%/IRS 0%/Larvicide 0%,0;0.4;0.4_0;0;0_0;0;0_-100;2;5475_-100;2;5475_-100;2;5475,27.1342465753425,Prevalence,0.00850864289906554
NbyGQVwzFc_loc12_loop6,12,ITN 0%/IRS 0%/Larvicide 0%,0;0.4;0.4_0;0;0_0;0;0_-100;2;5475_-100;2;5475_-100;2;5475,27.1369863013699,Prevalence,0.00849807386003184
NbyGQVwzFc_loc12_loop6,12,ITN 0%/IRS 0%/Larvicide 0%,0;0.4;0.4_0;0;0_0;0;0_-100;2;5475_-100;2;5475_-100;2;5475,27.1397260273973,Prevalence,0.00848749871379658
NbyGQVwzFc_loc12_loop6,12,ITN 0%/IRS 0%/Larvicide 0%,0;0.4;0.4_0;0;0_0;0;0_-100;2;5475_-100;2;5475_-100;2;5475,27.1424657534247,Prevalence,0.00847692608727472
NbyGQVwzFc_loc12_loop6,12,ITN 0%/IRS 0%/Larvicide 0%,0;0.4;0.4_0;0;0_0;0;0_-100;2;5475_-100;2;5475_-100;2;5475,27.1452054794521,Prevalence,0.00846636365939645
NbyGQVwzFc_loc12_loop6,12,ITN 0%/IRS 0%/Larvicide 0%,0;0.4;0.4_0;0;0_0;0;0_-100;2;5475_-100;2;5475_-100;2;5475,27.1479452054795,Prevalence,0.00845581825216735
NbyGQVwzFc_loc12_loop6,12,ITN 0%/IRS 0%/Larvicide 0%,0;0.4;0.4_0;0;0_0;0;0_-100;2;5475_-100;2;5475_-100;2;5475,27.1506849315069,Prevalence,0.00844529584934595
NbyGQVwzFc_loc12_loop6,12,ITN 0%/IRS 0%/Larvicide 0%,0;0.4;0.4_0;0;0_0;0;0_-100;2;5475_-100;2;5475_-100;2;5475,27.1534246575343,Prevalence,0.00843480167216953
NbyGQVwzFc_loc12_loop6,12,ITN 0%/IRS 0%/Larvicide 0%,0;0.4;0.4_0;0;0_0;0;0_-100;2;5475_-100;2;5475_-100;2;5475,27.1561643835616,Prevalence,0.00842434027890298
NbyGQVwzFc_loc12_loop6,12,ITN 0%/IRS 0%/Larvicide 0%,0;0.4;0.4_0;0;0_0;0;0_-100;2;5475_-100;2;5475_-100;2;5475,27.158904109589,Prevalence,0.00841391565080871
NbyGQVwzFc_loc12_loop6,12,ITN 0%/IRS 0%/Larvicide 0%,0;0.4;0.4_0;0;0_0;0;0_-100;2;5475_-100;2;5475_-100;2;5475,27.1616438356164,Prevalence,0.008403531265979
NbyGQVwzFc_loc12_loop6,12,ITN 0%/IRS 0%/Larvicide 0%,0;0.4;0.4_0;0;0_0;0;0_-100;2;5475_-100;2;5475_-100;2;5475,27.1643835616438,Prevalence,0.00839319016289343
NbyGQVwzFc_loc12_loop6,12,ITN 0%/IRS 0%/Larvicide 0%,0;0.4;0.4_0;0;0_0;0;0_-100;2;5475_-100;2;5475_-100;2;5475,27.1671232876712,Prevalence,0.00838289499525993
NbyGQVwzFc_loc12_loop6,12,ITN 0%/IRS 0%/Larvicide 0%,0;0.4;0.4_0;0;0_0;0;0_-100;2;5475_-100;2;5475_-100;2;5475,27.1698630136986,Prevalence,0.00837264807944532
NbyGQVwzFc_loc12_loop6,12,ITN 0%/IRS 0%/Larvicide 0%,0;0.4;0.4_0;0;0_0;0;0_-100;2;5475_-100;2;5475_-100;2;5475,27.172602739726,Prevalence,0.00836245143559016
NbyGQVwzFc_loc12_loop6,12,ITN 0%/IRS 0%/Larvicide 0%,0;0.4;0.4_0;0;0_0;0;0_-100;2;5475_-100;2;5475_-100;2;5475,27.1753424657534,Prevalence,0.00835230682333024
NbyGQVwzFc_loc12_loop6,12,ITN 0%/IRS 0%/Larvicide 0%,0;0.4;0.4_0;0;0_0;0;0_-100;2;5475_-100;2;5475_-100;2;5475,27.1780821917808,Prevalence,0.00834221577289738
NbyGQVwzFc_loc12_loop6,12,ITN 0%/IRS 0%/Larvicide 0%,0;0.4;0.4_0;0;0_0;0;0_-100;2;5475_-100;2;5475_-100;2;5475,27.1808219178082,Prevalence,0.00833217958760554
NbyGQVwzFc_loc12_loop6,12,ITN 0%/IRS 0%/Larvicide 0%,0;0.4;0.4_0;0;0_0;0;0_-100;2;5475_-100;2;5475_-100;2;5475,27.1835616438356,Prevalence,0.00832219917087307
NbyGQVwzFc_loc12_loop6,12,ITN 0%/IRS 0%/Larvicide 0%,0;0.4;0.4_0;0;0_0;0;0_-100;2;5475_-100;2;5475_-100;2;5475,27.186301369863,Prevalence,0.00831227496081161
NbyGQVwzFc_loc12_loop6,12,ITN 0%/IRS 0%/Larvicide 0%,0;0.4;0.4_0;0;0_0;0;0_-100;2;5475_-100;2;5475_-100;2;5475,27.1890410958904,Prevalence,0.00830240704543278
NbyGQVwzFc_loc12_loop6,12,ITN 0%/IRS 0%/Larvicide 0%,0;0.4;0.4_0;0;0_0;0;0_-100;2;5475_-100;2;5475_-100;2;5475,27.1917808219178,Prevalence,0.00829259526196131
NbyGQVwzFc_loc12_loop6,12,ITN 0%/IRS 0%/Larvicide 0%,0;0.4;0.4_0;0;0_0;0;0_-100;2;5475_-100;2;5475_-100;2;5475,27.1945205479452,Prevalence,0.00828283927244049
NbyGQVwzFc_loc12_loop6,12,ITN 0%/IRS 0%/Larvicide 0%,0;0.4;0.4_0;0;0_0;0;0_-100;2;5475_-100;2;5475_-100;2;5475,27.1972602739726,Prevalence,0.0082731386209144
NbyGQVwzFc_loc12_loop6,12,ITN 0%/IRS 0%/Larvicide 0%,0;0.4;0.4_0;0;0_0;0;0_-100;2;5475_-100;2;5475_-100;2;5475,27.2,Prevalence,0.00826349277633961
NbyGQVwzFc_loc12_loop6,12,ITN 0%/IRS 0%/Larvicide 0%,0;0.4;0.4_0;0;0_0;0;0_-100;2;5475_-100;2;5475_-100;2;5475,27.2027397260274,Prevalence,0.00825390116447976
NbyGQVwzFc_loc12_loop6,12,ITN 0%/IRS 0%/Larvicide 0%,0;0.4;0.4_0;0;0_0;0;0_-100;2;5475_-100;2;5475_-100;2;5475,27.2054794520548,Prevalence,0.00824436319132722
NbyGQVwzFc_loc12_loop6,12,ITN 0%/IRS 0%/Larvicide 0%,0;0.4;0.4_0;0;0_0;0;0_-100;2;5475_-100;2;5475_-100;2;5475,27.2082191780822,Prevalence,0.00823487826003687
NbyGQVwzFc_loc12_loop6,12,ITN 0%/IRS 0%/Larvicide 0%,0;0.4;0.4_0;0;0_0;0;0_-100;2;5475_-100;2;5475_-100;2;5475,27.2109589041096,Prevalence,0.00822544578291722
NbyGQVwzFc_loc12_loop6,12,ITN 0%/IRS 0%/Larvicide 0%,0;0.4;0.4_0;0;0_0;0;0_-100;2;5475_-100;2;5475_-100;2;5475,27.213698630137,Prevalence,0.00821606518966491
NbyGQVwzFc_loc12_loop6,12,ITN 0%/IRS 0%/Larvicide 0%,0;0.4;0.4_0;0;0_0;0;0_-100;2;5475_-100;2;5475_-100;2;5475,27.2164383561644,Prevalence,0.00820673593248631
NbyGQVwzFc_loc12_loop6,12,ITN 0%/IRS 0%/Larvicide 0%,0;0.4;0.4_0;0;0_0;0;0_-100;2;5475_-100;2;5475_-100;2;5475,27.2191780821918,Prevalence,0.00819745748854042
NbyGQVwzFc_loc12_loop6,12,ITN 0%/IRS 0%/Larvicide 0%,0;0.4;0.4_0;0;0_0;0;0_-100;2;5475_-100;2;5475_-100;2;5475,27.2219178082192,Prevalence,0.00818822936087944
NbyGQVwzFc_loc12_loop6,12,ITN 0%/IRS 0%/Larvicide 0%,0;0.4;0.4_0;0;0_0;0;0_-100;2;5475_-100;2;5475_-100;2;5475,27.2246575342466,Prevalence,0.00817905107854126
NbyGQVwzFc_loc12_loop6,12,ITN 0%/IRS 0%/Larvicide 0%,0;0.4;0.4_0;0;0_0;0;0_-100;2;5475_-100;2;5475_-100;2;5475,27.227397260274,Prevalence,0.00816992219605779
NbyGQVwzFc_loc12_loop6,12,ITN 0%/IRS 0%/Larvicide 0%,0;0.4;0.4_0;0;0_0;0;0_-100;2;5475_-100;2;5475_-100;2;5475,27.2301369863014,Prevalence,0.00816084229256993
NbyGQVwzFc_loc12_loop6,12,ITN 0%/IRS 0%/Larvicide 0%,0;0.4;0.4_0;0;0_0;0;0_-100;2;5475_-100;2;5475_-100;2;5475,27.2328767123288,Prevalence,0.0081518109706904
NbyGQVwzFc_loc12_loop6,12,ITN 0%/IRS 0%/Larvicide 0%,0;0.4;0.4_0;0;0_0;0;0_-100;2;5475_-100;2;5475_-100;2;5475,27.2356164383562,Prevalence,0.00814282785521833
NbyGQVwzFc_loc12_loop6,12,ITN 0%/IRS 0%/Larvicide 0%,0;0.4;0.4_0;0;0_0;0;0_-100;2;5475_-100;2;5475_-100;2;5475,27.2383561643836,Prevalence,0.00813389259177502
NbyGQVwzFc_loc12_loop6,12,ITN 0%/IRS 0%/Larvicide 0%,0;0.4;0.4_0;0;0_0;0;0_-100;2;5475_-100;2;5475_-100;2;5475,27.241095890411,Prevalence,0.00812500484538041
NbyGQVwzFc_loc12_loop6,12,ITN 0%/IRS 0%/Larvicide 0%,0;0.4;0.4_0;0;0_0;0;0_-100;2;5475_-100;2;5475_-100;2;5475,27.2438356164384,Prevalence,0.00811616429898446
NbyGQVwzFc_loc12_loop6,12,ITN 0%/IRS 0%/Larvicide 0%,0;0.4;0.4_0;0;0_0;0;0_-100;2;5475_-100;2;5475_-100;2;5475,27.2465753424658,Prevalence,0.00810737065199861
NbyGQVwzFc_loc12_loop6,12,ITN 0%/IRS 0%/Larvicide 0%,0;0.4;0.4_0;0;0_0;0;0_-100;2;5475_-100;2;5475_-100;2;5475,27.2493150684932,Prevalence,0.00809862361886588
NbyGQVwzFc_loc12_loop6,12,ITN 0%/IRS 0%/Larvicide 0%,0;0.4;0.4_0;0;0_0;0;0_-100;2;5475_-100;2;5475_-100;2;5475,27.2520547945206,Prevalence,0.00808992292769655
NbyGQVwzFc_loc12_loop6,12,ITN 0%/IRS 0%/Larvicide 0%,0;0.4;0.4_0;0;0_0;0;0_-100;2;5475_-100;2;5475_-100;2;5475,27.254794520548,Prevalence,0.00808126831898516
NbyGQVwzFc_loc12_loop6,12,ITN 0%/IRS 0%/Larvicide 0%,0;0.4;0.4_0;0;0_0;0;0_-100;2;5475_-100;2;5475_-100;2;5475,27.2575342465753,Prevalence,0.00807265954441704
NbyGQVwzFc_loc12_loop6,12,ITN 0%/IRS 0%/Larvicide 0%,0;0.4;0.4_0;0;0_0;0;0_-100;2;5475_-100;2;5475_-100;2;5475,27.2602739726027,Prevalence,0.00806409636577092
NbyGQVwzFc_loc12_loop6,12,ITN 0%/IRS 0%/Larvicide 0%,0;0.4;0.4_0;0;0_0;0;0_-100;2;5475_-100;2;5475_-100;2;5475,27.2630136986301,Prevalence,0.00805557855391508
NbyGQVwzFc_loc12_loop6,12,ITN 0%/IRS 0%/Larvicide 0%,0;0.4;0.4_0;0;0_0;0;0_-100;2;5475_-100;2;5475_-100;2;5475,27.2657534246575,Prevalence,0.00804710588789467
NbyGQVwzFc_loc12_loop6,12,ITN 0%/IRS 0%/Larvicide 0%,0;0.4;0.4_0;0;0_0;0;0_-100;2;5475_-100;2;5475_-100;2;5475,27.2684931506849,Prevalence,0.00803867815410663
NbyGQVwzFc_loc12_loop6,12,ITN 0%/IRS 0%/Larvicide 0%,0;0.4;0.4_0;0;0_0;0;0_-100;2;5475_-100;2;5475_-100;2;5475,27.2712328767123,Prevalence,0.0080302951455506
NbyGQVwzFc_loc12_loop6,12,ITN 0%/IRS 0%/Larvicide 0%,0;0.4;0.4_0;0;0_0;0;0_-100;2;5475_-100;2;5475_-100;2;5475,27.2739726027397,Prevalence,0.0080219566610817
NbyGQVwzFc_loc12_loop6,12,ITN 0%/IRS 0%/Larvicide 0%,0;0.4;0.4_0;0;0_0;0;0_-100;2;5475_-100;2;5475_-100;2;5475,27.2767123287671,Prevalence,0.0080136625045677
NbyGQVwzFc_loc12_loop6,12,ITN 0%/IRS 0%/Larvicide 0%,0;0.4;0.4_0;0;0_0;0;0_-100;2;5475_-100;2;5475_-100;2;5475,27.2794520547945,Prevalence,0.00800541248398791
NbyGQVwzFc_loc12_loop6,12,ITN 0%/IRS 0%/Larvicide 0%,0;0.4;0.4_0;0;0_0;0;0_-100;2;5475_-100;2;5475_-100;2;5475,27.2821917808219,Prevalence,0.0079972064105482
NbyGQVwzFc_loc12_loop6,12,ITN 0%/IRS 0%/Larvicide 0%,0;0.4;0.4_0;0;0_0;0;0_-100;2;5475_-100;2;5475_-100;2;5475,27.2849315068493,Prevalence,0.00798904409786016
NbyGQVwzFc_loc12_loop6,12,ITN 0%/IRS 0%/Larvicide 0%,0;0.4;0.4_0;0;0_0;0;0_-100;2;5475_-100;2;5475_-100;2;5475,27.2876712328767,Prevalence,0.00798092536121063
NbyGQVwzFc_loc12_loop6,12,ITN 0%/IRS 0%/Larvicide 0%,0;0.4;0.4_0;0;0_0;0;0_-100;2;5475_-100;2;5475_-100;2;5475,27.2904109589041,Prevalence,0.0079728500169341
NbyGQVwzFc_loc12_loop6,12,ITN 0%/IRS 0%/Larvicide 0%,0;0.4;0.4_0;0;0_0;0;0_-100;2;5475_-100;2;5475_-100;2;5475,27.2931506849315,Prevalence,0.00796481788189
NbyGQVwzFc_loc12_loop6,12,ITN 0%/IRS 0%/Larvicide 0%,0;0.4;0.4_0;0;0_0;0;0_-100;2;5475_-100;2;5475_-100;2;5475,27.2958904109589,Prevalence,0.00795682877304105
NbyGQVwzFc_loc12_loop6,12,ITN 0%/IRS 0%/Larvicide 0%,0;0.4;0.4_0;0;0_0;0;0_-100;2;5475_-100;2;5475_-100;2;5475,27.2986301369863,Prevalence,0.00794888250712497
NbyGQVwzFc_loc12_loop6,12,ITN 0%/IRS 0%/Larvicide 0%,0;0.4;0.4_0;0;0_0;0;0_-100;2;5475_-100;2;5475_-100;2;5475,27.3013698630137,Prevalence,0.00794097890040914
NbyGQVwzFc_loc12_loop6,12,ITN 0%/IRS 0%/Larvicide 0%,0;0.4;0.4_0;0;0_0;0;0_-100;2;5475_-100;2;5475_-100;2;5475,27.3041095890411,Prevalence,0.00793311776852101
NbyGQVwzFc_loc12_loop6,12,ITN 0%/IRS 0%/Larvicide 0%,0;0.4;0.4_0;0;0_0;0;0_-100;2;5475_-100;2;5475_-100;2;5475,27.3068493150685,Prevalence,0.00792529892633936
NbyGQVwzFc_loc12_loop6,12,ITN 0%/IRS 0%/Larvicide 0%,0;0.4;0.4_0;0;0_0;0;0_-100;2;5475_-100;2;5475_-100;2;5475,27.3095890410959,Prevalence,0.00791752218793832
NbyGQVwzFc_loc12_loop6,12,ITN 0%/IRS 0%/Larvicide 0%,0;0.4;0.4_0;0;0_0;0;0_-100;2;5475_-100;2;5475_-100;2;5475,27.3123287671233,Prevalence,0.00790978736657383
NbyGQVwzFc_loc12_loop6,12,ITN 0%/IRS 0%/Larvicide 0%,0;0.4;0.4_0;0;0_0;0;0_-100;2;5475_-100;2;5475_-100;2;5475,27.3150684931507,Prevalence,0.00790209427470415
NbyGQVwzFc_loc12_loop6,12,ITN 0%/IRS 0%/Larvicide 0%,0;0.4;0.4_0;0;0_0;0;0_-100;2;5475_-100;2;5475_-100;2;5475,27.3178082191781,Prevalence,0.00789444272403692
NbyGQVwzFc_loc12_loop6,12,ITN 0%/IRS 0%/Larvicide 0%,0;0.4;0.4_0;0;0_0;0;0_-100;2;5475_-100;2;5475_-100;2;5475,27.3205479452055,Prevalence,0.00788683252559646
NbyGQVwzFc_loc12_loop6,12,ITN 0%/IRS 0%/Larvicide 0%,0;0.4;0.4_0;0;0_0;0;0_-100;2;5475_-100;2;5475_-100;2;5475,27.3232876712329,Prevalence,0.00787926348980587
NbyGQVwzFc_loc12_loop6,12,ITN 0%/IRS 0%/Larvicide 0%,0;0.4;0.4_0;0;0_0;0;0_-100;2;5475_-100;2;5475_-100;2;5475,27.3260273972603,Prevalence,0.00787173542657985
NbyGQVwzFc_loc12_loop6,12,ITN 0%/IRS 0%/Larvicide 0%,0;0.4;0.4_0;0;0_0;0;0_-100;2;5475_-100;2;5475_-100;2;5475,27.3287671232877,Prevalence,0.00786424814542427
NbyGQVwzFc_loc12_loop6,12,ITN 0%/IRS 0%/Larvicide 0%,0;0.4;0.4_0;0;0_0;0;0_-100;2;5475_-100;2;5475_-100;2;5475,27.3315068493151,Prevalence,0.0078568014555396
NbyGQVwzFc_loc12_loop6,12,ITN 0%/IRS 0%/Larvicide 0%,0;0.4;0.4_0;0;0_0;0;0_-100;2;5475_-100;2;5475_-100;2;5475,27.3342465753425,Prevalence,0.00784939516592611
NbyGQVwzFc_loc12_loop6,12,ITN 0%/IRS 0%/Larvicide 0%,0;0.4;0.4_0;0;0_0;0;0_-100;2;5475_-100;2;5475_-100;2;5475,27.3369863013699,Prevalence,0.00784202908548833
NbyGQVwzFc_loc12_loop6,12,ITN 0%/IRS 0%/Larvicide 0%,0;0.4;0.4_0;0;0_0;0;0_-100;2;5475_-100;2;5475_-100;2;5475,27.3397260273973,Prevalence,0.00783470302313782
NbyGQVwzFc_loc12_loop6,12,ITN 0%/IRS 0%/Larvicide 0%,0;0.4;0.4_0;0;0_0;0;0_-100;2;5475_-100;2;5475_-100;2;5475,27.3424657534247,Prevalence,0.00782741678789243
NbyGQVwzFc_loc12_loop6,12,ITN 0%/IRS 0%/Larvicide 0%,0;0.4;0.4_0;0;0_0;0;0_-100;2;5475_-100;2;5475_-100;2;5475,27.3452054794521,Prevalence,0.00782017018897107
NbyGQVwzFc_loc12_loop6,12,ITN 0%/IRS 0%/Larvicide 0%,0;0.4;0.4_0;0;0_0;0;0_-100;2;5475_-100;2;5475_-100;2;5475,27.3479452054795,Prevalence,0.00781296303588594
NbyGQVwzFc_loc12_loop6,12,ITN 0%/IRS 0%/Larvicide 0%,0;0.4;0.4_0;0;0_0;0;0_-100;2;5475_-100;2;5475_-100;2;5475,27.3506849315069,Prevalence,0.00780579513852802
NbyGQVwzFc_loc12_loop6,12,ITN 0%/IRS 0%/Larvicide 0%,0;0.4;0.4_0;0;0_0;0;0_-100;2;5475_-100;2;5475_-100;2;5475,27.3534246575343,Prevalence,0.00779866630724749
NbyGQVwzFc_loc12_loop6,12,ITN 0%/IRS 0%/Larvicide 0%,0;0.4;0.4_0;0;0_0;0;0_-100;2;5475_-100;2;5475_-100;2;5475,27.3561643835616,Prevalence,0.00779157635292882
NbyGQVwzFc_loc12_loop6,12,ITN 0%/IRS 0%/Larvicide 0%,0;0.4;0.4_0;0;0_0;0;0_-100;2;5475_-100;2;5475_-100;2;5475,27.358904109589,Prevalence,0.00778452508706032
NbyGQVwzFc_loc12_loop6,12,ITN 0%/IRS 0%/Larvicide 0%,0;0.4;0.4_0;0;0_0;0;0_-100;2;5475_-100;2;5475_-100;2;5475,27.3616438356164,Prevalence,0.00777751232179846
NbyGQVwzFc_loc12_loop6,12,ITN 0%/IRS 0%/Larvicide 0%,0;0.4;0.4_0;0;0_0;0;0_-100;2;5475_-100;2;5475_-100;2;5475,27.3643835616438,Prevalence,0.00777053787002686
NbyGQVwzFc_loc12_loop6,12,ITN 0%/IRS 0%/Larvicide 0%,0;0.4;0.4_0;0;0_0;0;0_-100;2;5475_-100;2;5475_-100;2;5475,27.3671232876712,Prevalence,0.00776360154541017
NbyGQVwzFc_loc12_loop6,12,ITN 0%/IRS 0%/Larvicide 0%,0;0.4;0.4_0;0;0_0;0;0_-100;2;5475_-100;2;5475_-100;2;5475,27.3698630136986,Prevalence,0.00775670316244285
NbyGQVwzFc_loc12_loop6,12,ITN 0%/IRS 0%/Larvicide 0%,0;0.4;0.4_0;0;0_0;0;0_-100;2;5475_-100;2;5475_-100;2;5475,27.372602739726,Prevalence,0.0077498425364928
NbyGQVwzFc_loc12_loop6,12,ITN 0%/IRS 0%/Larvicide 0%,0;0.4;0.4_0;0;0_0;0;0_-100;2;5475_-100;2;5475_-100;2;5475,27.3753424657534,Prevalence,0.00774301948384011
NbyGQVwzFc_loc12_loop6,12,ITN 0%/IRS 0%/Larvicide 0%,0;0.4;0.4_0;0;0_0;0;0_-100;2;5475_-100;2;5475_-100;2;5475,27.3780821917808,Prevalence,0.00773623382171094
NbyGQVwzFc_loc12_loop6,12,ITN 0%/IRS 0%/Larvicide 0%,0;0.4;0.4_0;0;0_0;0;0_-100;2;5475_-100;2;5475_-100;2;5475,27.3808219178082,Prevalence,0.00772948536830658
NbyGQVwzFc_loc12_loop6,12,ITN 0%/IRS 0%/Larvicide 0%,0;0.4;0.4_0;0;0_0;0;0_-100;2;5475_-100;2;5475_-100;2;5475,27.3835616438356,Prevalence,0.00772277394282836
NbyGQVwzFc_loc12_loop6,12,ITN 0%/IRS 0%/Larvicide 0%,0;0.4;0.4_0;0;0_0;0;0_-100;2;5475_-100;2;5475_-100;2;5475,27.386301369863,Prevalence,0.00771609936549818
NbyGQVwzFc_loc12_loop6,12,ITN 0%/IRS 0%/Larvicide 0%,0;0.4;0.4_0;0;0_0;0;0_-100;2;5475_-100;2;5475_-100;2;5475,27.3890410958904,Prevalence,0.00770946145757452
NbyGQVwzFc_loc12_loop6,12,ITN 0%/IRS 0%/Larvicide 0%,0;0.4;0.4_0;0;0_0;0;0_-100;2;5475_-100;2;5475_-100;2;5475,27.3917808219178,Prevalence,0.00770286004136682
NbyGQVwzFc_loc12_loop6,12,ITN 0%/IRS 0%/Larvicide 0%,0;0.4;0.4_0;0;0_0;0;0_-100;2;5475_-100;2;5475_-100;2;5475,27.3945205479452,Prevalence,0.00769629494024566
NbyGQVwzFc_loc12_loop6,12,ITN 0%/IRS 0%/Larvicide 0%,0;0.4;0.4_0;0;0_0;0;0_-100;2;5475_-100;2;5475_-100;2;5475,27.3972602739726,Prevalence,0.00768976597864999
NbyGQVwzFc_loc12_loop6,12,ITN 0%/IRS 0%/Larvicide 0%,0;0.4;0.4_0;0;0_0;0;0_-100;2;5475_-100;2;5475_-100;2;5475,27.4,Prevalence,0.00768327298209187
NbyGQVwzFc_loc12_loop6,12,ITN 0%/IRS 0%/Larvicide 0%,0;0.4;0.4_0;0;0_0;0;0_-100;2;5475_-100;2;5475_-100;2;5475,27.4027397260274,Prevalence,0.0076768157771592
NbyGQVwzFc_loc12_loop6,12,ITN 0%/IRS 0%/Larvicide 0%,0;0.4;0.4_0;0;0_0;0;0_-100;2;5475_-100;2;5475_-100;2;5475,27.4054794520548,Prevalence,0.00767039419151634
NbyGQVwzFc_loc12_loop6,12,ITN 0%/IRS 0%/Larvicide 0%,0;0.4;0.4_0;0;0_0;0;0_-100;2;5475_-100;2;5475_-100;2;5475,27.4082191780822,Prevalence,0.00766400805390324
NbyGQVwzFc_loc12_loop6,12,ITN 0%/IRS 0%/Larvicide 0%,0;0.4;0.4_0;0;0_0;0;0_-100;2;5475_-100;2;5475_-100;2;5475,27.4109589041096,Prevalence,0.00765765719413306
NbyGQVwzFc_loc12_loop6,12,ITN 0%/IRS 0%/Larvicide 0%,0;0.4;0.4_0;0;0_0;0;0_-100;2;5475_-100;2;5475_-100;2;5475,27.413698630137,Prevalence,0.00765134144308872
NbyGQVwzFc_loc12_loop6,12,ITN 0%/IRS 0%/Larvicide 0%,0;0.4;0.4_0;0;0_0;0;0_-100;2;5475_-100;2;5475_-100;2;5475,27.4164383561644,Prevalence,0.00764506063271834
NbyGQVwzFc_loc12_loop6,12,ITN 0%/IRS 0%/Larvicide 0%,0;0.4;0.4_0;0;0_0;0;0_-100;2;5475_-100;2;5475_-100;2;5475,27.4191780821918,Prevalence,0.00763881459602994
NbyGQVwzFc_loc12_loop6,12,ITN 0%/IRS 0%/Larvicide 0%,0;0.4;0.4_0;0;0_0;0;0_-100;2;5475_-100;2;5475_-100;2;5475,27.4219178082192,Prevalence,0.00763260316708543
NbyGQVwzFc_loc12_loop6,12,ITN 0%/IRS 0%/Larvicide 0%,0;0.4;0.4_0;0;0_0;0;0_-100;2;5475_-100;2;5475_-100;2;5475,27.4246575342466,Prevalence,0.0076264261809942
NbyGQVwzFc_loc12_loop6,12,ITN 0%/IRS 0%/Larvicide 0%,0;0.4;0.4_0;0;0_0;0;0_-100;2;5475_-100;2;5475_-100;2;5475,27.427397260274,Prevalence,0.0076202834739061
NbyGQVwzFc_loc12_loop6,12,ITN 0%/IRS 0%/Larvicide 0%,0;0.4;0.4_0;0;0_0;0;0_-100;2;5475_-100;2;5475_-100;2;5475,27.4301369863014,Prevalence,0.0076141748830043
NbyGQVwzFc_loc12_loop6,12,ITN 0%/IRS 0%/Larvicide 0%,0;0.4;0.4_0;0;0_0;0;0_-100;2;5475_-100;2;5475_-100;2;5475,27.4328767123288,Prevalence,0.00760810024649758
NbyGQVwzFc_loc12_loop6,12,ITN 0%/IRS 0%/Larvicide 0%,0;0.4;0.4_0;0;0_0;0;0_-100;2;5475_-100;2;5475_-100;2;5475,27.4356164383562,Prevalence,0.00760205940361232
NbyGQVwzFc_loc12_loop6,12,ITN 0%/IRS 0%/Larvicide 0%,0;0.4;0.4_0;0;0_0;0;0_-100;2;5475_-100;2;5475_-100;2;5475,27.4383561643836,Prevalence,0.00759605219458605
NbyGQVwzFc_loc12_loop6,12,ITN 0%/IRS 0%/Larvicide 0%,0;0.4;0.4_0;0;0_0;0;0_-100;2;5475_-100;2;5475_-100;2;5475,27.441095890411,Prevalence,0.00759007846065929
NbyGQVwzFc_loc12_loop6,12,ITN 0%/IRS 0%/Larvicide 0%,0;0.4;0.4_0;0;0_0;0;0_-100;2;5475_-100;2;5475_-100;2;5475,27.4438356164384,Prevalence,0.00758413804406787
NbyGQVwzFc_loc12_loop6,12,ITN 0%/IRS 0%/Larvicide 0%,0;0.4;0.4_0;0;0_0;0;0_-100;2;5475_-100;2;5475_-100;2;5475,27.4465753424658,Prevalence,0.0075782307880352
NbyGQVwzFc_loc12_loop6,12,ITN 0%/IRS 0%/Larvicide 0%,0;0.4;0.4_0;0;0_0;0;0_-100;2;5475_-100;2;5475_-100;2;5475,27.4493150684932,Prevalence,0.00757235653676471
NbyGQVwzFc_loc12_loop6,12,ITN 0%/IRS 0%/Larvicide 0%,0;0.4;0.4_0;0;0_0;0;0_-100;2;5475_-100;2;5475_-100;2;5475,27.4520547945206,Prevalence,0.00756651513543236
NbyGQVwzFc_loc12_loop6,12,ITN 0%/IRS 0%/Larvicide 0%,0;0.4;0.4_0;0;0_0;0;0_-100;2;5475_-100;2;5475_-100;2;5475,27.454794520548,Prevalence,0.00756070643017926
NbyGQVwzFc_loc12_loop6,12,ITN 0%/IRS 0%/Larvicide 0%,0;0.4;0.4_0;0;0_0;0;0_-100;2;5475_-100;2;5475_-100;2;5475,27.4575342465753,Prevalence,0.00755493026810432
NbyGQVwzFc_loc12_loop6,12,ITN 0%/IRS 0%/Larvicide 0%,0;0.4;0.4_0;0;0_0;0;0_-100;2;5475_-100;2;5475_-100;2;5475,27.4602739726027,Prevalence,0.0075491864972572
NbyGQVwzFc_loc12_loop6,12,ITN 0%/IRS 0%/Larvicide 0%,0;0.4;0.4_0;0;0_0;0;0_-100;2;5475_-100;2;5475_-100;2;5475,27.4630136986301,Prevalence,0.00754347496663116
NbyGQVwzFc_loc12_loop6,12,ITN 0%/IRS 0%/Larvicide 0%,0;0.4;0.4_0;0;0_0;0;0_-100;2;5475_-100;2;5475_-100;2;5475,27.4657534246575,Prevalence,0.00753779552615626
NbyGQVwzFc_loc12_loop6,12,ITN 0%/IRS 0%/Larvicide 0%,0;0.4;0.4_0;0;0_0;0;0_-100;2;5475_-100;2;5475_-100;2;5475,27.4684931506849,Prevalence,0.00753214802669252
NbyGQVwzFc_loc12_loop6,12,ITN 0%/IRS 0%/Larvicide 0%,0;0.4;0.4_0;0;0_0;0;0_-100;2;5475_-100;2;5475_-100;2;5475,27.4712328767123,Prevalence,0.00752653232002333
NbyGQVwzFc_loc12_loop6,12,ITN 0%/IRS 0%/Larvicide 0%,0;0.4;0.4_0;0;0_0;0;0_-100;2;5475_-100;2;5475_-100;2;5475,27.4739726027397,Prevalence,0.00752094825884891
NbyGQVwzFc_loc12_loop6,12,ITN 0%/IRS 0%/Larvicide 0%,0;0.4;0.4_0;0;0_0;0;0_-100;2;5475_-100;2;5475_-100;2;5475,27.4767123287671,Prevalence,0.0075153956967799
NbyGQVwzFc_loc12_loop6,12,ITN 0%/IRS 0%/Larvicide 0%,0;0.4;0.4_0;0;0_0;0;0_-100;2;5475_-100;2;5475_-100;2;5475,27.4794520547945,Prevalence,0.00750987448833078
NbyGQVwzFc_loc12_loop6,12,ITN 0%/IRS 0%/Larvicide 0%,0;0.4;0.4_0;0;0_0;0;0_-100;2;5475_-100;2;5475_-100;2;5475,27.4821917808219,Prevalence,0.00750438448891355
NbyGQVwzFc_loc12_loop6,12,ITN 0%/IRS 0%/Larvicide 0%,0;0.4;0.4_0;0;0_0;0;0_-100;2;5475_-100;2;5475_-100;2;5475,27.4849315068493,Prevalence,0.0074989255548327
NbyGQVwzFc_loc12_loop6,12,ITN 0%/IRS 0%/Larvicide 0%,0;0.4;0.4_0;0;0_0;0;0_-100;2;5475_-100;2;5475_-100;2;5475,27.4876712328767,Prevalence,0.00749349754327866
NbyGQVwzFc_loc12_loop6,12,ITN 0%/IRS 0%/Larvicide 0%,0;0.4;0.4_0;0;0_0;0;0_-100;2;5475_-100;2;5475_-100;2;5475,27.4904109589041,Prevalence,0.00748810031232198
NbyGQVwzFc_loc12_loop6,12,ITN 0%/IRS 0%/Larvicide 0%,0;0.4;0.4_0;0;0_0;0;0_-100;2;5475_-100;2;5475_-100;2;5475,27.4931506849315,Prevalence,0.00748273372090747
NbyGQVwzFc_loc12_loop6,12,ITN 0%/IRS 0%/Larvicide 0%,0;0.4;0.4_0;0;0_0;0;0_-100;2;5475_-100;2;5475_-100;2;5475,27.4958904109589,Prevalence,0.00747739762884847
NbyGQVwzFc_loc12_loop6,12,ITN 0%/IRS 0%/Larvicide 0%,0;0.4;0.4_0;0;0_0;0;0_-100;2;5475_-100;2;5475_-100;2;5475,27.4986301369863,Prevalence,0.00747209189682124
NbyGQVwzFc_loc12_loop6,12,ITN 0%/IRS 0%/Larvicide 0%,0;0.4;0.4_0;0;0_0;0;0_-100;2;5475_-100;2;5475_-100;2;5475,27.5013698630137,Prevalence,0.00746681638635931
NbyGQVwzFc_loc12_loop6,12,ITN 0%/IRS 0%/Larvicide 0%,0;0.4;0.4_0;0;0_0;0;0_-100;2;5475_-100;2;5475_-100;2;5475,27.5041095890411,Prevalence,0.00746157095984792
NbyGQVwzFc_loc12_loop6,12,ITN 0%/IRS 0%/Larvicide 0%,0;0.4;0.4_0;0;0_0;0;0_-100;2;5475_-100;2;5475_-100;2;5475,27.5068493150685,Prevalence,0.00745635548051857
NbyGQVwzFc_loc12_loop6,12,ITN 0%/IRS 0%/Larvicide 0%,0;0.4;0.4_0;0;0_0;0;0_-100;2;5475_-100;2;5475_-100;2;5475,27.5095890410959,Prevalence,0.00745116981244353
NbyGQVwzFc_loc12_loop6,12,ITN 0%/IRS 0%/Larvicide 0%,0;0.4;0.4_0;0;0_0;0;0_-100;2;5475_-100;2;5475_-100;2;5475,27.5123287671233,Prevalence,0.00744601382053048
NbyGQVwzFc_loc12_loop6,12,ITN 0%/IRS 0%/Larvicide 0%,0;0.4;0.4_0;0;0_0;0;0_-100;2;5475_-100;2;5475_-100;2;5475,27.5150684931507,Prevalence,0.0074408873705171
NbyGQVwzFc_loc12_loop6,12,ITN 0%/IRS 0%/Larvicide 0%,0;0.4;0.4_0;0;0_0;0;0_-100;2;5475_-100;2;5475_-100;2;5475,27.5178082191781,Prevalence,0.00743579032896579
NbyGQVwzFc_loc12_loop6,12,ITN 0%/IRS 0%/Larvicide 0%,0;0.4;0.4_0;0;0_0;0;0_-100;2;5475_-100;2;5475_-100;2;5475,27.5205479452055,Prevalence,0.00743072256325831
NbyGQVwzFc_loc12_loop6,12,ITN 0%/IRS 0%/Larvicide 0%,0;0.4;0.4_0;0;0_0;0;0_-100;2;5475_-100;2;5475_-100;2;5475,27.5232876712329,Prevalence,0.00742568394159059
NbyGQVwzFc_loc12_loop6,12,ITN 0%/IRS 0%/Larvicide 0%,0;0.4;0.4_0;0;0_0;0;0_-100;2;5475_-100;2;5475_-100;2;5475,27.5260273972603,Prevalence,0.0074206743329673
NbyGQVwzFc_loc12_loop6,12,ITN 0%/IRS 0%/Larvicide 0%,0;0.4;0.4_0;0;0_0;0;0_-100;2;5475_-100;2;5475_-100;2;5475,27.5287671232877,Prevalence,0.00741569360719627
NbyGQVwzFc_loc12_loop6,12,ITN 0%/IRS 0%/Larvicide 0%,0;0.4;0.4_0;0;0_0;0;0_-100;2;5475_-100;2;5475_-100;2;5475,27.5315068493151,Prevalence,0.0074107416348844
NbyGQVwzFc_loc12_loop6,12,ITN 0%/IRS 0%/Larvicide 0%,0;0.4;0.4_0;0;0_0;0;0_-100;2;5475_-100;2;5475_-100;2;5475,27.5342465753425,Prevalence,0.00740581828743209
NbyGQVwzFc_loc12_loop6,12,ITN 0%/IRS 0%/Larvicide 0%,0;0.4;0.4_0;0;0_0;0;0_-100;2;5475_-100;2;5475_-100;2;5475,27.5369863013699,Prevalence,0.00740092343702798
NbyGQVwzFc_loc12_loop6,12,ITN 0%/IRS 0%/Larvicide 0%,0;0.4;0.4_0;0;0_0;0;0_-100;2;5475_-100;2;5475_-100;2;5475,27.5397260273973,Prevalence,0.00739605695664396
NbyGQVwzFc_loc12_loop6,12,ITN 0%/IRS 0%/Larvicide 0%,0;0.4;0.4_0;0;0_0;0;0_-100;2;5475_-100;2;5475_-100;2;5475,27.5424657534247,Prevalence,0.00739121872003002
NbyGQVwzFc_loc12_loop6,12,ITN 0%/IRS 0%/Larvicide 0%,0;0.4;0.4_0;0;0_0;0;0_-100;2;5475_-100;2;5475_-100;2;5475,27.5452054794521,Prevalence,0.00738640860170927
NbyGQVwzFc_loc12_loop6,12,ITN 0%/IRS 0%/Larvicide 0%,0;0.4;0.4_0;0;0_0;0;0_-100;2;5475_-100;2;5475_-100;2;5475,27.5479452054795,Prevalence,0.00738162647697289
NbyGQVwzFc_loc12_loop6,12,ITN 0%/IRS 0%/Larvicide 0%,0;0.4;0.4_0;0;0_0;0;0_-100;2;5475_-100;2;5475_-100;2;5475,27.5506849315069,Prevalence,0.0073768722218751
NbyGQVwzFc_loc12_loop6,12,ITN 0%/IRS 0%/Larvicide 0%,0;0.4;0.4_0;0;0_0;0;0_-100;2;5475_-100;2;5475_-100;2;5475,27.5534246575343,Prevalence,0.00737214571322827
NbyGQVwzFc_loc12_loop6,12,ITN 0%/IRS 0%/Larvicide 0%,0;0.4;0.4_0;0;0_0;0;0_-100;2;5475_-100;2;5475_-100;2;5475,27.5561643835616,Prevalence,0.00736744682859789
NbyGQVwzFc_loc12_loop6,12,ITN 0%/IRS 0%/Larvicide 0%,0;0.4;0.4_0;0;0_0;0;0_-100;2;5475_-100;2;5475_-100;2;5475,27.558904109589,Prevalence,0.00736277544629776
NbyGQVwzFc_loc12_loop6,12,ITN 0%/IRS 0%/Larvicide 0%,0;0.4;0.4_0;0;0_0;0;0_-100;2;5475_-100;2;5475_-100;2;5475,27.5616438356164,Prevalence,0.00735813144538494
NbyGQVwzFc_loc12_loop6,12,ITN 0%/IRS 0%/Larvicide 0%,0;0.4;0.4_0;0;0_0;0;0_-100;2;5475_-100;2;5475_-100;2;5475,27.5643835616438,Prevalence,0.00735351470565506
NbyGQVwzFc_loc12_loop6,12,ITN 0%/IRS 0%/Larvicide 0%,0;0.4;0.4_0;0;0_0;0;0_-100;2;5475_-100;2;5475_-100;2;5475,27.5671232876712,Prevalence,0.00734892510763733
NbyGQVwzFc_loc12_loop6,12,ITN 0%/IRS 0%/Larvicide 0%,0;0.4;0.4_0;0;0_0;0;0_-100;2;5475_-100;2;5475_-100;2;5475,27.5698630136986,Prevalence,0.00734436253258983
NbyGQVwzFc_loc12_loop6,12,ITN 0%/IRS 0%/Larvicide 0%,0;0.4;0.4_0;0;0_0;0;0_-100;2;5475_-100;2;5475_-100;2;5475,27.572602739726,Prevalence,0.00733982686249468
NbyGQVwzFc_loc12_loop6,12,ITN 0%/IRS 0%/Larvicide 0%,0;0.4;0.4_0;0;0_0;0;0_-100;2;5475_-100;2;5475_-100;2;5475,27.5753424657534,Prevalence,0.00733531798005279
NbyGQVwzFc_loc12_loop6,12,ITN 0%/IRS 0%/Larvicide 0%,0;0.4;0.4_0;0;0_0;0;0_-100;2;5475_-100;2;5475_-100;2;5475,27.5780821917808,Prevalence,0.00733083576867983
NbyGQVwzFc_loc12_loop6,12,ITN 0%/IRS 0%/Larvicide 0%,0;0.4;0.4_0;0;0_0;0;0_-100;2;5475_-100;2;5475_-100;2;5475,27.5808219178082,Prevalence,0.00732638011250157
NbyGQVwzFc_loc12_loop6,12,ITN 0%/IRS 0%/Larvicide 0%,0;0.4;0.4_0;0;0_0;0;0_-100;2;5475_-100;2;5475_-100;2;5475,27.5835616438356,Prevalence,0.00732195089634903
NbyGQVwzFc_loc12_loop6,12,ITN 0%/IRS 0%/Larvicide 0%,0;0.4;0.4_0;0;0_0;0;0_-100;2;5475_-100;2;5475_-100;2;5475,27.586301369863,Prevalence,0.00731754800575374
NbyGQVwzFc_loc12_loop6,12,ITN 0%/IRS 0%/Larvicide 0%,0;0.4;0.4_0;0;0_0;0;0_-100;2;5475_-100;2;5475_-100;2;5475,27.5890410958904,Prevalence,0.0073131713269432
NbyGQVwzFc_loc12_loop6,12,ITN 0%/IRS 0%/Larvicide 0%,0;0.4;0.4_0;0;0_0;0;0_-100;2;5475_-100;2;5475_-100;2;5475,27.5917808219178,Prevalence,0.00730882074683622
NbyGQVwzFc_loc12_loop6,12,ITN 0%/IRS 0%/Larvicide 0%,0;0.4;0.4_0;0;0_0;0;0_-100;2;5475_-100;2;5475_-100;2;5475,27.5945205479452,Prevalence,0.00730449615303846
NbyGQVwzFc_loc12_loop6,12,ITN 0%/IRS 0%/Larvicide 0%,0;0.4;0.4_0;0;0_0;0;0_-100;2;5475_-100;2;5475_-100;2;5475,27.5972602739726,Prevalence,0.00730019743383779
NbyGQVwzFc_loc12_loop6,12,ITN 0%/IRS 0%/Larvicide 0%,0;0.4;0.4_0;0;0_0;0;0_-100;2;5475_-100;2;5475_-100;2;5475,27.6,Prevalence,0.00729592447819982
NbyGQVwzFc_loc12_loop6,12,ITN 0%/IRS 0%/Larvicide 0%,0;0.4;0.4_0;0;0_0;0;0_-100;2;5475_-100;2;5475_-100;2;5475,27.6027397260274,Prevalence,0.0072916771757635
NbyGQVwzFc_loc12_loop6,12,ITN 0%/IRS 0%/Larvicide 0%,0;0.4;0.4_0;0;0_0;0;0_-100;2;5475_-100;2;5475_-100;2;5475,27.6054794520548,Prevalence,0.00728745541683658
NbyGQVwzFc_loc12_loop6,12,ITN 0%/IRS 0%/Larvicide 0%,0;0.4;0.4_0;0;0_0;0;0_-100;2;5475_-100;2;5475_-100;2;5475,27.6082191780822,Prevalence,0.00728325909239123
NbyGQVwzFc_loc12_loop6,12,ITN 0%/IRS 0%/Larvicide 0%,0;0.4;0.4_0;0;0_0;0;0_-100;2;5475_-100;2;5475_-100;2;5475,27.6109589041096,Prevalence,0.0072790880940597
NbyGQVwzFc_loc12_loop6,12,ITN 0%/IRS 0%/Larvicide 0%,0;0.4;0.4_0;0;0_0;0;0_-100;2;5475_-100;2;5475_-100;2;5475,27.613698630137,Prevalence,0.00727494231412989
NbyGQVwzFc_loc12_loop6,12,ITN 0%/IRS 0%/Larvicide 0%,0;0.4;0.4_0;0;0_0;0;0_-100;2;5475_-100;2;5475_-100;2;5475,27.6164383561644,Prevalence,0.00727082164554108
NbyGQVwzFc_loc12_loop6,12,ITN 0%/IRS 0%/Larvicide 0%,0;0.4;0.4_0;0;0_0;0;0_-100;2;5475_-100;2;5475_-100;2;5475,27.6191780821918,Prevalence,0.00726672598187959
NbyGQVwzFc_loc12_loop6,12,ITN 0%/IRS 0%/Larvicide 0%,0;0.4;0.4_0;0;0_0;0;0_-100;2;5475_-100;2;5475_-100;2;5475,27.6219178082192,Prevalence,0.00726265521737455
NbyGQVwzFc_loc12_loop6,12,ITN 0%/IRS 0%/Larvicide 0%,0;0.4;0.4_0;0;0_0;0;0_-100;2;5475_-100;2;5475_-100;2;5475,27.6246575342466,Prevalence,0.0072586092468932
NbyGQVwzFc_loc12_loop6,12,ITN 0%/IRS 0%/Larvicide 0%,0;0.4;0.4_0;0;0_0;0;0_-100;2;5475_-100;2;5475_-100;2;5475,27.627397260274,Prevalence,0.00725458796593746
NbyGQVwzFc_loc12_loop6,12,ITN 0%/IRS 0%/Larvicide 0%,0;0.4;0.4_0;0;0_0;0;0_-100;2;5475_-100;2;5475_-100;2;5475,27.6301369863014,Prevalence,0.00725059127063964
NbyGQVwzFc_loc12_loop6,12,ITN 0%/IRS 0%/Larvicide 0%,0;0.4;0.4_0;0;0_0;0;0_-100;2;5475_-100;2;5475_-100;2;5475,27.6328767123288,Prevalence,0.00724661905775802
NbyGQVwzFc_loc12_loop6,12,ITN 0%/IRS 0%/Larvicide 0%,0;0.4;0.4_0;0;0_0;0;0_-100;2;5475_-100;2;5475_-100;2;5475,27.6356164383562,Prevalence,0.00724267122467286
NbyGQVwzFc_loc12_loop6,12,ITN 0%/IRS 0%/Larvicide 0%,0;0.4;0.4_0;0;0_0;0;0_-100;2;5475_-100;2;5475_-100;2;5475,27.6383561643836,Prevalence,0.00723874766938214
NbyGQVwzFc_loc12_loop6,12,ITN 0%/IRS 0%/Larvicide 0%,0;0.4;0.4_0;0;0_0;0;0_-100;2;5475_-100;2;5475_-100;2;5475,27.641095890411,Prevalence,0.00723484829049768
NbyGQVwzFc_loc12_loop6,12,ITN 0%/IRS 0%/Larvicide 0%,0;0.4;0.4_0;0;0_0;0;0_-100;2;5475_-100;2;5475_-100;2;5475,27.6438356164384,Prevalence,0.00723097298724092
NbyGQVwzFc_loc12_loop6,12,ITN 0%/IRS 0%/Larvicide 0%,0;0.4;0.4_0;0;0_0;0;0_-100;2;5475_-100;2;5475_-100;2;5475,27.6465753424658,Prevalence,0.00722712165943903
NbyGQVwzFc_loc12_loop6,12,ITN 0%/IRS 0%/Larvicide 0%,0;0.4;0.4_0;0;0_0;0;0_-100;2;5475_-100;2;5475_-100;2;5475,27.6493150684932,Prevalence,0.00722329420752087
NbyGQVwzFc_loc12_loop6,12,ITN 0%/IRS 0%/Larvicide 0%,0;0.4;0.4_0;0;0_0;0;0_-100;2;5475_-100;2;5475_-100;2;5475,27.6520547945206,Prevalence,0.00721949053251306
NbyGQVwzFc_loc12_loop6,12,ITN 0%/IRS 0%/Larvicide 0%,0;0.4;0.4_0;0;0_0;0;0_-100;2;5475_-100;2;5475_-100;2;5475,27.6547945205479,Prevalence,0.00721571053603602
NbyGQVwzFc_loc12_loop6,12,ITN 0%/IRS 0%/Larvicide 0%,0;0.4;0.4_0;0;0_0;0;0_-100;2;5475_-100;2;5475_-100;2;5475,27.6575342465753,Prevalence,0.00721195412030006
NbyGQVwzFc_loc12_loop6,12,ITN 0%/IRS 0%/Larvicide 0%,0;0.4;0.4_0;0;0_0;0;0_-100;2;5475_-100;2;5475_-100;2;5475,27.6602739726027,Prevalence,0.00720822118810155
NbyGQVwzFc_loc12_loop6,12,ITN 0%/IRS 0%/Larvicide 0%,0;0.4;0.4_0;0;0_0;0;0_-100;2;5475_-100;2;5475_-100;2;5475,27.6630136986301,Prevalence,0.00720451164281904
NbyGQVwzFc_loc12_loop6,12,ITN 0%/IRS 0%/Larvicide 0%,0;0.4;0.4_0;0;0_0;0;0_-100;2;5475_-100;2;5475_-100;2;5475,27.6657534246575,Prevalence,0.00720082538840944
NbyGQVwzFc_loc12_loop6,12,ITN 0%/IRS 0%/Larvicide 0%,0;0.4;0.4_0;0;0_0;0;0_-100;2;5475_-100;2;5475_-100;2;5475,27.6684931506849,Prevalence,0.00719716232940419
NbyGQVwzFc_loc12_loop6,12,ITN 0%/IRS 0%/Larvicide 0%,0;0.4;0.4_0;0;0_0;0;0_-100;2;5475_-100;2;5475_-100;2;5475,27.6712328767123,Prevalence,0.00719352237090555
NbyGQVwzFc_loc12_loop6,12,ITN 0%/IRS 0%/Larvicide 0%,0;0.4;0.4_0;0;0_0;0;0_-100;2;5475_-100;2;5475_-100;2;5475,27.6739726027397,Prevalence,0.00718990541858252
NbyGQVwzFc_loc12_loop6,12,ITN 0%/IRS 0%/Larvicide 0%,0;0.4;0.4_0;0;0_0;0;0_-100;2;5475_-100;2;5475_-100;2;5475,27.6767123287671,Prevalence,0.00718631137866764
NbyGQVwzFc_loc12_loop6,12,ITN 0%/IRS 0%/Larvicide 0%,0;0.4;0.4_0;0;0_0;0;0_-100;2;5475_-100;2;5475_-100;2;5475,27.6794520547945,Prevalence,0.00718274015795328
NbyGQVwzFc_loc12_loop6,12,ITN 0%/IRS 0%/Larvicide 0%,0;0.4;0.4_0;0;0_0;0;0_-100;2;5475_-100;2;5475_-100;2;5475,27.6821917808219,Prevalence,0.00717919166378781
NbyGQVwzFc_loc12_loop6,12,ITN 0%/IRS 0%/Larvicide 0%,0;0.4;0.4_0;0;0_0;0;0_-100;2;5475_-100;2;5475_-100;2;5475,27.6849315068493,Prevalence,0.00717566580407193
NbyGQVwzFc_loc12_loop6,12,ITN 0%/IRS 0%/Larvicide 0%,0;0.4;0.4_0;0;0_0;0;0_-100;2;5475_-100;2;5475_-100;2;5475,27.6876712328767,Prevalence,0.00717216248725506
NbyGQVwzFc_loc12_loop6,12,ITN 0%/IRS 0%/Larvicide 0%,0;0.4;0.4_0;0;0_0;0;0_-100;2;5475_-100;2;5475_-100;2;5475,27.6904109589041,Prevalence,0.0071686816223317
NbyGQVwzFc_loc12_loop6,12,ITN 0%/IRS 0%/Larvicide 0%,0;0.4;0.4_0;0;0_0;0;0_-100;2;5475_-100;2;5475_-100;2;5475,27.6931506849315,Prevalence,0.00716522311883792
NbyGQVwzFc_loc12_loop6,12,ITN 0%/IRS 0%/Larvicide 0%,0;0.4;0.4_0;0;0_0;0;0_-100;2;5475_-100;2;5475_-100;2;5475,27.6958904109589,Prevalence,0.00716178688684779
NbyGQVwzFc_loc12_loop6,12,ITN 0%/IRS 0%/Larvicide 0%,0;0.4;0.4_0;0;0_0;0;0_-100;2;5475_-100;2;5475_-100;2;5475,27.6986301369863,Prevalence,0.00715837283696982
NbyGQVwzFc_loc12_loop6,12,ITN 0%/IRS 0%/Larvicide 0%,0;0.4;0.4_0;0;0_0;0;0_-100;2;5475_-100;2;5475_-100;2;5475,27.7013698630137,Prevalence,0.00715498088034356
NbyGQVwzFc_loc12_loop6,12,ITN 0%/IRS 0%/Larvicide 0%,0;0.4;0.4_0;0;0_0;0;0_-100;2;5475_-100;2;5475_-100;2;5475,27.7041095890411,Prevalence,0.00715161092863601
NbyGQVwzFc_loc12_loop6,12,ITN 0%/IRS 0%/Larvicide 0%,0;0.4;0.4_0;0;0_0;0;0_-100;2;5475_-100;2;5475_-100;2;5475,27.7068493150685,Prevalence,0.00714826289403823
NbyGQVwzFc_loc12_loop6,12,ITN 0%/IRS 0%/Larvicide 0%,0;0.4;0.4_0;0;0_0;0;0_-100;2;5475_-100;2;5475_-100;2;5475,27.7095890410959,Prevalence,0.00714493668926193
NbyGQVwzFc_loc12_loop6,12,ITN 0%/IRS 0%/Larvicide 0%,0;0.4;0.4_0;0;0_0;0;0_-100;2;5475_-100;2;5475_-100;2;5475,27.7123287671233,Prevalence,0.00714163222753602
NbyGQVwzFc_loc12_loop6,12,ITN 0%/IRS 0%/Larvicide 0%,0;0.4;0.4_0;0;0_0;0;0_-100;2;5475_-100;2;5475_-100;2;5475,27.7150684931507,Prevalence,0.00713834942260327
NbyGQVwzFc_loc12_loop6,12,ITN 0%/IRS 0%/Larvicide 0%,0;0.4;0.4_0;0;0_0;0;0_-100;2;5475_-100;2;5475_-100;2;5475,27.7178082191781,Prevalence,0.00713508818871693
NbyGQVwzFc_loc12_loop6,12,ITN 0%/IRS 0%/Larvicide 0%,0;0.4;0.4_0;0;0_0;0;0_-100;2;5475_-100;2;5475_-100;2;5475,27.7205479452055,Prevalence,0.00713184844063739
NbyGQVwzFc_loc12_loop6,12,ITN 0%/IRS 0%/Larvicide 0%,0;0.4;0.4_0;0;0_0;0;0_-100;2;5475_-100;2;5475_-100;2;5475,27.7232876712329,Prevalence,0.00712863009362884
NbyGQVwzFc_loc12_loop6,12,ITN 0%/IRS 0%/Larvicide 0%,0;0.4;0.4_0;0;0_0;0;0_-100;2;5475_-100;2;5475_-100;2;5475,27.7260273972603,Prevalence,0.00712543306345587
NbyGQVwzFc_loc12_loop6,12,ITN 0%/IRS 0%/Larvicide 0%,0;0.4;0.4_0;0;0_0;0;0_-100;2;5475_-100;2;5475_-100;2;5475,27.7287671232877,Prevalence,0.00712225726638068
NbyGQVwzFc_loc12_loop6,12,ITN 0%/IRS 0%/Larvicide 0%,0;0.4;0.4_0;0;0_0;0;0_-100;2;5475_-100;2;5475_-100;2;5475,27.7315068493151,Prevalence,0.00711910261915963
NbyGQVwzFc_loc12_loop6,12,ITN 0%/IRS 0%/Larvicide 0%,0;0.4;0.4_0;0;0_0;0;0_-100;2;5475_-100;2;5475_-100;2;5475,27.7342465753425,Prevalence,0.00711596903903987
NbyGQVwzFc_loc12_loop6,12,ITN 0%/IRS 0%/Larvicide 0%,0;0.4;0.4_0;0;0_0;0;0_-100;2;5475_-100;2;5475_-100;2;5475,27.7369863013699,Prevalence,0.00711285644375622
NbyGQVwzFc_loc12_loop6,12,ITN 0%/IRS 0%/Larvicide 0%,0;0.4;0.4_0;0;0_0;0;0_-100;2;5475_-100;2;5475_-100;2;5475,27.7397260273973,Prevalence,0.00710976475152791
NbyGQVwzFc_loc12_loop6,12,ITN 0%/IRS 0%/Larvicide 0%,0;0.4;0.4_0;0;0_0;0;0_-100;2;5475_-100;2;5475_-100;2;5475,27.7424657534247,Prevalence,0.0071066938810555
NbyGQVwzFc_loc12_loop6,12,ITN 0%/IRS 0%/Larvicide 0%,0;0.4;0.4_0;0;0_0;0;0_-100;2;5475_-100;2;5475_-100;2;5475,27.7452054794521,Prevalence,0.00710364375151768
NbyGQVwzFc_loc12_loop6,12,ITN 0%/IRS 0%/Larvicide 0%,0;0.4;0.4_0;0;0_0;0;0_-100;2;5475_-100;2;5475_-100;2;5475,27.7479452054795,Prevalence,0.00710061428256821
NbyGQVwzFc_loc12_loop6,12,ITN 0%/IRS 0%/Larvicide 0%,0;0.4;0.4_0;0;0_0;0;0_-100;2;5475_-100;2;5475_-100;2;5475,27.7506849315069,Prevalence,0.00709760539433276
NbyGQVwzFc_loc12_loop6,12,ITN 0%/IRS 0%/Larvicide 0%,0;0.4;0.4_0;0;0_0;0;0_-100;2;5475_-100;2;5475_-100;2;5475,27.7534246575343,Prevalence,0.00709461700740593
NbyGQVwzFc_loc12_loop6,12,ITN 0%/IRS 0%/Larvicide 0%,0;0.4;0.4_0;0;0_0;0;0_-100;2;5475_-100;2;5475_-100;2;5475,27.7561643835616,Prevalence,0.00709164904284811
NbyGQVwzFc_loc12_loop6,12,ITN 0%/IRS 0%/Larvicide 0%,0;0.4;0.4_0;0;0_0;0;0_-100;2;5475_-100;2;5475_-100;2;5475,27.758904109589,Prevalence,0.00708870142218247
NbyGQVwzFc_loc12_loop6,12,ITN 0%/IRS 0%/Larvicide 0%,0;0.4;0.4_0;0;0_0;0;0_-100;2;5475_-100;2;5475_-100;2;5475,27.7616438356164,Prevalence,0.00708577406739202
NbyGQVwzFc_loc12_loop6,12,ITN 0%/IRS 0%/Larvicide 0%,0;0.4;0.4_0;0;0_0;0;0_-100;2;5475_-100;2;5475_-100;2;5475,27.7643835616438,Prevalence,0.00708286690091652
NbyGQVwzFc_loc12_loop6,12,ITN 0%/IRS 0%/Larvicide 0%,0;0.4;0.4_0;0;0_0;0;0_-100;2;5475_-100;2;5475_-100;2;5475,27.7671232876712,Prevalence,0.00707997984564959
NbyGQVwzFc_loc12_loop6,12,ITN 0%/IRS 0%/Larvicide 0%,0;0.4;0.4_0;0;0_0;0;0_-100;2;5475_-100;2;5475_-100;2;5475,27.7698630136986,Prevalence,0.00707711282493568
NbyGQVwzFc_loc12_loop6,12,ITN 0%/IRS 0%/Larvicide 0%,0;0.4;0.4_0;0;0_0;0;0_-100;2;5475_-100;2;5475_-100;2;5475,27.772602739726,Prevalence,0.00707426576256723
NbyGQVwzFc_loc12_loop6,12,ITN 0%/IRS 0%/Larvicide 0%,0;0.4;0.4_0;0;0_0;0;0_-100;2;5475_-100;2;5475_-100;2;5475,27.7753424657534,Prevalence,0.00707143858278166
NbyGQVwzFc_loc12_loop6,12,ITN 0%/IRS 0%/Larvicide 0%,0;0.4;0.4_0;0;0_0;0;0_-100;2;5475_-100;2;5475_-100;2;5475,27.7780821917808,Prevalence,0.00706863121025848
NbyGQVwzFc_loc12_loop6,12,ITN 0%/IRS 0%/Larvicide 0%,0;0.4;0.4_0;0;0_0;0;0_-100;2;5475_-100;2;5475_-100;2;5475,27.7808219178082,Prevalence,0.00706584357011677
NbyGQVwzFc_loc12_loop6,12,ITN 0%/IRS 0%/Larvicide 0%,0;0.4;0.4_0;0;0_0;0;0_-100;2;5475_-100;2;5475_-100;2;5475,27.7835616438356,Prevalence,0.00706307558791214
NbyGQVwzFc_loc12_loop6,12,ITN 0%/IRS 0%/Larvicide 0%,0;0.4;0.4_0;0;0_0;0;0_-100;2;5475_-100;2;5475_-100;2;5475,27.786301369863,Prevalence,0.00706032718963377
NbyGQVwzFc_loc12_loop6,12,ITN 0%/IRS 0%/Larvicide 0%,0;0.4;0.4_0;0;0_0;0;0_-100;2;5475_-100;2;5475_-100;2;5475,27.7890410958904,Prevalence,0.00705759830170163
NbyGQVwzFc_loc12_loop6,12,ITN 0%/IRS 0%/Larvicide 0%,0;0.4;0.4_0;0;0_0;0;0_-100;2;5475_-100;2;5475_-100;2;5475,27.7917808219178,Prevalence,0.00705488885096372
NbyGQVwzFc_loc12_loop6,12,ITN 0%/IRS 0%/Larvicide 0%,0;0.4;0.4_0;0;0_0;0;0_-100;2;5475_-100;2;5475_-100;2;5475,27.7945205479452,Prevalence,0.00705219876469322
NbyGQVwzFc_loc12_loop6,12,ITN 0%/IRS 0%/Larvicide 0%,0;0.4;0.4_0;0;0_0;0;0_-100;2;5475_-100;2;5475_-100;2;5475,27.7972602739726,Prevalence,0.00704952797058583
NbyGQVwzFc_loc12_loop6,12,ITN 0%/IRS 0%/Larvicide 0%,0;0.4;0.4_0;0;0_0;0;0_-100;2;5475_-100;2;5475_-100;2;5475,27.8,Prevalence,0.00704687639675693
NbyGQVwzFc_loc12_loop6,12,ITN 0%/IRS 0%/Larvicide 0%,0;0.4;0.4_0;0;0_0;0;0_-100;2;5475_-100;2;5475_-100;2;5475,27.8027397260274,Prevalence,0.00704424397173894
NbyGQVwzFc_loc12_loop6,12,ITN 0%/IRS 0%/Larvicide 0%,0;0.4;0.4_0;0;0_0;0;0_-100;2;5475_-100;2;5475_-100;2;5475,27.8054794520548,Prevalence,0.0070416306244786
NbyGQVwzFc_loc12_loop6,12,ITN 0%/IRS 0%/Larvicide 0%,0;0.4;0.4_0;0;0_0;0;0_-100;2;5475_-100;2;5475_-100;2;5475,27.8082191780822,Prevalence,0.00703903628433424
NbyGQVwzFc_loc12_loop6,12,ITN 0%/IRS 0%/Larvicide 0%,0;0.4;0.4_0;0;0_0;0;0_-100;2;5475_-100;2;5475_-100;2;5475,27.8109589041096,Prevalence,0.00703646088107322
NbyGQVwzFc_loc12_loop6,12,ITN 0%/IRS 0%/Larvicide 0%,0;0.4;0.4_0;0;0_0;0;0_-100;2;5475_-100;2;5475_-100;2;5475,27.813698630137,Prevalence,0.00703390434486916
NbyGQVwzFc_loc12_loop6,12,ITN 0%/IRS 0%/Larvicide 0%,0;0.4;0.4_0;0;0_0;0;0_-100;2;5475_-100;2;5475_-100;2;5475,27.8164383561644,Prevalence,0.00703136660629939
NbyGQVwzFc_loc12_loop6,12,ITN 0%/IRS 0%/Larvicide 0%,0;0.4;0.4_0;0;0_0;0;0_-100;2;5475_-100;2;5475_-100;2;5475,27.8191780821918,Prevalence,0.00702884759634234
NbyGQVwzFc_loc12_loop6,12,ITN 0%/IRS 0%/Larvicide 0%,0;0.4;0.4_0;0;0_0;0;0_-100;2;5475_-100;2;5475_-100;2;5475,27.8219178082192,Prevalence,0.0070263472463749
NbyGQVwzFc_loc12_loop6,12,ITN 0%/IRS 0%/Larvicide 0%,0;0.4;0.4_0;0;0_0;0;0_-100;2;5475_-100;2;5475_-100;2;5475,27.8246575342466,Prevalence,0.00702386548816988
NbyGQVwzFc_loc12_loop6,12,ITN 0%/IRS 0%/Larvicide 0%,0;0.4;0.4_0;0;0_0;0;0_-100;2;5475_-100;2;5475_-100;2;5475,27.827397260274,Prevalence,0.00702140225389346
NbyGQVwzFc_loc12_loop6,12,ITN 0%/IRS 0%/Larvicide 0%,0;0.4;0.4_0;0;0_0;0;0_-100;2;5475_-100;2;5475_-100;2;5475,27.8301369863014,Prevalence,0.00701895747610254
NbyGQVwzFc_loc12_loop6,12,ITN 0%/IRS 0%/Larvicide 0%,0;0.4;0.4_0;0;0_0;0;0_-100;2;5475_-100;2;5475_-100;2;5475,27.8328767123288,Prevalence,0.0070165310877426
NbyGQVwzFc_loc12_loop6,12,ITN 0%/IRS 0%/Larvicide 0%,0;0.4;0.4_0;0;0_0;0;0_-100;2;5475_-100;2;5475_-100;2;5475,27.8356164383562,Prevalence,0.00701412302214497
NbyGQVwzFc_loc12_loop6,12,ITN 0%/IRS 0%/Larvicide 0%,0;0.4;0.4_0;0;0_0;0;0_-100;2;5475_-100;2;5475_-100;2;5475,27.8383561643836,Prevalence,0.00701173321302433
NbyGQVwzFc_loc12_loop6,12,ITN 0%/IRS 0%/Larvicide 0%,0;0.4;0.4_0;0;0_0;0;0_-100;2;5475_-100;2;5475_-100;2;5475,27.841095890411,Prevalence,0.00700936159447614
NbyGQVwzFc_loc12_loop6,12,ITN 0%/IRS 0%/Larvicide 0%,0;0.4;0.4_0;0;0_0;0;0_-100;2;5475_-100;2;5475_-100;2;5475,27.8438356164384,Prevalence,0.00700700810097425
NbyGQVwzFc_loc12_loop6,12,ITN 0%/IRS 0%/Larvicide 0%,0;0.4;0.4_0;0;0_0;0;0_-100;2;5475_-100;2;5475_-100;2;5475,27.8465753424658,Prevalence,0.00700467266736845
NbyGQVwzFc_loc12_loop6,12,ITN 0%/IRS 0%/Larvicide 0%,0;0.4;0.4_0;0;0_0;0;0_-100;2;5475_-100;2;5475_-100;2;5475,27.8493150684932,Prevalence,0.00700235522888202
NbyGQVwzFc_loc12_loop6,12,ITN 0%/IRS 0%/Larvicide 0%,0;0.4;0.4_0;0;0_0;0;0_-100;2;5475_-100;2;5475_-100;2;5475,27.8520547945206,Prevalence,0.00700005572110935
NbyGQVwzFc_loc12_loop6,12,ITN 0%/IRS 0%/Larvicide 0%,0;0.4;0.4_0;0;0_0;0;0_-100;2;5475_-100;2;5475_-100;2;5475,27.8547945205479,Prevalence,0.00699777408001353
NbyGQVwzFc_loc12_loop6,12,ITN 0%/IRS 0%/Larvicide 0%,0;0.4;0.4_0;0;0_0;0;0_-100;2;5475_-100;2;5475_-100;2;5475,27.8575342465753,Prevalence,0.00699551024192399
NbyGQVwzFc_loc12_loop6,12,ITN 0%/IRS 0%/Larvicide 0%,0;0.4;0.4_0;0;0_0;0;0_-100;2;5475_-100;2;5475_-100;2;5475,27.8602739726027,Prevalence,0.00699326414353413
NbyGQVwzFc_loc12_loop6,12,ITN 0%/IRS 0%/Larvicide 0%,0;0.4;0.4_0;0;0_0;0;0_-100;2;5475_-100;2;5475_-100;2;5475,27.8630136986301,Prevalence,0.00699103572189898
NbyGQVwzFc_loc12_loop6,12,ITN 0%/IRS 0%/Larvicide 0%,0;0.4;0.4_0;0;0_0;0;0_-100;2;5475_-100;2;5475_-100;2;5475,27.8657534246575,Prevalence,0.00698882491443286
NbyGQVwzFc_loc12_loop6,12,ITN 0%/IRS 0%/Larvicide 0%,0;0.4;0.4_0;0;0_0;0;0_-100;2;5475_-100;2;5475_-100;2;5475,27.8684931506849,Prevalence,0.00698663165890711
NbyGQVwzFc_loc12_loop6,12,ITN 0%/IRS 0%/Larvicide 0%,0;0.4;0.4_0;0;0_0;0;0_-100;2;5475_-100;2;5475_-100;2;5475,27.8712328767123,Prevalence,0.00698445589344773
NbyGQVwzFc_loc12_loop6,12,ITN 0%/IRS 0%/Larvicide 0%,0;0.4;0.4_0;0;0_0;0;0_-100;2;5475_-100;2;5475_-100;2;5475,27.8739726027397,Prevalence,0.00698229755653315
NbyGQVwzFc_loc12_loop6,12,ITN 0%/IRS 0%/Larvicide 0%,0;0.4;0.4_0;0;0_0;0;0_-100;2;5475_-100;2;5475_-100;2;5475,27.8767123287671,Prevalence,0.00698015658699193
NbyGQVwzFc_loc12_loop6,12,ITN 0%/IRS 0%/Larvicide 0%,0;0.4;0.4_0;0;0_0;0;0_-100;2;5475_-100;2;5475_-100;2;5475,27.8794520547945,Prevalence,0.00697803292400056
NbyGQVwzFc_loc12_loop6,12,ITN 0%/IRS 0%/Larvicide 0%,0;0.4;0.4_0;0;0_0;0;0_-100;2;5475_-100;2;5475_-100;2;5475,27.8821917808219,Prevalence,0.00697592650708115
NbyGQVwzFc_loc12_loop6,12,ITN 0%/IRS 0%/Larvicide 0%,0;0.4;0.4_0;0;0_0;0;0_-100;2;5475_-100;2;5475_-100;2;5475,27.8849315068493,Prevalence,0.0069738372760993
NbyGQVwzFc_loc12_loop6,12,ITN 0%/IRS 0%/Larvicide 0%,0;0.4;0.4_0;0;0_0;0;0_-100;2;5475_-100;2;5475_-100;2;5475,27.8876712328767,Prevalence,0.00697176517126208
NbyGQVwzFc_loc12_loop6,12,ITN 0%/IRS 0%/Larvicide 0%,0;0.4;0.4_0;0;0_0;0;0_-100;2;5475_-100;2;5475_-100;2;5475,27.8904109589041,Prevalence,0.00696971013311566
NbyGQVwzFc_loc12_loop6,12,ITN 0%/IRS 0%/Larvicide 0%,0;0.4;0.4_0;0;0_0;0;0_-100;2;5475_-100;2;5475_-100;2;5475,27.8931506849315,Prevalence,0.00696767210254307
NbyGQVwzFc_loc12_loop6,12,ITN 0%/IRS 0%/Larvicide 0%,0;0.4;0.4_0;0;0_0;0;0_-100;2;5475_-100;2;5475_-100;2;5475,27.8958904109589,Prevalence,0.00696565102076202
NbyGQVwzFc_loc12_loop6,12,ITN 0%/IRS 0%/Larvicide 0%,0;0.4;0.4_0;0;0_0;0;0_-100;2;5475_-100;2;5475_-100;2;5475,27.8986301369863,Prevalence,0.00696364682932284
NbyGQVwzFc_loc12_loop6,12,ITN 0%/IRS 0%/Larvicide 0%,0;0.4;0.4_0;0;0_0;0;0_-100;2;5475_-100;2;5475_-100;2;5475,27.9013698630137,Prevalence,0.00696165947010624
NbyGQVwzFc_loc12_loop6,12,ITN 0%/IRS 0%/Larvicide 0%,0;0.4;0.4_0;0;0_0;0;0_-100;2;5475_-100;2;5475_-100;2;5475,27.9041095890411,Prevalence,0.00695968888532125
NbyGQVwzFc_loc12_loop6,12,ITN 0%/IRS 0%/Larvicide 0%,0;0.4;0.4_0;0;0_0;0;0_-100;2;5475_-100;2;5475_-100;2;5475,27.9068493150685,Prevalence,0.00695773501750311
NbyGQVwzFc_loc12_loop6,12,ITN 0%/IRS 0%/Larvicide 0%,0;0.4;0.4_0;0;0_0;0;0_-100;2;5475_-100;2;5475_-100;2;5475,27.9095890410959,Prevalence,0.00695579780951117
NbyGQVwzFc_loc12_loop6,12,ITN 0%/IRS 0%/Larvicide 0%,0;0.4;0.4_0;0;0_0;0;0_-100;2;5475_-100;2;5475_-100;2;5475,27.9123287671233,Prevalence,0.00695387720452682
NbyGQVwzFc_loc12_loop6,12,ITN 0%/IRS 0%/Larvicide 0%,0;0.4;0.4_0;0;0_0;0;0_-100;2;5475_-100;2;5475_-100;2;5475,27.9150684931507,Prevalence,0.0069519731460514
NbyGQVwzFc_loc12_loop6,12,ITN 0%/IRS 0%/Larvicide 0%,0;0.4;0.4_0;0;0_0;0;0_-100;2;5475_-100;2;5475_-100;2;5475,27.9178082191781,Prevalence,0.0069500855779042
NbyGQVwzFc_loc12_loop6,12,ITN 0%/IRS 0%/Larvicide 0%,0;0.4;0.4_0;0;0_0;0;0_-100;2;5475_-100;2;5475_-100;2;5475,27.9205479452055,Prevalence,0.0069482144442204
NbyGQVwzFc_loc12_loop6,12,ITN 0%/IRS 0%/Larvicide 0%,0;0.4;0.4_0;0;0_0;0;0_-100;2;5475_-100;2;5475_-100;2;5475,27.9232876712329,Prevalence,0.00694635968944901
NbyGQVwzFc_loc12_loop6,12,ITN 0%/IRS 0%/Larvicide 0%,0;0.4;0.4_0;0;0_0;0;0_-100;2;5475_-100;2;5475_-100;2;5475,27.9260273972603,Prevalence,0.00694452125835094
NbyGQVwzFc_loc12_loop6,12,ITN 0%/IRS 0%/Larvicide 0%,0;0.4;0.4_0;0;0_0;0;0_-100;2;5475_-100;2;5475_-100;2;5475,27.9287671232877,Prevalence,0.00694269909599694
NbyGQVwzFc_loc12_loop6,12,ITN 0%/IRS 0%/Larvicide 0%,0;0.4;0.4_0;0;0_0;0;0_-100;2;5475_-100;2;5475_-100;2;5475,27.9315068493151,Prevalence,0.00694089314776565
NbyGQVwzFc_loc12_loop6,12,ITN 0%/IRS 0%/Larvicide 0%,0;0.4;0.4_0;0;0_0;0;0_-100;2;5475_-100;2;5475_-100;2;5475,27.9342465753425,Prevalence,0.00693910335934161
NbyGQVwzFc_loc12_loop6,12,ITN 0%/IRS 0%/Larvicide 0%,0;0.4;0.4_0;0;0_0;0;0_-100;2;5475_-100;2;5475_-100;2;5475,27.9369863013699,Prevalence,0.00693732967671331
NbyGQVwzFc_loc12_loop6,12,ITN 0%/IRS 0%/Larvicide 0%,0;0.4;0.4_0;0;0_0;0;0_-100;2;5475_-100;2;5475_-100;2;5475,27.9397260273973,Prevalence,0.00693557204617135
NbyGQVwzFc_loc12_loop6,12,ITN 0%/IRS 0%/Larvicide 0%,0;0.4;0.4_0;0;0_0;0;0_-100;2;5475_-100;2;5475_-100;2;5475,27.9424657534247,Prevalence,0.00693383041430659
NbyGQVwzFc_loc12_loop6,12,ITN 0%/IRS 0%/Larvicide 0%,0;0.4;0.4_0;0;0_0;0;0_-100;2;5475_-100;2;5475_-100;2;5475,27.9452054794521,Prevalence,0.00693210472800813
NbyGQVwzFc_loc12_loop6,12,ITN 0%/IRS 0%/Larvicide 0%,0;0.4;0.4_0;0;0_0;0;0_-100;2;5475_-100;2;5475_-100;2;5475,27.9479452054795,Prevalence,0.00693039493446132
NbyGQVwzFc_loc12_loop6,12,ITN 0%/IRS 0%/Larvicide 0%,0;0.4;0.4_0;0;0_0;0;0_-100;2;5475_-100;2;5475_-100;2;5475,27.9506849315069,Prevalence,0.00692870098114589
NbyGQVwzFc_loc12_loop6,12,ITN 0%/IRS 0%/Larvicide 0%,0;0.4;0.4_0;0;0_0;0;0_-100;2;5475_-100;2;5475_-100;2;5475,27.9534246575343,Prevalence,0.00692702281583406
NbyGQVwzFc_loc12_loop6,12,ITN 0%/IRS 0%/Larvicide 0%,0;0.4;0.4_0;0;0_0;0;0_-100;2;5475_-100;2;5475_-100;2;5475,27.9561643835616,Prevalence,0.00692536038658869
NbyGQVwzFc_loc12_loop6,12,ITN 0%/IRS 0%/Larvicide 0%,0;0.4;0.4_0;0;0_0;0;0_-100;2;5475_-100;2;5475_-100;2;5475,27.958904109589,Prevalence,0.0069237136417614
NbyGQVwzFc_loc12_loop6,12,ITN 0%/IRS 0%/Larvicide 0%,0;0.4;0.4_0;0;0_0;0;0_-100;2;5475_-100;2;5475_-100;2;5475,27.9616438356164,Prevalence,0.00692208252999076
NbyGQVwzFc_loc12_loop6,12,ITN 0%/IRS 0%/Larvicide 0%,0;0.4;0.4_0;0;0_0;0;0_-100;2;5475_-100;2;5475_-100;2;5475,27.9643835616438,Prevalence,0.00692046700020044
NbyGQVwzFc_loc12_loop6,12,ITN 0%/IRS 0%/Larvicide 0%,0;0.4;0.4_0;0;0_0;0;0_-100;2;5475_-100;2;5475_-100;2;5475,27.9671232876712,Prevalence,0.00691886700159737
NbyGQVwzFc_loc12_loop6,12,ITN 0%/IRS 0%/Larvicide 0%,0;0.4;0.4_0;0;0_0;0;0_-100;2;5475_-100;2;5475_-100;2;5475,27.9698630136986,Prevalence,0.00691728248366999
NbyGQVwzFc_loc12_loop6,12,ITN 0%/IRS 0%/Larvicide 0%,0;0.4;0.4_0;0;0_0;0;0_-100;2;5475_-100;2;5475_-100;2;5475,27.972602739726,Prevalence,0.00691571339618642
NbyGQVwzFc_loc12_loop6,12,ITN 0%/IRS 0%/Larvicide 0%,0;0.4;0.4_0;0;0_0;0;0_-100;2;5475_-100;2;5475_-100;2;5475,27.9753424657534,Prevalence,0.00691415968919267
NbyGQVwzFc_loc12_loop6,12,ITN 0%/IRS 0%/Larvicide 0%,0;0.4;0.4_0;0;0_0;0;0_-100;2;5475_-100;2;5475_-100;2;5475,27.9780821917808,Prevalence,0.0069126213130109
NbyGQVwzFc_loc12_loop6,12,ITN 0%/IRS 0%/Larvicide 0%,0;0.4;0.4_0;0;0_0;0;0_-100;2;5475_-100;2;5475_-100;2;5475,27.9808219178082,Prevalence,0.00691109821823766
NbyGQVwzFc_loc12_loop6,12,ITN 0%/IRS 0%/Larvicide 0%,0;0.4;0.4_0;0;0_0;0;0_-100;2;5475_-100;2;5475_-100;2;5475,27.9835616438356,Prevalence,0.00690959035574208
NbyGQVwzFc_loc12_loop6,12,ITN 0%/IRS 0%/Larvicide 0%,0;0.4;0.4_0;0;0_0;0;0_-100;2;5475_-100;2;5475_-100;2;5475,27.986301369863,Prevalence,0.00690809767666425
NbyGQVwzFc_loc12_loop6,12,ITN 0%/IRS 0%/Larvicide 0%,0;0.4;0.4_0;0;0_0;0;0_-100;2;5475_-100;2;5475_-100;2;5475,27.9890410958904,Prevalence,0.00690662013241338
NbyGQVwzFc_loc12_loop6,12,ITN 0%/IRS 0%/Larvicide 0%,0;0.4;0.4_0;0;0_0;0;0_-100;2;5475_-100;2;5475_-100;2;5475,27.9917808219178,Prevalence,0.00690515767466617
NbyGQVwzFc_loc12_loop6,12,ITN 0%/IRS 0%/Larvicide 0%,0;0.4;0.4_0;0;0_0;0;0_-100;2;5475_-100;2;5475_-100;2;5475,27.9945205479452,Prevalence,0.00690371025536509
NbyGQVwzFc_loc12_loop6,12,ITN 0%/IRS 0%/Larvicide 0%,0;0.4;0.4_0;0;0_0;0;0_-100;2;5475_-100;2;5475_-100;2;5475,27.9972602739726,Prevalence,0.00690227782671683
NbyGQVwzFc_loc12_loop6,12,ITN 0%/IRS 0%/Larvicide 0%,0;0.4;0.4_0;0;0_0;0;0_-100;2;5475_-100;2;5475_-100;2;5475,28,Prevalence,0.00690086034119062
NbyGQVwzFc_loc12_loop6,12,ITN 0%/IRS 0%/Larvicide 0%,0;0.4;0.4_0;0;0_0;0;0_-100;2;5475_-100;2;5475_-100;2;5475,28.0027397260274,Prevalence,0.00689945775151782
NbyGQVwzFc_loc12_loop6,12,ITN 0%/IRS 0%/Larvicide 0%,0;0.4;0.4_0;0;0_0;0;0_-100;2;5475_-100;2;5475_-100;2;5475,28.0054794520548,Prevalence,0.00689807001068405
NbyGQVwzFc_loc12_loop6,12,ITN 0%/IRS 0%/Larvicide 0%,0;0.4;0.4_0;0;0_0;0;0_-100;2;5475_-100;2;5475_-100;2;5475,28.0082191780822,Prevalence,0.00689669707193799
NbyGQVwzFc_loc12_loop6,12,ITN 0%/IRS 0%/Larvicide 0%,0;0.4;0.4_0;0;0_0;0;0_-100;2;5475_-100;2;5475_-100;2;5475,28.0109589041096,Prevalence,0.00689533888878256
NbyGQVwzFc_loc12_loop6,12,ITN 0%/IRS 0%/Larvicide 0%,0;0.4;0.4_0;0;0_0;0;0_-100;2;5475_-100;2;5475_-100;2;5475,28.013698630137,Prevalence,0.00689399541497276
NbyGQVwzFc_loc12_loop6,12,ITN 0%/IRS 0%/Larvicide 0%,0;0.4;0.4_0;0;0_0;0;0_-100;2;5475_-100;2;5475_-100;2;5475,28.0164383561644,Prevalence,0.00689266660451775
NbyGQVwzFc_loc12_loop6,12,ITN 0%/IRS 0%/Larvicide 0%,0;0.4;0.4_0;0;0_0;0;0_-100;2;5475_-100;2;5475_-100;2;5475,28.0191780821918,Prevalence,0.00689135241167803
NbyGQVwzFc_loc12_loop6,12,ITN 0%/IRS 0%/Larvicide 0%,0;0.4;0.4_0;0;0_0;0;0_-100;2;5475_-100;2;5475_-100;2;5475,28.0219178082192,Prevalence,0.00689005279096273
NbyGQVwzFc_loc12_loop6,12,ITN 0%/IRS 0%/Larvicide 0%,0;0.4;0.4_0;0;0_0;0;0_-100;2;5475_-100;2;5475_-100;2;5475,28.0246575342466,Prevalence,0.00688876769712852
NbyGQVwzFc_loc12_loop6,12,ITN 0%/IRS 0%/Larvicide 0%,0;0.4;0.4_0;0;0_0;0;0_-100;2;5475_-100;2;5475_-100;2;5475,28.027397260274,Prevalence,0.00688749708517879
NbyGQVwzFc_loc12_loop6,12,ITN 0%/IRS 0%/Larvicide 0%,0;0.4;0.4_0;0;0_0;0;0_-100;2;5475_-100;2;5475_-100;2;5475,28.0301369863014,Prevalence,0.00688624091036171
NbyGQVwzFc_loc12_loop6,12,ITN 0%/IRS 0%/Larvicide 0%,0;0.4;0.4_0;0;0_0;0;0_-100;2;5475_-100;2;5475_-100;2;5475,28.0328767123288,Prevalence,0.00688499912816788
NbyGQVwzFc_loc12_loop6,12,ITN 0%/IRS 0%/Larvicide 0%,0;0.4;0.4_0;0;0_0;0;0_-100;2;5475_-100;2;5475_-100;2;5475,28.0356164383562,Prevalence,0.00688377169432823
NbyGQVwzFc_loc12_loop6,12,ITN 0%/IRS 0%/Larvicide 0%,0;0.4;0.4_0;0;0_0;0;0_-100;2;5475_-100;2;5475_-100;2;5475,28.0383561643836,Prevalence,0.00688255856481026
NbyGQVwzFc_loc12_loop6,12,ITN 0%/IRS 0%/Larvicide 0%,0;0.4;0.4_0;0;0_0;0;0_-100;2;5475_-100;2;5475_-100;2;5475,28.041095890411,Prevalence,0.00688135969583681
NbyGQVwzFc_loc12_loop6,12,ITN 0%/IRS 0%/Larvicide 0%,0;0.4;0.4_0;0;0_0;0;0_-100;2;5475_-100;2;5475_-100;2;5475,28.0438356164384,Prevalence,0.00688017504385153
NbyGQVwzFc_loc12_loop6,12,ITN 0%/IRS 0%/Larvicide 0%,0;0.4;0.4_0;0;0_0;0;0_-100;2;5475_-100;2;5475_-100;2;5475,28.0465753424658,Prevalence,0.0068790045655339
NbyGQVwzFc_loc12_loop6,12,ITN 0%/IRS 0%/Larvicide 0%,0;0.4;0.4_0;0;0_0;0;0_-100;2;5475_-100;2;5475_-100;2;5475,28.0493150684932,Prevalence,0.006877848217808
NbyGQVwzFc_loc12_loop6,12,ITN 0%/IRS 0%/Larvicide 0%,0;0.4;0.4_0;0;0_0;0;0_-100;2;5475_-100;2;5475_-100;2;5475,28.0520547945206,Prevalence,0.00687670595782251
NbyGQVwzFc_loc12_loop6,12,ITN 0%/IRS 0%/Larvicide 0%,0;0.4;0.4_0;0;0_0;0;0_-100;2;5475_-100;2;5475_-100;2;5475,28.0547945205479,Prevalence,0.00687557774295559
NbyGQVwzFc_loc12_loop6,12,ITN 0%/IRS 0%/Larvicide 0%,0;0.4;0.4_0;0;0_0;0;0_-100;2;5475_-100;2;5475_-100;2;5475,28.0575342465753,Prevalence,0.0068744635308003
NbyGQVwzFc_loc12_loop6,12,ITN 0%/IRS 0%/Larvicide 0%,0;0.4;0.4_0;0;0_0;0;0_-100;2;5475_-100;2;5475_-100;2;5475,28.0602739726027,Prevalence,0.00687336327925644
NbyGQVwzFc_loc12_loop6,12,ITN 0%/IRS 0%/Larvicide 0%,0;0.4;0.4_0;0;0_0;0;0_-100;2;5475_-100;2;5475_-100;2;5475,28.0630136986301,Prevalence,0.00687227694634884
NbyGQVwzFc_loc12_loop6,12,ITN 0%/IRS 0%/Larvicide 0%,0;0.4;0.4_0;0;0_0;0;0_-100;2;5475_-100;2;5475_-100;2;5475,28.0657534246575,Prevalence,0.00687120449033205
NbyGQVwzFc_loc12_loop6,12,ITN 0%/IRS 0%/Larvicide 0%,0;0.4;0.4_0;0;0_0;0;0_-100;2;5475_-100;2;5475_-100;2;5475,28.0684931506849,Prevalence,0.00687014586977081
NbyGQVwzFc_loc12_loop6,12,ITN 0%/IRS 0%/Larvicide 0%,0;0.4;0.4_0;0;0_0;0;0_-100;2;5475_-100;2;5475_-100;2;5475,28.0712328767123,Prevalence,0.00686910104340402
NbyGQVwzFc_loc12_loop6,12,ITN 0%/IRS 0%/Larvicide 0%,0;0.4;0.4_0;0;0_0;0;0_-100;2;5475_-100;2;5475_-100;2;5475,28.0739726027397,Prevalence,0.00686806997015834
NbyGQVwzFc_loc12_loop6,12,ITN 0%/IRS 0%/Larvicide 0%,0;0.4;0.4_0;0;0_0;0;0_-100;2;5475_-100;2;5475_-100;2;5475,28.0767123287671,Prevalence,0.00686705260922832
NbyGQVwzFc_loc12_loop6,12,ITN 0%/IRS 0%/Larvicide 0%,0;0.4;0.4_0;0;0_0;0;0_-100;2;5475_-100;2;5475_-100;2;5475,28.0794520547945,Prevalence,0.00686604892002293
NbyGQVwzFc_loc12_loop6,12,ITN 0%/IRS 0%/Larvicide 0%,0;0.4;0.4_0;0;0_0;0;0_-100;2;5475_-100;2;5475_-100;2;5475,28.0821917808219,Prevalence,0.00686505886213783
NbyGQVwzFc_loc12_loop6,12,ITN 0%/IRS 0%/Larvicide 0%,0;0.4;0.4_0;0;0_0;0;0_-100;2;5475_-100;2;5475_-100;2;5475,28.0849315068493,Prevalence,0.00686408239540299
NbyGQVwzFc_loc12_loop6,12,ITN 0%/IRS 0%/Larvicide 0%,0;0.4;0.4_0;0;0_0;0;0_-100;2;5475_-100;2;5475_-100;2;5475,28.0876712328767,Prevalence,0.00686311947987208
NbyGQVwzFc_loc12_loop6,12,ITN 0%/IRS 0%/Larvicide 0%,0;0.4;0.4_0;0;0_0;0;0_-100;2;5475_-100;2;5475_-100;2;5475,28.0904109589041,Prevalence,0.00686217007579338
NbyGQVwzFc_loc12_loop6,12,ITN 0%/IRS 0%/Larvicide 0%,0;0.4;0.4_0;0;0_0;0;0_-100;2;5475_-100;2;5475_-100;2;5475,28.0931506849315,Prevalence,0.00686123414363126
NbyGQVwzFc_loc12_loop6,12,ITN 0%/IRS 0%/Larvicide 0%,0;0.4;0.4_0;0;0_0;0;0_-100;2;5475_-100;2;5475_-100;2;5475,28.0958904109589,Prevalence,0.00686031164406928
NbyGQVwzFc_loc12_loop6,12,ITN 0%/IRS 0%/Larvicide 0%,0;0.4;0.4_0;0;0_0;0;0_-100;2;5475_-100;2;5475_-100;2;5475,28.0986301369863,Prevalence,0.00685940253799077
NbyGQVwzFc_loc12_loop6,12,ITN 0%/IRS 0%/Larvicide 0%,0;0.4;0.4_0;0;0_0;0;0_-100;2;5475_-100;2;5475_-100;2;5475,28.1013698630137,Prevalence,0.00685850678648651
NbyGQVwzFc_loc12_loop6,12,ITN 0%/IRS 0%/Larvicide 0%,0;0.4;0.4_0;0;0_0;0;0_-100;2;5475_-100;2;5475_-100;2;5475,28.1041095890411,Prevalence,0.0068576243508591
NbyGQVwzFc_loc12_loop6,12,ITN 0%/IRS 0%/Larvicide 0%,0;0.4;0.4_0;0;0_0;0;0_-100;2;5475_-100;2;5475_-100;2;5475,28.1068493150685,Prevalence,0.00685675519261279
NbyGQVwzFc_loc12_loop6,12,ITN 0%/IRS 0%/Larvicide 0%,0;0.4;0.4_0;0;0_0;0;0_-100;2;5475_-100;2;5475_-100;2;5475,28.1095890410959,Prevalence,0.00685589927345374
NbyGQVwzFc_loc12_loop6,12,ITN 0%/IRS 0%/Larvicide 0%,0;0.4;0.4_0;0;0_0;0;0_-100;2;5475_-100;2;5475_-100;2;5475,28.1123287671233,Prevalence,0.00685505655529329
NbyGQVwzFc_loc12_loop6,12,ITN 0%/IRS 0%/Larvicide 0%,0;0.4;0.4_0;0;0_0;0;0_-100;2;5475_-100;2;5475_-100;2;5475,28.1150684931507,Prevalence,0.00685422700024355
NbyGQVwzFc_loc12_loop6,12,ITN 0%/IRS 0%/Larvicide 0%,0;0.4;0.4_0;0;0_0;0;0_-100;2;5475_-100;2;5475_-100;2;5475,28.1178082191781,Prevalence,0.00685341057061497
NbyGQVwzFc_loc12_loop6,12,ITN 0%/IRS 0%/Larvicide 0%,0;0.4;0.4_0;0;0_0;0;0_-100;2;5475_-100;2;5475_-100;2;5475,28.1205479452055,Prevalence,0.00685260722891748
NbyGQVwzFc_loc12_loop6,12,ITN 0%/IRS 0%/Larvicide 0%,0;0.4;0.4_0;0;0_0;0;0_-100;2;5475_-100;2;5475_-100;2;5475,28.1232876712329,Prevalence,0.00685181693785867
NbyGQVwzFc_loc12_loop6,12,ITN 0%/IRS 0%/Larvicide 0%,0;0.4;0.4_0;0;0_0;0;0_-100;2;5475_-100;2;5475_-100;2;5475,28.1260273972603,Prevalence,0.00685103966034129
NbyGQVwzFc_loc12_loop6,12,ITN 0%/IRS 0%/Larvicide 0%,0;0.4;0.4_0;0;0_0;0;0_-100;2;5475_-100;2;5475_-100;2;5475,28.1287671232877,Prevalence,0.00685027535946303
NbyGQVwzFc_loc12_loop6,12,ITN 0%/IRS 0%/Larvicide 0%,0;0.4;0.4_0;0;0_0;0;0_-100;2;5475_-100;2;5475_-100;2;5475,28.1315068493151,Prevalence,0.00684952399851556
NbyGQVwzFc_loc12_loop6,12,ITN 0%/IRS 0%/Larvicide 0%,0;0.4;0.4_0;0;0_0;0;0_-100;2;5475_-100;2;5475_-100;2;5475,28.1342465753425,Prevalence,0.00684878554098258
NbyGQVwzFc_loc12_loop6,12,ITN 0%/IRS 0%/Larvicide 0%,0;0.4;0.4_0;0;0_0;0;0_-100;2;5475_-100;2;5475_-100;2;5475,28.1369863013699,Prevalence,0.00684805995053878
NbyGQVwzFc_loc12_loop6,12,ITN 0%/IRS 0%/Larvicide 0%,0;0.4;0.4_0;0;0_0;0;0_-100;2;5475_-100;2;5475_-100;2;5475,28.1397260273973,Prevalence,0.00684734719104906
NbyGQVwzFc_loc12_loop6,12,ITN 0%/IRS 0%/Larvicide 0%,0;0.4;0.4_0;0;0_0;0;0_-100;2;5475_-100;2;5475_-100;2;5475,28.1424657534247,Prevalence,0.00684664722656698
NbyGQVwzFc_loc12_loop6,12,ITN 0%/IRS 0%/Larvicide 0%,0;0.4;0.4_0;0;0_0;0;0_-100;2;5475_-100;2;5475_-100;2;5475,28.1452054794521,Prevalence,0.00684596002133349
NbyGQVwzFc_loc12_loop6,12,ITN 0%/IRS 0%/Larvicide 0%,0;0.4;0.4_0;0;0_0;0;0_-100;2;5475_-100;2;5475_-100;2;5475,28.1479452054795,Prevalence,0.00684528553977605
NbyGQVwzFc_loc12_loop6,12,ITN 0%/IRS 0%/Larvicide 0%,0;0.4;0.4_0;0;0_0;0;0_-100;2;5475_-100;2;5475_-100;2;5475,28.1506849315069,Prevalence,0.0068446237465073
NbyGQVwzFc_loc12_loop6,12,ITN 0%/IRS 0%/Larvicide 0%,0;0.4;0.4_0;0;0_0;0;0_-100;2;5475_-100;2;5475_-100;2;5475,28.1534246575342,Prevalence,0.00684397460632392
NbyGQVwzFc_loc12_loop6,12,ITN 0%/IRS 0%/Larvicide 0%,0;0.4;0.4_0;0;0_0;0;0_-100;2;5475_-100;2;5475_-100;2;5475,28.1561643835616,Prevalence,0.00684333808420539
NbyGQVwzFc_loc12_loop6,12,ITN 0%/IRS 0%/Larvicide 0%,0;0.4;0.4_0;0;0_0;0;0_-100;2;5475_-100;2;5475_-100;2;5475,28.158904109589,Prevalence,0.00684271414531302
NbyGQVwzFc_loc12_loop6,12,ITN 0%/IRS 0%/Larvicide 0%,0;0.4;0.4_0;0;0_0;0;0_-100;2;5475_-100;2;5475_-100;2;5475,28.1616438356164,Prevalence,0.00684210275498868
NbyGQVwzFc_loc12_loop6,12,ITN 0%/IRS 0%/Larvicide 0%,0;0.4;0.4_0;0;0_0;0;0_-100;2;5475_-100;2;5475_-100;2;5475,28.1643835616438,Prevalence,0.00684150387875364
NbyGQVwzFc_loc12_loop6,12,ITN 0%/IRS 0%/Larvicide 0%,0;0.4;0.4_0;0;0_0;0;0_-100;2;5475_-100;2;5475_-100;2;5475,28.1671232876712,Prevalence,0.0068409174823076
NbyGQVwzFc_loc12_loop6,12,ITN 0%/IRS 0%/Larvicide 0%,0;0.4;0.4_0;0;0_0;0;0_-100;2;5475_-100;2;5475_-100;2;5475,28.1698630136986,Prevalence,0.00684034353152741
NbyGQVwzFc_loc12_loop6,12,ITN 0%/IRS 0%/Larvicide 0%,0;0.4;0.4_0;0;0_0;0;0_-100;2;5475_-100;2;5475_-100;2;5475,28.172602739726,Prevalence,0.00683978199246604
NbyGQVwzFc_loc12_loop6,12,ITN 0%/IRS 0%/Larvicide 0%,0;0.4;0.4_0;0;0_0;0;0_-100;2;5475_-100;2;5475_-100;2;5475,28.1753424657534,Prevalence,0.0068392328313517
NbyGQVwzFc_loc12_loop6,12,ITN 0%/IRS 0%/Larvicide 0%,0;0.4;0.4_0;0;0_0;0;0_-100;2;5475_-100;2;5475_-100;2;5475,28.1780821917808,Prevalence,0.00683869601458663
NbyGQVwzFc_loc12_loop6,12,ITN 0%/IRS 0%/Larvicide 0%,0;0.4;0.4_0;0;0_0;0;0_-100;2;5475_-100;2;5475_-100;2;5475,28.1808219178082,Prevalence,0.00683817150874575
NbyGQVwzFc_loc12_loop6,12,ITN 0%/IRS 0%/Larvicide 0%,0;0.4;0.4_0;0;0_0;0;0_-100;2;5475_-100;2;5475_-100;2;5475,28.1835616438356,Prevalence,0.00683765928057579
NbyGQVwzFc_loc12_loop6,12,ITN 0%/IRS 0%/Larvicide 0%,0;0.4;0.4_0;0;0_0;0;0_-100;2;5475_-100;2;5475_-100;2;5475,28.186301369863,Prevalence,0.00683715929699404
NbyGQVwzFc_loc12_loop6,12,ITN 0%/IRS 0%/Larvicide 0%,0;0.4;0.4_0;0;0_0;0;0_-100;2;5475_-100;2;5475_-100;2;5475,28.1890410958904,Prevalence,0.00683667152508746
NbyGQVwzFc_loc12_loop6,12,ITN 0%/IRS 0%/Larvicide 0%,0;0.4;0.4_0;0;0_0;0;0_-100;2;5475_-100;2;5475_-100;2;5475,28.1917808219178,Prevalence,0.00683619593211147
NbyGQVwzFc_loc12_loop6,12,ITN 0%/IRS 0%/Larvicide 0%,0;0.4;0.4_0;0;0_0;0;0_-100;2;5475_-100;2;5475_-100;2;5475,28.1945205479452,Prevalence,0.00683573248548899
NbyGQVwzFc_loc12_loop6,12,ITN 0%/IRS 0%/Larvicide 0%,0;0.4;0.4_0;0;0_0;0;0_-100;2;5475_-100;2;5475_-100;2;5475,28.1972602739726,Prevalence,0.00683528115280936
NbyGQVwzFc_loc12_loop6,12,ITN 0%/IRS 0%/Larvicide 0%,0;0.4;0.4_0;0;0_0;0;0_-100;2;5475_-100;2;5475_-100;2;5475,28.2,Prevalence,0.00683484190182729
NbyGQVwzFc_loc12_loop6,12,ITN 0%/IRS 0%/Larvicide 0%,0;0.4;0.4_0;0;0_0;0;0_-100;2;5475_-100;2;5475_-100;2;5475,28.2027397260274,Prevalence,0.00683441470046184
NbyGQVwzFc_loc12_loop6,12,ITN 0%/IRS 0%/Larvicide 0%,0;0.4;0.4_0;0;0_0;0;0_-100;2;5475_-100;2;5475_-100;2;5475,28.2054794520548,Prevalence,0.00683399951679536
NbyGQVwzFc_loc12_loop6,12,ITN 0%/IRS 0%/Larvicide 0%,0;0.4;0.4_0;0;0_0;0;0_-100;2;5475_-100;2;5475_-100;2;5475,28.2082191780822,Prevalence,0.00683359631907256
NbyGQVwzFc_loc12_loop6,12,ITN 0%/IRS 0%/Larvicide 0%,0;0.4;0.4_0;0;0_0;0;0_-100;2;5475_-100;2;5475_-100;2;5475,28.2109589041096,Prevalence,0.00683320507569935
NbyGQVwzFc_loc12_loop6,12,ITN 0%/IRS 0%/Larvicide 0%,0;0.4;0.4_0;0;0_0;0;0_-100;2;5475_-100;2;5475_-100;2;5475,28.213698630137,Prevalence,0.00683282575524197
NbyGQVwzFc_loc12_loop6,12,ITN 0%/IRS 0%/Larvicide 0%,0;0.4;0.4_0;0;0_0;0;0_-100;2;5475_-100;2;5475_-100;2;5475,28.2164383561644,Prevalence,0.0068324583264259
NbyGQVwzFc_loc12_loop6,12,ITN 0%/IRS 0%/Larvicide 0%,0;0.4;0.4_0;0;0_0;0;0_-100;2;5475_-100;2;5475_-100;2;5475,28.2191780821918,Prevalence,0.0068321027581349
NbyGQVwzFc_loc12_loop6,12,ITN 0%/IRS 0%/Larvicide 0%,0;0.4;0.4_0;0;0_0;0;0_-100;2;5475_-100;2;5475_-100;2;5475,28.2219178082192,Prevalence,0.00683175901941002
NbyGQVwzFc_loc12_loop6,12,ITN 0%/IRS 0%/Larvicide 0%,0;0.4;0.4_0;0;0_0;0;0_-100;2;5475_-100;2;5475_-100;2;5475,28.2246575342466,Prevalence,0.0068314270794486
NbyGQVwzFc_loc12_loop6,12,ITN 0%/IRS 0%/Larvicide 0%,0;0.4;0.4_0;0;0_0;0;0_-100;2;5475_-100;2;5475_-100;2;5475,28.227397260274,Prevalence,0.00683110690760333
NbyGQVwzFc_loc12_loop6,12,ITN 0%/IRS 0%/Larvicide 0%,0;0.4;0.4_0;0;0_0;0;0_-100;2;5475_-100;2;5475_-100;2;5475,28.2301369863014,Prevalence,0.00683079847338122
NbyGQVwzFc_loc12_loop6,12,ITN 0%/IRS 0%/Larvicide 0%,0;0.4;0.4_0;0;0_0;0;0_-100;2;5475_-100;2;5475_-100;2;5475,28.2328767123288,Prevalence,0.0068305017464427
NbyGQVwzFc_loc12_loop6,12,ITN 0%/IRS 0%/Larvicide 0%,0;0.4;0.4_0;0;0_0;0;0_-100;2;5475_-100;2;5475_-100;2;5475,28.2356164383562,Prevalence,0.00683021669660063
NbyGQVwzFc_loc12_loop6,12,ITN 0%/IRS 0%/Larvicide 0%,0;0.4;0.4_0;0;0_0;0;0_-100;2;5475_-100;2;5475_-100;2;5475,28.2383561643836,Prevalence,0.00682994329381964
NbyGQVwzFc_loc12_loop6,12,ITN 0%/IRS 0%/Larvicide 0%,0;0.4;0.4_0;0;0_0;0;0_-100;2;5475_-100;2;5475_-100;2;5475,28.241095890411,Prevalence,0.00682968150821491
NbyGQVwzFc_loc12_loop6,12,ITN 0%/IRS 0%/Larvicide 0%,0;0.4;0.4_0;0;0_0;0;0_-100;2;5475_-100;2;5475_-100;2;5475,28.2438356164384,Prevalence,0.00682943131005113
NbyGQVwzFc_loc12_loop6,12,ITN 0%/IRS 0%/Larvicide 0%,0;0.4;0.4_0;0;0_0;0;0_-100;2;5475_-100;2;5475_-100;2;5475,28.2465753424658,Prevalence,0.00682919266974165
NbyGQVwzFc_loc12_loop6,12,ITN 0%/IRS 0%/Larvicide 0%,0;0.4;0.4_0;0;0_0;0;0_-100;2;5475_-100;2;5475_-100;2;5475,28.2493150684932,Prevalence,0.00682896555784757
NbyGQVwzFc_loc12_loop6,12,ITN 0%/IRS 0%/Larvicide 0%,0;0.4;0.4_0;0;0_0;0;0_-100;2;5475_-100;2;5475_-100;2;5475,28.2520547945206,Prevalence,0.00682874994507675
NbyGQVwzFc_loc12_loop6,12,ITN 0%/IRS 0%/Larvicide 0%,0;0.4;0.4_0;0;0_0;0;0_-100;2;5475_-100;2;5475_-100;2;5475,28.254794520548,Prevalence,0.006828545802283
NbyGQVwzFc_loc12_loop6,12,ITN 0%/IRS 0%/Larvicide 0%,0;0.4;0.4_0;0;0_0;0;0_-100;2;5475_-100;2;5475_-100;2;5475,28.2575342465753,Prevalence,0.00682835310046507
NbyGQVwzFc_loc12_loop6,12,ITN 0%/IRS 0%/Larvicide 0%,0;0.4;0.4_0;0;0_0;0;0_-100;2;5475_-100;2;5475_-100;2;5475,28.2602739726027,Prevalence,0.00682817181076581
NbyGQVwzFc_loc12_loop6,12,ITN 0%/IRS 0%/Larvicide 0%,0;0.4;0.4_0;0;0_0;0;0_-100;2;5475_-100;2;5475_-100;2;5475,28.2630136986301,Prevalence,0.00682800190447125
NbyGQVwzFc_loc12_loop6,12,ITN 0%/IRS 0%/Larvicide 0%,0;0.4;0.4_0;0;0_0;0;0_-100;2;5475_-100;2;5475_-100;2;5475,28.2657534246575,Prevalence,0.0068278433530097
NbyGQVwzFc_loc12_loop6,12,ITN 0%/IRS 0%/Larvicide 0%,0;0.4;0.4_0;0;0_0;0;0_-100;2;5475_-100;2;5475_-100;2;5475,28.2684931506849,Prevalence,0.00682769612795087
NbyGQVwzFc_loc12_loop6,12,ITN 0%/IRS 0%/Larvicide 0%,0;0.4;0.4_0;0;0_0;0;0_-100;2;5475_-100;2;5475_-100;2;5475,28.2712328767123,Prevalence,0.006827560201005
NbyGQVwzFc_loc12_loop6,12,ITN 0%/IRS 0%/Larvicide 0%,0;0.4;0.4_0;0;0_0;0;0_-100;2;5475_-100;2;5475_-100;2;5475,28.2739726027397,Prevalence,0.00682743554402195
NbyGQVwzFc_loc12_loop6,12,ITN 0%/IRS 0%/Larvicide 0%,0;0.4;0.4_0;0;0_0;0;0_-100;2;5475_-100;2;5475_-100;2;5475,28.2767123287671,Prevalence,0.00682732212899039
NbyGQVwzFc_loc12_loop6,12,ITN 0%/IRS 0%/Larvicide 0%,0;0.4;0.4_0;0;0_0;0;0_-100;2;5475_-100;2;5475_-100;2;5475,28.2794520547945,Prevalence,0.00682721992803686
NbyGQVwzFc_loc12_loop6,12,ITN 0%/IRS 0%/Larvicide 0%,0;0.4;0.4_0;0;0_0;0;0_-100;2;5475_-100;2;5475_-100;2;5475,28.2821917808219,Prevalence,0.00682712891342496
NbyGQVwzFc_loc12_loop6,12,ITN 0%/IRS 0%/Larvicide 0%,0;0.4;0.4_0;0;0_0;0;0_-100;2;5475_-100;2;5475_-100;2;5475,28.2849315068493,Prevalence,0.00682704905755451
NbyGQVwzFc_loc12_loop6,12,ITN 0%/IRS 0%/Larvicide 0%,0;0.4;0.4_0;0;0_0;0;0_-100;2;5475_-100;2;5475_-100;2;5475,28.2876712328767,Prevalence,0.00682698033296063
NbyGQVwzFc_loc12_loop6,12,ITN 0%/IRS 0%/Larvicide 0%,0;0.4;0.4_0;0;0_0;0;0_-100;2;5475_-100;2;5475_-100;2;5475,28.2904109589041,Prevalence,0.006826922712313
NbyGQVwzFc_loc12_loop6,12,ITN 0%/IRS 0%/Larvicide 0%,0;0.4;0.4_0;0;0_0;0;0_-100;2;5475_-100;2;5475_-100;2;5475,28.2931506849315,Prevalence,0.00682687616841491
NbyGQVwzFc_loc12_loop6,12,ITN 0%/IRS 0%/Larvicide 0%,0;0.4;0.4_0;0;0_0;0;0_-100;2;5475_-100;2;5475_-100;2;5475,28.2958904109589,Prevalence,0.00682684067420251
NbyGQVwzFc_loc12_loop6,12,ITN 0%/IRS 0%/Larvicide 0%,0;0.4;0.4_0;0;0_0;0;0_-100;2;5475_-100;2;5475_-100;2;5475,28.2986301369863,Prevalence,0.00682681620274397
NbyGQVwzFc_loc12_loop6,12,ITN 0%/IRS 0%/Larvicide 0%,0;0.4;0.4_0;0;0_0;0;0_-100;2;5475_-100;2;5475_-100;2;5475,28.3013698630137,Prevalence,0.00682680272723869
NbyGQVwzFc_loc12_loop6,12,ITN 0%/IRS 0%/Larvicide 0%,0;0.4;0.4_0;0;0_0;0;0_-100;2;5475_-100;2;5475_-100;2;5475,28.3041095890411,Prevalence,0.0068268002210168
NbyGQVwzFc_loc12_loop6,12,ITN 0%/IRS 0%/Larvicide 0%,0;0.4;0.4_0;0;0_0;0;0_-100;2;5475_-100;2;5475_-100;2;5475,28.3068493150685,Prevalence,0.00682680865753776
NbyGQVwzFc_loc12_loop6,12,ITN 0%/IRS 0%/Larvicide 0%,0;0.4;0.4_0;0;0_0;0;0_-100;2;5475_-100;2;5475_-100;2;5475,28.3095890410959,Prevalence,0.00682682801038979
NbyGQVwzFc_loc12_loop6,12,ITN 0%/IRS 0%/Larvicide 0%,0;0.4;0.4_0;0;0_0;0;0_-100;2;5475_-100;2;5475_-100;2;5475,28.3123287671233,Prevalence,0.00682685825328901
NbyGQVwzFc_loc12_loop6,12,ITN 0%/IRS 0%/Larvicide 0%,0;0.4;0.4_0;0;0_0;0;0_-100;2;5475_-100;2;5475_-100;2;5475,28.3150684931507,Prevalence,0.00682689936007871
NbyGQVwzFc_loc12_loop6,12,ITN 0%/IRS 0%/Larvicide 0%,0;0.4;0.4_0;0;0_0;0;0_-100;2;5475_-100;2;5475_-100;2;5475,28.3178082191781,Prevalence,0.00682695130472854
NbyGQVwzFc_loc12_loop6,12,ITN 0%/IRS 0%/Larvicide 0%,0;0.4;0.4_0;0;0_0;0;0_-100;2;5475_-100;2;5475_-100;2;5475,28.3205479452055,Prevalence,0.00682701406133371
NbyGQVwzFc_loc12_loop6,12,ITN 0%/IRS 0%/Larvicide 0%,0;0.4;0.4_0;0;0_0;0;0_-100;2;5475_-100;2;5475_-100;2;5475,28.3232876712329,Prevalence,0.00682708760411423
NbyGQVwzFc_loc12_loop6,12,ITN 0%/IRS 0%/Larvicide 0%,0;0.4;0.4_0;0;0_0;0;0_-100;2;5475_-100;2;5475_-100;2;5475,28.3260273972603,Prevalence,0.00682717190741411
NbyGQVwzFc_loc12_loop6,12,ITN 0%/IRS 0%/Larvicide 0%,0;0.4;0.4_0;0;0_0;0;0_-100;2;5475_-100;2;5475_-100;2;5475,28.3287671232877,Prevalence,0.0068272669457006
NbyGQVwzFc_loc12_loop6,12,ITN 0%/IRS 0%/Larvicide 0%,0;0.4;0.4_0;0;0_0;0;0_-100;2;5475_-100;2;5475_-100;2;5475,28.3315068493151,Prevalence,0.00682737269356344
NbyGQVwzFc_loc12_loop6,12,ITN 0%/IRS 0%/Larvicide 0%,0;0.4;0.4_0;0;0_0;0;0_-100;2;5475_-100;2;5475_-100;2;5475,28.3342465753425,Prevalence,0.00682748912571406
NbyGQVwzFc_loc12_loop6,12,ITN 0%/IRS 0%/Larvicide 0%,0;0.4;0.4_0;0;0_0;0;0_-100;2;5475_-100;2;5475_-100;2;5475,28.3369863013699,Prevalence,0.00682761621698485
NbyGQVwzFc_loc12_loop6,12,ITN 0%/IRS 0%/Larvicide 0%,0;0.4;0.4_0;0;0_0;0;0_-100;2;5475_-100;2;5475_-100;2;5475,28.3397260273973,Prevalence,0.00682775394232843
NbyGQVwzFc_loc12_loop6,12,ITN 0%/IRS 0%/Larvicide 0%,0;0.4;0.4_0;0;0_0;0;0_-100;2;5475_-100;2;5475_-100;2;5475,28.3424657534247,Prevalence,0.00682790227681684
NbyGQVwzFc_loc12_loop6,12,ITN 0%/IRS 0%/Larvicide 0%,0;0.4;0.4_0;0;0_0;0;0_-100;2;5475_-100;2;5475_-100;2;5475,28.3452054794521,Prevalence,0.00682806119564084
NbyGQVwzFc_loc12_loop6,12,ITN 0%/IRS 0%/Larvicide 0%,0;0.4;0.4_0;0;0_0;0;0_-100;2;5475_-100;2;5475_-100;2;5475,28.3479452054795,Prevalence,0.00682823067410918
NbyGQVwzFc_loc12_loop6,12,ITN 0%/IRS 0%/Larvicide 0%,0;0.4;0.4_0;0;0_0;0;0_-100;2;5475_-100;2;5475_-100;2;5475,28.3506849315069,Prevalence,0.00682841068764785
NbyGQVwzFc_loc12_loop6,12,ITN 0%/IRS 0%/Larvicide 0%,0;0.4;0.4_0;0;0_0;0;0_-100;2;5475_-100;2;5475_-100;2;5475,28.3534246575343,Prevalence,0.00682860121179931
NbyGQVwzFc_loc12_loop6,12,ITN 0%/IRS 0%/Larvicide 0%,0;0.4;0.4_0;0;0_0;0;0_-100;2;5475_-100;2;5475_-100;2;5475,28.3561643835616,Prevalence,0.00682880222222186
NbyGQVwzFc_loc12_loop6,12,ITN 0%/IRS 0%/Larvicide 0%,0;0.4;0.4_0;0;0_0;0;0_-100;2;5475_-100;2;5475_-100;2;5475,28.358904109589,Prevalence,0.00682901369468885
NbyGQVwzFc_loc12_loop6,12,ITN 0%/IRS 0%/Larvicide 0%,0;0.4;0.4_0;0;0_0;0;0_-100;2;5475_-100;2;5475_-100;2;5475,28.3616438356164,Prevalence,0.00682923560508797
NbyGQVwzFc_loc12_loop6,12,ITN 0%/IRS 0%/Larvicide 0%,0;0.4;0.4_0;0;0_0;0;0_-100;2;5475_-100;2;5475_-100;2;5475,28.3643835616438,Prevalence,0.00682946792942056
NbyGQVwzFc_loc12_loop6,12,ITN 0%/IRS 0%/Larvicide 0%,0;0.4;0.4_0;0;0_0;0;0_-100;2;5475_-100;2;5475_-100;2;5475,28.3671232876712,Prevalence,0.00682971064380094
NbyGQVwzFc_loc12_loop6,12,ITN 0%/IRS 0%/Larvicide 0%,0;0.4;0.4_0;0;0_0;0;0_-100;2;5475_-100;2;5475_-100;2;5475,28.3698630136986,Prevalence,0.00682996372445599
NbyGQVwzFc_loc12_loop6,12,ITN 0%/IRS 0%/Larvicide 0%,0;0.4;0.4_0;0;0_0;0;0_-100;2;5475_-100;2;5475_-100;2;5475,28.372602739726,Prevalence,0.00683022714772398
NbyGQVwzFc_loc12_loop6,12,ITN 0%/IRS 0%/Larvicide 0%,0;0.4;0.4_0;0;0_0;0;0_-100;2;5475_-100;2;5475_-100;2;5475,28.3753424657534,Prevalence,0.00683050089005394
NbyGQVwzFc_loc12_loop6,12,ITN 0%/IRS 0%/Larvicide 0%,0;0.4;0.4_0;0;0_0;0;0_-100;2;5475_-100;2;5475_-100;2;5475,28.3780821917808,Prevalence,0.00683078492800504
NbyGQVwzFc_loc12_loop6,12,ITN 0%/IRS 0%/Larvicide 0%,0;0.4;0.4_0;0;0_0;0;0_-100;2;5475_-100;2;5475_-100;2;5475,28.3808219178082,Prevalence,0.00683107923824595
NbyGQVwzFc_loc12_loop6,12,ITN 0%/IRS 0%/Larvicide 0%,0;0.4;0.4_0;0;0_0;0;0_-100;2;5475_-100;2;5475_-100;2;5475,28.3835616438356,Prevalence,0.00683138379755407
NbyGQVwzFc_loc12_loop6,12,ITN 0%/IRS 0%/Larvicide 0%,0;0.4;0.4_0;0;0_0;0;0_-100;2;5475_-100;2;5475_-100;2;5475,28.386301369863,Prevalence,0.00683169858281495
NbyGQVwzFc_loc12_loop6,12,ITN 0%/IRS 0%/Larvicide 0%,0;0.4;0.4_0;0;0_0;0;0_-100;2;5475_-100;2;5475_-100;2;5475,28.3890410958904,Prevalence,0.00683202357102155
NbyGQVwzFc_loc12_loop6,12,ITN 0%/IRS 0%/Larvicide 0%,0;0.4;0.4_0;0;0_0;0;0_-100;2;5475_-100;2;5475_-100;2;5475,28.3917808219178,Prevalence,0.00683235873927361
NbyGQVwzFc_loc12_loop6,12,ITN 0%/IRS 0%/Larvicide 0%,0;0.4;0.4_0;0;0_0;0;0_-100;2;5475_-100;2;5475_-100;2;5475,28.3945205479452,Prevalence,0.00683270406477697
NbyGQVwzFc_loc12_loop6,12,ITN 0%/IRS 0%/Larvicide 0%,0;0.4;0.4_0;0;0_0;0;0_-100;2;5475_-100;2;5475_-100;2;5475,28.3972602739726,Prevalence,0.00683305952484292
NbyGQVwzFc_loc12_loop6,12,ITN 0%/IRS 0%/Larvicide 0%,0;0.4;0.4_0;0;0_0;0;0_-100;2;5475_-100;2;5475_-100;2;5475,28.4,Prevalence,0.00683342509688752
NbyGQVwzFc_loc12_loop6,12,ITN 0%/IRS 0%/Larvicide 0%,0;0.4;0.4_0;0;0_0;0;0_-100;2;5475_-100;2;5475_-100;2;5475,28.4027397260274,Prevalence,0.00683380075843098
NbyGQVwzFc_loc12_loop6,12,ITN 0%/IRS 0%/Larvicide 0%,0;0.4;0.4_0;0;0_0;0;0_-100;2;5475_-100;2;5475_-100;2;5475,28.4054794520548,Prevalence,0.00683418648709701
NbyGQVwzFc_loc12_loop6,12,ITN 0%/IRS 0%/Larvicide 0%,0;0.4;0.4_0;0;0_0;0;0_-100;2;5475_-100;2;5475_-100;2;5475,28.4082191780822,Prevalence,0.00683458226061213
NbyGQVwzFc_loc12_loop6,12,ITN 0%/IRS 0%/Larvicide 0%,0;0.4;0.4_0;0;0_0;0;0_-100;2;5475_-100;2;5475_-100;2;5475,28.4109589041096,Prevalence,0.00683498805680512
NbyGQVwzFc_loc12_loop6,12,ITN 0%/IRS 0%/Larvicide 0%,0;0.4;0.4_0;0;0_0;0;0_-100;2;5475_-100;2;5475_-100;2;5475,28.413698630137,Prevalence,0.00683540385360629
NbyGQVwzFc_loc12_loop6,12,ITN 0%/IRS 0%/Larvicide 0%,0;0.4;0.4_0;0;0_0;0;0_-100;2;5475_-100;2;5475_-100;2;5475,28.4164383561644,Prevalence,0.00683582962904691
NbyGQVwzFc_loc12_loop6,12,ITN 0%/IRS 0%/Larvicide 0%,0;0.4;0.4_0;0;0_0;0;0_-100;2;5475_-100;2;5475_-100;2;5475,28.4191780821918,Prevalence,0.00683626536125856
NbyGQVwzFc_loc12_loop6,12,ITN 0%/IRS 0%/Larvicide 0%,0;0.4;0.4_0;0;0_0;0;0_-100;2;5475_-100;2;5475_-100;2;5475,28.4219178082192,Prevalence,0.00683671102847252
NbyGQVwzFc_loc12_loop6,12,ITN 0%/IRS 0%/Larvicide 0%,0;0.4;0.4_0;0;0_0;0;0_-100;2;5475_-100;2;5475_-100;2;5475,28.4246575342466,Prevalence,0.00683716660901909
NbyGQVwzFc_loc12_loop6,12,ITN 0%/IRS 0%/Larvicide 0%,0;0.4;0.4_0;0;0_0;0;0_-100;2;5475_-100;2;5475_-100;2;5475,28.427397260274,Prevalence,0.00683763208132711
NbyGQVwzFc_loc12_loop6,12,ITN 0%/IRS 0%/Larvicide 0%,0;0.4;0.4_0;0;0_0;0;0_-100;2;5475_-100;2;5475_-100;2;5475,28.4301369863014,Prevalence,0.00683810742392319
NbyGQVwzFc_loc12_loop6,12,ITN 0%/IRS 0%/Larvicide 0%,0;0.4;0.4_0;0;0_0;0;0_-100;2;5475_-100;2;5475_-100;2;5475,28.4328767123288,Prevalence,0.00683859261543122
NbyGQVwzFc_loc12_loop6,12,ITN 0%/IRS 0%/Larvicide 0%,0;0.4;0.4_0;0;0_0;0;0_-100;2;5475_-100;2;5475_-100;2;5475,28.4356164383562,Prevalence,0.00683908763457174
NbyGQVwzFc_loc12_loop6,12,ITN 0%/IRS 0%/Larvicide 0%,0;0.4;0.4_0;0;0_0;0;0_-100;2;5475_-100;2;5475_-100;2;5475,28.4383561643836,Prevalence,0.00683959246016168
NbyGQVwzFc_loc12_loop6,12,ITN 0%/IRS 0%/Larvicide 0%,0;0.4;0.4_0;0;0_0;0;0_-100;2;5475_-100;2;5475_-100;2;5475,28.441095890411,Prevalence,0.00684010707111316
NbyGQVwzFc_loc12_loop6,12,ITN 0%/IRS 0%/Larvicide 0%,0;0.4;0.4_0;0;0_0;0;0_-100;2;5475_-100;2;5475_-100;2;5475,28.4438356164384,Prevalence,0.0068406314464331
NbyGQVwzFc_loc12_loop6,12,ITN 0%/IRS 0%/Larvicide 0%,0;0.4;0.4_0;0;0_0;0;0_-100;2;5475_-100;2;5475_-100;2;5475,28.4465753424658,Prevalence,0.00684116556522265
NbyGQVwzFc_loc12_loop6,12,ITN 0%/IRS 0%/Larvicide 0%,0;0.4;0.4_0;0;0_0;0;0_-100;2;5475_-100;2;5475_-100;2;5475,28.4493150684932,Prevalence,0.00684170940667662
NbyGQVwzFc_loc12_loop6,12,ITN 0%/IRS 0%/Larvicide 0%,0;0.4;0.4_0;0;0_0;0;0_-100;2;5475_-100;2;5475_-100;2;5475,28.4520547945206,Prevalence,0.0068422629500829
NbyGQVwzFc_loc12_loop6,12,ITN 0%/IRS 0%/Larvicide 0%,0;0.4;0.4_0;0;0_0;0;0_-100;2;5475_-100;2;5475_-100;2;5475,28.4547945205479,Prevalence,0.00684282617482187
NbyGQVwzFc_loc12_loop6,12,ITN 0%/IRS 0%/Larvicide 0%,0;0.4;0.4_0;0;0_0;0;0_-100;2;5475_-100;2;5475_-100;2;5475,28.4575342465753,Prevalence,0.00684339906036583
NbyGQVwzFc_loc12_loop6,12,ITN 0%/IRS 0%/Larvicide 0%,0;0.4;0.4_0;0;0_0;0;0_-100;2;5475_-100;2;5475_-100;2;5475,28.4602739726027,Prevalence,0.00684398158627846
NbyGQVwzFc_loc12_loop6,12,ITN 0%/IRS 0%/Larvicide 0%,0;0.4;0.4_0;0;0_0;0;0_-100;2;5475_-100;2;5475_-100;2;5475,28.4630136986301,Prevalence,0.00684457373221416
NbyGQVwzFc_loc12_loop6,12,ITN 0%/IRS 0%/Larvicide 0%,0;0.4;0.4_0;0;0_0;0;0_-100;2;5475_-100;2;5475_-100;2;5475,28.4657534246575,Prevalence,0.00684517547791758
NbyGQVwzFc_loc12_loop6,12,ITN 0%/IRS 0%/Larvicide 0%,0;0.4;0.4_0;0;0_0;0;0_-100;2;5475_-100;2;5475_-100;2;5475,28.4684931506849,Prevalence,0.00684578680322304
NbyGQVwzFc_loc12_loop6,12,ITN 0%/IRS 0%/Larvicide 0%,0;0.4;0.4_0;0;0_0;0;0_-100;2;5475_-100;2;5475_-100;2;5475,28.4712328767123,Prevalence,0.00684640768805394
NbyGQVwzFc_loc12_loop6,12,ITN 0%/IRS 0%/Larvicide 0%,0;0.4;0.4_0;0;0_0;0;0_-100;2;5475_-100;2;5475_-100;2;5475,28.4739726027397,Prevalence,0.00684703811242221
NbyGQVwzFc_loc12_loop6,12,ITN 0%/IRS 0%/Larvicide 0%,0;0.4;0.4_0;0;0_0;0;0_-100;2;5475_-100;2;5475_-100;2;5475,28.4767123287671,Prevalence,0.00684767805642778
NbyGQVwzFc_loc12_loop6,12,ITN 0%/IRS 0%/Larvicide 0%,0;0.4;0.4_0;0;0_0;0;0_-100;2;5475_-100;2;5475_-100;2;5475,28.4794520547945,Prevalence,0.00684832750025804
NbyGQVwzFc_loc12_loop6,12,ITN 0%/IRS 0%/Larvicide 0%,0;0.4;0.4_0;0;0_0;0;0_-100;2;5475_-100;2;5475_-100;2;5475,28.4821917808219,Prevalence,0.00684898642418726
NbyGQVwzFc_loc12_loop6,12,ITN 0%/IRS 0%/Larvicide 0%,0;0.4;0.4_0;0;0_0;0;0_-100;2;5475_-100;2;5475_-100;2;5475,28.4849315068493,Prevalence,0.00684965480857606
NbyGQVwzFc_loc12_loop6,12,ITN 0%/IRS 0%/Larvicide 0%,0;0.4;0.4_0;0;0_0;0;0_-100;2;5475_-100;2;5475_-100;2;5475,28.4876712328767,Prevalence,0.00685033263387091
NbyGQVwzFc_loc12_loop6,12,ITN 0%/IRS 0%/Larvicide 0%,0;0.4;0.4_0;0;0_0;0;0_-100;2;5475_-100;2;5475_-100;2;5475,28.4904109589041,Prevalence,0.00685101988060353
NbyGQVwzFc_loc12_loop6,12,ITN 0%/IRS 0%/Larvicide 0%,0;0.4;0.4_0;0;0_0;0;0_-100;2;5475_-100;2;5475_-100;2;5475,28.4931506849315,Prevalence,0.00685171652939043
NbyGQVwzFc_loc12_loop6,12,ITN 0%/IRS 0%/Larvicide 0%,0;0.4;0.4_0;0;0_0;0;0_-100;2;5475_-100;2;5475_-100;2;5475,28.4958904109589,Prevalence,0.00685242256093231
NbyGQVwzFc_loc12_loop6,12,ITN 0%/IRS 0%/Larvicide 0%,0;0.4;0.4_0;0;0_0;0;0_-100;2;5475_-100;2;5475_-100;2;5475,28.4986301369863,Prevalence,0.00685313795601361
NbyGQVwzFc_loc12_loop6,12,ITN 0%/IRS 0%/Larvicide 0%,0;0.4;0.4_0;0;0_0;0;0_-100;2;5475_-100;2;5475_-100;2;5475,28.5013698630137,Prevalence,0.00685386269550191
NbyGQVwzFc_loc12_loop6,12,ITN 0%/IRS 0%/Larvicide 0%,0;0.4;0.4_0;0;0_0;0;0_-100;2;5475_-100;2;5475_-100;2;5475,28.5041095890411,Prevalence,0.00685459676034748
NbyGQVwzFc_loc12_loop6,12,ITN 0%/IRS 0%/Larvicide 0%,0;0.4;0.4_0;0;0_0;0;0_-100;2;5475_-100;2;5475_-100;2;5475,28.5068493150685,Prevalence,0.0068553401315829
NbyGQVwzFc_loc12_loop6,12,ITN 0%/IRS 0%/Larvicide 0%,0;0.4;0.4_0;0;0_0;0;0_-100;2;5475_-100;2;5475_-100;2;5475,28.5095890410959,Prevalence,0.00685609279032255
NbyGQVwzFc_loc12_loop6,12,ITN 0%/IRS 0%/Larvicide 0%,0;0.4;0.4_0;0;0_0;0;0_-100;2;5475_-100;2;5475_-100;2;5475,28.5123287671233,Prevalence,0.0068568547177617
NbyGQVwzFc_loc12_loop6,12,ITN 0%/IRS 0%/Larvicide 0%,0;0.4;0.4_0;0;0_0;0;0_-100;2;5475_-100;2;5475_-100;2;5475,28.5150684931507,Prevalence,0.00685762589517619
NbyGQVwzFc_loc12_loop6,12,ITN 0%/IRS 0%/Larvicide 0%,0;0.4;0.4_0;0;0_0;0;0_-100;2;5475_-100;2;5475_-100;2;5475,28.5178082191781,Prevalence,0.00685840630392202
NbyGQVwzFc_loc12_loop6,12,ITN 0%/IRS 0%/Larvicide 0%,0;0.4;0.4_0;0;0_0;0;0_-100;2;5475_-100;2;5475_-100;2;5475,28.5205479452055,Prevalence,0.00685919592543478
NbyGQVwzFc_loc12_loop6,12,ITN 0%/IRS 0%/Larvicide 0%,0;0.4;0.4_0;0;0_0;0;0_-100;2;5475_-100;2;5475_-100;2;5475,28.5232876712329,Prevalence,0.00685999474122915
NbyGQVwzFc_loc12_loop6,12,ITN 0%/IRS 0%/Larvicide 0%,0;0.4;0.4_0;0;0_0;0;0_-100;2;5475_-100;2;5475_-100;2;5475,28.5260273972603,Prevalence,0.00686080273289848
NbyGQVwzFc_loc12_loop6,12,ITN 0%/IRS 0%/Larvicide 0%,0;0.4;0.4_0;0;0_0;0;0_-100;2;5475_-100;2;5475_-100;2;5475,28.5287671232877,Prevalence,0.00686161988211422
NbyGQVwzFc_loc12_loop6,12,ITN 0%/IRS 0%/Larvicide 0%,0;0.4;0.4_0;0;0_0;0;0_-100;2;5475_-100;2;5475_-100;2;5475,28.5315068493151,Prevalence,0.00686244617062546
NbyGQVwzFc_loc12_loop6,12,ITN 0%/IRS 0%/Larvicide 0%,0;0.4;0.4_0;0;0_0;0;0_-100;2;5475_-100;2;5475_-100;2;5475,28.5342465753425,Prevalence,0.00686328158025847
NbyGQVwzFc_loc12_loop6,12,ITN 0%/IRS 0%/Larvicide 0%,0;0.4;0.4_0;0;0_0;0;0_-100;2;5475_-100;2;5475_-100;2;5475,28.5369863013699,Prevalence,0.00686412609291618
NbyGQVwzFc_loc12_loop6,12,ITN 0%/IRS 0%/Larvicide 0%,0;0.4;0.4_0;0;0_0;0;0_-100;2;5475_-100;2;5475_-100;2;5475,28.5397260273973,Prevalence,0.00686497969057775
NbyGQVwzFc_loc12_loop6,12,ITN 0%/IRS 0%/Larvicide 0%,0;0.4;0.4_0;0;0_0;0;0_-100;2;5475_-100;2;5475_-100;2;5475,28.5424657534247,Prevalence,0.006865842355298
NbyGQVwzFc_loc12_loop6,12,ITN 0%/IRS 0%/Larvicide 0%,0;0.4;0.4_0;0;0_0;0;0_-100;2;5475_-100;2;5475_-100;2;5475,28.5452054794521,Prevalence,0.00686671406920706
NbyGQVwzFc_loc12_loop6,12,ITN 0%/IRS 0%/Larvicide 0%,0;0.4;0.4_0;0;0_0;0;0_-100;2;5475_-100;2;5475_-100;2;5475,28.5479452054795,Prevalence,0.00686759481450981
NbyGQVwzFc_loc12_loop6,12,ITN 0%/IRS 0%/Larvicide 0%,0;0.4;0.4_0;0;0_0;0;0_-100;2;5475_-100;2;5475_-100;2;5475,28.5506849315069,Prevalence,0.00686848457348545
NbyGQVwzFc_loc12_loop6,12,ITN 0%/IRS 0%/Larvicide 0%,0;0.4;0.4_0;0;0_0;0;0_-100;2;5475_-100;2;5475_-100;2;5475,28.5534246575343,Prevalence,0.00686938332848701
NbyGQVwzFc_loc12_loop6,12,ITN 0%/IRS 0%/Larvicide 0%,0;0.4;0.4_0;0;0_0;0;0_-100;2;5475_-100;2;5475_-100;2;5475,28.5561643835616,Prevalence,0.00687029106194094
NbyGQVwzFc_loc12_loop6,12,ITN 0%/IRS 0%/Larvicide 0%,0;0.4;0.4_0;0;0_0;0;0_-100;2;5475_-100;2;5475_-100;2;5475,28.558904109589,Prevalence,0.00687120775634658
NbyGQVwzFc_loc12_loop6,12,ITN 0%/IRS 0%/Larvicide 0%,0;0.4;0.4_0;0;0_0;0;0_-100;2;5475_-100;2;5475_-100;2;5475,28.5616438356164,Prevalence,0.00687213339427575
NbyGQVwzFc_loc12_loop6,12,ITN 0%/IRS 0%/Larvicide 0%,0;0.4;0.4_0;0;0_0;0;0_-100;2;5475_-100;2;5475_-100;2;5475,28.5643835616438,Prevalence,0.0068730679583723
NbyGQVwzFc_loc12_loop6,12,ITN 0%/IRS 0%/Larvicide 0%,0;0.4;0.4_0;0;0_0;0;0_-100;2;5475_-100;2;5475_-100;2;5475,28.5671232876712,Prevalence,0.00687401143135163
NbyGQVwzFc_loc12_loop6,12,ITN 0%/IRS 0%/Larvicide 0%,0;0.4;0.4_0;0;0_0;0;0_-100;2;5475_-100;2;5475_-100;2;5475,28.5698630136986,Prevalence,0.00687496379600026
NbyGQVwzFc_loc12_loop6,12,ITN 0%/IRS 0%/Larvicide 0%,0;0.4;0.4_0;0;0_0;0;0_-100;2;5475_-100;2;5475_-100;2;5475,28.572602739726,Prevalence,0.00687592503517539
NbyGQVwzFc_loc12_loop6,12,ITN 0%/IRS 0%/Larvicide 0%,0;0.4;0.4_0;0;0_0;0;0_-100;2;5475_-100;2;5475_-100;2;5475,28.5753424657534,Prevalence,0.00687689513180445
NbyGQVwzFc_loc12_loop6,12,ITN 0%/IRS 0%/Larvicide 0%,0;0.4;0.4_0;0;0_0;0;0_-100;2;5475_-100;2;5475_-100;2;5475,28.5780821917808,Prevalence,0.00687787406888465
NbyGQVwzFc_loc12_loop6,12,ITN 0%/IRS 0%/Larvicide 0%,0;0.4;0.4_0;0;0_0;0;0_-100;2;5475_-100;2;5475_-100;2;5475,28.5808219178082,Prevalence,0.00687886182948291
NbyGQVwzFc_loc12_loop6,12,ITN 0%/IRS 0%/Larvicide 0%,0;0.4;0.4_0;0;0_0;0;0_-100;2;5475_-100;2;5475_-100;2;5475,28.5835616438356,Prevalence,0.00687985839673486
NbyGQVwzFc_loc12_loop6,12,ITN 0%/IRS 0%/Larvicide 0%,0;0.4;0.4_0;0;0_0;0;0_-100;2;5475_-100;2;5475_-100;2;5475,28.586301369863,Prevalence,0.00688086375384452
NbyGQVwzFc_loc12_loop6,12,ITN 0%/IRS 0%/Larvicide 0%,0;0.4;0.4_0;0;0_0;0;0_-100;2;5475_-100;2;5475_-100;2;5475,28.5890410958904,Prevalence,0.00688187788408392
NbyGQVwzFc_loc12_loop6,12,ITN 0%/IRS 0%/Larvicide 0%,0;0.4;0.4_0;0;0_0;0;0_-100;2;5475_-100;2;5475_-100;2;5475,28.5917808219178,Prevalence,0.00688290077079278
NbyGQVwzFc_loc12_loop6,12,ITN 0%/IRS 0%/Larvicide 0%,0;0.4;0.4_0;0;0_0;0;0_-100;2;5475_-100;2;5475_-100;2;5475,28.5945205479452,Prevalence,0.00688393239737794
NbyGQVwzFc_loc12_loop6,12,ITN 0%/IRS 0%/Larvicide 0%,0;0.4;0.4_0;0;0_0;0;0_-100;2;5475_-100;2;5475_-100;2;5475,28.5972602739726,Prevalence,0.00688497274731309
NbyGQVwzFc_loc12_loop6,12,ITN 0%/IRS 0%/Larvicide 0%,0;0.4;0.4_0;0;0_0;0;0_-100;2;5475_-100;2;5475_-100;2;5475,28.6,Prevalence,0.00688602180413822
NbyGQVwzFc_loc12_loop6,12,ITN 0%/IRS 0%/Larvicide 0%,0;0.4;0.4_0;0;0_0;0;0_-100;2;5475_-100;2;5475_-100;2;5475,28.6027397260274,Prevalence,0.00688707955145929
NbyGQVwzFc_loc12_loop6,12,ITN 0%/IRS 0%/Larvicide 0%,0;0.4;0.4_0;0;0_0;0;0_-100;2;5475_-100;2;5475_-100;2;5475,28.6054794520548,Prevalence,0.00688814597294779
NbyGQVwzFc_loc12_loop6,12,ITN 0%/IRS 0%/Larvicide 0%,0;0.4;0.4_0;0;0_0;0;0_-100;2;5475_-100;2;5475_-100;2;5475,28.6082191780822,Prevalence,0.00688922105234031
NbyGQVwzFc_loc12_loop6,12,ITN 0%/IRS 0%/Larvicide 0%,0;0.4;0.4_0;0;0_0;0;0_-100;2;5475_-100;2;5475_-100;2;5475,28.6109589041096,Prevalence,0.00689030477343814
NbyGQVwzFc_loc12_loop6,12,ITN 0%/IRS 0%/Larvicide 0%,0;0.4;0.4_0;0;0_0;0;0_-100;2;5475_-100;2;5475_-100;2;5475,28.613698630137,Prevalence,0.00689139712010689
NbyGQVwzFc_loc12_loop6,12,ITN 0%/IRS 0%/Larvicide 0%,0;0.4;0.4_0;0;0_0;0;0_-100;2;5475_-100;2;5475_-100;2;5475,28.6164383561644,Prevalence,0.00689249807627605
NbyGQVwzFc_loc12_loop6,12,ITN 0%/IRS 0%/Larvicide 0%,0;0.4;0.4_0;0;0_0;0;0_-100;2;5475_-100;2;5475_-100;2;5475,28.6191780821918,Prevalence,0.00689360762593858
NbyGQVwzFc_loc12_loop6,12,ITN 0%/IRS 0%/Larvicide 0%,0;0.4;0.4_0;0;0_0;0;0_-100;2;5475_-100;2;5475_-100;2;5475,28.6219178082192,Prevalence,0.00689472575315057
NbyGQVwzFc_loc12_loop6,12,ITN 0%/IRS 0%/Larvicide 0%,0;0.4;0.4_0;0;0_0;0;0_-100;2;5475_-100;2;5475_-100;2;5475,28.6246575342466,Prevalence,0.00689585244203078
NbyGQVwzFc_loc12_loop6,12,ITN 0%/IRS 0%/Larvicide 0%,0;0.4;0.4_0;0;0_0;0;0_-100;2;5475_-100;2;5475_-100;2;5475,28.627397260274,Prevalence,0.00689698767676027
NbyGQVwzFc_loc12_loop6,12,ITN 0%/IRS 0%/Larvicide 0%,0;0.4;0.4_0;0;0_0;0;0_-100;2;5475_-100;2;5475_-100;2;5475,28.6301369863014,Prevalence,0.00689813144158201
NbyGQVwzFc_loc12_loop6,12,ITN 0%/IRS 0%/Larvicide 0%,0;0.4;0.4_0;0;0_0;0;0_-100;2;5475_-100;2;5475_-100;2;5475,28.6328767123288,Prevalence,0.00689928372080048
NbyGQVwzFc_loc12_loop6,12,ITN 0%/IRS 0%/Larvicide 0%,0;0.4;0.4_0;0;0_0;0;0_-100;2;5475_-100;2;5475_-100;2;5475,28.6356164383562,Prevalence,0.00690044449878129
NbyGQVwzFc_loc12_loop6,12,ITN 0%/IRS 0%/Larvicide 0%,0;0.4;0.4_0;0;0_0;0;0_-100;2;5475_-100;2;5475_-100;2;5475,28.6383561643836,Prevalence,0.0069016137599508
NbyGQVwzFc_loc12_loop6,12,ITN 0%/IRS 0%/Larvicide 0%,0;0.4;0.4_0;0;0_0;0;0_-100;2;5475_-100;2;5475_-100;2;5475,28.641095890411,Prevalence,0.00690279148879571
NbyGQVwzFc_loc12_loop6,12,ITN 0%/IRS 0%/Larvicide 0%,0;0.4;0.4_0;0;0_0;0;0_-100;2;5475_-100;2;5475_-100;2;5475,28.6438356164384,Prevalence,0.00690397766986272
NbyGQVwzFc_loc12_loop6,12,ITN 0%/IRS 0%/Larvicide 0%,0;0.4;0.4_0;0;0_0;0;0_-100;2;5475_-100;2;5475_-100;2;5475,28.6465753424658,Prevalence,0.00690517228775809
NbyGQVwzFc_loc12_loop6,12,ITN 0%/IRS 0%/Larvicide 0%,0;0.4;0.4_0;0;0_0;0;0_-100;2;5475_-100;2;5475_-100;2;5475,28.6493150684932,Prevalence,0.00690637532714734
NbyGQVwzFc_loc12_loop6,12,ITN 0%/IRS 0%/Larvicide 0%,0;0.4;0.4_0;0;0_0;0;0_-100;2;5475_-100;2;5475_-100;2;5475,28.6520547945206,Prevalence,0.00690758677275481
NbyGQVwzFc_loc12_loop6,12,ITN 0%/IRS 0%/Larvicide 0%,0;0.4;0.4_0;0;0_0;0;0_-100;2;5475_-100;2;5475_-100;2;5475,28.6547945205479,Prevalence,0.0069088066093635
NbyGQVwzFc_loc12_loop6,12,ITN 0%/IRS 0%/Larvicide 0%,0;0.4;0.4_0;0;0_0;0;0_-100;2;5475_-100;2;5475_-100;2;5475,28.6575342465753,Prevalence,0.00691003482181462
NbyGQVwzFc_loc12_loop6,12,ITN 0%/IRS 0%/Larvicide 0%,0;0.4;0.4_0;0;0_0;0;0_-100;2;5475_-100;2;5475_-100;2;5475,28.6602739726027,Prevalence,0.00691127139500685
NbyGQVwzFc_loc12_loop6,12,ITN 0%/IRS 0%/Larvicide 0%,0;0.4;0.4_0;0;0_0;0;0_-100;2;5475_-100;2;5475_-100;2;5475,28.6630136986301,Prevalence,0.00691251631389623
NbyGQVwzFc_loc12_loop6,12,ITN 0%/IRS 0%/Larvicide 0%,0;0.4;0.4_0;0;0_0;0;0_-100;2;5475_-100;2;5475_-100;2;5475,28.6657534246575,Prevalence,0.00691376956349579
NbyGQVwzFc_loc12_loop6,12,ITN 0%/IRS 0%/Larvicide 0%,0;0.4;0.4_0;0;0_0;0;0_-100;2;5475_-100;2;5475_-100;2;5475,28.6684931506849,Prevalence,0.00691503112887524
NbyGQVwzFc_loc12_loop6,12,ITN 0%/IRS 0%/Larvicide 0%,0;0.4;0.4_0;0;0_0;0;0_-100;2;5475_-100;2;5475_-100;2;5475,28.6712328767123,Prevalence,0.00691630099516051
NbyGQVwzFc_loc12_loop6,12,ITN 0%/IRS 0%/Larvicide 0%,0;0.4;0.4_0;0;0_0;0;0_-100;2;5475_-100;2;5475_-100;2;5475,28.6739726027397,Prevalence,0.00691757914753351
NbyGQVwzFc_loc12_loop6,12,ITN 0%/IRS 0%/Larvicide 0%,0;0.4;0.4_0;0;0_0;0;0_-100;2;5475_-100;2;5475_-100;2;5475,28.6767123287671,Prevalence,0.00691886557123169
NbyGQVwzFc_loc12_loop6,12,ITN 0%/IRS 0%/Larvicide 0%,0;0.4;0.4_0;0;0_0;0;0_-100;2;5475_-100;2;5475_-100;2;5475,28.6794520547945,Prevalence,0.00692016025154772
NbyGQVwzFc_loc12_loop6,12,ITN 0%/IRS 0%/Larvicide 0%,0;0.4;0.4_0;0;0_0;0;0_-100;2;5475_-100;2;5475_-100;2;5475,28.6821917808219,Prevalence,0.00692146317382913
NbyGQVwzFc_loc12_loop6,12,ITN 0%/IRS 0%/Larvicide 0%,0;0.4;0.4_0;0;0_0;0;0_-100;2;5475_-100;2;5475_-100;2;5475,28.6849315068493,Prevalence,0.00692277432347797
NbyGQVwzFc_loc12_loop6,12,ITN 0%/IRS 0%/Larvicide 0%,0;0.4;0.4_0;0;0_0;0;0_-100;2;5475_-100;2;5475_-100;2;5475,28.6876712328767,Prevalence,0.00692409368595047
NbyGQVwzFc_loc12_loop6,12,ITN 0%/IRS 0%/Larvicide 0%,0;0.4;0.4_0;0;0_0;0;0_-100;2;5475_-100;2;5475_-100;2;5475,28.6904109589041,Prevalence,0.00692542124675668
NbyGQVwzFc_loc12_loop6,12,ITN 0%/IRS 0%/Larvicide 0%,0;0.4;0.4_0;0;0_0;0;0_-100;2;5475_-100;2;5475_-100;2;5475,28.6931506849315,Prevalence,0.00692675699146011
NbyGQVwzFc_loc12_loop6,12,ITN 0%/IRS 0%/Larvicide 0%,0;0.4;0.4_0;0;0_0;0;0_-100;2;5475_-100;2;5475_-100;2;5475,28.6958904109589,Prevalence,0.00692810090567744
NbyGQVwzFc_loc12_loop6,12,ITN 0%/IRS 0%/Larvicide 0%,0;0.4;0.4_0;0;0_0;0;0_-100;2;5475_-100;2;5475_-100;2;5475,28.6986301369863,Prevalence,0.00692945297507813
NbyGQVwzFc_loc12_loop6,12,ITN 0%/IRS 0%/Larvicide 0%,0;0.4;0.4_0;0;0_0;0;0_-100;2;5475_-100;2;5475_-100;2;5475,28.7013698630137,Prevalence,0.00693081318538413
NbyGQVwzFc_loc12_loop6,12,ITN 0%/IRS 0%/Larvicide 0%,0;0.4;0.4_0;0;0_0;0;0_-100;2;5475_-100;2;5475_-100;2;5475,28.7041095890411,Prevalence,0.00693218152236948
NbyGQVwzFc_loc12_loop6,12,ITN 0%/IRS 0%/Larvicide 0%,0;0.4;0.4_0;0;0_0;0;0_-100;2;5475_-100;2;5475_-100;2;5475,28.7068493150685,Prevalence,0.00693355797186006
NbyGQVwzFc_loc12_loop6,12,ITN 0%/IRS 0%/Larvicide 0%,0;0.4;0.4_0;0;0_0;0;0_-100;2;5475_-100;2;5475_-100;2;5475,28.7095890410959,Prevalence,0.0069349425197332
NbyGQVwzFc_loc12_loop6,12,ITN 0%/IRS 0%/Larvicide 0%,0;0.4;0.4_0;0;0_0;0;0_-100;2;5475_-100;2;5475_-100;2;5475,28.7123287671233,Prevalence,0.00693633515191734
NbyGQVwzFc_loc12_loop6,12,ITN 0%/IRS 0%/Larvicide 0%,0;0.4;0.4_0;0;0_0;0;0_-100;2;5475_-100;2;5475_-100;2;5475,28.7150684931507,Prevalence,0.00693773585439178
NbyGQVwzFc_loc12_loop6,12,ITN 0%/IRS 0%/Larvicide 0%,0;0.4;0.4_0;0;0_0;0;0_-100;2;5475_-100;2;5475_-100;2;5475,28.7178082191781,Prevalence,0.00693914461318627
NbyGQVwzFc_loc12_loop6,12,ITN 0%/IRS 0%/Larvicide 0%,0;0.4;0.4_0;0;0_0;0;0_-100;2;5475_-100;2;5475_-100;2;5475,28.7205479452055,Prevalence,0.00694056141438073
NbyGQVwzFc_loc12_loop6,12,ITN 0%/IRS 0%/Larvicide 0%,0;0.4;0.4_0;0;0_0;0;0_-100;2;5475_-100;2;5475_-100;2;5475,28.7232876712329,Prevalence,0.00694198624410493
NbyGQVwzFc_loc12_loop6,12,ITN 0%/IRS 0%/Larvicide 0%,0;0.4;0.4_0;0;0_0;0;0_-100;2;5475_-100;2;5475_-100;2;5475,28.7260273972603,Prevalence,0.00694341908853815
NbyGQVwzFc_loc12_loop6,12,ITN 0%/IRS 0%/Larvicide 0%,0;0.4;0.4_0;0;0_0;0;0_-100;2;5475_-100;2;5475_-100;2;5475,28.7287671232877,Prevalence,0.00694485993390887
NbyGQVwzFc_loc12_loop6,12,ITN 0%/IRS 0%/Larvicide 0%,0;0.4;0.4_0;0;0_0;0;0_-100;2;5475_-100;2;5475_-100;2;5475,28.7315068493151,Prevalence,0.00694630876649451
NbyGQVwzFc_loc12_loop6,12,ITN 0%/IRS 0%/Larvicide 0%,0;0.4;0.4_0;0;0_0;0;0_-100;2;5475_-100;2;5475_-100;2;5475,28.7342465753425,Prevalence,0.00694776557262135
NbyGQVwzFc_loc12_loop6,12,ITN 0%/IRS 0%/Larvicide 0%,0;0.4;0.4_0;0;0_0;0;0_-100;2;5475_-100;2;5475_-100;2;5475,28.7369863013699,Prevalence,0.00694923033866362
NbyGQVwzFc_loc12_loop6,12,ITN 0%/IRS 0%/Larvicide 0%,0;0.4;0.4_0;0;0_0;0;0_-100;2;5475_-100;2;5475_-100;2;5475,28.7397260273973,Prevalence,0.00695070305104347
NbyGQVwzFc_loc12_loop6,12,ITN 0%/IRS 0%/Larvicide 0%,0;0.4;0.4_0;0;0_0;0;0_-100;2;5475_-100;2;5475_-100;2;5475,28.7424657534247,Prevalence,0.00695218369623067
NbyGQVwzFc_loc12_loop6,12,ITN 0%/IRS 0%/Larvicide 0%,0;0.4;0.4_0;0;0_0;0;0_-100;2;5475_-100;2;5475_-100;2;5475,28.7452054794521,Prevalence,0.00695367226074233
NbyGQVwzFc_loc12_loop6,12,ITN 0%/IRS 0%/Larvicide 0%,0;0.4;0.4_0;0;0_0;0;0_-100;2;5475_-100;2;5475_-100;2;5475,28.7479452054795,Prevalence,0.00695516873114259
NbyGQVwzFc_loc12_loop6,12,ITN 0%/IRS 0%/Larvicide 0%,0;0.4;0.4_0;0;0_0;0;0_-100;2;5475_-100;2;5475_-100;2;5475,28.7506849315069,Prevalence,0.00695667309404229
NbyGQVwzFc_loc12_loop6,12,ITN 0%/IRS 0%/Larvicide 0%,0;0.4;0.4_0;0;0_0;0;0_-100;2;5475_-100;2;5475_-100;2;5475,28.7534246575343,Prevalence,0.00695818533609872
NbyGQVwzFc_loc12_loop6,12,ITN 0%/IRS 0%/Larvicide 0%,0;0.4;0.4_0;0;0_0;0;0_-100;2;5475_-100;2;5475_-100;2;5475,28.7561643835616,Prevalence,0.00695970544401527
NbyGQVwzFc_loc12_loop6,12,ITN 0%/IRS 0%/Larvicide 0%,0;0.4;0.4_0;0;0_0;0;0_-100;2;5475_-100;2;5475_-100;2;5475,28.758904109589,Prevalence,0.00696123340454118
NbyGQVwzFc_loc12_loop6,12,ITN 0%/IRS 0%/Larvicide 0%,0;0.4;0.4_0;0;0_0;0;0_-100;2;5475_-100;2;5475_-100;2;5475,28.7616438356164,Prevalence,0.00696276920447119
NbyGQVwzFc_loc12_loop6,12,ITN 0%/IRS 0%/Larvicide 0%,0;0.4;0.4_0;0;0_0;0;0_-100;2;5475_-100;2;5475_-100;2;5475,28.7643835616438,Prevalence,0.00696431283064528
NbyGQVwzFc_loc12_loop6,12,ITN 0%/IRS 0%/Larvicide 0%,0;0.4;0.4_0;0;0_0;0;0_-100;2;5475_-100;2;5475_-100;2;5475,28.7671232876712,Prevalence,0.00696586426994839
NbyGQVwzFc_loc12_loop6,12,ITN 0%/IRS 0%/Larvicide 0%,0;0.4;0.4_0;0;0_0;0;0_-100;2;5475_-100;2;5475_-100;2;5475,28.7698630136986,Prevalence,0.00696742350931007
NbyGQVwzFc_loc12_loop6,12,ITN 0%/IRS 0%/Larvicide 0%,0;0.4;0.4_0;0;0_0;0;0_-100;2;5475_-100;2;5475_-100;2;5475,28.772602739726,Prevalence,0.00696899053570428
NbyGQVwzFc_loc12_loop6,12,ITN 0%/IRS 0%/Larvicide 0%,0;0.4;0.4_0;0;0_0;0;0_-100;2;5475_-100;2;5475_-100;2;5475,28.7753424657534,Prevalence,0.00697056533614901
NbyGQVwzFc_loc12_loop6,12,ITN 0%/IRS 0%/Larvicide 0%,0;0.4;0.4_0;0;0_0;0;0_-100;2;5475_-100;2;5475_-100;2;5475,28.7780821917808,Prevalence,0.00697214789770606
NbyGQVwzFc_loc12_loop6,12,ITN 0%/IRS 0%/Larvicide 0%,0;0.4;0.4_0;0;0_0;0;0_-100;2;5475_-100;2;5475_-100;2;5475,28.7808219178082,Prevalence,0.00697373820748071
NbyGQVwzFc_loc12_loop6,12,ITN 0%/IRS 0%/Larvicide 0%,0;0.4;0.4_0;0;0_0;0;0_-100;2;5475_-100;2;5475_-100;2;5475,28.7835616438356,Prevalence,0.00697533625262149
NbyGQVwzFc_loc12_loop6,12,ITN 0%/IRS 0%/Larvicide 0%,0;0.4;0.4_0;0;0_0;0;0_-100;2;5475_-100;2;5475_-100;2;5475,28.786301369863,Prevalence,0.00697694202031983
NbyGQVwzFc_loc12_loop6,12,ITN 0%/IRS 0%/Larvicide 0%,0;0.4;0.4_0;0;0_0;0;0_-100;2;5475_-100;2;5475_-100;2;5475,28.7890410958904,Prevalence,0.00697855549780984
NbyGQVwzFc_loc12_loop6,12,ITN 0%/IRS 0%/Larvicide 0%,0;0.4;0.4_0;0;0_0;0;0_-100;2;5475_-100;2;5475_-100;2;5475,28.7917808219178,Prevalence,0.00698017667236801
NbyGQVwzFc_loc12_loop6,12,ITN 0%/IRS 0%/Larvicide 0%,0;0.4;0.4_0;0;0_0;0;0_-100;2;5475_-100;2;5475_-100;2;5475,28.7945205479452,Prevalence,0.00698180553131292
NbyGQVwzFc_loc12_loop6,12,ITN 0%/IRS 0%/Larvicide 0%,0;0.4;0.4_0;0;0_0;0;0_-100;2;5475_-100;2;5475_-100;2;5475,28.7972602739726,Prevalence,0.00698344206200499
NbyGQVwzFc_loc12_loop6,12,ITN 0%/IRS 0%/Larvicide 0%,0;0.4;0.4_0;0;0_0;0;0_-100;2;5475_-100;2;5475_-100;2;5475,28.8,Prevalence,0.00698508625184619
NbyGQVwzFc_loc12_loop6,12,ITN 0%/IRS 0%/Larvicide 0%,0;0.4;0.4_0;0;0_0;0;0_-100;2;5475_-100;2;5475_-100;2;5475,28.8027397260274,Prevalence,0.00698673808827978
NbyGQVwzFc_loc12_loop6,12,ITN 0%/IRS 0%/Larvicide 0%,0;0.4;0.4_0;0;0_0;0;0_-100;2;5475_-100;2;5475_-100;2;5475,28.8054794520548,Prevalence,0.00698839755879001
NbyGQVwzFc_loc12_loop6,12,ITN 0%/IRS 0%/Larvicide 0%,0;0.4;0.4_0;0;0_0;0;0_-100;2;5475_-100;2;5475_-100;2;5475,28.8082191780822,Prevalence,0.0069900646509019
NbyGQVwzFc_loc12_loop6,12,ITN 0%/IRS 0%/Larvicide 0%,0;0.4;0.4_0;0;0_0;0;0_-100;2;5475_-100;2;5475_-100;2;5475,28.8109589041096,Prevalence,0.00699173935218094
NbyGQVwzFc_loc12_loop6,12,ITN 0%/IRS 0%/Larvicide 0%,0;0.4;0.4_0;0;0_0;0;0_-100;2;5475_-100;2;5475_-100;2;5475,28.813698630137,Prevalence,0.00699342165023303
NbyGQVwzFc_loc12_loop6,12,ITN 0%/IRS 0%/Larvicide 0%,0;0.4;0.4_0;0;0_0;0;0_-100;2;5475_-100;2;5475_-100;2;5475,28.8164383561644,Prevalence,0.006995111532704
NbyGQVwzFc_loc12_loop6,12,ITN 0%/IRS 0%/Larvicide 0%,0;0.4;0.4_0;0;0_0;0;0_-100;2;5475_-100;2;5475_-100;2;5475,28.8191780821918,Prevalence,0.00699680898727912
NbyGQVwzFc_loc12_loop6,12,ITN 0%/IRS 0%/Larvicide 0%,0;0.4;0.4_0;0;0_0;0;0_-100;2;5475_-100;2;5475_-100;2;5475,28.8219178082192,Prevalence,0.0069985140016831
NbyGQVwzFc_loc12_loop6,12,ITN 0%/IRS 0%/Larvicide 0%,0;0.4;0.4_0;0;0_0;0;0_-100;2;5475_-100;2;5475_-100;2;5475,28.8246575342466,Prevalence,0.00700022656367981
NbyGQVwzFc_loc12_loop6,12,ITN 0%/IRS 0%/Larvicide 0%,0;0.4;0.4_0;0;0_0;0;0_-100;2;5475_-100;2;5475_-100;2;5475,28.827397260274,Prevalence,0.00700194666107204
NbyGQVwzFc_loc12_loop6,12,ITN 0%/IRS 0%/Larvicide 0%,0;0.4;0.4_0;0;0_0;0;0_-100;2;5475_-100;2;5475_-100;2;5475,28.8301369863014,Prevalence,0.0070036742817012
NbyGQVwzFc_loc12_loop6,12,ITN 0%/IRS 0%/Larvicide 0%,0;0.4;0.4_0;0;0_0;0;0_-100;2;5475_-100;2;5475_-100;2;5475,28.8328767123288,Prevalence,0.0070054094134471
NbyGQVwzFc_loc12_loop6,12,ITN 0%/IRS 0%/Larvicide 0%,0;0.4;0.4_0;0;0_0;0;0_-100;2;5475_-100;2;5475_-100;2;5475,28.8356164383562,Prevalence,0.0070071520442277
NbyGQVwzFc_loc12_loop6,12,ITN 0%/IRS 0%/Larvicide 0%,0;0.4;0.4_0;0;0_0;0;0_-100;2;5475_-100;2;5475_-100;2;5475,28.8383561643836,Prevalence,0.00700890216199883
NbyGQVwzFc_loc12_loop6,12,ITN 0%/IRS 0%/Larvicide 0%,0;0.4;0.4_0;0;0_0;0;0_-100;2;5475_-100;2;5475_-100;2;5475,28.841095890411,Prevalence,0.00701065975475396
NbyGQVwzFc_loc12_loop6,12,ITN 0%/IRS 0%/Larvicide 0%,0;0.4;0.4_0;0;0_0;0;0_-100;2;5475_-100;2;5475_-100;2;5475,28.8438356164384,Prevalence,0.00701242481052396
NbyGQVwzFc_loc12_loop6,12,ITN 0%/IRS 0%/Larvicide 0%,0;0.4;0.4_0;0;0_0;0;0_-100;2;5475_-100;2;5475_-100;2;5475,28.8465753424658,Prevalence,0.00701419731737682
NbyGQVwzFc_loc12_loop6,12,ITN 0%/IRS 0%/Larvicide 0%,0;0.4;0.4_0;0;0_0;0;0_-100;2;5475_-100;2;5475_-100;2;5475,28.8493150684932,Prevalence,0.00701597726341743
NbyGQVwzFc_loc12_loop6,12,ITN 0%/IRS 0%/Larvicide 0%,0;0.4;0.4_0;0;0_0;0;0_-100;2;5475_-100;2;5475_-100;2;5475,28.8520547945206,Prevalence,0.00701776463678731
NbyGQVwzFc_loc12_loop6,12,ITN 0%/IRS 0%/Larvicide 0%,0;0.4;0.4_0;0;0_0;0;0_-100;2;5475_-100;2;5475_-100;2;5475,28.8547945205479,Prevalence,0.00701955942566442
NbyGQVwzFc_loc12_loop6,12,ITN 0%/IRS 0%/Larvicide 0%,0;0.4;0.4_0;0;0_0;0;0_-100;2;5475_-100;2;5475_-100;2;5475,28.8575342465753,Prevalence,0.00702136161826284
NbyGQVwzFc_loc12_loop6,12,ITN 0%/IRS 0%/Larvicide 0%,0;0.4;0.4_0;0;0_0;0;0_-100;2;5475_-100;2;5475_-100;2;5475,28.8602739726027,Prevalence,0.0070231712028326
NbyGQVwzFc_loc12_loop6,12,ITN 0%/IRS 0%/Larvicide 0%,0;0.4;0.4_0;0;0_0;0;0_-100;2;5475_-100;2;5475_-100;2;5475,28.8630136986301,Prevalence,0.00702498816765939
NbyGQVwzFc_loc12_loop6,12,ITN 0%/IRS 0%/Larvicide 0%,0;0.4;0.4_0;0;0_0;0;0_-100;2;5475_-100;2;5475_-100;2;5475,28.8657534246575,Prevalence,0.00702681250106434
NbyGQVwzFc_loc12_loop6,12,ITN 0%/IRS 0%/Larvicide 0%,0;0.4;0.4_0;0;0_0;0;0_-100;2;5475_-100;2;5475_-100;2;5475,28.8684931506849,Prevalence,0.0070286441914038
NbyGQVwzFc_loc12_loop6,12,ITN 0%/IRS 0%/Larvicide 0%,0;0.4;0.4_0;0;0_0;0;0_-100;2;5475_-100;2;5475_-100;2;5475,28.8712328767123,Prevalence,0.00703048322706908
NbyGQVwzFc_loc12_loop6,12,ITN 0%/IRS 0%/Larvicide 0%,0;0.4;0.4_0;0;0_0;0;0_-100;2;5475_-100;2;5475_-100;2;5475,28.8739726027397,Prevalence,0.00703232959648623
NbyGQVwzFc_loc12_loop6,12,ITN 0%/IRS 0%/Larvicide 0%,0;0.4;0.4_0;0;0_0;0;0_-100;2;5475_-100;2;5475_-100;2;5475,28.8767123287671,Prevalence,0.00703418328811579
NbyGQVwzFc_loc12_loop6,12,ITN 0%/IRS 0%/Larvicide 0%,0;0.4;0.4_0;0;0_0;0;0_-100;2;5475_-100;2;5475_-100;2;5475,28.8794520547945,Prevalence,0.0070360442904526
NbyGQVwzFc_loc12_loop6,12,ITN 0%/IRS 0%/Larvicide 0%,0;0.4;0.4_0;0;0_0;0;0_-100;2;5475_-100;2;5475_-100;2;5475,28.8821917808219,Prevalence,0.00703791259202552
NbyGQVwzFc_loc12_loop6,12,ITN 0%/IRS 0%/Larvicide 0%,0;0.4;0.4_0;0;0_0;0;0_-100;2;5475_-100;2;5475_-100;2;5475,28.8849315068493,Prevalence,0.0070397881813972
NbyGQVwzFc_loc12_loop6,12,ITN 0%/IRS 0%/Larvicide 0%,0;0.4;0.4_0;0;0_0;0;0_-100;2;5475_-100;2;5475_-100;2;5475,28.8876712328767,Prevalence,0.00704167104716391
NbyGQVwzFc_loc12_loop6,12,ITN 0%/IRS 0%/Larvicide 0%,0;0.4;0.4_0;0;0_0;0;0_-100;2;5475_-100;2;5475_-100;2;5475,28.8904109589041,Prevalence,0.00704356117795526
NbyGQVwzFc_loc12_loop6,12,ITN 0%/IRS 0%/Larvicide 0%,0;0.4;0.4_0;0;0_0;0;0_-100;2;5475_-100;2;5475_-100;2;5475,28.8931506849315,Prevalence,0.00704545856243401
NbyGQVwzFc_loc12_loop6,12,ITN 0%/IRS 0%/Larvicide 0%,0;0.4;0.4_0;0;0_0;0;0_-100;2;5475_-100;2;5475_-100;2;5475,28.8958904109589,Prevalence,0.00704736318929584
NbyGQVwzFc_loc12_loop6,12,ITN 0%/IRS 0%/Larvicide 0%,0;0.4;0.4_0;0;0_0;0;0_-100;2;5475_-100;2;5475_-100;2;5475,28.8986301369863,Prevalence,0.00704927504726934
NbyGQVwzFc_loc12_loop6,12,ITN 0%/IRS 0%/Larvicide 0%,0;0.4;0.4_0;0;0_0;0;0_-100;2;5475_-100;2;5475_-100;2;5475,28.9013698630137,Prevalence,0.00705119412511533
NbyGQVwzFc_loc12_loop6,12,ITN 0%/IRS 0%/Larvicide 0%,0;0.4;0.4_0;0;0_0;0;0_-100;2;5475_-100;2;5475_-100;2;5475,28.9041095890411,Prevalence,0.00705312041162679
NbyGQVwzFc_loc12_loop6,12,ITN 0%/IRS 0%/Larvicide 0%,0;0.4;0.4_0;0;0_0;0;0_-100;2;5475_-100;2;5475_-100;2;5475,28.9068493150685,Prevalence,0.00705505389562873
NbyGQVwzFc_loc12_loop6,12,ITN 0%/IRS 0%/Larvicide 0%,0;0.4;0.4_0;0;0_0;0;0_-100;2;5475_-100;2;5475_-100;2;5475,28.9095890410959,Prevalence,0.00705699456597796
NbyGQVwzFc_loc12_loop6,12,ITN 0%/IRS 0%/Larvicide 0%,0;0.4;0.4_0;0;0_0;0;0_-100;2;5475_-100;2;5475_-100;2;5475,28.9123287671233,Prevalence,0.00705894241156288
NbyGQVwzFc_loc12_loop6,12,ITN 0%/IRS 0%/Larvicide 0%,0;0.4;0.4_0;0;0_0;0;0_-100;2;5475_-100;2;5475_-100;2;5475,28.9150684931507,Prevalence,0.00706089742130329
NbyGQVwzFc_loc12_loop6,12,ITN 0%/IRS 0%/Larvicide 0%,0;0.4;0.4_0;0;0_0;0;0_-100;2;5475_-100;2;5475_-100;2;5475,28.9178082191781,Prevalence,0.00706285958415011
NbyGQVwzFc_loc12_loop6,12,ITN 0%/IRS 0%/Larvicide 0%,0;0.4;0.4_0;0;0_0;0;0_-100;2;5475_-100;2;5475_-100;2;5475,28.9205479452055,Prevalence,0.00706482888908521
NbyGQVwzFc_loc12_loop6,12,ITN 0%/IRS 0%/Larvicide 0%,0;0.4;0.4_0;0;0_0;0;0_-100;2;5475_-100;2;5475_-100;2;5475,28.9232876712329,Prevalence,0.00706680532512124
NbyGQVwzFc_loc12_loop6,12,ITN 0%/IRS 0%/Larvicide 0%,0;0.4;0.4_0;0;0_0;0;0_-100;2;5475_-100;2;5475_-100;2;5475,28.9260273972603,Prevalence,0.00706878888130133
NbyGQVwzFc_loc12_loop6,12,ITN 0%/IRS 0%/Larvicide 0%,0;0.4;0.4_0;0;0_0;0;0_-100;2;5475_-100;2;5475_-100;2;5475,28.9287671232877,Prevalence,0.00707077954669895
NbyGQVwzFc_loc12_loop6,12,ITN 0%/IRS 0%/Larvicide 0%,0;0.4;0.4_0;0;0_0;0;0_-100;2;5475_-100;2;5475_-100;2;5475,28.9315068493151,Prevalence,0.00707277731041768
NbyGQVwzFc_loc12_loop6,12,ITN 0%/IRS 0%/Larvicide 0%,0;0.4;0.4_0;0;0_0;0;0_-100;2;5475_-100;2;5475_-100;2;5475,28.9342465753425,Prevalence,0.00707478216159098
NbyGQVwzFc_loc12_loop6,12,ITN 0%/IRS 0%/Larvicide 0%,0;0.4;0.4_0;0;0_0;0;0_-100;2;5475_-100;2;5475_-100;2;5475,28.9369863013699,Prevalence,0.00707679408938203
NbyGQVwzFc_loc12_loop6,12,ITN 0%/IRS 0%/Larvicide 0%,0;0.4;0.4_0;0;0_0;0;0_-100;2;5475_-100;2;5475_-100;2;5475,28.9397260273973,Prevalence,0.0070788130829835
NbyGQVwzFc_loc12_loop6,12,ITN 0%/IRS 0%/Larvicide 0%,0;0.4;0.4_0;0;0_0;0;0_-100;2;5475_-100;2;5475_-100;2;5475,28.9424657534247,Prevalence,0.00708083913161733
NbyGQVwzFc_loc12_loop6,12,ITN 0%/IRS 0%/Larvicide 0%,0;0.4;0.4_0;0;0_0;0;0_-100;2;5475_-100;2;5475_-100;2;5475,28.9452054794521,Prevalence,0.00708287222453456
NbyGQVwzFc_loc12_loop6,12,ITN 0%/IRS 0%/Larvicide 0%,0;0.4;0.4_0;0;0_0;0;0_-100;2;5475_-100;2;5475_-100;2;5475,28.9479452054795,Prevalence,0.00708491235101512
NbyGQVwzFc_loc12_loop6,12,ITN 0%/IRS 0%/Larvicide 0%,0;0.4;0.4_0;0;0_0;0;0_-100;2;5475_-100;2;5475_-100;2;5475,28.9506849315069,Prevalence,0.00708695950036761
NbyGQVwzFc_loc12_loop6,12,ITN 0%/IRS 0%/Larvicide 0%,0;0.4;0.4_0;0;0_0;0;0_-100;2;5475_-100;2;5475_-100;2;5475,28.9534246575342,Prevalence,0.00708901366192913
NbyGQVwzFc_loc12_loop6,12,ITN 0%/IRS 0%/Larvicide 0%,0;0.4;0.4_0;0;0_0;0;0_-100;2;5475_-100;2;5475_-100;2;5475,28.9561643835616,Prevalence,0.00709107482506508
NbyGQVwzFc_loc12_loop6,12,ITN 0%/IRS 0%/Larvicide 0%,0;0.4;0.4_0;0;0_0;0;0_-100;2;5475_-100;2;5475_-100;2;5475,28.958904109589,Prevalence,0.0070931429791689
NbyGQVwzFc_loc12_loop6,12,ITN 0%/IRS 0%/Larvicide 0%,0;0.4;0.4_0;0;0_0;0;0_-100;2;5475_-100;2;5475_-100;2;5475,28.9616438356164,Prevalence,0.007095218113662
NbyGQVwzFc_loc12_loop6,12,ITN 0%/IRS 0%/Larvicide 0%,0;0.4;0.4_0;0;0_0;0;0_-100;2;5475_-100;2;5475_-100;2;5475,28.9643835616438,Prevalence,0.00709730021799344
NbyGQVwzFc_loc12_loop6,12,ITN 0%/IRS 0%/Larvicide 0%,0;0.4;0.4_0;0;0_0;0;0_-100;2;5475_-100;2;5475_-100;2;5475,28.9671232876712,Prevalence,0.0070993892816398
NbyGQVwzFc_loc12_loop6,12,ITN 0%/IRS 0%/Larvicide 0%,0;0.4;0.4_0;0;0_0;0;0_-100;2;5475_-100;2;5475_-100;2;5475,28.9698630136986,Prevalence,0.007101485294105
NbyGQVwzFc_loc12_loop6,12,ITN 0%/IRS 0%/Larvicide 0%,0;0.4;0.4_0;0;0_0;0;0_-100;2;5475_-100;2;5475_-100;2;5475,28.972602739726,Prevalence,0.00710358824492005
NbyGQVwzFc_loc12_loop6,12,ITN 0%/IRS 0%/Larvicide 0%,0;0.4;0.4_0;0;0_0;0;0_-100;2;5475_-100;2;5475_-100;2;5475,28.9753424657534,Prevalence,0.00710569812364292
NbyGQVwzFc_loc12_loop6,12,ITN 0%/IRS 0%/Larvicide 0%,0;0.4;0.4_0;0;0_0;0;0_-100;2;5475_-100;2;5475_-100;2;5475,28.9780821917808,Prevalence,0.00710781491985834
NbyGQVwzFc_loc12_loop6,12,ITN 0%/IRS 0%/Larvicide 0%,0;0.4;0.4_0;0;0_0;0;0_-100;2;5475_-100;2;5475_-100;2;5475,28.9808219178082,Prevalence,0.00710993862317755
NbyGQVwzFc_loc12_loop6,12,ITN 0%/IRS 0%/Larvicide 0%,0;0.4;0.4_0;0;0_0;0;0_-100;2;5475_-100;2;5475_-100;2;5475,28.9835616438356,Prevalence,0.00711206922323827
NbyGQVwzFc_loc12_loop6,12,ITN 0%/IRS 0%/Larvicide 0%,0;0.4;0.4_0;0;0_0;0;0_-100;2;5475_-100;2;5475_-100;2;5475,28.986301369863,Prevalence,0.00711420670970454
NbyGQVwzFc_loc12_loop6,12,ITN 0%/IRS 0%/Larvicide 0%,0;0.4;0.4_0;0;0_0;0;0_-100;2;5475_-100;2;5475_-100;2;5475,28.9890410958904,Prevalence,0.00711635107226613
NbyGQVwzFc_loc12_loop6,12,ITN 0%/IRS 0%/Larvicide 0%,0;0.4;0.4_0;0;0_0;0;0_-100;2;5475_-100;2;5475_-100;2;5475,28.9917808219178,Prevalence,0.00711850230063861
NbyGQVwzFc_loc12_loop6,12,ITN 0%/IRS 0%/Larvicide 0%,0;0.4;0.4_0;0;0_0;0;0_-100;2;5475_-100;2;5475_-100;2;5475,28.9945205479452,Prevalence,0.00712066038456317
NbyGQVwzFc_loc12_loop6,12,ITN 0%/IRS 0%/Larvicide 0%,0;0.4;0.4_0;0;0_0;0;0_-100;2;5475_-100;2;5475_-100;2;5475,28.9972602739726,Prevalence,0.00712282531380646
NbyGQVwzFc_loc12_loop6,12,ITN 0%/IRS 0%/Larvicide 0%,0;0.4;0.4_0;0;0_0;0;0_-100;2;5475_-100;2;5475_-100;2;5475,29,Prevalence,0.0071249970781604
NbyGQVwzFc_loc12_loop6,12,ITN 0%/IRS 0%/Larvicide 0%,0;0.4;0.4_0;0;0_0;0;0_-100;2;5475_-100;2;5475_-100;2;5475,29.0027397260274,Prevalence,0.00712717566744199
NbyGQVwzFc_loc12_loop6,12,ITN 0%/IRS 0%/Larvicide 0%,0;0.4;0.4_0;0;0_0;0;0_-100;2;5475_-100;2;5475_-100;2;5475,29.0054794520548,Prevalence,0.00712936107149317
NbyGQVwzFc_loc12_loop6,12,ITN 0%/IRS 0%/Larvicide 0%,0;0.4;0.4_0;0;0_0;0;0_-100;2;5475_-100;2;5475_-100;2;5475,29.0082191780822,Prevalence,0.00713155328018057
NbyGQVwzFc_loc12_loop6,12,ITN 0%/IRS 0%/Larvicide 0%,0;0.4;0.4_0;0;0_0;0;0_-100;2;5475_-100;2;5475_-100;2;5475,29.0109589041096,Prevalence,0.00713375228339542
NbyGQVwzFc_loc12_loop6,12,ITN 0%/IRS 0%/Larvicide 0%,0;0.4;0.4_0;0;0_0;0;0_-100;2;5475_-100;2;5475_-100;2;5475,29.013698630137,Prevalence,0.00713595807105329
NbyGQVwzFc_loc12_loop6,12,ITN 0%/IRS 0%/Larvicide 0%,0;0.4;0.4_0;0;0_0;0;0_-100;2;5475_-100;2;5475_-100;2;5475,29.0164383561644,Prevalence,0.00713817063309398
NbyGQVwzFc_loc12_loop6,12,ITN 0%/IRS 0%/Larvicide 0%,0;0.4;0.4_0;0;0_0;0;0_-100;2;5475_-100;2;5475_-100;2;5475,29.0191780821918,Prevalence,0.00714038995948135
NbyGQVwzFc_loc12_loop6,12,ITN 0%/IRS 0%/Larvicide 0%,0;0.4;0.4_0;0;0_0;0;0_-100;2;5475_-100;2;5475_-100;2;5475,29.0219178082192,Prevalence,0.00714261604020305
NbyGQVwzFc_loc12_loop6,12,ITN 0%/IRS 0%/Larvicide 0%,0;0.4;0.4_0;0;0_0;0;0_-100;2;5475_-100;2;5475_-100;2;5475,29.0246575342466,Prevalence,0.00714484886527049
NbyGQVwzFc_loc12_loop6,12,ITN 0%/IRS 0%/Larvicide 0%,0;0.4;0.4_0;0;0_0;0;0_-100;2;5475_-100;2;5475_-100;2;5475,29.027397260274,Prevalence,0.00714708842471854
NbyGQVwzFc_loc12_loop6,12,ITN 0%/IRS 0%/Larvicide 0%,0;0.4;0.4_0;0;0_0;0;0_-100;2;5475_-100;2;5475_-100;2;5475,29.0301369863014,Prevalence,0.00714933470860547
NbyGQVwzFc_loc12_loop6,12,ITN 0%/IRS 0%/Larvicide 0%,0;0.4;0.4_0;0;0_0;0;0_-100;2;5475_-100;2;5475_-100;2;5475,29.0328767123288,Prevalence,0.00715158770701268
NbyGQVwzFc_loc12_loop6,12,ITN 0%/IRS 0%/Larvicide 0%,0;0.4;0.4_0;0;0_0;0;0_-100;2;5475_-100;2;5475_-100;2;5475,29.0356164383562,Prevalence,0.00715384741004451
NbyGQVwzFc_loc12_loop6,12,ITN 0%/IRS 0%/Larvicide 0%,0;0.4;0.4_0;0;0_0;0;0_-100;2;5475_-100;2;5475_-100;2;5475,29.0383561643836,Prevalence,0.00715611380782809
NbyGQVwzFc_loc12_loop6,12,ITN 0%/IRS 0%/Larvicide 0%,0;0.4;0.4_0;0;0_0;0;0_-100;2;5475_-100;2;5475_-100;2;5475,29.041095890411,Prevalence,0.00715838689051381
NbyGQVwzFc_loc12_loop6,12,ITN 0%/IRS 0%/Larvicide 0%,0;0.4;0.4_0;0;0_0;0;0_-100;2;5475_-100;2;5475_-100;2;5475,29.0438356164384,Prevalence,0.00716066664827404
NbyGQVwzFc_loc12_loop6,12,ITN 0%/IRS 0%/Larvicide 0%,0;0.4;0.4_0;0;0_0;0;0_-100;2;5475_-100;2;5475_-100;2;5475,29.0465753424658,Prevalence,0.00716295307130335
NbyGQVwzFc_loc12_loop6,12,ITN 0%/IRS 0%/Larvicide 0%,0;0.4;0.4_0;0;0_0;0;0_-100;2;5475_-100;2;5475_-100;2;5475,29.0493150684932,Prevalence,0.00716524614981892
NbyGQVwzFc_loc12_loop6,12,ITN 0%/IRS 0%/Larvicide 0%,0;0.4;0.4_0;0;0_0;0;0_-100;2;5475_-100;2;5475_-100;2;5475,29.0520547945206,Prevalence,0.0071675458740598
NbyGQVwzFc_loc12_loop6,12,ITN 0%/IRS 0%/Larvicide 0%,0;0.4;0.4_0;0;0_0;0;0_-100;2;5475_-100;2;5475_-100;2;5475,29.0547945205479,Prevalence,0.00716985223428673
NbyGQVwzFc_loc12_loop6,12,ITN 0%/IRS 0%/Larvicide 0%,0;0.4;0.4_0;0;0_0;0;0_-100;2;5475_-100;2;5475_-100;2;5475,29.0575342465753,Prevalence,0.00717216522078222
NbyGQVwzFc_loc12_loop6,12,ITN 0%/IRS 0%/Larvicide 0%,0;0.4;0.4_0;0;0_0;0;0_-100;2;5475_-100;2;5475_-100;2;5475,29.0602739726027,Prevalence,0.00717448482385138
NbyGQVwzFc_loc12_loop6,12,ITN 0%/IRS 0%/Larvicide 0%,0;0.4;0.4_0;0;0_0;0;0_-100;2;5475_-100;2;5475_-100;2;5475,29.0630136986301,Prevalence,0.00717681103381861
NbyGQVwzFc_loc12_loop6,12,ITN 0%/IRS 0%/Larvicide 0%,0;0.4;0.4_0;0;0_0;0;0_-100;2;5475_-100;2;5475_-100;2;5475,29.0657534246575,Prevalence,0.00717914384103024
NbyGQVwzFc_loc12_loop6,12,ITN 0%/IRS 0%/Larvicide 0%,0;0.4;0.4_0;0;0_0;0;0_-100;2;5475_-100;2;5475_-100;2;5475,29.0684931506849,Prevalence,0.00718148323585496
NbyGQVwzFc_loc12_loop6,12,ITN 0%/IRS 0%/Larvicide 0%,0;0.4;0.4_0;0;0_0;0;0_-100;2;5475_-100;2;5475_-100;2;5475,29.0712328767123,Prevalence,0.00718382920868095
NbyGQVwzFc_loc12_loop6,12,ITN 0%/IRS 0%/Larvicide 0%,0;0.4;0.4_0;0;0_0;0;0_-100;2;5475_-100;2;5475_-100;2;5475,29.0739726027397,Prevalence,0.00718618174991764
NbyGQVwzFc_loc12_loop6,12,ITN 0%/IRS 0%/Larvicide 0%,0;0.4;0.4_0;0;0_0;0;0_-100;2;5475_-100;2;5475_-100;2;5475,29.0767123287671,Prevalence,0.00718854084999572
NbyGQVwzFc_loc12_loop6,12,ITN 0%/IRS 0%/Larvicide 0%,0;0.4;0.4_0;0;0_0;0;0_-100;2;5475_-100;2;5475_-100;2;5475,29.0794520547945,Prevalence,0.00719090649936543
NbyGQVwzFc_loc12_loop6,12,ITN 0%/IRS 0%/Larvicide 0%,0;0.4;0.4_0;0;0_0;0;0_-100;2;5475_-100;2;5475_-100;2;5475,29.0821917808219,Prevalence,0.00719327868849728
NbyGQVwzFc_loc12_loop6,12,ITN 0%/IRS 0%/Larvicide 0%,0;0.4;0.4_0;0;0_0;0;0_-100;2;5475_-100;2;5475_-100;2;5475,29.0849315068493,Prevalence,0.00719565740788231
NbyGQVwzFc_loc12_loop6,12,ITN 0%/IRS 0%/Larvicide 0%,0;0.4;0.4_0;0;0_0;0;0_-100;2;5475_-100;2;5475_-100;2;5475,29.0876712328767,Prevalence,0.00719804264803134
NbyGQVwzFc_loc12_loop6,12,ITN 0%/IRS 0%/Larvicide 0%,0;0.4;0.4_0;0;0_0;0;0_-100;2;5475_-100;2;5475_-100;2;5475,29.0904109589041,Prevalence,0.0072004343994747
NbyGQVwzFc_loc12_loop6,12,ITN 0%/IRS 0%/Larvicide 0%,0;0.4;0.4_0;0;0_0;0;0_-100;2;5475_-100;2;5475_-100;2;5475,29.0931506849315,Prevalence,0.00720283265276374
NbyGQVwzFc_loc12_loop6,12,ITN 0%/IRS 0%/Larvicide 0%,0;0.4;0.4_0;0;0_0;0;0_-100;2;5475_-100;2;5475_-100;2;5475,29.0958904109589,Prevalence,0.00720523739846777
NbyGQVwzFc_loc12_loop6,12,ITN 0%/IRS 0%/Larvicide 0%,0;0.4;0.4_0;0;0_0;0;0_-100;2;5475_-100;2;5475_-100;2;5475,29.0986301369863,Prevalence,0.00720764862717498
NbyGQVwzFc_loc12_loop6,12,ITN 0%/IRS 0%/Larvicide 0%,0;0.4;0.4_0;0;0_0;0;0_-100;2;5475_-100;2;5475_-100;2;5475,29.1013698630137,Prevalence,0.00721006632949498
NbyGQVwzFc_loc12_loop6,12,ITN 0%/IRS 0%/Larvicide 0%,0;0.4;0.4_0;0;0_0;0;0_-100;2;5475_-100;2;5475_-100;2;5475,29.1041095890411,Prevalence,0.00721249049605542
NbyGQVwzFc_loc12_loop6,12,ITN 0%/IRS 0%/Larvicide 0%,0;0.4;0.4_0;0;0_0;0;0_-100;2;5475_-100;2;5475_-100;2;5475,29.1068493150685,Prevalence,0.00721492111750216
NbyGQVwzFc_loc12_loop6,12,ITN 0%/IRS 0%/Larvicide 0%,0;0.4;0.4_0;0;0_0;0;0_-100;2;5475_-100;2;5475_-100;2;5475,29.1095890410959,Prevalence,0.00721735818450094
NbyGQVwzFc_loc12_loop6,12,ITN 0%/IRS 0%/Larvicide 0%,0;0.4;0.4_0;0;0_0;0;0_-100;2;5475_-100;2;5475_-100;2;5475,29.1123287671233,Prevalence,0.00721980168773602
NbyGQVwzFc_loc12_loop6,12,ITN 0%/IRS 0%/Larvicide 0%,0;0.4;0.4_0;0;0_0;0;0_-100;2;5475_-100;2;5475_-100;2;5475,29.1150684931507,Prevalence,0.00722225161790958
NbyGQVwzFc_loc12_loop6,12,ITN 0%/IRS 0%/Larvicide 0%,0;0.4;0.4_0;0;0_0;0;0_-100;2;5475_-100;2;5475_-100;2;5475,29.1178082191781,Prevalence,0.00722470796574261
NbyGQVwzFc_loc12_loop6,12,ITN 0%/IRS 0%/Larvicide 0%,0;0.4;0.4_0;0;0_0;0;0_-100;2;5475_-100;2;5475_-100;2;5475,29.1205479452055,Prevalence,0.00722717072197449
NbyGQVwzFc_loc12_loop6,12,ITN 0%/IRS 0%/Larvicide 0%,0;0.4;0.4_0;0;0_0;0;0_-100;2;5475_-100;2;5475_-100;2;5475,29.1232876712329,Prevalence,0.00722963987736233
NbyGQVwzFc_loc12_loop6,12,ITN 0%/IRS 0%/Larvicide 0%,0;0.4;0.4_0;0;0_0;0;0_-100;2;5475_-100;2;5475_-100;2;5475,29.1260273972603,Prevalence,0.00723211542268129
NbyGQVwzFc_loc12_loop6,12,ITN 0%/IRS 0%/Larvicide 0%,0;0.4;0.4_0;0;0_0;0;0_-100;2;5475_-100;2;5475_-100;2;5475,29.1287671232877,Prevalence,0.00723459734872454
NbyGQVwzFc_loc12_loop6,12,ITN 0%/IRS 0%/Larvicide 0%,0;0.4;0.4_0;0;0_0;0;0_-100;2;5475_-100;2;5475_-100;2;5475,29.1315068493151,Prevalence,0.00723708564630275
NbyGQVwzFc_loc12_loop6,12,ITN 0%/IRS 0%/Larvicide 0%,0;0.4;0.4_0;0;0_0;0;0_-100;2;5475_-100;2;5475_-100;2;5475,29.1342465753425,Prevalence,0.00723958030624412
NbyGQVwzFc_loc12_loop6,12,ITN 0%/IRS 0%/Larvicide 0%,0;0.4;0.4_0;0;0_0;0;0_-100;2;5475_-100;2;5475_-100;2;5475,29.1369863013699,Prevalence,0.00724208131939439
NbyGQVwzFc_loc12_loop6,12,ITN 0%/IRS 0%/Larvicide 0%,0;0.4;0.4_0;0;0_0;0;0_-100;2;5475_-100;2;5475_-100;2;5475,29.1397260273973,Prevalence,0.00724458867661646
NbyGQVwzFc_loc12_loop6,12,ITN 0%/IRS 0%/Larvicide 0%,0;0.4;0.4_0;0;0_0;0;0_-100;2;5475_-100;2;5475_-100;2;5475,29.1424657534247,Prevalence,0.0072471023687904
NbyGQVwzFc_loc12_loop6,12,ITN 0%/IRS 0%/Larvicide 0%,0;0.4;0.4_0;0;0_0;0;0_-100;2;5475_-100;2;5475_-100;2;5475,29.1452054794521,Prevalence,0.00724962238681326
NbyGQVwzFc_loc12_loop6,12,ITN 0%/IRS 0%/Larvicide 0%,0;0.4;0.4_0;0;0_0;0;0_-100;2;5475_-100;2;5475_-100;2;5475,29.1479452054795,Prevalence,0.00725214872159901
NbyGQVwzFc_loc12_loop6,12,ITN 0%/IRS 0%/Larvicide 0%,0;0.4;0.4_0;0;0_0;0;0_-100;2;5475_-100;2;5475_-100;2;5475,29.1506849315069,Prevalence,0.00725468136407829
NbyGQVwzFc_loc12_loop6,12,ITN 0%/IRS 0%/Larvicide 0%,0;0.4;0.4_0;0;0_0;0;0_-100;2;5475_-100;2;5475_-100;2;5475,29.1534246575342,Prevalence,0.00725722030519837
NbyGQVwzFc_loc12_loop6,12,ITN 0%/IRS 0%/Larvicide 0%,0;0.4;0.4_0;0;0_0;0;0_-100;2;5475_-100;2;5475_-100;2;5475,29.1561643835616,Prevalence,0.00725976553592299
NbyGQVwzFc_loc12_loop6,12,ITN 0%/IRS 0%/Larvicide 0%,0;0.4;0.4_0;0;0_0;0;0_-100;2;5475_-100;2;5475_-100;2;5475,29.158904109589,Prevalence,0.00726231704723222
NbyGQVwzFc_loc12_loop6,12,ITN 0%/IRS 0%/Larvicide 0%,0;0.4;0.4_0;0;0_0;0;0_-100;2;5475_-100;2;5475_-100;2;5475,29.1616438356164,Prevalence,0.00726487483012235
NbyGQVwzFc_loc12_loop6,12,ITN 0%/IRS 0%/Larvicide 0%,0;0.4;0.4_0;0;0_0;0;0_-100;2;5475_-100;2;5475_-100;2;5475,29.1643835616438,Prevalence,0.00726743887560574
NbyGQVwzFc_loc12_loop6,12,ITN 0%/IRS 0%/Larvicide 0%,0;0.4;0.4_0;0;0_0;0;0_-100;2;5475_-100;2;5475_-100;2;5475,29.1671232876712,Prevalence,0.0072700091747107
NbyGQVwzFc_loc12_loop6,12,ITN 0%/IRS 0%/Larvicide 0%,0;0.4;0.4_0;0;0_0;0;0_-100;2;5475_-100;2;5475_-100;2;5475,29.1698630136986,Prevalence,0.0072725857184814
NbyGQVwzFc_loc12_loop6,12,ITN 0%/IRS 0%/Larvicide 0%,0;0.4;0.4_0;0;0_0;0;0_-100;2;5475_-100;2;5475_-100;2;5475,29.172602739726,Prevalence,0.00727516849797783
NbyGQVwzFc_loc12_loop6,12,ITN 0%/IRS 0%/Larvicide 0%,0;0.4;0.4_0;0;0_0;0;0_-100;2;5475_-100;2;5475_-100;2;5475,29.1753424657534,Prevalence,0.0072777575042753
NbyGQVwzFc_loc12_loop6,12,ITN 0%/IRS 0%/Larvicide 0%,0;0.4;0.4_0;0;0_0;0;0_-100;2;5475_-100;2;5475_-100;2;5475,29.1780821917808,Prevalence,0.00728035272846458
NbyGQVwzFc_loc12_loop6,12,ITN 0%/IRS 0%/Larvicide 0%,0;0.4;0.4_0;0;0_0;0;0_-100;2;5475_-100;2;5475_-100;2;5475,29.1808219178082,Prevalence,0.00728295416165172
NbyGQVwzFc_loc12_loop6,12,ITN 0%/IRS 0%/Larvicide 0%,0;0.4;0.4_0;0;0_0;0;0_-100;2;5475_-100;2;5475_-100;2;5475,29.1835616438356,Prevalence,0.00728556179495798
NbyGQVwzFc_loc12_loop6,12,ITN 0%/IRS 0%/Larvicide 0%,0;0.4;0.4_0;0;0_0;0;0_-100;2;5475_-100;2;5475_-100;2;5475,29.186301369863,Prevalence,0.00728817561951967
NbyGQVwzFc_loc12_loop6,12,ITN 0%/IRS 0%/Larvicide 0%,0;0.4;0.4_0;0;0_0;0;0_-100;2;5475_-100;2;5475_-100;2;5475,29.1890410958904,Prevalence,0.00729079562648809
NbyGQVwzFc_loc12_loop6,12,ITN 0%/IRS 0%/Larvicide 0%,0;0.4;0.4_0;0;0_0;0;0_-100;2;5475_-100;2;5475_-100;2;5475,29.1917808219178,Prevalence,0.00729342180702932
NbyGQVwzFc_loc12_loop6,12,ITN 0%/IRS 0%/Larvicide 0%,0;0.4;0.4_0;0;0_0;0;0_-100;2;5475_-100;2;5475_-100;2;5475,29.1945205479452,Prevalence,0.00729605415232416
NbyGQVwzFc_loc12_loop6,12,ITN 0%/IRS 0%/Larvicide 0%,0;0.4;0.4_0;0;0_0;0;0_-100;2;5475_-100;2;5475_-100;2;5475,29.1972602739726,Prevalence,0.00729869265356798
NbyGQVwzFc_loc12_loop6,12,ITN 0%/IRS 0%/Larvicide 0%,0;0.4;0.4_0;0;0_0;0;0_-100;2;5475_-100;2;5475_-100;2;5475,29.2,Prevalence,0.00730133730197067
NbyGQVwzFc_loc12_loop6,12,ITN 0%/IRS 0%/Larvicide 0%,0;0.4;0.4_0;0;0_0;0;0_-100;2;5475_-100;2;5475_-100;2;5475,29.2027397260274,Prevalence,0.00730398808875636
NbyGQVwzFc_loc12_loop6,12,ITN 0%/IRS 0%/Larvicide 0%,0;0.4;0.4_0;0;0_0;0;0_-100;2;5475_-100;2;5475_-100;2;5475,29.2054794520548,Prevalence,0.0073066450051635
NbyGQVwzFc_loc12_loop6,12,ITN 0%/IRS 0%/Larvicide 0%,0;0.4;0.4_0;0;0_0;0;0_-100;2;5475_-100;2;5475_-100;2;5475,29.2082191780822,Prevalence,0.00730930804244458
NbyGQVwzFc_loc12_loop6,12,ITN 0%/IRS 0%/Larvicide 0%,0;0.4;0.4_0;0;0_0;0;0_-100;2;5475_-100;2;5475_-100;2;5475,29.2109589041096,Prevalence,0.00731197719186611
NbyGQVwzFc_loc12_loop6,12,ITN 0%/IRS 0%/Larvicide 0%,0;0.4;0.4_0;0;0_0;0;0_-100;2;5475_-100;2;5475_-100;2;5475,29.213698630137,Prevalence,0.00731465244470846
NbyGQVwzFc_loc12_loop6,12,ITN 0%/IRS 0%/Larvicide 0%,0;0.4;0.4_0;0;0_0;0;0_-100;2;5475_-100;2;5475_-100;2;5475,29.2164383561644,Prevalence,0.00731733379226576
NbyGQVwzFc_loc12_loop6,12,ITN 0%/IRS 0%/Larvicide 0%,0;0.4;0.4_0;0;0_0;0;0_-100;2;5475_-100;2;5475_-100;2;5475,29.2191780821918,Prevalence,0.00732002122584577
NbyGQVwzFc_loc12_loop6,12,ITN 0%/IRS 0%/Larvicide 0%,0;0.4;0.4_0;0;0_0;0;0_-100;2;5475_-100;2;5475_-100;2;5475,29.2219178082192,Prevalence,0.00732271473676979
NbyGQVwzFc_loc12_loop6,12,ITN 0%/IRS 0%/Larvicide 0%,0;0.4;0.4_0;0;0_0;0;0_-100;2;5475_-100;2;5475_-100;2;5475,29.2246575342466,Prevalence,0.00732541431637251
NbyGQVwzFc_loc12_loop6,12,ITN 0%/IRS 0%/Larvicide 0%,0;0.4;0.4_0;0;0_0;0;0_-100;2;5475_-100;2;5475_-100;2;5475,29.227397260274,Prevalence,0.00732811995600193
NbyGQVwzFc_loc12_loop6,12,ITN 0%/IRS 0%/Larvicide 0%,0;0.4;0.4_0;0;0_0;0;0_-100;2;5475_-100;2;5475_-100;2;5475,29.2301369863014,Prevalence,0.00733083164701923
NbyGQVwzFc_loc12_loop6,12,ITN 0%/IRS 0%/Larvicide 0%,0;0.4;0.4_0;0;0_0;0;0_-100;2;5475_-100;2;5475_-100;2;5475,29.2328767123288,Prevalence,0.00733354938079865
NbyGQVwzFc_loc12_loop6,12,ITN 0%/IRS 0%/Larvicide 0%,0;0.4;0.4_0;0;0_0;0;0_-100;2;5475_-100;2;5475_-100;2;5475,29.2356164383562,Prevalence,0.00733627314872742
NbyGQVwzFc_loc12_loop6,12,ITN 0%/IRS 0%/Larvicide 0%,0;0.4;0.4_0;0;0_0;0;0_-100;2;5475_-100;2;5475_-100;2;5475,29.2383561643836,Prevalence,0.00733900294220558
NbyGQVwzFc_loc12_loop6,12,ITN 0%/IRS 0%/Larvicide 0%,0;0.4;0.4_0;0;0_0;0;0_-100;2;5475_-100;2;5475_-100;2;5475,29.241095890411,Prevalence,0.00734173875264594
NbyGQVwzFc_loc12_loop6,12,ITN 0%/IRS 0%/Larvicide 0%,0;0.4;0.4_0;0;0_0;0;0_-100;2;5475_-100;2;5475_-100;2;5475,29.2438356164384,Prevalence,0.00734448057147391
NbyGQVwzFc_loc12_loop6,12,ITN 0%/IRS 0%/Larvicide 0%,0;0.4;0.4_0;0;0_0;0;0_-100;2;5475_-100;2;5475_-100;2;5475,29.2465753424658,Prevalence,0.00734722839012744
NbyGQVwzFc_loc12_loop6,12,ITN 0%/IRS 0%/Larvicide 0%,0;0.4;0.4_0;0;0_0;0;0_-100;2;5475_-100;2;5475_-100;2;5475,29.2493150684932,Prevalence,0.00734998220005687
NbyGQVwzFc_loc12_loop6,12,ITN 0%/IRS 0%/Larvicide 0%,0;0.4;0.4_0;0;0_0;0;0_-100;2;5475_-100;2;5475_-100;2;5475,29.2520547945206,Prevalence,0.00735274199272487
NbyGQVwzFc_loc12_loop6,12,ITN 0%/IRS 0%/Larvicide 0%,0;0.4;0.4_0;0;0_0;0;0_-100;2;5475_-100;2;5475_-100;2;5475,29.2547945205479,Prevalence,0.00735550775960629
NbyGQVwzFc_loc12_loop6,12,ITN 0%/IRS 0%/Larvicide 0%,0;0.4;0.4_0;0;0_0;0;0_-100;2;5475_-100;2;5475_-100;2;5475,29.2575342465753,Prevalence,0.00735827949218804
NbyGQVwzFc_loc12_loop6,12,ITN 0%/IRS 0%/Larvicide 0%,0;0.4;0.4_0;0;0_0;0;0_-100;2;5475_-100;2;5475_-100;2;5475,29.2602739726027,Prevalence,0.00736105718196907
NbyGQVwzFc_loc12_loop6,12,ITN 0%/IRS 0%/Larvicide 0%,0;0.4;0.4_0;0;0_0;0;0_-100;2;5475_-100;2;5475_-100;2;5475,29.2630136986301,Prevalence,0.00736384082046017
NbyGQVwzFc_loc12_loop6,12,ITN 0%/IRS 0%/Larvicide 0%,0;0.4;0.4_0;0;0_0;0;0_-100;2;5475_-100;2;5475_-100;2;5475,29.2657534246575,Prevalence,0.00736663039918388
NbyGQVwzFc_loc12_loop6,12,ITN 0%/IRS 0%/Larvicide 0%,0;0.4;0.4_0;0;0_0;0;0_-100;2;5475_-100;2;5475_-100;2;5475,29.2684931506849,Prevalence,0.00736942590967447
NbyGQVwzFc_loc12_loop6,12,ITN 0%/IRS 0%/Larvicide 0%,0;0.4;0.4_0;0;0_0;0;0_-100;2;5475_-100;2;5475_-100;2;5475,29.2712328767123,Prevalence,0.00737222734347783
NbyGQVwzFc_loc12_loop6,12,ITN 0%/IRS 0%/Larvicide 0%,0;0.4;0.4_0;0;0_0;0;0_-100;2;5475_-100;2;5475_-100;2;5475,29.2739726027397,Prevalence,0.00737503469215121
NbyGQVwzFc_loc12_loop6,12,ITN 0%/IRS 0%/Larvicide 0%,0;0.4;0.4_0;0;0_0;0;0_-100;2;5475_-100;2;5475_-100;2;5475,29.2767123287671,Prevalence,0.00737784794726313
NbyGQVwzFc_loc12_loop6,12,ITN 0%/IRS 0%/Larvicide 0%,0;0.4;0.4_0;0;0_0;0;0_-100;2;5475_-100;2;5475_-100;2;5475,29.2794520547945,Prevalence,0.00738066710039336
NbyGQVwzFc_loc12_loop6,12,ITN 0%/IRS 0%/Larvicide 0%,0;0.4;0.4_0;0;0_0;0;0_-100;2;5475_-100;2;5475_-100;2;5475,29.2821917808219,Prevalence,0.00738349214313282
NbyGQVwzFc_loc12_loop6,12,ITN 0%/IRS 0%/Larvicide 0%,0;0.4;0.4_0;0;0_0;0;0_-100;2;5475_-100;2;5475_-100;2;5475,29.2849315068493,Prevalence,0.0073863230670835
NbyGQVwzFc_loc12_loop6,12,ITN 0%/IRS 0%/Larvicide 0%,0;0.4;0.4_0;0;0_0;0;0_-100;2;5475_-100;2;5475_-100;2;5475,29.2876712328767,Prevalence,0.00738915986385833
NbyGQVwzFc_loc12_loop6,12,ITN 0%/IRS 0%/Larvicide 0%,0;0.4;0.4_0;0;0_0;0;0_-100;2;5475_-100;2;5475_-100;2;5475,29.2904109589041,Prevalence,0.00739200252508106
NbyGQVwzFc_loc12_loop6,12,ITN 0%/IRS 0%/Larvicide 0%,0;0.4;0.4_0;0;0_0;0;0_-100;2;5475_-100;2;5475_-100;2;5475,29.2931506849315,Prevalence,0.00739485104238625
NbyGQVwzFc_loc12_loop6,12,ITN 0%/IRS 0%/Larvicide 0%,0;0.4;0.4_0;0;0_0;0;0_-100;2;5475_-100;2;5475_-100;2;5475,29.2958904109589,Prevalence,0.00739770540741907
NbyGQVwzFc_loc12_loop6,12,ITN 0%/IRS 0%/Larvicide 0%,0;0.4;0.4_0;0;0_0;0;0_-100;2;5475_-100;2;5475_-100;2;5475,29.2986301369863,Prevalence,0.00740056561183529
NbyGQVwzFc_loc12_loop6,12,ITN 0%/IRS 0%/Larvicide 0%,0;0.4;0.4_0;0;0_0;0;0_-100;2;5475_-100;2;5475_-100;2;5475,29.3013698630137,Prevalence,0.00740343164730111
NbyGQVwzFc_loc12_loop6,12,ITN 0%/IRS 0%/Larvicide 0%,0;0.4;0.4_0;0;0_0;0;0_-100;2;5475_-100;2;5475_-100;2;5475,29.3041095890411,Prevalence,0.00740630350549309
NbyGQVwzFc_loc12_loop6,12,ITN 0%/IRS 0%/Larvicide 0%,0;0.4;0.4_0;0;0_0;0;0_-100;2;5475_-100;2;5475_-100;2;5475,29.3068493150685,Prevalence,0.00740918117809807
NbyGQVwzFc_loc12_loop6,12,ITN 0%/IRS 0%/Larvicide 0%,0;0.4;0.4_0;0;0_0;0;0_-100;2;5475_-100;2;5475_-100;2;5475,29.3095890410959,Prevalence,0.00741206465681306
NbyGQVwzFc_loc12_loop6,12,ITN 0%/IRS 0%/Larvicide 0%,0;0.4;0.4_0;0;0_0;0;0_-100;2;5475_-100;2;5475_-100;2;5475,29.3123287671233,Prevalence,0.00741495393334513
NbyGQVwzFc_loc12_loop6,12,ITN 0%/IRS 0%/Larvicide 0%,0;0.4;0.4_0;0;0_0;0;0_-100;2;5475_-100;2;5475_-100;2;5475,29.3150684931507,Prevalence,0.00741784899941135
NbyGQVwzFc_loc12_loop6,12,ITN 0%/IRS 0%/Larvicide 0%,0;0.4;0.4_0;0;0_0;0;0_-100;2;5475_-100;2;5475_-100;2;5475,29.3178082191781,Prevalence,0.00742074984673867
NbyGQVwzFc_loc12_loop6,12,ITN 0%/IRS 0%/Larvicide 0%,0;0.4;0.4_0;0;0_0;0;0_-100;2;5475_-100;2;5475_-100;2;5475,29.3205479452055,Prevalence,0.00742365646706384
NbyGQVwzFc_loc12_loop6,12,ITN 0%/IRS 0%/Larvicide 0%,0;0.4;0.4_0;0;0_0;0;0_-100;2;5475_-100;2;5475_-100;2;5475,29.3232876712329,Prevalence,0.00742656885213327
NbyGQVwzFc_loc12_loop6,12,ITN 0%/IRS 0%/Larvicide 0%,0;0.4;0.4_0;0;0_0;0;0_-100;2;5475_-100;2;5475_-100;2;5475,29.3260273972603,Prevalence,0.00742948699370304
NbyGQVwzFc_loc12_loop6,12,ITN 0%/IRS 0%/Larvicide 0%,0;0.4;0.4_0;0;0_0;0;0_-100;2;5475_-100;2;5475_-100;2;5475,29.3287671232877,Prevalence,0.00743241088353872
NbyGQVwzFc_loc12_loop6,12,ITN 0%/IRS 0%/Larvicide 0%,0;0.4;0.4_0;0;0_0;0;0_-100;2;5475_-100;2;5475_-100;2;5475,29.3315068493151,Prevalence,0.00743534051341528
NbyGQVwzFc_loc12_loop6,12,ITN 0%/IRS 0%/Larvicide 0%,0;0.4;0.4_0;0;0_0;0;0_-100;2;5475_-100;2;5475_-100;2;5475,29.3342465753425,Prevalence,0.00743827587511705
NbyGQVwzFc_loc12_loop6,12,ITN 0%/IRS 0%/Larvicide 0%,0;0.4;0.4_0;0;0_0;0;0_-100;2;5475_-100;2;5475_-100;2;5475,29.3369863013699,Prevalence,0.00744121696043761
NbyGQVwzFc_loc12_loop6,12,ITN 0%/IRS 0%/Larvicide 0%,0;0.4;0.4_0;0;0_0;0;0_-100;2;5475_-100;2;5475_-100;2;5475,29.3397260273973,Prevalence,0.00744416376117967
NbyGQVwzFc_loc12_loop6,12,ITN 0%/IRS 0%/Larvicide 0%,0;0.4;0.4_0;0;0_0;0;0_-100;2;5475_-100;2;5475_-100;2;5475,29.3424657534247,Prevalence,0.00744711626915502
NbyGQVwzFc_loc12_loop6,12,ITN 0%/IRS 0%/Larvicide 0%,0;0.4;0.4_0;0;0_0;0;0_-100;2;5475_-100;2;5475_-100;2;5475,29.3452054794521,Prevalence,0.00745007447618441
NbyGQVwzFc_loc12_loop6,12,ITN 0%/IRS 0%/Larvicide 0%,0;0.4;0.4_0;0;0_0;0;0_-100;2;5475_-100;2;5475_-100;2;5475,29.3479452054795,Prevalence,0.0074530383740975
NbyGQVwzFc_loc12_loop6,12,ITN 0%/IRS 0%/Larvicide 0%,0;0.4;0.4_0;0;0_0;0;0_-100;2;5475_-100;2;5475_-100;2;5475,29.3506849315069,Prevalence,0.00745600795473273
NbyGQVwzFc_loc12_loop6,12,ITN 0%/IRS 0%/Larvicide 0%,0;0.4;0.4_0;0;0_0;0;0_-100;2;5475_-100;2;5475_-100;2;5475,29.3534246575343,Prevalence,0.00745898320993726
NbyGQVwzFc_loc12_loop6,12,ITN 0%/IRS 0%/Larvicide 0%,0;0.4;0.4_0;0;0_0;0;0_-100;2;5475_-100;2;5475_-100;2;5475,29.3561643835616,Prevalence,0.00746196413156687
NbyGQVwzFc_loc12_loop6,12,ITN 0%/IRS 0%/Larvicide 0%,0;0.4;0.4_0;0;0_0;0;0_-100;2;5475_-100;2;5475_-100;2;5475,29.358904109589,Prevalence,0.0074649507114859
NbyGQVwzFc_loc12_loop6,12,ITN 0%/IRS 0%/Larvicide 0%,0;0.4;0.4_0;0;0_0;0;0_-100;2;5475_-100;2;5475_-100;2;5475,29.3616438356164,Prevalence,0.00746794294156711
NbyGQVwzFc_loc12_loop6,12,ITN 0%/IRS 0%/Larvicide 0%,0;0.4;0.4_0;0;0_0;0;0_-100;2;5475_-100;2;5475_-100;2;5475,29.3643835616438,Prevalence,0.00747094081369165
NbyGQVwzFc_loc12_loop6,12,ITN 0%/IRS 0%/Larvicide 0%,0;0.4;0.4_0;0;0_0;0;0_-100;2;5475_-100;2;5475_-100;2;5475,29.3671232876712,Prevalence,0.00747394431974894
NbyGQVwzFc_loc12_loop6,12,ITN 0%/IRS 0%/Larvicide 0%,0;0.4;0.4_0;0;0_0;0;0_-100;2;5475_-100;2;5475_-100;2;5475,29.3698630136986,Prevalence,0.00747695345163662
NbyGQVwzFc_loc12_loop6,12,ITN 0%/IRS 0%/Larvicide 0%,0;0.4;0.4_0;0;0_0;0;0_-100;2;5475_-100;2;5475_-100;2;5475,29.372602739726,Prevalence,0.00747996820126043
NbyGQVwzFc_loc12_loop6,12,ITN 0%/IRS 0%/Larvicide 0%,0;0.4;0.4_0;0;0_0;0;0_-100;2;5475_-100;2;5475_-100;2;5475,29.3753424657534,Prevalence,0.00748298856053418
NbyGQVwzFc_loc12_loop6,12,ITN 0%/IRS 0%/Larvicide 0%,0;0.4;0.4_0;0;0_0;0;0_-100;2;5475_-100;2;5475_-100;2;5475,29.3780821917808,Prevalence,0.00748601452137966
NbyGQVwzFc_loc12_loop6,12,ITN 0%/IRS 0%/Larvicide 0%,0;0.4;0.4_0;0;0_0;0;0_-100;2;5475_-100;2;5475_-100;2;5475,29.3808219178082,Prevalence,0.00748904607572637
NbyGQVwzFc_loc12_loop6,12,ITN 0%/IRS 0%/Larvicide 0%,0;0.4;0.4_0;0;0_0;0;0_-100;2;5475_-100;2;5475_-100;2;5475,29.3835616438356,Prevalence,0.00749208321551159
NbyGQVwzFc_loc12_loop6,12,ITN 0%/IRS 0%/Larvicide 0%,0;0.4;0.4_0;0;0_0;0;0_-100;2;5475_-100;2;5475_-100;2;5475,29.386301369863,Prevalence,0.0074951259326803
NbyGQVwzFc_loc12_loop6,12,ITN 0%/IRS 0%/Larvicide 0%,0;0.4;0.4_0;0;0_0;0;0_-100;2;5475_-100;2;5475_-100;2;5475,29.3890410958904,Prevalence,0.00749817421918514
NbyGQVwzFc_loc12_loop6,12,ITN 0%/IRS 0%/Larvicide 0%,0;0.4;0.4_0;0;0_0;0;0_-100;2;5475_-100;2;5475_-100;2;5475,29.3917808219178,Prevalence,0.00750122806698622
NbyGQVwzFc_loc12_loop6,12,ITN 0%/IRS 0%/Larvicide 0%,0;0.4;0.4_0;0;0_0;0;0_-100;2;5475_-100;2;5475_-100;2;5475,29.3945205479452,Prevalence,0.00750428746805119
NbyGQVwzFc_loc12_loop6,12,ITN 0%/IRS 0%/Larvicide 0%,0;0.4;0.4_0;0;0_0;0;0_-100;2;5475_-100;2;5475_-100;2;5475,29.3972602739726,Prevalence,0.00750735241435503
NbyGQVwzFc_loc12_loop6,12,ITN 0%/IRS 0%/Larvicide 0%,0;0.4;0.4_0;0;0_0;0;0_-100;2;5475_-100;2;5475_-100;2;5475,29.4,Prevalence,0.00751042289788005
NbyGQVwzFc_loc12_loop6,12,ITN 0%/IRS 0%/Larvicide 0%,0;0.4;0.4_0;0;0_0;0;0_-100;2;5475_-100;2;5475_-100;2;5475,29.4027397260274,Prevalence,0.00751349891061577
NbyGQVwzFc_loc12_loop6,12,ITN 0%/IRS 0%/Larvicide 0%,0;0.4;0.4_0;0;0_0;0;0_-100;2;5475_-100;2;5475_-100;2;5475,29.4054794520548,Prevalence,0.00751658044455888
NbyGQVwzFc_loc12_loop6,12,ITN 0%/IRS 0%/Larvicide 0%,0;0.4;0.4_0;0;0_0;0;0_-100;2;5475_-100;2;5475_-100;2;5475,29.4082191780822,Prevalence,0.00751966749171314
NbyGQVwzFc_loc12_loop6,12,ITN 0%/IRS 0%/Larvicide 0%,0;0.4;0.4_0;0;0_0;0;0_-100;2;5475_-100;2;5475_-100;2;5475,29.4109589041096,Prevalence,0.00752276004408928
NbyGQVwzFc_loc12_loop6,12,ITN 0%/IRS 0%/Larvicide 0%,0;0.4;0.4_0;0;0_0;0;0_-100;2;5475_-100;2;5475_-100;2;5475,29.413698630137,Prevalence,0.00752585809370496
NbyGQVwzFc_loc12_loop6,12,ITN 0%/IRS 0%/Larvicide 0%,0;0.4;0.4_0;0;0_0;0;0_-100;2;5475_-100;2;5475_-100;2;5475,29.4164383561644,Prevalence,0.00752896163258469
NbyGQVwzFc_loc12_loop6,12,ITN 0%/IRS 0%/Larvicide 0%,0;0.4;0.4_0;0;0_0;0;0_-100;2;5475_-100;2;5475_-100;2;5475,29.4191780821918,Prevalence,0.00753207065275974
NbyGQVwzFc_loc12_loop6,12,ITN 0%/IRS 0%/Larvicide 0%,0;0.4;0.4_0;0;0_0;0;0_-100;2;5475_-100;2;5475_-100;2;5475,29.4219178082192,Prevalence,0.00753518514626808
NbyGQVwzFc_loc12_loop6,12,ITN 0%/IRS 0%/Larvicide 0%,0;0.4;0.4_0;0;0_0;0;0_-100;2;5475_-100;2;5475_-100;2;5475,29.4246575342466,Prevalence,0.00753830510515428
NbyGQVwzFc_loc12_loop6,12,ITN 0%/IRS 0%/Larvicide 0%,0;0.4;0.4_0;0;0_0;0;0_-100;2;5475_-100;2;5475_-100;2;5475,29.427397260274,Prevalence,0.00754143052146945
NbyGQVwzFc_loc12_loop6,12,ITN 0%/IRS 0%/Larvicide 0%,0;0.4;0.4_0;0;0_0;0;0_-100;2;5475_-100;2;5475_-100;2;5475,29.4301369863014,Prevalence,0.0075445613872712
NbyGQVwzFc_loc12_loop6,12,ITN 0%/IRS 0%/Larvicide 0%,0;0.4;0.4_0;0;0_0;0;0_-100;2;5475_-100;2;5475_-100;2;5475,29.4328767123288,Prevalence,0.0075476976946235
NbyGQVwzFc_loc12_loop6,12,ITN 0%/IRS 0%/Larvicide 0%,0;0.4;0.4_0;0;0_0;0;0_-100;2;5475_-100;2;5475_-100;2;5475,29.4356164383562,Prevalence,0.00755083943559666
NbyGQVwzFc_loc12_loop6,12,ITN 0%/IRS 0%/Larvicide 0%,0;0.4;0.4_0;0;0_0;0;0_-100;2;5475_-100;2;5475_-100;2;5475,29.4383561643836,Prevalence,0.00755398660226723
NbyGQVwzFc_loc12_loop6,12,ITN 0%/IRS 0%/Larvicide 0%,0;0.4;0.4_0;0;0_0;0;0_-100;2;5475_-100;2;5475_-100;2;5475,29.441095890411,Prevalence,0.00755713918671794
NbyGQVwzFc_loc12_loop6,12,ITN 0%/IRS 0%/Larvicide 0%,0;0.4;0.4_0;0;0_0;0;0_-100;2;5475_-100;2;5475_-100;2;5475,29.4438356164384,Prevalence,0.00756029718103764
NbyGQVwzFc_loc12_loop6,12,ITN 0%/IRS 0%/Larvicide 0%,0;0.4;0.4_0;0;0_0;0;0_-100;2;5475_-100;2;5475_-100;2;5475,29.4465753424658,Prevalence,0.00756346057732119
NbyGQVwzFc_loc12_loop6,12,ITN 0%/IRS 0%/Larvicide 0%,0;0.4;0.4_0;0;0_0;0;0_-100;2;5475_-100;2;5475_-100;2;5475,29.4493150684932,Prevalence,0.00756662936766944
NbyGQVwzFc_loc12_loop6,12,ITN 0%/IRS 0%/Larvicide 0%,0;0.4;0.4_0;0;0_0;0;0_-100;2;5475_-100;2;5475_-100;2;5475,29.4520547945206,Prevalence,0.00756980354418912
NbyGQVwzFc_loc12_loop6,12,ITN 0%/IRS 0%/Larvicide 0%,0;0.4;0.4_0;0;0_0;0;0_-100;2;5475_-100;2;5475_-100;2;5475,29.4547945205479,Prevalence,0.00757298309899281
NbyGQVwzFc_loc12_loop6,12,ITN 0%/IRS 0%/Larvicide 0%,0;0.4;0.4_0;0;0_0;0;0_-100;2;5475_-100;2;5475_-100;2;5475,29.4575342465753,Prevalence,0.0075761680241988
NbyGQVwzFc_loc12_loop6,12,ITN 0%/IRS 0%/Larvicide 0%,0;0.4;0.4_0;0;0_0;0;0_-100;2;5475_-100;2;5475_-100;2;5475,29.4602739726027,Prevalence,0.00757935831193112
NbyGQVwzFc_loc12_loop6,12,ITN 0%/IRS 0%/Larvicide 0%,0;0.4;0.4_0;0;0_0;0;0_-100;2;5475_-100;2;5475_-100;2;5475,29.4630136986301,Prevalence,0.00758255395431938
NbyGQVwzFc_loc12_loop6,12,ITN 0%/IRS 0%/Larvicide 0%,0;0.4;0.4_0;0;0_0;0;0_-100;2;5475_-100;2;5475_-100;2;5475,29.4657534246575,Prevalence,0.00758575494349876
NbyGQVwzFc_loc12_loop6,12,ITN 0%/IRS 0%/Larvicide 0%,0;0.4;0.4_0;0;0_0;0;0_-100;2;5475_-100;2;5475_-100;2;5475,29.4684931506849,Prevalence,0.00758896127160991
NbyGQVwzFc_loc12_loop6,12,ITN 0%/IRS 0%/Larvicide 0%,0;0.4;0.4_0;0;0_0;0;0_-100;2;5475_-100;2;5475_-100;2;5475,29.4712328767123,Prevalence,0.00759217293079893
NbyGQVwzFc_loc12_loop6,12,ITN 0%/IRS 0%/Larvicide 0%,0;0.4;0.4_0;0;0_0;0;0_-100;2;5475_-100;2;5475_-100;2;5475,29.4739726027397,Prevalence,0.00759538991321721
NbyGQVwzFc_loc12_loop6,12,ITN 0%/IRS 0%/Larvicide 0%,0;0.4;0.4_0;0;0_0;0;0_-100;2;5475_-100;2;5475_-100;2;5475,29.4767123287671,Prevalence,0.00759861221102145
NbyGQVwzFc_loc12_loop6,12,ITN 0%/IRS 0%/Larvicide 0%,0;0.4;0.4_0;0;0_0;0;0_-100;2;5475_-100;2;5475_-100;2;5475,29.4794520547945,Prevalence,0.00760183981637358
NbyGQVwzFc_loc12_loop6,12,ITN 0%/IRS 0%/Larvicide 0%,0;0.4;0.4_0;0;0_0;0;0_-100;2;5475_-100;2;5475_-100;2;5475,29.4821917808219,Prevalence,0.00760507272144067
NbyGQVwzFc_loc12_loop6,12,ITN 0%/IRS 0%/Larvicide 0%,0;0.4;0.4_0;0;0_0;0;0_-100;2;5475_-100;2;5475_-100;2;5475,29.4849315068493,Prevalence,0.00760831091839486
NbyGQVwzFc_loc12_loop6,12,ITN 0%/IRS 0%/Larvicide 0%,0;0.4;0.4_0;0;0_0;0;0_-100;2;5475_-100;2;5475_-100;2;5475,29.4876712328767,Prevalence,0.00761155439941339
NbyGQVwzFc_loc12_loop6,12,ITN 0%/IRS 0%/Larvicide 0%,0;0.4;0.4_0;0;0_0;0;0_-100;2;5475_-100;2;5475_-100;2;5475,29.4904109589041,Prevalence,0.00761480315667835
NbyGQVwzFc_loc12_loop6,12,ITN 0%/IRS 0%/Larvicide 0%,0;0.4;0.4_0;0;0_0;0;0_-100;2;5475_-100;2;5475_-100;2;5475,29.4931506849315,Prevalence,0.00761805718237668
NbyGQVwzFc_loc12_loop6,12,ITN 0%/IRS 0%/Larvicide 0%,0;0.4;0.4_0;0;0_0;0;0_-100;2;5475_-100;2;5475_-100;2;5475,29.4958904109589,Prevalence,0.00762131646870013
NbyGQVwzFc_loc12_loop6,12,ITN 0%/IRS 0%/Larvicide 0%,0;0.4;0.4_0;0;0_0;0;0_-100;2;5475_-100;2;5475_-100;2;5475,29.4986301369863,Prevalence,0.00762458100784523
NbyGQVwzFc_loc12_loop6,12,ITN 0%/IRS 0%/Larvicide 0%,0;0.4;0.4_0;0;0_0;0;0_-100;2;5475_-100;2;5475_-100;2;5475,29.5013698630137,Prevalence,0.0076278507920132
NbyGQVwzFc_loc12_loop6,12,ITN 0%/IRS 0%/Larvicide 0%,0;0.4;0.4_0;0;0_0;0;0_-100;2;5475_-100;2;5475_-100;2;5475,29.5041095890411,Prevalence,0.0076311258134099
NbyGQVwzFc_loc12_loop6,12,ITN 0%/IRS 0%/Larvicide 0%,0;0.4;0.4_0;0;0_0;0;0_-100;2;5475_-100;2;5475_-100;2;5475,29.5068493150685,Prevalence,0.00763440606424578
NbyGQVwzFc_loc12_loop6,12,ITN 0%/IRS 0%/Larvicide 0%,0;0.4;0.4_0;0;0_0;0;0_-100;2;5475_-100;2;5475_-100;2;5475,29.5095890410959,Prevalence,0.00763769153673579
NbyGQVwzFc_loc12_loop6,12,ITN 0%/IRS 0%/Larvicide 0%,0;0.4;0.4_0;0;0_0;0;0_-100;2;5475_-100;2;5475_-100;2;5475,29.5123287671233,Prevalence,0.00764098222309935
NbyGQVwzFc_loc12_loop6,12,ITN 0%/IRS 0%/Larvicide 0%,0;0.4;0.4_0;0;0_0;0;0_-100;2;5475_-100;2;5475_-100;2;5475,29.5150684931507,Prevalence,0.00764427811556027
NbyGQVwzFc_loc12_loop6,12,ITN 0%/IRS 0%/Larvicide 0%,0;0.4;0.4_0;0;0_0;0;0_-100;2;5475_-100;2;5475_-100;2;5475,29.5178082191781,Prevalence,0.00764757920634668
NbyGQVwzFc_loc12_loop6,12,ITN 0%/IRS 0%/Larvicide 0%,0;0.4;0.4_0;0;0_0;0;0_-100;2;5475_-100;2;5475_-100;2;5475,29.5205479452055,Prevalence,0.00765088548769102
NbyGQVwzFc_loc12_loop6,12,ITN 0%/IRS 0%/Larvicide 0%,0;0.4;0.4_0;0;0_0;0;0_-100;2;5475_-100;2;5475_-100;2;5475,29.5232876712329,Prevalence,0.0076541969518299
NbyGQVwzFc_loc12_loop6,12,ITN 0%/IRS 0%/Larvicide 0%,0;0.4;0.4_0;0;0_0;0;0_-100;2;5475_-100;2;5475_-100;2;5475,29.5260273972603,Prevalence,0.0076575135910041
NbyGQVwzFc_loc12_loop6,12,ITN 0%/IRS 0%/Larvicide 0%,0;0.4;0.4_0;0;0_0;0;0_-100;2;5475_-100;2;5475_-100;2;5475,29.5287671232877,Prevalence,0.00766083539745853
NbyGQVwzFc_loc12_loop6,12,ITN 0%/IRS 0%/Larvicide 0%,0;0.4;0.4_0;0;0_0;0;0_-100;2;5475_-100;2;5475_-100;2;5475,29.5315068493151,Prevalence,0.00766416236344209
NbyGQVwzFc_loc12_loop6,12,ITN 0%/IRS 0%/Larvicide 0%,0;0.4;0.4_0;0;0_0;0;0_-100;2;5475_-100;2;5475_-100;2;5475,29.5342465753425,Prevalence,0.00766749448120771
NbyGQVwzFc_loc12_loop6,12,ITN 0%/IRS 0%/Larvicide 0%,0;0.4;0.4_0;0;0_0;0;0_-100;2;5475_-100;2;5475_-100;2;5475,29.5369863013699,Prevalence,0.0076708317430122
NbyGQVwzFc_loc12_loop6,12,ITN 0%/IRS 0%/Larvicide 0%,0;0.4;0.4_0;0;0_0;0;0_-100;2;5475_-100;2;5475_-100;2;5475,29.5397260273973,Prevalence,0.00767417414111626
NbyGQVwzFc_loc12_loop6,12,ITN 0%/IRS 0%/Larvicide 0%,0;0.4;0.4_0;0;0_0;0;0_-100;2;5475_-100;2;5475_-100;2;5475,29.5424657534247,Prevalence,0.00767752166778437
NbyGQVwzFc_loc12_loop6,12,ITN 0%/IRS 0%/Larvicide 0%,0;0.4;0.4_0;0;0_0;0;0_-100;2;5475_-100;2;5475_-100;2;5475,29.5452054794521,Prevalence,0.00768087431528479
NbyGQVwzFc_loc12_loop6,12,ITN 0%/IRS 0%/Larvicide 0%,0;0.4;0.4_0;0;0_0;0;0_-100;2;5475_-100;2;5475_-100;2;5475,29.5479452054795,Prevalence,0.00768423207588948
NbyGQVwzFc_loc12_loop6,12,ITN 0%/IRS 0%/Larvicide 0%,0;0.4;0.4_0;0;0_0;0;0_-100;2;5475_-100;2;5475_-100;2;5475,29.5506849315069,Prevalence,0.00768759494187403
NbyGQVwzFc_loc12_loop6,12,ITN 0%/IRS 0%/Larvicide 0%,0;0.4;0.4_0;0;0_0;0;0_-100;2;5475_-100;2;5475_-100;2;5475,29.5534246575343,Prevalence,0.00769096290551761
NbyGQVwzFc_loc12_loop6,12,ITN 0%/IRS 0%/Larvicide 0%,0;0.4;0.4_0;0;0_0;0;0_-100;2;5475_-100;2;5475_-100;2;5475,29.5561643835616,Prevalence,0.00769433595910293
NbyGQVwzFc_loc12_loop6,12,ITN 0%/IRS 0%/Larvicide 0%,0;0.4;0.4_0;0;0_0;0;0_-100;2;5475_-100;2;5475_-100;2;5475,29.558904109589,Prevalence,0.00769771409491616
NbyGQVwzFc_loc12_loop6,12,ITN 0%/IRS 0%/Larvicide 0%,0;0.4;0.4_0;0;0_0;0;0_-100;2;5475_-100;2;5475_-100;2;5475,29.5616438356164,Prevalence,0.00770109730524692
NbyGQVwzFc_loc12_loop6,12,ITN 0%/IRS 0%/Larvicide 0%,0;0.4;0.4_0;0;0_0;0;0_-100;2;5475_-100;2;5475_-100;2;5475,29.5643835616438,Prevalence,0.00770448558238816
NbyGQVwzFc_loc12_loop6,12,ITN 0%/IRS 0%/Larvicide 0%,0;0.4;0.4_0;0;0_0;0;0_-100;2;5475_-100;2;5475_-100;2;5475,29.5671232876712,Prevalence,0.00770787891863618
NbyGQVwzFc_loc12_loop6,12,ITN 0%/IRS 0%/Larvicide 0%,0;0.4;0.4_0;0;0_0;0;0_-100;2;5475_-100;2;5475_-100;2;5475,29.5698630136986,Prevalence,0.00771127730629052
NbyGQVwzFc_loc12_loop6,12,ITN 0%/IRS 0%/Larvicide 0%,0;0.4;0.4_0;0;0_0;0;0_-100;2;5475_-100;2;5475_-100;2;5475,29.572602739726,Prevalence,0.00771468073765391
NbyGQVwzFc_loc12_loop6,12,ITN 0%/IRS 0%/Larvicide 0%,0;0.4;0.4_0;0;0_0;0;0_-100;2;5475_-100;2;5475_-100;2;5475,29.5753424657534,Prevalence,0.00771808920503231
NbyGQVwzFc_loc12_loop6,12,ITN 0%/IRS 0%/Larvicide 0%,0;0.4;0.4_0;0;0_0;0;0_-100;2;5475_-100;2;5475_-100;2;5475,29.5780821917808,Prevalence,0.00772150270073469
NbyGQVwzFc_loc12_loop6,12,ITN 0%/IRS 0%/Larvicide 0%,0;0.4;0.4_0;0;0_0;0;0_-100;2;5475_-100;2;5475_-100;2;5475,29.5808219178082,Prevalence,0.00772492121707313
NbyGQVwzFc_loc12_loop6,12,ITN 0%/IRS 0%/Larvicide 0%,0;0.4;0.4_0;0;0_0;0;0_-100;2;5475_-100;2;5475_-100;2;5475,29.5835616438356,Prevalence,0.00772834474636269
NbyGQVwzFc_loc12_loop6,12,ITN 0%/IRS 0%/Larvicide 0%,0;0.4;0.4_0;0;0_0;0;0_-100;2;5475_-100;2;5475_-100;2;5475,29.586301369863,Prevalence,0.00773177328092139
NbyGQVwzFc_loc12_loop6,12,ITN 0%/IRS 0%/Larvicide 0%,0;0.4;0.4_0;0;0_0;0;0_-100;2;5475_-100;2;5475_-100;2;5475,29.5890410958904,Prevalence,0.00773520681307014
NbyGQVwzFc_loc12_loop6,12,ITN 0%/IRS 0%/Larvicide 0%,0;0.4;0.4_0;0;0_0;0;0_-100;2;5475_-100;2;5475_-100;2;5475,29.5917808219178,Prevalence,0.00773864533513271
NbyGQVwzFc_loc12_loop6,12,ITN 0%/IRS 0%/Larvicide 0%,0;0.4;0.4_0;0;0_0;0;0_-100;2;5475_-100;2;5475_-100;2;5475,29.5945205479452,Prevalence,0.00774208883943565
NbyGQVwzFc_loc12_loop6,12,ITN 0%/IRS 0%/Larvicide 0%,0;0.4;0.4_0;0;0_0;0;0_-100;2;5475_-100;2;5475_-100;2;5475,29.5972602739726,Prevalence,0.00774553731830827
NbyGQVwzFc_loc12_loop6,12,ITN 0%/IRS 0%/Larvicide 0%,0;0.4;0.4_0;0;0_0;0;0_-100;2;5475_-100;2;5475_-100;2;5475,29.6,Prevalence,0.00774899076408258
NbyGQVwzFc_loc12_loop6,12,ITN 0%/IRS 0%/Larvicide 0%,0;0.4;0.4_0;0;0_0;0;0_-100;2;5475_-100;2;5475_-100;2;5475,29.6027397260274,Prevalence,0.00775244916909324
NbyGQVwzFc_loc12_loop6,12,ITN 0%/IRS 0%/Larvicide 0%,0;0.4;0.4_0;0;0_0;0;0_-100;2;5475_-100;2;5475_-100;2;5475,29.6054794520548,Prevalence,0.00775591252567756
NbyGQVwzFc_loc12_loop6,12,ITN 0%/IRS 0%/Larvicide 0%,0;0.4;0.4_0;0;0_0;0;0_-100;2;5475_-100;2;5475_-100;2;5475,29.6082191780822,Prevalence,0.00775938082617531
NbyGQVwzFc_loc12_loop6,12,ITN 0%/IRS 0%/Larvicide 0%,0;0.4;0.4_0;0;0_0;0;0_-100;2;5475_-100;2;5475_-100;2;5475,29.6109589041096,Prevalence,0.00776285406292876
NbyGQVwzFc_loc12_loop6,12,ITN 0%/IRS 0%/Larvicide 0%,0;0.4;0.4_0;0;0_0;0;0_-100;2;5475_-100;2;5475_-100;2;5475,29.613698630137,Prevalence,0.0077663322282826
NbyGQVwzFc_loc12_loop6,12,ITN 0%/IRS 0%/Larvicide 0%,0;0.4;0.4_0;0;0_0;0;0_-100;2;5475_-100;2;5475_-100;2;5475,29.6164383561644,Prevalence,0.00776981531458395
NbyGQVwzFc_loc12_loop6,12,ITN 0%/IRS 0%/Larvicide 0%,0;0.4;0.4_0;0;0_0;0;0_-100;2;5475_-100;2;5475_-100;2;5475,29.6191780821918,Prevalence,0.00777330331418229
NbyGQVwzFc_loc12_loop6,12,ITN 0%/IRS 0%/Larvicide 0%,0;0.4;0.4_0;0;0_0;0;0_-100;2;5475_-100;2;5475_-100;2;5475,29.6219178082192,Prevalence,0.00777679621942941
NbyGQVwzFc_loc12_loop6,12,ITN 0%/IRS 0%/Larvicide 0%,0;0.4;0.4_0;0;0_0;0;0_-100;2;5475_-100;2;5475_-100;2;5475,29.6246575342466,Prevalence,0.00778029402267941
NbyGQVwzFc_loc12_loop6,12,ITN 0%/IRS 0%/Larvicide 0%,0;0.4;0.4_0;0;0_0;0;0_-100;2;5475_-100;2;5475_-100;2;5475,29.627397260274,Prevalence,0.00778379671628855
NbyGQVwzFc_loc12_loop6,12,ITN 0%/IRS 0%/Larvicide 0%,0;0.4;0.4_0;0;0_0;0;0_-100;2;5475_-100;2;5475_-100;2;5475,29.6301369863014,Prevalence,0.00778730429261534
NbyGQVwzFc_loc12_loop6,12,ITN 0%/IRS 0%/Larvicide 0%,0;0.4;0.4_0;0;0_0;0;0_-100;2;5475_-100;2;5475_-100;2;5475,29.6328767123288,Prevalence,0.00779081674402038
NbyGQVwzFc_loc12_loop6,12,ITN 0%/IRS 0%/Larvicide 0%,0;0.4;0.4_0;0;0_0;0;0_-100;2;5475_-100;2;5475_-100;2;5475,29.6356164383562,Prevalence,0.00779433406286639
NbyGQVwzFc_loc12_loop6,12,ITN 0%/IRS 0%/Larvicide 0%,0;0.4;0.4_0;0;0_0;0;0_-100;2;5475_-100;2;5475_-100;2;5475,29.6383561643836,Prevalence,0.00779785624151812
NbyGQVwzFc_loc12_loop6,12,ITN 0%/IRS 0%/Larvicide 0%,0;0.4;0.4_0;0;0_0;0;0_-100;2;5475_-100;2;5475_-100;2;5475,29.641095890411,Prevalence,0.00780138327234232
NbyGQVwzFc_loc12_loop6,12,ITN 0%/IRS 0%/Larvicide 0%,0;0.4;0.4_0;0;0_0;0;0_-100;2;5475_-100;2;5475_-100;2;5475,29.6438356164384,Prevalence,0.0078049151477077
NbyGQVwzFc_loc12_loop6,12,ITN 0%/IRS 0%/Larvicide 0%,0;0.4;0.4_0;0;0_0;0;0_-100;2;5475_-100;2;5475_-100;2;5475,29.6465753424658,Prevalence,0.00780845185998491
NbyGQVwzFc_loc12_loop6,12,ITN 0%/IRS 0%/Larvicide 0%,0;0.4;0.4_0;0;0_0;0;0_-100;2;5475_-100;2;5475_-100;2;5475,29.6493150684932,Prevalence,0.00781199340154644
NbyGQVwzFc_loc12_loop6,12,ITN 0%/IRS 0%/Larvicide 0%,0;0.4;0.4_0;0;0_0;0;0_-100;2;5475_-100;2;5475_-100;2;5475,29.6520547945206,Prevalence,0.00781553976476663
NbyGQVwzFc_loc12_loop6,12,ITN 0%/IRS 0%/Larvicide 0%,0;0.4;0.4_0;0;0_0;0;0_-100;2;5475_-100;2;5475_-100;2;5475,29.6547945205479,Prevalence,0.0078190909420216
NbyGQVwzFc_loc12_loop6,12,ITN 0%/IRS 0%/Larvicide 0%,0;0.4;0.4_0;0;0_0;0;0_-100;2;5475_-100;2;5475_-100;2;5475,29.6575342465753,Prevalence,0.00782264692568921
NbyGQVwzFc_loc12_loop6,12,ITN 0%/IRS 0%/Larvicide 0%,0;0.4;0.4_0;0;0_0;0;0_-100;2;5475_-100;2;5475_-100;2;5475,29.6602739726027,Prevalence,0.00782620770814902
NbyGQVwzFc_loc12_loop6,12,ITN 0%/IRS 0%/Larvicide 0%,0;0.4;0.4_0;0;0_0;0;0_-100;2;5475_-100;2;5475_-100;2;5475,29.6630136986301,Prevalence,0.00782977328178227
NbyGQVwzFc_loc12_loop6,12,ITN 0%/IRS 0%/Larvicide 0%,0;0.4;0.4_0;0;0_0;0;0_-100;2;5475_-100;2;5475_-100;2;5475,29.6657534246575,Prevalence,0.0078333436389718
NbyGQVwzFc_loc12_loop6,12,ITN 0%/IRS 0%/Larvicide 0%,0;0.4;0.4_0;0;0_0;0;0_-100;2;5475_-100;2;5475_-100;2;5475,29.6684931506849,Prevalence,0.00783691877210205
NbyGQVwzFc_loc12_loop6,12,ITN 0%/IRS 0%/Larvicide 0%,0;0.4;0.4_0;0;0_0;0;0_-100;2;5475_-100;2;5475_-100;2;5475,29.6712328767123,Prevalence,0.00784049867355897
NbyGQVwzFc_loc12_loop6,12,ITN 0%/IRS 0%/Larvicide 0%,0;0.4;0.4_0;0;0_0;0;0_-100;2;5475_-100;2;5475_-100;2;5475,29.6739726027397,Prevalence,0.00784408333573002
NbyGQVwzFc_loc12_loop6,12,ITN 0%/IRS 0%/Larvicide 0%,0;0.4;0.4_0;0;0_0;0;0_-100;2;5475_-100;2;5475_-100;2;5475,29.6767123287671,Prevalence,0.00784767275100415
NbyGQVwzFc_loc12_loop6,12,ITN 0%/IRS 0%/Larvicide 0%,0;0.4;0.4_0;0;0_0;0;0_-100;2;5475_-100;2;5475_-100;2;5475,29.6794520547945,Prevalence,0.00785126691177167
NbyGQVwzFc_loc12_loop6,12,ITN 0%/IRS 0%/Larvicide 0%,0;0.4;0.4_0;0;0_0;0;0_-100;2;5475_-100;2;5475_-100;2;5475,29.6821917808219,Prevalence,0.0078548658104243
NbyGQVwzFc_loc12_loop6,12,ITN 0%/IRS 0%/Larvicide 0%,0;0.4;0.4_0;0;0_0;0;0_-100;2;5475_-100;2;5475_-100;2;5475,29.6849315068493,Prevalence,0.00785846943935512
NbyGQVwzFc_loc12_loop6,12,ITN 0%/IRS 0%/Larvicide 0%,0;0.4;0.4_0;0;0_0;0;0_-100;2;5475_-100;2;5475_-100;2;5475,29.6876712328767,Prevalence,0.00786207779095846
NbyGQVwzFc_loc12_loop6,12,ITN 0%/IRS 0%/Larvicide 0%,0;0.4;0.4_0;0;0_0;0;0_-100;2;5475_-100;2;5475_-100;2;5475,29.6904109589041,Prevalence,0.00786569085762997
NbyGQVwzFc_loc12_loop6,12,ITN 0%/IRS 0%/Larvicide 0%,0;0.4;0.4_0;0;0_0;0;0_-100;2;5475_-100;2;5475_-100;2;5475,29.6931506849315,Prevalence,0.00786930863176647
NbyGQVwzFc_loc12_loop6,12,ITN 0%/IRS 0%/Larvicide 0%,0;0.4;0.4_0;0;0_0;0;0_-100;2;5475_-100;2;5475_-100;2;5475,29.6958904109589,Prevalence,0.00787293110576601
NbyGQVwzFc_loc12_loop6,12,ITN 0%/IRS 0%/Larvicide 0%,0;0.4;0.4_0;0;0_0;0;0_-100;2;5475_-100;2;5475_-100;2;5475,29.6986301369863,Prevalence,0.00787655827202777
NbyGQVwzFc_loc12_loop6,12,ITN 0%/IRS 0%/Larvicide 0%,0;0.4;0.4_0;0;0_0;0;0_-100;2;5475_-100;2;5475_-100;2;5475,29.7013698630137,Prevalence,0.00788019012295205
NbyGQVwzFc_loc12_loop6,12,ITN 0%/IRS 0%/Larvicide 0%,0;0.4;0.4_0;0;0_0;0;0_-100;2;5475_-100;2;5475_-100;2;5475,29.7041095890411,Prevalence,0.00788382665094021
NbyGQVwzFc_loc12_loop6,12,ITN 0%/IRS 0%/Larvicide 0%,0;0.4;0.4_0;0;0_0;0;0_-100;2;5475_-100;2;5475_-100;2;5475,29.7068493150685,Prevalence,0.00788746784839466
NbyGQVwzFc_loc12_loop6,12,ITN 0%/IRS 0%/Larvicide 0%,0;0.4;0.4_0;0;0_0;0;0_-100;2;5475_-100;2;5475_-100;2;5475,29.7095890410959,Prevalence,0.00789111370771881
NbyGQVwzFc_loc12_loop6,12,ITN 0%/IRS 0%/Larvicide 0%,0;0.4;0.4_0;0;0_0;0;0_-100;2;5475_-100;2;5475_-100;2;5475,29.7123287671233,Prevalence,0.00789476422131702
NbyGQVwzFc_loc12_loop6,12,ITN 0%/IRS 0%/Larvicide 0%,0;0.4;0.4_0;0;0_0;0;0_-100;2;5475_-100;2;5475_-100;2;5475,29.7150684931507,Prevalence,0.00789841938159462
NbyGQVwzFc_loc12_loop6,12,ITN 0%/IRS 0%/Larvicide 0%,0;0.4;0.4_0;0;0_0;0;0_-100;2;5475_-100;2;5475_-100;2;5475,29.7178082191781,Prevalence,0.00790207918095781
NbyGQVwzFc_loc12_loop6,12,ITN 0%/IRS 0%/Larvicide 0%,0;0.4;0.4_0;0;0_0;0;0_-100;2;5475_-100;2;5475_-100;2;5475,29.7205479452055,Prevalence,0.00790574361181364
NbyGQVwzFc_loc12_loop6,12,ITN 0%/IRS 0%/Larvicide 0%,0;0.4;0.4_0;0;0_0;0;0_-100;2;5475_-100;2;5475_-100;2;5475,29.7232876712329,Prevalence,0.00790941266656999
NbyGQVwzFc_loc12_loop6,12,ITN 0%/IRS 0%/Larvicide 0%,0;0.4;0.4_0;0;0_0;0;0_-100;2;5475_-100;2;5475_-100;2;5475,29.7260273972603,Prevalence,0.00791308633763554
NbyGQVwzFc_loc12_loop6,12,ITN 0%/IRS 0%/Larvicide 0%,0;0.4;0.4_0;0;0_0;0;0_-100;2;5475_-100;2;5475_-100;2;5475,29.7287671232877,Prevalence,0.00791676461741972
NbyGQVwzFc_loc12_loop6,12,ITN 0%/IRS 0%/Larvicide 0%,0;0.4;0.4_0;0;0_0;0;0_-100;2;5475_-100;2;5475_-100;2;5475,29.7315068493151,Prevalence,0.00792044749833269
NbyGQVwzFc_loc12_loop6,12,ITN 0%/IRS 0%/Larvicide 0%,0;0.4;0.4_0;0;0_0;0;0_-100;2;5475_-100;2;5475_-100;2;5475,29.7342465753425,Prevalence,0.00792413497278528
NbyGQVwzFc_loc12_loop6,12,ITN 0%/IRS 0%/Larvicide 0%,0;0.4;0.4_0;0;0_0;0;0_-100;2;5475_-100;2;5475_-100;2;5475,29.7369863013699,Prevalence,0.0079278270331889
NbyGQVwzFc_loc12_loop6,12,ITN 0%/IRS 0%/Larvicide 0%,0;0.4;0.4_0;0;0_0;0;0_-100;2;5475_-100;2;5475_-100;2;5475,29.7397260273973,Prevalence,0.00793152367195562
NbyGQVwzFc_loc12_loop6,12,ITN 0%/IRS 0%/Larvicide 0%,0;0.4;0.4_0;0;0_0;0;0_-100;2;5475_-100;2;5475_-100;2;5475,29.7424657534247,Prevalence,0.00793522488149808
NbyGQVwzFc_loc12_loop6,12,ITN 0%/IRS 0%/Larvicide 0%,0;0.4;0.4_0;0;0_0;0;0_-100;2;5475_-100;2;5475_-100;2;5475,29.7452054794521,Prevalence,0.00793893065422946
NbyGQVwzFc_loc12_loop6,12,ITN 0%/IRS 0%/Larvicide 0%,0;0.4;0.4_0;0;0_0;0;0_-100;2;5475_-100;2;5475_-100;2;5475,29.7479452054795,Prevalence,0.00794264098256348
NbyGQVwzFc_loc12_loop6,12,ITN 0%/IRS 0%/Larvicide 0%,0;0.4;0.4_0;0;0_0;0;0_-100;2;5475_-100;2;5475_-100;2;5475,29.7506849315069,Prevalence,0.00794635585891438
NbyGQVwzFc_loc12_loop6,12,ITN 0%/IRS 0%/Larvicide 0%,0;0.4;0.4_0;0;0_0;0;0_-100;2;5475_-100;2;5475_-100;2;5475,29.7534246575342,Prevalence,0.0079500752756968
NbyGQVwzFc_loc12_loop6,12,ITN 0%/IRS 0%/Larvicide 0%,0;0.4;0.4_0;0;0_0;0;0_-100;2;5475_-100;2;5475_-100;2;5475,29.7561643835616,Prevalence,0.00795379922532587
NbyGQVwzFc_loc12_loop6,12,ITN 0%/IRS 0%/Larvicide 0%,0;0.4;0.4_0;0;0_0;0;0_-100;2;5475_-100;2;5475_-100;2;5475,29.758904109589,Prevalence,0.00795752770021708
NbyGQVwzFc_loc12_loop6,12,ITN 0%/IRS 0%/Larvicide 0%,0;0.4;0.4_0;0;0_0;0;0_-100;2;5475_-100;2;5475_-100;2;5475,29.7616438356164,Prevalence,0.00796126069278629
NbyGQVwzFc_loc12_loop6,12,ITN 0%/IRS 0%/Larvicide 0%,0;0.4;0.4_0;0;0_0;0;0_-100;2;5475_-100;2;5475_-100;2;5475,29.7643835616438,Prevalence,0.00796499819544972
NbyGQVwzFc_loc12_loop6,12,ITN 0%/IRS 0%/Larvicide 0%,0;0.4;0.4_0;0;0_0;0;0_-100;2;5475_-100;2;5475_-100;2;5475,29.7671232876712,Prevalence,0.00796874020062388
NbyGQVwzFc_loc12_loop6,12,ITN 0%/IRS 0%/Larvicide 0%,0;0.4;0.4_0;0;0_0;0;0_-100;2;5475_-100;2;5475_-100;2;5475,29.7698630136986,Prevalence,0.00797248670072557
NbyGQVwzFc_loc12_loop6,12,ITN 0%/IRS 0%/Larvicide 0%,0;0.4;0.4_0;0;0_0;0;0_-100;2;5475_-100;2;5475_-100;2;5475,29.772602739726,Prevalence,0.00797623768817182
NbyGQVwzFc_loc12_loop6,12,ITN 0%/IRS 0%/Larvicide 0%,0;0.4;0.4_0;0;0_0;0;0_-100;2;5475_-100;2;5475_-100;2;5475,29.7753424657534,Prevalence,0.00797999315537987
NbyGQVwzFc_loc12_loop6,12,ITN 0%/IRS 0%/Larvicide 0%,0;0.4;0.4_0;0;0_0;0;0_-100;2;5475_-100;2;5475_-100;2;5475,29.7780821917808,Prevalence,0.00798375309476718
NbyGQVwzFc_loc12_loop6,12,ITN 0%/IRS 0%/Larvicide 0%,0;0.4;0.4_0;0;0_0;0;0_-100;2;5475_-100;2;5475_-100;2;5475,29.7808219178082,Prevalence,0.00798751749875135
NbyGQVwzFc_loc12_loop6,12,ITN 0%/IRS 0%/Larvicide 0%,0;0.4;0.4_0;0;0_0;0;0_-100;2;5475_-100;2;5475_-100;2;5475,29.7835616438356,Prevalence,0.0079912863597501
NbyGQVwzFc_loc12_loop6,12,ITN 0%/IRS 0%/Larvicide 0%,0;0.4;0.4_0;0;0_0;0;0_-100;2;5475_-100;2;5475_-100;2;5475,29.786301369863,Prevalence,0.00799505967018128
NbyGQVwzFc_loc12_loop6,12,ITN 0%/IRS 0%/Larvicide 0%,0;0.4;0.4_0;0;0_0;0;0_-100;2;5475_-100;2;5475_-100;2;5475,29.7890410958904,Prevalence,0.00799883742246279
NbyGQVwzFc_loc12_loop6,12,ITN 0%/IRS 0%/Larvicide 0%,0;0.4;0.4_0;0;0_0;0;0_-100;2;5475_-100;2;5475_-100;2;5475,29.7917808219178,Prevalence,0.00800261960901259
NbyGQVwzFc_loc12_loop6,12,ITN 0%/IRS 0%/Larvicide 0%,0;0.4;0.4_0;0;0_0;0;0_-100;2;5475_-100;2;5475_-100;2;5475,29.7945205479452,Prevalence,0.00800640622224866
NbyGQVwzFc_loc12_loop6,12,ITN 0%/IRS 0%/Larvicide 0%,0;0.4;0.4_0;0;0_0;0;0_-100;2;5475_-100;2;5475_-100;2;5475,29.7972602739726,Prevalence,0.00801019725458895
NbyGQVwzFc_loc12_loop6,12,ITN 0%/IRS 0%/Larvicide 0%,0;0.4;0.4_0;0;0_0;0;0_-100;2;5475_-100;2;5475_-100;2;5475,29.8,Prevalence,0.00801399269845141
NbyGQVwzFc_loc12_loop6,12,ITN 0%/IRS 0%/Larvicide 0%,0;0.4;0.4_0;0;0_0;0;0_-100;2;5475_-100;2;5475_-100;2;5475,29.8027397260274,Prevalence,0.00801779254625389
NbyGQVwzFc_loc12_loop6,12,ITN 0%/IRS 0%/Larvicide 0%,0;0.4;0.4_0;0;0_0;0;0_-100;2;5475_-100;2;5475_-100;2;5475,29.8054794520548,Prevalence,0.00802159679041417
NbyGQVwzFc_loc12_loop6,12,ITN 0%/IRS 0%/Larvicide 0%,0;0.4;0.4_0;0;0_0;0;0_-100;2;5475_-100;2;5475_-100;2;5475,29.8082191780822,Prevalence,0.00802540542334995
NbyGQVwzFc_loc12_loop6,12,ITN 0%/IRS 0%/Larvicide 0%,0;0.4;0.4_0;0;0_0;0;0_-100;2;5475_-100;2;5475_-100;2;5475,29.8109589041096,Prevalence,0.00802921843747871
NbyGQVwzFc_loc12_loop6,12,ITN 0%/IRS 0%/Larvicide 0%,0;0.4;0.4_0;0;0_0;0;0_-100;2;5475_-100;2;5475_-100;2;5475,29.813698630137,Prevalence,0.00803303582521782
NbyGQVwzFc_loc12_loop6,12,ITN 0%/IRS 0%/Larvicide 0%,0;0.4;0.4_0;0;0_0;0;0_-100;2;5475_-100;2;5475_-100;2;5475,29.8164383561644,Prevalence,0.00803685757898446
NbyGQVwzFc_loc12_loop6,12,ITN 0%/IRS 0%/Larvicide 0%,0;0.4;0.4_0;0;0_0;0;0_-100;2;5475_-100;2;5475_-100;2;5475,29.8191780821918,Prevalence,0.00804068369119556
NbyGQVwzFc_loc12_loop6,12,ITN 0%/IRS 0%/Larvicide 0%,0;0.4;0.4_0;0;0_0;0;0_-100;2;5475_-100;2;5475_-100;2;5475,29.8219178082192,Prevalence,0.00804451415426782
NbyGQVwzFc_loc12_loop6,12,ITN 0%/IRS 0%/Larvicide 0%,0;0.4;0.4_0;0;0_0;0;0_-100;2;5475_-100;2;5475_-100;2;5475,29.8246575342466,Prevalence,0.00804834896061769
NbyGQVwzFc_loc12_loop6,12,ITN 0%/IRS 0%/Larvicide 0%,0;0.4;0.4_0;0;0_0;0;0_-100;2;5475_-100;2;5475_-100;2;5475,29.827397260274,Prevalence,0.0080521881026613
NbyGQVwzFc_loc12_loop6,12,ITN 0%/IRS 0%/Larvicide 0%,0;0.4;0.4_0;0;0_0;0;0_-100;2;5475_-100;2;5475_-100;2;5475,29.8301369863014,Prevalence,0.00805603157281451
NbyGQVwzFc_loc12_loop6,12,ITN 0%/IRS 0%/Larvicide 0%,0;0.4;0.4_0;0;0_0;0;0_-100;2;5475_-100;2;5475_-100;2;5475,29.8328767123288,Prevalence,0.00805987936349277
NbyGQVwzFc_loc12_loop6,12,ITN 0%/IRS 0%/Larvicide 0%,0;0.4;0.4_0;0;0_0;0;0_-100;2;5475_-100;2;5475_-100;2;5475,29.8356164383562,Prevalence,0.00806373146711124
NbyGQVwzFc_loc12_loop6,12,ITN 0%/IRS 0%/Larvicide 0%,0;0.4;0.4_0;0;0_0;0;0_-100;2;5475_-100;2;5475_-100;2;5475,29.8383561643836,Prevalence,0.00806758787608464
NbyGQVwzFc_loc12_loop6,12,ITN 0%/IRS 0%/Larvicide 0%,0;0.4;0.4_0;0;0_0;0;0_-100;2;5475_-100;2;5475_-100;2;5475,29.841095890411,Prevalence,0.00807144858282732
NbyGQVwzFc_loc12_loop6,12,ITN 0%/IRS 0%/Larvicide 0%,0;0.4;0.4_0;0;0_0;0;0_-100;2;5475_-100;2;5475_-100;2;5475,29.8438356164384,Prevalence,0.00807531357975316
NbyGQVwzFc_loc12_loop6,12,ITN 0%/IRS 0%/Larvicide 0%,0;0.4;0.4_0;0;0_0;0;0_-100;2;5475_-100;2;5475_-100;2;5475,29.8465753424658,Prevalence,0.0080791828592756
NbyGQVwzFc_loc12_loop6,12,ITN 0%/IRS 0%/Larvicide 0%,0;0.4;0.4_0;0;0_0;0;0_-100;2;5475_-100;2;5475_-100;2;5475,29.8493150684932,Prevalence,0.00808305641380762
NbyGQVwzFc_loc12_loop6,12,ITN 0%/IRS 0%/Larvicide 0%,0;0.4;0.4_0;0;0_0;0;0_-100;2;5475_-100;2;5475_-100;2;5475,29.8520547945206,Prevalence,0.00808693423576167
NbyGQVwzFc_loc12_loop6,12,ITN 0%/IRS 0%/Larvicide 0%,0;0.4;0.4_0;0;0_0;0;0_-100;2;5475_-100;2;5475_-100;2;5475,29.8547945205479,Prevalence,0.0080908163175497
NbyGQVwzFc_loc12_loop6,12,ITN 0%/IRS 0%/Larvicide 0%,0;0.4;0.4_0;0;0_0;0;0_-100;2;5475_-100;2;5475_-100;2;5475,29.8575342465753,Prevalence,0.00809470265158309
NbyGQVwzFc_loc12_loop6,12,ITN 0%/IRS 0%/Larvicide 0%,0;0.4;0.4_0;0;0_0;0;0_-100;2;5475_-100;2;5475_-100;2;5475,29.8602739726027,Prevalence,0.0080985932302727
NbyGQVwzFc_loc12_loop6,12,ITN 0%/IRS 0%/Larvicide 0%,0;0.4;0.4_0;0;0_0;0;0_-100;2;5475_-100;2;5475_-100;2;5475,29.8630136986301,Prevalence,0.00810248804602876
NbyGQVwzFc_loc12_loop6,12,ITN 0%/IRS 0%/Larvicide 0%,0;0.4;0.4_0;0;0_0;0;0_-100;2;5475_-100;2;5475_-100;2;5475,29.8657534246575,Prevalence,0.00810638709126091
NbyGQVwzFc_loc12_loop6,12,ITN 0%/IRS 0%/Larvicide 0%,0;0.4;0.4_0;0;0_0;0;0_-100;2;5475_-100;2;5475_-100;2;5475,29.8684931506849,Prevalence,0.00811029035837815
NbyGQVwzFc_loc12_loop6,12,ITN 0%/IRS 0%/Larvicide 0%,0;0.4;0.4_0;0;0_0;0;0_-100;2;5475_-100;2;5475_-100;2;5475,29.8712328767123,Prevalence,0.00811419783978881
NbyGQVwzFc_loc12_loop6,12,ITN 0%/IRS 0%/Larvicide 0%,0;0.4;0.4_0;0;0_0;0;0_-100;2;5475_-100;2;5475_-100;2;5475,29.8739726027397,Prevalence,0.00811810952790051
NbyGQVwzFc_loc12_loop6,12,ITN 0%/IRS 0%/Larvicide 0%,0;0.4;0.4_0;0;0_0;0;0_-100;2;5475_-100;2;5475_-100;2;5475,29.8767123287671,Prevalence,0.00812202541512021
NbyGQVwzFc_loc12_loop6,12,ITN 0%/IRS 0%/Larvicide 0%,0;0.4;0.4_0;0;0_0;0;0_-100;2;5475_-100;2;5475_-100;2;5475,29.8794520547945,Prevalence,0.00812594549385416
NbyGQVwzFc_loc12_loop6,12,ITN 0%/IRS 0%/Larvicide 0%,0;0.4;0.4_0;0;0_0;0;0_-100;2;5475_-100;2;5475_-100;2;5475,29.8821917808219,Prevalence,0.00812986975650786
NbyGQVwzFc_loc12_loop6,12,ITN 0%/IRS 0%/Larvicide 0%,0;0.4;0.4_0;0;0_0;0;0_-100;2;5475_-100;2;5475_-100;2;5475,29.8849315068493,Prevalence,0.00813379819548609
NbyGQVwzFc_loc12_loop6,12,ITN 0%/IRS 0%/Larvicide 0%,0;0.4;0.4_0;0;0_0;0;0_-100;2;5475_-100;2;5475_-100;2;5475,29.8876712328767,Prevalence,0.00813773080319285
NbyGQVwzFc_loc12_loop6,12,ITN 0%/IRS 0%/Larvicide 0%,0;0.4;0.4_0;0;0_0;0;0_-100;2;5475_-100;2;5475_-100;2;5475,29.8904109589041,Prevalence,0.00814166757203137
NbyGQVwzFc_loc12_loop6,12,ITN 0%/IRS 0%/Larvicide 0%,0;0.4;0.4_0;0;0_0;0;0_-100;2;5475_-100;2;5475_-100;2;5475,29.8931506849315,Prevalence,0.00814560849440404
NbyGQVwzFc_loc12_loop6,12,ITN 0%/IRS 0%/Larvicide 0%,0;0.4;0.4_0;0;0_0;0;0_-100;2;5475_-100;2;5475_-100;2;5475,29.8958904109589,Prevalence,0.00814955356271249
NbyGQVwzFc_loc12_loop6,12,ITN 0%/IRS 0%/Larvicide 0%,0;0.4;0.4_0;0;0_0;0;0_-100;2;5475_-100;2;5475_-100;2;5475,29.8986301369863,Prevalence,0.00815350276935745
NbyGQVwzFc_loc12_loop6,12,ITN 0%/IRS 0%/Larvicide 0%,0;0.4;0.4_0;0;0_0;0;0_-100;2;5475_-100;2;5475_-100;2;5475,29.9013698630137,Prevalence,0.00815745610673883
NbyGQVwzFc_loc12_loop6,12,ITN 0%/IRS 0%/Larvicide 0%,0;0.4;0.4_0;0;0_0;0;0_-100;2;5475_-100;2;5475_-100;2;5475,29.9041095890411,Prevalence,0.00816141356725564
NbyGQVwzFc_loc12_loop6,12,ITN 0%/IRS 0%/Larvicide 0%,0;0.4;0.4_0;0;0_0;0;0_-100;2;5475_-100;2;5475_-100;2;5475,29.9068493150685,Prevalence,0.00816537514330603
NbyGQVwzFc_loc12_loop6,12,ITN 0%/IRS 0%/Larvicide 0%,0;0.4;0.4_0;0;0_0;0;0_-100;2;5475_-100;2;5475_-100;2;5475,29.9095890410959,Prevalence,0.00816934082728722
NbyGQVwzFc_loc12_loop6,12,ITN 0%/IRS 0%/Larvicide 0%,0;0.4;0.4_0;0;0_0;0;0_-100;2;5475_-100;2;5475_-100;2;5475,29.9123287671233,Prevalence,0.0081733106115955
NbyGQVwzFc_loc12_loop6,12,ITN 0%/IRS 0%/Larvicide 0%,0;0.4;0.4_0;0;0_0;0;0_-100;2;5475_-100;2;5475_-100;2;5475,29.9150684931507,Prevalence,0.00817728448862621
NbyGQVwzFc_loc12_loop6,12,ITN 0%/IRS 0%/Larvicide 0%,0;0.4;0.4_0;0;0_0;0;0_-100;2;5475_-100;2;5475_-100;2;5475,29.9178082191781,Prevalence,0.00818126245077376
NbyGQVwzFc_loc12_loop6,12,ITN 0%/IRS 0%/Larvicide 0%,0;0.4;0.4_0;0;0_0;0;0_-100;2;5475_-100;2;5475_-100;2;5475,29.9205479452055,Prevalence,0.00818524449043157
NbyGQVwzFc_loc12_loop6,12,ITN 0%/IRS 0%/Larvicide 0%,0;0.4;0.4_0;0;0_0;0;0_-100;2;5475_-100;2;5475_-100;2;5475,29.9232876712329,Prevalence,0.00818923059999206
NbyGQVwzFc_loc12_loop6,12,ITN 0%/IRS 0%/Larvicide 0%,0;0.4;0.4_0;0;0_0;0;0_-100;2;5475_-100;2;5475_-100;2;5475,29.9260273972603,Prevalence,0.00819322077184666
NbyGQVwzFc_loc12_loop6,12,ITN 0%/IRS 0%/Larvicide 0%,0;0.4;0.4_0;0;0_0;0;0_-100;2;5475_-100;2;5475_-100;2;5475,29.9287671232877,Prevalence,0.00819721499838575
NbyGQVwzFc_loc12_loop6,12,ITN 0%/IRS 0%/Larvicide 0%,0;0.4;0.4_0;0;0_0;0;0_-100;2;5475_-100;2;5475_-100;2;5475,29.9315068493151,Prevalence,0.00820121327199869
NbyGQVwzFc_loc12_loop6,12,ITN 0%/IRS 0%/Larvicide 0%,0;0.4;0.4_0;0;0_0;0;0_-100;2;5475_-100;2;5475_-100;2;5475,29.9342465753425,Prevalence,0.00820521558507379
NbyGQVwzFc_loc12_loop6,12,ITN 0%/IRS 0%/Larvicide 0%,0;0.4;0.4_0;0;0_0;0;0_-100;2;5475_-100;2;5475_-100;2;5475,29.9369863013699,Prevalence,0.00820922192999828
NbyGQVwzFc_loc12_loop6,12,ITN 0%/IRS 0%/Larvicide 0%,0;0.4;0.4_0;0;0_0;0;0_-100;2;5475_-100;2;5475_-100;2;5475,29.9397260273973,Prevalence,0.00821323229915833
NbyGQVwzFc_loc12_loop6,12,ITN 0%/IRS 0%/Larvicide 0%,0;0.4;0.4_0;0;0_0;0;0_-100;2;5475_-100;2;5475_-100;2;5475,29.9424657534247,Prevalence,0.00821724668493897
NbyGQVwzFc_loc12_loop6,12,ITN 0%/IRS 0%/Larvicide 0%,0;0.4;0.4_0;0;0_0;0;0_-100;2;5475_-100;2;5475_-100;2;5475,29.9452054794521,Prevalence,0.00822126507972416
NbyGQVwzFc_loc12_loop6,12,ITN 0%/IRS 0%/Larvicide 0%,0;0.4;0.4_0;0;0_0;0;0_-100;2;5475_-100;2;5475_-100;2;5475,29.9479452054795,Prevalence,0.00822528747589671
NbyGQVwzFc_loc12_loop6,12,ITN 0%/IRS 0%/Larvicide 0%,0;0.4;0.4_0;0;0_0;0;0_-100;2;5475_-100;2;5475_-100;2;5475,29.9506849315069,Prevalence,0.0082293138658383
NbyGQVwzFc_loc12_loop6,12,ITN 0%/IRS 0%/Larvicide 0%,0;0.4;0.4_0;0;0_0;0;0_-100;2;5475_-100;2;5475_-100;2;5475,29.9534246575342,Prevalence,0.00823334424192946
NbyGQVwzFc_loc12_loop6,12,ITN 0%/IRS 0%/Larvicide 0%,0;0.4;0.4_0;0;0_0;0;0_-100;2;5475_-100;2;5475_-100;2;5475,29.9561643835616,Prevalence,0.00823737859654954
NbyGQVwzFc_loc12_loop6,12,ITN 0%/IRS 0%/Larvicide 0%,0;0.4;0.4_0;0;0_0;0;0_-100;2;5475_-100;2;5475_-100;2;5475,29.958904109589,Prevalence,0.00824141692207673
NbyGQVwzFc_loc12_loop6,12,ITN 0%/IRS 0%/Larvicide 0%,0;0.4;0.4_0;0;0_0;0;0_-100;2;5475_-100;2;5475_-100;2;5475,29.9616438356164,Prevalence,0.00824545921088801
NbyGQVwzFc_loc12_loop6,12,ITN 0%/IRS 0%/Larvicide 0%,0;0.4;0.4_0;0;0_0;0;0_-100;2;5475_-100;2;5475_-100;2;5475,29.9643835616438,Prevalence,0.00824950545535916
NbyGQVwzFc_loc12_loop6,12,ITN 0%/IRS 0%/Larvicide 0%,0;0.4;0.4_0;0;0_0;0;0_-100;2;5475_-100;2;5475_-100;2;5475,29.9671232876712,Prevalence,0.00825355564786475
NbyGQVwzFc_loc12_loop6,12,ITN 0%/IRS 0%/Larvicide 0%,0;0.4;0.4_0;0;0_0;0;0_-100;2;5475_-100;2;5475_-100;2;5475,29.9698630136986,Prevalence,0.0082576097807781
NbyGQVwzFc_loc12_loop6,12,ITN 0%/IRS 0%/Larvicide 0%,0;0.4;0.4_0;0;0_0;0;0_-100;2;5475_-100;2;5475_-100;2;5475,29.972602739726,Prevalence,0.00826166784647133
NbyGQVwzFc_loc12_loop6,12,ITN 0%/IRS 0%/Larvicide 0%,0;0.4;0.4_0;0;0_0;0;0_-100;2;5475_-100;2;5475_-100;2;5475,29.9753424657534,Prevalence,0.00826572983731525
NbyGQVwzFc_loc12_loop6,12,ITN 0%/IRS 0%/Larvicide 0%,0;0.4;0.4_0;0;0_0;0;0_-100;2;5475_-100;2;5475_-100;2;5475,29.9780821917808,Prevalence,0.00826979574567945
NbyGQVwzFc_loc12_loop6,12,ITN 0%/IRS 0%/Larvicide 0%,0;0.4;0.4_0;0;0_0;0;0_-100;2;5475_-100;2;5475_-100;2;5475,29.9808219178082,Prevalence,0.00827386556393222
NbyGQVwzFc_loc12_loop6,12,ITN 0%/IRS 0%/Larvicide 0%,0;0.4;0.4_0;0;0_0;0;0_-100;2;5475_-100;2;5475_-100;2;5475,29.9835616438356,Prevalence,0.00827793928444056
NbyGQVwzFc_loc12_loop6,12,ITN 0%/IRS 0%/Larvicide 0%,0;0.4;0.4_0;0;0_0;0;0_-100;2;5475_-100;2;5475_-100;2;5475,29.986301369863,Prevalence,0.0082820168995702
NbyGQVwzFc_loc12_loop6,12,ITN 0%/IRS 0%/Larvicide 0%,0;0.4;0.4_0;0;0_0;0;0_-100;2;5475_-100;2;5475_-100;2;5475,29.9890410958904,Prevalence,0.0082860984016855
NbyGQVwzFc_loc12_loop6,12,ITN 0%/IRS 0%/Larvicide 0%,0;0.4;0.4_0;0;0_0;0;0_-100;2;5475_-100;2;5475_-100;2;5475,29.9917808219178,Prevalence,0.00829018378314957
NbyGQVwzFc_loc12_loop6,12,ITN 0%/IRS 0%/Larvicide 0%,0;0.4;0.4_0;0;0_0;0;0_-100;2;5475_-100;2;5475_-100;2;5475,29.9945205479452,Prevalence,0.00829427303632414
NbyGQVwzFc_loc12_loop6,12,ITN 0%/IRS 0%/Larvicide 0%,0;0.4;0.4_0;0;0_0;0;0_-100;2;5475_-100;2;5475_-100;2;5475,29.9972602739726,Prevalence,0.00829836615356963
NbyGQVwzFc_loc12_loop6,12,ITN 0%/IRS 0%/Larvicide 0%,0;0.4;0.4_0;0;0_0;0;0_-100;2;5475_-100;2;5475_-100;2;5475,30,Prevalence,0.00830246312724509
NbyGQVwzFc_loc12_loop6,12,ITN 0%/IRS 0%/Larvicide 0%,0;0.4;0.4_0;0;0_0;0;0_-100;2;5475_-100;2;5475_-100;2;5475,30.0027397260274,Prevalence,0.0083065639497101
NbyGQVwzFc_loc12_loop6,12,ITN 0%/IRS 0%/Larvicide 0%,0;0.4;0.4_0;0;0_0;0;0_-100;2;5475_-100;2;5475_-100;2;5475,30.0054794520548,Prevalence,0.00831066861332202
NbyGQVwzFc_loc12_loop6,12,ITN 0%/IRS 0%/Larvicide 0%,0;0.4;0.4_0;0;0_0;0;0_-100;2;5475_-100;2;5475_-100;2;5475,30.0082191780822,Prevalence,0.00831477711042624
NbyGQVwzFc_loc12_loop6,12,ITN 0%/IRS 0%/Larvicide 0%,0;0.4;0.4_0;0;0_0;0;0_-100;2;5475_-100;2;5475_-100;2;5475,30.0109589041096,Prevalence,0.0083188894333846
NbyGQVwzFc_loc12_loop6,12,ITN 0%/IRS 0%/Larvicide 0%,0;0.4;0.4_0;0;0_0;0;0_-100;2;5475_-100;2;5475_-100;2;5475,30.013698630137,Prevalence,0.00832300557454866
NbyGQVwzFc_loc12_loop6,12,ITN 0%/IRS 0%/Larvicide 0%,0;0.4;0.4_0;0;0_0;0;0_-100;2;5475_-100;2;5475_-100;2;5475,30.0164383561644,Prevalence,0.0083271255262663
NbyGQVwzFc_loc12_loop6,12,ITN 0%/IRS 0%/Larvicide 0%,0;0.4;0.4_0;0;0_0;0;0_-100;2;5475_-100;2;5475_-100;2;5475,30.0191780821918,Prevalence,0.0083312492808901
NbyGQVwzFc_loc12_loop6,12,ITN 0%/IRS 0%/Larvicide 0%,0;0.4;0.4_0;0;0_0;0;0_-100;2;5475_-100;2;5475_-100;2;5475,30.0219178082192,Prevalence,0.00833537683076665
NbyGQVwzFc_loc12_loop6,12,ITN 0%/IRS 0%/Larvicide 0%,0;0.4;0.4_0;0;0_0;0;0_-100;2;5475_-100;2;5475_-100;2;5475,30.0246575342466,Prevalence,0.00833950816824425
NbyGQVwzFc_loc12_loop6,12,ITN 0%/IRS 0%/Larvicide 0%,0;0.4;0.4_0;0;0_0;0;0_-100;2;5475_-100;2;5475_-100;2;5475,30.027397260274,Prevalence,0.0083436432856689
NbyGQVwzFc_loc12_loop6,12,ITN 0%/IRS 0%/Larvicide 0%,0;0.4;0.4_0;0;0_0;0;0_-100;2;5475_-100;2;5475_-100;2;5475,30.0301369863014,Prevalence,0.00834778217538229
NbyGQVwzFc_loc12_loop6,12,ITN 0%/IRS 0%/Larvicide 0%,0;0.4;0.4_0;0;0_0;0;0_-100;2;5475_-100;2;5475_-100;2;5475,30.0328767123288,Prevalence,0.00835090194165052
NbyGQVwzFc_loc12_loop6,12,ITN 0%/IRS 0%/Larvicide 0%,0;0.4;0.4_0;0;0_0;0;0_-100;2;5475_-100;2;5475_-100;2;5475,30.0356164383562,Prevalence,0.00834296846539739
NbyGQVwzFc_loc12_loop6,12,ITN 0%/IRS 0%/Larvicide 0%,0;0.4;0.4_0;0;0_0;0;0_-100;2;5475_-100;2;5475_-100;2;5475,30.0383561643836,Prevalence,0.00833557234433699
NbyGQVwzFc_loc12_loop6,12,ITN 0%/IRS 0%/Larvicide 0%,0;0.4;0.4_0;0;0_0;0;0_-100;2;5475_-100;2;5475_-100;2;5475,30.041095890411,Prevalence,0.00832853468643017
NbyGQVwzFc_loc12_loop6,12,ITN 0%/IRS 0%/Larvicide 0%,0;0.4;0.4_0;0;0_0;0;0_-100;2;5475_-100;2;5475_-100;2;5475,30.0438356164384,Prevalence,0.00832179335435064
NbyGQVwzFc_loc12_loop6,12,ITN 0%/IRS 0%/Larvicide 0%,0;0.4;0.4_0;0;0_0;0;0_-100;2;5475_-100;2;5475_-100;2;5475,30.0465753424658,Prevalence,0.00831529831893868
NbyGQVwzFc_loc12_loop6,12,ITN 0%/IRS 0%/Larvicide 0%,0;0.4;0.4_0;0;0_0;0;0_-100;2;5475_-100;2;5475_-100;2;5475,30.0493150684932,Prevalence,0.00830900937677677
NbyGQVwzFc_loc12_loop6,12,ITN 0%/IRS 0%/Larvicide 0%,0;0.4;0.4_0;0;0_0;0;0_-100;2;5475_-100;2;5475_-100;2;5475,30.0520547945206,Prevalence,0.00830289429028963
NbyGQVwzFc_loc12_loop6,12,ITN 0%/IRS 0%/Larvicide 0%,0;0.4;0.4_0;0;0_0;0;0_-100;2;5475_-100;2;5475_-100;2;5475,30.0547945205479,Prevalence,0.00829692763697943
NbyGQVwzFc_loc12_loop6,12,ITN 0%/IRS 0%/Larvicide 0%,0;0.4;0.4_0;0;0_0;0;0_-100;2;5475_-100;2;5475_-100;2;5475,30.0575342465753,Prevalence,0.00829097992494251
NbyGQVwzFc_loc12_loop6,12,ITN 0%/IRS 0%/Larvicide 0%,0;0.4;0.4_0;0;0_0;0;0_-100;2;5475_-100;2;5475_-100;2;5475,30.0602739726027,Prevalence,0.00828494161596581
NbyGQVwzFc_loc12_loop6,12,ITN 0%/IRS 0%/Larvicide 0%,0;0.4;0.4_0;0;0_0;0;0_-100;2;5475_-100;2;5475_-100;2;5475,30.0630136986301,Prevalence,0.0082788092475301
NbyGQVwzFc_loc12_loop6,12,ITN 0%/IRS 0%/Larvicide 0%,0;0.4;0.4_0;0;0_0;0;0_-100;2;5475_-100;2;5475_-100;2;5475,30.0657534246575,Prevalence,0.00827258215111124
NbyGQVwzFc_loc12_loop6,12,ITN 0%/IRS 0%/Larvicide 0%,0;0.4;0.4_0;0;0_0;0;0_-100;2;5475_-100;2;5475_-100;2;5475,30.0684931506849,Prevalence,0.0082662619385863
NbyGQVwzFc_loc12_loop6,12,ITN 0%/IRS 0%/Larvicide 0%,0;0.4;0.4_0;0;0_0;0;0_-100;2;5475_-100;2;5475_-100;2;5475,30.0712328767123,Prevalence,0.00825985195082058
NbyGQVwzFc_loc12_loop6,12,ITN 0%/IRS 0%/Larvicide 0%,0;0.4;0.4_0;0;0_0;0;0_-100;2;5475_-100;2;5475_-100;2;5475,30.0739726027397,Prevalence,0.00825335681664651
NbyGQVwzFc_loc12_loop6,12,ITN 0%/IRS 0%/Larvicide 0%,0;0.4;0.4_0;0;0_0;0;0_-100;2;5475_-100;2;5475_-100;2;5475,30.0767123287671,Prevalence,0.00824678209959901
NbyGQVwzFc_loc12_loop6,12,ITN 0%/IRS 0%/Larvicide 0%,0;0.4;0.4_0;0;0_0;0;0_-100;2;5475_-100;2;5475_-100;2;5475,30.0794520547945,Prevalence,0.00824013401500076
NbyGQVwzFc_loc12_loop6,12,ITN 0%/IRS 0%/Larvicide 0%,0;0.4;0.4_0;0;0_0;0;0_-100;2;5475_-100;2;5475_-100;2;5475,30.0821917808219,Prevalence,0.00823341920399533
NbyGQVwzFc_loc12_loop6,12,ITN 0%/IRS 0%/Larvicide 0%,0;0.4;0.4_0;0;0_0;0;0_-100;2;5475_-100;2;5475_-100;2;5475,30.0849315068493,Prevalence,0.00822664455413707
NbyGQVwzFc_loc12_loop6,12,ITN 0%/IRS 0%/Larvicide 0%,0;0.4;0.4_0;0;0_0;0;0_-100;2;5475_-100;2;5475_-100;2;5475,30.0876712328767,Prevalence,0.00821981705792067
NbyGQVwzFc_loc12_loop6,12,ITN 0%/IRS 0%/Larvicide 0%,0;0.4;0.4_0;0;0_0;0;0_-100;2;5475_-100;2;5475_-100;2;5475,30.0904109589041,Prevalence,0.00821284266500623
NbyGQVwzFc_loc12_loop6,12,ITN 0%/IRS 0%/Larvicide 0%,0;0.4;0.4_0;0;0_0;0;0_-100;2;5475_-100;2;5475_-100;2;5475,30.0931506849315,Prevalence,0.00820530848743631
NbyGQVwzFc_loc12_loop6,12,ITN 0%/IRS 0%/Larvicide 0%,0;0.4;0.4_0;0;0_0;0;0_-100;2;5475_-100;2;5475_-100;2;5475,30.0958904109589,Prevalence,0.00819725171795025
NbyGQVwzFc_loc12_loop6,12,ITN 0%/IRS 0%/Larvicide 0%,0;0.4;0.4_0;0;0_0;0;0_-100;2;5475_-100;2;5475_-100;2;5475,30.0986301369863,Prevalence,0.00818875228507609
NbyGQVwzFc_loc12_loop6,12,ITN 0%/IRS 0%/Larvicide 0%,0;0.4;0.4_0;0;0_0;0;0_-100;2;5475_-100;2;5475_-100;2;5475,30.1013698630137,Prevalence,0.00817987840254676
NbyGQVwzFc_loc12_loop6,12,ITN 0%/IRS 0%/Larvicide 0%,0;0.4;0.4_0;0;0_0;0;0_-100;2;5475_-100;2;5475_-100;2;5475,30.1041095890411,Prevalence,0.00817068846959865
NbyGQVwzFc_loc12_loop6,12,ITN 0%/IRS 0%/Larvicide 0%,0;0.4;0.4_0;0;0_0;0;0_-100;2;5475_-100;2;5475_-100;2;5475,30.1068493150685,Prevalence,0.00816123263147758
NbyGQVwzFc_loc12_loop6,12,ITN 0%/IRS 0%/Larvicide 0%,0;0.4;0.4_0;0;0_0;0;0_-100;2;5475_-100;2;5475_-100;2;5475,30.1095890410959,Prevalence,0.00815155407468745
NbyGQVwzFc_loc12_loop6,12,ITN 0%/IRS 0%/Larvicide 0%,0;0.4;0.4_0;0;0_0;0;0_-100;2;5475_-100;2;5475_-100;2;5475,30.1123287671233,Prevalence,0.00814169010371534
NbyGQVwzFc_loc12_loop6,12,ITN 0%/IRS 0%/Larvicide 0%,0;0.4;0.4_0;0;0_0;0;0_-100;2;5475_-100;2;5475_-100;2;5475,30.1150684931507,Prevalence,0.00813167303760041
NbyGQVwzFc_loc12_loop6,12,ITN 0%/IRS 0%/Larvicide 0%,0;0.4;0.4_0;0;0_0;0;0_-100;2;5475_-100;2;5475_-100;2;5475,30.1178082191781,Prevalence,0.00812153095781918
NbyGQVwzFc_loc12_loop6,12,ITN 0%/IRS 0%/Larvicide 0%,0;0.4;0.4_0;0;0_0;0;0_-100;2;5475_-100;2;5475_-100;2;5475,30.1205479452055,Prevalence,0.00811128833337111
NbyGQVwzFc_loc12_loop6,12,ITN 0%/IRS 0%/Larvicide 0%,0;0.4;0.4_0;0;0_0;0;0_-100;2;5475_-100;2;5475_-100;2;5475,30.1232876712329,Prevalence,0.0081009664807715
NbyGQVwzFc_loc12_loop6,12,ITN 0%/IRS 0%/Larvicide 0%,0;0.4;0.4_0;0;0_0;0;0_-100;2;5475_-100;2;5475_-100;2;5475,30.1260273972603,Prevalence,0.00809058308481815
NbyGQVwzFc_loc12_loop6,12,ITN 0%/IRS 0%/Larvicide 0%,0;0.4;0.4_0;0;0_0;0;0_-100;2;5475_-100;2;5475_-100;2;5475,30.1287671232877,Prevalence,0.00808015293827959
NbyGQVwzFc_loc12_loop6,12,ITN 0%/IRS 0%/Larvicide 0%,0;0.4;0.4_0;0;0_0;0;0_-100;2;5475_-100;2;5475_-100;2;5475,30.1315068493151,Prevalence,0.00806968906329705
NbyGQVwzFc_loc12_loop6,12,ITN 0%/IRS 0%/Larvicide 0%,0;0.4;0.4_0;0;0_0;0;0_-100;2;5475_-100;2;5475_-100;2;5475,30.1342465753425,Prevalence,0.00805920296687856
NbyGQVwzFc_loc12_loop6,12,ITN 0%/IRS 0%/Larvicide 0%,0;0.4;0.4_0;0;0_0;0;0_-100;2;5475_-100;2;5475_-100;2;5475,30.1369863013699,Prevalence,0.00804870483960524
NbyGQVwzFc_loc12_loop6,12,ITN 0%/IRS 0%/Larvicide 0%,0;0.4;0.4_0;0;0_0;0;0_-100;2;5475_-100;2;5475_-100;2;5475,30.1397260273973,Prevalence,0.00803820372442948
NbyGQVwzFc_loc12_loop6,12,ITN 0%/IRS 0%/Larvicide 0%,0;0.4;0.4_0;0;0_0;0;0_-100;2;5475_-100;2;5475_-100;2;5475,30.1424657534247,Prevalence,0.00802770766053101
NbyGQVwzFc_loc12_loop6,12,ITN 0%/IRS 0%/Larvicide 0%,0;0.4;0.4_0;0;0_0;0;0_-100;2;5475_-100;2;5475_-100;2;5475,30.1452054794521,Prevalence,0.0080172238059812
NbyGQVwzFc_loc12_loop6,12,ITN 0%/IRS 0%/Larvicide 0%,0;0.4;0.4_0;0;0_0;0;0_-100;2;5475_-100;2;5475_-100;2;5475,30.1479452054795,Prevalence,0.00800675851571387
NbyGQVwzFc_loc12_loop6,12,ITN 0%/IRS 0%/Larvicide 0%,0;0.4;0.4_0;0;0_0;0;0_-100;2;5475_-100;2;5475_-100;2;5475,30.1506849315069,Prevalence,0.00799631736198229
NbyGQVwzFc_loc12_loop6,12,ITN 0%/IRS 0%/Larvicide 0%,0;0.4;0.4_0;0;0_0;0;0_-100;2;5475_-100;2;5475_-100;2;5475,30.1534246575342,Prevalence,0.00798590521216437
NbyGQVwzFc_loc12_loop6,12,ITN 0%/IRS 0%/Larvicide 0%,0;0.4;0.4_0;0;0_0;0;0_-100;2;5475_-100;2;5475_-100;2;5475,30.1561643835617,Prevalence,0.00797552631976884
NbyGQVwzFc_loc12_loop6,12,ITN 0%/IRS 0%/Larvicide 0%,0;0.4;0.4_0;0;0_0;0;0_-100;2;5475_-100;2;5475_-100;2;5475,30.158904109589,Prevalence,0.00796518440289757
NbyGQVwzFc_loc12_loop6,12,ITN 0%/IRS 0%/Larvicide 0%,0;0.4;0.4_0;0;0_0;0;0_-100;2;5475_-100;2;5475_-100;2;5475,30.1616438356164,Prevalence,0.00795488271182193
NbyGQVwzFc_loc12_loop6,12,ITN 0%/IRS 0%/Larvicide 0%,0;0.4;0.4_0;0;0_0;0;0_-100;2;5475_-100;2;5475_-100;2;5475,30.1643835616438,Prevalence,0.00794462408731446
NbyGQVwzFc_loc12_loop6,12,ITN 0%/IRS 0%/Larvicide 0%,0;0.4;0.4_0;0;0_0;0;0_-100;2;5475_-100;2;5475_-100;2;5475,30.1671232876712,Prevalence,0.00793441101111299
NbyGQVwzFc_loc12_loop6,12,ITN 0%/IRS 0%/Larvicide 0%,0;0.4;0.4_0;0;0_0;0;0_-100;2;5475_-100;2;5475_-100;2;5475,30.1698630136986,Prevalence,0.00792424564967558
NbyGQVwzFc_loc12_loop6,12,ITN 0%/IRS 0%/Larvicide 0%,0;0.4;0.4_0;0;0_0;0;0_-100;2;5475_-100;2;5475_-100;2;5475,30.172602739726,Prevalence,0.00791412989220019
NbyGQVwzFc_loc12_loop6,12,ITN 0%/IRS 0%/Larvicide 0%,0;0.4;0.4_0;0;0_0;0;0_-100;2;5475_-100;2;5475_-100;2;5475,30.1753424657534,Prevalence,0.007904065383731
NbyGQVwzFc_loc12_loop6,12,ITN 0%/IRS 0%/Larvicide 0%,0;0.4;0.4_0;0;0_0;0;0_-100;2;5475_-100;2;5475_-100;2;5475,30.1780821917808,Prevalence,0.00789405355405589
NbyGQVwzFc_loc12_loop6,12,ITN 0%/IRS 0%/Larvicide 0%,0;0.4;0.4_0;0;0_0;0;0_-100;2;5475_-100;2;5475_-100;2;5475,30.1808219178082,Prevalence,0.00788409562104166
NbyGQVwzFc_loc12_loop6,12,ITN 0%/IRS 0%/Larvicide 0%,0;0.4;0.4_0;0;0_0;0;0_-100;2;5475_-100;2;5475_-100;2;5475,30.1835616438356,Prevalence,0.00787419243503647
NbyGQVwzFc_loc12_loop6,12,ITN 0%/IRS 0%/Larvicide 0%,0;0.4;0.4_0;0;0_0;0;0_-100;2;5475_-100;2;5475_-100;2;5475,30.186301369863,Prevalence,0.00786434441888748
NbyGQVwzFc_loc12_loop6,12,ITN 0%/IRS 0%/Larvicide 0%,0;0.4;0.4_0;0;0_0;0;0_-100;2;5475_-100;2;5475_-100;2;5475,30.1890410958904,Prevalence,0.00785455167202163
NbyGQVwzFc_loc12_loop6,12,ITN 0%/IRS 0%/Larvicide 0%,0;0.4;0.4_0;0;0_0;0;0_-100;2;5475_-100;2;5475_-100;2;5475,30.1917808219178,Prevalence,0.00784481406068484
NbyGQVwzFc_loc12_loop6,12,ITN 0%/IRS 0%/Larvicide 0%,0;0.4;0.4_0;0;0_0;0;0_-100;2;5475_-100;2;5475_-100;2;5475,30.1945205479452,Prevalence,0.00783513128682056
NbyGQVwzFc_loc12_loop6,12,ITN 0%/IRS 0%/Larvicide 0%,0;0.4;0.4_0;0;0_0;0;0_-100;2;5475_-100;2;5475_-100;2;5475,30.1972602739726,Prevalence,0.00782550294032904
NbyGQVwzFc_loc12_loop6,12,ITN 0%/IRS 0%/Larvicide 0%,0;0.4;0.4_0;0;0_0;0;0_-100;2;5475_-100;2;5475_-100;2;5475,30.2,Prevalence,0.00781592853843403
NbyGQVwzFc_loc12_loop6,12,ITN 0%/IRS 0%/Larvicide 0%,0;0.4;0.4_0;0;0_0;0;0_-100;2;5475_-100;2;5475_-100;2;5475,30.2027397260274,Prevalence,0.00780640755507526
NbyGQVwzFc_loc12_loop6,12,ITN 0%/IRS 0%/Larvicide 0%,0;0.4;0.4_0;0;0_0;0;0_-100;2;5475_-100;2;5475_-100;2;5475,30.2054794520548,Prevalence,0.00779693944261486
NbyGQVwzFc_loc12_loop6,12,ITN 0%/IRS 0%/Larvicide 0%,0;0.4;0.4_0;0;0_0;0;0_-100;2;5475_-100;2;5475_-100;2;5475,30.2082191780822,Prevalence,0.00778752364764417
NbyGQVwzFc_loc12_loop6,12,ITN 0%/IRS 0%/Larvicide 0%,0;0.4;0.4_0;0;0_0;0;0_-100;2;5475_-100;2;5475_-100;2;5475,30.2109589041096,Prevalence,0.00777815962228316
NbyGQVwzFc_loc12_loop6,12,ITN 0%/IRS 0%/Larvicide 0%,0;0.4;0.4_0;0;0_0;0;0_-100;2;5475_-100;2;5475_-100;2;5475,30.213698630137,Prevalence,0.00776884683203991
NbyGQVwzFc_loc12_loop6,12,ITN 0%/IRS 0%/Larvicide 0%,0;0.4;0.4_0;0;0_0;0;0_-100;2;5475_-100;2;5475_-100;2;5475,30.2164383561644,Prevalence,0.0077595847607861
NbyGQVwzFc_loc12_loop6,12,ITN 0%/IRS 0%/Larvicide 0%,0;0.4;0.4_0;0;0_0;0;0_-100;2;5475_-100;2;5475_-100;2;5475,30.2191780821918,Prevalence,0.00775037291327678
NbyGQVwzFc_loc12_loop6,12,ITN 0%/IRS 0%/Larvicide 0%,0;0.4;0.4_0;0;0_0;0;0_-100;2;5475_-100;2;5475_-100;2;5475,30.2219178082192,Prevalence,0.00774121081630596
NbyGQVwzFc_loc12_loop6,12,ITN 0%/IRS 0%/Larvicide 0%,0;0.4;0.4_0;0;0_0;0;0_-100;2;5475_-100;2;5475_-100;2;5475,30.2246575342466,Prevalence,0.00773209801906393
NbyGQVwzFc_loc12_loop6,12,ITN 0%/IRS 0%/Larvicide 0%,0;0.4;0.4_0;0;0_0;0;0_-100;2;5475_-100;2;5475_-100;2;5475,30.227397260274,Prevalence,0.00772303409293408
NbyGQVwzFc_loc12_loop6,12,ITN 0%/IRS 0%/Larvicide 0%,0;0.4;0.4_0;0;0_0;0;0_-100;2;5475_-100;2;5475_-100;2;5475,30.2301369863014,Prevalence,0.00771401863090365
NbyGQVwzFc_loc12_loop6,12,ITN 0%/IRS 0%/Larvicide 0%,0;0.4;0.4_0;0;0_0;0;0_-100;2;5475_-100;2;5475_-100;2;5475,30.2328767123288,Prevalence,0.00770505124671882
NbyGQVwzFc_loc12_loop6,12,ITN 0%/IRS 0%/Larvicide 0%,0;0.4;0.4_0;0;0_0;0;0_-100;2;5475_-100;2;5475_-100;2;5475,30.2356164383562,Prevalence,0.00769613157387978
NbyGQVwzFc_loc12_loop6,12,ITN 0%/IRS 0%/Larvicide 0%,0;0.4;0.4_0;0;0_0;0;0_-100;2;5475_-100;2;5475_-100;2;5475,30.2383561643836,Prevalence,0.0076872592645392
NbyGQVwzFc_loc12_loop6,12,ITN 0%/IRS 0%/Larvicide 0%,0;0.4;0.4_0;0;0_0;0;0_-100;2;5475_-100;2;5475_-100;2;5475,30.241095890411,Prevalence,0.00767843398832529
NbyGQVwzFc_loc12_loop6,12,ITN 0%/IRS 0%/Larvicide 0%,0;0.4;0.4_0;0;0_0;0;0_-100;2;5475_-100;2;5475_-100;2;5475,30.2438356164384,Prevalence,0.00766965543110723
NbyGQVwzFc_loc12_loop6,12,ITN 0%/IRS 0%/Larvicide 0%,0;0.4;0.4_0;0;0_0;0;0_-100;2;5475_-100;2;5475_-100;2;5475,30.2465753424658,Prevalence,0.00766092329374737
NbyGQVwzFc_loc12_loop6,12,ITN 0%/IRS 0%/Larvicide 0%,0;0.4;0.4_0;0;0_0;0;0_-100;2;5475_-100;2;5475_-100;2;5475,30.2493150684932,Prevalence,0.00765223729087643
NbyGQVwzFc_loc12_loop6,12,ITN 0%/IRS 0%/Larvicide 0%,0;0.4;0.4_0;0;0_0;0;0_-100;2;5475_-100;2;5475_-100;2;5475,30.2520547945205,Prevalence,0.00764359714971656
NbyGQVwzFc_loc12_loop6,12,ITN 0%/IRS 0%/Larvicide 0%,0;0.4;0.4_0;0;0_0;0;0_-100;2;5475_-100;2;5475_-100;2;5475,30.2547945205479,Prevalence,0.00763500260896739
NbyGQVwzFc_loc12_loop6,12,ITN 0%/IRS 0%/Larvicide 0%,0;0.4;0.4_0;0;0_0;0;0_-100;2;5475_-100;2;5475_-100;2;5475,30.2575342465753,Prevalence,0.00762645341776478
NbyGQVwzFc_loc12_loop6,12,ITN 0%/IRS 0%/Larvicide 0%,0;0.4;0.4_0;0;0_0;0;0_-100;2;5475_-100;2;5475_-100;2;5475,30.2602739726027,Prevalence,0.00761794933471608
NbyGQVwzFc_loc12_loop6,12,ITN 0%/IRS 0%/Larvicide 0%,0;0.4;0.4_0;0;0_0;0;0_-100;2;5475_-100;2;5475_-100;2;5475,30.2630136986301,Prevalence,0.00760949012701371
NbyGQVwzFc_loc12_loop6,12,ITN 0%/IRS 0%/Larvicide 0%,0;0.4;0.4_0;0;0_0;0;0_-100;2;5475_-100;2;5475_-100;2;5475,30.2657534246575,Prevalence,0.00760107556962518
NbyGQVwzFc_loc12_loop6,12,ITN 0%/IRS 0%/Larvicide 0%,0;0.4;0.4_0;0;0_0;0;0_-100;2;5475_-100;2;5475_-100;2;5475,30.2684931506849,Prevalence,0.00759270544455682
NbyGQVwzFc_loc12_loop6,12,ITN 0%/IRS 0%/Larvicide 0%,0;0.4;0.4_0;0;0_0;0;0_-100;2;5475_-100;2;5475_-100;2;5475,30.2712328767123,Prevalence,0.00758437954018209
NbyGQVwzFc_loc12_loop6,12,ITN 0%/IRS 0%/Larvicide 0%,0;0.4;0.4_0;0;0_0;0;0_-100;2;5475_-100;2;5475_-100;2;5475,30.2739726027397,Prevalence,0.00757609765056977
NbyGQVwzFc_loc12_loop6,12,ITN 0%/IRS 0%/Larvicide 0%,0;0.4;0.4_0;0;0_0;0;0_-100;2;5475_-100;2;5475_-100;2;5475,30.2767123287671,Prevalence,0.00756785957472556
NbyGQVwzFc_loc12_loop6,12,ITN 0%/IRS 0%/Larvicide 0%,0;0.4;0.4_0;0;0_0;0;0_-100;2;5475_-100;2;5475_-100;2;5475,30.2794520547945,Prevalence,0.00755966511577969
NbyGQVwzFc_loc12_loop6,12,ITN 0%/IRS 0%/Larvicide 0%,0;0.4;0.4_0;0;0_0;0;0_-100;2;5475_-100;2;5475_-100;2;5475,30.2821917808219,Prevalence,0.00755151408018629
NbyGQVwzFc_loc12_loop6,12,ITN 0%/IRS 0%/Larvicide 0%,0;0.4;0.4_0;0;0_0;0;0_-100;2;5475_-100;2;5475_-100;2;5475,30.2849315068493,Prevalence,0.00754340627697908
NbyGQVwzFc_loc12_loop6,12,ITN 0%/IRS 0%/Larvicide 0%,0;0.4;0.4_0;0;0_0;0;0_-100;2;5475_-100;2;5475_-100;2;5475,30.2876712328767,Prevalence,0.00753534151710438
NbyGQVwzFc_loc12_loop6,12,ITN 0%/IRS 0%/Larvicide 0%,0;0.4;0.4_0;0;0_0;0;0_-100;2;5475_-100;2;5475_-100;2;5475,30.2904109589041,Prevalence,0.00752731961284417
NbyGQVwzFc_loc12_loop6,12,ITN 0%/IRS 0%/Larvicide 0%,0;0.4;0.4_0;0;0_0;0;0_-100;2;5475_-100;2;5475_-100;2;5475,30.2931506849315,Prevalence,0.00751934037733166
NbyGQVwzFc_loc12_loop6,12,ITN 0%/IRS 0%/Larvicide 0%,0;0.4;0.4_0;0;0_0;0;0_-100;2;5475_-100;2;5475_-100;2;5475,30.2958904109589,Prevalence,0.00751140362415605
NbyGQVwzFc_loc12_loop6,12,ITN 0%/IRS 0%/Larvicide 0%,0;0.4;0.4_0;0;0_0;0;0_-100;2;5475_-100;2;5475_-100;2;5475,30.2986301369863,Prevalence,0.00750350916705064
NbyGQVwzFc_loc12_loop6,12,ITN 0%/IRS 0%/Larvicide 0%,0;0.4;0.4_0;0;0_0;0;0_-100;2;5475_-100;2;5475_-100;2;5475,30.3013698630137,Prevalence,0.0074956568196552
NbyGQVwzFc_loc12_loop6,12,ITN 0%/IRS 0%/Larvicide 0%,0;0.4;0.4_0;0;0_0;0;0_-100;2;5475_-100;2;5475_-100;2;5475,30.3041095890411,Prevalence,0.00748784639534453
NbyGQVwzFc_loc12_loop6,12,ITN 0%/IRS 0%/Larvicide 0%,0;0.4;0.4_0;0;0_0;0;0_-100;2;5475_-100;2;5475_-100;2;5475,30.3068493150685,Prevalence,0.00748007770711323
NbyGQVwzFc_loc12_loop6,12,ITN 0%/IRS 0%/Larvicide 0%,0;0.4;0.4_0;0;0_0;0;0_-100;2;5475_-100;2;5475_-100;2;5475,30.3095890410959,Prevalence,0.00747235056750804
NbyGQVwzFc_loc12_loop6,12,ITN 0%/IRS 0%/Larvicide 0%,0;0.4;0.4_0;0;0_0;0;0_-100;2;5475_-100;2;5475_-100;2;5475,30.3123287671233,Prevalence,0.00746466478859902
NbyGQVwzFc_loc12_loop6,12,ITN 0%/IRS 0%/Larvicide 0%,0;0.4;0.4_0;0;0_0;0;0_-100;2;5475_-100;2;5475_-100;2;5475,30.3150684931507,Prevalence,0.00745702018198214
NbyGQVwzFc_loc12_loop6,12,ITN 0%/IRS 0%/Larvicide 0%,0;0.4;0.4_0;0;0_0;0;0_-100;2;5475_-100;2;5475_-100;2;5475,30.3178082191781,Prevalence,0.00744941655880647
NbyGQVwzFc_loc12_loop6,12,ITN 0%/IRS 0%/Larvicide 0%,0;0.4;0.4_0;0;0_0;0;0_-100;2;5475_-100;2;5475_-100;2;5475,30.3205479452055,Prevalence,0.00744185372982076
NbyGQVwzFc_loc12_loop6,12,ITN 0%/IRS 0%/Larvicide 0%,0;0.4;0.4_0;0;0_0;0;0_-100;2;5475_-100;2;5475_-100;2;5475,30.3232876712329,Prevalence,0.00743433150543374
NbyGQVwzFc_loc12_loop6,12,ITN 0%/IRS 0%/Larvicide 0%,0;0.4;0.4_0;0;0_0;0;0_-100;2;5475_-100;2;5475_-100;2;5475,30.3260273972603,Prevalence,0.00742684969578548
NbyGQVwzFc_loc12_loop6,12,ITN 0%/IRS 0%/Larvicide 0%,0;0.4;0.4_0;0;0_0;0;0_-100;2;5475_-100;2;5475_-100;2;5475,30.3287671232877,Prevalence,0.00741940811082699
NbyGQVwzFc_loc12_loop6,12,ITN 0%/IRS 0%/Larvicide 0%,0;0.4;0.4_0;0;0_0;0;0_-100;2;5475_-100;2;5475_-100;2;5475,30.3315068493151,Prevalence,0.00741200656040296
NbyGQVwzFc_loc12_loop6,12,ITN 0%/IRS 0%/Larvicide 0%,0;0.4;0.4_0;0;0_0;0;0_-100;2;5475_-100;2;5475_-100;2;5475,30.3342465753425,Prevalence,0.00740464485433732
NbyGQVwzFc_loc12_loop6,12,ITN 0%/IRS 0%/Larvicide 0%,0;0.4;0.4_0;0;0_0;0;0_-100;2;5475_-100;2;5475_-100;2;5475,30.3369863013699,Prevalence,0.00739732280251905
NbyGQVwzFc_loc12_loop6,12,ITN 0%/IRS 0%/Larvicide 0%,0;0.4;0.4_0;0;0_0;0;0_-100;2;5475_-100;2;5475_-100;2;5475,30.3397260273973,Prevalence,0.00739004021498738
NbyGQVwzFc_loc12_loop6,12,ITN 0%/IRS 0%/Larvicide 0%,0;0.4;0.4_0;0;0_0;0;0_-100;2;5475_-100;2;5475_-100;2;5475,30.3424657534247,Prevalence,0.00738279690201483
NbyGQVwzFc_loc12_loop6,12,ITN 0%/IRS 0%/Larvicide 0%,0;0.4;0.4_0;0;0_0;0;0_-100;2;5475_-100;2;5475_-100;2;5475,30.3452054794521,Prevalence,0.00737559267418726
NbyGQVwzFc_loc12_loop6,12,ITN 0%/IRS 0%/Larvicide 0%,0;0.4;0.4_0;0;0_0;0;0_-100;2;5475_-100;2;5475_-100;2;5475,30.3479452054795,Prevalence,0.00736842734248072
NbyGQVwzFc_loc12_loop6,12,ITN 0%/IRS 0%/Larvicide 0%,0;0.4;0.4_0;0;0_0;0;0_-100;2;5475_-100;2;5475_-100;2;5475,30.3506849315069,Prevalence,0.007361300718334
NbyGQVwzFc_loc12_loop6,12,ITN 0%/IRS 0%/Larvicide 0%,0;0.4;0.4_0;0;0_0;0;0_-100;2;5475_-100;2;5475_-100;2;5475,30.3534246575343,Prevalence,0.00735421261371726
NbyGQVwzFc_loc12_loop6,12,ITN 0%/IRS 0%/Larvicide 0%,0;0.4;0.4_0;0;0_0;0;0_-100;2;5475_-100;2;5475_-100;2;5475,30.3561643835617,Prevalence,0.00734716284119611
NbyGQVwzFc_loc12_loop6,12,ITN 0%/IRS 0%/Larvicide 0%,0;0.4;0.4_0;0;0_0;0;0_-100;2;5475_-100;2;5475_-100;2;5475,30.358904109589,Prevalence,0.00734015121399134
NbyGQVwzFc_loc12_loop6,12,ITN 0%/IRS 0%/Larvicide 0%,0;0.4;0.4_0;0;0_0;0;0_-100;2;5475_-100;2;5475_-100;2;5475,30.3616438356164,Prevalence,0.00733317754603419
NbyGQVwzFc_loc12_loop6,12,ITN 0%/IRS 0%/Larvicide 0%,0;0.4;0.4_0;0;0_0;0;0_-100;2;5475_-100;2;5475_-100;2;5475,30.3643835616438,Prevalence,0.00732624165201729
NbyGQVwzFc_loc12_loop6,12,ITN 0%/IRS 0%/Larvicide 0%,0;0.4;0.4_0;0;0_0;0;0_-100;2;5475_-100;2;5475_-100;2;5475,30.3671232876712,Prevalence,0.00731934334744091
NbyGQVwzFc_loc12_loop6,12,ITN 0%/IRS 0%/Larvicide 0%,0;0.4;0.4_0;0;0_0;0;0_-100;2;5475_-100;2;5475_-100;2;5475,30.3698630136986,Prevalence,0.00731248244865489
NbyGQVwzFc_loc12_loop6,12,ITN 0%/IRS 0%/Larvicide 0%,0;0.4;0.4_0;0;0_0;0;0_-100;2;5475_-100;2;5475_-100;2;5475,30.372602739726,Prevalence,0.00730565877289787
NbyGQVwzFc_loc12_loop6,12,ITN 0%/IRS 0%/Larvicide 0%,0;0.4;0.4_0;0;0_0;0;0_-100;2;5475_-100;2;5475_-100;2;5475,30.3753424657534,Prevalence,0.00729887213833053
NbyGQVwzFc_loc12_loop6,12,ITN 0%/IRS 0%/Larvicide 0%,0;0.4;0.4_0;0;0_0;0;0_-100;2;5475_-100;2;5475_-100;2;5475,30.3780821917808,Prevalence,0.00729212236406522
NbyGQVwzFc_loc12_loop6,12,ITN 0%/IRS 0%/Larvicide 0%,0;0.4;0.4_0;0;0_0;0;0_-100;2;5475_-100;2;5475_-100;2;5475,30.3808219178082,Prevalence,0.00728540927019151
NbyGQVwzFc_loc12_loop6,12,ITN 0%/IRS 0%/Larvicide 0%,0;0.4;0.4_0;0;0_0;0;0_-100;2;5475_-100;2;5475_-100;2;5475,30.3835616438356,Prevalence,0.00727873267779788
NbyGQVwzFc_loc12_loop6,12,ITN 0%/IRS 0%/Larvicide 0%,0;0.4;0.4_0;0;0_0;0;0_-100;2;5475_-100;2;5475_-100;2;5475,30.386301369863,Prevalence,0.00727209240898993
NbyGQVwzFc_loc12_loop6,12,ITN 0%/IRS 0%/Larvicide 0%,0;0.4;0.4_0;0;0_0;0;0_-100;2;5475_-100;2;5475_-100;2;5475,30.3890410958904,Prevalence,0.00726548828690511
NbyGQVwzFc_loc12_loop6,12,ITN 0%/IRS 0%/Larvicide 0%,0;0.4;0.4_0;0;0_0;0;0_-100;2;5475_-100;2;5475_-100;2;5475,30.3917808219178,Prevalence,0.00725892013572447
NbyGQVwzFc_loc12_loop6,12,ITN 0%/IRS 0%/Larvicide 0%,0;0.4;0.4_0;0;0_0;0;0_-100;2;5475_-100;2;5475_-100;2;5475,30.3945205479452,Prevalence,0.00725238778068162
NbyGQVwzFc_loc12_loop6,12,ITN 0%/IRS 0%/Larvicide 0%,0;0.4;0.4_0;0;0_0;0;0_-100;2;5475_-100;2;5475_-100;2;5475,30.3972602739726,Prevalence,0.00724589104806912
NbyGQVwzFc_loc12_loop6,12,ITN 0%/IRS 0%/Larvicide 0%,0;0.4;0.4_0;0;0_0;0;0_-100;2;5475_-100;2;5475_-100;2;5475,30.4,Prevalence,0.00723942976524276
NbyGQVwzFc_loc12_loop6,12,ITN 0%/IRS 0%/Larvicide 0%,0;0.4;0.4_0;0;0_0;0;0_-100;2;5475_-100;2;5475_-100;2;5475,30.4027397260274,Prevalence,0.00723300376062367
NbyGQVwzFc_loc12_loop6,12,ITN 0%/IRS 0%/Larvicide 0%,0;0.4;0.4_0;0;0_0;0;0_-100;2;5475_-100;2;5475_-100;2;5475,30.4054794520548,Prevalence,0.00722661286369892
NbyGQVwzFc_loc12_loop6,12,ITN 0%/IRS 0%/Larvicide 0%,0;0.4;0.4_0;0;0_0;0;0_-100;2;5475_-100;2;5475_-100;2;5475,30.4082191780822,Prevalence,0.00722025690502054
NbyGQVwzFc_loc12_loop6,12,ITN 0%/IRS 0%/Larvicide 0%,0;0.4;0.4_0;0;0_0;0;0_-100;2;5475_-100;2;5475_-100;2;5475,30.4109589041096,Prevalence,0.00721393571620308
NbyGQVwzFc_loc12_loop6,12,ITN 0%/IRS 0%/Larvicide 0%,0;0.4;0.4_0;0;0_0;0;0_-100;2;5475_-100;2;5475_-100;2;5475,30.413698630137,Prevalence,0.00720764912991966
NbyGQVwzFc_loc12_loop6,12,ITN 0%/IRS 0%/Larvicide 0%,0;0.4;0.4_0;0;0_0;0;0_-100;2;5475_-100;2;5475_-100;2;5475,30.4164383561644,Prevalence,0.00720139697989861
NbyGQVwzFc_loc12_loop6,12,ITN 0%/IRS 0%/Larvicide 0%,0;0.4;0.4_0;0;0_0;0;0_-100;2;5475_-100;2;5475_-100;2;5475,30.4191780821918,Prevalence,0.00719517910091846
NbyGQVwzFc_loc12_loop6,12,ITN 0%/IRS 0%/Larvicide 0%,0;0.4;0.4_0;0;0_0;0;0_-100;2;5475_-100;2;5475_-100;2;5475,30.4219178082192,Prevalence,0.00718899532880207
NbyGQVwzFc_loc12_loop6,12,ITN 0%/IRS 0%/Larvicide 0%,0;0.4;0.4_0;0;0_0;0;0_-100;2;5475_-100;2;5475_-100;2;5475,30.4246575342466,Prevalence,0.00718284550041053
NbyGQVwzFc_loc12_loop6,12,ITN 0%/IRS 0%/Larvicide 0%,0;0.4;0.4_0;0;0_0;0;0_-100;2;5475_-100;2;5475_-100;2;5475,30.427397260274,Prevalence,0.00717672945363651
NbyGQVwzFc_loc12_loop6,12,ITN 0%/IRS 0%/Larvicide 0%,0;0.4;0.4_0;0;0_0;0;0_-100;2;5475_-100;2;5475_-100;2;5475,30.4301369863014,Prevalence,0.00717064702739748
NbyGQVwzFc_loc12_loop6,12,ITN 0%/IRS 0%/Larvicide 0%,0;0.4;0.4_0;0;0_0;0;0_-100;2;5475_-100;2;5475_-100;2;5475,30.4328767123288,Prevalence,0.00716459806162855
NbyGQVwzFc_loc12_loop6,12,ITN 0%/IRS 0%/Larvicide 0%,0;0.4;0.4_0;0;0_0;0;0_-100;2;5475_-100;2;5475_-100;2;5475,30.4356164383562,Prevalence,0.00715858239727523
NbyGQVwzFc_loc12_loop6,12,ITN 0%/IRS 0%/Larvicide 0%,0;0.4;0.4_0;0;0_0;0;0_-100;2;5475_-100;2;5475_-100;2;5475,30.4383561643836,Prevalence,0.00715259987628608
NbyGQVwzFc_loc12_loop6,12,ITN 0%/IRS 0%/Larvicide 0%,0;0.4;0.4_0;0;0_0;0;0_-100;2;5475_-100;2;5475_-100;2;5475,30.441095890411,Prevalence,0.00714665034160526
NbyGQVwzFc_loc12_loop6,12,ITN 0%/IRS 0%/Larvicide 0%,0;0.4;0.4_0;0;0_0;0;0_-100;2;5475_-100;2;5475_-100;2;5475,30.4438356164384,Prevalence,0.00714073363716509
NbyGQVwzFc_loc12_loop6,12,ITN 0%/IRS 0%/Larvicide 0%,0;0.4;0.4_0;0;0_0;0;0_-100;2;5475_-100;2;5475_-100;2;5475,30.4465753424658,Prevalence,0.00713484960787865
NbyGQVwzFc_loc12_loop6,12,ITN 0%/IRS 0%/Larvicide 0%,0;0.4;0.4_0;0;0_0;0;0_-100;2;5475_-100;2;5475_-100;2;5475,30.4493150684932,Prevalence,0.0071289980996324
NbyGQVwzFc_loc12_loop6,12,ITN 0%/IRS 0%/Larvicide 0%,0;0.4;0.4_0;0;0_0;0;0_-100;2;5475_-100;2;5475_-100;2;5475,30.4520547945206,Prevalence,0.00712317895927882
NbyGQVwzFc_loc12_loop6,12,ITN 0%/IRS 0%/Larvicide 0%,0;0.4;0.4_0;0;0_0;0;0_-100;2;5475_-100;2;5475_-100;2;5475,30.454794520548,Prevalence,0.00711739203462917
NbyGQVwzFc_loc12_loop6,12,ITN 0%/IRS 0%/Larvicide 0%,0;0.4;0.4_0;0;0_0;0;0_-100;2;5475_-100;2;5475_-100;2;5475,30.4575342465753,Prevalence,0.00711163717444624
NbyGQVwzFc_loc12_loop6,12,ITN 0%/IRS 0%/Larvicide 0%,0;0.4;0.4_0;0;0_0;0;0_-100;2;5475_-100;2;5475_-100;2;5475,30.4602739726027,Prevalence,0.00710591422843671
NbyGQVwzFc_loc12_loop6,12,ITN 0%/IRS 0%/Larvicide 0%,0;0.4;0.4_0;0;0_0;0;0_-100;2;5475_-100;2;5475_-100;2;5475,30.4630136986301,Prevalence,0.00710022304724539
NbyGQVwzFc_loc12_loop6,12,ITN 0%/IRS 0%/Larvicide 0%,0;0.4;0.4_0;0;0_0;0;0_-100;2;5475_-100;2;5475_-100;2;5475,30.4657534246575,Prevalence,0.00709456348244802
NbyGQVwzFc_loc12_loop6,12,ITN 0%/IRS 0%/Larvicide 0%,0;0.4;0.4_0;0;0_0;0;0_-100;2;5475_-100;2;5475_-100;2;5475,30.4684931506849,Prevalence,0.00708893538654446
NbyGQVwzFc_loc12_loop6,12,ITN 0%/IRS 0%/Larvicide 0%,0;0.4;0.4_0;0;0_0;0;0_-100;2;5475_-100;2;5475_-100;2;5475,30.4712328767123,Prevalence,0.00708333861295212
NbyGQVwzFc_loc12_loop6,12,ITN 0%/IRS 0%/Larvicide 0%,0;0.4;0.4_0;0;0_0;0;0_-100;2;5475_-100;2;5475_-100;2;5475,30.4739726027397,Prevalence,0.00707777301599943
NbyGQVwzFc_loc12_loop6,12,ITN 0%/IRS 0%/Larvicide 0%,0;0.4;0.4_0;0;0_0;0;0_-100;2;5475_-100;2;5475_-100;2;5475,30.4767123287671,Prevalence,0.00707223845091949
NbyGQVwzFc_loc12_loop6,12,ITN 0%/IRS 0%/Larvicide 0%,0;0.4;0.4_0;0;0_0;0;0_-100;2;5475_-100;2;5475_-100;2;5475,30.4794520547945,Prevalence,0.00706673477384376
NbyGQVwzFc_loc12_loop6,12,ITN 0%/IRS 0%/Larvicide 0%,0;0.4;0.4_0;0;0_0;0;0_-100;2;5475_-100;2;5475_-100;2;5475,30.4821917808219,Prevalence,0.0070612618417959
NbyGQVwzFc_loc12_loop6,12,ITN 0%/IRS 0%/Larvicide 0%,0;0.4;0.4_0;0;0_0;0;0_-100;2;5475_-100;2;5475_-100;2;5475,30.4849315068493,Prevalence,0.00705581951268567
NbyGQVwzFc_loc12_loop6,12,ITN 0%/IRS 0%/Larvicide 0%,0;0.4;0.4_0;0;0_0;0;0_-100;2;5475_-100;2;5475_-100;2;5475,30.4876712328767,Prevalence,0.00705040764530292
NbyGQVwzFc_loc12_loop6,12,ITN 0%/IRS 0%/Larvicide 0%,0;0.4;0.4_0;0;0_0;0;0_-100;2;5475_-100;2;5475_-100;2;5475,30.4904109589041,Prevalence,0.00704502609931172
NbyGQVwzFc_loc12_loop6,12,ITN 0%/IRS 0%/Larvicide 0%,0;0.4;0.4_0;0;0_0;0;0_-100;2;5475_-100;2;5475_-100;2;5475,30.4931506849315,Prevalence,0.00703967473524446
NbyGQVwzFc_loc12_loop6,12,ITN 0%/IRS 0%/Larvicide 0%,0;0.4;0.4_0;0;0_0;0;0_-100;2;5475_-100;2;5475_-100;2;5475,30.4958904109589,Prevalence,0.00703435341449614
NbyGQVwzFc_loc12_loop6,12,ITN 0%/IRS 0%/Larvicide 0%,0;0.4;0.4_0;0;0_0;0;0_-100;2;5475_-100;2;5475_-100;2;5475,30.4986301369863,Prevalence,0.00702906199931862
NbyGQVwzFc_loc12_loop6,12,ITN 0%/IRS 0%/Larvicide 0%,0;0.4;0.4_0;0;0_0;0;0_-100;2;5475_-100;2;5475_-100;2;5475,30.5013698630137,Prevalence,0.00702380035281504
NbyGQVwzFc_loc12_loop6,12,ITN 0%/IRS 0%/Larvicide 0%,0;0.4;0.4_0;0;0_0;0;0_-100;2;5475_-100;2;5475_-100;2;5475,30.5041095890411,Prevalence,0.00701856833893404
NbyGQVwzFc_loc12_loop6,12,ITN 0%/IRS 0%/Larvicide 0%,0;0.4;0.4_0;0;0_0;0;0_-100;2;5475_-100;2;5475_-100;2;5475,30.5068493150685,Prevalence,0.00701336582246385
NbyGQVwzFc_loc12_loop6,12,ITN 0%/IRS 0%/Larvicide 0%,0;0.4;0.4_0;0;0_0;0;0_-100;2;5475_-100;2;5475_-100;2;5475,30.5095890410959,Prevalence,0.00700819266902784
NbyGQVwzFc_loc12_loop6,12,ITN 0%/IRS 0%/Larvicide 0%,0;0.4;0.4_0;0;0_0;0;0_-100;2;5475_-100;2;5475_-100;2;5475,30.5123287671233,Prevalence,0.0070030487450787
NbyGQVwzFc_loc12_loop6,12,ITN 0%/IRS 0%/Larvicide 0%,0;0.4;0.4_0;0;0_0;0;0_-100;2;5475_-100;2;5475_-100;2;5475,30.5150684931507,Prevalence,0.00699793391789299
NbyGQVwzFc_loc12_loop6,12,ITN 0%/IRS 0%/Larvicide 0%,0;0.4;0.4_0;0;0_0;0;0_-100;2;5475_-100;2;5475_-100;2;5475,30.5178082191781,Prevalence,0.00699284805556582
NbyGQVwzFc_loc12_loop6,12,ITN 0%/IRS 0%/Larvicide 0%,0;0.4;0.4_0;0;0_0;0;0_-100;2;5475_-100;2;5475_-100;2;5475,30.5205479452055,Prevalence,0.00698779102700553
NbyGQVwzFc_loc12_loop6,12,ITN 0%/IRS 0%/Larvicide 0%,0;0.4;0.4_0;0;0_0;0;0_-100;2;5475_-100;2;5475_-100;2;5475,30.5232876712329,Prevalence,0.0069827627019284
NbyGQVwzFc_loc12_loop6,12,ITN 0%/IRS 0%/Larvicide 0%,0;0.4;0.4_0;0;0_0;0;0_-100;2;5475_-100;2;5475_-100;2;5475,30.5260273972603,Prevalence,0.00697776295085344
NbyGQVwzFc_loc12_loop6,12,ITN 0%/IRS 0%/Larvicide 0%,0;0.4;0.4_0;0;0_0;0;0_-100;2;5475_-100;2;5475_-100;2;5475,30.5287671232877,Prevalence,0.00697279164509714
NbyGQVwzFc_loc12_loop6,12,ITN 0%/IRS 0%/Larvicide 0%,0;0.4;0.4_0;0;0_0;0;0_-100;2;5475_-100;2;5475_-100;2;5475,30.5315068493151,Prevalence,0.00696784865676834
NbyGQVwzFc_loc12_loop6,12,ITN 0%/IRS 0%/Larvicide 0%,0;0.4;0.4_0;0;0_0;0;0_-100;2;5475_-100;2;5475_-100;2;5475,30.5342465753425,Prevalence,0.00696293385876304
NbyGQVwzFc_loc12_loop6,12,ITN 0%/IRS 0%/Larvicide 0%,0;0.4;0.4_0;0;0_0;0;0_-100;2;5475_-100;2;5475_-100;2;5475,30.5369863013699,Prevalence,0.00695804712475934
NbyGQVwzFc_loc12_loop6,12,ITN 0%/IRS 0%/Larvicide 0%,0;0.4;0.4_0;0;0_0;0;0_-100;2;5475_-100;2;5475_-100;2;5475,30.5397260273973,Prevalence,0.00695318832921227
NbyGQVwzFc_loc12_loop6,12,ITN 0%/IRS 0%/Larvicide 0%,0;0.4;0.4_0;0;0_0;0;0_-100;2;5475_-100;2;5475_-100;2;5475,30.5424657534247,Prevalence,0.00694835734734882
NbyGQVwzFc_loc12_loop6,12,ITN 0%/IRS 0%/Larvicide 0%,0;0.4;0.4_0;0;0_0;0;0_-100;2;5475_-100;2;5475_-100;2;5475,30.5452054794521,Prevalence,0.00694355405516284
NbyGQVwzFc_loc12_loop6,12,ITN 0%/IRS 0%/Larvicide 0%,0;0.4;0.4_0;0;0_0;0;0_-100;2;5475_-100;2;5475_-100;2;5475,30.5479452054795,Prevalence,0.00693877832941009
NbyGQVwzFc_loc12_loop6,12,ITN 0%/IRS 0%/Larvicide 0%,0;0.4;0.4_0;0;0_0;0;0_-100;2;5475_-100;2;5475_-100;2;5475,30.5506849315069,Prevalence,0.00693403004760318
NbyGQVwzFc_loc12_loop6,12,ITN 0%/IRS 0%/Larvicide 0%,0;0.4;0.4_0;0;0_0;0;0_-100;2;5475_-100;2;5475_-100;2;5475,30.5534246575342,Prevalence,0.00692930908800622
NbyGQVwzFc_loc12_loop6,12,ITN 0%/IRS 0%/Larvicide 0%,0;0.4;0.4_0;0;0_0;0;0_-100;2;5475_-100;2;5475_-100;2;5475,30.5561643835616,Prevalence,0.00692461532963055
NbyGQVwzFc_loc12_loop6,12,ITN 0%/IRS 0%/Larvicide 0%,0;0.4;0.4_0;0;0_0;0;0_-100;2;5475_-100;2;5475_-100;2;5475,30.558904109589,Prevalence,0.00691994865222988
NbyGQVwzFc_loc12_loop6,12,ITN 0%/IRS 0%/Larvicide 0%,0;0.4;0.4_0;0;0_0;0;0_-100;2;5475_-100;2;5475_-100;2;5475,30.5616438356164,Prevalence,0.00691530893629522
NbyGQVwzFc_loc12_loop6,12,ITN 0%/IRS 0%/Larvicide 0%,0;0.4;0.4_0;0;0_0;0;0_-100;2;5475_-100;2;5475_-100;2;5475,30.5643835616438,Prevalence,0.00691069606305004
NbyGQVwzFc_loc12_loop6,12,ITN 0%/IRS 0%/Larvicide 0%,0;0.4;0.4_0;0;0_0;0;0_-100;2;5475_-100;2;5475_-100;2;5475,30.5671232876712,Prevalence,0.00690610991444546
NbyGQVwzFc_loc12_loop6,12,ITN 0%/IRS 0%/Larvicide 0%,0;0.4;0.4_0;0;0_0;0;0_-100;2;5475_-100;2;5475_-100;2;5475,30.5698630136986,Prevalence,0.00690155037315546
NbyGQVwzFc_loc12_loop6,12,ITN 0%/IRS 0%/Larvicide 0%,0;0.4;0.4_0;0;0_0;0;0_-100;2;5475_-100;2;5475_-100;2;5475,30.572602739726,Prevalence,0.00689701732257212
NbyGQVwzFc_loc12_loop6,12,ITN 0%/IRS 0%/Larvicide 0%,0;0.4;0.4_0;0;0_0;0;0_-100;2;5475_-100;2;5475_-100;2;5475,30.5753424657534,Prevalence,0.00689251064680091
NbyGQVwzFc_loc12_loop6,12,ITN 0%/IRS 0%/Larvicide 0%,0;0.4;0.4_0;0;0_0;0;0_-100;2;5475_-100;2;5475_-100;2;5475,30.5780821917808,Prevalence,0.00688803023065598
NbyGQVwzFc_loc12_loop6,12,ITN 0%/IRS 0%/Larvicide 0%,0;0.4;0.4_0;0;0_0;0;0_-100;2;5475_-100;2;5475_-100;2;5475,30.5808219178082,Prevalence,0.00688357595965548
NbyGQVwzFc_loc12_loop6,12,ITN 0%/IRS 0%/Larvicide 0%,0;0.4;0.4_0;0;0_0;0;0_-100;2;5475_-100;2;5475_-100;2;5475,30.5835616438356,Prevalence,0.00687914772001694
NbyGQVwzFc_loc12_loop6,12,ITN 0%/IRS 0%/Larvicide 0%,0;0.4;0.4_0;0;0_0;0;0_-100;2;5475_-100;2;5475_-100;2;5475,30.586301369863,Prevalence,0.00687474539865267
NbyGQVwzFc_loc12_loop6,12,ITN 0%/IRS 0%/Larvicide 0%,0;0.4;0.4_0;0;0_0;0;0_-100;2;5475_-100;2;5475_-100;2;5475,30.5890410958904,Prevalence,0.00687036888316514
NbyGQVwzFc_loc12_loop6,12,ITN 0%/IRS 0%/Larvicide 0%,0;0.4;0.4_0;0;0_0;0;0_-100;2;5475_-100;2;5475_-100;2;5475,30.5917808219178,Prevalence,0.00686601806184244
NbyGQVwzFc_loc12_loop6,12,ITN 0%/IRS 0%/Larvicide 0%,0;0.4;0.4_0;0;0_0;0;0_-100;2;5475_-100;2;5475_-100;2;5475,30.5945205479452,Prevalence,0.00686169282365379
NbyGQVwzFc_loc12_loop6,12,ITN 0%/IRS 0%/Larvicide 0%,0;0.4;0.4_0;0;0_0;0;0_-100;2;5475_-100;2;5475_-100;2;5475,30.5972602739726,Prevalence,0.006857393058245
NbyGQVwzFc_loc12_loop6,12,ITN 0%/IRS 0%/Larvicide 0%,0;0.4;0.4_0;0;0_0;0;0_-100;2;5475_-100;2;5475_-100;2;5475,30.6,Prevalence,0.00685311865593393
NbyGQVwzFc_loc12_loop6,12,ITN 0%/IRS 0%/Larvicide 0%,0;0.4;0.4_0;0;0_0;0;0_-100;2;5475_-100;2;5475_-100;2;5475,30.6027397260274,Prevalence,0.00684886950770582
NbyGQVwzFc_loc12_loop6,12,ITN 0%/IRS 0%/Larvicide 0%,0;0.4;0.4_0;0;0_0;0;0_-100;2;5475_-100;2;5475_-100;2;5475,30.6054794520548,Prevalence,0.00684464550520955
NbyGQVwzFc_loc12_loop6,12,ITN 0%/IRS 0%/Larvicide 0%,0;0.4;0.4_0;0;0_0;0;0_-100;2;5475_-100;2;5475_-100;2;5475,30.6082191780822,Prevalence,0.00684044654075306
NbyGQVwzFc_loc12_loop6,12,ITN 0%/IRS 0%/Larvicide 0%,0;0.4;0.4_0;0;0_0;0;0_-100;2;5475_-100;2;5475_-100;2;5475,30.6109589041096,Prevalence,0.00683627250729892
NbyGQVwzFc_loc12_loop6,12,ITN 0%/IRS 0%/Larvicide 0%,0;0.4;0.4_0;0;0_0;0;0_-100;2;5475_-100;2;5475_-100;2;5475,30.613698630137,Prevalence,0.00683212329845994
NbyGQVwzFc_loc12_loop6,12,ITN 0%/IRS 0%/Larvicide 0%,0;0.4;0.4_0;0;0_0;0;0_-100;2;5475_-100;2;5475_-100;2;5475,30.6164383561644,Prevalence,0.00682799880849494
NbyGQVwzFc_loc12_loop6,12,ITN 0%/IRS 0%/Larvicide 0%,0;0.4;0.4_0;0;0_0;0;0_-100;2;5475_-100;2;5475_-100;2;5475,30.6191780821918,Prevalence,0.0068238989323045
NbyGQVwzFc_loc12_loop6,12,ITN 0%/IRS 0%/Larvicide 0%,0;0.4;0.4_0;0;0_0;0;0_-100;2;5475_-100;2;5475_-100;2;5475,30.6219178082192,Prevalence,0.00681982356542666
NbyGQVwzFc_loc12_loop6,12,ITN 0%/IRS 0%/Larvicide 0%,0;0.4;0.4_0;0;0_0;0;0_-100;2;5475_-100;2;5475_-100;2;5475,30.6246575342466,Prevalence,0.0068157726040328
NbyGQVwzFc_loc12_loop6,12,ITN 0%/IRS 0%/Larvicide 0%,0;0.4;0.4_0;0;0_0;0;0_-100;2;5475_-100;2;5475_-100;2;5475,30.627397260274,Prevalence,0.00681174594492341
NbyGQVwzFc_loc12_loop6,12,ITN 0%/IRS 0%/Larvicide 0%,0;0.4;0.4_0;0;0_0;0;0_-100;2;5475_-100;2;5475_-100;2;5475,30.6301369863014,Prevalence,0.00680774348552399
NbyGQVwzFc_loc12_loop6,12,ITN 0%/IRS 0%/Larvicide 0%,0;0.4;0.4_0;0;0_0;0;0_-100;2;5475_-100;2;5475_-100;2;5475,30.6328767123288,Prevalence,0.0068037651238809
NbyGQVwzFc_loc12_loop6,12,ITN 0%/IRS 0%/Larvicide 0%,0;0.4;0.4_0;0;0_0;0;0_-100;2;5475_-100;2;5475_-100;2;5475,30.6356164383562,Prevalence,0.00679981075865727
NbyGQVwzFc_loc12_loop6,12,ITN 0%/IRS 0%/Larvicide 0%,0;0.4;0.4_0;0;0_0;0;0_-100;2;5475_-100;2;5475_-100;2;5475,30.6383561643836,Prevalence,0.00679588028912897
NbyGQVwzFc_loc12_loop6,12,ITN 0%/IRS 0%/Larvicide 0%,0;0.4;0.4_0;0;0_0;0;0_-100;2;5475_-100;2;5475_-100;2;5475,30.641095890411,Prevalence,0.00679197361518054
NbyGQVwzFc_loc12_loop6,12,ITN 0%/IRS 0%/Larvicide 0%,0;0.4;0.4_0;0;0_0;0;0_-100;2;5475_-100;2;5475_-100;2;5475,30.6438356164384,Prevalence,0.00678809063730125
NbyGQVwzFc_loc12_loop6,12,ITN 0%/IRS 0%/Larvicide 0%,0;0.4;0.4_0;0;0_0;0;0_-100;2;5475_-100;2;5475_-100;2;5475,30.6465753424658,Prevalence,0.00678423125658106
NbyGQVwzFc_loc12_loop6,12,ITN 0%/IRS 0%/Larvicide 0%,0;0.4;0.4_0;0;0_0;0;0_-100;2;5475_-100;2;5475_-100;2;5475,30.6493150684932,Prevalence,0.00678039537470665
NbyGQVwzFc_loc12_loop6,12,ITN 0%/IRS 0%/Larvicide 0%,0;0.4;0.4_0;0;0_0;0;0_-100;2;5475_-100;2;5475_-100;2;5475,30.6520547945206,Prevalence,0.00677658289395723
NbyGQVwzFc_loc12_loop6,12,ITN 0%/IRS 0%/Larvicide 0%,0;0.4;0.4_0;0;0_0;0;0_-100;2;5475_-100;2;5475_-100;2;5475,30.654794520548,Prevalence,0.00677279371720134
NbyGQVwzFc_loc12_loop6,12,ITN 0%/IRS 0%/Larvicide 0%,0;0.4;0.4_0;0;0_0;0;0_-100;2;5475_-100;2;5475_-100;2;5475,30.6575342465753,Prevalence,0.00676902774789271
NbyGQVwzFc_loc12_loop6,12,ITN 0%/IRS 0%/Larvicide 0%,0;0.4;0.4_0;0;0_0;0;0_-100;2;5475_-100;2;5475_-100;2;5475,30.6602739726027,Prevalence,0.00676528489006634
NbyGQVwzFc_loc12_loop6,12,ITN 0%/IRS 0%/Larvicide 0%,0;0.4;0.4_0;0;0_0;0;0_-100;2;5475_-100;2;5475_-100;2;5475,30.6630136986301,Prevalence,0.00676156504833466
NbyGQVwzFc_loc12_loop6,12,ITN 0%/IRS 0%/Larvicide 0%,0;0.4;0.4_0;0;0_0;0;0_-100;2;5475_-100;2;5475_-100;2;5475,30.6657534246575,Prevalence,0.00675786812788378
NbyGQVwzFc_loc12_loop6,12,ITN 0%/IRS 0%/Larvicide 0%,0;0.4;0.4_0;0;0_0;0;0_-100;2;5475_-100;2;5475_-100;2;5475,30.6684931506849,Prevalence,0.00675419403446969
NbyGQVwzFc_loc12_loop6,12,ITN 0%/IRS 0%/Larvicide 0%,0;0.4;0.4_0;0;0_0;0;0_-100;2;5475_-100;2;5475_-100;2;5475,30.6712328767123,Prevalence,0.00675054267441456
NbyGQVwzFc_loc12_loop6,12,ITN 0%/IRS 0%/Larvicide 0%,0;0.4;0.4_0;0;0_0;0;0_-100;2;5475_-100;2;5475_-100;2;5475,30.6739726027397,Prevalence,0.006746913954603
NbyGQVwzFc_loc12_loop6,12,ITN 0%/IRS 0%/Larvicide 0%,0;0.4;0.4_0;0;0_0;0;0_-100;2;5475_-100;2;5475_-100;2;5475,30.6767123287671,Prevalence,0.00674330778247838
NbyGQVwzFc_loc12_loop6,12,ITN 0%/IRS 0%/Larvicide 0%,0;0.4;0.4_0;0;0_0;0;0_-100;2;5475_-100;2;5475_-100;2;5475,30.6794520547945,Prevalence,0.0067397240660392
NbyGQVwzFc_loc12_loop6,12,ITN 0%/IRS 0%/Larvicide 0%,0;0.4;0.4_0;0;0_0;0;0_-100;2;5475_-100;2;5475_-100;2;5475,30.6821917808219,Prevalence,0.00673616271383542
NbyGQVwzFc_loc12_loop6,12,ITN 0%/IRS 0%/Larvicide 0%,0;0.4;0.4_0;0;0_0;0;0_-100;2;5475_-100;2;5475_-100;2;5475,30.6849315068493,Prevalence,0.00673262363496488
NbyGQVwzFc_loc12_loop6,12,ITN 0%/IRS 0%/Larvicide 0%,0;0.4;0.4_0;0;0_0;0;0_-100;2;5475_-100;2;5475_-100;2;5475,30.6876712328767,Prevalence,0.00672910673906969
NbyGQVwzFc_loc12_loop6,12,ITN 0%/IRS 0%/Larvicide 0%,0;0.4;0.4_0;0;0_0;0;0_-100;2;5475_-100;2;5475_-100;2;5475,30.6904109589041,Prevalence,0.00672561193633269
NbyGQVwzFc_loc12_loop6,12,ITN 0%/IRS 0%/Larvicide 0%,0;0.4;0.4_0;0;0_0;0;0_-100;2;5475_-100;2;5475_-100;2;5475,30.6931506849315,Prevalence,0.00672213913747392
NbyGQVwzFc_loc12_loop6,12,ITN 0%/IRS 0%/Larvicide 0%,0;0.4;0.4_0;0;0_0;0;0_-100;2;5475_-100;2;5475_-100;2;5475,30.6958904109589,Prevalence,0.00671868825374708
NbyGQVwzFc_loc12_loop6,12,ITN 0%/IRS 0%/Larvicide 0%,0;0.4;0.4_0;0;0_0;0;0_-100;2;5475_-100;2;5475_-100;2;5475,30.6986301369863,Prevalence,0.00671525919693608
NbyGQVwzFc_loc12_loop6,12,ITN 0%/IRS 0%/Larvicide 0%,0;0.4;0.4_0;0;0_0;0;0_-100;2;5475_-100;2;5475_-100;2;5475,30.7013698630137,Prevalence,0.00671185187935136
NbyGQVwzFc_loc12_loop6,12,ITN 0%/IRS 0%/Larvicide 0%,0;0.4;0.4_0;0;0_0;0;0_-100;2;5475_-100;2;5475_-100;2;5475,30.7041095890411,Prevalence,0.00670846621382675
NbyGQVwzFc_loc12_loop6,12,ITN 0%/IRS 0%/Larvicide 0%,0;0.4;0.4_0;0;0_0;0;0_-100;2;5475_-100;2;5475_-100;2;5475,30.7068493150685,Prevalence,0.00670510211371626
NbyGQVwzFc_loc12_loop6,12,ITN 0%/IRS 0%/Larvicide 0%,0;0.4;0.4_0;0;0_0;0;0_-100;2;5475_-100;2;5475_-100;2;5475,30.7095890410959,Prevalence,0.00670175949289036
NbyGQVwzFc_loc12_loop6,12,ITN 0%/IRS 0%/Larvicide 0%,0;0.4;0.4_0;0;0_0;0;0_-100;2;5475_-100;2;5475_-100;2;5475,30.7123287671233,Prevalence,0.00669843826573265
NbyGQVwzFc_loc12_loop6,12,ITN 0%/IRS 0%/Larvicide 0%,0;0.4;0.4_0;0;0_0;0;0_-100;2;5475_-100;2;5475_-100;2;5475,30.7150684931507,Prevalence,0.00669513834713654
NbyGQVwzFc_loc12_loop6,12,ITN 0%/IRS 0%/Larvicide 0%,0;0.4;0.4_0;0;0_0;0;0_-100;2;5475_-100;2;5475_-100;2;5475,30.7178082191781,Prevalence,0.00669185965250189
NbyGQVwzFc_loc12_loop6,12,ITN 0%/IRS 0%/Larvicide 0%,0;0.4;0.4_0;0;0_0;0;0_-100;2;5475_-100;2;5475_-100;2;5475,30.7205479452055,Prevalence,0.00668860209773172
NbyGQVwzFc_loc12_loop6,12,ITN 0%/IRS 0%/Larvicide 0%,0;0.4;0.4_0;0;0_0;0;0_-100;2;5475_-100;2;5475_-100;2;5475,30.7232876712329,Prevalence,0.00668536559922895
NbyGQVwzFc_loc12_loop6,12,ITN 0%/IRS 0%/Larvicide 0%,0;0.4;0.4_0;0;0_0;0;0_-100;2;5475_-100;2;5475_-100;2;5475,30.7260273972603,Prevalence,0.00668215007389311
NbyGQVwzFc_loc12_loop6,12,ITN 0%/IRS 0%/Larvicide 0%,0;0.4;0.4_0;0;0_0;0;0_-100;2;5475_-100;2;5475_-100;2;5475,30.7287671232877,Prevalence,0.00667895543911715
NbyGQVwzFc_loc12_loop6,12,ITN 0%/IRS 0%/Larvicide 0%,0;0.4;0.4_0;0;0_0;0;0_-100;2;5475_-100;2;5475_-100;2;5475,30.7315068493151,Prevalence,0.00667578161278419
NbyGQVwzFc_loc12_loop6,12,ITN 0%/IRS 0%/Larvicide 0%,0;0.4;0.4_0;0;0_0;0;0_-100;2;5475_-100;2;5475_-100;2;5475,30.7342465753425,Prevalence,0.00667262851326437
NbyGQVwzFc_loc12_loop6,12,ITN 0%/IRS 0%/Larvicide 0%,0;0.4;0.4_0;0;0_0;0;0_-100;2;5475_-100;2;5475_-100;2;5475,30.7369863013699,Prevalence,0.00666949605941165
NbyGQVwzFc_loc12_loop6,12,ITN 0%/IRS 0%/Larvicide 0%,0;0.4;0.4_0;0;0_0;0;0_-100;2;5475_-100;2;5475_-100;2;5475,30.7397260273973,Prevalence,0.00666638417056068
NbyGQVwzFc_loc12_loop6,12,ITN 0%/IRS 0%/Larvicide 0%,0;0.4;0.4_0;0;0_0;0;0_-100;2;5475_-100;2;5475_-100;2;5475,30.7424657534247,Prevalence,0.00666329276652368
NbyGQVwzFc_loc12_loop6,12,ITN 0%/IRS 0%/Larvicide 0%,0;0.4;0.4_0;0;0_0;0;0_-100;2;5475_-100;2;5475_-100;2;5475,30.7452054794521,Prevalence,0.00666022176758733
NbyGQVwzFc_loc12_loop6,12,ITN 0%/IRS 0%/Larvicide 0%,0;0.4;0.4_0;0;0_0;0;0_-100;2;5475_-100;2;5475_-100;2;5475,30.7479452054795,Prevalence,0.00665717109450969
NbyGQVwzFc_loc12_loop6,12,ITN 0%/IRS 0%/Larvicide 0%,0;0.4;0.4_0;0;0_0;0;0_-100;2;5475_-100;2;5475_-100;2;5475,30.7506849315069,Prevalence,0.00665414066851713
NbyGQVwzFc_loc12_loop6,12,ITN 0%/IRS 0%/Larvicide 0%,0;0.4;0.4_0;0;0_0;0;0_-100;2;5475_-100;2;5475_-100;2;5475,30.7534246575342,Prevalence,0.00665113041130116
NbyGQVwzFc_loc12_loop6,12,ITN 0%/IRS 0%/Larvicide 0%,0;0.4;0.4_0;0;0_0;0;0_-100;2;5475_-100;2;5475_-100;2;5475,30.7561643835616,Prevalence,0.00664814024501581
NbyGQVwzFc_loc12_loop6,12,ITN 0%/IRS 0%/Larvicide 0%,0;0.4;0.4_0;0;0_0;0;0_-100;2;5475_-100;2;5475_-100;2;5475,30.758904109589,Prevalence,0.00664517009227451
NbyGQVwzFc_loc12_loop6,12,ITN 0%/IRS 0%/Larvicide 0%,0;0.4;0.4_0;0;0_0;0;0_-100;2;5475_-100;2;5475_-100;2;5475,30.7616438356164,Prevalence,0.00664221987614698
NbyGQVwzFc_loc12_loop6,12,ITN 0%/IRS 0%/Larvicide 0%,0;0.4;0.4_0;0;0_0;0;0_-100;2;5475_-100;2;5475_-100;2;5475,30.7643835616438,Prevalence,0.0066392895201563
NbyGQVwzFc_loc12_loop6,12,ITN 0%/IRS 0%/Larvicide 0%,0;0.4;0.4_0;0;0_0;0;0_-100;2;5475_-100;2;5475_-100;2;5475,30.7671232876712,Prevalence,0.00663637894827594
NbyGQVwzFc_loc12_loop6,12,ITN 0%/IRS 0%/Larvicide 0%,0;0.4;0.4_0;0;0_0;0;0_-100;2;5475_-100;2;5475_-100;2;5475,30.7698630136986,Prevalence,0.00663348808492687
NbyGQVwzFc_loc12_loop6,12,ITN 0%/IRS 0%/Larvicide 0%,0;0.4;0.4_0;0;0_0;0;0_-100;2;5475_-100;2;5475_-100;2;5475,30.772602739726,Prevalence,0.00663061685497465
NbyGQVwzFc_loc12_loop6,12,ITN 0%/IRS 0%/Larvicide 0%,0;0.4;0.4_0;0;0_0;0;0_-100;2;5475_-100;2;5475_-100;2;5475,30.7753424657534,Prevalence,0.00662776518372653
NbyGQVwzFc_loc12_loop6,12,ITN 0%/IRS 0%/Larvicide 0%,0;0.4;0.4_0;0;0_0;0;0_-100;2;5475_-100;2;5475_-100;2;5475,30.7780821917808,Prevalence,0.00662493299692866
NbyGQVwzFc_loc12_loop6,12,ITN 0%/IRS 0%/Larvicide 0%,0;0.4;0.4_0;0;0_0;0;0_-100;2;5475_-100;2;5475_-100;2;5475,30.7808219178082,Prevalence,0.00662212022076314
NbyGQVwzFc_loc12_loop6,12,ITN 0%/IRS 0%/Larvicide 0%,0;0.4;0.4_0;0;0_0;0;0_-100;2;5475_-100;2;5475_-100;2;5475,30.7835616438356,Prevalence,0.00661932678184535
NbyGQVwzFc_loc12_loop6,12,ITN 0%/IRS 0%/Larvicide 0%,0;0.4;0.4_0;0;0_0;0;0_-100;2;5475_-100;2;5475_-100;2;5475,30.786301369863,Prevalence,0.006616552607221
NbyGQVwzFc_loc12_loop6,12,ITN 0%/IRS 0%/Larvicide 0%,0;0.4;0.4_0;0;0_0;0;0_-100;2;5475_-100;2;5475_-100;2;5475,30.7890410958904,Prevalence,0.00661379762436344
NbyGQVwzFc_loc12_loop6,12,ITN 0%/IRS 0%/Larvicide 0%,0;0.4;0.4_0;0;0_0;0;0_-100;2;5475_-100;2;5475_-100;2;5475,30.7917808219178,Prevalence,0.00661106176117087
NbyGQVwzFc_loc12_loop6,12,ITN 0%/IRS 0%/Larvicide 0%,0;0.4;0.4_0;0;0_0;0;0_-100;2;5475_-100;2;5475_-100;2;5475,30.7945205479452,Prevalence,0.00660834494596362
NbyGQVwzFc_loc12_loop6,12,ITN 0%/IRS 0%/Larvicide 0%,0;0.4;0.4_0;0;0_0;0;0_-100;2;5475_-100;2;5475_-100;2;5475,30.7972602739726,Prevalence,0.00660564710748137
NbyGQVwzFc_loc12_loop6,12,ITN 0%/IRS 0%/Larvicide 0%,0;0.4;0.4_0;0;0_0;0;0_-100;2;5475_-100;2;5475_-100;2;5475,30.8,Prevalence,0.0066029681748805
NbyGQVwzFc_loc12_loop6,12,ITN 0%/IRS 0%/Larvicide 0%,0;0.4;0.4_0;0;0_0;0;0_-100;2;5475_-100;2;5475_-100;2;5475,30.8027397260274,Prevalence,0.00660030807773135
NbyGQVwzFc_loc12_loop6,12,ITN 0%/IRS 0%/Larvicide 0%,0;0.4;0.4_0;0;0_0;0;0_-100;2;5475_-100;2;5475_-100;2;5475,30.8054794520548,Prevalence,0.00659766674601556
NbyGQVwzFc_loc12_loop6,12,ITN 0%/IRS 0%/Larvicide 0%,0;0.4;0.4_0;0;0_0;0;0_-100;2;5475_-100;2;5475_-100;2;5475,30.8082191780822,Prevalence,0.00659504411012356
NbyGQVwzFc_loc12_loop6,12,ITN 0%/IRS 0%/Larvicide 0%,0;0.4;0.4_0;0;0_0;0;0_-100;2;5475_-100;2;5475_-100;2;5475,30.8109589041096,Prevalence,0.00659244010085202
NbyGQVwzFc_loc12_loop6,12,ITN 0%/IRS 0%/Larvicide 0%,0;0.4;0.4_0;0;0_0;0;0_-100;2;5475_-100;2;5475_-100;2;5475,30.813698630137,Prevalence,0.00658985464940101
NbyGQVwzFc_loc12_loop6,12,ITN 0%/IRS 0%/Larvicide 0%,0;0.4;0.4_0;0;0_0;0;0_-100;2;5475_-100;2;5475_-100;2;5475,30.8164383561644,Prevalence,0.00658728768737144
NbyGQVwzFc_loc12_loop6,12,ITN 0%/IRS 0%/Larvicide 0%,0;0.4;0.4_0;0;0_0;0;0_-100;2;5475_-100;2;5475_-100;2;5475,30.8191780821918,Prevalence,0.00658473914676245
NbyGQVwzFc_loc12_loop6,12,ITN 0%/IRS 0%/Larvicide 0%,0;0.4;0.4_0;0;0_0;0;0_-100;2;5475_-100;2;5475_-100;2;5475,30.8219178082192,Prevalence,0.00658220895996887
NbyGQVwzFc_loc12_loop6,12,ITN 0%/IRS 0%/Larvicide 0%,0;0.4;0.4_0;0;0_0;0;0_-100;2;5475_-100;2;5475_-100;2;5475,30.8246575342466,Prevalence,0.00657969705977869
NbyGQVwzFc_loc12_loop6,12,ITN 0%/IRS 0%/Larvicide 0%,0;0.4;0.4_0;0;0_0;0;0_-100;2;5475_-100;2;5475_-100;2;5475,30.827397260274,Prevalence,0.00657720337937047
NbyGQVwzFc_loc12_loop6,12,ITN 0%/IRS 0%/Larvicide 0%,0;0.4;0.4_0;0;0_0;0;0_-100;2;5475_-100;2;5475_-100;2;5475,30.8301369863014,Prevalence,0.0065747278523109
NbyGQVwzFc_loc12_loop6,12,ITN 0%/IRS 0%/Larvicide 0%,0;0.4;0.4_0;0;0_0;0;0_-100;2;5475_-100;2;5475_-100;2;5475,30.8328767123288,Prevalence,0.00657227041255223
NbyGQVwzFc_loc12_loop6,12,ITN 0%/IRS 0%/Larvicide 0%,0;0.4;0.4_0;0;0_0;0;0_-100;2;5475_-100;2;5475_-100;2;5475,30.8356164383562,Prevalence,0.00656983099442988
NbyGQVwzFc_loc12_loop6,12,ITN 0%/IRS 0%/Larvicide 0%,0;0.4;0.4_0;0;0_0;0;0_-100;2;5475_-100;2;5475_-100;2;5475,30.8383561643836,Prevalence,0.0065674095326599
NbyGQVwzFc_loc12_loop6,12,ITN 0%/IRS 0%/Larvicide 0%,0;0.4;0.4_0;0;0_0;0;0_-100;2;5475_-100;2;5475_-100;2;5475,30.841095890411,Prevalence,0.00656500596233656
NbyGQVwzFc_loc12_loop6,12,ITN 0%/IRS 0%/Larvicide 0%,0;0.4;0.4_0;0;0_0;0;0_-100;2;5475_-100;2;5475_-100;2;5475,30.8438356164384,Prevalence,0.00656262021892991
NbyGQVwzFc_loc12_loop6,12,ITN 0%/IRS 0%/Larvicide 0%,0;0.4;0.4_0;0;0_0;0;0_-100;2;5475_-100;2;5475_-100;2;5475,30.8465753424658,Prevalence,0.00656025223828341
NbyGQVwzFc_loc12_loop6,12,ITN 0%/IRS 0%/Larvicide 0%,0;0.4;0.4_0;0;0_0;0;0_-100;2;5475_-100;2;5475_-100;2;5475,30.8493150684932,Prevalence,0.00655790195661145
NbyGQVwzFc_loc12_loop6,12,ITN 0%/IRS 0%/Larvicide 0%,0;0.4;0.4_0;0;0_0;0;0_-100;2;5475_-100;2;5475_-100;2;5475,30.8520547945206,Prevalence,0.00655556931049707
NbyGQVwzFc_loc12_loop6,12,ITN 0%/IRS 0%/Larvicide 0%,0;0.4;0.4_0;0;0_0;0;0_-100;2;5475_-100;2;5475_-100;2;5475,30.854794520548,Prevalence,0.00655325423688951
NbyGQVwzFc_loc12_loop6,12,ITN 0%/IRS 0%/Larvicide 0%,0;0.4;0.4_0;0;0_0;0;0_-100;2;5475_-100;2;5475_-100;2;5475,30.8575342465753,Prevalence,0.0065509566731019
NbyGQVwzFc_loc12_loop6,12,ITN 0%/IRS 0%/Larvicide 0%,0;0.4;0.4_0;0;0_0;0;0_-100;2;5475_-100;2;5475_-100;2;5475,30.8602739726027,Prevalence,0.00654867655680897
NbyGQVwzFc_loc12_loop6,12,ITN 0%/IRS 0%/Larvicide 0%,0;0.4;0.4_0;0;0_0;0;0_-100;2;5475_-100;2;5475_-100;2;5475,30.8630136986301,Prevalence,0.0065464138260449
NbyGQVwzFc_loc12_loop6,12,ITN 0%/IRS 0%/Larvicide 0%,0;0.4;0.4_0;0;0_0;0;0_-100;2;5475_-100;2;5475_-100;2;5475,30.8657534246575,Prevalence,0.00654416841920086
NbyGQVwzFc_loc12_loop6,12,ITN 0%/IRS 0%/Larvicide 0%,0;0.4;0.4_0;0;0_0;0;0_-100;2;5475_-100;2;5475_-100;2;5475,30.8684931506849,Prevalence,0.00654194027502268
NbyGQVwzFc_loc12_loop6,12,ITN 0%/IRS 0%/Larvicide 0%,0;0.4;0.4_0;0;0_0;0;0_-100;2;5475_-100;2;5475_-100;2;5475,30.8712328767123,Prevalence,0.00653972933260858
NbyGQVwzFc_loc12_loop6,12,ITN 0%/IRS 0%/Larvicide 0%,0;0.4;0.4_0;0;0_0;0;0_-100;2;5475_-100;2;5475_-100;2;5475,30.8739726027397,Prevalence,0.00653753553140693
NbyGQVwzFc_loc12_loop6,12,ITN 0%/IRS 0%/Larvicide 0%,0;0.4;0.4_0;0;0_0;0;0_-100;2;5475_-100;2;5475_-100;2;5475,30.8767123287671,Prevalence,0.00653535881121396
NbyGQVwzFc_loc12_loop6,12,ITN 0%/IRS 0%/Larvicide 0%,0;0.4;0.4_0;0;0_0;0;0_-100;2;5475_-100;2;5475_-100;2;5475,30.8794520547945,Prevalence,0.00653319911217159
NbyGQVwzFc_loc12_loop6,12,ITN 0%/IRS 0%/Larvicide 0%,0;0.4;0.4_0;0;0_0;0;0_-100;2;5475_-100;2;5475_-100;2;5475,30.8821917808219,Prevalence,0.00653105637476521
NbyGQVwzFc_loc12_loop6,12,ITN 0%/IRS 0%/Larvicide 0%,0;0.4;0.4_0;0;0_0;0;0_-100;2;5475_-100;2;5475_-100;2;5475,30.8849315068493,Prevalence,0.00652893053982148
NbyGQVwzFc_loc12_loop6,12,ITN 0%/IRS 0%/Larvicide 0%,0;0.4;0.4_0;0;0_0;0;0_-100;2;5475_-100;2;5475_-100;2;5475,30.8876712328767,Prevalence,0.00652682154850611
NbyGQVwzFc_loc12_loop6,12,ITN 0%/IRS 0%/Larvicide 0%,0;0.4;0.4_0;0;0_0;0;0_-100;2;5475_-100;2;5475_-100;2;5475,30.8904109589041,Prevalence,0.00652472934232177
NbyGQVwzFc_loc12_loop6,12,ITN 0%/IRS 0%/Larvicide 0%,0;0.4;0.4_0;0;0_0;0;0_-100;2;5475_-100;2;5475_-100;2;5475,30.8931506849315,Prevalence,0.00652265386310588
NbyGQVwzFc_loc12_loop6,12,ITN 0%/IRS 0%/Larvicide 0%,0;0.4;0.4_0;0;0_0;0;0_-100;2;5475_-100;2;5475_-100;2;5475,30.8958904109589,Prevalence,0.00652059505302849
NbyGQVwzFc_loc12_loop6,12,ITN 0%/IRS 0%/Larvicide 0%,0;0.4;0.4_0;0;0_0;0;0_-100;2;5475_-100;2;5475_-100;2;5475,30.8986301369863,Prevalence,0.00651855285459018
NbyGQVwzFc_loc12_loop6,12,ITN 0%/IRS 0%/Larvicide 0%,0;0.4;0.4_0;0;0_0;0;0_-100;2;5475_-100;2;5475_-100;2;5475,30.9013698630137,Prevalence,0.00651652721061991
NbyGQVwzFc_loc12_loop6,12,ITN 0%/IRS 0%/Larvicide 0%,0;0.4;0.4_0;0;0_0;0;0_-100;2;5475_-100;2;5475_-100;2;5475,30.9041095890411,Prevalence,0.00651451806427295
NbyGQVwzFc_loc12_loop6,12,ITN 0%/IRS 0%/Larvicide 0%,0;0.4;0.4_0;0;0_0;0;0_-100;2;5475_-100;2;5475_-100;2;5475,30.9068493150685,Prevalence,0.0065125253590288
NbyGQVwzFc_loc12_loop6,12,ITN 0%/IRS 0%/Larvicide 0%,0;0.4;0.4_0;0;0_0;0;0_-100;2;5475_-100;2;5475_-100;2;5475,30.9095890410959,Prevalence,0.00651054903868914
NbyGQVwzFc_loc12_loop6,12,ITN 0%/IRS 0%/Larvicide 0%,0;0.4;0.4_0;0;0_0;0;0_-100;2;5475_-100;2;5475_-100;2;5475,30.9123287671233,Prevalence,0.00650858904737573
NbyGQVwzFc_loc12_loop6,12,ITN 0%/IRS 0%/Larvicide 0%,0;0.4;0.4_0;0;0_0;0;0_-100;2;5475_-100;2;5475_-100;2;5475,30.9150684931507,Prevalence,0.0065066453295285
NbyGQVwzFc_loc12_loop6,12,ITN 0%/IRS 0%/Larvicide 0%,0;0.4;0.4_0;0;0_0;0;0_-100;2;5475_-100;2;5475_-100;2;5475,30.9178082191781,Prevalence,0.0065047178299036
NbyGQVwzFc_loc12_loop6,12,ITN 0%/IRS 0%/Larvicide 0%,0;0.4;0.4_0;0;0_0;0;0_-100;2;5475_-100;2;5475_-100;2;5475,30.9205479452055,Prevalence,0.00650280649357128
NbyGQVwzFc_loc12_loop6,12,ITN 0%/IRS 0%/Larvicide 0%,0;0.4;0.4_0;0;0_0;0;0_-100;2;5475_-100;2;5475_-100;2;5475,30.9232876712329,Prevalence,0.00650091126591377
NbyGQVwzFc_loc12_loop6,12,ITN 0%/IRS 0%/Larvicide 0%,0;0.4;0.4_0;0;0_0;0;0_-100;2;5475_-100;2;5475_-100;2;5475,30.9260273972603,Prevalence,0.00649903209262339
NbyGQVwzFc_loc12_loop6,12,ITN 0%/IRS 0%/Larvicide 0%,0;0.4;0.4_0;0;0_0;0;0_-100;2;5475_-100;2;5475_-100;2;5475,30.9287671232877,Prevalence,0.00649716891970055
NbyGQVwzFc_loc12_loop6,12,ITN 0%/IRS 0%/Larvicide 0%,0;0.4;0.4_0;0;0_0;0;0_-100;2;5475_-100;2;5475_-100;2;5475,30.9315068493151,Prevalence,0.00649532169345174
NbyGQVwzFc_loc12_loop6,12,ITN 0%/IRS 0%/Larvicide 0%,0;0.4;0.4_0;0;0_0;0;0_-100;2;5475_-100;2;5475_-100;2;5475,30.9342465753425,Prevalence,0.00649349036048767
NbyGQVwzFc_loc12_loop6,12,ITN 0%/IRS 0%/Larvicide 0%,0;0.4;0.4_0;0;0_0;0;0_-100;2;5475_-100;2;5475_-100;2;5475,30.9369863013699,Prevalence,0.00649167486772127
NbyGQVwzFc_loc12_loop6,12,ITN 0%/IRS 0%/Larvicide 0%,0;0.4;0.4_0;0;0_0;0;0_-100;2;5475_-100;2;5475_-100;2;5475,30.9397260273973,Prevalence,0.0064898751623658
NbyGQVwzFc_loc12_loop6,12,ITN 0%/IRS 0%/Larvicide 0%,0;0.4;0.4_0;0;0_0;0;0_-100;2;5475_-100;2;5475_-100;2;5475,30.9424657534247,Prevalence,0.00648809119193294
NbyGQVwzFc_loc12_loop6,12,ITN 0%/IRS 0%/Larvicide 0%,0;0.4;0.4_0;0;0_0;0;0_-100;2;5475_-100;2;5475_-100;2;5475,30.9452054794521,Prevalence,0.00648632290423089
NbyGQVwzFc_loc12_loop6,12,ITN 0%/IRS 0%/Larvicide 0%,0;0.4;0.4_0;0;0_0;0;0_-100;2;5475_-100;2;5475_-100;2;5475,30.9479452054795,Prevalence,0.0064845702473625
NbyGQVwzFc_loc12_loop6,12,ITN 0%/IRS 0%/Larvicide 0%,0;0.4;0.4_0;0;0_0;0;0_-100;2;5475_-100;2;5475_-100;2;5475,30.9506849315069,Prevalence,0.00648283316972337
NbyGQVwzFc_loc12_loop6,12,ITN 0%/IRS 0%/Larvicide 0%,0;0.4;0.4_0;0;0_0;0;0_-100;2;5475_-100;2;5475_-100;2;5475,30.9534246575343,Prevalence,0.00648111162000004
NbyGQVwzFc_loc12_loop6,12,ITN 0%/IRS 0%/Larvicide 0%,0;0.4;0.4_0;0;0_0;0;0_-100;2;5475_-100;2;5475_-100;2;5475,30.9561643835616,Prevalence,0.00647940554716811
NbyGQVwzFc_loc12_loop6,12,ITN 0%/IRS 0%/Larvicide 0%,0;0.4;0.4_0;0;0_0;0;0_-100;2;5475_-100;2;5475_-100;2;5475,30.958904109589,Prevalence,0.00647771490049041
NbyGQVwzFc_loc12_loop6,12,ITN 0%/IRS 0%/Larvicide 0%,0;0.4;0.4_0;0;0_0;0;0_-100;2;5475_-100;2;5475_-100;2;5475,30.9616438356164,Prevalence,0.0064760396295152
NbyGQVwzFc_loc12_loop6,12,ITN 0%/IRS 0%/Larvicide 0%,0;0.4;0.4_0;0;0_0;0;0_-100;2;5475_-100;2;5475_-100;2;5475,30.9643835616438,Prevalence,0.00647437968407434
NbyGQVwzFc_loc12_loop6,12,ITN 0%/IRS 0%/Larvicide 0%,0;0.4;0.4_0;0;0_0;0;0_-100;2;5475_-100;2;5475_-100;2;5475,30.9671232876712,Prevalence,0.00647273501428151
NbyGQVwzFc_loc12_loop6,12,ITN 0%/IRS 0%/Larvicide 0%,0;0.4;0.4_0;0;0_0;0;0_-100;2;5475_-100;2;5475_-100;2;5475,30.9698630136986,Prevalence,0.00647110557053047
NbyGQVwzFc_loc12_loop6,12,ITN 0%/IRS 0%/Larvicide 0%,0;0.4;0.4_0;0;0_0;0;0_-100;2;5475_-100;2;5475_-100;2;5475,30.972602739726,Prevalence,0.00646949130349343
NbyGQVwzFc_loc12_loop6,12,ITN 0%/IRS 0%/Larvicide 0%,0;0.4;0.4_0;0;0_0;0;0_-100;2;5475_-100;2;5475_-100;2;5475,30.9753424657534,Prevalence,0.00646789216411915
NbyGQVwzFc_loc12_loop6,12,ITN 0%/IRS 0%/Larvicide 0%,0;0.4;0.4_0;0;0_0;0;0_-100;2;5475_-100;2;5475_-100;2;5475,30.9780821917808,Prevalence,0.00646630810363113
NbyGQVwzFc_loc12_loop6,12,ITN 0%/IRS 0%/Larvicide 0%,0;0.4;0.4_0;0;0_0;0;0_-100;2;5475_-100;2;5475_-100;2;5475,30.9808219178082,Prevalence,0.00646473907352591
NbyGQVwzFc_loc12_loop6,12,ITN 0%/IRS 0%/Larvicide 0%,0;0.4;0.4_0;0;0_0;0;0_-100;2;5475_-100;2;5475_-100;2;5475,30.9835616438356,Prevalence,0.00646318502557127
NbyGQVwzFc_loc12_loop6,12,ITN 0%/IRS 0%/Larvicide 0%,0;0.4;0.4_0;0;0_0;0;0_-100;2;5475_-100;2;5475_-100;2;5475,30.986301369863,Prevalence,0.0064616459118046
NbyGQVwzFc_loc12_loop6,12,ITN 0%/IRS 0%/Larvicide 0%,0;0.4;0.4_0;0;0_0;0;0_-100;2;5475_-100;2;5475_-100;2;5475,30.9890410958904,Prevalence,0.00646012168453114
NbyGQVwzFc_loc12_loop6,12,ITN 0%/IRS 0%/Larvicide 0%,0;0.4;0.4_0;0;0_0;0;0_-100;2;5475_-100;2;5475_-100;2;5475,30.9917808219178,Prevalence,0.00645861229632229
NbyGQVwzFc_loc12_loop6,12,ITN 0%/IRS 0%/Larvicide 0%,0;0.4;0.4_0;0;0_0;0;0_-100;2;5475_-100;2;5475_-100;2;5475,30.9945205479452,Prevalence,0.00645711770001399
NbyGQVwzFc_loc12_loop6,12,ITN 0%/IRS 0%/Larvicide 0%,0;0.4;0.4_0;0;0_0;0;0_-100;2;5475_-100;2;5475_-100;2;5475,30.9972602739726,Prevalence,0.00645563784870495
NbyGQVwzFc_loc12_loop6,12,ITN 0%/IRS 0%/Larvicide 0%,0;0.4;0.4_0;0;0_0;0;0_-100;2;5475_-100;2;5475_-100;2;5475,31,Prevalence,0.00645417269575508
NbyGQVwzFc_loc12_loop6,12,ITN 0%/IRS 0%/Larvicide 0%,0;0.4;0.4_0;0;0_0;0;0_-100;2;5475_-100;2;5475_-100;2;5475,31.0027397260274,Prevalence,0.00645272219478379
NbyGQVwzFc_loc12_loop6,12,ITN 0%/IRS 0%/Larvicide 0%,0;0.4;0.4_0;0;0_0;0;0_-100;2;5475_-100;2;5475_-100;2;5475,31.0054794520548,Prevalence,0.0064512862996684
NbyGQVwzFc_loc12_loop6,12,ITN 0%/IRS 0%/Larvicide 0%,0;0.4;0.4_0;0;0_0;0;0_-100;2;5475_-100;2;5475_-100;2;5475,31.0082191780822,Prevalence,0.00644986496454242
NbyGQVwzFc_loc12_loop6,12,ITN 0%/IRS 0%/Larvicide 0%,0;0.4;0.4_0;0;0_0;0;0_-100;2;5475_-100;2;5475_-100;2;5475,31.0109589041096,Prevalence,0.00644845814379408
NbyGQVwzFc_loc12_loop6,12,ITN 0%/IRS 0%/Larvicide 0%,0;0.4;0.4_0;0;0_0;0;0_-100;2;5475_-100;2;5475_-100;2;5475,31.013698630137,Prevalence,0.00644706579206459
NbyGQVwzFc_loc12_loop6,12,ITN 0%/IRS 0%/Larvicide 0%,0;0.4;0.4_0;0;0_0;0;0_-100;2;5475_-100;2;5475_-100;2;5475,31.0164383561644,Prevalence,0.0064456878642466
NbyGQVwzFc_loc12_loop6,12,ITN 0%/IRS 0%/Larvicide 0%,0;0.4;0.4_0;0;0_0;0;0_-100;2;5475_-100;2;5475_-100;2;5475,31.0191780821918,Prevalence,0.00644432431548265
NbyGQVwzFc_loc12_loop6,12,ITN 0%/IRS 0%/Larvicide 0%,0;0.4;0.4_0;0;0_0;0;0_-100;2;5475_-100;2;5475_-100;2;5475,31.0219178082192,Prevalence,0.00644297510116352
NbyGQVwzFc_loc12_loop6,12,ITN 0%/IRS 0%/Larvicide 0%,0;0.4;0.4_0;0;0_0;0;0_-100;2;5475_-100;2;5475_-100;2;5475,31.0246575342466,Prevalence,0.00644164017692675
NbyGQVwzFc_loc12_loop6,12,ITN 0%/IRS 0%/Larvicide 0%,0;0.4;0.4_0;0;0_0;0;0_-100;2;5475_-100;2;5475_-100;2;5475,31.027397260274,Prevalence,0.0064403194986551
NbyGQVwzFc_loc12_loop6,12,ITN 0%/IRS 0%/Larvicide 0%,0;0.4;0.4_0;0;0_0;0;0_-100;2;5475_-100;2;5475_-100;2;5475,31.0301369863014,Prevalence,0.00643901302247516
NbyGQVwzFc_loc12_loop6,12,ITN 0%/IRS 0%/Larvicide 0%,0;0.4;0.4_0;0;0_0;0;0_-100;2;5475_-100;2;5475_-100;2;5475,31.0328767123288,Prevalence,0.00643772070475564
NbyGQVwzFc_loc12_loop6,12,ITN 0%/IRS 0%/Larvicide 0%,0;0.4;0.4_0;0;0_0;0;0_-100;2;5475_-100;2;5475_-100;2;5475,31.0356164383562,Prevalence,0.00643644250210694
NbyGQVwzFc_loc12_loop6,12,ITN 0%/IRS 0%/Larvicide 0%,0;0.4;0.4_0;0;0_0;0;0_-100;2;5475_-100;2;5475_-100;2;5475,31.0383561643836,Prevalence,0.00643517837137458
NbyGQVwzFc_loc12_loop6,12,ITN 0%/IRS 0%/Larvicide 0%,0;0.4;0.4_0;0;0_0;0;0_-100;2;5475_-100;2;5475_-100;2;5475,31.041095890411,Prevalence,0.00643392826964614
NbyGQVwzFc_loc12_loop6,12,ITN 0%/IRS 0%/Larvicide 0%,0;0.4;0.4_0;0;0_0;0;0_-100;2;5475_-100;2;5475_-100;2;5475,31.0438356164384,Prevalence,0.00643269215424436
NbyGQVwzFc_loc12_loop6,12,ITN 0%/IRS 0%/Larvicide 0%,0;0.4;0.4_0;0;0_0;0;0_-100;2;5475_-100;2;5475_-100;2;5475,31.0465753424658,Prevalence,0.00643146998272449
NbyGQVwzFc_loc12_loop6,12,ITN 0%/IRS 0%/Larvicide 0%,0;0.4;0.4_0;0;0_0;0;0_-100;2;5475_-100;2;5475_-100;2;5475,31.0493150684932,Prevalence,0.00643026171287622
NbyGQVwzFc_loc12_loop6,12,ITN 0%/IRS 0%/Larvicide 0%,0;0.4;0.4_0;0;0_0;0;0_-100;2;5475_-100;2;5475_-100;2;5475,31.0520547945205,Prevalence,0.00642906730272141
NbyGQVwzFc_loc12_loop6,12,ITN 0%/IRS 0%/Larvicide 0%,0;0.4;0.4_0;0;0_0;0;0_-100;2;5475_-100;2;5475_-100;2;5475,31.0547945205479,Prevalence,0.00642788671051136
NbyGQVwzFc_loc12_loop6,12,ITN 0%/IRS 0%/Larvicide 0%,0;0.4;0.4_0;0;0_0;0;0_-100;2;5475_-100;2;5475_-100;2;5475,31.0575342465753,Prevalence,0.00642671989472578
NbyGQVwzFc_loc12_loop6,12,ITN 0%/IRS 0%/Larvicide 0%,0;0.4;0.4_0;0;0_0;0;0_-100;2;5475_-100;2;5475_-100;2;5475,31.0602739726027,Prevalence,0.00642556681407265
NbyGQVwzFc_loc12_loop6,12,ITN 0%/IRS 0%/Larvicide 0%,0;0.4;0.4_0;0;0_0;0;0_-100;2;5475_-100;2;5475_-100;2;5475,31.0630136986301,Prevalence,0.00642442742748558
NbyGQVwzFc_loc12_loop6,12,ITN 0%/IRS 0%/Larvicide 0%,0;0.4;0.4_0;0;0_0;0;0_-100;2;5475_-100;2;5475_-100;2;5475,31.0657534246575,Prevalence,0.00642330169412157
NbyGQVwzFc_loc12_loop6,12,ITN 0%/IRS 0%/Larvicide 0%,0;0.4;0.4_0;0;0_0;0;0_-100;2;5475_-100;2;5475_-100;2;5475,31.0684931506849,Prevalence,0.00642218957336043
NbyGQVwzFc_loc12_loop6,12,ITN 0%/IRS 0%/Larvicide 0%,0;0.4;0.4_0;0;0_0;0;0_-100;2;5475_-100;2;5475_-100;2;5475,31.0712328767123,Prevalence,0.00642109102480057
NbyGQVwzFc_loc12_loop6,12,ITN 0%/IRS 0%/Larvicide 0%,0;0.4;0.4_0;0;0_0;0;0_-100;2;5475_-100;2;5475_-100;2;5475,31.0739726027397,Prevalence,0.006420006008275
NbyGQVwzFc_loc12_loop6,12,ITN 0%/IRS 0%/Larvicide 0%,0;0.4;0.4_0;0;0_0;0;0_-100;2;5475_-100;2;5475_-100;2;5475,31.0767123287671,Prevalence,0.00641893448382158
NbyGQVwzFc_loc12_loop6,12,ITN 0%/IRS 0%/Larvicide 0%,0;0.4;0.4_0;0;0_0;0;0_-100;2;5475_-100;2;5475_-100;2;5475,31.0794520547945,Prevalence,0.00641787641169585
NbyGQVwzFc_loc12_loop6,12,ITN 0%/IRS 0%/Larvicide 0%,0;0.4;0.4_0;0;0_0;0;0_-100;2;5475_-100;2;5475_-100;2;5475,31.0821917808219,Prevalence,0.00641683175237869
NbyGQVwzFc_loc12_loop6,12,ITN 0%/IRS 0%/Larvicide 0%,0;0.4;0.4_0;0;0_0;0;0_-100;2;5475_-100;2;5475_-100;2;5475,31.0849315068493,Prevalence,0.00641580046655929
NbyGQVwzFc_loc12_loop6,12,ITN 0%/IRS 0%/Larvicide 0%,0;0.4;0.4_0;0;0_0;0;0_-100;2;5475_-100;2;5475_-100;2;5475,31.0876712328767,Prevalence,0.00641478251513882
NbyGQVwzFc_loc12_loop6,12,ITN 0%/IRS 0%/Larvicide 0%,0;0.4;0.4_0;0;0_0;0;0_-100;2;5475_-100;2;5475_-100;2;5475,31.0904109589041,Prevalence,0.00641377785921973
NbyGQVwzFc_loc12_loop6,12,ITN 0%/IRS 0%/Larvicide 0%,0;0.4;0.4_0;0;0_0;0;0_-100;2;5475_-100;2;5475_-100;2;5475,31.0931506849315,Prevalence,0.00641278646017647
NbyGQVwzFc_loc12_loop6,12,ITN 0%/IRS 0%/Larvicide 0%,0;0.4;0.4_0;0;0_0;0;0_-100;2;5475_-100;2;5475_-100;2;5475,31.0958904109589,Prevalence,0.00641180827951373
NbyGQVwzFc_loc12_loop6,12,ITN 0%/IRS 0%/Larvicide 0%,0;0.4;0.4_0;0;0_0;0;0_-100;2;5475_-100;2;5475_-100;2;5475,31.0986301369863,Prevalence,0.00641084327894596
NbyGQVwzFc_loc12_loop6,12,ITN 0%/IRS 0%/Larvicide 0%,0;0.4;0.4_0;0;0_0;0;0_-100;2;5475_-100;2;5475_-100;2;5475,31.1013698630137,Prevalence,0.00640989142046403
NbyGQVwzFc_loc12_loop6,12,ITN 0%/IRS 0%/Larvicide 0%,0;0.4;0.4_0;0;0_0;0;0_-100;2;5475_-100;2;5475_-100;2;5475,31.1041095890411,Prevalence,0.00640895266622641
NbyGQVwzFc_loc12_loop6,12,ITN 0%/IRS 0%/Larvicide 0%,0;0.4;0.4_0;0;0_0;0;0_-100;2;5475_-100;2;5475_-100;2;5475,31.1068493150685,Prevalence,0.00640802697856877
NbyGQVwzFc_loc12_loop6,12,ITN 0%/IRS 0%/Larvicide 0%,0;0.4;0.4_0;0;0_0;0;0_-100;2;5475_-100;2;5475_-100;2;5475,31.1095890410959,Prevalence,0.00640711432006857
NbyGQVwzFc_loc12_loop6,12,ITN 0%/IRS 0%/Larvicide 0%,0;0.4;0.4_0;0;0_0;0;0_-100;2;5475_-100;2;5475_-100;2;5475,31.1123287671233,Prevalence,0.00640621465350202
NbyGQVwzFc_loc12_loop6,12,ITN 0%/IRS 0%/Larvicide 0%,0;0.4;0.4_0;0;0_0;0;0_-100;2;5475_-100;2;5475_-100;2;5475,31.1150684931507,Prevalence,0.00640532794182162
NbyGQVwzFc_loc12_loop6,12,ITN 0%/IRS 0%/Larvicide 0%,0;0.4;0.4_0;0;0_0;0;0_-100;2;5475_-100;2;5475_-100;2;5475,31.1178082191781,Prevalence,0.00640445414819424
NbyGQVwzFc_loc12_loop6,12,ITN 0%/IRS 0%/Larvicide 0%,0;0.4;0.4_0;0;0_0;0;0_-100;2;5475_-100;2;5475_-100;2;5475,31.1205479452055,Prevalence,0.00640359323599234
NbyGQVwzFc_loc12_loop6,12,ITN 0%/IRS 0%/Larvicide 0%,0;0.4;0.4_0;0;0_0;0;0_-100;2;5475_-100;2;5475_-100;2;5475,31.1232876712329,Prevalence,0.00640274516877077
NbyGQVwzFc_loc12_loop6,12,ITN 0%/IRS 0%/Larvicide 0%,0;0.4;0.4_0;0;0_0;0;0_-100;2;5475_-100;2;5475_-100;2;5475,31.1260273972603,Prevalence,0.00640190991028312
NbyGQVwzFc_loc12_loop6,12,ITN 0%/IRS 0%/Larvicide 0%,0;0.4;0.4_0;0;0_0;0;0_-100;2;5475_-100;2;5475_-100;2;5475,31.1287671232877,Prevalence,0.00640108742448484
NbyGQVwzFc_loc12_loop6,12,ITN 0%/IRS 0%/Larvicide 0%,0;0.4;0.4_0;0;0_0;0;0_-100;2;5475_-100;2;5475_-100;2;5475,31.1315068493151,Prevalence,0.00640027767551803
NbyGQVwzFc_loc12_loop6,12,ITN 0%/IRS 0%/Larvicide 0%,0;0.4;0.4_0;0;0_0;0;0_-100;2;5475_-100;2;5475_-100;2;5475,31.1342465753425,Prevalence,0.0063994806277156
NbyGQVwzFc_loc12_loop6,12,ITN 0%/IRS 0%/Larvicide 0%,0;0.4;0.4_0;0;0_0;0;0_-100;2;5475_-100;2;5475_-100;2;5475,31.1369863013699,Prevalence,0.00639869624560588
NbyGQVwzFc_loc12_loop6,12,ITN 0%/IRS 0%/Larvicide 0%,0;0.4;0.4_0;0;0_0;0;0_-100;2;5475_-100;2;5475_-100;2;5475,31.1397260273973,Prevalence,0.0063979244939047
NbyGQVwzFc_loc12_loop6,12,ITN 0%/IRS 0%/Larvicide 0%,0;0.4;0.4_0;0;0_0;0;0_-100;2;5475_-100;2;5475_-100;2;5475,31.1424657534247,Prevalence,0.00639716533751445
NbyGQVwzFc_loc12_loop6,12,ITN 0%/IRS 0%/Larvicide 0%,0;0.4;0.4_0;0;0_0;0;0_-100;2;5475_-100;2;5475_-100;2;5475,31.1452054794521,Prevalence,0.00639641874152694
NbyGQVwzFc_loc12_loop6,12,ITN 0%/IRS 0%/Larvicide 0%,0;0.4;0.4_0;0;0_0;0;0_-100;2;5475_-100;2;5475_-100;2;5475,31.1479452054795,Prevalence,0.00639568467122008
NbyGQVwzFc_loc12_loop6,12,ITN 0%/IRS 0%/Larvicide 0%,0;0.4;0.4_0;0;0_0;0;0_-100;2;5475_-100;2;5475_-100;2;5475,31.1506849315069,Prevalence,0.00639496309205542
NbyGQVwzFc_loc12_loop6,12,ITN 0%/IRS 0%/Larvicide 0%,0;0.4;0.4_0;0;0_0;0;0_-100;2;5475_-100;2;5475_-100;2;5475,31.1534246575343,Prevalence,0.00639425396967882
NbyGQVwzFc_loc12_loop6,12,ITN 0%/IRS 0%/Larvicide 0%,0;0.4;0.4_0;0;0_0;0;0_-100;2;5475_-100;2;5475_-100;2;5475,31.1561643835617,Prevalence,0.00639355726991915
NbyGQVwzFc_loc12_loop6,12,ITN 0%/IRS 0%/Larvicide 0%,0;0.4;0.4_0;0;0_0;0;0_-100;2;5475_-100;2;5475_-100;2;5475,31.158904109589,Prevalence,0.00639287295878603
NbyGQVwzFc_loc12_loop6,12,ITN 0%/IRS 0%/Larvicide 0%,0;0.4;0.4_0;0;0_0;0;0_-100;2;5475_-100;2;5475_-100;2;5475,31.1616438356164,Prevalence,0.0063922010024694
NbyGQVwzFc_loc12_loop6,12,ITN 0%/IRS 0%/Larvicide 0%,0;0.4;0.4_0;0;0_0;0;0_-100;2;5475_-100;2;5475_-100;2;5475,31.1643835616438,Prevalence,0.00639154136733878
NbyGQVwzFc_loc12_loop6,12,ITN 0%/IRS 0%/Larvicide 0%,0;0.4;0.4_0;0;0_0;0;0_-100;2;5475_-100;2;5475_-100;2;5475,31.1671232876712,Prevalence,0.00639089401994148
NbyGQVwzFc_loc12_loop6,12,ITN 0%/IRS 0%/Larvicide 0%,0;0.4;0.4_0;0;0_0;0;0_-100;2;5475_-100;2;5475_-100;2;5475,31.1698630136986,Prevalence,0.00639025892700165
NbyGQVwzFc_loc12_loop6,12,ITN 0%/IRS 0%/Larvicide 0%,0;0.4;0.4_0;0;0_0;0;0_-100;2;5475_-100;2;5475_-100;2;5475,31.172602739726,Prevalence,0.00638963605541946
NbyGQVwzFc_loc12_loop6,12,ITN 0%/IRS 0%/Larvicide 0%,0;0.4;0.4_0;0;0_0;0;0_-100;2;5475_-100;2;5475_-100;2;5475,31.1753424657534,Prevalence,0.00638902537226986
NbyGQVwzFc_loc12_loop6,12,ITN 0%/IRS 0%/Larvicide 0%,0;0.4;0.4_0;0;0_0;0;0_-100;2;5475_-100;2;5475_-100;2;5475,31.1780821917808,Prevalence,0.00638842684480129
NbyGQVwzFc_loc12_loop6,12,ITN 0%/IRS 0%/Larvicide 0%,0;0.4;0.4_0;0;0_0;0;0_-100;2;5475_-100;2;5475_-100;2;5475,31.1808219178082,Prevalence,0.0063878404404349
NbyGQVwzFc_loc12_loop6,12,ITN 0%/IRS 0%/Larvicide 0%,0;0.4;0.4_0;0;0_0;0;0_-100;2;5475_-100;2;5475_-100;2;5475,31.1835616438356,Prevalence,0.00638726612676334
NbyGQVwzFc_loc12_loop6,12,ITN 0%/IRS 0%/Larvicide 0%,0;0.4;0.4_0;0;0_0;0;0_-100;2;5475_-100;2;5475_-100;2;5475,31.186301369863,Prevalence,0.00638670387154972
NbyGQVwzFc_loc12_loop6,12,ITN 0%/IRS 0%/Larvicide 0%,0;0.4;0.4_0;0;0_0;0;0_-100;2;5475_-100;2;5475_-100;2;5475,31.1890410958904,Prevalence,0.00638615364272649
NbyGQVwzFc_loc12_loop6,12,ITN 0%/IRS 0%/Larvicide 0%,0;0.4;0.4_0;0;0_0;0;0_-100;2;5475_-100;2;5475_-100;2;5475,31.1917808219178,Prevalence,0.00638561540839452
NbyGQVwzFc_loc12_loop6,12,ITN 0%/IRS 0%/Larvicide 0%,0;0.4;0.4_0;0;0_0;0;0_-100;2;5475_-100;2;5475_-100;2;5475,31.1945205479452,Prevalence,0.00638508913682192
NbyGQVwzFc_loc12_loop6,12,ITN 0%/IRS 0%/Larvicide 0%,0;0.4;0.4_0;0;0_0;0;0_-100;2;5475_-100;2;5475_-100;2;5475,31.1972602739726,Prevalence,0.00638457479644309
NbyGQVwzFc_loc12_loop6,12,ITN 0%/IRS 0%/Larvicide 0%,0;0.4;0.4_0;0;0_0;0;0_-100;2;5475_-100;2;5475_-100;2;5475,31.2,Prevalence,0.00638407235585763
NbyGQVwzFc_loc12_loop6,12,ITN 0%/IRS 0%/Larvicide 0%,0;0.4;0.4_0;0;0_0;0;0_-100;2;5475_-100;2;5475_-100;2;5475,31.2027397260274,Prevalence,0.00638358178382939
NbyGQVwzFc_loc12_loop6,12,ITN 0%/IRS 0%/Larvicide 0%,0;0.4;0.4_0;0;0_0;0;0_-100;2;5475_-100;2;5475_-100;2;5475,31.2054794520548,Prevalence,0.00638310304928538
NbyGQVwzFc_loc12_loop6,12,ITN 0%/IRS 0%/Larvicide 0%,0;0.4;0.4_0;0;0_0;0;0_-100;2;5475_-100;2;5475_-100;2;5475,31.2082191780822,Prevalence,0.00638263612131488
NbyGQVwzFc_loc12_loop6,12,ITN 0%/IRS 0%/Larvicide 0%,0;0.4;0.4_0;0;0_0;0;0_-100;2;5475_-100;2;5475_-100;2;5475,31.2109589041096,Prevalence,0.00638218096916863
NbyGQVwzFc_loc12_loop6,12,ITN 0%/IRS 0%/Larvicide 0%,0;0.4;0.4_0;0;0_0;0;0_-100;2;5475_-100;2;5475_-100;2;5475,31.213698630137,Prevalence,0.0063817375622574
NbyGQVwzFc_loc12_loop6,12,ITN 0%/IRS 0%/Larvicide 0%,0;0.4;0.4_0;0;0_0;0;0_-100;2;5475_-100;2;5475_-100;2;5475,31.2164383561644,Prevalence,0.00638130587015115
NbyGQVwzFc_loc12_loop6,12,ITN 0%/IRS 0%/Larvicide 0%,0;0.4;0.4_0;0;0_0;0;0_-100;2;5475_-100;2;5475_-100;2;5475,31.2191780821918,Prevalence,0.00638088586257799
NbyGQVwzFc_loc12_loop6,12,ITN 0%/IRS 0%/Larvicide 0%,0;0.4;0.4_0;0;0_0;0;0_-100;2;5475_-100;2;5475_-100;2;5475,31.2219178082192,Prevalence,0.00638047750942331
NbyGQVwzFc_loc12_loop6,12,ITN 0%/IRS 0%/Larvicide 0%,0;0.4;0.4_0;0;0_0;0;0_-100;2;5475_-100;2;5475_-100;2;5475,31.2246575342466,Prevalence,0.00638008078072867
NbyGQVwzFc_loc12_loop6,12,ITN 0%/IRS 0%/Larvicide 0%,0;0.4;0.4_0;0;0_0;0;0_-100;2;5475_-100;2;5475_-100;2;5475,31.227397260274,Prevalence,0.00637969564669098
NbyGQVwzFc_loc12_loop6,12,ITN 0%/IRS 0%/Larvicide 0%,0;0.4;0.4_0;0;0_0;0;0_-100;2;5475_-100;2;5475_-100;2;5475,31.2301369863014,Prevalence,0.0063793220776614
NbyGQVwzFc_loc12_loop6,12,ITN 0%/IRS 0%/Larvicide 0%,0;0.4;0.4_0;0;0_0;0;0_-100;2;5475_-100;2;5475_-100;2;5475,31.2328767123288,Prevalence,0.00637896004414448
NbyGQVwzFc_loc12_loop6,12,ITN 0%/IRS 0%/Larvicide 0%,0;0.4;0.4_0;0;0_0;0;0_-100;2;5475_-100;2;5475_-100;2;5475,31.2356164383562,Prevalence,0.00637860951679716
NbyGQVwzFc_loc12_loop6,12,ITN 0%/IRS 0%/Larvicide 0%,0;0.4;0.4_0;0;0_0;0;0_-100;2;5475_-100;2;5475_-100;2;5475,31.2383561643836,Prevalence,0.00637827046642788
NbyGQVwzFc_loc12_loop6,12,ITN 0%/IRS 0%/Larvicide 0%,0;0.4;0.4_0;0;0_0;0;0_-100;2;5475_-100;2;5475_-100;2;5475,31.241095890411,Prevalence,0.00637794286399557
NbyGQVwzFc_loc12_loop6,12,ITN 0%/IRS 0%/Larvicide 0%,0;0.4;0.4_0;0;0_0;0;0_-100;2;5475_-100;2;5475_-100;2;5475,31.2438356164384,Prevalence,0.0063776266806088
NbyGQVwzFc_loc12_loop6,12,ITN 0%/IRS 0%/Larvicide 0%,0;0.4;0.4_0;0;0_0;0;0_-100;2;5475_-100;2;5475_-100;2;5475,31.2465753424658,Prevalence,0.00637732188752479
NbyGQVwzFc_loc12_loop6,12,ITN 0%/IRS 0%/Larvicide 0%,0;0.4;0.4_0;0;0_0;0;0_-100;2;5475_-100;2;5475_-100;2;5475,31.2493150684932,Prevalence,0.00637702845614851
NbyGQVwzFc_loc12_loop6,12,ITN 0%/IRS 0%/Larvicide 0%,0;0.4;0.4_0;0;0_0;0;0_-100;2;5475_-100;2;5475_-100;2;5475,31.2520547945205,Prevalence,0.0063767463580318
NbyGQVwzFc_loc12_loop6,12,ITN 0%/IRS 0%/Larvicide 0%,0;0.4;0.4_0;0;0_0;0;0_-100;2;5475_-100;2;5475_-100;2;5475,31.254794520548,Prevalence,0.00637647556487241
NbyGQVwzFc_loc12_loop6,12,ITN 0%/IRS 0%/Larvicide 0%,0;0.4;0.4_0;0;0_0;0;0_-100;2;5475_-100;2;5475_-100;2;5475,31.2575342465753,Prevalence,0.00637621604851314
NbyGQVwzFc_loc12_loop6,12,ITN 0%/IRS 0%/Larvicide 0%,0;0.4;0.4_0;0;0_0;0;0_-100;2;5475_-100;2;5475_-100;2;5475,31.2602739726027,Prevalence,0.00637596778094093
NbyGQVwzFc_loc12_loop6,12,ITN 0%/IRS 0%/Larvicide 0%,0;0.4;0.4_0;0;0_0;0;0_-100;2;5475_-100;2;5475_-100;2;5475,31.2630136986301,Prevalence,0.00637573073428597
NbyGQVwzFc_loc12_loop6,12,ITN 0%/IRS 0%/Larvicide 0%,0;0.4;0.4_0;0;0_0;0;0_-100;2;5475_-100;2;5475_-100;2;5475,31.2657534246575,Prevalence,0.00637550488082079
NbyGQVwzFc_loc12_loop6,12,ITN 0%/IRS 0%/Larvicide 0%,0;0.4;0.4_0;0;0_0;0;0_-100;2;5475_-100;2;5475_-100;2;5475,31.2684931506849,Prevalence,0.00637529019295944
NbyGQVwzFc_loc12_loop6,12,ITN 0%/IRS 0%/Larvicide 0%,0;0.4;0.4_0;0;0_0;0;0_-100;2;5475_-100;2;5475_-100;2;5475,31.2712328767123,Prevalence,0.00637508664325658
NbyGQVwzFc_loc12_loop6,12,ITN 0%/IRS 0%/Larvicide 0%,0;0.4;0.4_0;0;0_0;0;0_-100;2;5475_-100;2;5475_-100;2;5475,31.2739726027397,Prevalence,0.00637489420440699
NbyGQVwzFc_loc12_loop6,12,ITN 0%/IRS 0%/Larvicide 0%,0;0.4;0.4_0;0;0_0;0;0_-100;2;5475_-100;2;5475_-100;2;5475,31.2767123287671,Prevalence,0.00637471284924414
NbyGQVwzFc_loc12_loop6,12,ITN 0%/IRS 0%/Larvicide 0%,0;0.4;0.4_0;0;0_0;0;0_-100;2;5475_-100;2;5475_-100;2;5475,31.2794520547945,Prevalence,0.00637454255073953
NbyGQVwzFc_loc12_loop6,12,ITN 0%/IRS 0%/Larvicide 0%,0;0.4;0.4_0;0;0_0;0;0_-100;2;5475_-100;2;5475_-100;2;5475,31.2821917808219,Prevalence,0.0063743832820018
NbyGQVwzFc_loc12_loop6,12,ITN 0%/IRS 0%/Larvicide 0%,0;0.4;0.4_0;0;0_0;0;0_-100;2;5475_-100;2;5475_-100;2;5475,31.2849315068493,Prevalence,0.00637423501627595
NbyGQVwzFc_loc12_loop6,12,ITN 0%/IRS 0%/Larvicide 0%,0;0.4;0.4_0;0;0_0;0;0_-100;2;5475_-100;2;5475_-100;2;5475,31.2876712328767,Prevalence,0.00637409772694241
NbyGQVwzFc_loc12_loop6,12,ITN 0%/IRS 0%/Larvicide 0%,0;0.4;0.4_0;0;0_0;0;0_-100;2;5475_-100;2;5475_-100;2;5475,31.2904109589041,Prevalence,0.0063739713875163
NbyGQVwzFc_loc12_loop6,12,ITN 0%/IRS 0%/Larvicide 0%,0;0.4;0.4_0;0;0_0;0;0_-100;2;5475_-100;2;5475_-100;2;5475,31.2931506849315,Prevalence,0.00637385597164653
NbyGQVwzFc_loc12_loop6,12,ITN 0%/IRS 0%/Larvicide 0%,0;0.4;0.4_0;0;0_0;0;0_-100;2;5475_-100;2;5475_-100;2;5475,31.2958904109589,Prevalence,0.00637375145311501
NbyGQVwzFc_loc12_loop6,12,ITN 0%/IRS 0%/Larvicide 0%,0;0.4;0.4_0;0;0_0;0;0_-100;2;5475_-100;2;5475_-100;2;5475,31.2986301369863,Prevalence,0.00637365780583583
NbyGQVwzFc_loc12_loop6,12,ITN 0%/IRS 0%/Larvicide 0%,0;0.4;0.4_0;0;0_0;0;0_-100;2;5475_-100;2;5475_-100;2;5475,31.3013698630137,Prevalence,0.00637357500385441
NbyGQVwzFc_loc12_loop6,12,ITN 0%/IRS 0%/Larvicide 0%,0;0.4;0.4_0;0;0_0;0;0_-100;2;5475_-100;2;5475_-100;2;5475,31.3041095890411,Prevalence,0.00637350302134674
NbyGQVwzFc_loc12_loop6,12,ITN 0%/IRS 0%/Larvicide 0%,0;0.4;0.4_0;0;0_0;0;0_-100;2;5475_-100;2;5475_-100;2;5475,31.3068493150685,Prevalence,0.00637344183261854
NbyGQVwzFc_loc12_loop6,12,ITN 0%/IRS 0%/Larvicide 0%,0;0.4;0.4_0;0;0_0;0;0_-100;2;5475_-100;2;5475_-100;2;5475,31.3095890410959,Prevalence,0.00637339141210447
NbyGQVwzFc_loc12_loop6,12,ITN 0%/IRS 0%/Larvicide 0%,0;0.4;0.4_0;0;0_0;0;0_-100;2;5475_-100;2;5475_-100;2;5475,31.3123287671233,Prevalence,0.00637335173436735
NbyGQVwzFc_loc12_loop6,12,ITN 0%/IRS 0%/Larvicide 0%,0;0.4;0.4_0;0;0_0;0;0_-100;2;5475_-100;2;5475_-100;2;5475,31.3150684931507,Prevalence,0.00637332277409735
NbyGQVwzFc_loc12_loop6,12,ITN 0%/IRS 0%/Larvicide 0%,0;0.4;0.4_0;0;0_0;0;0_-100;2;5475_-100;2;5475_-100;2;5475,31.3178082191781,Prevalence,0.00637330450611121
NbyGQVwzFc_loc12_loop6,12,ITN 0%/IRS 0%/Larvicide 0%,0;0.4;0.4_0;0;0_0;0;0_-100;2;5475_-100;2;5475_-100;2;5475,31.3205479452055,Prevalence,0.00637329690535146
NbyGQVwzFc_loc12_loop6,12,ITN 0%/IRS 0%/Larvicide 0%,0;0.4;0.4_0;0;0_0;0;0_-100;2;5475_-100;2;5475_-100;2;5475,31.3232876712329,Prevalence,0.00637329994688565
NbyGQVwzFc_loc12_loop6,12,ITN 0%/IRS 0%/Larvicide 0%,0;0.4;0.4_0;0;0_0;0;0_-100;2;5475_-100;2;5475_-100;2;5475,31.3260273972603,Prevalence,0.00637331360590559
NbyGQVwzFc_loc12_loop6,12,ITN 0%/IRS 0%/Larvicide 0%,0;0.4;0.4_0;0;0_0;0;0_-100;2;5475_-100;2;5475_-100;2;5475,31.3287671232877,Prevalence,0.00637333785772657
NbyGQVwzFc_loc12_loop6,12,ITN 0%/IRS 0%/Larvicide 0%,0;0.4;0.4_0;0;0_0;0;0_-100;2;5475_-100;2;5475_-100;2;5475,31.3315068493151,Prevalence,0.00637337267778659
NbyGQVwzFc_loc12_loop6,12,ITN 0%/IRS 0%/Larvicide 0%,0;0.4;0.4_0;0;0_0;0;0_-100;2;5475_-100;2;5475_-100;2;5475,31.3342465753425,Prevalence,0.00637341804164563
NbyGQVwzFc_loc12_loop6,12,ITN 0%/IRS 0%/Larvicide 0%,0;0.4;0.4_0;0;0_0;0;0_-100;2;5475_-100;2;5475_-100;2;5475,31.3369863013699,Prevalence,0.00637347392498495
NbyGQVwzFc_loc12_loop6,12,ITN 0%/IRS 0%/Larvicide 0%,0;0.4;0.4_0;0;0_0;0;0_-100;2;5475_-100;2;5475_-100;2;5475,31.3397260273973,Prevalence,0.00637354030360658
NbyGQVwzFc_loc12_loop6,12,ITN 0%/IRS 0%/Larvicide 0%,0;0.4;0.4_0;0;0_0;0;0_-100;2;5475_-100;2;5475_-100;2;5475,31.3424657534247,Prevalence,0.00637361715343211
NbyGQVwzFc_loc12_loop6,12,ITN 0%/IRS 0%/Larvicide 0%,0;0.4;0.4_0;0;0_0;0;0_-100;2;5475_-100;2;5475_-100;2;5475,31.3452054794521,Prevalence,0.00637370445050206
NbyGQVwzFc_loc12_loop6,12,ITN 0%/IRS 0%/Larvicide 0%,0;0.4;0.4_0;0;0_0;0;0_-100;2;5475_-100;2;5475_-100;2;5475,31.3479452054795,Prevalence,0.00637380217097523
NbyGQVwzFc_loc12_loop6,12,ITN 0%/IRS 0%/Larvicide 0%,0;0.4;0.4_0;0;0_0;0;0_-100;2;5475_-100;2;5475_-100;2;5475,31.3506849315069,Prevalence,0.00637391029112794
NbyGQVwzFc_loc12_loop6,12,ITN 0%/IRS 0%/Larvicide 0%,0;0.4;0.4_0;0;0_0;0;0_-100;2;5475_-100;2;5475_-100;2;5475,31.3534246575343,Prevalence,0.00637402878735332
NbyGQVwzFc_loc12_loop6,12,ITN 0%/IRS 0%/Larvicide 0%,0;0.4;0.4_0;0;0_0;0;0_-100;2;5475_-100;2;5475_-100;2;5475,31.3561643835616,Prevalence,0.00637415763616055
NbyGQVwzFc_loc12_loop6,12,ITN 0%/IRS 0%/Larvicide 0%,0;0.4;0.4_0;0;0_0;0;0_-100;2;5475_-100;2;5475_-100;2;5475,31.358904109589,Prevalence,0.00637429681417422
NbyGQVwzFc_loc12_loop6,12,ITN 0%/IRS 0%/Larvicide 0%,0;0.4;0.4_0;0;0_0;0;0_-100;2;5475_-100;2;5475_-100;2;5475,31.3616438356164,Prevalence,0.00637444629813357
NbyGQVwzFc_loc12_loop6,12,ITN 0%/IRS 0%/Larvicide 0%,0;0.4;0.4_0;0;0_0;0;0_-100;2;5475_-100;2;5475_-100;2;5475,31.3643835616438,Prevalence,0.00637460606489178
NbyGQVwzFc_loc12_loop6,12,ITN 0%/IRS 0%/Larvicide 0%,0;0.4;0.4_0;0;0_0;0;0_-100;2;5475_-100;2;5475_-100;2;5475,31.3671232876712,Prevalence,0.00637477609141529
NbyGQVwzFc_loc12_loop6,12,ITN 0%/IRS 0%/Larvicide 0%,0;0.4;0.4_0;0;0_0;0;0_-100;2;5475_-100;2;5475_-100;2;5475,31.3698630136986,Prevalence,0.00637495635478309
NbyGQVwzFc_loc12_loop6,12,ITN 0%/IRS 0%/Larvicide 0%,0;0.4;0.4_0;0;0_0;0;0_-100;2;5475_-100;2;5475_-100;2;5475,31.372602739726,Prevalence,0.00637514683218606
NbyGQVwzFc_loc12_loop6,12,ITN 0%/IRS 0%/Larvicide 0%,0;0.4;0.4_0;0;0_0;0;0_-100;2;5475_-100;2;5475_-100;2;5475,31.3753424657534,Prevalence,0.00637534750092622
NbyGQVwzFc_loc12_loop6,12,ITN 0%/IRS 0%/Larvicide 0%,0;0.4;0.4_0;0;0_0;0;0_-100;2;5475_-100;2;5475_-100;2;5475,31.3780821917808,Prevalence,0.00637555833841611
NbyGQVwzFc_loc12_loop6,12,ITN 0%/IRS 0%/Larvicide 0%,0;0.4;0.4_0;0;0_0;0;0_-100;2;5475_-100;2;5475_-100;2;5475,31.3808219178082,Prevalence,0.00637577932217806
NbyGQVwzFc_loc12_loop6,12,ITN 0%/IRS 0%/Larvicide 0%,0;0.4;0.4_0;0;0_0;0;0_-100;2;5475_-100;2;5475_-100;2;5475,31.3835616438356,Prevalence,0.00637601042984355
NbyGQVwzFc_loc12_loop6,12,ITN 0%/IRS 0%/Larvicide 0%,0;0.4;0.4_0;0;0_0;0;0_-100;2;5475_-100;2;5475_-100;2;5475,31.386301369863,Prevalence,0.0063762516391525
NbyGQVwzFc_loc12_loop6,12,ITN 0%/IRS 0%/Larvicide 0%,0;0.4;0.4_0;0;0_0;0;0_-100;2;5475_-100;2;5475_-100;2;5475,31.3890410958904,Prevalence,0.00637650292795268
NbyGQVwzFc_loc12_loop6,12,ITN 0%/IRS 0%/Larvicide 0%,0;0.4;0.4_0;0;0_0;0;0_-100;2;5475_-100;2;5475_-100;2;5475,31.3917808219178,Prevalence,0.00637676427419893
NbyGQVwzFc_loc12_loop6,12,ITN 0%/IRS 0%/Larvicide 0%,0;0.4;0.4_0;0;0_0;0;0_-100;2;5475_-100;2;5475_-100;2;5475,31.3945205479452,Prevalence,0.00637703565595261
NbyGQVwzFc_loc12_loop6,12,ITN 0%/IRS 0%/Larvicide 0%,0;0.4;0.4_0;0;0_0;0;0_-100;2;5475_-100;2;5475_-100;2;5475,31.3972602739726,Prevalence,0.00637731705138089
NbyGQVwzFc_loc12_loop6,12,ITN 0%/IRS 0%/Larvicide 0%,0;0.4;0.4_0;0;0_0;0;0_-100;2;5475_-100;2;5475_-100;2;5475,31.4,Prevalence,0.00637760843875609
NbyGQVwzFc_loc12_loop6,12,ITN 0%/IRS 0%/Larvicide 0%,0;0.4;0.4_0;0;0_0;0;0_-100;2;5475_-100;2;5475_-100;2;5475,31.4027397260274,Prevalence,0.00637790979645508
NbyGQVwzFc_loc12_loop6,12,ITN 0%/IRS 0%/Larvicide 0%,0;0.4;0.4_0;0;0_0;0;0_-100;2;5475_-100;2;5475_-100;2;5475,31.4054794520548,Prevalence,0.0063782211029588
NbyGQVwzFc_loc12_loop6,12,ITN 0%/IRS 0%/Larvicide 0%,0;0.4;0.4_0;0;0_0;0;0_-100;2;5475_-100;2;5475_-100;2;5475,31.4082191780822,Prevalence,0.00637854233685153
NbyGQVwzFc_loc12_loop6,12,ITN 0%/IRS 0%/Larvicide 0%,0;0.4;0.4_0;0;0_0;0;0_-100;2;5475_-100;2;5475_-100;2;5475,31.4109589041096,Prevalence,0.00637887347682
NbyGQVwzFc_loc12_loop6,12,ITN 0%/IRS 0%/Larvicide 0%,0;0.4;0.4_0;0;0_0;0;0_-100;2;5475_-100;2;5475_-100;2;5475,31.413698630137,Prevalence,0.00637921450165286
NbyGQVwzFc_loc12_loop6,12,ITN 0%/IRS 0%/Larvicide 0%,0;0.4;0.4_0;0;0_0;0;0_-100;2;5475_-100;2;5475_-100;2;5475,31.4164383561644,Prevalence,0.00637956539024012
NbyGQVwzFc_loc12_loop6,12,ITN 0%/IRS 0%/Larvicide 0%,0;0.4;0.4_0;0;0_0;0;0_-100;2;5475_-100;2;5475_-100;2;5475,31.4191780821918,Prevalence,0.00637992612157253
NbyGQVwzFc_loc12_loop6,12,ITN 0%/IRS 0%/Larvicide 0%,0;0.4;0.4_0;0;0_0;0;0_-100;2;5475_-100;2;5475_-100;2;5475,31.4219178082192,Prevalence,0.00638029667474091
NbyGQVwzFc_loc12_loop6,12,ITN 0%/IRS 0%/Larvicide 0%,0;0.4;0.4_0;0;0_0;0;0_-100;2;5475_-100;2;5475_-100;2;5475,31.4246575342466,Prevalence,0.00638067702893557
NbyGQVwzFc_loc12_loop6,12,ITN 0%/IRS 0%/Larvicide 0%,0;0.4;0.4_0;0;0_0;0;0_-100;2;5475_-100;2;5475_-100;2;5475,31.427397260274,Prevalence,0.00638106716344571
NbyGQVwzFc_loc12_loop6,12,ITN 0%/IRS 0%/Larvicide 0%,0;0.4;0.4_0;0;0_0;0;0_-100;2;5475_-100;2;5475_-100;2;5475,31.4301369863014,Prevalence,0.00638146705765875
NbyGQVwzFc_loc12_loop6,12,ITN 0%/IRS 0%/Larvicide 0%,0;0.4;0.4_0;0;0_0;0;0_-100;2;5475_-100;2;5475_-100;2;5475,31.4328767123288,Prevalence,0.00638187669105981
NbyGQVwzFc_loc12_loop6,12,ITN 0%/IRS 0%/Larvicide 0%,0;0.4;0.4_0;0;0_0;0;0_-100;2;5475_-100;2;5475_-100;2;5475,31.4356164383562,Prevalence,0.00638229604323104
NbyGQVwzFc_loc12_loop6,12,ITN 0%/IRS 0%/Larvicide 0%,0;0.4;0.4_0;0;0_0;0;0_-100;2;5475_-100;2;5475_-100;2;5475,31.4383561643836,Prevalence,0.00638272509385106
NbyGQVwzFc_loc12_loop6,12,ITN 0%/IRS 0%/Larvicide 0%,0;0.4;0.4_0;0;0_0;0;0_-100;2;5475_-100;2;5475_-100;2;5475,31.441095890411,Prevalence,0.00638316382269435
NbyGQVwzFc_loc12_loop6,12,ITN 0%/IRS 0%/Larvicide 0%,0;0.4;0.4_0;0;0_0;0;0_-100;2;5475_-100;2;5475_-100;2;5475,31.4438356164384,Prevalence,0.00638361220963067
NbyGQVwzFc_loc12_loop6,12,ITN 0%/IRS 0%/Larvicide 0%,0;0.4;0.4_0;0;0_0;0;0_-100;2;5475_-100;2;5475_-100;2;5475,31.4465753424658,Prevalence,0.00638407023462447
NbyGQVwzFc_loc12_loop6,12,ITN 0%/IRS 0%/Larvicide 0%,0;0.4;0.4_0;0;0_0;0;0_-100;2;5475_-100;2;5475_-100;2;5475,31.4493150684932,Prevalence,0.00638453787773431
NbyGQVwzFc_loc12_loop6,12,ITN 0%/IRS 0%/Larvicide 0%,0;0.4;0.4_0;0;0_0;0;0_-100;2;5475_-100;2;5475_-100;2;5475,31.4520547945206,Prevalence,0.00638501511911224
NbyGQVwzFc_loc12_loop6,12,ITN 0%/IRS 0%/Larvicide 0%,0;0.4;0.4_0;0;0_0;0;0_-100;2;5475_-100;2;5475_-100;2;5475,31.454794520548,Prevalence,0.00638550193900331
NbyGQVwzFc_loc12_loop6,12,ITN 0%/IRS 0%/Larvicide 0%,0;0.4;0.4_0;0;0_0;0;0_-100;2;5475_-100;2;5475_-100;2;5475,31.4575342465753,Prevalence,0.00638599831774493
NbyGQVwzFc_loc12_loop6,12,ITN 0%/IRS 0%/Larvicide 0%,0;0.4;0.4_0;0;0_0;0;0_-100;2;5475_-100;2;5475_-100;2;5475,31.4602739726027,Prevalence,0.00638650423576631
NbyGQVwzFc_loc12_loop6,12,ITN 0%/IRS 0%/Larvicide 0%,0;0.4;0.4_0;0;0_0;0;0_-100;2;5475_-100;2;5475_-100;2;5475,31.4630136986301,Prevalence,0.00638701967358792
NbyGQVwzFc_loc12_loop6,12,ITN 0%/IRS 0%/Larvicide 0%,0;0.4;0.4_0;0;0_0;0;0_-100;2;5475_-100;2;5475_-100;2;5475,31.4657534246575,Prevalence,0.00638754461182089
NbyGQVwzFc_loc12_loop6,12,ITN 0%/IRS 0%/Larvicide 0%,0;0.4;0.4_0;0;0_0;0;0_-100;2;5475_-100;2;5475_-100;2;5475,31.4684931506849,Prevalence,0.00638807903116649
NbyGQVwzFc_loc12_loop6,12,ITN 0%/IRS 0%/Larvicide 0%,0;0.4;0.4_0;0;0_0;0;0_-100;2;5475_-100;2;5475_-100;2;5475,31.4712328767123,Prevalence,0.00638862291241557
NbyGQVwzFc_loc12_loop6,12,ITN 0%/IRS 0%/Larvicide 0%,0;0.4;0.4_0;0;0_0;0;0_-100;2;5475_-100;2;5475_-100;2;5475,31.4739726027397,Prevalence,0.00638917623644806
NbyGQVwzFc_loc12_loop6,12,ITN 0%/IRS 0%/Larvicide 0%,0;0.4;0.4_0;0;0_0;0;0_-100;2;5475_-100;2;5475_-100;2;5475,31.4767123287671,Prevalence,0.00638973898423265
NbyGQVwzFc_loc12_loop6,12,ITN 0%/IRS 0%/Larvicide 0%,0;0.4;0.4_0;0;0_0;0;0_-100;2;5475_-100;2;5475_-100;2;5475,31.4794520547945,Prevalence,0.00639031113682568
NbyGQVwzFc_loc12_loop6,12,ITN 0%/IRS 0%/Larvicide 0%,0;0.4;0.4_0;0;0_0;0;0_-100;2;5475_-100;2;5475_-100;2;5475,31.4821917808219,Prevalence,0.00639089267537088
NbyGQVwzFc_loc12_loop6,12,ITN 0%/IRS 0%/Larvicide 0%,0;0.4;0.4_0;0;0_0;0;0_-100;2;5475_-100;2;5475_-100;2;5475,31.4849315068493,Prevalence,0.0063914835810988
NbyGQVwzFc_loc12_loop6,12,ITN 0%/IRS 0%/Larvicide 0%,0;0.4;0.4_0;0;0_0;0;0_-100;2;5475_-100;2;5475_-100;2;5475,31.4876712328767,Prevalence,0.00639208383532627
NbyGQVwzFc_loc12_loop6,12,ITN 0%/IRS 0%/Larvicide 0%,0;0.4;0.4_0;0;0_0;0;0_-100;2;5475_-100;2;5475_-100;2;5475,31.4904109589041,Prevalence,0.00639269341945593
NbyGQVwzFc_loc12_loop6,12,ITN 0%/IRS 0%/Larvicide 0%,0;0.4;0.4_0;0;0_0;0;0_-100;2;5475_-100;2;5475_-100;2;5475,31.4931506849315,Prevalence,0.00639331231497564
NbyGQVwzFc_loc12_loop6,12,ITN 0%/IRS 0%/Larvicide 0%,0;0.4;0.4_0;0;0_0;0;0_-100;2;5475_-100;2;5475_-100;2;5475,31.4958904109589,Prevalence,0.00639394050345797
NbyGQVwzFc_loc12_loop6,12,ITN 0%/IRS 0%/Larvicide 0%,0;0.4;0.4_0;0;0_0;0;0_-100;2;5475_-100;2;5475_-100;2;5475,31.4986301369863,Prevalence,0.0063945779665597
NbyGQVwzFc_loc12_loop6,12,ITN 0%/IRS 0%/Larvicide 0%,0;0.4;0.4_0;0;0_0;0;0_-100;2;5475_-100;2;5475_-100;2;5475,31.5013698630137,Prevalence,0.00639522468602127
NbyGQVwzFc_loc12_loop6,12,ITN 0%/IRS 0%/Larvicide 0%,0;0.4;0.4_0;0;0_0;0;0_-100;2;5475_-100;2;5475_-100;2;5475,31.5041095890411,Prevalence,0.00639588064366629
NbyGQVwzFc_loc12_loop6,12,ITN 0%/IRS 0%/Larvicide 0%,0;0.4;0.4_0;0;0_0;0;0_-100;2;5475_-100;2;5475_-100;2;5475,31.5068493150685,Prevalence,0.00639654582140101
NbyGQVwzFc_loc12_loop6,12,ITN 0%/IRS 0%/Larvicide 0%,0;0.4;0.4_0;0;0_0;0;0_-100;2;5475_-100;2;5475_-100;2;5475,31.5095890410959,Prevalence,0.00639722020121379
NbyGQVwzFc_loc12_loop6,12,ITN 0%/IRS 0%/Larvicide 0%,0;0.4;0.4_0;0;0_0;0;0_-100;2;5475_-100;2;5475_-100;2;5475,31.5123287671233,Prevalence,0.00639790376517467
NbyGQVwzFc_loc12_loop6,12,ITN 0%/IRS 0%/Larvicide 0%,0;0.4;0.4_0;0;0_0;0;0_-100;2;5475_-100;2;5475_-100;2;5475,31.5150684931507,Prevalence,0.00639859649543475
NbyGQVwzFc_loc12_loop6,12,ITN 0%/IRS 0%/Larvicide 0%,0;0.4;0.4_0;0;0_0;0;0_-100;2;5475_-100;2;5475_-100;2;5475,31.5178082191781,Prevalence,0.00639929837422582
NbyGQVwzFc_loc12_loop6,12,ITN 0%/IRS 0%/Larvicide 0%,0;0.4;0.4_0;0;0_0;0;0_-100;2;5475_-100;2;5475_-100;2;5475,31.5205479452055,Prevalence,0.00640000938385973
NbyGQVwzFc_loc12_loop6,12,ITN 0%/IRS 0%/Larvicide 0%,0;0.4;0.4_0;0;0_0;0;0_-100;2;5475_-100;2;5475_-100;2;5475,31.5232876712329,Prevalence,0.006400729506728
NbyGQVwzFc_loc12_loop6,12,ITN 0%/IRS 0%/Larvicide 0%,0;0.4;0.4_0;0;0_0;0;0_-100;2;5475_-100;2;5475_-100;2;5475,31.5260273972603,Prevalence,0.00640145872530127
NbyGQVwzFc_loc12_loop6,12,ITN 0%/IRS 0%/Larvicide 0%,0;0.4;0.4_0;0;0_0;0;0_-100;2;5475_-100;2;5475_-100;2;5475,31.5287671232877,Prevalence,0.00640219702212884
NbyGQVwzFc_loc12_loop6,12,ITN 0%/IRS 0%/Larvicide 0%,0;0.4;0.4_0;0;0_0;0;0_-100;2;5475_-100;2;5475_-100;2;5475,31.5315068493151,Prevalence,0.00640294437983816
NbyGQVwzFc_loc12_loop6,12,ITN 0%/IRS 0%/Larvicide 0%,0;0.4;0.4_0;0;0_0;0;0_-100;2;5475_-100;2;5475_-100;2;5475,31.5342465753425,Prevalence,0.00640370078113437
NbyGQVwzFc_loc12_loop6,12,ITN 0%/IRS 0%/Larvicide 0%,0;0.4;0.4_0;0;0_0;0;0_-100;2;5475_-100;2;5475_-100;2;5475,31.5369863013699,Prevalence,0.0064044662087998
NbyGQVwzFc_loc12_loop6,12,ITN 0%/IRS 0%/Larvicide 0%,0;0.4;0.4_0;0;0_0;0;0_-100;2;5475_-100;2;5475_-100;2;5475,31.5397260273973,Prevalence,0.0064052406456935
NbyGQVwzFc_loc12_loop6,12,ITN 0%/IRS 0%/Larvicide 0%,0;0.4;0.4_0;0;0_0;0;0_-100;2;5475_-100;2;5475_-100;2;5475,31.5424657534247,Prevalence,0.00640602407475078
NbyGQVwzFc_loc12_loop6,12,ITN 0%/IRS 0%/Larvicide 0%,0;0.4;0.4_0;0;0_0;0;0_-100;2;5475_-100;2;5475_-100;2;5475,31.5452054794521,Prevalence,0.00640681647898274
NbyGQVwzFc_loc12_loop6,12,ITN 0%/IRS 0%/Larvicide 0%,0;0.4;0.4_0;0;0_0;0;0_-100;2;5475_-100;2;5475_-100;2;5475,31.5479452054795,Prevalence,0.00640761784147613
NbyGQVwzFc_loc12_loop6,12,ITN 0%/IRS 0%/Larvicide 0%,0;0.4;0.4_0;0;0_0;0;0_-100;2;5475_-100;2;5475_-100;2;5475,31.5506849315069,Prevalence,0.00640842814539226
NbyGQVwzFc_loc12_loop6,12,ITN 0%/IRS 0%/Larvicide 0%,0;0.4;0.4_0;0;0_0;0;0_-100;2;5475_-100;2;5475_-100;2;5475,31.5534246575343,Prevalence,0.0064092473739668
NbyGQVwzFc_loc12_loop6,12,ITN 0%/IRS 0%/Larvicide 0%,0;0.4;0.4_0;0;0_0;0;0_-100;2;5475_-100;2;5475_-100;2;5475,31.5561643835616,Prevalence,0.00641007551050927
NbyGQVwzFc_loc12_loop6,12,ITN 0%/IRS 0%/Larvicide 0%,0;0.4;0.4_0;0;0_0;0;0_-100;2;5475_-100;2;5475_-100;2;5475,31.558904109589,Prevalence,0.00641091253840271
NbyGQVwzFc_loc12_loop6,12,ITN 0%/IRS 0%/Larvicide 0%,0;0.4;0.4_0;0;0_0;0;0_-100;2;5475_-100;2;5475_-100;2;5475,31.5616438356164,Prevalence,0.00641175844110311
NbyGQVwzFc_loc12_loop6,12,ITN 0%/IRS 0%/Larvicide 0%,0;0.4;0.4_0;0;0_0;0;0_-100;2;5475_-100;2;5475_-100;2;5475,31.5643835616438,Prevalence,0.00641261320213902
NbyGQVwzFc_loc12_loop6,12,ITN 0%/IRS 0%/Larvicide 0%,0;0.4;0.4_0;0;0_0;0;0_-100;2;5475_-100;2;5475_-100;2;5475,31.5671232876712,Prevalence,0.00641347680511108
NbyGQVwzFc_loc12_loop6,12,ITN 0%/IRS 0%/Larvicide 0%,0;0.4;0.4_0;0;0_0;0;0_-100;2;5475_-100;2;5475_-100;2;5475,31.5698630136986,Prevalence,0.00641434923369157
NbyGQVwzFc_loc12_loop6,12,ITN 0%/IRS 0%/Larvicide 0%,0;0.4;0.4_0;0;0_0;0;0_-100;2;5475_-100;2;5475_-100;2;5475,31.572602739726,Prevalence,0.006415230471624
NbyGQVwzFc_loc12_loop6,12,ITN 0%/IRS 0%/Larvicide 0%,0;0.4;0.4_0;0;0_0;0;0_-100;2;5475_-100;2;5475_-100;2;5475,31.5753424657534,Prevalence,0.00641612050272261
NbyGQVwzFc_loc12_loop6,12,ITN 0%/IRS 0%/Larvicide 0%,0;0.4;0.4_0;0;0_0;0;0_-100;2;5475_-100;2;5475_-100;2;5475,31.5780821917808,Prevalence,0.00641701931087198
NbyGQVwzFc_loc12_loop6,12,ITN 0%/IRS 0%/Larvicide 0%,0;0.4;0.4_0;0;0_0;0;0_-100;2;5475_-100;2;5475_-100;2;5475,31.5808219178082,Prevalence,0.00641792688002657
NbyGQVwzFc_loc12_loop6,12,ITN 0%/IRS 0%/Larvicide 0%,0;0.4;0.4_0;0;0_0;0;0_-100;2;5475_-100;2;5475_-100;2;5475,31.5835616438356,Prevalence,0.00641884319421027
NbyGQVwzFc_loc12_loop6,12,ITN 0%/IRS 0%/Larvicide 0%,0;0.4;0.4_0;0;0_0;0;0_-100;2;5475_-100;2;5475_-100;2;5475,31.586301369863,Prevalence,0.00641976823751602
NbyGQVwzFc_loc12_loop6,12,ITN 0%/IRS 0%/Larvicide 0%,0;0.4;0.4_0;0;0_0;0;0_-100;2;5475_-100;2;5475_-100;2;5475,31.5890410958904,Prevalence,0.00642070199410533
NbyGQVwzFc_loc12_loop6,12,ITN 0%/IRS 0%/Larvicide 0%,0;0.4;0.4_0;0;0_0;0;0_-100;2;5475_-100;2;5475_-100;2;5475,31.5917808219178,Prevalence,0.00642164444820787
NbyGQVwzFc_loc12_loop6,12,ITN 0%/IRS 0%/Larvicide 0%,0;0.4;0.4_0;0;0_0;0;0_-100;2;5475_-100;2;5475_-100;2;5475,31.5945205479452,Prevalence,0.00642259558412108
NbyGQVwzFc_loc12_loop6,12,ITN 0%/IRS 0%/Larvicide 0%,0;0.4;0.4_0;0;0_0;0;0_-100;2;5475_-100;2;5475_-100;2;5475,31.5972602739726,Prevalence,0.00642355538620967
NbyGQVwzFc_loc12_loop6,12,ITN 0%/IRS 0%/Larvicide 0%,0;0.4;0.4_0;0;0_0;0;0_-100;2;5475_-100;2;5475_-100;2;5475,31.6,Prevalence,0.00642452383890528
NbyGQVwzFc_loc12_loop6,12,ITN 0%/IRS 0%/Larvicide 0%,0;0.4;0.4_0;0;0_0;0;0_-100;2;5475_-100;2;5475_-100;2;5475,31.6027397260274,Prevalence,0.00642550092670602
NbyGQVwzFc_loc12_loop6,12,ITN 0%/IRS 0%/Larvicide 0%,0;0.4;0.4_0;0;0_0;0;0_-100;2;5475_-100;2;5475_-100;2;5475,31.6054794520548,Prevalence,0.00642648663417607
NbyGQVwzFc_loc12_loop6,12,ITN 0%/IRS 0%/Larvicide 0%,0;0.4;0.4_0;0;0_0;0;0_-100;2;5475_-100;2;5475_-100;2;5475,31.6082191780822,Prevalence,0.00642748094594526
NbyGQVwzFc_loc12_loop6,12,ITN 0%/IRS 0%/Larvicide 0%,0;0.4;0.4_0;0;0_0;0;0_-100;2;5475_-100;2;5475_-100;2;5475,31.6109589041096,Prevalence,0.00642848384670869
NbyGQVwzFc_loc12_loop6,12,ITN 0%/IRS 0%/Larvicide 0%,0;0.4;0.4_0;0;0_0;0;0_-100;2;5475_-100;2;5475_-100;2;5475,31.613698630137,Prevalence,0.00642949532122625
NbyGQVwzFc_loc12_loop6,12,ITN 0%/IRS 0%/Larvicide 0%,0;0.4;0.4_0;0;0_0;0;0_-100;2;5475_-100;2;5475_-100;2;5475,31.6164383561644,Prevalence,0.00643051535432231
NbyGQVwzFc_loc12_loop6,12,ITN 0%/IRS 0%/Larvicide 0%,0;0.4;0.4_0;0;0_0;0;0_-100;2;5475_-100;2;5475_-100;2;5475,31.6191780821918,Prevalence,0.0064315439308853
NbyGQVwzFc_loc12_loop6,12,ITN 0%/IRS 0%/Larvicide 0%,0;0.4;0.4_0;0;0_0;0;0_-100;2;5475_-100;2;5475_-100;2;5475,31.6219178082192,Prevalence,0.00643258103586758
NbyGQVwzFc_loc12_loop6,12,ITN 0%/IRS 0%/Larvicide 0%,0;0.4;0.4_0;0;0_0;0;0_-100;2;5475_-100;2;5475_-100;2;5475,31.6246575342466,Prevalence,0.00643362665428447
NbyGQVwzFc_loc12_loop6,12,ITN 0%/IRS 0%/Larvicide 0%,0;0.4;0.4_0;0;0_0;0;0_-100;2;5475_-100;2;5475_-100;2;5475,31.627397260274,Prevalence,0.0064346807712141
NbyGQVwzFc_loc12_loop6,12,ITN 0%/IRS 0%/Larvicide 0%,0;0.4;0.4_0;0;0_0;0;0_-100;2;5475_-100;2;5475_-100;2;5475,31.6301369863014,Prevalence,0.00643574337179699
NbyGQVwzFc_loc12_loop6,12,ITN 0%/IRS 0%/Larvicide 0%,0;0.4;0.4_0;0;0_0;0;0_-100;2;5475_-100;2;5475_-100;2;5475,31.6328767123288,Prevalence,0.00643681444123578
NbyGQVwzFc_loc12_loop6,12,ITN 0%/IRS 0%/Larvicide 0%,0;0.4;0.4_0;0;0_0;0;0_-100;2;5475_-100;2;5475_-100;2;5475,31.6356164383562,Prevalence,0.00643789396479473
NbyGQVwzFc_loc12_loop6,12,ITN 0%/IRS 0%/Larvicide 0%,0;0.4;0.4_0;0;0_0;0;0_-100;2;5475_-100;2;5475_-100;2;5475,31.6383561643836,Prevalence,0.00643898192779939
NbyGQVwzFc_loc12_loop6,12,ITN 0%/IRS 0%/Larvicide 0%,0;0.4;0.4_0;0;0_0;0;0_-100;2;5475_-100;2;5475_-100;2;5475,31.641095890411,Prevalence,0.00644007831563619
NbyGQVwzFc_loc12_loop6,12,ITN 0%/IRS 0%/Larvicide 0%,0;0.4;0.4_0;0;0_0;0;0_-100;2;5475_-100;2;5475_-100;2;5475,31.6438356164384,Prevalence,0.00644118311375211
NbyGQVwzFc_loc12_loop6,12,ITN 0%/IRS 0%/Larvicide 0%,0;0.4;0.4_0;0;0_0;0;0_-100;2;5475_-100;2;5475_-100;2;5475,31.6465753424658,Prevalence,0.0064422963076542
NbyGQVwzFc_loc12_loop6,12,ITN 0%/IRS 0%/Larvicide 0%,0;0.4;0.4_0;0;0_0;0;0_-100;2;5475_-100;2;5475_-100;2;5475,31.6493150684932,Prevalence,0.00644341788290931
NbyGQVwzFc_loc12_loop6,12,ITN 0%/IRS 0%/Larvicide 0%,0;0.4;0.4_0;0;0_0;0;0_-100;2;5475_-100;2;5475_-100;2;5475,31.6520547945206,Prevalence,0.00644454782514368
NbyGQVwzFc_loc12_loop6,12,ITN 0%/IRS 0%/Larvicide 0%,0;0.4;0.4_0;0;0_0;0;0_-100;2;5475_-100;2;5475_-100;2;5475,31.654794520548,Prevalence,0.00644568612004251
NbyGQVwzFc_loc12_loop6,12,ITN 0%/IRS 0%/Larvicide 0%,0;0.4;0.4_0;0;0_0;0;0_-100;2;5475_-100;2;5475_-100;2;5475,31.6575342465753,Prevalence,0.00644683275334968
NbyGQVwzFc_loc12_loop6,12,ITN 0%/IRS 0%/Larvicide 0%,0;0.4;0.4_0;0;0_0;0;0_-100;2;5475_-100;2;5475_-100;2;5475,31.6602739726027,Prevalence,0.00644798771086731
NbyGQVwzFc_loc12_loop6,12,ITN 0%/IRS 0%/Larvicide 0%,0;0.4;0.4_0;0;0_0;0;0_-100;2;5475_-100;2;5475_-100;2;5475,31.6630136986301,Prevalence,0.00644915097845544
NbyGQVwzFc_loc12_loop6,12,ITN 0%/IRS 0%/Larvicide 0%,0;0.4;0.4_0;0;0_0;0;0_-100;2;5475_-100;2;5475_-100;2;5475,31.6657534246575,Prevalence,0.00645032254203164
NbyGQVwzFc_loc12_loop6,12,ITN 0%/IRS 0%/Larvicide 0%,0;0.4;0.4_0;0;0_0;0;0_-100;2;5475_-100;2;5475_-100;2;5475,31.6684931506849,Prevalence,0.00645150238757065
NbyGQVwzFc_loc12_loop6,12,ITN 0%/IRS 0%/Larvicide 0%,0;0.4;0.4_0;0;0_0;0;0_-100;2;5475_-100;2;5475_-100;2;5475,31.6712328767123,Prevalence,0.00645269050110403
NbyGQVwzFc_loc12_loop6,12,ITN 0%/IRS 0%/Larvicide 0%,0;0.4;0.4_0;0;0_0;0;0_-100;2;5475_-100;2;5475_-100;2;5475,31.6739726027397,Prevalence,0.00645388686871981
NbyGQVwzFc_loc12_loop6,12,ITN 0%/IRS 0%/Larvicide 0%,0;0.4;0.4_0;0;0_0;0;0_-100;2;5475_-100;2;5475_-100;2;5475,31.6767123287671,Prevalence,0.00645509147656208
NbyGQVwzFc_loc12_loop6,12,ITN 0%/IRS 0%/Larvicide 0%,0;0.4;0.4_0;0;0_0;0;0_-100;2;5475_-100;2;5475_-100;2;5475,31.6794520547945,Prevalence,0.00645630431083072
NbyGQVwzFc_loc12_loop6,12,ITN 0%/IRS 0%/Larvicide 0%,0;0.4;0.4_0;0;0_0;0;0_-100;2;5475_-100;2;5475_-100;2;5475,31.6821917808219,Prevalence,0.00645752535778099
NbyGQVwzFc_loc12_loop6,12,ITN 0%/IRS 0%/Larvicide 0%,0;0.4;0.4_0;0;0_0;0;0_-100;2;5475_-100;2;5475_-100;2;5475,31.6849315068493,Prevalence,0.00645875460372319
NbyGQVwzFc_loc12_loop6,12,ITN 0%/IRS 0%/Larvicide 0%,0;0.4;0.4_0;0;0_0;0;0_-100;2;5475_-100;2;5475_-100;2;5475,31.6876712328767,Prevalence,0.00645999203502232
NbyGQVwzFc_loc12_loop6,12,ITN 0%/IRS 0%/Larvicide 0%,0;0.4;0.4_0;0;0_0;0;0_-100;2;5475_-100;2;5475_-100;2;5475,31.6904109589041,Prevalence,0.00646123763809773
NbyGQVwzFc_loc12_loop6,12,ITN 0%/IRS 0%/Larvicide 0%,0;0.4;0.4_0;0;0_0;0;0_-100;2;5475_-100;2;5475_-100;2;5475,31.6931506849315,Prevalence,0.00646249139942278
NbyGQVwzFc_loc12_loop6,12,ITN 0%/IRS 0%/Larvicide 0%,0;0.4;0.4_0;0;0_0;0;0_-100;2;5475_-100;2;5475_-100;2;5475,31.6958904109589,Prevalence,0.00646375330552457
NbyGQVwzFc_loc12_loop6,12,ITN 0%/IRS 0%/Larvicide 0%,0;0.4;0.4_0;0;0_0;0;0_-100;2;5475_-100;2;5475_-100;2;5475,31.6986301369863,Prevalence,0.00646502334298375
NbyGQVwzFc_loc12_loop6,12,ITN 0%/IRS 0%/Larvicide 0%,0;0.4;0.4_0;0;0_0;0;0_-100;2;5475_-100;2;5475_-100;2;5475,31.7013698630137,Prevalence,0.00646630149843368
NbyGQVwzFc_loc12_loop6,12,ITN 0%/IRS 0%/Larvicide 0%,0;0.4;0.4_0;0;0_0;0;0_-100;2;5475_-100;2;5475_-100;2;5475,31.7041095890411,Prevalence,0.00646758775856036
NbyGQVwzFc_loc12_loop6,12,ITN 0%/IRS 0%/Larvicide 0%,0;0.4;0.4_0;0;0_0;0;0_-100;2;5475_-100;2;5475_-100;2;5475,31.7068493150685,Prevalence,0.00646888211010208
NbyGQVwzFc_loc12_loop6,12,ITN 0%/IRS 0%/Larvicide 0%,0;0.4;0.4_0;0;0_0;0;0_-100;2;5475_-100;2;5475_-100;2;5475,31.7095890410959,Prevalence,0.00647018453984911
NbyGQVwzFc_loc12_loop6,12,ITN 0%/IRS 0%/Larvicide 0%,0;0.4;0.4_0;0;0_0;0;0_-100;2;5475_-100;2;5475_-100;2;5475,31.7123287671233,Prevalence,0.00647149503464338
NbyGQVwzFc_loc12_loop6,12,ITN 0%/IRS 0%/Larvicide 0%,0;0.4;0.4_0;0;0_0;0;0_-100;2;5475_-100;2;5475_-100;2;5475,31.7150684931507,Prevalence,0.00647281358137814
NbyGQVwzFc_loc12_loop6,12,ITN 0%/IRS 0%/Larvicide 0%,0;0.4;0.4_0;0;0_0;0;0_-100;2;5475_-100;2;5475_-100;2;5475,31.7178082191781,Prevalence,0.00647414016699763
NbyGQVwzFc_loc12_loop6,12,ITN 0%/IRS 0%/Larvicide 0%,0;0.4;0.4_0;0;0_0;0;0_-100;2;5475_-100;2;5475_-100;2;5475,31.7205479452055,Prevalence,0.00647547477849678
NbyGQVwzFc_loc12_loop6,12,ITN 0%/IRS 0%/Larvicide 0%,0;0.4;0.4_0;0;0_0;0;0_-100;2;5475_-100;2;5475_-100;2;5475,31.7232876712329,Prevalence,0.00647681740292083
NbyGQVwzFc_loc12_loop6,12,ITN 0%/IRS 0%/Larvicide 0%,0;0.4;0.4_0;0;0_0;0;0_-100;2;5475_-100;2;5475_-100;2;5475,31.7260273972603,Prevalence,0.00647816802736509
NbyGQVwzFc_loc12_loop6,12,ITN 0%/IRS 0%/Larvicide 0%,0;0.4;0.4_0;0;0_0;0;0_-100;2;5475_-100;2;5475_-100;2;5475,31.7287671232877,Prevalence,0.00647952663897453
NbyGQVwzFc_loc12_loop6,12,ITN 0%/IRS 0%/Larvicide 0%,0;0.4;0.4_0;0;0_0;0;0_-100;2;5475_-100;2;5475_-100;2;5475,31.7315068493151,Prevalence,0.00648089322494356
NbyGQVwzFc_loc12_loop6,12,ITN 0%/IRS 0%/Larvicide 0%,0;0.4;0.4_0;0;0_0;0;0_-100;2;5475_-100;2;5475_-100;2;5475,31.7342465753425,Prevalence,0.00648226777251565
NbyGQVwzFc_loc12_loop6,12,ITN 0%/IRS 0%/Larvicide 0%,0;0.4;0.4_0;0;0_0;0;0_-100;2;5475_-100;2;5475_-100;2;5475,31.7369863013699,Prevalence,0.006483650268983
NbyGQVwzFc_loc12_loop6,12,ITN 0%/IRS 0%/Larvicide 0%,0;0.4;0.4_0;0;0_0;0;0_-100;2;5475_-100;2;5475_-100;2;5475,31.7397260273973,Prevalence,0.00648504070168628
NbyGQVwzFc_loc12_loop6,12,ITN 0%/IRS 0%/Larvicide 0%,0;0.4;0.4_0;0;0_0;0;0_-100;2;5475_-100;2;5475_-100;2;5475,31.7424657534247,Prevalence,0.00648643905801432
NbyGQVwzFc_loc12_loop6,12,ITN 0%/IRS 0%/Larvicide 0%,0;0.4;0.4_0;0;0_0;0;0_-100;2;5475_-100;2;5475_-100;2;5475,31.7452054794521,Prevalence,0.00648784532540375
NbyGQVwzFc_loc12_loop6,12,ITN 0%/IRS 0%/Larvicide 0%,0;0.4;0.4_0;0;0_0;0;0_-100;2;5475_-100;2;5475_-100;2;5475,31.7479452054795,Prevalence,0.00648925949133872
NbyGQVwzFc_loc12_loop6,12,ITN 0%/IRS 0%/Larvicide 0%,0;0.4;0.4_0;0;0_0;0;0_-100;2;5475_-100;2;5475_-100;2;5475,31.7506849315069,Prevalence,0.00649068154335063
NbyGQVwzFc_loc12_loop6,12,ITN 0%/IRS 0%/Larvicide 0%,0;0.4;0.4_0;0;0_0;0;0_-100;2;5475_-100;2;5475_-100;2;5475,31.7534246575343,Prevalence,0.00649211146901776
NbyGQVwzFc_loc12_loop6,12,ITN 0%/IRS 0%/Larvicide 0%,0;0.4;0.4_0;0;0_0;0;0_-100;2;5475_-100;2;5475_-100;2;5475,31.7561643835616,Prevalence,0.00649354925596502
NbyGQVwzFc_loc12_loop6,12,ITN 0%/IRS 0%/Larvicide 0%,0;0.4;0.4_0;0;0_0;0;0_-100;2;5475_-100;2;5475_-100;2;5475,31.758904109589,Prevalence,0.00649499489186363
NbyGQVwzFc_loc12_loop6,12,ITN 0%/IRS 0%/Larvicide 0%,0;0.4;0.4_0;0;0_0;0;0_-100;2;5475_-100;2;5475_-100;2;5475,31.7616438356164,Prevalence,0.00649644836443082
NbyGQVwzFc_loc12_loop6,12,ITN 0%/IRS 0%/Larvicide 0%,0;0.4;0.4_0;0;0_0;0;0_-100;2;5475_-100;2;5475_-100;2;5475,31.7643835616438,Prevalence,0.00649790966142955
NbyGQVwzFc_loc12_loop6,12,ITN 0%/IRS 0%/Larvicide 0%,0;0.4;0.4_0;0;0_0;0;0_-100;2;5475_-100;2;5475_-100;2;5475,31.7671232876712,Prevalence,0.0064993787706682
NbyGQVwzFc_loc12_loop6,12,ITN 0%/IRS 0%/Larvicide 0%,0;0.4;0.4_0;0;0_0;0;0_-100;2;5475_-100;2;5475_-100;2;5475,31.7698630136986,Prevalence,0.00650085568000027
NbyGQVwzFc_loc12_loop6,12,ITN 0%/IRS 0%/Larvicide 0%,0;0.4;0.4_0;0;0_0;0;0_-100;2;5475_-100;2;5475_-100;2;5475,31.772602739726,Prevalence,0.00650234037732409
NbyGQVwzFc_loc12_loop6,12,ITN 0%/IRS 0%/Larvicide 0%,0;0.4;0.4_0;0;0_0;0;0_-100;2;5475_-100;2;5475_-100;2;5475,31.7753424657534,Prevalence,0.00650383285058265
NbyGQVwzFc_loc12_loop6,12,ITN 0%/IRS 0%/Larvicide 0%,0;0.4;0.4_0;0;0_0;0;0_-100;2;5475_-100;2;5475_-100;2;5475,31.7780821917808,Prevalence,0.00650533308776335
NbyGQVwzFc_loc12_loop6,12,ITN 0%/IRS 0%/Larvicide 0%,0;0.4;0.4_0;0;0_0;0;0_-100;2;5475_-100;2;5475_-100;2;5475,31.7808219178082,Prevalence,0.00650684107689734
NbyGQVwzFc_loc12_loop6,12,ITN 0%/IRS 0%/Larvicide 0%,0;0.4;0.4_0;0;0_0;0;0_-100;2;5475_-100;2;5475_-100;2;5475,31.7835616438356,Prevalence,0.00650835680605939
NbyGQVwzFc_loc12_loop6,12,ITN 0%/IRS 0%/Larvicide 0%,0;0.4;0.4_0;0;0_0;0;0_-100;2;5475_-100;2;5475_-100;2;5475,31.786301369863,Prevalence,0.00650988026336768
NbyGQVwzFc_loc12_loop6,12,ITN 0%/IRS 0%/Larvicide 0%,0;0.4;0.4_0;0;0_0;0;0_-100;2;5475_-100;2;5475_-100;2;5475,31.7890410958904,Prevalence,0.00651141143698352
NbyGQVwzFc_loc12_loop6,12,ITN 0%/IRS 0%/Larvicide 0%,0;0.4;0.4_0;0;0_0;0;0_-100;2;5475_-100;2;5475_-100;2;5475,31.7917808219178,Prevalence,0.00651295031511103
NbyGQVwzFc_loc12_loop6,12,ITN 0%/IRS 0%/Larvicide 0%,0;0.4;0.4_0;0;0_0;0;0_-100;2;5475_-100;2;5475_-100;2;5475,31.7945205479452,Prevalence,0.00651449688599694
NbyGQVwzFc_loc12_loop6,12,ITN 0%/IRS 0%/Larvicide 0%,0;0.4;0.4_0;0;0_0;0;0_-100;2;5475_-100;2;5475_-100;2;5475,31.7972602739726,Prevalence,0.0065160511379302
NbyGQVwzFc_loc12_loop6,12,ITN 0%/IRS 0%/Larvicide 0%,0;0.4;0.4_0;0;0_0;0;0_-100;2;5475_-100;2;5475_-100;2;5475,31.8,Prevalence,0.00651761305924183
NbyGQVwzFc_loc12_loop6,12,ITN 0%/IRS 0%/Larvicide 0%,0;0.4;0.4_0;0;0_0;0;0_-100;2;5475_-100;2;5475_-100;2;5475,31.8027397260274,Prevalence,0.00651918263830453
NbyGQVwzFc_loc12_loop6,12,ITN 0%/IRS 0%/Larvicide 0%,0;0.4;0.4_0;0;0_0;0;0_-100;2;5475_-100;2;5475_-100;2;5475,31.8054794520548,Prevalence,0.00652075986353249
NbyGQVwzFc_loc12_loop6,12,ITN 0%/IRS 0%/Larvicide 0%,0;0.4;0.4_0;0;0_0;0;0_-100;2;5475_-100;2;5475_-100;2;5475,31.8082191780822,Prevalence,0.00652234472338107
NbyGQVwzFc_loc12_loop6,12,ITN 0%/IRS 0%/Larvicide 0%,0;0.4;0.4_0;0;0_0;0;0_-100;2;5475_-100;2;5475_-100;2;5475,31.8109589041096,Prevalence,0.00652393720634659
NbyGQVwzFc_loc12_loop6,12,ITN 0%/IRS 0%/Larvicide 0%,0;0.4;0.4_0;0;0_0;0;0_-100;2;5475_-100;2;5475_-100;2;5475,31.813698630137,Prevalence,0.00652553730096597
NbyGQVwzFc_loc12_loop6,12,ITN 0%/IRS 0%/Larvicide 0%,0;0.4;0.4_0;0;0_0;0;0_-100;2;5475_-100;2;5475_-100;2;5475,31.8164383561644,Prevalence,0.00652714499581654
NbyGQVwzFc_loc12_loop6,12,ITN 0%/IRS 0%/Larvicide 0%,0;0.4;0.4_0;0;0_0;0;0_-100;2;5475_-100;2;5475_-100;2;5475,31.8191780821918,Prevalence,0.00652876027951575
NbyGQVwzFc_loc12_loop6,12,ITN 0%/IRS 0%/Larvicide 0%,0;0.4;0.4_0;0;0_0;0;0_-100;2;5475_-100;2;5475_-100;2;5475,31.8219178082192,Prevalence,0.00653038314072091
NbyGQVwzFc_loc12_loop6,12,ITN 0%/IRS 0%/Larvicide 0%,0;0.4;0.4_0;0;0_0;0;0_-100;2;5475_-100;2;5475_-100;2;5475,31.8246575342466,Prevalence,0.0065320135681289
NbyGQVwzFc_loc12_loop6,12,ITN 0%/IRS 0%/Larvicide 0%,0;0.4;0.4_0;0;0_0;0;0_-100;2;5475_-100;2;5475_-100;2;5475,31.827397260274,Prevalence,0.00653365155047597
NbyGQVwzFc_loc12_loop6,12,ITN 0%/IRS 0%/Larvicide 0%,0;0.4;0.4_0;0;0_0;0;0_-100;2;5475_-100;2;5475_-100;2;5475,31.8301369863014,Prevalence,0.0065352970765374
NbyGQVwzFc_loc12_loop6,12,ITN 0%/IRS 0%/Larvicide 0%,0;0.4;0.4_0;0;0_0;0;0_-100;2;5475_-100;2;5475_-100;2;5475,31.8328767123288,Prevalence,0.00653695013512734
NbyGQVwzFc_loc12_loop6,12,ITN 0%/IRS 0%/Larvicide 0%,0;0.4;0.4_0;0;0_0;0;0_-100;2;5475_-100;2;5475_-100;2;5475,31.8356164383562,Prevalence,0.00653861071509844
NbyGQVwzFc_loc12_loop6,12,ITN 0%/IRS 0%/Larvicide 0%,0;0.4;0.4_0;0;0_0;0;0_-100;2;5475_-100;2;5475_-100;2;5475,31.8383561643836,Prevalence,0.0065402788053417
NbyGQVwzFc_loc12_loop6,12,ITN 0%/IRS 0%/Larvicide 0%,0;0.4;0.4_0;0;0_0;0;0_-100;2;5475_-100;2;5475_-100;2;5475,31.841095890411,Prevalence,0.00654195439478614
NbyGQVwzFc_loc12_loop6,12,ITN 0%/IRS 0%/Larvicide 0%,0;0.4;0.4_0;0;0_0;0;0_-100;2;5475_-100;2;5475_-100;2;5475,31.8438356164384,Prevalence,0.0065436374723986
NbyGQVwzFc_loc12_loop6,12,ITN 0%/IRS 0%/Larvicide 0%,0;0.4;0.4_0;0;0_0;0;0_-100;2;5475_-100;2;5475_-100;2;5475,31.8465753424658,Prevalence,0.00654532802718345
NbyGQVwzFc_loc12_loop6,12,ITN 0%/IRS 0%/Larvicide 0%,0;0.4;0.4_0;0;0_0;0;0_-100;2;5475_-100;2;5475_-100;2;5475,31.8493150684932,Prevalence,0.00654702604818238
NbyGQVwzFc_loc12_loop6,12,ITN 0%/IRS 0%/Larvicide 0%,0;0.4;0.4_0;0;0_0;0;0_-100;2;5475_-100;2;5475_-100;2;5475,31.8520547945206,Prevalence,0.00654873152447412
NbyGQVwzFc_loc12_loop6,12,ITN 0%/IRS 0%/Larvicide 0%,0;0.4;0.4_0;0;0_0;0;0_-100;2;5475_-100;2;5475_-100;2;5475,31.8547945205479,Prevalence,0.00655044444517418
NbyGQVwzFc_loc12_loop6,12,ITN 0%/IRS 0%/Larvicide 0%,0;0.4;0.4_0;0;0_0;0;0_-100;2;5475_-100;2;5475_-100;2;5475,31.8575342465753,Prevalence,0.00655216479943472
NbyGQVwzFc_loc12_loop6,12,ITN 0%/IRS 0%/Larvicide 0%,0;0.4;0.4_0;0;0_0;0;0_-100;2;5475_-100;2;5475_-100;2;5475,31.8602739726027,Prevalence,0.00655389257644438
NbyGQVwzFc_loc12_loop6,12,ITN 0%/IRS 0%/Larvicide 0%,0;0.4;0.4_0;0;0_0;0;0_-100;2;5475_-100;2;5475_-100;2;5475,31.8630136986301,Prevalence,0.00655562776542763
NbyGQVwzFc_loc12_loop6,12,ITN 0%/IRS 0%/Larvicide 0%,0;0.4;0.4_0;0;0_0;0;0_-100;2;5475_-100;2;5475_-100;2;5475,31.8657534246575,Prevalence,0.00655737035564471
NbyGQVwzFc_loc12_loop6,12,ITN 0%/IRS 0%/Larvicide 0%,0;0.4;0.4_0;0;0_0;0;0_-100;2;5475_-100;2;5475_-100;2;5475,31.8684931506849,Prevalence,0.00655912033639146
NbyGQVwzFc_loc12_loop6,12,ITN 0%/IRS 0%/Larvicide 0%,0;0.4;0.4_0;0;0_0;0;0_-100;2;5475_-100;2;5475_-100;2;5475,31.8712328767123,Prevalence,0.00656087769699906
NbyGQVwzFc_loc12_loop6,12,ITN 0%/IRS 0%/Larvicide 0%,0;0.4;0.4_0;0;0_0;0;0_-100;2;5475_-100;2;5475_-100;2;5475,31.8739726027397,Prevalence,0.0065626424268338
NbyGQVwzFc_loc12_loop6,12,ITN 0%/IRS 0%/Larvicide 0%,0;0.4;0.4_0;0;0_0;0;0_-100;2;5475_-100;2;5475_-100;2;5475,31.8767123287671,Prevalence,0.00656441451529686
NbyGQVwzFc_loc12_loop6,12,ITN 0%/IRS 0%/Larvicide 0%,0;0.4;0.4_0;0;0_0;0;0_-100;2;5475_-100;2;5475_-100;2;5475,31.8794520547945,Prevalence,0.00656619395182404
NbyGQVwzFc_loc12_loop6,12,ITN 0%/IRS 0%/Larvicide 0%,0;0.4;0.4_0;0;0_0;0;0_-100;2;5475_-100;2;5475_-100;2;5475,31.8821917808219,Prevalence,0.00656798072588555
NbyGQVwzFc_loc12_loop6,12,ITN 0%/IRS 0%/Larvicide 0%,0;0.4;0.4_0;0;0_0;0;0_-100;2;5475_-100;2;5475_-100;2;5475,31.8849315068493,Prevalence,0.00656977482698578
NbyGQVwzFc_loc12_loop6,12,ITN 0%/IRS 0%/Larvicide 0%,0;0.4;0.4_0;0;0_0;0;0_-100;2;5475_-100;2;5475_-100;2;5475,31.8876712328767,Prevalence,0.00657157624466306
NbyGQVwzFc_loc12_loop6,12,ITN 0%/IRS 0%/Larvicide 0%,0;0.4;0.4_0;0;0_0;0;0_-100;2;5475_-100;2;5475_-100;2;5475,31.8904109589041,Prevalence,0.00657338496848943
NbyGQVwzFc_loc12_loop6,12,ITN 0%/IRS 0%/Larvicide 0%,0;0.4;0.4_0;0;0_0;0;0_-100;2;5475_-100;2;5475_-100;2;5475,31.8931506849315,Prevalence,0.00657520098807043
NbyGQVwzFc_loc12_loop6,12,ITN 0%/IRS 0%/Larvicide 0%,0;0.4;0.4_0;0;0_0;0;0_-100;2;5475_-100;2;5475_-100;2;5475,31.8958904109589,Prevalence,0.00657702429304483
NbyGQVwzFc_loc12_loop6,12,ITN 0%/IRS 0%/Larvicide 0%,0;0.4;0.4_0;0;0_0;0;0_-100;2;5475_-100;2;5475_-100;2;5475,31.8986301369863,Prevalence,0.00657885487308444
NbyGQVwzFc_loc12_loop6,12,ITN 0%/IRS 0%/Larvicide 0%,0;0.4;0.4_0;0;0_0;0;0_-100;2;5475_-100;2;5475_-100;2;5475,31.9013698630137,Prevalence,0.0065806927178939
NbyGQVwzFc_loc12_loop6,12,ITN 0%/IRS 0%/Larvicide 0%,0;0.4;0.4_0;0;0_0;0;0_-100;2;5475_-100;2;5475_-100;2;5475,31.9041095890411,Prevalence,0.0065825378172104
NbyGQVwzFc_loc12_loop6,12,ITN 0%/IRS 0%/Larvicide 0%,0;0.4;0.4_0;0;0_0;0;0_-100;2;5475_-100;2;5475_-100;2;5475,31.9068493150685,Prevalence,0.00658439016080352
NbyGQVwzFc_loc12_loop6,12,ITN 0%/IRS 0%/Larvicide 0%,0;0.4;0.4_0;0;0_0;0;0_-100;2;5475_-100;2;5475_-100;2;5475,31.9095890410959,Prevalence,0.00658624973847495
NbyGQVwzFc_loc12_loop6,12,ITN 0%/IRS 0%/Larvicide 0%,0;0.4;0.4_0;0;0_0;0;0_-100;2;5475_-100;2;5475_-100;2;5475,31.9123287671233,Prevalence,0.00658811654005832
NbyGQVwzFc_loc12_loop6,12,ITN 0%/IRS 0%/Larvicide 0%,0;0.4;0.4_0;0;0_0;0;0_-100;2;5475_-100;2;5475_-100;2;5475,31.9150684931507,Prevalence,0.00658999055541895
NbyGQVwzFc_loc12_loop6,12,ITN 0%/IRS 0%/Larvicide 0%,0;0.4;0.4_0;0;0_0;0;0_-100;2;5475_-100;2;5475_-100;2;5475,31.9178082191781,Prevalence,0.00659187177445366
NbyGQVwzFc_loc12_loop6,12,ITN 0%/IRS 0%/Larvicide 0%,0;0.4;0.4_0;0;0_0;0;0_-100;2;5475_-100;2;5475_-100;2;5475,31.9205479452055,Prevalence,0.00659376018709051
NbyGQVwzFc_loc12_loop6,12,ITN 0%/IRS 0%/Larvicide 0%,0;0.4;0.4_0;0;0_0;0;0_-100;2;5475_-100;2;5475_-100;2;5475,31.9232876712329,Prevalence,0.00659565578328863
NbyGQVwzFc_loc12_loop6,12,ITN 0%/IRS 0%/Larvicide 0%,0;0.4;0.4_0;0;0_0;0;0_-100;2;5475_-100;2;5475_-100;2;5475,31.9260273972603,Prevalence,0.00659755855303799
NbyGQVwzFc_loc12_loop6,12,ITN 0%/IRS 0%/Larvicide 0%,0;0.4;0.4_0;0;0_0;0;0_-100;2;5475_-100;2;5475_-100;2;5475,31.9287671232877,Prevalence,0.00659946848635917
NbyGQVwzFc_loc12_loop6,12,ITN 0%/IRS 0%/Larvicide 0%,0;0.4;0.4_0;0;0_0;0;0_-100;2;5475_-100;2;5475_-100;2;5475,31.9315068493151,Prevalence,0.00660138557330317
NbyGQVwzFc_loc12_loop6,12,ITN 0%/IRS 0%/Larvicide 0%,0;0.4;0.4_0;0;0_0;0;0_-100;2;5475_-100;2;5475_-100;2;5475,31.9342465753425,Prevalence,0.0066033098039512
NbyGQVwzFc_loc12_loop6,12,ITN 0%/IRS 0%/Larvicide 0%,0;0.4;0.4_0;0;0_0;0;0_-100;2;5475_-100;2;5475_-100;2;5475,31.9369863013699,Prevalence,0.00660524116841444
NbyGQVwzFc_loc12_loop6,12,ITN 0%/IRS 0%/Larvicide 0%,0;0.4;0.4_0;0;0_0;0;0_-100;2;5475_-100;2;5475_-100;2;5475,31.9397260273973,Prevalence,0.00660717965683388
NbyGQVwzFc_loc12_loop6,12,ITN 0%/IRS 0%/Larvicide 0%,0;0.4;0.4_0;0;0_0;0;0_-100;2;5475_-100;2;5475_-100;2;5475,31.9424657534247,Prevalence,0.00660912525938008
NbyGQVwzFc_loc12_loop6,12,ITN 0%/IRS 0%/Larvicide 0%,0;0.4;0.4_0;0;0_0;0;0_-100;2;5475_-100;2;5475_-100;2;5475,31.9452054794521,Prevalence,0.00661107796625321
NbyGQVwzFc_loc12_loop6,12,ITN 0%/IRS 0%/Larvicide 0%,0;0.4;0.4_0;0;0_0;0;0_-100;2;5475_-100;2;5475_-100;2;5475,31.9479452054795,Prevalence,0.00661303776768235
NbyGQVwzFc_loc12_loop6,12,ITN 0%/IRS 0%/Larvicide 0%,0;0.4;0.4_0;0;0_0;0;0_-100;2;5475_-100;2;5475_-100;2;5475,31.9506849315069,Prevalence,0.00661500465392551
NbyGQVwzFc_loc12_loop6,12,ITN 0%/IRS 0%/Larvicide 0%,0;0.4;0.4_0;0;0_0;0;0_-100;2;5475_-100;2;5475_-100;2;5475,31.9534246575343,Prevalence,0.0066169786152694
NbyGQVwzFc_loc12_loop6,12,ITN 0%/IRS 0%/Larvicide 0%,0;0.4;0.4_0;0;0_0;0;0_-100;2;5475_-100;2;5475_-100;2;5475,31.9561643835616,Prevalence,0.00661895964202936
NbyGQVwzFc_loc12_loop6,12,ITN 0%/IRS 0%/Larvicide 0%,0;0.4;0.4_0;0;0_0;0;0_-100;2;5475_-100;2;5475_-100;2;5475,31.958904109589,Prevalence,0.00662094772454901
NbyGQVwzFc_loc12_loop6,12,ITN 0%/IRS 0%/Larvicide 0%,0;0.4;0.4_0;0;0_0;0;0_-100;2;5475_-100;2;5475_-100;2;5475,31.9616438356164,Prevalence,0.00662294285320016
NbyGQVwzFc_loc12_loop6,12,ITN 0%/IRS 0%/Larvicide 0%,0;0.4;0.4_0;0;0_0;0;0_-100;2;5475_-100;2;5475_-100;2;5475,31.9643835616438,Prevalence,0.00662494501838258
NbyGQVwzFc_loc12_loop6,12,ITN 0%/IRS 0%/Larvicide 0%,0;0.4;0.4_0;0;0_0;0;0_-100;2;5475_-100;2;5475_-100;2;5475,31.9671232876712,Prevalence,0.00662695421052379
NbyGQVwzFc_loc12_loop6,12,ITN 0%/IRS 0%/Larvicide 0%,0;0.4;0.4_0;0;0_0;0;0_-100;2;5475_-100;2;5475_-100;2;5475,31.9698630136986,Prevalence,0.00662897042007887
NbyGQVwzFc_loc12_loop6,12,ITN 0%/IRS 0%/Larvicide 0%,0;0.4;0.4_0;0;0_0;0;0_-100;2;5475_-100;2;5475_-100;2;5475,31.972602739726,Prevalence,0.00663099363753027
NbyGQVwzFc_loc12_loop6,12,ITN 0%/IRS 0%/Larvicide 0%,0;0.4;0.4_0;0;0_0;0;0_-100;2;5475_-100;2;5475_-100;2;5475,31.9753424657534,Prevalence,0.0066330238533876
NbyGQVwzFc_loc12_loop6,12,ITN 0%/IRS 0%/Larvicide 0%,0;0.4;0.4_0;0;0_0;0;0_-100;2;5475_-100;2;5475_-100;2;5475,31.9780821917808,Prevalence,0.00663506105818749
NbyGQVwzFc_loc12_loop6,12,ITN 0%/IRS 0%/Larvicide 0%,0;0.4;0.4_0;0;0_0;0;0_-100;2;5475_-100;2;5475_-100;2;5475,31.9808219178082,Prevalence,0.00663710524249332
NbyGQVwzFc_loc12_loop6,12,ITN 0%/IRS 0%/Larvicide 0%,0;0.4;0.4_0;0;0_0;0;0_-100;2;5475_-100;2;5475_-100;2;5475,31.9835616438356,Prevalence,0.00663915639689508
NbyGQVwzFc_loc12_loop6,12,ITN 0%/IRS 0%/Larvicide 0%,0;0.4;0.4_0;0;0_0;0;0_-100;2;5475_-100;2;5475_-100;2;5475,31.986301369863,Prevalence,0.00664121451200915
NbyGQVwzFc_loc12_loop6,12,ITN 0%/IRS 0%/Larvicide 0%,0;0.4;0.4_0;0;0_0;0;0_-100;2;5475_-100;2;5475_-100;2;5475,31.9890410958904,Prevalence,0.00664327957847816
NbyGQVwzFc_loc12_loop6,12,ITN 0%/IRS 0%/Larvicide 0%,0;0.4;0.4_0;0;0_0;0;0_-100;2;5475_-100;2;5475_-100;2;5475,31.9917808219178,Prevalence,0.00664535158697073
NbyGQVwzFc_loc12_loop6,12,ITN 0%/IRS 0%/Larvicide 0%,0;0.4;0.4_0;0;0_0;0;0_-100;2;5475_-100;2;5475_-100;2;5475,31.9945205479452,Prevalence,0.00664743052818135
NbyGQVwzFc_loc12_loop6,12,ITN 0%/IRS 0%/Larvicide 0%,0;0.4;0.4_0;0;0_0;0;0_-100;2;5475_-100;2;5475_-100;2;5475,31.9972602739726,Prevalence,0.00664951639283016
NbyGQVwzFc_loc12_loop6,12,ITN 0%/IRS 0%/Larvicide 0%,0;0.4;0.4_0;0;0_0;0;0_-100;2;5475_-100;2;5475_-100;2;5475,32,Prevalence,0.00665160917166276
NbyGQVwzFc_loc12_loop6,12,ITN 0%/IRS 0%/Larvicide 0%,0;0.4;0.4_0;0;0_0;0;0_-100;2;5475_-100;2;5475_-100;2;5475,32.0027397260274,Prevalence,0.00665370885545006
NbyGQVwzFc_loc12_loop6,12,ITN 0%/IRS 0%/Larvicide 0%,0;0.4;0.4_0;0;0_0;0;0_-100;2;5475_-100;2;5475_-100;2;5475,32.0054794520548,Prevalence,0.00665581543498803
NbyGQVwzFc_loc12_loop6,12,ITN 0%/IRS 0%/Larvicide 0%,0;0.4;0.4_0;0;0_0;0;0_-100;2;5475_-100;2;5475_-100;2;5475,32.0082191780822,Prevalence,0.00665792890109762
NbyGQVwzFc_loc12_loop6,12,ITN 0%/IRS 0%/Larvicide 0%,0;0.4;0.4_0;0;0_0;0;0_-100;2;5475_-100;2;5475_-100;2;5475,32.0109589041096,Prevalence,0.00666004924462447
NbyGQVwzFc_loc12_loop6,12,ITN 0%/IRS 0%/Larvicide 0%,0;0.4;0.4_0;0;0_0;0;0_-100;2;5475_-100;2;5475_-100;2;5475,32.013698630137,Prevalence,0.00666217645643878
NbyGQVwzFc_loc12_loop6,12,ITN 0%/IRS 0%/Larvicide 0%,0;0.4;0.4_0;0;0_0;0;0_-100;2;5475_-100;2;5475_-100;2;5475,32.0164383561644,Prevalence,0.00666431052743519
NbyGQVwzFc_loc12_loop6,12,ITN 0%/IRS 0%/Larvicide 0%,0;0.4;0.4_0;0;0_0;0;0_-100;2;5475_-100;2;5475_-100;2;5475,32.0191780821918,Prevalence,0.00666645144853246
NbyGQVwzFc_loc12_loop6,12,ITN 0%/IRS 0%/Larvicide 0%,0;0.4;0.4_0;0;0_0;0;0_-100;2;5475_-100;2;5475_-100;2;5475,32.0219178082192,Prevalence,0.00666859921067343
NbyGQVwzFc_loc12_loop6,12,ITN 0%/IRS 0%/Larvicide 0%,0;0.4;0.4_0;0;0_0;0;0_-100;2;5475_-100;2;5475_-100;2;5475,32.0246575342466,Prevalence,0.00667075380482479
NbyGQVwzFc_loc12_loop6,12,ITN 0%/IRS 0%/Larvicide 0%,0;0.4;0.4_0;0;0_0;0;0_-100;2;5475_-100;2;5475_-100;2;5475,32.027397260274,Prevalence,0.00667291522197685
NbyGQVwzFc_loc12_loop6,12,ITN 0%/IRS 0%/Larvicide 0%,0;0.4;0.4_0;0;0_0;0;0_-100;2;5475_-100;2;5475_-100;2;5475,32.0301369863014,Prevalence,0.00667508345314347
NbyGQVwzFc_loc12_loop6,12,ITN 0%/IRS 0%/Larvicide 0%,0;0.4;0.4_0;0;0_0;0;0_-100;2;5475_-100;2;5475_-100;2;5475,32.0328767123288,Prevalence,0.00667725848936187
NbyGQVwzFc_loc12_loop6,12,ITN 0%/IRS 0%/Larvicide 0%,0;0.4;0.4_0;0;0_0;0;0_-100;2;5475_-100;2;5475_-100;2;5475,32.0356164383562,Prevalence,0.00667944032169202
NbyGQVwzFc_loc12_loop6,12,ITN 0%/IRS 0%/Larvicide 0%,0;0.4;0.4_0;0;0_0;0;0_-100;2;5475_-100;2;5475_-100;2;5475,32.0383561643836,Prevalence,0.0066816289412184
NbyGQVwzFc_loc12_loop6,12,ITN 0%/IRS 0%/Larvicide 0%,0;0.4;0.4_0;0;0_0;0;0_-100;2;5475_-100;2;5475_-100;2;5475,32.041095890411,Prevalence,0.00668382433904599
NbyGQVwzFc_loc12_loop6,12,ITN 0%/IRS 0%/Larvicide 0%,0;0.4;0.4_0;0;0_0;0;0_-100;2;5475_-100;2;5475_-100;2;5475,32.0438356164384,Prevalence,0.00668602650630359
NbyGQVwzFc_loc12_loop6,12,ITN 0%/IRS 0%/Larvicide 0%,0;0.4;0.4_0;0;0_0;0;0_-100;2;5475_-100;2;5475_-100;2;5475,32.0465753424658,Prevalence,0.00668823543414284
NbyGQVwzFc_loc12_loop6,12,ITN 0%/IRS 0%/Larvicide 0%,0;0.4;0.4_0;0;0_0;0;0_-100;2;5475_-100;2;5475_-100;2;5475,32.0493150684932,Prevalence,0.00669045111373674
NbyGQVwzFc_loc12_loop6,12,ITN 0%/IRS 0%/Larvicide 0%,0;0.4;0.4_0;0;0_0;0;0_-100;2;5475_-100;2;5475_-100;2;5475,32.0520547945206,Prevalence,0.00669267353628084
NbyGQVwzFc_loc12_loop6,12,ITN 0%/IRS 0%/Larvicide 0%,0;0.4;0.4_0;0;0_0;0;0_-100;2;5475_-100;2;5475_-100;2;5475,32.0547945205479,Prevalence,0.00669490269299285
NbyGQVwzFc_loc12_loop6,12,ITN 0%/IRS 0%/Larvicide 0%,0;0.4;0.4_0;0;0_0;0;0_-100;2;5475_-100;2;5475_-100;2;5475,32.0575342465753,Prevalence,0.00669713857511186
NbyGQVwzFc_loc12_loop6,12,ITN 0%/IRS 0%/Larvicide 0%,0;0.4;0.4_0;0;0_0;0;0_-100;2;5475_-100;2;5475_-100;2;5475,32.0602739726027,Prevalence,0.0066993811738995
NbyGQVwzFc_loc12_loop6,12,ITN 0%/IRS 0%/Larvicide 0%,0;0.4;0.4_0;0;0_0;0;0_-100;2;5475_-100;2;5475_-100;2;5475,32.0630136986301,Prevalence,0.00670163048063778
NbyGQVwzFc_loc12_loop6,12,ITN 0%/IRS 0%/Larvicide 0%,0;0.4;0.4_0;0;0_0;0;0_-100;2;5475_-100;2;5475_-100;2;5475,32.0657534246575,Prevalence,0.00670388648662977
NbyGQVwzFc_loc12_loop6,12,ITN 0%/IRS 0%/Larvicide 0%,0;0.4;0.4_0;0;0_0;0;0_-100;2;5475_-100;2;5475_-100;2;5475,32.0684931506849,Prevalence,0.00670614918319816
NbyGQVwzFc_loc12_loop6,12,ITN 0%/IRS 0%/Larvicide 0%,0;0.4;0.4_0;0;0_0;0;0_-100;2;5475_-100;2;5475_-100;2;5475,32.0712328767123,Prevalence,0.00670841856168753
NbyGQVwzFc_loc12_loop6,12,ITN 0%/IRS 0%/Larvicide 0%,0;0.4;0.4_0;0;0_0;0;0_-100;2;5475_-100;2;5475_-100;2;5475,32.0739726027397,Prevalence,0.00671069461347223
NbyGQVwzFc_loc12_loop6,12,ITN 0%/IRS 0%/Larvicide 0%,0;0.4;0.4_0;0;0_0;0;0_-100;2;5475_-100;2;5475_-100;2;5475,32.0767123287671,Prevalence,0.00671297732993812
NbyGQVwzFc_loc12_loop6,12,ITN 0%/IRS 0%/Larvicide 0%,0;0.4;0.4_0;0;0_0;0;0_-100;2;5475_-100;2;5475_-100;2;5475,32.0794520547945,Prevalence,0.00671526670248852
NbyGQVwzFc_loc12_loop6,12,ITN 0%/IRS 0%/Larvicide 0%,0;0.4;0.4_0;0;0_0;0;0_-100;2;5475_-100;2;5475_-100;2;5475,32.0821917808219,Prevalence,0.00671756272255499
NbyGQVwzFc_loc12_loop6,12,ITN 0%/IRS 0%/Larvicide 0%,0;0.4;0.4_0;0;0_0;0;0_-100;2;5475_-100;2;5475_-100;2;5475,32.0849315068493,Prevalence,0.00671986538158685
NbyGQVwzFc_loc12_loop6,12,ITN 0%/IRS 0%/Larvicide 0%,0;0.4;0.4_0;0;0_0;0;0_-100;2;5475_-100;2;5475_-100;2;5475,32.0876712328767,Prevalence,0.00672217467104969
NbyGQVwzFc_loc12_loop6,12,ITN 0%/IRS 0%/Larvicide 0%,0;0.4;0.4_0;0;0_0;0;0_-100;2;5475_-100;2;5475_-100;2;5475,32.0904109589041,Prevalence,0.00672449058243024
NbyGQVwzFc_loc12_loop6,12,ITN 0%/IRS 0%/Larvicide 0%,0;0.4;0.4_0;0;0_0;0;0_-100;2;5475_-100;2;5475_-100;2;5475,32.0931506849315,Prevalence,0.00672681310726122
NbyGQVwzFc_loc12_loop6,12,ITN 0%/IRS 0%/Larvicide 0%,0;0.4;0.4_0;0;0_0;0;0_-100;2;5475_-100;2;5475_-100;2;5475,32.0958904109589,Prevalence,0.00672914223703853
NbyGQVwzFc_loc12_loop6,12,ITN 0%/IRS 0%/Larvicide 0%,0;0.4;0.4_0;0;0_0;0;0_-100;2;5475_-100;2;5475_-100;2;5475,32.0986301369863,Prevalence,0.00673147796330689
NbyGQVwzFc_loc12_loop6,12,ITN 0%/IRS 0%/Larvicide 0%,0;0.4;0.4_0;0;0_0;0;0_-100;2;5475_-100;2;5475_-100;2;5475,32.1013698630137,Prevalence,0.0067338202776546
NbyGQVwzFc_loc12_loop6,12,ITN 0%/IRS 0%/Larvicide 0%,0;0.4;0.4_0;0;0_0;0;0_-100;2;5475_-100;2;5475_-100;2;5475,32.1041095890411,Prevalence,0.00673616917165704
NbyGQVwzFc_loc12_loop6,12,ITN 0%/IRS 0%/Larvicide 0%,0;0.4;0.4_0;0;0_0;0;0_-100;2;5475_-100;2;5475_-100;2;5475,32.1068493150685,Prevalence,0.00673852463691074
NbyGQVwzFc_loc12_loop6,12,ITN 0%/IRS 0%/Larvicide 0%,0;0.4;0.4_0;0;0_0;0;0_-100;2;5475_-100;2;5475_-100;2;5475,32.1095890410959,Prevalence,0.00674088666504961
NbyGQVwzFc_loc12_loop6,12,ITN 0%/IRS 0%/Larvicide 0%,0;0.4;0.4_0;0;0_0;0;0_-100;2;5475_-100;2;5475_-100;2;5475,32.1123287671233,Prevalence,0.00674325524771479
NbyGQVwzFc_loc12_loop6,12,ITN 0%/IRS 0%/Larvicide 0%,0;0.4;0.4_0;0;0_0;0;0_-100;2;5475_-100;2;5475_-100;2;5475,32.1150684931507,Prevalence,0.00674563037656052
NbyGQVwzFc_loc12_loop6,12,ITN 0%/IRS 0%/Larvicide 0%,0;0.4;0.4_0;0;0_0;0;0_-100;2;5475_-100;2;5475_-100;2;5475,32.1178082191781,Prevalence,0.00674801204326936
NbyGQVwzFc_loc12_loop6,12,ITN 0%/IRS 0%/Larvicide 0%,0;0.4;0.4_0;0;0_0;0;0_-100;2;5475_-100;2;5475_-100;2;5475,32.1205479452055,Prevalence,0.00675040023954015
NbyGQVwzFc_loc12_loop6,12,ITN 0%/IRS 0%/Larvicide 0%,0;0.4;0.4_0;0;0_0;0;0_-100;2;5475_-100;2;5475_-100;2;5475,32.1232876712329,Prevalence,0.00675279495708458
NbyGQVwzFc_loc12_loop6,12,ITN 0%/IRS 0%/Larvicide 0%,0;0.4;0.4_0;0;0_0;0;0_-100;2;5475_-100;2;5475_-100;2;5475,32.1260273972603,Prevalence,0.00675519618763632
NbyGQVwzFc_loc12_loop6,12,ITN 0%/IRS 0%/Larvicide 0%,0;0.4;0.4_0;0;0_0;0;0_-100;2;5475_-100;2;5475_-100;2;5475,32.1287671232877,Prevalence,0.00675760392294807
NbyGQVwzFc_loc12_loop6,12,ITN 0%/IRS 0%/Larvicide 0%,0;0.4;0.4_0;0;0_0;0;0_-100;2;5475_-100;2;5475_-100;2;5475,32.1315068493151,Prevalence,0.0067600181547868
NbyGQVwzFc_loc12_loop6,12,ITN 0%/IRS 0%/Larvicide 0%,0;0.4;0.4_0;0;0_0;0;0_-100;2;5475_-100;2;5475_-100;2;5475,32.1342465753425,Prevalence,0.00676243887493789
NbyGQVwzFc_loc12_loop6,12,ITN 0%/IRS 0%/Larvicide 0%,0;0.4;0.4_0;0;0_0;0;0_-100;2;5475_-100;2;5475_-100;2;5475,32.1369863013699,Prevalence,0.00676486607520565
NbyGQVwzFc_loc12_loop6,12,ITN 0%/IRS 0%/Larvicide 0%,0;0.4;0.4_0;0;0_0;0;0_-100;2;5475_-100;2;5475_-100;2;5475,32.1397260273973,Prevalence,0.00676729974741008
NbyGQVwzFc_loc12_loop6,12,ITN 0%/IRS 0%/Larvicide 0%,0;0.4;0.4_0;0;0_0;0;0_-100;2;5475_-100;2;5475_-100;2;5475,32.1424657534247,Prevalence,0.00676973988338811
NbyGQVwzFc_loc12_loop6,12,ITN 0%/IRS 0%/Larvicide 0%,0;0.4;0.4_0;0;0_0;0;0_-100;2;5475_-100;2;5475_-100;2;5475,32.1452054794521,Prevalence,0.00677218647499466
NbyGQVwzFc_loc12_loop6,12,ITN 0%/IRS 0%/Larvicide 0%,0;0.4;0.4_0;0;0_0;0;0_-100;2;5475_-100;2;5475_-100;2;5475,32.1479452054795,Prevalence,0.00677463951410094
NbyGQVwzFc_loc12_loop6,12,ITN 0%/IRS 0%/Larvicide 0%,0;0.4;0.4_0;0;0_0;0;0_-100;2;5475_-100;2;5475_-100;2;5475,32.1506849315069,Prevalence,0.00677709899259443
NbyGQVwzFc_loc12_loop6,12,ITN 0%/IRS 0%/Larvicide 0%,0;0.4;0.4_0;0;0_0;0;0_-100;2;5475_-100;2;5475_-100;2;5475,32.1534246575343,Prevalence,0.00677956490237965
NbyGQVwzFc_loc12_loop6,12,ITN 0%/IRS 0%/Larvicide 0%,0;0.4;0.4_0;0;0_0;0;0_-100;2;5475_-100;2;5475_-100;2;5475,32.1561643835616,Prevalence,0.00678203723537747
NbyGQVwzFc_loc12_loop6,12,ITN 0%/IRS 0%/Larvicide 0%,0;0.4;0.4_0;0;0_0;0;0_-100;2;5475_-100;2;5475_-100;2;5475,32.158904109589,Prevalence,0.00678451598352468
NbyGQVwzFc_loc12_loop6,12,ITN 0%/IRS 0%/Larvicide 0%,0;0.4;0.4_0;0;0_0;0;0_-100;2;5475_-100;2;5475_-100;2;5475,32.1616438356164,Prevalence,0.00678700113877438
NbyGQVwzFc_loc12_loop6,12,ITN 0%/IRS 0%/Larvicide 0%,0;0.4;0.4_0;0;0_0;0;0_-100;2;5475_-100;2;5475_-100;2;5475,32.1643835616438,Prevalence,0.00678949269309574
NbyGQVwzFc_loc12_loop6,12,ITN 0%/IRS 0%/Larvicide 0%,0;0.4;0.4_0;0;0_0;0;0_-100;2;5475_-100;2;5475_-100;2;5475,32.1671232876712,Prevalence,0.00679199063847356
NbyGQVwzFc_loc12_loop6,12,ITN 0%/IRS 0%/Larvicide 0%,0;0.4;0.4_0;0;0_0;0;0_-100;2;5475_-100;2;5475_-100;2;5475,32.1698630136986,Prevalence,0.00679449496690845
NbyGQVwzFc_loc12_loop6,12,ITN 0%/IRS 0%/Larvicide 0%,0;0.4;0.4_0;0;0_0;0;0_-100;2;5475_-100;2;5475_-100;2;5475,32.172602739726,Prevalence,0.00679700567041665
NbyGQVwzFc_loc12_loop6,12,ITN 0%/IRS 0%/Larvicide 0%,0;0.4;0.4_0;0;0_0;0;0_-100;2;5475_-100;2;5475_-100;2;5475,32.1753424657534,Prevalence,0.00679952274102975
NbyGQVwzFc_loc12_loop6,12,ITN 0%/IRS 0%/Larvicide 0%,0;0.4;0.4_0;0;0_0;0;0_-100;2;5475_-100;2;5475_-100;2;5475,32.1780821917808,Prevalence,0.00680204617079465
NbyGQVwzFc_loc12_loop6,12,ITN 0%/IRS 0%/Larvicide 0%,0;0.4;0.4_0;0;0_0;0;0_-100;2;5475_-100;2;5475_-100;2;5475,32.1808219178082,Prevalence,0.0068045759517735
NbyGQVwzFc_loc12_loop6,12,ITN 0%/IRS 0%/Larvicide 0%,0;0.4;0.4_0;0;0_0;0;0_-100;2;5475_-100;2;5475_-100;2;5475,32.1835616438356,Prevalence,0.00680711207604346
NbyGQVwzFc_loc12_loop6,12,ITN 0%/IRS 0%/Larvicide 0%,0;0.4;0.4_0;0;0_0;0;0_-100;2;5475_-100;2;5475_-100;2;5475,32.186301369863,Prevalence,0.00680965453569661
NbyGQVwzFc_loc12_loop6,12,ITN 0%/IRS 0%/Larvicide 0%,0;0.4;0.4_0;0;0_0;0;0_-100;2;5475_-100;2;5475_-100;2;5475,32.1890410958904,Prevalence,0.00681220332283984
NbyGQVwzFc_loc12_loop6,12,ITN 0%/IRS 0%/Larvicide 0%,0;0.4;0.4_0;0;0_0;0;0_-100;2;5475_-100;2;5475_-100;2;5475,32.1917808219178,Prevalence,0.00681475842959468
NbyGQVwzFc_loc12_loop6,12,ITN 0%/IRS 0%/Larvicide 0%,0;0.4;0.4_0;0;0_0;0;0_-100;2;5475_-100;2;5475_-100;2;5475,32.1945205479452,Prevalence,0.0068173198480972
NbyGQVwzFc_loc12_loop6,12,ITN 0%/IRS 0%/Larvicide 0%,0;0.4;0.4_0;0;0_0;0;0_-100;2;5475_-100;2;5475_-100;2;5475,32.1972602739726,Prevalence,0.00681988757049787
NbyGQVwzFc_loc12_loop6,12,ITN 0%/IRS 0%/Larvicide 0%,0;0.4;0.4_0;0;0_0;0;0_-100;2;5475_-100;2;5475_-100;2;5475,32.2,Prevalence,0.00682246158896147
NbyGQVwzFc_loc12_loop6,12,ITN 0%/IRS 0%/Larvicide 0%,0;0.4;0.4_0;0;0_0;0;0_-100;2;5475_-100;2;5475_-100;2;5475,32.2027397260274,Prevalence,0.00682504189566693
NbyGQVwzFc_loc12_loop6,12,ITN 0%/IRS 0%/Larvicide 0%,0;0.4;0.4_0;0;0_0;0;0_-100;2;5475_-100;2;5475_-100;2;5475,32.2054794520548,Prevalence,0.00682762848280718
NbyGQVwzFc_loc12_loop6,12,ITN 0%/IRS 0%/Larvicide 0%,0;0.4;0.4_0;0;0_0;0;0_-100;2;5475_-100;2;5475_-100;2;5475,32.2082191780822,Prevalence,0.0068302213425891
NbyGQVwzFc_loc12_loop6,12,ITN 0%/IRS 0%/Larvicide 0%,0;0.4;0.4_0;0;0_0;0;0_-100;2;5475_-100;2;5475_-100;2;5475,32.2109589041096,Prevalence,0.00683282046723333
NbyGQVwzFc_loc12_loop6,12,ITN 0%/IRS 0%/Larvicide 0%,0;0.4;0.4_0;0;0_0;0;0_-100;2;5475_-100;2;5475_-100;2;5475,32.213698630137,Prevalence,0.00683542584897418
NbyGQVwzFc_loc12_loop6,12,ITN 0%/IRS 0%/Larvicide 0%,0;0.4;0.4_0;0;0_0;0;0_-100;2;5475_-100;2;5475_-100;2;5475,32.2164383561644,Prevalence,0.00683803748005952
NbyGQVwzFc_loc12_loop6,12,ITN 0%/IRS 0%/Larvicide 0%,0;0.4;0.4_0;0;0_0;0;0_-100;2;5475_-100;2;5475_-100;2;5475,32.2191780821918,Prevalence,0.00684065535275059
NbyGQVwzFc_loc12_loop6,12,ITN 0%/IRS 0%/Larvicide 0%,0;0.4;0.4_0;0;0_0;0;0_-100;2;5475_-100;2;5475_-100;2;5475,32.2219178082192,Prevalence,0.006843279459322
NbyGQVwzFc_loc12_loop6,12,ITN 0%/IRS 0%/Larvicide 0%,0;0.4;0.4_0;0;0_0;0;0_-100;2;5475_-100;2;5475_-100;2;5475,32.2246575342466,Prevalence,0.00684590979206155
NbyGQVwzFc_loc12_loop6,12,ITN 0%/IRS 0%/Larvicide 0%,0;0.4;0.4_0;0;0_0;0;0_-100;2;5475_-100;2;5475_-100;2;5475,32.227397260274,Prevalence,0.00684854634327011
NbyGQVwzFc_loc12_loop6,12,ITN 0%/IRS 0%/Larvicide 0%,0;0.4;0.4_0;0;0_0;0;0_-100;2;5475_-100;2;5475_-100;2;5475,32.2301369863014,Prevalence,0.00685118910526132
NbyGQVwzFc_loc12_loop6,12,ITN 0%/IRS 0%/Larvicide 0%,0;0.4;0.4_0;0;0_0;0;0_-100;2;5475_-100;2;5475_-100;2;5475,32.2328767123288,Prevalence,0.00685383807036166
NbyGQVwzFc_loc12_loop6,12,ITN 0%/IRS 0%/Larvicide 0%,0;0.4;0.4_0;0;0_0;0;0_-100;2;5475_-100;2;5475_-100;2;5475,32.2356164383562,Prevalence,0.00685649323091029
NbyGQVwzFc_loc12_loop6,12,ITN 0%/IRS 0%/Larvicide 0%,0;0.4;0.4_0;0;0_0;0;0_-100;2;5475_-100;2;5475_-100;2;5475,32.2383561643836,Prevalence,0.00685915457925898
NbyGQVwzFc_loc12_loop6,12,ITN 0%/IRS 0%/Larvicide 0%,0;0.4;0.4_0;0;0_0;0;0_-100;2;5475_-100;2;5475_-100;2;5475,32.241095890411,Prevalence,0.00686182210777196
NbyGQVwzFc_loc12_loop6,12,ITN 0%/IRS 0%/Larvicide 0%,0;0.4;0.4_0;0;0_0;0;0_-100;2;5475_-100;2;5475_-100;2;5475,32.2438356164384,Prevalence,0.0068644958088258
NbyGQVwzFc_loc12_loop6,12,ITN 0%/IRS 0%/Larvicide 0%,0;0.4;0.4_0;0;0_0;0;0_-100;2;5475_-100;2;5475_-100;2;5475,32.2465753424658,Prevalence,0.00686717567480931
NbyGQVwzFc_loc12_loop6,12,ITN 0%/IRS 0%/Larvicide 0%,0;0.4;0.4_0;0;0_0;0;0_-100;2;5475_-100;2;5475_-100;2;5475,32.2493150684932,Prevalence,0.00686986169812346
NbyGQVwzFc_loc12_loop6,12,ITN 0%/IRS 0%/Larvicide 0%,0;0.4;0.4_0;0;0_0;0;0_-100;2;5475_-100;2;5475_-100;2;5475,32.2520547945206,Prevalence,0.00687255387118116
NbyGQVwzFc_loc12_loop6,12,ITN 0%/IRS 0%/Larvicide 0%,0;0.4;0.4_0;0;0_0;0;0_-100;2;5475_-100;2;5475_-100;2;5475,32.254794520548,Prevalence,0.00687525218640729
NbyGQVwzFc_loc12_loop6,12,ITN 0%/IRS 0%/Larvicide 0%,0;0.4;0.4_0;0;0_0;0;0_-100;2;5475_-100;2;5475_-100;2;5475,32.2575342465753,Prevalence,0.00687795663623844
NbyGQVwzFc_loc12_loop6,12,ITN 0%/IRS 0%/Larvicide 0%,0;0.4;0.4_0;0;0_0;0;0_-100;2;5475_-100;2;5475_-100;2;5475,32.2602739726027,Prevalence,0.00688066721312292
NbyGQVwzFc_loc12_loop6,12,ITN 0%/IRS 0%/Larvicide 0%,0;0.4;0.4_0;0;0_0;0;0_-100;2;5475_-100;2;5475_-100;2;5475,32.2630136986301,Prevalence,0.00688338390952059
NbyGQVwzFc_loc12_loop6,12,ITN 0%/IRS 0%/Larvicide 0%,0;0.4;0.4_0;0;0_0;0;0_-100;2;5475_-100;2;5475_-100;2;5475,32.2657534246575,Prevalence,0.00688610671790273
NbyGQVwzFc_loc12_loop6,12,ITN 0%/IRS 0%/Larvicide 0%,0;0.4;0.4_0;0;0_0;0;0_-100;2;5475_-100;2;5475_-100;2;5475,32.2684931506849,Prevalence,0.00688883563075199
NbyGQVwzFc_loc12_loop6,12,ITN 0%/IRS 0%/Larvicide 0%,0;0.4;0.4_0;0;0_0;0;0_-100;2;5475_-100;2;5475_-100;2;5475,32.2712328767123,Prevalence,0.00689157064056222
NbyGQVwzFc_loc12_loop6,12,ITN 0%/IRS 0%/Larvicide 0%,0;0.4;0.4_0;0;0_0;0;0_-100;2;5475_-100;2;5475_-100;2;5475,32.2739726027397,Prevalence,0.00689431173983841
NbyGQVwzFc_loc12_loop6,12,ITN 0%/IRS 0%/Larvicide 0%,0;0.4;0.4_0;0;0_0;0;0_-100;2;5475_-100;2;5475_-100;2;5475,32.2767123287671,Prevalence,0.00689705892109654
NbyGQVwzFc_loc12_loop6,12,ITN 0%/IRS 0%/Larvicide 0%,0;0.4;0.4_0;0;0_0;0;0_-100;2;5475_-100;2;5475_-100;2;5475,32.2794520547945,Prevalence,0.00689981217686348
NbyGQVwzFc_loc12_loop6,12,ITN 0%/IRS 0%/Larvicide 0%,0;0.4;0.4_0;0;0_0;0;0_-100;2;5475_-100;2;5475_-100;2;5475,32.2821917808219,Prevalence,0.00690257149967692
NbyGQVwzFc_loc12_loop6,12,ITN 0%/IRS 0%/Larvicide 0%,0;0.4;0.4_0;0;0_0;0;0_-100;2;5475_-100;2;5475_-100;2;5475,32.2849315068493,Prevalence,0.00690533688208523
NbyGQVwzFc_loc12_loop6,12,ITN 0%/IRS 0%/Larvicide 0%,0;0.4;0.4_0;0;0_0;0;0_-100;2;5475_-100;2;5475_-100;2;5475,32.2876712328767,Prevalence,0.00690810831664733
NbyGQVwzFc_loc12_loop6,12,ITN 0%/IRS 0%/Larvicide 0%,0;0.4;0.4_0;0;0_0;0;0_-100;2;5475_-100;2;5475_-100;2;5475,32.2904109589041,Prevalence,0.00691088579593264
NbyGQVwzFc_loc12_loop6,12,ITN 0%/IRS 0%/Larvicide 0%,0;0.4;0.4_0;0;0_0;0;0_-100;2;5475_-100;2;5475_-100;2;5475,32.2931506849315,Prevalence,0.00691366931252093
NbyGQVwzFc_loc12_loop6,12,ITN 0%/IRS 0%/Larvicide 0%,0;0.4;0.4_0;0;0_0;0;0_-100;2;5475_-100;2;5475_-100;2;5475,32.2958904109589,Prevalence,0.00691645885900225
NbyGQVwzFc_loc12_loop6,12,ITN 0%/IRS 0%/Larvicide 0%,0;0.4;0.4_0;0;0_0;0;0_-100;2;5475_-100;2;5475_-100;2;5475,32.2986301369863,Prevalence,0.00691925442797679
NbyGQVwzFc_loc12_loop6,12,ITN 0%/IRS 0%/Larvicide 0%,0;0.4;0.4_0;0;0_0;0;0_-100;2;5475_-100;2;5475_-100;2;5475,32.3013698630137,Prevalence,0.0069220560120548
NbyGQVwzFc_loc12_loop6,12,ITN 0%/IRS 0%/Larvicide 0%,0;0.4;0.4_0;0;0_0;0;0_-100;2;5475_-100;2;5475_-100;2;5475,32.3041095890411,Prevalence,0.00692486360385648
NbyGQVwzFc_loc12_loop6,12,ITN 0%/IRS 0%/Larvicide 0%,0;0.4;0.4_0;0;0_0;0;0_-100;2;5475_-100;2;5475_-100;2;5475,32.3068493150685,Prevalence,0.00692767719601187
NbyGQVwzFc_loc12_loop6,12,ITN 0%/IRS 0%/Larvicide 0%,0;0.4;0.4_0;0;0_0;0;0_-100;2;5475_-100;2;5475_-100;2;5475,32.3095890410959,Prevalence,0.00693049678116078
NbyGQVwzFc_loc12_loop6,12,ITN 0%/IRS 0%/Larvicide 0%,0;0.4;0.4_0;0;0_0;0;0_-100;2;5475_-100;2;5475_-100;2;5475,32.3123287671233,Prevalence,0.00693332235195262
NbyGQVwzFc_loc12_loop6,12,ITN 0%/IRS 0%/Larvicide 0%,0;0.4;0.4_0;0;0_0;0;0_-100;2;5475_-100;2;5475_-100;2;5475,32.3150684931507,Prevalence,0.00693615390104639
NbyGQVwzFc_loc12_loop6,12,ITN 0%/IRS 0%/Larvicide 0%,0;0.4;0.4_0;0;0_0;0;0_-100;2;5475_-100;2;5475_-100;2;5475,32.3178082191781,Prevalence,0.0069389914211105
NbyGQVwzFc_loc12_loop6,12,ITN 0%/IRS 0%/Larvicide 0%,0;0.4;0.4_0;0;0_0;0;0_-100;2;5475_-100;2;5475_-100;2;5475,32.3205479452055,Prevalence,0.00694183490482272
NbyGQVwzFc_loc12_loop6,12,ITN 0%/IRS 0%/Larvicide 0%,0;0.4;0.4_0;0;0_0;0;0_-100;2;5475_-100;2;5475_-100;2;5475,32.3232876712329,Prevalence,0.00694468434487004
NbyGQVwzFc_loc12_loop6,12,ITN 0%/IRS 0%/Larvicide 0%,0;0.4;0.4_0;0;0_0;0;0_-100;2;5475_-100;2;5475_-100;2;5475,32.3260273972603,Prevalence,0.00694753973394864
NbyGQVwzFc_loc12_loop6,12,ITN 0%/IRS 0%/Larvicide 0%,0;0.4;0.4_0;0;0_0;0;0_-100;2;5475_-100;2;5475_-100;2;5475,32.3287671232877,Prevalence,0.00695040106476379
NbyGQVwzFc_loc12_loop6,12,ITN 0%/IRS 0%/Larvicide 0%,0;0.4;0.4_0;0;0_0;0;0_-100;2;5475_-100;2;5475_-100;2;5475,32.3315068493151,Prevalence,0.00695326833002956
NbyGQVwzFc_loc12_loop6,12,ITN 0%/IRS 0%/Larvicide 0%,0;0.4;0.4_0;0;0_0;0;0_-100;2;5475_-100;2;5475_-100;2;5475,32.3342465753425,Prevalence,0.00695614152246887
NbyGQVwzFc_loc12_loop6,12,ITN 0%/IRS 0%/Larvicide 0%,0;0.4;0.4_0;0;0_0;0;0_-100;2;5475_-100;2;5475_-100;2;5475,32.3369863013699,Prevalence,0.00695902063481334
NbyGQVwzFc_loc12_loop6,12,ITN 0%/IRS 0%/Larvicide 0%,0;0.4;0.4_0;0;0_0;0;0_-100;2;5475_-100;2;5475_-100;2;5475,32.3397260273973,Prevalence,0.00696190565980328
NbyGQVwzFc_loc12_loop6,12,ITN 0%/IRS 0%/Larvicide 0%,0;0.4;0.4_0;0;0_0;0;0_-100;2;5475_-100;2;5475_-100;2;5475,32.3424657534247,Prevalence,0.00696479659018756
NbyGQVwzFc_loc12_loop6,12,ITN 0%/IRS 0%/Larvicide 0%,0;0.4;0.4_0;0;0_0;0;0_-100;2;5475_-100;2;5475_-100;2;5475,32.3452054794521,Prevalence,0.00696769341872351
NbyGQVwzFc_loc12_loop6,12,ITN 0%/IRS 0%/Larvicide 0%,0;0.4;0.4_0;0;0_0;0;0_-100;2;5475_-100;2;5475_-100;2;5475,32.3479452054795,Prevalence,0.0069705961381768
NbyGQVwzFc_loc12_loop6,12,ITN 0%/IRS 0%/Larvicide 0%,0;0.4;0.4_0;0;0_0;0;0_-100;2;5475_-100;2;5475_-100;2;5475,32.3506849315069,Prevalence,0.00697350474132142
NbyGQVwzFc_loc12_loop6,12,ITN 0%/IRS 0%/Larvicide 0%,0;0.4;0.4_0;0;0_0;0;0_-100;2;5475_-100;2;5475_-100;2;5475,32.3534246575343,Prevalence,0.00697641922093952
NbyGQVwzFc_loc12_loop6,12,ITN 0%/IRS 0%/Larvicide 0%,0;0.4;0.4_0;0;0_0;0;0_-100;2;5475_-100;2;5475_-100;2;5475,32.3561643835616,Prevalence,0.00697933956982135
NbyGQVwzFc_loc12_loop6,12,ITN 0%/IRS 0%/Larvicide 0%,0;0.4;0.4_0;0;0_0;0;0_-100;2;5475_-100;2;5475_-100;2;5475,32.358904109589,Prevalence,0.00698226578076511
NbyGQVwzFc_loc12_loop6,12,ITN 0%/IRS 0%/Larvicide 0%,0;0.4;0.4_0;0;0_0;0;0_-100;2;5475_-100;2;5475_-100;2;5475,32.3616438356164,Prevalence,0.00698519784657697
NbyGQVwzFc_loc12_loop6,12,ITN 0%/IRS 0%/Larvicide 0%,0;0.4;0.4_0;0;0_0;0;0_-100;2;5475_-100;2;5475_-100;2;5475,32.3643835616438,Prevalence,0.00698813576007087
NbyGQVwzFc_loc12_loop6,12,ITN 0%/IRS 0%/Larvicide 0%,0;0.4;0.4_0;0;0_0;0;0_-100;2;5475_-100;2;5475_-100;2;5475,32.3671232876712,Prevalence,0.00699107951406847
NbyGQVwzFc_loc12_loop6,12,ITN 0%/IRS 0%/Larvicide 0%,0;0.4;0.4_0;0;0_0;0;0_-100;2;5475_-100;2;5475_-100;2;5475,32.3698630136986,Prevalence,0.00699402910139906
NbyGQVwzFc_loc12_loop6,12,ITN 0%/IRS 0%/Larvicide 0%,0;0.4;0.4_0;0;0_0;0;0_-100;2;5475_-100;2;5475_-100;2;5475,32.372602739726,Prevalence,0.00699698451489949
NbyGQVwzFc_loc12_loop6,12,ITN 0%/IRS 0%/Larvicide 0%,0;0.4;0.4_0;0;0_0;0;0_-100;2;5475_-100;2;5475_-100;2;5475,32.3753424657534,Prevalence,0.00699994574741402
NbyGQVwzFc_loc12_loop6,12,ITN 0%/IRS 0%/Larvicide 0%,0;0.4;0.4_0;0;0_0;0;0_-100;2;5475_-100;2;5475_-100;2;5475,32.3780821917808,Prevalence,0.0070029127917943
NbyGQVwzFc_loc12_loop6,12,ITN 0%/IRS 0%/Larvicide 0%,0;0.4;0.4_0;0;0_0;0;0_-100;2;5475_-100;2;5475_-100;2;5475,32.3808219178082,Prevalence,0.00700588564089925
NbyGQVwzFc_loc12_loop6,12,ITN 0%/IRS 0%/Larvicide 0%,0;0.4;0.4_0;0;0_0;0;0_-100;2;5475_-100;2;5475_-100;2;5475,32.3835616438356,Prevalence,0.00700886428759492
NbyGQVwzFc_loc12_loop6,12,ITN 0%/IRS 0%/Larvicide 0%,0;0.4;0.4_0;0;0_0;0;0_-100;2;5475_-100;2;5475_-100;2;5475,32.386301369863,Prevalence,0.00701184872475454
NbyGQVwzFc_loc12_loop6,12,ITN 0%/IRS 0%/Larvicide 0%,0;0.4;0.4_0;0;0_0;0;0_-100;2;5475_-100;2;5475_-100;2;5475,32.3890410958904,Prevalence,0.00701483894525827
NbyGQVwzFc_loc12_loop6,12,ITN 0%/IRS 0%/Larvicide 0%,0;0.4;0.4_0;0;0_0;0;0_-100;2;5475_-100;2;5475_-100;2;5475,32.3917808219178,Prevalence,0.00701783494199322
NbyGQVwzFc_loc12_loop6,12,ITN 0%/IRS 0%/Larvicide 0%,0;0.4;0.4_0;0;0_0;0;0_-100;2;5475_-100;2;5475_-100;2;5475,32.3945205479452,Prevalence,0.00702083670785333
NbyGQVwzFc_loc12_loop6,12,ITN 0%/IRS 0%/Larvicide 0%,0;0.4;0.4_0;0;0_0;0;0_-100;2;5475_-100;2;5475_-100;2;5475,32.3972602739726,Prevalence,0.00702384423573928
NbyGQVwzFc_loc12_loop6,12,ITN 0%/IRS 0%/Larvicide 0%,0;0.4;0.4_0;0;0_0;0;0_-100;2;5475_-100;2;5475_-100;2;5475,32.4,Prevalence,0.0070268575185584
NbyGQVwzFc_loc12_loop6,12,ITN 0%/IRS 0%/Larvicide 0%,0;0.4;0.4_0;0;0_0;0;0_-100;2;5475_-100;2;5475_-100;2;5475,32.4027397260274,Prevalence,0.00702987654922464
NbyGQVwzFc_loc12_loop6,12,ITN 0%/IRS 0%/Larvicide 0%,0;0.4;0.4_0;0;0_0;0;0_-100;2;5475_-100;2;5475_-100;2;5475,32.4054794520548,Prevalence,0.00703290132065839
NbyGQVwzFc_loc12_loop6,12,ITN 0%/IRS 0%/Larvicide 0%,0;0.4;0.4_0;0;0_0;0;0_-100;2;5475_-100;2;5475_-100;2;5475,32.4082191780822,Prevalence,0.00703593182578646
NbyGQVwzFc_loc12_loop6,12,ITN 0%/IRS 0%/Larvicide 0%,0;0.4;0.4_0;0;0_0;0;0_-100;2;5475_-100;2;5475_-100;2;5475,32.4109589041096,Prevalence,0.00703896805754199
NbyGQVwzFc_loc12_loop6,12,ITN 0%/IRS 0%/Larvicide 0%,0;0.4;0.4_0;0;0_0;0;0_-100;2;5475_-100;2;5475_-100;2;5475,32.413698630137,Prevalence,0.00704201000886435
NbyGQVwzFc_loc12_loop6,12,ITN 0%/IRS 0%/Larvicide 0%,0;0.4;0.4_0;0;0_0;0;0_-100;2;5475_-100;2;5475_-100;2;5475,32.4164383561644,Prevalence,0.00704505767269908
NbyGQVwzFc_loc12_loop6,12,ITN 0%/IRS 0%/Larvicide 0%,0;0.4;0.4_0;0;0_0;0;0_-100;2;5475_-100;2;5475_-100;2;5475,32.4191780821918,Prevalence,0.00704811104199778
NbyGQVwzFc_loc12_loop6,12,ITN 0%/IRS 0%/Larvicide 0%,0;0.4;0.4_0;0;0_0;0;0_-100;2;5475_-100;2;5475_-100;2;5475,32.4219178082192,Prevalence,0.00705117010971801
NbyGQVwzFc_loc12_loop6,12,ITN 0%/IRS 0%/Larvicide 0%,0;0.4;0.4_0;0;0_0;0;0_-100;2;5475_-100;2;5475_-100;2;5475,32.4246575342466,Prevalence,0.00705423486882331
NbyGQVwzFc_loc12_loop6,12,ITN 0%/IRS 0%/Larvicide 0%,0;0.4;0.4_0;0;0_0;0;0_-100;2;5475_-100;2;5475_-100;2;5475,32.427397260274,Prevalence,0.00705730531228301
NbyGQVwzFc_loc12_loop6,12,ITN 0%/IRS 0%/Larvicide 0%,0;0.4;0.4_0;0;0_0;0;0_-100;2;5475_-100;2;5475_-100;2;5475,32.4301369863014,Prevalence,0.00706038143307216
NbyGQVwzFc_loc12_loop6,12,ITN 0%/IRS 0%/Larvicide 0%,0;0.4;0.4_0;0;0_0;0;0_-100;2;5475_-100;2;5475_-100;2;5475,32.4328767123288,Prevalence,0.00706346322417153
NbyGQVwzFc_loc12_loop6,12,ITN 0%/IRS 0%/Larvicide 0%,0;0.4;0.4_0;0;0_0;0;0_-100;2;5475_-100;2;5475_-100;2;5475,32.4356164383562,Prevalence,0.00706655067856749
NbyGQVwzFc_loc12_loop6,12,ITN 0%/IRS 0%/Larvicide 0%,0;0.4;0.4_0;0;0_0;0;0_-100;2;5475_-100;2;5475_-100;2;5475,32.4383561643836,Prevalence,0.00706964378925189
NbyGQVwzFc_loc12_loop6,12,ITN 0%/IRS 0%/Larvicide 0%,0;0.4;0.4_0;0;0_0;0;0_-100;2;5475_-100;2;5475_-100;2;5475,32.441095890411,Prevalence,0.00707274254922191
NbyGQVwzFc_loc12_loop6,12,ITN 0%/IRS 0%/Larvicide 0%,0;0.4;0.4_0;0;0_0;0;0_-100;2;5475_-100;2;5475_-100;2;5475,32.4438356164384,Prevalence,0.0070758469514801
NbyGQVwzFc_loc12_loop6,12,ITN 0%/IRS 0%/Larvicide 0%,0;0.4;0.4_0;0;0_0;0;0_-100;2;5475_-100;2;5475_-100;2;5475,32.4465753424658,Prevalence,0.00707895698903425
NbyGQVwzFc_loc12_loop6,12,ITN 0%/IRS 0%/Larvicide 0%,0;0.4;0.4_0;0;0_0;0;0_-100;2;5475_-100;2;5475_-100;2;5475,32.4493150684932,Prevalence,0.00708207265489735
NbyGQVwzFc_loc12_loop6,12,ITN 0%/IRS 0%/Larvicide 0%,0;0.4;0.4_0;0;0_0;0;0_-100;2;5475_-100;2;5475_-100;2;5475,32.4520547945206,Prevalence,0.00708519394208755
NbyGQVwzFc_loc12_loop6,12,ITN 0%/IRS 0%/Larvicide 0%,0;0.4;0.4_0;0;0_0;0;0_-100;2;5475_-100;2;5475_-100;2;5475,32.4547945205479,Prevalence,0.007088320843628
NbyGQVwzFc_loc12_loop6,12,ITN 0%/IRS 0%/Larvicide 0%,0;0.4;0.4_0;0;0_0;0;0_-100;2;5475_-100;2;5475_-100;2;5475,32.4575342465753,Prevalence,0.00709145335254682
NbyGQVwzFc_loc12_loop6,12,ITN 0%/IRS 0%/Larvicide 0%,0;0.4;0.4_0;0;0_0;0;0_-100;2;5475_-100;2;5475_-100;2;5475,32.4602739726027,Prevalence,0.00709459146187703
NbyGQVwzFc_loc12_loop6,12,ITN 0%/IRS 0%/Larvicide 0%,0;0.4;0.4_0;0;0_0;0;0_-100;2;5475_-100;2;5475_-100;2;5475,32.4630136986301,Prevalence,0.00709773516465647
NbyGQVwzFc_loc12_loop6,12,ITN 0%/IRS 0%/Larvicide 0%,0;0.4;0.4_0;0;0_0;0;0_-100;2;5475_-100;2;5475_-100;2;5475,32.4657534246575,Prevalence,0.0071008844539277
NbyGQVwzFc_loc12_loop6,12,ITN 0%/IRS 0%/Larvicide 0%,0;0.4;0.4_0;0;0_0;0;0_-100;2;5475_-100;2;5475_-100;2;5475,32.4684931506849,Prevalence,0.00710403932273796
NbyGQVwzFc_loc12_loop6,12,ITN 0%/IRS 0%/Larvicide 0%,0;0.4;0.4_0;0;0_0;0;0_-100;2;5475_-100;2;5475_-100;2;5475,32.4712328767123,Prevalence,0.00710719976413907
NbyGQVwzFc_loc12_loop6,12,ITN 0%/IRS 0%/Larvicide 0%,0;0.4;0.4_0;0;0_0;0;0_-100;2;5475_-100;2;5475_-100;2;5475,32.4739726027397,Prevalence,0.00711036577118736
NbyGQVwzFc_loc12_loop6,12,ITN 0%/IRS 0%/Larvicide 0%,0;0.4;0.4_0;0;0_0;0;0_-100;2;5475_-100;2;5475_-100;2;5475,32.4767123287671,Prevalence,0.00711353733694362
NbyGQVwzFc_loc12_loop6,12,ITN 0%/IRS 0%/Larvicide 0%,0;0.4;0.4_0;0;0_0;0;0_-100;2;5475_-100;2;5475_-100;2;5475,32.4794520547945,Prevalence,0.00711671445447301
NbyGQVwzFc_loc12_loop6,12,ITN 0%/IRS 0%/Larvicide 0%,0;0.4;0.4_0;0;0_0;0;0_-100;2;5475_-100;2;5475_-100;2;5475,32.4821917808219,Prevalence,0.00711989711684496
NbyGQVwzFc_loc12_loop6,12,ITN 0%/IRS 0%/Larvicide 0%,0;0.4;0.4_0;0;0_0;0;0_-100;2;5475_-100;2;5475_-100;2;5475,32.4849315068493,Prevalence,0.00712308531713313
NbyGQVwzFc_loc12_loop6,12,ITN 0%/IRS 0%/Larvicide 0%,0;0.4;0.4_0;0;0_0;0;0_-100;2;5475_-100;2;5475_-100;2;5475,32.4876712328767,Prevalence,0.00712627904841537
NbyGQVwzFc_loc12_loop6,12,ITN 0%/IRS 0%/Larvicide 0%,0;0.4;0.4_0;0;0_0;0;0_-100;2;5475_-100;2;5475_-100;2;5475,32.4904109589041,Prevalence,0.00712947830377355
NbyGQVwzFc_loc12_loop6,12,ITN 0%/IRS 0%/Larvicide 0%,0;0.4;0.4_0;0;0_0;0;0_-100;2;5475_-100;2;5475_-100;2;5475,32.4931506849315,Prevalence,0.0071326830762936
NbyGQVwzFc_loc12_loop6,12,ITN 0%/IRS 0%/Larvicide 0%,0;0.4;0.4_0;0;0_0;0;0_-100;2;5475_-100;2;5475_-100;2;5475,32.4958904109589,Prevalence,0.00713589335906537
NbyGQVwzFc_loc12_loop6,12,ITN 0%/IRS 0%/Larvicide 0%,0;0.4;0.4_0;0;0_0;0;0_-100;2;5475_-100;2;5475_-100;2;5475,32.4986301369863,Prevalence,0.00713910914518257
NbyGQVwzFc_loc12_loop6,12,ITN 0%/IRS 0%/Larvicide 0%,0;0.4;0.4_0;0;0_0;0;0_-100;2;5475_-100;2;5475_-100;2;5475,32.5013698630137,Prevalence,0.00714233042774271
NbyGQVwzFc_loc12_loop6,12,ITN 0%/IRS 0%/Larvicide 0%,0;0.4;0.4_0;0;0_0;0;0_-100;2;5475_-100;2;5475_-100;2;5475,32.5041095890411,Prevalence,0.00714555719984706
NbyGQVwzFc_loc12_loop6,12,ITN 0%/IRS 0%/Larvicide 0%,0;0.4;0.4_0;0;0_0;0;0_-100;2;5475_-100;2;5475_-100;2;5475,32.5068493150685,Prevalence,0.00714878945460051
NbyGQVwzFc_loc12_loop6,12,ITN 0%/IRS 0%/Larvicide 0%,0;0.4;0.4_0;0;0_0;0;0_-100;2;5475_-100;2;5475_-100;2;5475,32.5095890410959,Prevalence,0.00715202718511156
NbyGQVwzFc_loc12_loop6,12,ITN 0%/IRS 0%/Larvicide 0%,0;0.4;0.4_0;0;0_0;0;0_-100;2;5475_-100;2;5475_-100;2;5475,32.5123287671233,Prevalence,0.00715527038449223
NbyGQVwzFc_loc12_loop6,12,ITN 0%/IRS 0%/Larvicide 0%,0;0.4;0.4_0;0;0_0;0;0_-100;2;5475_-100;2;5475_-100;2;5475,32.5150684931507,Prevalence,0.007158519045858
NbyGQVwzFc_loc12_loop6,12,ITN 0%/IRS 0%/Larvicide 0%,0;0.4;0.4_0;0;0_0;0;0_-100;2;5475_-100;2;5475_-100;2;5475,32.5178082191781,Prevalence,0.00716177316232773
NbyGQVwzFc_loc12_loop6,12,ITN 0%/IRS 0%/Larvicide 0%,0;0.4;0.4_0;0;0_0;0;0_-100;2;5475_-100;2;5475_-100;2;5475,32.5205479452055,Prevalence,0.00716503272702362
NbyGQVwzFc_loc12_loop6,12,ITN 0%/IRS 0%/Larvicide 0%,0;0.4;0.4_0;0;0_0;0;0_-100;2;5475_-100;2;5475_-100;2;5475,32.5232876712329,Prevalence,0.00716829773307111
NbyGQVwzFc_loc12_loop6,12,ITN 0%/IRS 0%/Larvicide 0%,0;0.4;0.4_0;0;0_0;0;0_-100;2;5475_-100;2;5475_-100;2;5475,32.5260273972603,Prevalence,0.00717156817359881
NbyGQVwzFc_loc12_loop6,12,ITN 0%/IRS 0%/Larvicide 0%,0;0.4;0.4_0;0;0_0;0;0_-100;2;5475_-100;2;5475_-100;2;5475,32.5287671232877,Prevalence,0.00717484404173849
NbyGQVwzFc_loc12_loop6,12,ITN 0%/IRS 0%/Larvicide 0%,0;0.4;0.4_0;0;0_0;0;0_-100;2;5475_-100;2;5475_-100;2;5475,32.5315068493151,Prevalence,0.00717812533062496
NbyGQVwzFc_loc12_loop6,12,ITN 0%/IRS 0%/Larvicide 0%,0;0.4;0.4_0;0;0_0;0;0_-100;2;5475_-100;2;5475_-100;2;5475,32.5342465753425,Prevalence,0.00718141203339601
NbyGQVwzFc_loc12_loop6,12,ITN 0%/IRS 0%/Larvicide 0%,0;0.4;0.4_0;0;0_0;0;0_-100;2;5475_-100;2;5475_-100;2;5475,32.5369863013699,Prevalence,0.00718470414319236
NbyGQVwzFc_loc12_loop6,12,ITN 0%/IRS 0%/Larvicide 0%,0;0.4;0.4_0;0;0_0;0;0_-100;2;5475_-100;2;5475_-100;2;5475,32.5397260273973,Prevalence,0.0071880016531576
NbyGQVwzFc_loc12_loop6,12,ITN 0%/IRS 0%/Larvicide 0%,0;0.4;0.4_0;0;0_0;0;0_-100;2;5475_-100;2;5475_-100;2;5475,32.5424657534247,Prevalence,0.00719130455643813
NbyGQVwzFc_loc12_loop6,12,ITN 0%/IRS 0%/Larvicide 0%,0;0.4;0.4_0;0;0_0;0;0_-100;2;5475_-100;2;5475_-100;2;5475,32.5452054794521,Prevalence,0.00719461284618306
NbyGQVwzFc_loc12_loop6,12,ITN 0%/IRS 0%/Larvicide 0%,0;0.4;0.4_0;0;0_0;0;0_-100;2;5475_-100;2;5475_-100;2;5475,32.5479452054795,Prevalence,0.00719792651554419
NbyGQVwzFc_loc12_loop6,12,ITN 0%/IRS 0%/Larvicide 0%,0;0.4;0.4_0;0;0_0;0;0_-100;2;5475_-100;2;5475_-100;2;5475,32.5506849315069,Prevalence,0.00720124555767594
NbyGQVwzFc_loc12_loop6,12,ITN 0%/IRS 0%/Larvicide 0%,0;0.4;0.4_0;0;0_0;0;0_-100;2;5475_-100;2;5475_-100;2;5475,32.5534246575342,Prevalence,0.00720456996573525
NbyGQVwzFc_loc12_loop6,12,ITN 0%/IRS 0%/Larvicide 0%,0;0.4;0.4_0;0;0_0;0;0_-100;2;5475_-100;2;5475_-100;2;5475,32.5561643835616,Prevalence,0.00720789973288148
NbyGQVwzFc_loc12_loop6,12,ITN 0%/IRS 0%/Larvicide 0%,0;0.4;0.4_0;0;0_0;0;0_-100;2;5475_-100;2;5475_-100;2;5475,32.558904109589,Prevalence,0.00721123485227639
NbyGQVwzFc_loc12_loop6,12,ITN 0%/IRS 0%/Larvicide 0%,0;0.4;0.4_0;0;0_0;0;0_-100;2;5475_-100;2;5475_-100;2;5475,32.5616438356164,Prevalence,0.00721457531708412
NbyGQVwzFc_loc12_loop6,12,ITN 0%/IRS 0%/Larvicide 0%,0;0.4;0.4_0;0;0_0;0;0_-100;2;5475_-100;2;5475_-100;2;5475,32.5643835616438,Prevalence,0.0072179211204711
NbyGQVwzFc_loc12_loop6,12,ITN 0%/IRS 0%/Larvicide 0%,0;0.4;0.4_0;0;0_0;0;0_-100;2;5475_-100;2;5475_-100;2;5475,32.5671232876712,Prevalence,0.007221272255606
NbyGQVwzFc_loc12_loop6,12,ITN 0%/IRS 0%/Larvicide 0%,0;0.4;0.4_0;0;0_0;0;0_-100;2;5475_-100;2;5475_-100;2;5475,32.5698630136986,Prevalence,0.00722462871565967
NbyGQVwzFc_loc12_loop6,12,ITN 0%/IRS 0%/Larvicide 0%,0;0.4;0.4_0;0;0_0;0;0_-100;2;5475_-100;2;5475_-100;2;5475,32.572602739726,Prevalence,0.00722799049380507
NbyGQVwzFc_loc12_loop6,12,ITN 0%/IRS 0%/Larvicide 0%,0;0.4;0.4_0;0;0_0;0;0_-100;2;5475_-100;2;5475_-100;2;5475,32.5753424657534,Prevalence,0.00723135758321724
NbyGQVwzFc_loc12_loop6,12,ITN 0%/IRS 0%/Larvicide 0%,0;0.4;0.4_0;0;0_0;0;0_-100;2;5475_-100;2;5475_-100;2;5475,32.5780821917808,Prevalence,0.0072347299770732
NbyGQVwzFc_loc12_loop6,12,ITN 0%/IRS 0%/Larvicide 0%,0;0.4;0.4_0;0;0_0;0;0_-100;2;5475_-100;2;5475_-100;2;5475,32.5808219178082,Prevalence,0.00723810766855191
NbyGQVwzFc_loc12_loop6,12,ITN 0%/IRS 0%/Larvicide 0%,0;0.4;0.4_0;0;0_0;0;0_-100;2;5475_-100;2;5475_-100;2;5475,32.5835616438356,Prevalence,0.00724149065083422
NbyGQVwzFc_loc12_loop6,12,ITN 0%/IRS 0%/Larvicide 0%,0;0.4;0.4_0;0;0_0;0;0_-100;2;5475_-100;2;5475_-100;2;5475,32.586301369863,Prevalence,0.0072448789171028
NbyGQVwzFc_loc12_loop6,12,ITN 0%/IRS 0%/Larvicide 0%,0;0.4;0.4_0;0;0_0;0;0_-100;2;5475_-100;2;5475_-100;2;5475,32.5890410958904,Prevalence,0.00724827246054211
NbyGQVwzFc_loc12_loop6,12,ITN 0%/IRS 0%/Larvicide 0%,0;0.4;0.4_0;0;0_0;0;0_-100;2;5475_-100;2;5475_-100;2;5475,32.5917808219178,Prevalence,0.00725167127433828
NbyGQVwzFc_loc12_loop6,12,ITN 0%/IRS 0%/Larvicide 0%,0;0.4;0.4_0;0;0_0;0;0_-100;2;5475_-100;2;5475_-100;2;5475,32.5945205479452,Prevalence,0.00725507535167912
NbyGQVwzFc_loc12_loop6,12,ITN 0%/IRS 0%/Larvicide 0%,0;0.4;0.4_0;0;0_0;0;0_-100;2;5475_-100;2;5475_-100;2;5475,32.5972602739726,Prevalence,0.00725848468575401
NbyGQVwzFc_loc12_loop6,12,ITN 0%/IRS 0%/Larvicide 0%,0;0.4;0.4_0;0;0_0;0;0_-100;2;5475_-100;2;5475_-100;2;5475,32.6,Prevalence,0.00726189926975389
NbyGQVwzFc_loc12_loop6,12,ITN 0%/IRS 0%/Larvicide 0%,0;0.4;0.4_0;0;0_0;0;0_-100;2;5475_-100;2;5475_-100;2;5475,32.6027397260274,Prevalence,0.00726531909687117
NbyGQVwzFc_loc12_loop6,12,ITN 0%/IRS 0%/Larvicide 0%,0;0.4;0.4_0;0;0_0;0;0_-100;2;5475_-100;2;5475_-100;2;5475,32.6054794520548,Prevalence,0.00726874416029968
NbyGQVwzFc_loc12_loop6,12,ITN 0%/IRS 0%/Larvicide 0%,0;0.4;0.4_0;0;0_0;0;0_-100;2;5475_-100;2;5475_-100;2;5475,32.6082191780822,Prevalence,0.00727217445323466
NbyGQVwzFc_loc12_loop6,12,ITN 0%/IRS 0%/Larvicide 0%,0;0.4;0.4_0;0;0_0;0;0_-100;2;5475_-100;2;5475_-100;2;5475,32.6109589041096,Prevalence,0.00727560996887261
NbyGQVwzFc_loc12_loop6,12,ITN 0%/IRS 0%/Larvicide 0%,0;0.4;0.4_0;0;0_0;0;0_-100;2;5475_-100;2;5475_-100;2;5475,32.613698630137,Prevalence,0.00727905070041131
NbyGQVwzFc_loc12_loop6,12,ITN 0%/IRS 0%/Larvicide 0%,0;0.4;0.4_0;0;0_0;0;0_-100;2;5475_-100;2;5475_-100;2;5475,32.6164383561644,Prevalence,0.00728249664104979
NbyGQVwzFc_loc12_loop6,12,ITN 0%/IRS 0%/Larvicide 0%,0;0.4;0.4_0;0;0_0;0;0_-100;2;5475_-100;2;5475_-100;2;5475,32.6191780821918,Prevalence,0.00728594778398817
NbyGQVwzFc_loc12_loop6,12,ITN 0%/IRS 0%/Larvicide 0%,0;0.4;0.4_0;0;0_0;0;0_-100;2;5475_-100;2;5475_-100;2;5475,32.6219178082192,Prevalence,0.0072894041224277
NbyGQVwzFc_loc12_loop6,12,ITN 0%/IRS 0%/Larvicide 0%,0;0.4;0.4_0;0;0_0;0;0_-100;2;5475_-100;2;5475_-100;2;5475,32.6246575342466,Prevalence,0.00729286564957067
NbyGQVwzFc_loc12_loop6,12,ITN 0%/IRS 0%/Larvicide 0%,0;0.4;0.4_0;0;0_0;0;0_-100;2;5475_-100;2;5475_-100;2;5475,32.627397260274,Prevalence,0.00729633235862035
NbyGQVwzFc_loc12_loop6,12,ITN 0%/IRS 0%/Larvicide 0%,0;0.4;0.4_0;0;0_0;0;0_-100;2;5475_-100;2;5475_-100;2;5475,32.6301369863014,Prevalence,0.007299804242781
NbyGQVwzFc_loc12_loop6,12,ITN 0%/IRS 0%/Larvicide 0%,0;0.4;0.4_0;0;0_0;0;0_-100;2;5475_-100;2;5475_-100;2;5475,32.6328767123288,Prevalence,0.0073032812952577
NbyGQVwzFc_loc12_loop6,12,ITN 0%/IRS 0%/Larvicide 0%,0;0.4;0.4_0;0;0_0;0;0_-100;2;5475_-100;2;5475_-100;2;5475,32.6356164383562,Prevalence,0.00730676350925642
NbyGQVwzFc_loc12_loop6,12,ITN 0%/IRS 0%/Larvicide 0%,0;0.4;0.4_0;0;0_0;0;0_-100;2;5475_-100;2;5475_-100;2;5475,32.6383561643836,Prevalence,0.00731025087798386
NbyGQVwzFc_loc12_loop6,12,ITN 0%/IRS 0%/Larvicide 0%,0;0.4;0.4_0;0;0_0;0;0_-100;2;5475_-100;2;5475_-100;2;5475,32.641095890411,Prevalence,0.0073137433946475
NbyGQVwzFc_loc12_loop6,12,ITN 0%/IRS 0%/Larvicide 0%,0;0.4;0.4_0;0;0_0;0;0_-100;2;5475_-100;2;5475_-100;2;5475,32.6438356164384,Prevalence,0.00731724105245547
NbyGQVwzFc_loc12_loop6,12,ITN 0%/IRS 0%/Larvicide 0%,0;0.4;0.4_0;0;0_0;0;0_-100;2;5475_-100;2;5475_-100;2;5475,32.6465753424658,Prevalence,0.00732074384461656
NbyGQVwzFc_loc12_loop6,12,ITN 0%/IRS 0%/Larvicide 0%,0;0.4;0.4_0;0;0_0;0;0_-100;2;5475_-100;2;5475_-100;2;5475,32.6493150684932,Prevalence,0.0073242517643401
NbyGQVwzFc_loc12_loop6,12,ITN 0%/IRS 0%/Larvicide 0%,0;0.4;0.4_0;0;0_0;0;0_-100;2;5475_-100;2;5475_-100;2;5475,32.6520547945206,Prevalence,0.007327764804836
NbyGQVwzFc_loc12_loop6,12,ITN 0%/IRS 0%/Larvicide 0%,0;0.4;0.4_0;0;0_0;0;0_-100;2;5475_-100;2;5475_-100;2;5475,32.6547945205479,Prevalence,0.0073312829593146
NbyGQVwzFc_loc12_loop6,12,ITN 0%/IRS 0%/Larvicide 0%,0;0.4;0.4_0;0;0_0;0;0_-100;2;5475_-100;2;5475_-100;2;5475,32.6575342465753,Prevalence,0.00733480622098669
NbyGQVwzFc_loc12_loop6,12,ITN 0%/IRS 0%/Larvicide 0%,0;0.4;0.4_0;0;0_0;0;0_-100;2;5475_-100;2;5475_-100;2;5475,32.6602739726027,Prevalence,0.00733833458306345
NbyGQVwzFc_loc12_loop6,12,ITN 0%/IRS 0%/Larvicide 0%,0;0.4;0.4_0;0;0_0;0;0_-100;2;5475_-100;2;5475_-100;2;5475,32.6630136986301,Prevalence,0.0073418680387564
NbyGQVwzFc_loc12_loop6,12,ITN 0%/IRS 0%/Larvicide 0%,0;0.4;0.4_0;0;0_0;0;0_-100;2;5475_-100;2;5475_-100;2;5475,32.6657534246575,Prevalence,0.00734540658127731
NbyGQVwzFc_loc12_loop6,12,ITN 0%/IRS 0%/Larvicide 0%,0;0.4;0.4_0;0;0_0;0;0_-100;2;5475_-100;2;5475_-100;2;5475,32.6684931506849,Prevalence,0.00734895020383822
NbyGQVwzFc_loc12_loop6,12,ITN 0%/IRS 0%/Larvicide 0%,0;0.4;0.4_0;0;0_0;0;0_-100;2;5475_-100;2;5475_-100;2;5475,32.6712328767123,Prevalence,0.00735249889965134
NbyGQVwzFc_loc12_loop6,12,ITN 0%/IRS 0%/Larvicide 0%,0;0.4;0.4_0;0;0_0;0;0_-100;2;5475_-100;2;5475_-100;2;5475,32.6739726027397,Prevalence,0.00735605266192904
NbyGQVwzFc_loc12_loop6,12,ITN 0%/IRS 0%/Larvicide 0%,0;0.4;0.4_0;0;0_0;0;0_-100;2;5475_-100;2;5475_-100;2;5475,32.6767123287671,Prevalence,0.00735961148388373
NbyGQVwzFc_loc12_loop6,12,ITN 0%/IRS 0%/Larvicide 0%,0;0.4;0.4_0;0;0_0;0;0_-100;2;5475_-100;2;5475_-100;2;5475,32.6794520547945,Prevalence,0.00736317535872781
NbyGQVwzFc_loc12_loop6,12,ITN 0%/IRS 0%/Larvicide 0%,0;0.4;0.4_0;0;0_0;0;0_-100;2;5475_-100;2;5475_-100;2;5475,32.6821917808219,Prevalence,0.00736674427967373
NbyGQVwzFc_loc12_loop6,12,ITN 0%/IRS 0%/Larvicide 0%,0;0.4;0.4_0;0;0_0;0;0_-100;2;5475_-100;2;5475_-100;2;5475,32.6849315068493,Prevalence,0.00737031823993386
NbyGQVwzFc_loc12_loop6,12,ITN 0%/IRS 0%/Larvicide 0%,0;0.4;0.4_0;0;0_0;0;0_-100;2;5475_-100;2;5475_-100;2;5475,32.6876712328767,Prevalence,0.0073738972327205
NbyGQVwzFc_loc12_loop6,12,ITN 0%/IRS 0%/Larvicide 0%,0;0.4;0.4_0;0;0_0;0;0_-100;2;5475_-100;2;5475_-100;2;5475,32.6904109589041,Prevalence,0.00737748125124578
NbyGQVwzFc_loc12_loop6,12,ITN 0%/IRS 0%/Larvicide 0%,0;0.4;0.4_0;0;0_0;0;0_-100;2;5475_-100;2;5475_-100;2;5475,32.6931506849315,Prevalence,0.00738107028872168
NbyGQVwzFc_loc12_loop6,12,ITN 0%/IRS 0%/Larvicide 0%,0;0.4;0.4_0;0;0_0;0;0_-100;2;5475_-100;2;5475_-100;2;5475,32.6958904109589,Prevalence,0.00738466433835992
NbyGQVwzFc_loc12_loop6,12,ITN 0%/IRS 0%/Larvicide 0%,0;0.4;0.4_0;0;0_0;0;0_-100;2;5475_-100;2;5475_-100;2;5475,32.6986301369863,Prevalence,0.00738826339337199
NbyGQVwzFc_loc12_loop6,12,ITN 0%/IRS 0%/Larvicide 0%,0;0.4;0.4_0;0;0_0;0;0_-100;2;5475_-100;2;5475_-100;2;5475,32.7013698630137,Prevalence,0.00739186744696902
NbyGQVwzFc_loc12_loop6,12,ITN 0%/IRS 0%/Larvicide 0%,0;0.4;0.4_0;0;0_0;0;0_-100;2;5475_-100;2;5475_-100;2;5475,32.7041095890411,Prevalence,0.00739547649236179
NbyGQVwzFc_loc12_loop6,12,ITN 0%/IRS 0%/Larvicide 0%,0;0.4;0.4_0;0;0_0;0;0_-100;2;5475_-100;2;5475_-100;2;5475,32.7068493150685,Prevalence,0.0073990905227607
NbyGQVwzFc_loc12_loop6,12,ITN 0%/IRS 0%/Larvicide 0%,0;0.4;0.4_0;0;0_0;0;0_-100;2;5475_-100;2;5475_-100;2;5475,32.7095890410959,Prevalence,0.00740270953137566
NbyGQVwzFc_loc12_loop6,12,ITN 0%/IRS 0%/Larvicide 0%,0;0.4;0.4_0;0;0_0;0;0_-100;2;5475_-100;2;5475_-100;2;5475,32.7123287671233,Prevalence,0.00740633351141613
NbyGQVwzFc_loc12_loop6,12,ITN 0%/IRS 0%/Larvicide 0%,0;0.4;0.4_0;0;0_0;0;0_-100;2;5475_-100;2;5475_-100;2;5475,32.7150684931507,Prevalence,0.007409962456091
NbyGQVwzFc_loc12_loop6,12,ITN 0%/IRS 0%/Larvicide 0%,0;0.4;0.4_0;0;0_0;0;0_-100;2;5475_-100;2;5475_-100;2;5475,32.7178082191781,Prevalence,0.00741359635860861
NbyGQVwzFc_loc12_loop6,12,ITN 0%/IRS 0%/Larvicide 0%,0;0.4;0.4_0;0;0_0;0;0_-100;2;5475_-100;2;5475_-100;2;5475,32.7205479452055,Prevalence,0.00741723521217664
NbyGQVwzFc_loc12_loop6,12,ITN 0%/IRS 0%/Larvicide 0%,0;0.4;0.4_0;0;0_0;0;0_-100;2;5475_-100;2;5475_-100;2;5475,32.7232876712329,Prevalence,0.00742087901000217
NbyGQVwzFc_loc12_loop6,12,ITN 0%/IRS 0%/Larvicide 0%,0;0.4;0.4_0;0;0_0;0;0_-100;2;5475_-100;2;5475_-100;2;5475,32.7260273972603,Prevalence,0.00742452774529153
NbyGQVwzFc_loc12_loop6,12,ITN 0%/IRS 0%/Larvicide 0%,0;0.4;0.4_0;0;0_0;0;0_-100;2;5475_-100;2;5475_-100;2;5475,32.7287671232877,Prevalence,0.00742818141125031
NbyGQVwzFc_loc12_loop6,12,ITN 0%/IRS 0%/Larvicide 0%,0;0.4;0.4_0;0;0_0;0;0_-100;2;5475_-100;2;5475_-100;2;5475,32.7315068493151,Prevalence,0.00743184000108332
NbyGQVwzFc_loc12_loop6,12,ITN 0%/IRS 0%/Larvicide 0%,0;0.4;0.4_0;0;0_0;0;0_-100;2;5475_-100;2;5475_-100;2;5475,32.7342465753425,Prevalence,0.00743550350799455
NbyGQVwzFc_loc12_loop6,12,ITN 0%/IRS 0%/Larvicide 0%,0;0.4;0.4_0;0;0_0;0;0_-100;2;5475_-100;2;5475_-100;2;5475,32.7369863013699,Prevalence,0.00743917192518712
NbyGQVwzFc_loc12_loop6,12,ITN 0%/IRS 0%/Larvicide 0%,0;0.4;0.4_0;0;0_0;0;0_-100;2;5475_-100;2;5475_-100;2;5475,32.7397260273973,Prevalence,0.00744284524586323
NbyGQVwzFc_loc12_loop6,12,ITN 0%/IRS 0%/Larvicide 0%,0;0.4;0.4_0;0;0_0;0;0_-100;2;5475_-100;2;5475_-100;2;5475,32.7424657534247,Prevalence,0.00744652346322413
NbyGQVwzFc_loc12_loop6,12,ITN 0%/IRS 0%/Larvicide 0%,0;0.4;0.4_0;0;0_0;0;0_-100;2;5475_-100;2;5475_-100;2;5475,32.7452054794521,Prevalence,0.00745020657047011
NbyGQVwzFc_loc12_loop6,12,ITN 0%/IRS 0%/Larvicide 0%,0;0.4;0.4_0;0;0_0;0;0_-100;2;5475_-100;2;5475_-100;2;5475,32.7479452054795,Prevalence,0.0074538945608004
NbyGQVwzFc_loc12_loop6,12,ITN 0%/IRS 0%/Larvicide 0%,0;0.4;0.4_0;0;0_0;0;0_-100;2;5475_-100;2;5475_-100;2;5475,32.7506849315069,Prevalence,0.0074575874274132
NbyGQVwzFc_loc12_loop6,12,ITN 0%/IRS 0%/Larvicide 0%,0;0.4;0.4_0;0;0_0;0;0_-100;2;5475_-100;2;5475_-100;2;5475,32.7534246575343,Prevalence,0.00746128516350556
NbyGQVwzFc_loc12_loop6,12,ITN 0%/IRS 0%/Larvicide 0%,0;0.4;0.4_0;0;0_0;0;0_-100;2;5475_-100;2;5475_-100;2;5475,32.7561643835617,Prevalence,0.00746498776227344
NbyGQVwzFc_loc12_loop6,12,ITN 0%/IRS 0%/Larvicide 0%,0;0.4;0.4_0;0;0_0;0;0_-100;2;5475_-100;2;5475_-100;2;5475,32.758904109589,Prevalence,0.00746869521691157
NbyGQVwzFc_loc12_loop6,12,ITN 0%/IRS 0%/Larvicide 0%,0;0.4;0.4_0;0;0_0;0;0_-100;2;5475_-100;2;5475_-100;2;5475,32.7616438356164,Prevalence,0.00747240752061349
NbyGQVwzFc_loc12_loop6,12,ITN 0%/IRS 0%/Larvicide 0%,0;0.4;0.4_0;0;0_0;0;0_-100;2;5475_-100;2;5475_-100;2;5475,32.7643835616438,Prevalence,0.00747612466657145
NbyGQVwzFc_loc12_loop6,12,ITN 0%/IRS 0%/Larvicide 0%,0;0.4;0.4_0;0;0_0;0;0_-100;2;5475_-100;2;5475_-100;2;5475,32.7671232876712,Prevalence,0.00747984664797646
NbyGQVwzFc_loc12_loop6,12,ITN 0%/IRS 0%/Larvicide 0%,0;0.4;0.4_0;0;0_0;0;0_-100;2;5475_-100;2;5475_-100;2;5475,32.7698630136986,Prevalence,0.00748357345801815
NbyGQVwzFc_loc12_loop6,12,ITN 0%/IRS 0%/Larvicide 0%,0;0.4;0.4_0;0;0_0;0;0_-100;2;5475_-100;2;5475_-100;2;5475,32.772602739726,Prevalence,0.00748730508988481
NbyGQVwzFc_loc12_loop6,12,ITN 0%/IRS 0%/Larvicide 0%,0;0.4;0.4_0;0;0_0;0;0_-100;2;5475_-100;2;5475_-100;2;5475,32.7753424657534,Prevalence,0.0074910415367633
NbyGQVwzFc_loc12_loop6,12,ITN 0%/IRS 0%/Larvicide 0%,0;0.4;0.4_0;0;0_0;0;0_-100;2;5475_-100;2;5475_-100;2;5475,32.7780821917808,Prevalence,0.00749478279183907
NbyGQVwzFc_loc12_loop6,12,ITN 0%/IRS 0%/Larvicide 0%,0;0.4;0.4_0;0;0_0;0;0_-100;2;5475_-100;2;5475_-100;2;5475,32.7808219178082,Prevalence,0.00749852884829606
NbyGQVwzFc_loc12_loop6,12,ITN 0%/IRS 0%/Larvicide 0%,0;0.4;0.4_0;0;0_0;0;0_-100;2;5475_-100;2;5475_-100;2;5475,32.7835616438356,Prevalence,0.00750227969931671
NbyGQVwzFc_loc12_loop6,12,ITN 0%/IRS 0%/Larvicide 0%,0;0.4;0.4_0;0;0_0;0;0_-100;2;5475_-100;2;5475_-100;2;5475,32.786301369863,Prevalence,0.00750603533808193
NbyGQVwzFc_loc12_loop6,12,ITN 0%/IRS 0%/Larvicide 0%,0;0.4;0.4_0;0;0_0;0;0_-100;2;5475_-100;2;5475_-100;2;5475,32.7890410958904,Prevalence,0.00750979575777102
NbyGQVwzFc_loc12_loop6,12,ITN 0%/IRS 0%/Larvicide 0%,0;0.4;0.4_0;0;0_0;0;0_-100;2;5475_-100;2;5475_-100;2;5475,32.7917808219178,Prevalence,0.00751356095156167
NbyGQVwzFc_loc12_loop6,12,ITN 0%/IRS 0%/Larvicide 0%,0;0.4;0.4_0;0;0_0;0;0_-100;2;5475_-100;2;5475_-100;2;5475,32.7945205479452,Prevalence,0.00751733091262992
NbyGQVwzFc_loc12_loop6,12,ITN 0%/IRS 0%/Larvicide 0%,0;0.4;0.4_0;0;0_0;0;0_-100;2;5475_-100;2;5475_-100;2;5475,32.7972602739726,Prevalence,0.00752110563415011
NbyGQVwzFc_loc12_loop6,12,ITN 0%/IRS 0%/Larvicide 0%,0;0.4;0.4_0;0;0_0;0;0_-100;2;5475_-100;2;5475_-100;2;5475,32.8,Prevalence,0.0075248851092949
NbyGQVwzFc_loc12_loop6,12,ITN 0%/IRS 0%/Larvicide 0%,0;0.4;0.4_0;0;0_0;0;0_-100;2;5475_-100;2;5475_-100;2;5475,32.8027397260274,Prevalence,0.00752866933123514
NbyGQVwzFc_loc12_loop6,12,ITN 0%/IRS 0%/Larvicide 0%,0;0.4;0.4_0;0;0_0;0;0_-100;2;5475_-100;2;5475_-100;2;5475,32.8054794520548,Prevalence,0.00753245829313992
NbyGQVwzFc_loc12_loop6,12,ITN 0%/IRS 0%/Larvicide 0%,0;0.4;0.4_0;0;0_0;0;0_-100;2;5475_-100;2;5475_-100;2;5475,32.8082191780822,Prevalence,0.00753625198817646
NbyGQVwzFc_loc12_loop6,12,ITN 0%/IRS 0%/Larvicide 0%,0;0.4;0.4_0;0;0_0;0;0_-100;2;5475_-100;2;5475_-100;2;5475,32.8109589041096,Prevalence,0.0075400504095101
NbyGQVwzFc_loc12_loop6,12,ITN 0%/IRS 0%/Larvicide 0%,0;0.4;0.4_0;0;0_0;0;0_-100;2;5475_-100;2;5475_-100;2;5475,32.813698630137,Prevalence,0.00754385355030431
NbyGQVwzFc_loc12_loop6,12,ITN 0%/IRS 0%/Larvicide 0%,0;0.4;0.4_0;0;0_0;0;0_-100;2;5475_-100;2;5475_-100;2;5475,32.8164383561644,Prevalence,0.00754766140372063
NbyGQVwzFc_loc12_loop6,12,ITN 0%/IRS 0%/Larvicide 0%,0;0.4;0.4_0;0;0_0;0;0_-100;2;5475_-100;2;5475_-100;2;5475,32.8191780821918,Prevalence,0.00755147396291866
NbyGQVwzFc_loc12_loop6,12,ITN 0%/IRS 0%/Larvicide 0%,0;0.4;0.4_0;0;0_0;0;0_-100;2;5475_-100;2;5475_-100;2;5475,32.8219178082192,Prevalence,0.00755529122105602
NbyGQVwzFc_loc12_loop6,12,ITN 0%/IRS 0%/Larvicide 0%,0;0.4;0.4_0;0;0_0;0;0_-100;2;5475_-100;2;5475_-100;2;5475,32.8246575342466,Prevalence,0.00755911317128829
NbyGQVwzFc_loc12_loop6,12,ITN 0%/IRS 0%/Larvicide 0%,0;0.4;0.4_0;0;0_0;0;0_-100;2;5475_-100;2;5475_-100;2;5475,32.827397260274,Prevalence,0.00756293980676902
NbyGQVwzFc_loc12_loop6,12,ITN 0%/IRS 0%/Larvicide 0%,0;0.4;0.4_0;0;0_0;0;0_-100;2;5475_-100;2;5475_-100;2;5475,32.8301369863014,Prevalence,0.00756677112064969
NbyGQVwzFc_loc12_loop6,12,ITN 0%/IRS 0%/Larvicide 0%,0;0.4;0.4_0;0;0_0;0;0_-100;2;5475_-100;2;5475_-100;2;5475,32.8328767123288,Prevalence,0.00757060710607965
NbyGQVwzFc_loc12_loop6,12,ITN 0%/IRS 0%/Larvicide 0%,0;0.4;0.4_0;0;0_0;0;0_-100;2;5475_-100;2;5475_-100;2;5475,32.8356164383562,Prevalence,0.00757444775620613
NbyGQVwzFc_loc12_loop6,12,ITN 0%/IRS 0%/Larvicide 0%,0;0.4;0.4_0;0;0_0;0;0_-100;2;5475_-100;2;5475_-100;2;5475,32.8383561643836,Prevalence,0.00757829306417417
NbyGQVwzFc_loc12_loop6,12,ITN 0%/IRS 0%/Larvicide 0%,0;0.4;0.4_0;0;0_0;0;0_-100;2;5475_-100;2;5475_-100;2;5475,32.841095890411,Prevalence,0.00758214302312665
NbyGQVwzFc_loc12_loop6,12,ITN 0%/IRS 0%/Larvicide 0%,0;0.4;0.4_0;0;0_0;0;0_-100;2;5475_-100;2;5475_-100;2;5475,32.8438356164384,Prevalence,0.00758599762620416
NbyGQVwzFc_loc12_loop6,12,ITN 0%/IRS 0%/Larvicide 0%,0;0.4;0.4_0;0;0_0;0;0_-100;2;5475_-100;2;5475_-100;2;5475,32.8465753424658,Prevalence,0.00758985686654509
NbyGQVwzFc_loc12_loop6,12,ITN 0%/IRS 0%/Larvicide 0%,0;0.4;0.4_0;0;0_0;0;0_-100;2;5475_-100;2;5475_-100;2;5475,32.8493150684932,Prevalence,0.00759372073728552
NbyGQVwzFc_loc12_loop6,12,ITN 0%/IRS 0%/Larvicide 0%,0;0.4;0.4_0;0;0_0;0;0_-100;2;5475_-100;2;5475_-100;2;5475,32.8520547945206,Prevalence,0.0075975892315592
NbyGQVwzFc_loc12_loop6,12,ITN 0%/IRS 0%/Larvicide 0%,0;0.4;0.4_0;0;0_0;0;0_-100;2;5475_-100;2;5475_-100;2;5475,32.854794520548,Prevalence,0.00760146234249754
NbyGQVwzFc_loc12_loop6,12,ITN 0%/IRS 0%/Larvicide 0%,0;0.4;0.4_0;0;0_0;0;0_-100;2;5475_-100;2;5475_-100;2;5475,32.8575342465753,Prevalence,0.0076053400632296
NbyGQVwzFc_loc12_loop6,12,ITN 0%/IRS 0%/Larvicide 0%,0;0.4;0.4_0;0;0_0;0;0_-100;2;5475_-100;2;5475_-100;2;5475,32.8602739726027,Prevalence,0.00760922238688201
NbyGQVwzFc_loc12_loop6,12,ITN 0%/IRS 0%/Larvicide 0%,0;0.4;0.4_0;0;0_0;0;0_-100;2;5475_-100;2;5475_-100;2;5475,32.8630136986301,Prevalence,0.00761310930657897
NbyGQVwzFc_loc12_loop6,12,ITN 0%/IRS 0%/Larvicide 0%,0;0.4;0.4_0;0;0_0;0;0_-100;2;5475_-100;2;5475_-100;2;5475,32.8657534246575,Prevalence,0.00761700081544224
NbyGQVwzFc_loc12_loop6,12,ITN 0%/IRS 0%/Larvicide 0%,0;0.4;0.4_0;0;0_0;0;0_-100;2;5475_-100;2;5475_-100;2;5475,32.8684931506849,Prevalence,0.00762089690659106
NbyGQVwzFc_loc12_loop6,12,ITN 0%/IRS 0%/Larvicide 0%,0;0.4;0.4_0;0;0_0;0;0_-100;2;5475_-100;2;5475_-100;2;5475,32.8712328767123,Prevalence,0.00762479757314221
NbyGQVwzFc_loc12_loop6,12,ITN 0%/IRS 0%/Larvicide 0%,0;0.4;0.4_0;0;0_0;0;0_-100;2;5475_-100;2;5475_-100;2;5475,32.8739726027397,Prevalence,0.00762870280820989
NbyGQVwzFc_loc12_loop6,12,ITN 0%/IRS 0%/Larvicide 0%,0;0.4;0.4_0;0;0_0;0;0_-100;2;5475_-100;2;5475_-100;2;5475,32.8767123287671,Prevalence,0.00763261260490575
NbyGQVwzFc_loc12_loop6,12,ITN 0%/IRS 0%/Larvicide 0%,0;0.4;0.4_0;0;0_0;0;0_-100;2;5475_-100;2;5475_-100;2;5475,32.8794520547945,Prevalence,0.00763652695633883
NbyGQVwzFc_loc12_loop6,12,ITN 0%/IRS 0%/Larvicide 0%,0;0.4;0.4_0;0;0_0;0;0_-100;2;5475_-100;2;5475_-100;2;5475,32.8821917808219,Prevalence,0.00764044585561557
NbyGQVwzFc_loc12_loop6,12,ITN 0%/IRS 0%/Larvicide 0%,0;0.4;0.4_0;0;0_0;0;0_-100;2;5475_-100;2;5475_-100;2;5475,32.8849315068493,Prevalence,0.00764436929583976
NbyGQVwzFc_loc12_loop6,12,ITN 0%/IRS 0%/Larvicide 0%,0;0.4;0.4_0;0;0_0;0;0_-100;2;5475_-100;2;5475_-100;2;5475,32.8876712328767,Prevalence,0.0076482972701125
NbyGQVwzFc_loc12_loop6,12,ITN 0%/IRS 0%/Larvicide 0%,0;0.4;0.4_0;0;0_0;0;0_-100;2;5475_-100;2;5475_-100;2;5475,32.8904109589041,Prevalence,0.00765222977153223
NbyGQVwzFc_loc12_loop6,12,ITN 0%/IRS 0%/Larvicide 0%,0;0.4;0.4_0;0;0_0;0;0_-100;2;5475_-100;2;5475_-100;2;5475,32.8931506849315,Prevalence,0.00765616679319463
NbyGQVwzFc_loc12_loop6,12,ITN 0%/IRS 0%/Larvicide 0%,0;0.4;0.4_0;0;0_0;0;0_-100;2;5475_-100;2;5475_-100;2;5475,32.8958904109589,Prevalence,0.00766010832819266
NbyGQVwzFc_loc12_loop6,12,ITN 0%/IRS 0%/Larvicide 0%,0;0.4;0.4_0;0;0_0;0;0_-100;2;5475_-100;2;5475_-100;2;5475,32.8986301369863,Prevalence,0.00766405436961651
NbyGQVwzFc_loc12_loop6,12,ITN 0%/IRS 0%/Larvicide 0%,0;0.4;0.4_0;0;0_0;0;0_-100;2;5475_-100;2;5475_-100;2;5475,32.9013698630137,Prevalence,0.00766800491055355
NbyGQVwzFc_loc12_loop6,12,ITN 0%/IRS 0%/Larvicide 0%,0;0.4;0.4_0;0;0_0;0;0_-100;2;5475_-100;2;5475_-100;2;5475,32.9041095890411,Prevalence,0.00767195994408835
NbyGQVwzFc_loc12_loop6,12,ITN 0%/IRS 0%/Larvicide 0%,0;0.4;0.4_0;0;0_0;0;0_-100;2;5475_-100;2;5475_-100;2;5475,32.9068493150685,Prevalence,0.0076759194633026
NbyGQVwzFc_loc12_loop6,12,ITN 0%/IRS 0%/Larvicide 0%,0;0.4;0.4_0;0;0_0;0;0_-100;2;5475_-100;2;5475_-100;2;5475,32.9095890410959,Prevalence,0.00767988346127519
NbyGQVwzFc_loc12_loop6,12,ITN 0%/IRS 0%/Larvicide 0%,0;0.4;0.4_0;0;0_0;0;0_-100;2;5475_-100;2;5475_-100;2;5475,32.9123287671233,Prevalence,0.00768385193108207
NbyGQVwzFc_loc12_loop6,12,ITN 0%/IRS 0%/Larvicide 0%,0;0.4;0.4_0;0;0_0;0;0_-100;2;5475_-100;2;5475_-100;2;5475,32.9150684931507,Prevalence,0.00768782486579627
NbyGQVwzFc_loc12_loop6,12,ITN 0%/IRS 0%/Larvicide 0%,0;0.4;0.4_0;0;0_0;0;0_-100;2;5475_-100;2;5475_-100;2;5475,32.9178082191781,Prevalence,0.00769180225848792
NbyGQVwzFc_loc12_loop6,12,ITN 0%/IRS 0%/Larvicide 0%,0;0.4;0.4_0;0;0_0;0;0_-100;2;5475_-100;2;5475_-100;2;5475,32.9205479452055,Prevalence,0.00769578410222417
NbyGQVwzFc_loc12_loop6,12,ITN 0%/IRS 0%/Larvicide 0%,0;0.4;0.4_0;0;0_0;0;0_-100;2;5475_-100;2;5475_-100;2;5475,32.9232876712329,Prevalence,0.00769977039006915
NbyGQVwzFc_loc12_loop6,12,ITN 0%/IRS 0%/Larvicide 0%,0;0.4;0.4_0;0;0_0;0;0_-100;2;5475_-100;2;5475_-100;2;5475,32.9260273972603,Prevalence,0.00770376111508405
NbyGQVwzFc_loc12_loop6,12,ITN 0%/IRS 0%/Larvicide 0%,0;0.4;0.4_0;0;0_0;0;0_-100;2;5475_-100;2;5475_-100;2;5475,32.9287671232877,Prevalence,0.00770775627032699
NbyGQVwzFc_loc12_loop6,12,ITN 0%/IRS 0%/Larvicide 0%,0;0.4;0.4_0;0;0_0;0;0_-100;2;5475_-100;2;5475_-100;2;5475,32.9315068493151,Prevalence,0.00771175584885305
NbyGQVwzFc_loc12_loop6,12,ITN 0%/IRS 0%/Larvicide 0%,0;0.4;0.4_0;0;0_0;0;0_-100;2;5475_-100;2;5475_-100;2;5475,32.9342465753425,Prevalence,0.00771575984371425
NbyGQVwzFc_loc12_loop6,12,ITN 0%/IRS 0%/Larvicide 0%,0;0.4;0.4_0;0;0_0;0;0_-100;2;5475_-100;2;5475_-100;2;5475,32.9369863013699,Prevalence,0.00771976824795952
NbyGQVwzFc_loc12_loop6,12,ITN 0%/IRS 0%/Larvicide 0%,0;0.4;0.4_0;0;0_0;0;0_-100;2;5475_-100;2;5475_-100;2;5475,32.9397260273973,Prevalence,0.00772378105463463
NbyGQVwzFc_loc12_loop6,12,ITN 0%/IRS 0%/Larvicide 0%,0;0.4;0.4_0;0;0_0;0;0_-100;2;5475_-100;2;5475_-100;2;5475,32.9424657534247,Prevalence,0.00772779825678227
NbyGQVwzFc_loc12_loop6,12,ITN 0%/IRS 0%/Larvicide 0%,0;0.4;0.4_0;0;0_0;0;0_-100;2;5475_-100;2;5475_-100;2;5475,32.9452054794521,Prevalence,0.00773181984744198
NbyGQVwzFc_loc12_loop6,12,ITN 0%/IRS 0%/Larvicide 0%,0;0.4;0.4_0;0;0_0;0;0_-100;2;5475_-100;2;5475_-100;2;5475,32.9479452054795,Prevalence,0.00773584581965004
NbyGQVwzFc_loc12_loop6,12,ITN 0%/IRS 0%/Larvicide 0%,0;0.4;0.4_0;0;0_0;0;0_-100;2;5475_-100;2;5475_-100;2;5475,32.9506849315069,Prevalence,0.00773987616643956
NbyGQVwzFc_loc12_loop6,12,ITN 0%/IRS 0%/Larvicide 0%,0;0.4;0.4_0;0;0_0;0;0_-100;2;5475_-100;2;5475_-100;2;5475,32.9534246575343,Prevalence,0.00774391088084044
NbyGQVwzFc_loc12_loop6,12,ITN 0%/IRS 0%/Larvicide 0%,0;0.4;0.4_0;0;0_0;0;0_-100;2;5475_-100;2;5475_-100;2;5475,32.9561643835616,Prevalence,0.00774794995587932
NbyGQVwzFc_loc12_loop6,12,ITN 0%/IRS 0%/Larvicide 0%,0;0.4;0.4_0;0;0_0;0;0_-100;2;5475_-100;2;5475_-100;2;5475,32.958904109589,Prevalence,0.00775199338457961
NbyGQVwzFc_loc12_loop6,12,ITN 0%/IRS 0%/Larvicide 0%,0;0.4;0.4_0;0;0_0;0;0_-100;2;5475_-100;2;5475_-100;2;5475,32.9616438356164,Prevalence,0.00775604115996141
NbyGQVwzFc_loc12_loop6,12,ITN 0%/IRS 0%/Larvicide 0%,0;0.4;0.4_0;0;0_0;0;0_-100;2;5475_-100;2;5475_-100;2;5475,32.9643835616438,Prevalence,0.00776009327504158
NbyGQVwzFc_loc12_loop6,12,ITN 0%/IRS 0%/Larvicide 0%,0;0.4;0.4_0;0;0_0;0;0_-100;2;5475_-100;2;5475_-100;2;5475,32.9671232876712,Prevalence,0.00776414972283363
NbyGQVwzFc_loc12_loop6,12,ITN 0%/IRS 0%/Larvicide 0%,0;0.4;0.4_0;0;0_0;0;0_-100;2;5475_-100;2;5475_-100;2;5475,32.9698630136986,Prevalence,0.00776821049634774
NbyGQVwzFc_loc12_loop6,12,ITN 0%/IRS 0%/Larvicide 0%,0;0.4;0.4_0;0;0_0;0;0_-100;2;5475_-100;2;5475_-100;2;5475,32.972602739726,Prevalence,0.00777227558859076
NbyGQVwzFc_loc12_loop6,12,ITN 0%/IRS 0%/Larvicide 0%,0;0.4;0.4_0;0;0_0;0;0_-100;2;5475_-100;2;5475_-100;2;5475,32.9753424657534,Prevalence,0.00777634499256619
NbyGQVwzFc_loc12_loop6,12,ITN 0%/IRS 0%/Larvicide 0%,0;0.4;0.4_0;0;0_0;0;0_-100;2;5475_-100;2;5475_-100;2;5475,32.9780821917808,Prevalence,0.00778041870127409
NbyGQVwzFc_loc12_loop6,12,ITN 0%/IRS 0%/Larvicide 0%,0;0.4;0.4_0;0;0_0;0;0_-100;2;5475_-100;2;5475_-100;2;5475,32.9808219178082,Prevalence,0.00778449670771117
NbyGQVwzFc_loc12_loop6,12,ITN 0%/IRS 0%/Larvicide 0%,0;0.4;0.4_0;0;0_0;0;0_-100;2;5475_-100;2;5475_-100;2;5475,32.9835616438356,Prevalence,0.00778857900487069
NbyGQVwzFc_loc12_loop6,12,ITN 0%/IRS 0%/Larvicide 0%,0;0.4;0.4_0;0;0_0;0;0_-100;2;5475_-100;2;5475_-100;2;5475,32.986301369863,Prevalence,0.0077926655857425
NbyGQVwzFc_loc12_loop6,12,ITN 0%/IRS 0%/Larvicide 0%,0;0.4;0.4_0;0;0_0;0;0_-100;2;5475_-100;2;5475_-100;2;5475,32.9890410958904,Prevalence,0.00779675644331297
NbyGQVwzFc_loc12_loop6,12,ITN 0%/IRS 0%/Larvicide 0%,0;0.4;0.4_0;0;0_0;0;0_-100;2;5475_-100;2;5475_-100;2;5475,32.9917808219178,Prevalence,0.00780085157056503
NbyGQVwzFc_loc12_loop6,12,ITN 0%/IRS 0%/Larvicide 0%,0;0.4;0.4_0;0;0_0;0;0_-100;2;5475_-100;2;5475_-100;2;5475,32.9945205479452,Prevalence,0.00780495096047809
NbyGQVwzFc_loc12_loop6,12,ITN 0%/IRS 0%/Larvicide 0%,0;0.4;0.4_0;0;0_0;0;0_-100;2;5475_-100;2;5475_-100;2;5475,32.9972602739726,Prevalence,0.00780905460602808
NbyGQVwzFc_loc12_loop6,12,ITN 0%/IRS 0%/Larvicide 0%,0;0.4;0.4_0;0;0_0;0;0_-100;2;5475_-100;2;5475_-100;2;5475,33,Prevalence,0.00781316250018741
NbyGQVwzFc_loc12_loop6,12,ITN 0%/IRS 0%/Larvicide 0%,0;0.4;0.4_0;0;0_0;0;0_-100;2;5475_-100;2;5475_-100;2;5475,33.0027397260274,Prevalence,0.00781727463592487
NbyGQVwzFc_loc12_loop6,12,ITN 0%/IRS 0%/Larvicide 0%,0;0.4;0.4_0;0;0_0;0;0_-100;2;5475_-100;2;5475_-100;2;5475,33.0054794520548,Prevalence,0.00782139100620632
NbyGQVwzFc_loc12_loop6,12,ITN 0%/IRS 0%/Larvicide 0%,0;0.4;0.4_0;0;0_0;0;0_-100;2;5475_-100;2;5475_-100;2;5475,33.0082191780822,Prevalence,0.00782551160399286
NbyGQVwzFc_loc12_loop6,12,ITN 0%/IRS 0%/Larvicide 0%,0;0.4;0.4_0;0;0_0;0;0_-100;2;5475_-100;2;5475_-100;2;5475,33.0109589041096,Prevalence,0.00782963642224307
NbyGQVwzFc_loc12_loop6,12,ITN 0%/IRS 0%/Larvicide 0%,0;0.4;0.4_0;0;0_0;0;0_-100;2;5475_-100;2;5475_-100;2;5475,33.013698630137,Prevalence,0.00783376545391173
NbyGQVwzFc_loc12_loop6,12,ITN 0%/IRS 0%/Larvicide 0%,0;0.4;0.4_0;0;0_0;0;0_-100;2;5475_-100;2;5475_-100;2;5475,33.0164383561644,Prevalence,0.00783789869195007
NbyGQVwzFc_loc12_loop6,12,ITN 0%/IRS 0%/Larvicide 0%,0;0.4;0.4_0;0;0_0;0;0_-100;2;5475_-100;2;5475_-100;2;5475,33.0191780821918,Prevalence,0.00784203612930558
NbyGQVwzFc_loc12_loop6,12,ITN 0%/IRS 0%/Larvicide 0%,0;0.4;0.4_0;0;0_0;0;0_-100;2;5475_-100;2;5475_-100;2;5475,33.0219178082192,Prevalence,0.00784617775892209
NbyGQVwzFc_loc12_loop6,12,ITN 0%/IRS 0%/Larvicide 0%,0;0.4;0.4_0;0;0_0;0;0_-100;2;5475_-100;2;5475_-100;2;5475,33.0246575342466,Prevalence,0.00785032357374033
NbyGQVwzFc_loc12_loop6,12,ITN 0%/IRS 0%/Larvicide 0%,0;0.4;0.4_0;0;0_0;0;0_-100;2;5475_-100;2;5475_-100;2;5475,33.027397260274,Prevalence,0.0078544735666968
NbyGQVwzFc_loc12_loop6,12,ITN 0%/IRS 0%/Larvicide 0%,0;0.4;0.4_0;0;0_0;0;0_-100;2;5475_-100;2;5475_-100;2;5475,33.0301369863014,Prevalence,0.0078586277307241
NbyGQVwzFc_loc12_loop6,12,ITN 0%/IRS 0%/Larvicide 0%,0;0.4;0.4_0;0;0_0;0;0_-100;2;5475_-100;2;5475_-100;2;5475,33.0328767123288,Prevalence,0.00786223375019311
NbyGQVwzFc_loc12_loop6,12,ITN 0%/IRS 0%/Larvicide 0%,0;0.4;0.4_0;0;0_0;0;0_-100;2;5475_-100;2;5475_-100;2;5475,33.0356164383562,Prevalence,0.00785493955338947
NbyGQVwzFc_loc12_loop6,12,ITN 0%/IRS 0%/Larvicide 0%,0;0.4;0.4_0;0;0_0;0;0_-100;2;5475_-100;2;5475_-100;2;5475,33.0383561643836,Prevalence,0.00784816852513533
NbyGQVwzFc_loc12_loop6,12,ITN 0%/IRS 0%/Larvicide 0%,0;0.4;0.4_0;0;0_0;0;0_-100;2;5475_-100;2;5475_-100;2;5475,33.041095890411,Prevalence,0.00784174008486676
NbyGQVwzFc_loc12_loop6,12,ITN 0%/IRS 0%/Larvicide 0%,0;0.4;0.4_0;0;0_0;0;0_-100;2;5475_-100;2;5475_-100;2;5475,33.0438356164384,Prevalence,0.00783559485629305
NbyGQVwzFc_loc12_loop6,12,ITN 0%/IRS 0%/Larvicide 0%,0;0.4;0.4_0;0;0_0;0;0_-100;2;5475_-100;2;5475_-100;2;5475,33.0465753424658,Prevalence,0.00782968502433201
NbyGQVwzFc_loc12_loop6,12,ITN 0%/IRS 0%/Larvicide 0%,0;0.4;0.4_0;0;0_0;0;0_-100;2;5475_-100;2;5475_-100;2;5475,33.0493150684932,Prevalence,0.00782397215669232
NbyGQVwzFc_loc12_loop6,12,ITN 0%/IRS 0%/Larvicide 0%,0;0.4;0.4_0;0;0_0;0;0_-100;2;5475_-100;2;5475_-100;2;5475,33.0520547945206,Prevalence,0.00781842542865484
NbyGQVwzFc_loc12_loop6,12,ITN 0%/IRS 0%/Larvicide 0%,0;0.4;0.4_0;0;0_0;0;0_-100;2;5475_-100;2;5475_-100;2;5475,33.0547945205479,Prevalence,0.00781302066410654
NbyGQVwzFc_loc12_loop6,12,ITN 0%/IRS 0%/Larvicide 0%,0;0.4;0.4_0;0;0_0;0;0_-100;2;5475_-100;2;5475_-100;2;5475,33.0575342465753,Prevalence,0.00780765193428942
NbyGQVwzFc_loc12_loop6,12,ITN 0%/IRS 0%/Larvicide 0%,0;0.4;0.4_0;0;0_0;0;0_-100;2;5475_-100;2;5475_-100;2;5475,33.0602739726027,Prevalence,0.00780219550037663
NbyGQVwzFc_loc12_loop6,12,ITN 0%/IRS 0%/Larvicide 0%,0;0.4;0.4_0;0;0_0;0;0_-100;2;5475_-100;2;5475_-100;2;5475,33.0630136986301,Prevalence,0.00779664786545856
NbyGQVwzFc_loc12_loop6,12,ITN 0%/IRS 0%/Larvicide 0%,0;0.4;0.4_0;0;0_0;0;0_-100;2;5475_-100;2;5475_-100;2;5475,33.0657534246575,Prevalence,0.00779100878185771
NbyGQVwzFc_loc12_loop6,12,ITN 0%/IRS 0%/Larvicide 0%,0;0.4;0.4_0;0;0_0;0;0_-100;2;5475_-100;2;5475_-100;2;5475,33.0684931506849,Prevalence,0.00778528009103988
NbyGQVwzFc_loc12_loop6,12,ITN 0%/IRS 0%/Larvicide 0%,0;0.4;0.4_0;0;0_0;0;0_-100;2;5475_-100;2;5475_-100;2;5475,33.0712328767123,Prevalence,0.00777946521445354
NbyGQVwzFc_loc12_loop6,12,ITN 0%/IRS 0%/Larvicide 0%,0;0.4;0.4_0;0;0_0;0;0_-100;2;5475_-100;2;5475_-100;2;5475,33.0739726027397,Prevalence,0.00777356874658814
NbyGQVwzFc_loc12_loop6,12,ITN 0%/IRS 0%/Larvicide 0%,0;0.4;0.4_0;0;0_0;0;0_-100;2;5475_-100;2;5475_-100;2;5475,33.0767123287671,Prevalence,0.00776759612888154
NbyGQVwzFc_loc12_loop6,12,ITN 0%/IRS 0%/Larvicide 0%,0;0.4;0.4_0;0;0_0;0;0_-100;2;5475_-100;2;5475_-100;2;5475,33.0794520547945,Prevalence,0.00776155338866035
NbyGQVwzFc_loc12_loop6,12,ITN 0%/IRS 0%/Larvicide 0%,0;0.4;0.4_0;0;0_0;0;0_-100;2;5475_-100;2;5475_-100;2;5475,33.0821917808219,Prevalence,0.00775544693090228
NbyGQVwzFc_loc12_loop6,12,ITN 0%/IRS 0%/Larvicide 0%,0;0.4;0.4_0;0;0_0;0;0_-100;2;5475_-100;2;5475_-100;2;5475,33.0849315068493,Prevalence,0.00774928337301309
NbyGQVwzFc_loc12_loop6,12,ITN 0%/IRS 0%/Larvicide 0%,0;0.4;0.4_0;0;0_0;0;0_-100;2;5475_-100;2;5475_-100;2;5475,33.0876712328767,Prevalence,0.00774306941454065
NbyGQVwzFc_loc12_loop6,12,ITN 0%/IRS 0%/Larvicide 0%,0;0.4;0.4_0;0;0_0;0;0_-100;2;5475_-100;2;5475_-100;2;5475,33.0904109589041,Prevalence,0.00773671061463434
NbyGQVwzFc_loc12_loop6,12,ITN 0%/IRS 0%/Larvicide 0%,0;0.4;0.4_0;0;0_0;0;0_-100;2;5475_-100;2;5475_-100;2;5475,33.0931506849315,Prevalence,0.00772982353741958
NbyGQVwzFc_loc12_loop6,12,ITN 0%/IRS 0%/Larvicide 0%,0;0.4;0.4_0;0;0_0;0;0_-100;2;5475_-100;2;5475_-100;2;5475,33.0958904109589,Prevalence,0.00772244781230188
NbyGQVwzFc_loc12_loop6,12,ITN 0%/IRS 0%/Larvicide 0%,0;0.4;0.4_0;0;0_0;0;0_-100;2;5475_-100;2;5475_-100;2;5475,33.0986301369863,Prevalence,0.00771465807632287
NbyGQVwzFc_loc12_loop6,12,ITN 0%/IRS 0%/Larvicide 0%,0;0.4;0.4_0;0;0_0;0;0_-100;2;5475_-100;2;5475_-100;2;5475,33.1013698630137,Prevalence,0.00770651805873943
NbyGQVwzFc_loc12_loop6,12,ITN 0%/IRS 0%/Larvicide 0%,0;0.4;0.4_0;0;0_0;0;0_-100;2;5475_-100;2;5475_-100;2;5475,33.1041095890411,Prevalence,0.00769808233753682
NbyGQVwzFc_loc12_loop6,12,ITN 0%/IRS 0%/Larvicide 0%,0;0.4;0.4_0;0;0_0;0;0_-100;2;5475_-100;2;5475_-100;2;5475,33.1068493150685,Prevalence,0.00768939779266976
NbyGQVwzFc_loc12_loop6,12,ITN 0%/IRS 0%/Larvicide 0%,0;0.4;0.4_0;0;0_0;0;0_-100;2;5475_-100;2;5475_-100;2;5475,33.1095890410959,Prevalence,0.00768050481245217
NbyGQVwzFc_loc12_loop6,12,ITN 0%/IRS 0%/Larvicide 0%,0;0.4;0.4_0;0;0_0;0;0_-100;2;5475_-100;2;5475_-100;2;5475,33.1123287671233,Prevalence,0.00767143829656945
NbyGQVwzFc_loc12_loop6,12,ITN 0%/IRS 0%/Larvicide 0%,0;0.4;0.4_0;0;0_0;0;0_-100;2;5475_-100;2;5475_-100;2;5475,33.1150684931507,Prevalence,0.0076622284913929
NbyGQVwzFc_loc12_loop6,12,ITN 0%/IRS 0%/Larvicide 0%,0;0.4;0.4_0;0;0_0;0;0_-100;2;5475_-100;2;5475_-100;2;5475,33.1178082191781,Prevalence,0.00765290168689411
NbyGQVwzFc_loc12_loop6,12,ITN 0%/IRS 0%/Larvicide 0%,0;0.4;0.4_0;0;0_0;0;0_-100;2;5475_-100;2;5475_-100;2;5475,33.1205479452055,Prevalence,0.0076434807992191
NbyGQVwzFc_loc12_loop6,12,ITN 0%/IRS 0%/Larvicide 0%,0;0.4;0.4_0;0;0_0;0;0_-100;2;5475_-100;2;5475_-100;2;5475,33.1232876712329,Prevalence,0.00763398580804504
NbyGQVwzFc_loc12_loop6,12,ITN 0%/IRS 0%/Larvicide 0%,0;0.4;0.4_0;0;0_0;0;0_-100;2;5475_-100;2;5475_-100;2;5475,33.1260273972603,Prevalence,0.00762443330698344
NbyGQVwzFc_loc12_loop6,12,ITN 0%/IRS 0%/Larvicide 0%,0;0.4;0.4_0;0;0_0;0;0_-100;2;5475_-100;2;5475_-100;2;5475,33.1287671232877,Prevalence,0.00761483712789826
NbyGQVwzFc_loc12_loop6,12,ITN 0%/IRS 0%/Larvicide 0%,0;0.4;0.4_0;0;0_0;0;0_-100;2;5475_-100;2;5475_-100;2;5475,33.1315068493151,Prevalence,0.00760520945477636
NbyGQVwzFc_loc12_loop6,12,ITN 0%/IRS 0%/Larvicide 0%,0;0.4;0.4_0;0;0_0;0;0_-100;2;5475_-100;2;5475_-100;2;5475,33.1342465753425,Prevalence,0.00759556106438836
NbyGQVwzFc_loc12_loop6,12,ITN 0%/IRS 0%/Larvicide 0%,0;0.4;0.4_0;0;0_0;0;0_-100;2;5475_-100;2;5475_-100;2;5475,33.1369863013699,Prevalence,0.00758590150868903
NbyGQVwzFc_loc12_loop6,12,ITN 0%/IRS 0%/Larvicide 0%,0;0.4;0.4_0;0;0_0;0;0_-100;2;5475_-100;2;5475_-100;2;5475,33.1397260273973,Prevalence,0.0075762392701399
NbyGQVwzFc_loc12_loop6,12,ITN 0%/IRS 0%/Larvicide 0%,0;0.4;0.4_0;0;0_0;0;0_-100;2;5475_-100;2;5475_-100;2;5475,33.1424657534247,Prevalence,0.00756658189439156
NbyGQVwzFc_loc12_loop6,12,ITN 0%/IRS 0%/Larvicide 0%,0;0.4;0.4_0;0;0_0;0;0_-100;2;5475_-100;2;5475_-100;2;5475,33.1452054794521,Prevalence,0.0075569361038589
NbyGQVwzFc_loc12_loop6,12,ITN 0%/IRS 0%/Larvicide 0%,0;0.4;0.4_0;0;0_0;0;0_-100;2;5475_-100;2;5475_-100;2;5475,33.1479452054795,Prevalence,0.00754730787500581
NbyGQVwzFc_loc12_loop6,12,ITN 0%/IRS 0%/Larvicide 0%,0;0.4;0.4_0;0;0_0;0;0_-100;2;5475_-100;2;5475_-100;2;5475,33.1506849315069,Prevalence,0.00753770245533368
NbyGQVwzFc_loc12_loop6,12,ITN 0%/IRS 0%/Larvicide 0%,0;0.4;0.4_0;0;0_0;0;0_-100;2;5475_-100;2;5475_-100;2;5475,33.1534246575342,Prevalence,0.00752812442921118
NbyGQVwzFc_loc12_loop6,12,ITN 0%/IRS 0%/Larvicide 0%,0;0.4;0.4_0;0;0_0;0;0_-100;2;5475_-100;2;5475_-100;2;5475,33.1561643835616,Prevalence,0.00751857780281343
NbyGQVwzFc_loc12_loop6,12,ITN 0%/IRS 0%/Larvicide 0%,0;0.4;0.4_0;0;0_0;0;0_-100;2;5475_-100;2;5475_-100;2;5475,33.158904109589,Prevalence,0.00750906607769654
NbyGQVwzFc_loc12_loop6,12,ITN 0%/IRS 0%/Larvicide 0%,0;0.4;0.4_0;0;0_0;0;0_-100;2;5475_-100;2;5475_-100;2;5475,33.1616438356164,Prevalence,0.00749959231422694
NbyGQVwzFc_loc12_loop6,12,ITN 0%/IRS 0%/Larvicide 0%,0;0.4;0.4_0;0;0_0;0;0_-100;2;5475_-100;2;5475_-100;2;5475,33.1643835616438,Prevalence,0.0074901591863862
NbyGQVwzFc_loc12_loop6,12,ITN 0%/IRS 0%/Larvicide 0%,0;0.4;0.4_0;0;0_0;0;0_-100;2;5475_-100;2;5475_-100;2;5475,33.1671232876712,Prevalence,0.00748076902923018
NbyGQVwzFc_loc12_loop6,12,ITN 0%/IRS 0%/Larvicide 0%,0;0.4;0.4_0;0;0_0;0;0_-100;2;5475_-100;2;5475_-100;2;5475,33.1698630136986,Prevalence,0.00747142388007715
NbyGQVwzFc_loc12_loop6,12,ITN 0%/IRS 0%/Larvicide 0%,0;0.4;0.4_0;0;0_0;0;0_-100;2;5475_-100;2;5475_-100;2;5475,33.172602739726,Prevalence,0.00746212551432992
NbyGQVwzFc_loc12_loop6,12,ITN 0%/IRS 0%/Larvicide 0%,0;0.4;0.4_0;0;0_0;0;0_-100;2;5475_-100;2;5475_-100;2;5475,33.1753424657534,Prevalence,0.00745287547669603
NbyGQVwzFc_loc12_loop6,12,ITN 0%/IRS 0%/Larvicide 0%,0;0.4;0.4_0;0;0_0;0;0_-100;2;5475_-100;2;5475_-100;2;5475,33.1780821917808,Prevalence,0.00744367510845152
NbyGQVwzFc_loc12_loop6,12,ITN 0%/IRS 0%/Larvicide 0%,0;0.4;0.4_0;0;0_0;0;0_-100;2;5475_-100;2;5475_-100;2;5475,33.1808219178082,Prevalence,0.00743452554975073
NbyGQVwzFc_loc12_loop6,12,ITN 0%/IRS 0%/Larvicide 0%,0;0.4;0.4_0;0;0_0;0;0_-100;2;5475_-100;2;5475_-100;2;5475,33.1835616438356,Prevalence,0.00742542759575782
NbyGQVwzFc_loc12_loop6,12,ITN 0%/IRS 0%/Larvicide 0%,0;0.4;0.4_0;0;0_0;0;0_-100;2;5475_-100;2;5475_-100;2;5475,33.186301369863,Prevalence,0.00741638164612626
NbyGQVwzFc_loc12_loop6,12,ITN 0%/IRS 0%/Larvicide 0%,0;0.4;0.4_0;0;0_0;0;0_-100;2;5475_-100;2;5475_-100;2;5475,33.1890410958904,Prevalence,0.00740738780050065
NbyGQVwzFc_loc12_loop6,12,ITN 0%/IRS 0%/Larvicide 0%,0;0.4;0.4_0;0;0_0;0;0_-100;2;5475_-100;2;5475_-100;2;5475,33.1917808219178,Prevalence,0.00739844594066838
NbyGQVwzFc_loc12_loop6,12,ITN 0%/IRS 0%/Larvicide 0%,0;0.4;0.4_0;0;0_0;0;0_-100;2;5475_-100;2;5475_-100;2;5475,33.1945205479452,Prevalence,0.00738955579352692
NbyGQVwzFc_loc12_loop6,12,ITN 0%/IRS 0%/Larvicide 0%,0;0.4;0.4_0;0;0_0;0;0_-100;2;5475_-100;2;5475_-100;2;5475,33.1972602739726,Prevalence,0.00738071697908332
NbyGQVwzFc_loc12_loop6,12,ITN 0%/IRS 0%/Larvicide 0%,0;0.4;0.4_0;0;0_0;0;0_-100;2;5475_-100;2;5475_-100;2;5475,33.2,Prevalence,0.007371929046808
NbyGQVwzFc_loc12_loop6,12,ITN 0%/IRS 0%/Larvicide 0%,0;0.4;0.4_0;0;0_0;0;0_-100;2;5475_-100;2;5475_-100;2;5475,33.2027397260274,Prevalence,0.00736319150295292
NbyGQVwzFc_loc12_loop6,12,ITN 0%/IRS 0%/Larvicide 0%,0;0.4;0.4_0;0;0_0;0;0_-100;2;5475_-100;2;5475_-100;2;5475,33.2054794520548,Prevalence,0.00735450383088096
NbyGQVwzFc_loc12_loop6,12,ITN 0%/IRS 0%/Larvicide 0%,0;0.4;0.4_0;0;0_0;0;0_-100;2;5475_-100;2;5475_-100;2;5475,33.2082191780822,Prevalence,0.00734586550600934
NbyGQVwzFc_loc12_loop6,12,ITN 0%/IRS 0%/Larvicide 0%,0;0.4;0.4_0;0;0_0;0;0_-100;2;5475_-100;2;5475_-100;2;5475,33.2109589041096,Prevalence,0.0073372760066191
NbyGQVwzFc_loc12_loop6,12,ITN 0%/IRS 0%/Larvicide 0%,0;0.4;0.4_0;0;0_0;0;0_-100;2;5475_-100;2;5475_-100;2;5475,33.213698630137,Prevalence,0.00732873482149468
NbyGQVwzFc_loc12_loop6,12,ITN 0%/IRS 0%/Larvicide 0%,0;0.4;0.4_0;0;0_0;0;0_-100;2;5475_-100;2;5475_-100;2;5475,33.2164383561644,Prevalence,0.00732024145489965
NbyGQVwzFc_loc12_loop6,12,ITN 0%/IRS 0%/Larvicide 0%,0;0.4;0.4_0;0;0_0;0;0_-100;2;5475_-100;2;5475_-100;2;5475,33.2191780821918,Prevalence,0.00731179542924754
NbyGQVwzFc_loc12_loop6,12,ITN 0%/IRS 0%/Larvicide 0%,0;0.4;0.4_0;0;0_0;0;0_-100;2;5475_-100;2;5475_-100;2;5475,33.2219178082192,Prevalence,0.00730339628646927
NbyGQVwzFc_loc12_loop6,12,ITN 0%/IRS 0%/Larvicide 0%,0;0.4;0.4_0;0;0_0;0;0_-100;2;5475_-100;2;5475_-100;2;5475,33.2246575342466,Prevalence,0.00729504358861662
NbyGQVwzFc_loc12_loop6,12,ITN 0%/IRS 0%/Larvicide 0%,0;0.4;0.4_0;0;0_0;0;0_-100;2;5475_-100;2;5475_-100;2;5475,33.227397260274,Prevalence,0.00728673691792076
NbyGQVwzFc_loc12_loop6,12,ITN 0%/IRS 0%/Larvicide 0%,0;0.4;0.4_0;0;0_0;0;0_-100;2;5475_-100;2;5475_-100;2;5475,33.2301369863014,Prevalence,0.0072784758764644
NbyGQVwzFc_loc12_loop6,12,ITN 0%/IRS 0%/Larvicide 0%,0;0.4;0.4_0;0;0_0;0;0_-100;2;5475_-100;2;5475_-100;2;5475,33.2328767123288,Prevalence,0.00727026008558878
NbyGQVwzFc_loc12_loop6,12,ITN 0%/IRS 0%/Larvicide 0%,0;0.4;0.4_0;0;0_0;0;0_-100;2;5475_-100;2;5475_-100;2;5475,33.2356164383562,Prevalence,0.00726208918512517
NbyGQVwzFc_loc12_loop6,12,ITN 0%/IRS 0%/Larvicide 0%,0;0.4;0.4_0;0;0_0;0;0_-100;2;5475_-100;2;5475_-100;2;5475,33.2383561643836,Prevalence,0.00725396283251346
NbyGQVwzFc_loc12_loop6,12,ITN 0%/IRS 0%/Larvicide 0%,0;0.4;0.4_0;0;0_0;0;0_-100;2;5475_-100;2;5475_-100;2;5475,33.241095890411,Prevalence,0.00724588070182901
NbyGQVwzFc_loc12_loop6,12,ITN 0%/IRS 0%/Larvicide 0%,0;0.4;0.4_0;0;0_0;0;0_-100;2;5475_-100;2;5475_-100;2;5475,33.2438356164384,Prevalence,0.00723784248273542
NbyGQVwzFc_loc12_loop6,12,ITN 0%/IRS 0%/Larvicide 0%,0;0.4;0.4_0;0;0_0;0;0_-100;2;5475_-100;2;5475_-100;2;5475,33.2465753424658,Prevalence,0.00722984787940407
NbyGQVwzFc_loc12_loop6,12,ITN 0%/IRS 0%/Larvicide 0%,0;0.4;0.4_0;0;0_0;0;0_-100;2;5475_-100;2;5475_-100;2;5475,33.2493150684932,Prevalence,0.00722189660943617
NbyGQVwzFc_loc12_loop6,12,ITN 0%/IRS 0%/Larvicide 0%,0;0.4;0.4_0;0;0_0;0;0_-100;2;5475_-100;2;5475_-100;2;5475,33.2520547945206,Prevalence,0.00721398840281286
NbyGQVwzFc_loc12_loop6,12,ITN 0%/IRS 0%/Larvicide 0%,0;0.4;0.4_0;0;0_0;0;0_-100;2;5475_-100;2;5475_-100;2;5475,33.254794520548,Prevalence,0.00720612300088976
NbyGQVwzFc_loc12_loop6,12,ITN 0%/IRS 0%/Larvicide 0%,0;0.4;0.4_0;0;0_0;0;0_-100;2;5475_-100;2;5475_-100;2;5475,33.2575342465753,Prevalence,0.00719830015544634
NbyGQVwzFc_loc12_loop6,12,ITN 0%/IRS 0%/Larvicide 0%,0;0.4;0.4_0;0;0_0;0;0_-100;2;5475_-100;2;5475_-100;2;5475,33.2602739726027,Prevalence,0.00719051962779669
NbyGQVwzFc_loc12_loop6,12,ITN 0%/IRS 0%/Larvicide 0%,0;0.4;0.4_0;0;0_0;0;0_-100;2;5475_-100;2;5475_-100;2;5475,33.2630136986301,Prevalence,0.00718278118796556
NbyGQVwzFc_loc12_loop6,12,ITN 0%/IRS 0%/Larvicide 0%,0;0.4;0.4_0;0;0_0;0;0_-100;2;5475_-100;2;5475_-100;2;5475,33.2657534246575,Prevalence,0.00717508461392734
NbyGQVwzFc_loc12_loop6,12,ITN 0%/IRS 0%/Larvicide 0%,0;0.4;0.4_0;0;0_0;0;0_-100;2;5475_-100;2;5475_-100;2;5475,33.2684931506849,Prevalence,0.00716742969090812
NbyGQVwzFc_loc12_loop6,12,ITN 0%/IRS 0%/Larvicide 0%,0;0.4;0.4_0;0;0_0;0;0_-100;2;5475_-100;2;5475_-100;2;5475,33.2712328767123,Prevalence,0.0071598162107431
NbyGQVwzFc_loc12_loop6,12,ITN 0%/IRS 0%/Larvicide 0%,0;0.4;0.4_0;0;0_0;0;0_-100;2;5475_-100;2;5475_-100;2;5475,33.2739726027397,Prevalence,0.00715224397123103
NbyGQVwzFc_loc12_loop6,12,ITN 0%/IRS 0%/Larvicide 0%,0;0.4;0.4_0;0;0_0;0;0_-100;2;5475_-100;2;5475_-100;2;5475,33.2767123287671,Prevalence,0.00714471277541002
NbyGQVwzFc_loc12_loop6,12,ITN 0%/IRS 0%/Larvicide 0%,0;0.4;0.4_0;0;0_0;0;0_-100;2;5475_-100;2;5475_-100;2;5475,33.2794520547945,Prevalence,0.00713722243078534
NbyGQVwzFc_loc12_loop6,12,ITN 0%/IRS 0%/Larvicide 0%,0;0.4;0.4_0;0;0_0;0;0_-100;2;5475_-100;2;5475_-100;2;5475,33.2821917808219,Prevalence,0.00712977274856737
NbyGQVwzFc_loc12_loop6,12,ITN 0%/IRS 0%/Larvicide 0%,0;0.4;0.4_0;0;0_0;0;0_-100;2;5475_-100;2;5475_-100;2;5475,33.2849315068493,Prevalence,0.00712236354295802
NbyGQVwzFc_loc12_loop6,12,ITN 0%/IRS 0%/Larvicide 0%,0;0.4;0.4_0;0;0_0;0;0_-100;2;5475_-100;2;5475_-100;2;5475,33.2876712328767,Prevalence,0.00711499463050713
NbyGQVwzFc_loc12_loop6,12,ITN 0%/IRS 0%/Larvicide 0%,0;0.4;0.4_0;0;0_0;0;0_-100;2;5475_-100;2;5475_-100;2;5475,33.2904109589041,Prevalence,0.00710766582954946
NbyGQVwzFc_loc12_loop6,12,ITN 0%/IRS 0%/Larvicide 0%,0;0.4;0.4_0;0;0_0;0;0_-100;2;5475_-100;2;5475_-100;2;5475,33.2931506849315,Prevalence,0.007100376959725
NbyGQVwzFc_loc12_loop6,12,ITN 0%/IRS 0%/Larvicide 0%,0;0.4;0.4_0;0;0_0;0;0_-100;2;5475_-100;2;5475_-100;2;5475,33.2958904109589,Prevalence,0.00709312784158036
NbyGQVwzFc_loc12_loop6,12,ITN 0%/IRS 0%/Larvicide 0%,0;0.4;0.4_0;0;0_0;0;0_-100;2;5475_-100;2;5475_-100;2;5475,33.2986301369863,Prevalence,0.00708591829624594
NbyGQVwzFc_loc12_loop6,12,ITN 0%/IRS 0%/Larvicide 0%,0;0.4;0.4_0;0;0_0;0;0_-100;2;5475_-100;2;5475_-100;2;5475,33.3013698630137,Prevalence,0.00707874814518126
NbyGQVwzFc_loc12_loop6,12,ITN 0%/IRS 0%/Larvicide 0%,0;0.4;0.4_0;0;0_0;0;0_-100;2;5475_-100;2;5475_-100;2;5475,33.3041095890411,Prevalence,0.00707161720998265
NbyGQVwzFc_loc12_loop6,12,ITN 0%/IRS 0%/Larvicide 0%,0;0.4;0.4_0;0;0_0;0;0_-100;2;5475_-100;2;5475_-100;2;5475,33.3068493150685,Prevalence,0.00706452531224395
NbyGQVwzFc_loc12_loop6,12,ITN 0%/IRS 0%/Larvicide 0%,0;0.4;0.4_0;0;0_0;0;0_-100;2;5475_-100;2;5475_-100;2;5475,33.3095890410959,Prevalence,0.00705747227346159
NbyGQVwzFc_loc12_loop6,12,ITN 0%/IRS 0%/Larvicide 0%,0;0.4;0.4_0;0;0_0;0;0_-100;2;5475_-100;2;5475_-100;2;5475,33.3123287671233,Prevalence,0.00705045791497739
NbyGQVwzFc_loc12_loop6,12,ITN 0%/IRS 0%/Larvicide 0%,0;0.4;0.4_0;0;0_0;0;0_-100;2;5475_-100;2;5475_-100;2;5475,33.3150684931507,Prevalence,0.00704348205795206
NbyGQVwzFc_loc12_loop6,12,ITN 0%/IRS 0%/Larvicide 0%,0;0.4;0.4_0;0;0_0;0;0_-100;2;5475_-100;2;5475_-100;2;5475,33.3178082191781,Prevalence,0.00703654452336348
NbyGQVwzFc_loc12_loop6,12,ITN 0%/IRS 0%/Larvicide 0%,0;0.4;0.4_0;0;0_0;0;0_-100;2;5475_-100;2;5475_-100;2;5475,33.3205479452055,Prevalence,0.00702964513202477
NbyGQVwzFc_loc12_loop6,12,ITN 0%/IRS 0%/Larvicide 0%,0;0.4;0.4_0;0;0_0;0;0_-100;2;5475_-100;2;5475_-100;2;5475,33.3232876712329,Prevalence,0.00702278370461769
NbyGQVwzFc_loc12_loop6,12,ITN 0%/IRS 0%/Larvicide 0%,0;0.4;0.4_0;0;0_0;0;0_-100;2;5475_-100;2;5475_-100;2;5475,33.3260273972603,Prevalence,0.00701596006173765
NbyGQVwzFc_loc12_loop6,12,ITN 0%/IRS 0%/Larvicide 0%,0;0.4;0.4_0;0;0_0;0;0_-100;2;5475_-100;2;5475_-100;2;5475,33.3287671232877,Prevalence,0.0070091740239476
NbyGQVwzFc_loc12_loop6,12,ITN 0%/IRS 0%/Larvicide 0%,0;0.4;0.4_0;0;0_0;0;0_-100;2;5475_-100;2;5475_-100;2;5475,33.3315068493151,Prevalence,0.0070024254118377
NbyGQVwzFc_loc12_loop6,12,ITN 0%/IRS 0%/Larvicide 0%,0;0.4;0.4_0;0;0_0;0;0_-100;2;5475_-100;2;5475_-100;2;5475,33.3342465753425,Prevalence,0.00699571404608914
NbyGQVwzFc_loc12_loop6,12,ITN 0%/IRS 0%/Larvicide 0%,0;0.4;0.4_0;0;0_0;0;0_-100;2;5475_-100;2;5475_-100;2;5475,33.3369863013699,Prevalence,0.00698903974754009
NbyGQVwzFc_loc12_loop6,12,ITN 0%/IRS 0%/Larvicide 0%,0;0.4;0.4_0;0;0_0;0;0_-100;2;5475_-100;2;5475_-100;2;5475,33.3397260273973,Prevalence,0.00698240233725237
NbyGQVwzFc_loc12_loop6,12,ITN 0%/IRS 0%/Larvicide 0%,0;0.4;0.4_0;0;0_0;0;0_-100;2;5475_-100;2;5475_-100;2;5475,33.3424657534247,Prevalence,0.00697580163657776
NbyGQVwzFc_loc12_loop6,12,ITN 0%/IRS 0%/Larvicide 0%,0;0.4;0.4_0;0;0_0;0;0_-100;2;5475_-100;2;5475_-100;2;5475,33.3452054794521,Prevalence,0.0069692374672223
NbyGQVwzFc_loc12_loop6,12,ITN 0%/IRS 0%/Larvicide 0%,0;0.4;0.4_0;0;0_0;0;0_-100;2;5475_-100;2;5475_-100;2;5475,33.3479452054795,Prevalence,0.00696270965130972
NbyGQVwzFc_loc12_loop6,12,ITN 0%/IRS 0%/Larvicide 0%,0;0.4;0.4_0;0;0_0;0;0_-100;2;5475_-100;2;5475_-100;2;5475,33.3506849315069,Prevalence,0.00695621801144243
NbyGQVwzFc_loc12_loop6,12,ITN 0%/IRS 0%/Larvicide 0%,0;0.4;0.4_0;0;0_0;0;0_-100;2;5475_-100;2;5475_-100;2;5475,33.3534246575343,Prevalence,0.00694976237075883
NbyGQVwzFc_loc12_loop6,12,ITN 0%/IRS 0%/Larvicide 0%,0;0.4;0.4_0;0;0_0;0;0_-100;2;5475_-100;2;5475_-100;2;5475,33.3561643835616,Prevalence,0.00694334255298772
NbyGQVwzFc_loc12_loop6,12,ITN 0%/IRS 0%/Larvicide 0%,0;0.4;0.4_0;0;0_0;0;0_-100;2;5475_-100;2;5475_-100;2;5475,33.358904109589,Prevalence,0.00693695838249937
NbyGQVwzFc_loc12_loop6,12,ITN 0%/IRS 0%/Larvicide 0%,0;0.4;0.4_0;0;0_0;0;0_-100;2;5475_-100;2;5475_-100;2;5475,33.3616438356164,Prevalence,0.00693060968435334
NbyGQVwzFc_loc12_loop6,12,ITN 0%/IRS 0%/Larvicide 0%,0;0.4;0.4_0;0;0_0;0;0_-100;2;5475_-100;2;5475_-100;2;5475,33.3643835616438,Prevalence,0.00692429628434273
NbyGQVwzFc_loc12_loop6,12,ITN 0%/IRS 0%/Larvicide 0%,0;0.4;0.4_0;0;0_0;0;0_-100;2;5475_-100;2;5475_-100;2;5475,33.3671232876712,Prevalence,0.00691801800903512
NbyGQVwzFc_loc12_loop6,12,ITN 0%/IRS 0%/Larvicide 0%,0;0.4;0.4_0;0;0_0;0;0_-100;2;5475_-100;2;5475_-100;2;5475,33.3698630136986,Prevalence,0.00691177468580994
NbyGQVwzFc_loc12_loop6,12,ITN 0%/IRS 0%/Larvicide 0%,0;0.4;0.4_0;0;0_0;0;0_-100;2;5475_-100;2;5475_-100;2;5475,33.372602739726,Prevalence,0.00690556614289231
NbyGQVwzFc_loc12_loop6,12,ITN 0%/IRS 0%/Larvicide 0%,0;0.4;0.4_0;0;0_0;0;0_-100;2;5475_-100;2;5475_-100;2;5475,33.3753424657534,Prevalence,0.00689939220938324
NbyGQVwzFc_loc12_loop6,12,ITN 0%/IRS 0%/Larvicide 0%,0;0.4;0.4_0;0;0_0;0;0_-100;2;5475_-100;2;5475_-100;2;5475,33.3780821917808,Prevalence,0.00689325271528647
NbyGQVwzFc_loc12_loop6,12,ITN 0%/IRS 0%/Larvicide 0%,0;0.4;0.4_0;0;0_0;0;0_-100;2;5475_-100;2;5475_-100;2;5475,33.3808219178082,Prevalence,0.00688714749153165
NbyGQVwzFc_loc12_loop6,12,ITN 0%/IRS 0%/Larvicide 0%,0;0.4;0.4_0;0;0_0;0;0_-100;2;5475_-100;2;5475_-100;2;5475,33.3835616438356,Prevalence,0.00688107636999438
NbyGQVwzFc_loc12_loop6,12,ITN 0%/IRS 0%/Larvicide 0%,0;0.4;0.4_0;0;0_0;0;0_-100;2;5475_-100;2;5475_-100;2;5475,33.386301369863,Prevalence,0.00687503918351299
NbyGQVwzFc_loc12_loop6,12,ITN 0%/IRS 0%/Larvicide 0%,0;0.4;0.4_0;0;0_0;0;0_-100;2;5475_-100;2;5475_-100;2;5475,33.3890410958904,Prevalence,0.00686903576590216
NbyGQVwzFc_loc12_loop6,12,ITN 0%/IRS 0%/Larvicide 0%,0;0.4;0.4_0;0;0_0;0;0_-100;2;5475_-100;2;5475_-100;2;5475,33.3917808219178,Prevalence,0.00686306595196372
NbyGQVwzFc_loc12_loop6,12,ITN 0%/IRS 0%/Larvicide 0%,0;0.4;0.4_0;0;0_0;0;0_-100;2;5475_-100;2;5475_-100;2;5475,33.3945205479452,Prevalence,0.00685712957749646
NbyGQVwzFc_loc12_loop6,12,ITN 0%/IRS 0%/Larvicide 0%,0;0.4;0.4_0;0;0_0;0;0_-100;2;5475_-100;2;5475_-100;2;5475,33.3972602739726,Prevalence,0.00685122647930209
NbyGQVwzFc_loc12_loop6,12,ITN 0%/IRS 0%/Larvicide 0%,0;0.4;0.4_0;0;0_0;0;0_-100;2;5475_-100;2;5475_-100;2;5475,33.4,Prevalence,0.0068453564951896
NbyGQVwzFc_loc12_loop6,12,ITN 0%/IRS 0%/Larvicide 0%,0;0.4;0.4_0;0;0_0;0;0_-100;2;5475_-100;2;5475_-100;2;5475,33.4027397260274,Prevalence,0.00683951946397776
NbyGQVwzFc_loc12_loop6,12,ITN 0%/IRS 0%/Larvicide 0%,0;0.4;0.4_0;0;0_0;0;0_-100;2;5475_-100;2;5475_-100;2;5475,33.4054794520548,Prevalence,0.00683371522549611
NbyGQVwzFc_loc12_loop6,12,ITN 0%/IRS 0%/Larvicide 0%,0;0.4;0.4_0;0;0_0;0;0_-100;2;5475_-100;2;5475_-100;2;5475,33.4082191780822,Prevalence,0.00682794362058452
NbyGQVwzFc_loc12_loop6,12,ITN 0%/IRS 0%/Larvicide 0%,0;0.4;0.4_0;0;0_0;0;0_-100;2;5475_-100;2;5475_-100;2;5475,33.4109589041096,Prevalence,0.00682220449109146
NbyGQVwzFc_loc12_loop6,12,ITN 0%/IRS 0%/Larvicide 0%,0;0.4;0.4_0;0;0_0;0;0_-100;2;5475_-100;2;5475_-100;2;5475,33.413698630137,Prevalence,0.00681649767987133
NbyGQVwzFc_loc12_loop6,12,ITN 0%/IRS 0%/Larvicide 0%,0;0.4;0.4_0;0;0_0;0;0_-100;2;5475_-100;2;5475_-100;2;5475,33.4164383561644,Prevalence,0.00681082303078078
NbyGQVwzFc_loc12_loop6,12,ITN 0%/IRS 0%/Larvicide 0%,0;0.4;0.4_0;0;0_0;0;0_-100;2;5475_-100;2;5475_-100;2;5475,33.4191780821918,Prevalence,0.00680518038867444
NbyGQVwzFc_loc12_loop6,12,ITN 0%/IRS 0%/Larvicide 0%,0;0.4;0.4_0;0;0_0;0;0_-100;2;5475_-100;2;5475_-100;2;5475,33.4219178082192,Prevalence,0.00679956959939983
NbyGQVwzFc_loc12_loop6,12,ITN 0%/IRS 0%/Larvicide 0%,0;0.4;0.4_0;0;0_0;0;0_-100;2;5475_-100;2;5475_-100;2;5475,33.4246575342466,Prevalence,0.00679399050979193
NbyGQVwzFc_loc12_loop6,12,ITN 0%/IRS 0%/Larvicide 0%,0;0.4;0.4_0;0;0_0;0;0_-100;2;5475_-100;2;5475_-100;2;5475,33.427397260274,Prevalence,0.00678844296766717
NbyGQVwzFc_loc12_loop6,12,ITN 0%/IRS 0%/Larvicide 0%,0;0.4;0.4_0;0;0_0;0;0_-100;2;5475_-100;2;5475_-100;2;5475,33.4301369863014,Prevalence,0.00678292682181725
NbyGQVwzFc_loc12_loop6,12,ITN 0%/IRS 0%/Larvicide 0%,0;0.4;0.4_0;0;0_0;0;0_-100;2;5475_-100;2;5475_-100;2;5475,33.4328767123288,Prevalence,0.00677744192200249
NbyGQVwzFc_loc12_loop6,12,ITN 0%/IRS 0%/Larvicide 0%,0;0.4;0.4_0;0;0_0;0;0_-100;2;5475_-100;2;5475_-100;2;5475,33.4356164383562,Prevalence,0.00677198811894454
NbyGQVwzFc_loc12_loop6,12,ITN 0%/IRS 0%/Larvicide 0%,0;0.4;0.4_0;0;0_0;0;0_-100;2;5475_-100;2;5475_-100;2;5475,33.4383561643836,Prevalence,0.0067665652643203
NbyGQVwzFc_loc12_loop6,12,ITN 0%/IRS 0%/Larvicide 0%,0;0.4;0.4_0;0;0_0;0;0_-100;2;5475_-100;2;5475_-100;2;5475,33.441095890411,Prevalence,0.00676117321075506
NbyGQVwzFc_loc12_loop6,12,ITN 0%/IRS 0%/Larvicide 0%,0;0.4;0.4_0;0;0_0;0;0_-100;2;5475_-100;2;5475_-100;2;5475,33.4438356164384,Prevalence,0.00675581181181534
NbyGQVwzFc_loc12_loop6,12,ITN 0%/IRS 0%/Larvicide 0%,0;0.4;0.4_0;0;0_0;0;0_-100;2;5475_-100;2;5475_-100;2;5475,33.4465753424658,Prevalence,0.00675048092200182
NbyGQVwzFc_loc12_loop6,12,ITN 0%/IRS 0%/Larvicide 0%,0;0.4;0.4_0;0;0_0;0;0_-100;2;5475_-100;2;5475_-100;2;5475,33.4493150684932,Prevalence,0.00674518039674236
NbyGQVwzFc_loc12_loop6,12,ITN 0%/IRS 0%/Larvicide 0%,0;0.4;0.4_0;0;0_0;0;0_-100;2;5475_-100;2;5475_-100;2;5475,33.4520547945206,Prevalence,0.00673991009238503
NbyGQVwzFc_loc12_loop6,12,ITN 0%/IRS 0%/Larvicide 0%,0;0.4;0.4_0;0;0_0;0;0_-100;2;5475_-100;2;5475_-100;2;5475,33.4547945205479,Prevalence,0.00673466986619116
NbyGQVwzFc_loc12_loop6,12,ITN 0%/IRS 0%/Larvicide 0%,0;0.4;0.4_0;0;0_0;0;0_-100;2;5475_-100;2;5475_-100;2;5475,33.4575342465753,Prevalence,0.0067294595763285
NbyGQVwzFc_loc12_loop6,12,ITN 0%/IRS 0%/Larvicide 0%,0;0.4;0.4_0;0;0_0;0;0_-100;2;5475_-100;2;5475_-100;2;5475,33.4602739726027,Prevalence,0.00672427908186444
NbyGQVwzFc_loc12_loop6,12,ITN 0%/IRS 0%/Larvicide 0%,0;0.4;0.4_0;0;0_0;0;0_-100;2;5475_-100;2;5475_-100;2;5475,33.4630136986301,Prevalence,0.0067191282427593
NbyGQVwzFc_loc12_loop6,12,ITN 0%/IRS 0%/Larvicide 0%,0;0.4;0.4_0;0;0_0;0;0_-100;2;5475_-100;2;5475_-100;2;5475,33.4657534246575,Prevalence,0.00671400691985979
NbyGQVwzFc_loc12_loop6,12,ITN 0%/IRS 0%/Larvicide 0%,0;0.4;0.4_0;0;0_0;0;0_-100;2;5475_-100;2;5475_-100;2;5475,33.4684931506849,Prevalence,0.0067089149748924
NbyGQVwzFc_loc12_loop6,12,ITN 0%/IRS 0%/Larvicide 0%,0;0.4;0.4_0;0;0_0;0;0_-100;2;5475_-100;2;5475_-100;2;5475,33.4712328767123,Prevalence,0.00670385227045709
NbyGQVwzFc_loc12_loop6,12,ITN 0%/IRS 0%/Larvicide 0%,0;0.4;0.4_0;0;0_0;0;0_-100;2;5475_-100;2;5475_-100;2;5475,33.4739726027397,Prevalence,0.00669881867002096
NbyGQVwzFc_loc12_loop6,12,ITN 0%/IRS 0%/Larvicide 0%,0;0.4;0.4_0;0;0_0;0;0_-100;2;5475_-100;2;5475_-100;2;5475,33.4767123287671,Prevalence,0.00669381403791202
NbyGQVwzFc_loc12_loop6,12,ITN 0%/IRS 0%/Larvicide 0%,0;0.4;0.4_0;0;0_0;0;0_-100;2;5475_-100;2;5475_-100;2;5475,33.4794520547945,Prevalence,0.00668883823931305
NbyGQVwzFc_loc12_loop6,12,ITN 0%/IRS 0%/Larvicide 0%,0;0.4;0.4_0;0;0_0;0;0_-100;2;5475_-100;2;5475_-100;2;5475,33.4821917808219,Prevalence,0.00668389114025497
NbyGQVwzFc_loc12_loop6,12,ITN 0%/IRS 0%/Larvicide 0%,0;0.4;0.4_0;0;0_0;0;0_-100;2;5475_-100;2;5475_-100;2;5475,33.4849315068493,Prevalence,0.0066789726076119
NbyGQVwzFc_loc12_loop6,12,ITN 0%/IRS 0%/Larvicide 0%,0;0.4;0.4_0;0;0_0;0;0_-100;2;5475_-100;2;5475_-100;2;5475,33.4876712328767,Prevalence,0.00667408250909511
NbyGQVwzFc_loc12_loop6,12,ITN 0%/IRS 0%/Larvicide 0%,0;0.4;0.4_0;0;0_0;0;0_-100;2;5475_-100;2;5475_-100;2;5475,33.4904109589041,Prevalence,0.0066692207132472
NbyGQVwzFc_loc12_loop6,12,ITN 0%/IRS 0%/Larvicide 0%,0;0.4;0.4_0;0;0_0;0;0_-100;2;5475_-100;2;5475_-100;2;5475,33.4931506849315,Prevalence,0.00666438708943634
NbyGQVwzFc_loc12_loop6,12,ITN 0%/IRS 0%/Larvicide 0%,0;0.4;0.4_0;0;0_0;0;0_-100;2;5475_-100;2;5475_-100;2;5475,33.4958904109589,Prevalence,0.00665958150785069
NbyGQVwzFc_loc12_loop6,12,ITN 0%/IRS 0%/Larvicide 0%,0;0.4;0.4_0;0;0_0;0;0_-100;2;5475_-100;2;5475_-100;2;5475,33.4986301369863,Prevalence,0.00665480383949287
NbyGQVwzFc_loc12_loop6,12,ITN 0%/IRS 0%/Larvicide 0%,0;0.4;0.4_0;0;0_0;0;0_-100;2;5475_-100;2;5475_-100;2;5475,33.5013698630137,Prevalence,0.00665005395617443
NbyGQVwzFc_loc12_loop6,12,ITN 0%/IRS 0%/Larvicide 0%,0;0.4;0.4_0;0;0_0;0;0_-100;2;5475_-100;2;5475_-100;2;5475,33.5041095890411,Prevalence,0.00664533173051047
NbyGQVwzFc_loc12_loop6,12,ITN 0%/IRS 0%/Larvicide 0%,0;0.4;0.4_0;0;0_0;0;0_-100;2;5475_-100;2;5475_-100;2;5475,33.5068493150685,Prevalence,0.00664063703591427
NbyGQVwzFc_loc12_loop6,12,ITN 0%/IRS 0%/Larvicide 0%,0;0.4;0.4_0;0;0_0;0;0_-100;2;5475_-100;2;5475_-100;2;5475,33.5095890410959,Prevalence,0.00663596974659191
NbyGQVwzFc_loc12_loop6,12,ITN 0%/IRS 0%/Larvicide 0%,0;0.4;0.4_0;0;0_0;0;0_-100;2;5475_-100;2;5475_-100;2;5475,33.5123287671233,Prevalence,0.0066313297375371
NbyGQVwzFc_loc12_loop6,12,ITN 0%/IRS 0%/Larvicide 0%,0;0.4;0.4_0;0;0_0;0;0_-100;2;5475_-100;2;5475_-100;2;5475,33.5150684931507,Prevalence,0.00662671688452589
NbyGQVwzFc_loc12_loop6,12,ITN 0%/IRS 0%/Larvicide 0%,0;0.4;0.4_0;0;0_0;0;0_-100;2;5475_-100;2;5475_-100;2;5475,33.5178082191781,Prevalence,0.00662213106411151
NbyGQVwzFc_loc12_loop6,12,ITN 0%/IRS 0%/Larvicide 0%,0;0.4;0.4_0;0;0_0;0;0_-100;2;5475_-100;2;5475_-100;2;5475,33.5205479452055,Prevalence,0.00661757215361926
NbyGQVwzFc_loc12_loop6,12,ITN 0%/IRS 0%/Larvicide 0%,0;0.4;0.4_0;0;0_0;0;0_-100;2;5475_-100;2;5475_-100;2;5475,33.5232876712329,Prevalence,0.00661304003114135
NbyGQVwzFc_loc12_loop6,12,ITN 0%/IRS 0%/Larvicide 0%,0;0.4;0.4_0;0;0_0;0;0_-100;2;5475_-100;2;5475_-100;2;5475,33.5260273972603,Prevalence,0.0066085345755319
NbyGQVwzFc_loc12_loop6,12,ITN 0%/IRS 0%/Larvicide 0%,0;0.4;0.4_0;0;0_0;0;0_-100;2;5475_-100;2;5475_-100;2;5475,33.5287671232877,Prevalence,0.00660405566640141
NbyGQVwzFc_loc12_loop6,12,ITN 0%/IRS 0%/Larvicide 0%,0;0.4;0.4_0;0;0_0;0;0_-100;2;5475_-100;2;5475_-100;2;5475,33.5315068493151,Prevalence,0.00659960318411232
NbyGQVwzFc_loc12_loop6,12,ITN 0%/IRS 0%/Larvicide 0%,0;0.4;0.4_0;0;0_0;0;0_-100;2;5475_-100;2;5475_-100;2;5475,33.5342465753425,Prevalence,0.00659517700977428
NbyGQVwzFc_loc12_loop6,12,ITN 0%/IRS 0%/Larvicide 0%,0;0.4;0.4_0;0;0_0;0;0_-100;2;5475_-100;2;5475_-100;2;5475,33.5369863013699,Prevalence,0.00659077702523897
NbyGQVwzFc_loc12_loop6,12,ITN 0%/IRS 0%/Larvicide 0%,0;0.4;0.4_0;0;0_0;0;0_-100;2;5475_-100;2;5475_-100;2;5475,33.5397260273973,Prevalence,0.0065864031130951
NbyGQVwzFc_loc12_loop6,12,ITN 0%/IRS 0%/Larvicide 0%,0;0.4;0.4_0;0;0_0;0;0_-100;2;5475_-100;2;5475_-100;2;5475,33.5424657534247,Prevalence,0.00658205515666371
NbyGQVwzFc_loc12_loop6,12,ITN 0%/IRS 0%/Larvicide 0%,0;0.4;0.4_0;0;0_0;0;0_-100;2;5475_-100;2;5475_-100;2;5475,33.5452054794521,Prevalence,0.00657773303999318
NbyGQVwzFc_loc12_loop6,12,ITN 0%/IRS 0%/Larvicide 0%,0;0.4;0.4_0;0;0_0;0;0_-100;2;5475_-100;2;5475_-100;2;5475,33.5479452054795,Prevalence,0.0065734366478545
NbyGQVwzFc_loc12_loop6,12,ITN 0%/IRS 0%/Larvicide 0%,0;0.4;0.4_0;0;0_0;0;0_-100;2;5475_-100;2;5475_-100;2;5475,33.5506849315069,Prevalence,0.00656916586573647
NbyGQVwzFc_loc12_loop6,12,ITN 0%/IRS 0%/Larvicide 0%,0;0.4;0.4_0;0;0_0;0;0_-100;2;5475_-100;2;5475_-100;2;5475,33.5534246575342,Prevalence,0.00656492057984094
NbyGQVwzFc_loc12_loop6,12,ITN 0%/IRS 0%/Larvicide 0%,0;0.4;0.4_0;0;0_0;0;0_-100;2;5475_-100;2;5475_-100;2;5475,33.5561643835616,Prevalence,0.00656070067707811
NbyGQVwzFc_loc12_loop6,12,ITN 0%/IRS 0%/Larvicide 0%,0;0.4;0.4_0;0;0_0;0;0_-100;2;5475_-100;2;5475_-100;2;5475,33.558904109589,Prevalence,0.00655650604506182
NbyGQVwzFc_loc12_loop6,12,ITN 0%/IRS 0%/Larvicide 0%,0;0.4;0.4_0;0;0_0;0;0_-100;2;5475_-100;2;5475_-100;2;5475,33.5616438356164,Prevalence,0.00655233657210486
NbyGQVwzFc_loc12_loop6,12,ITN 0%/IRS 0%/Larvicide 0%,0;0.4;0.4_0;0;0_0;0;0_-100;2;5475_-100;2;5475_-100;2;5475,33.5643835616438,Prevalence,0.00654819214721438
NbyGQVwzFc_loc12_loop6,12,ITN 0%/IRS 0%/Larvicide 0%,0;0.4;0.4_0;0;0_0;0;0_-100;2;5475_-100;2;5475_-100;2;5475,33.5671232876712,Prevalence,0.00654407266008723
NbyGQVwzFc_loc12_loop6,12,ITN 0%/IRS 0%/Larvicide 0%,0;0.4;0.4_0;0;0_0;0;0_-100;2;5475_-100;2;5475_-100;2;5475,33.5698630136986,Prevalence,0.0065399780011054
NbyGQVwzFc_loc12_loop6,12,ITN 0%/IRS 0%/Larvicide 0%,0;0.4;0.4_0;0;0_0;0;0_-100;2;5475_-100;2;5475_-100;2;5475,33.572602739726,Prevalence,0.00653590806133146
NbyGQVwzFc_loc12_loop6,12,ITN 0%/IRS 0%/Larvicide 0%,0;0.4;0.4_0;0;0_0;0;0_-100;2;5475_-100;2;5475_-100;2;5475,33.5753424657534,Prevalence,0.00653186273250392
NbyGQVwzFc_loc12_loop6,12,ITN 0%/IRS 0%/Larvicide 0%,0;0.4;0.4_0;0;0_0;0;0_-100;2;5475_-100;2;5475_-100;2;5475,33.5780821917808,Prevalence,0.00652784190703246
NbyGQVwzFc_loc12_loop6,12,ITN 0%/IRS 0%/Larvicide 0%,0;0.4;0.4_0;0;0_0;0;0_-100;2;5475_-100;2;5475_-100;2;5475,33.5808219178082,Prevalence,0.00652384547799428
NbyGQVwzFc_loc12_loop6,12,ITN 0%/IRS 0%/Larvicide 0%,0;0.4;0.4_0;0;0_0;0;0_-100;2;5475_-100;2;5475_-100;2;5475,33.5835616438356,Prevalence,0.00651987333912927
NbyGQVwzFc_loc12_loop6,12,ITN 0%/IRS 0%/Larvicide 0%,0;0.4;0.4_0;0;0_0;0;0_-100;2;5475_-100;2;5475_-100;2;5475,33.586301369863,Prevalence,0.00651592538483561
NbyGQVwzFc_loc12_loop6,12,ITN 0%/IRS 0%/Larvicide 0%,0;0.4;0.4_0;0;0_0;0;0_-100;2;5475_-100;2;5475_-100;2;5475,33.5890410958904,Prevalence,0.00651200151016531
NbyGQVwzFc_loc12_loop6,12,ITN 0%/IRS 0%/Larvicide 0%,0;0.4;0.4_0;0;0_0;0;0_-100;2;5475_-100;2;5475_-100;2;5475,33.5917808219178,Prevalence,0.0065081016108199
NbyGQVwzFc_loc12_loop6,12,ITN 0%/IRS 0%/Larvicide 0%,0;0.4;0.4_0;0;0_0;0;0_-100;2;5475_-100;2;5475_-100;2;5475,33.5945205479452,Prevalence,0.00650422558314607
NbyGQVwzFc_loc12_loop6,12,ITN 0%/IRS 0%/Larvicide 0%,0;0.4;0.4_0;0;0_0;0;0_-100;2;5475_-100;2;5475_-100;2;5475,33.5972602739726,Prevalence,0.00650037332413141
NbyGQVwzFc_loc12_loop6,12,ITN 0%/IRS 0%/Larvicide 0%,0;0.4;0.4_0;0;0_0;0;0_-100;2;5475_-100;2;5475_-100;2;5475,33.6,Prevalence,0.0064965447314001
NbyGQVwzFc_loc12_loop6,12,ITN 0%/IRS 0%/Larvicide 0%,0;0.4;0.4_0;0;0_0;0;0_-100;2;5475_-100;2;5475_-100;2;5475,33.6027397260274,Prevalence,0.00649273970320871
NbyGQVwzFc_loc12_loop6,12,ITN 0%/IRS 0%/Larvicide 0%,0;0.4;0.4_0;0;0_0;0;0_-100;2;5475_-100;2;5475_-100;2;5475,33.6054794520548,Prevalence,0.00648895813844191
NbyGQVwzFc_loc12_loop6,12,ITN 0%/IRS 0%/Larvicide 0%,0;0.4;0.4_0;0;0_0;0;0_-100;2;5475_-100;2;5475_-100;2;5475,33.6082191780822,Prevalence,0.00648519993660836
NbyGQVwzFc_loc12_loop6,12,ITN 0%/IRS 0%/Larvicide 0%,0;0.4;0.4_0;0;0_0;0;0_-100;2;5475_-100;2;5475_-100;2;5475,33.6109589041096,Prevalence,0.00648146499783655
NbyGQVwzFc_loc12_loop6,12,ITN 0%/IRS 0%/Larvicide 0%,0;0.4;0.4_0;0;0_0;0;0_-100;2;5475_-100;2;5475_-100;2;5475,33.613698630137,Prevalence,0.00647775322287058
NbyGQVwzFc_loc12_loop6,12,ITN 0%/IRS 0%/Larvicide 0%,0;0.4;0.4_0;0;0_0;0;0_-100;2;5475_-100;2;5475_-100;2;5475,33.6164383561644,Prevalence,0.00647406451306619
NbyGQVwzFc_loc12_loop6,12,ITN 0%/IRS 0%/Larvicide 0%,0;0.4;0.4_0;0;0_0;0;0_-100;2;5475_-100;2;5475_-100;2;5475,33.6191780821918,Prevalence,0.00647039877038657
NbyGQVwzFc_loc12_loop6,12,ITN 0%/IRS 0%/Larvicide 0%,0;0.4;0.4_0;0;0_0;0;0_-100;2;5475_-100;2;5475_-100;2;5475,33.6219178082192,Prevalence,0.0064667558973984
NbyGQVwzFc_loc12_loop6,12,ITN 0%/IRS 0%/Larvicide 0%,0;0.4;0.4_0;0;0_0;0;0_-100;2;5475_-100;2;5475_-100;2;5475,33.6246575342466,Prevalence,0.00646313579726761
NbyGQVwzFc_loc12_loop6,12,ITN 0%/IRS 0%/Larvicide 0%,0;0.4;0.4_0;0;0_0;0;0_-100;2;5475_-100;2;5475_-100;2;5475,33.627397260274,Prevalence,0.00645953837375541
NbyGQVwzFc_loc12_loop6,12,ITN 0%/IRS 0%/Larvicide 0%,0;0.4;0.4_0;0;0_0;0;0_-100;2;5475_-100;2;5475_-100;2;5475,33.6301369863014,Prevalence,0.0064559635312149
NbyGQVwzFc_loc12_loop6,12,ITN 0%/IRS 0%/Larvicide 0%,0;0.4;0.4_0;0;0_0;0;0_-100;2;5475_-100;2;5475_-100;2;5475,33.6328767123288,Prevalence,0.00645241117458674
NbyGQVwzFc_loc12_loop6,12,ITN 0%/IRS 0%/Larvicide 0%,0;0.4;0.4_0;0;0_0;0;0_-100;2;5475_-100;2;5475_-100;2;5475,33.6356164383562,Prevalence,0.00644888120939525
NbyGQVwzFc_loc12_loop6,12,ITN 0%/IRS 0%/Larvicide 0%,0;0.4;0.4_0;0;0_0;0;0_-100;2;5475_-100;2;5475_-100;2;5475,33.6383561643836,Prevalence,0.00644537354174456
NbyGQVwzFc_loc12_loop6,12,ITN 0%/IRS 0%/Larvicide 0%,0;0.4;0.4_0;0;0_0;0;0_-100;2;5475_-100;2;5475_-100;2;5475,33.641095890411,Prevalence,0.00644188807831474
NbyGQVwzFc_loc12_loop6,12,ITN 0%/IRS 0%/Larvicide 0%,0;0.4;0.4_0;0;0_0;0;0_-100;2;5475_-100;2;5475_-100;2;5475,33.6438356164384,Prevalence,0.00643842472635791
NbyGQVwzFc_loc12_loop6,12,ITN 0%/IRS 0%/Larvicide 0%,0;0.4;0.4_0;0;0_0;0;0_-100;2;5475_-100;2;5475_-100;2;5475,33.6465753424658,Prevalence,0.00643498339369456
NbyGQVwzFc_loc12_loop6,12,ITN 0%/IRS 0%/Larvicide 0%,0;0.4;0.4_0;0;0_0;0;0_-100;2;5475_-100;2;5475_-100;2;5475,33.6493150684932,Prevalence,0.00643156398870964
NbyGQVwzFc_loc12_loop6,12,ITN 0%/IRS 0%/Larvicide 0%,0;0.4;0.4_0;0;0_0;0;0_-100;2;5475_-100;2;5475_-100;2;5475,33.6520547945205,Prevalence,0.00642816642034893
NbyGQVwzFc_loc12_loop6,12,ITN 0%/IRS 0%/Larvicide 0%,0;0.4;0.4_0;0;0_0;0;0_-100;2;5475_-100;2;5475_-100;2;5475,33.6547945205479,Prevalence,0.00642479059811528
NbyGQVwzFc_loc12_loop6,12,ITN 0%/IRS 0%/Larvicide 0%,0;0.4;0.4_0;0;0_0;0;0_-100;2;5475_-100;2;5475_-100;2;5475,33.6575342465753,Prevalence,0.00642143643206487
NbyGQVwzFc_loc12_loop6,12,ITN 0%/IRS 0%/Larvicide 0%,0;0.4;0.4_0;0;0_0;0;0_-100;2;5475_-100;2;5475_-100;2;5475,33.6602739726027,Prevalence,0.0064181038328036
NbyGQVwzFc_loc12_loop6,12,ITN 0%/IRS 0%/Larvicide 0%,0;0.4;0.4_0;0;0_0;0;0_-100;2;5475_-100;2;5475_-100;2;5475,33.6630136986301,Prevalence,0.00641479271148344
NbyGQVwzFc_loc12_loop6,12,ITN 0%/IRS 0%/Larvicide 0%,0;0.4;0.4_0;0;0_0;0;0_-100;2;5475_-100;2;5475_-100;2;5475,33.6657534246575,Prevalence,0.00641150297979877
NbyGQVwzFc_loc12_loop6,12,ITN 0%/IRS 0%/Larvicide 0%,0;0.4;0.4_0;0;0_0;0;0_-100;2;5475_-100;2;5475_-100;2;5475,33.6684931506849,Prevalence,0.00640823454998283
NbyGQVwzFc_loc12_loop6,12,ITN 0%/IRS 0%/Larvicide 0%,0;0.4;0.4_0;0;0_0;0;0_-100;2;5475_-100;2;5475_-100;2;5475,33.6712328767123,Prevalence,0.00640498733480415
NbyGQVwzFc_loc12_loop6,12,ITN 0%/IRS 0%/Larvicide 0%,0;0.4;0.4_0;0;0_0;0;0_-100;2;5475_-100;2;5475_-100;2;5475,33.6739726027397,Prevalence,0.00640176124756291
NbyGQVwzFc_loc12_loop6,12,ITN 0%/IRS 0%/Larvicide 0%,0;0.4;0.4_0;0;0_0;0;0_-100;2;5475_-100;2;5475_-100;2;5475,33.6767123287671,Prevalence,0.00639855620208728
NbyGQVwzFc_loc12_loop6,12,ITN 0%/IRS 0%/Larvicide 0%,0;0.4;0.4_0;0;0_0;0;0_-100;2;5475_-100;2;5475_-100;2;5475,33.6794520547945,Prevalence,0.00639537211273054
NbyGQVwzFc_loc12_loop6,12,ITN 0%/IRS 0%/Larvicide 0%,0;0.4;0.4_0;0;0_0;0;0_-100;2;5475_-100;2;5475_-100;2;5475,33.6821917808219,Prevalence,0.00639220889436729
NbyGQVwzFc_loc12_loop6,12,ITN 0%/IRS 0%/Larvicide 0%,0;0.4;0.4_0;0;0_0;0;0_-100;2;5475_-100;2;5475_-100;2;5475,33.6849315068493,Prevalence,0.00638906646238993
NbyGQVwzFc_loc12_loop6,12,ITN 0%/IRS 0%/Larvicide 0%,0;0.4;0.4_0;0;0_0;0;0_-100;2;5475_-100;2;5475_-100;2;5475,33.6876712328767,Prevalence,0.0063859447327053
NbyGQVwzFc_loc12_loop6,12,ITN 0%/IRS 0%/Larvicide 0%,0;0.4;0.4_0;0;0_0;0;0_-100;2;5475_-100;2;5475_-100;2;5475,33.6904109589041,Prevalence,0.0063828436217312
NbyGQVwzFc_loc12_loop6,12,ITN 0%/IRS 0%/Larvicide 0%,0;0.4;0.4_0;0;0_0;0;0_-100;2;5475_-100;2;5475_-100;2;5475,33.6931506849315,Prevalence,0.00637976304639309
NbyGQVwzFc_loc12_loop6,12,ITN 0%/IRS 0%/Larvicide 0%,0;0.4;0.4_0;0;0_0;0;0_-100;2;5475_-100;2;5475_-100;2;5475,33.6958904109589,Prevalence,0.00637670292412072
NbyGQVwzFc_loc12_loop6,12,ITN 0%/IRS 0%/Larvicide 0%,0;0.4;0.4_0;0;0_0;0;0_-100;2;5475_-100;2;5475_-100;2;5475,33.6986301369863,Prevalence,0.00637366317284475
NbyGQVwzFc_loc12_loop6,12,ITN 0%/IRS 0%/Larvicide 0%,0;0.4;0.4_0;0;0_0;0;0_-100;2;5475_-100;2;5475_-100;2;5475,33.7013698630137,Prevalence,0.00637064371099353
NbyGQVwzFc_loc12_loop6,12,ITN 0%/IRS 0%/Larvicide 0%,0;0.4;0.4_0;0;0_0;0;0_-100;2;5475_-100;2;5475_-100;2;5475,33.7041095890411,Prevalence,0.00636764445748975
NbyGQVwzFc_loc12_loop6,12,ITN 0%/IRS 0%/Larvicide 0%,0;0.4;0.4_0;0;0_0;0;0_-100;2;5475_-100;2;5475_-100;2;5475,33.7068493150685,Prevalence,0.00636466533174722
NbyGQVwzFc_loc12_loop6,12,ITN 0%/IRS 0%/Larvicide 0%,0;0.4;0.4_0;0;0_0;0;0_-100;2;5475_-100;2;5475_-100;2;5475,33.7095890410959,Prevalence,0.00636170625366762
NbyGQVwzFc_loc12_loop6,12,ITN 0%/IRS 0%/Larvicide 0%,0;0.4;0.4_0;0;0_0;0;0_-100;2;5475_-100;2;5475_-100;2;5475,33.7123287671233,Prevalence,0.00635876714363729
NbyGQVwzFc_loc12_loop6,12,ITN 0%/IRS 0%/Larvicide 0%,0;0.4;0.4_0;0;0_0;0;0_-100;2;5475_-100;2;5475_-100;2;5475,33.7150684931507,Prevalence,0.00635584792252404
NbyGQVwzFc_loc12_loop6,12,ITN 0%/IRS 0%/Larvicide 0%,0;0.4;0.4_0;0;0_0;0;0_-100;2;5475_-100;2;5475_-100;2;5475,33.7178082191781,Prevalence,0.00635294851167396
NbyGQVwzFc_loc12_loop6,12,ITN 0%/IRS 0%/Larvicide 0%,0;0.4;0.4_0;0;0_0;0;0_-100;2;5475_-100;2;5475_-100;2;5475,33.7205479452055,Prevalence,0.00635006883290832
NbyGQVwzFc_loc12_loop6,12,ITN 0%/IRS 0%/Larvicide 0%,0;0.4;0.4_0;0;0_0;0;0_-100;2;5475_-100;2;5475_-100;2;5475,33.7232876712329,Prevalence,0.00634720880852039
NbyGQVwzFc_loc12_loop6,12,ITN 0%/IRS 0%/Larvicide 0%,0;0.4;0.4_0;0;0_0;0;0_-100;2;5475_-100;2;5475_-100;2;5475,33.7260273972603,Prevalence,0.00634436836127223
NbyGQVwzFc_loc12_loop6,12,ITN 0%/IRS 0%/Larvicide 0%,0;0.4;0.4_0;0;0_0;0;0_-100;2;5475_-100;2;5475_-100;2;5475,33.7287671232877,Prevalence,0.00634154741439182
NbyGQVwzFc_loc12_loop6,12,ITN 0%/IRS 0%/Larvicide 0%,0;0.4;0.4_0;0;0_0;0;0_-100;2;5475_-100;2;5475_-100;2;5475,33.7315068493151,Prevalence,0.00633874589157017
NbyGQVwzFc_loc12_loop6,12,ITN 0%/IRS 0%/Larvicide 0%,0;0.4;0.4_0;0;0_0;0;0_-100;2;5475_-100;2;5475_-100;2;5475,33.7342465753425,Prevalence,0.00633596371695803
NbyGQVwzFc_loc12_loop6,12,ITN 0%/IRS 0%/Larvicide 0%,0;0.4;0.4_0;0;0_0;0;0_-100;2;5475_-100;2;5475_-100;2;5475,33.7369863013699,Prevalence,0.00633320081516291
NbyGQVwzFc_loc12_loop6,12,ITN 0%/IRS 0%/Larvicide 0%,0;0.4;0.4_0;0;0_0;0;0_-100;2;5475_-100;2;5475_-100;2;5475,33.7397260273973,Prevalence,0.00633045711124603
NbyGQVwzFc_loc12_loop6,12,ITN 0%/IRS 0%/Larvicide 0%,0;0.4;0.4_0;0;0_0;0;0_-100;2;5475_-100;2;5475_-100;2;5475,33.7424657534247,Prevalence,0.00632773253071935
NbyGQVwzFc_loc12_loop6,12,ITN 0%/IRS 0%/Larvicide 0%,0;0.4;0.4_0;0;0_0;0;0_-100;2;5475_-100;2;5475_-100;2;5475,33.7452054794521,Prevalence,0.00632502699954266
NbyGQVwzFc_loc12_loop6,12,ITN 0%/IRS 0%/Larvicide 0%,0;0.4;0.4_0;0;0_0;0;0_-100;2;5475_-100;2;5475_-100;2;5475,33.7479452054795,Prevalence,0.00632234044412057
NbyGQVwzFc_loc12_loop6,12,ITN 0%/IRS 0%/Larvicide 0%,0;0.4;0.4_0;0;0_0;0;0_-100;2;5475_-100;2;5475_-100;2;5475,33.7506849315069,Prevalence,0.00631967279129968
NbyGQVwzFc_loc12_loop6,12,ITN 0%/IRS 0%/Larvicide 0%,0;0.4;0.4_0;0;0_0;0;0_-100;2;5475_-100;2;5475_-100;2;5475,33.7534246575343,Prevalence,0.00631702396836559
NbyGQVwzFc_loc12_loop6,12,ITN 0%/IRS 0%/Larvicide 0%,0;0.4;0.4_0;0;0_0;0;0_-100;2;5475_-100;2;5475_-100;2;5475,33.7561643835616,Prevalence,0.00631439390304011
NbyGQVwzFc_loc12_loop6,12,ITN 0%/IRS 0%/Larvicide 0%,0;0.4;0.4_0;0;0_0;0;0_-100;2;5475_-100;2;5475_-100;2;5475,33.758904109589,Prevalence,0.00631178252347834
NbyGQVwzFc_loc12_loop6,12,ITN 0%/IRS 0%/Larvicide 0%,0;0.4;0.4_0;0;0_0;0;0_-100;2;5475_-100;2;5475_-100;2;5475,33.7616438356164,Prevalence,0.00630918975826587
NbyGQVwzFc_loc12_loop6,12,ITN 0%/IRS 0%/Larvicide 0%,0;0.4;0.4_0;0;0_0;0;0_-100;2;5475_-100;2;5475_-100;2;5475,33.7643835616438,Prevalence,0.00630661553641592
NbyGQVwzFc_loc12_loop6,12,ITN 0%/IRS 0%/Larvicide 0%,0;0.4;0.4_0;0;0_0;0;0_-100;2;5475_-100;2;5475_-100;2;5475,33.7671232876712,Prevalence,0.00630405978736661
NbyGQVwzFc_loc12_loop6,12,ITN 0%/IRS 0%/Larvicide 0%,0;0.4;0.4_0;0;0_0;0;0_-100;2;5475_-100;2;5475_-100;2;5475,33.7698630136986,Prevalence,0.00630152244097812
NbyGQVwzFc_loc12_loop6,12,ITN 0%/IRS 0%/Larvicide 0%,0;0.4;0.4_0;0;0_0;0;0_-100;2;5475_-100;2;5475_-100;2;5475,33.772602739726,Prevalence,0.00629900342752995
NbyGQVwzFc_loc12_loop6,12,ITN 0%/IRS 0%/Larvicide 0%,0;0.4;0.4_0;0;0_0;0;0_-100;2;5475_-100;2;5475_-100;2;5475,33.7753424657534,Prevalence,0.00629650267771818
NbyGQVwzFc_loc12_loop6,12,ITN 0%/IRS 0%/Larvicide 0%,0;0.4;0.4_0;0;0_0;0;0_-100;2;5475_-100;2;5475_-100;2;5475,33.7780821917808,Prevalence,0.00629402012265266
NbyGQVwzFc_loc12_loop6,12,ITN 0%/IRS 0%/Larvicide 0%,0;0.4;0.4_0;0;0_0;0;0_-100;2;5475_-100;2;5475_-100;2;5475,33.7808219178082,Prevalence,0.00629155569385452
NbyGQVwzFc_loc12_loop6,12,ITN 0%/IRS 0%/Larvicide 0%,0;0.4;0.4_0;0;0_0;0;0_-100;2;5475_-100;2;5475_-100;2;5475,33.7835616438356,Prevalence,0.00628910932325358
NbyGQVwzFc_loc12_loop6,12,ITN 0%/IRS 0%/Larvicide 0%,0;0.4;0.4_0;0;0_0;0;0_-100;2;5475_-100;2;5475_-100;2;5475,33.786301369863,Prevalence,0.00628668094318544
NbyGQVwzFc_loc12_loop6,12,ITN 0%/IRS 0%/Larvicide 0%,0;0.4;0.4_0;0;0_0;0;0_-100;2;5475_-100;2;5475_-100;2;5475,33.7890410958904,Prevalence,0.0062842704863889
NbyGQVwzFc_loc12_loop6,12,ITN 0%/IRS 0%/Larvicide 0%,0;0.4;0.4_0;0;0_0;0;0_-100;2;5475_-100;2;5475_-100;2;5475,33.7917808219178,Prevalence,0.00628187788600326
NbyGQVwzFc_loc12_loop6,12,ITN 0%/IRS 0%/Larvicide 0%,0;0.4;0.4_0;0;0_0;0;0_-100;2;5475_-100;2;5475_-100;2;5475,33.7945205479452,Prevalence,0.00627950307556575
NbyGQVwzFc_loc12_loop6,12,ITN 0%/IRS 0%/Larvicide 0%,0;0.4;0.4_0;0;0_0;0;0_-100;2;5475_-100;2;5475_-100;2;5475,33.7972602739726,Prevalence,0.00627714598900895
NbyGQVwzFc_loc12_loop6,12,ITN 0%/IRS 0%/Larvicide 0%,0;0.4;0.4_0;0;0_0;0;0_-100;2;5475_-100;2;5475_-100;2;5475,33.8,Prevalence,0.00627480656065818
NbyGQVwzFc_loc12_loop6,12,ITN 0%/IRS 0%/Larvicide 0%,0;0.4;0.4_0;0;0_0;0;0_-100;2;5475_-100;2;5475_-100;2;5475,33.8027397260274,Prevalence,0.00627248472522894
NbyGQVwzFc_loc12_loop6,12,ITN 0%/IRS 0%/Larvicide 0%,0;0.4;0.4_0;0;0_0;0;0_-100;2;5475_-100;2;5475_-100;2;5475,33.8054794520548,Prevalence,0.00627018041782439
NbyGQVwzFc_loc12_loop6,12,ITN 0%/IRS 0%/Larvicide 0%,0;0.4;0.4_0;0;0_0;0;0_-100;2;5475_-100;2;5475_-100;2;5475,33.8082191780822,Prevalence,0.00626789357393281
NbyGQVwzFc_loc12_loop6,12,ITN 0%/IRS 0%/Larvicide 0%,0;0.4;0.4_0;0;0_0;0;0_-100;2;5475_-100;2;5475_-100;2;5475,33.8109589041096,Prevalence,0.00626562412942512
NbyGQVwzFc_loc12_loop6,12,ITN 0%/IRS 0%/Larvicide 0%,0;0.4;0.4_0;0;0_0;0;0_-100;2;5475_-100;2;5475_-100;2;5475,33.813698630137,Prevalence,0.00626337202055235
NbyGQVwzFc_loc12_loop6,12,ITN 0%/IRS 0%/Larvicide 0%,0;0.4;0.4_0;0;0_0;0;0_-100;2;5475_-100;2;5475_-100;2;5475,33.8164383561644,Prevalence,0.00626113718394318
NbyGQVwzFc_loc12_loop6,12,ITN 0%/IRS 0%/Larvicide 0%,0;0.4;0.4_0;0;0_0;0;0_-100;2;5475_-100;2;5475_-100;2;5475,33.8191780821918,Prevalence,0.00625891955660151
NbyGQVwzFc_loc12_loop6,12,ITN 0%/IRS 0%/Larvicide 0%,0;0.4;0.4_0;0;0_0;0;0_-100;2;5475_-100;2;5475_-100;2;5475,33.8219178082192,Prevalence,0.00625671907590401
NbyGQVwzFc_loc12_loop6,12,ITN 0%/IRS 0%/Larvicide 0%,0;0.4;0.4_0;0;0_0;0;0_-100;2;5475_-100;2;5475_-100;2;5475,33.8246575342466,Prevalence,0.00625453567959766
NbyGQVwzFc_loc12_loop6,12,ITN 0%/IRS 0%/Larvicide 0%,0;0.4;0.4_0;0;0_0;0;0_-100;2;5475_-100;2;5475_-100;2;5475,33.827397260274,Prevalence,0.00625236930579739
NbyGQVwzFc_loc12_loop6,12,ITN 0%/IRS 0%/Larvicide 0%,0;0.4;0.4_0;0;0_0;0;0_-100;2;5475_-100;2;5475_-100;2;5475,33.8301369863014,Prevalence,0.00625021989298366
NbyGQVwzFc_loc12_loop6,12,ITN 0%/IRS 0%/Larvicide 0%,0;0.4;0.4_0;0;0_0;0;0_-100;2;5475_-100;2;5475_-100;2;5475,33.8328767123288,Prevalence,0.00624808738000013
NbyGQVwzFc_loc12_loop6,12,ITN 0%/IRS 0%/Larvicide 0%,0;0.4;0.4_0;0;0_0;0;0_-100;2;5475_-100;2;5475_-100;2;5475,33.8356164383562,Prevalence,0.00624597170605149
NbyGQVwzFc_loc12_loop6,12,ITN 0%/IRS 0%/Larvicide 0%,0;0.4;0.4_0;0;0_0;0;0_-100;2;5475_-100;2;5475_-100;2;5475,33.8383561643836,Prevalence,0.00624387281070095
NbyGQVwzFc_loc12_loop6,12,ITN 0%/IRS 0%/Larvicide 0%,0;0.4;0.4_0;0;0_0;0;0_-100;2;5475_-100;2;5475_-100;2;5475,33.841095890411,Prevalence,0.00624179063386786
NbyGQVwzFc_loc12_loop6,12,ITN 0%/IRS 0%/Larvicide 0%,0;0.4;0.4_0;0;0_0;0;0_-100;2;5475_-100;2;5475_-100;2;5475,33.8438356164384,Prevalence,0.00623972511582544
NbyGQVwzFc_loc12_loop6,12,ITN 0%/IRS 0%/Larvicide 0%,0;0.4;0.4_0;0;0_0;0;0_-100;2;5475_-100;2;5475_-100;2;5475,33.8465753424658,Prevalence,0.00623767619719843
NbyGQVwzFc_loc12_loop6,12,ITN 0%/IRS 0%/Larvicide 0%,0;0.4;0.4_0;0;0_0;0;0_-100;2;5475_-100;2;5475_-100;2;5475,33.8493150684932,Prevalence,0.00623564381896088
NbyGQVwzFc_loc12_loop6,12,ITN 0%/IRS 0%/Larvicide 0%,0;0.4;0.4_0;0;0_0;0;0_-100;2;5475_-100;2;5475_-100;2;5475,33.8520547945206,Prevalence,0.00623362792243381
NbyGQVwzFc_loc12_loop6,12,ITN 0%/IRS 0%/Larvicide 0%,0;0.4;0.4_0;0;0_0;0;0_-100;2;5475_-100;2;5475_-100;2;5475,33.854794520548,Prevalence,0.00623162844928304
NbyGQVwzFc_loc12_loop6,12,ITN 0%/IRS 0%/Larvicide 0%,0;0.4;0.4_0;0;0_0;0;0_-100;2;5475_-100;2;5475_-100;2;5475,33.8575342465753,Prevalence,0.0062296453415169
NbyGQVwzFc_loc12_loop6,12,ITN 0%/IRS 0%/Larvicide 0%,0;0.4;0.4_0;0;0_0;0;0_-100;2;5475_-100;2;5475_-100;2;5475,33.8602739726027,Prevalence,0.00622767854148405
NbyGQVwzFc_loc12_loop6,12,ITN 0%/IRS 0%/Larvicide 0%,0;0.4;0.4_0;0;0_0;0;0_-100;2;5475_-100;2;5475_-100;2;5475,33.8630136986301,Prevalence,0.00622572799187125
NbyGQVwzFc_loc12_loop6,12,ITN 0%/IRS 0%/Larvicide 0%,0;0.4;0.4_0;0;0_0;0;0_-100;2;5475_-100;2;5475_-100;2;5475,33.8657534246575,Prevalence,0.0062237936357012
NbyGQVwzFc_loc12_loop6,12,ITN 0%/IRS 0%/Larvicide 0%,0;0.4;0.4_0;0;0_0;0;0_-100;2;5475_-100;2;5475_-100;2;5475,33.8684931506849,Prevalence,0.00622187541633033
NbyGQVwzFc_loc12_loop6,12,ITN 0%/IRS 0%/Larvicide 0%,0;0.4;0.4_0;0;0_0;0;0_-100;2;5475_-100;2;5475_-100;2;5475,33.8712328767123,Prevalence,0.00621997327744671
NbyGQVwzFc_loc12_loop6,12,ITN 0%/IRS 0%/Larvicide 0%,0;0.4;0.4_0;0;0_0;0;0_-100;2;5475_-100;2;5475_-100;2;5475,33.8739726027397,Prevalence,0.00621808716306781
NbyGQVwzFc_loc12_loop6,12,ITN 0%/IRS 0%/Larvicide 0%,0;0.4;0.4_0;0;0_0;0;0_-100;2;5475_-100;2;5475_-100;2;5475,33.8767123287671,Prevalence,0.00621621701753847
NbyGQVwzFc_loc12_loop6,12,ITN 0%/IRS 0%/Larvicide 0%,0;0.4;0.4_0;0;0_0;0;0_-100;2;5475_-100;2;5475_-100;2;5475,33.8794520547945,Prevalence,0.00621436278552872
NbyGQVwzFc_loc12_loop6,12,ITN 0%/IRS 0%/Larvicide 0%,0;0.4;0.4_0;0;0_0;0;0_-100;2;5475_-100;2;5475_-100;2;5475,33.8821917808219,Prevalence,0.00621252441203172
NbyGQVwzFc_loc12_loop6,12,ITN 0%/IRS 0%/Larvicide 0%,0;0.4;0.4_0;0;0_0;0;0_-100;2;5475_-100;2;5475_-100;2;5475,33.8849315068493,Prevalence,0.00621070184236164
NbyGQVwzFc_loc12_loop6,12,ITN 0%/IRS 0%/Larvicide 0%,0;0.4;0.4_0;0;0_0;0;0_-100;2;5475_-100;2;5475_-100;2;5475,33.8876712328767,Prevalence,0.00620889502215174
NbyGQVwzFc_loc12_loop6,12,ITN 0%/IRS 0%/Larvicide 0%,0;0.4;0.4_0;0;0_0;0;0_-100;2;5475_-100;2;5475_-100;2;5475,33.8904109589041,Prevalence,0.00620710389735232
NbyGQVwzFc_loc12_loop6,12,ITN 0%/IRS 0%/Larvicide 0%,0;0.4;0.4_0;0;0_0;0;0_-100;2;5475_-100;2;5475_-100;2;5475,33.8931506849315,Prevalence,0.00620532841422857
NbyGQVwzFc_loc12_loop6,12,ITN 0%/IRS 0%/Larvicide 0%,0;0.4;0.4_0;0;0_0;0;0_-100;2;5475_-100;2;5475_-100;2;5475,33.8958904109589,Prevalence,0.00620356851935848
NbyGQVwzFc_loc12_loop6,12,ITN 0%/IRS 0%/Larvicide 0%,0;0.4;0.4_0;0;0_0;0;0_-100;2;5475_-100;2;5475_-100;2;5475,33.8986301369863,Prevalence,0.00620182415963089
NbyGQVwzFc_loc12_loop6,12,ITN 0%/IRS 0%/Larvicide 0%,0;0.4;0.4_0;0;0_0;0;0_-100;2;5475_-100;2;5475_-100;2;5475,33.9013698630137,Prevalence,0.00620009528224342
NbyGQVwzFc_loc12_loop6,12,ITN 0%/IRS 0%/Larvicide 0%,0;0.4;0.4_0;0;0_0;0;0_-100;2;5475_-100;2;5475_-100;2;5475,33.9041095890411,Prevalence,0.00619838183470054
NbyGQVwzFc_loc12_loop6,12,ITN 0%/IRS 0%/Larvicide 0%,0;0.4;0.4_0;0;0_0;0;0_-100;2;5475_-100;2;5475_-100;2;5475,33.9068493150685,Prevalence,0.00619668376481155
NbyGQVwzFc_loc12_loop6,12,ITN 0%/IRS 0%/Larvicide 0%,0;0.4;0.4_0;0;0_0;0;0_-100;2;5475_-100;2;5475_-100;2;5475,33.9095890410959,Prevalence,0.00619500102068864
NbyGQVwzFc_loc12_loop6,12,ITN 0%/IRS 0%/Larvicide 0%,0;0.4;0.4_0;0;0_0;0;0_-100;2;5475_-100;2;5475_-100;2;5475,33.9123287671233,Prevalence,0.00619333355074496
NbyGQVwzFc_loc12_loop6,12,ITN 0%/IRS 0%/Larvicide 0%,0;0.4;0.4_0;0;0_0;0;0_-100;2;5475_-100;2;5475_-100;2;5475,33.9150684931507,Prevalence,0.00619168130369263
NbyGQVwzFc_loc12_loop6,12,ITN 0%/IRS 0%/Larvicide 0%,0;0.4;0.4_0;0;0_0;0;0_-100;2;5475_-100;2;5475_-100;2;5475,33.9178082191781,Prevalence,0.00619004422854087
NbyGQVwzFc_loc12_loop6,12,ITN 0%/IRS 0%/Larvicide 0%,0;0.4;0.4_0;0;0_0;0;0_-100;2;5475_-100;2;5475_-100;2;5475,33.9205479452055,Prevalence,0.00618842227459405
NbyGQVwzFc_loc12_loop6,12,ITN 0%/IRS 0%/Larvicide 0%,0;0.4;0.4_0;0;0_0;0;0_-100;2;5475_-100;2;5475_-100;2;5475,33.9232876712329,Prevalence,0.00618681539144984
NbyGQVwzFc_loc12_loop6,12,ITN 0%/IRS 0%/Larvicide 0%,0;0.4;0.4_0;0;0_0;0;0_-100;2;5475_-100;2;5475_-100;2;5475,33.9260273972603,Prevalence,0.00618522352899728
NbyGQVwzFc_loc12_loop6,12,ITN 0%/IRS 0%/Larvicide 0%,0;0.4;0.4_0;0;0_0;0;0_-100;2;5475_-100;2;5475_-100;2;5475,33.9287671232877,Prevalence,0.00618364663741494
NbyGQVwzFc_loc12_loop6,12,ITN 0%/IRS 0%/Larvicide 0%,0;0.4;0.4_0;0;0_0;0;0_-100;2;5475_-100;2;5475_-100;2;5475,33.9315068493151,Prevalence,0.00618208466716903
NbyGQVwzFc_loc12_loop6,12,ITN 0%/IRS 0%/Larvicide 0%,0;0.4;0.4_0;0;0_0;0;0_-100;2;5475_-100;2;5475_-100;2;5475,33.9342465753425,Prevalence,0.00618053756901159
NbyGQVwzFc_loc12_loop6,12,ITN 0%/IRS 0%/Larvicide 0%,0;0.4;0.4_0;0;0_0;0;0_-100;2;5475_-100;2;5475_-100;2;5475,33.9369863013699,Prevalence,0.00617900529397862
NbyGQVwzFc_loc12_loop6,12,ITN 0%/IRS 0%/Larvicide 0%,0;0.4;0.4_0;0;0_0;0;0_-100;2;5475_-100;2;5475_-100;2;5475,33.9397260273973,Prevalence,0.0061774877933883
NbyGQVwzFc_loc12_loop6,12,ITN 0%/IRS 0%/Larvicide 0%,0;0.4;0.4_0;0;0_0;0;0_-100;2;5475_-100;2;5475_-100;2;5475,33.9424657534247,Prevalence,0.00617598501883928
NbyGQVwzFc_loc12_loop6,12,ITN 0%/IRS 0%/Larvicide 0%,0;0.4;0.4_0;0;0_0;0;0_-100;2;5475_-100;2;5475_-100;2;5475,33.9452054794521,Prevalence,0.00617449692220889
NbyGQVwzFc_loc12_loop6,12,ITN 0%/IRS 0%/Larvicide 0%,0;0.4;0.4_0;0;0_0;0;0_-100;2;5475_-100;2;5475_-100;2;5475,33.9479452054795,Prevalence,0.00617302345565126
NbyGQVwzFc_loc12_loop6,12,ITN 0%/IRS 0%/Larvicide 0%,0;0.4;0.4_0;0;0_0;0;0_-100;2;5475_-100;2;5475_-100;2;5475,33.9506849315069,Prevalence,0.00617156457159548
NbyGQVwzFc_loc12_loop6,12,ITN 0%/IRS 0%/Larvicide 0%,0;0.4;0.4_0;0;0_0;0;0_-100;2;5475_-100;2;5475_-100;2;5475,33.9534246575343,Prevalence,0.00617012022274392
NbyGQVwzFc_loc12_loop6,12,ITN 0%/IRS 0%/Larvicide 0%,0;0.4;0.4_0;0;0_0;0;0_-100;2;5475_-100;2;5475_-100;2;5475,33.9561643835616,Prevalence,0.00616869036207037
NbyGQVwzFc_loc12_loop6,12,ITN 0%/IRS 0%/Larvicide 0%,0;0.4;0.4_0;0;0_0;0;0_-100;2;5475_-100;2;5475_-100;2;5475,33.958904109589,Prevalence,0.00616727494281843
NbyGQVwzFc_loc12_loop6,12,ITN 0%/IRS 0%/Larvicide 0%,0;0.4;0.4_0;0;0_0;0;0_-100;2;5475_-100;2;5475_-100;2;5475,33.9616438356164,Prevalence,0.00616587391849966
NbyGQVwzFc_loc12_loop6,12,ITN 0%/IRS 0%/Larvicide 0%,0;0.4;0.4_0;0;0_0;0;0_-100;2;5475_-100;2;5475_-100;2;5475,33.9643835616438,Prevalence,0.00616448724289196
NbyGQVwzFc_loc12_loop6,12,ITN 0%/IRS 0%/Larvicide 0%,0;0.4;0.4_0;0;0_0;0;0_-100;2;5475_-100;2;5475_-100;2;5475,33.9671232876712,Prevalence,0.00616311487003782
NbyGQVwzFc_loc12_loop6,12,ITN 0%/IRS 0%/Larvicide 0%,0;0.4;0.4_0;0;0_0;0;0_-100;2;5475_-100;2;5475_-100;2;5475,33.9698630136986,Prevalence,0.00616175675424263
NbyGQVwzFc_loc12_loop6,12,ITN 0%/IRS 0%/Larvicide 0%,0;0.4;0.4_0;0;0_0;0;0_-100;2;5475_-100;2;5475_-100;2;5475,33.972602739726,Prevalence,0.00616041285007301
NbyGQVwzFc_loc12_loop6,12,ITN 0%/IRS 0%/Larvicide 0%,0;0.4;0.4_0;0;0_0;0;0_-100;2;5475_-100;2;5475_-100;2;5475,33.9753424657534,Prevalence,0.00615908311235515
NbyGQVwzFc_loc12_loop6,12,ITN 0%/IRS 0%/Larvicide 0%,0;0.4;0.4_0;0;0_0;0;0_-100;2;5475_-100;2;5475_-100;2;5475,33.9780821917808,Prevalence,0.00615776749617312
NbyGQVwzFc_loc12_loop6,12,ITN 0%/IRS 0%/Larvicide 0%,0;0.4;0.4_0;0;0_0;0;0_-100;2;5475_-100;2;5475_-100;2;5475,33.9808219178082,Prevalence,0.00615646595686724
NbyGQVwzFc_loc12_loop6,12,ITN 0%/IRS 0%/Larvicide 0%,0;0.4;0.4_0;0;0_0;0;0_-100;2;5475_-100;2;5475_-100;2;5475,33.9835616438356,Prevalence,0.00615517845003248
NbyGQVwzFc_loc12_loop6,12,ITN 0%/IRS 0%/Larvicide 0%,0;0.4;0.4_0;0;0_0;0;0_-100;2;5475_-100;2;5475_-100;2;5475,33.986301369863,Prevalence,0.00615390493151675
NbyGQVwzFc_loc12_loop6,12,ITN 0%/IRS 0%/Larvicide 0%,0;0.4;0.4_0;0;0_0;0;0_-100;2;5475_-100;2;5475_-100;2;5475,33.9890410958904,Prevalence,0.00615264535741937
NbyGQVwzFc_loc12_loop6,12,ITN 0%/IRS 0%/Larvicide 0%,0;0.4;0.4_0;0;0_0;0;0_-100;2;5475_-100;2;5475_-100;2;5475,33.9917808219178,Prevalence,0.00615139968408942
NbyGQVwzFc_loc12_loop6,12,ITN 0%/IRS 0%/Larvicide 0%,0;0.4;0.4_0;0;0_0;0;0_-100;2;5475_-100;2;5475_-100;2;5475,33.9945205479452,Prevalence,0.00615016786812416
NbyGQVwzFc_loc12_loop6,12,ITN 0%/IRS 0%/Larvicide 0%,0;0.4;0.4_0;0;0_0;0;0_-100;2;5475_-100;2;5475_-100;2;5475,33.9972602739726,Prevalence,0.00614894986636749
NbyGQVwzFc_loc12_loop6,12,ITN 0%/IRS 0%/Larvicide 0%,0;0.4;0.4_0;0;0_0;0;0_-100;2;5475_-100;2;5475_-100;2;5475,34,Prevalence,0.00614774563590853
NbyGQVwzFc_loc12_loop6,12,ITN 0%/IRS 0%/Larvicide 0%,0;0.4;0.4_0;0;0_0;0;0_-100;2;5475_-100;2;5475_-100;2;5475,34.0027397260274,Prevalence,0.00614655513408015
NbyGQVwzFc_loc12_loop6,12,ITN 0%/IRS 0%/Larvicide 0%,0;0.4;0.4_0;0;0_0;0;0_-100;2;5475_-100;2;5475_-100;2;5475,34.0054794520548,Prevalence,0.00614537831845629
NbyGQVwzFc_loc12_loop6,12,ITN 0%/IRS 0%/Larvicide 0%,0;0.4;0.4_0;0;0_0;0;0_-100;2;5475_-100;2;5475_-100;2;5475,34.0082191780822,Prevalence,0.00614421514685224
NbyGQVwzFc_loc12_loop6,12,ITN 0%/IRS 0%/Larvicide 0%,0;0.4;0.4_0;0;0_0;0;0_-100;2;5475_-100;2;5475_-100;2;5475,34.0109589041096,Prevalence,0.00614306557732192
NbyGQVwzFc_loc12_loop6,12,ITN 0%/IRS 0%/Larvicide 0%,0;0.4;0.4_0;0;0_0;0;0_-100;2;5475_-100;2;5475_-100;2;5475,34.013698630137,Prevalence,0.00614192956815611
NbyGQVwzFc_loc12_loop6,12,ITN 0%/IRS 0%/Larvicide 0%,0;0.4;0.4_0;0;0_0;0;0_-100;2;5475_-100;2;5475_-100;2;5475,34.0164383561644,Prevalence,0.00614080707788173
NbyGQVwzFc_loc12_loop6,12,ITN 0%/IRS 0%/Larvicide 0%,0;0.4;0.4_0;0;0_0;0;0_-100;2;5475_-100;2;5475_-100;2;5475,34.0191780821918,Prevalence,0.00613969806526011
NbyGQVwzFc_loc12_loop6,12,ITN 0%/IRS 0%/Larvicide 0%,0;0.4;0.4_0;0;0_0;0;0_-100;2;5475_-100;2;5475_-100;2;5475,34.0219178082192,Prevalence,0.0061386024892852
NbyGQVwzFc_loc12_loop6,12,ITN 0%/IRS 0%/Larvicide 0%,0;0.4;0.4_0;0;0_0;0;0_-100;2;5475_-100;2;5475_-100;2;5475,34.0246575342466,Prevalence,0.00613752030918229
NbyGQVwzFc_loc12_loop6,12,ITN 0%/IRS 0%/Larvicide 0%,0;0.4;0.4_0;0;0_0;0;0_-100;2;5475_-100;2;5475_-100;2;5475,34.027397260274,Prevalence,0.00613645148440663
NbyGQVwzFc_loc12_loop6,12,ITN 0%/IRS 0%/Larvicide 0%,0;0.4;0.4_0;0;0_0;0;0_-100;2;5475_-100;2;5475_-100;2;5475,34.0301369863014,Prevalence,0.00613539597464189
NbyGQVwzFc_loc12_loop6,12,ITN 0%/IRS 0%/Larvicide 0%,0;0.4;0.4_0;0;0_0;0;0_-100;2;5475_-100;2;5475_-100;2;5475,34.0328767123288,Prevalence,0.00613435373979857
NbyGQVwzFc_loc12_loop6,12,ITN 0%/IRS 0%/Larvicide 0%,0;0.4;0.4_0;0;0_0;0;0_-100;2;5475_-100;2;5475_-100;2;5475,34.0356164383562,Prevalence,0.00613332474001256
NbyGQVwzFc_loc12_loop6,12,ITN 0%/IRS 0%/Larvicide 0%,0;0.4;0.4_0;0;0_0;0;0_-100;2;5475_-100;2;5475_-100;2;5475,34.0383561643836,Prevalence,0.00613230893564337
NbyGQVwzFc_loc12_loop6,12,ITN 0%/IRS 0%/Larvicide 0%,0;0.4;0.4_0;0;0_0;0;0_-100;2;5475_-100;2;5475_-100;2;5475,34.041095890411,Prevalence,0.00613130628727564
NbyGQVwzFc_loc12_loop6,12,ITN 0%/IRS 0%/Larvicide 0%,0;0.4;0.4_0;0;0_0;0;0_-100;2;5475_-100;2;5475_-100;2;5475,34.0438356164384,Prevalence,0.0061303167557127
NbyGQVwzFc_loc12_loop6,12,ITN 0%/IRS 0%/Larvicide 0%,0;0.4;0.4_0;0;0_0;0;0_-100;2;5475_-100;2;5475_-100;2;5475,34.0465753424658,Prevalence,0.00612934030197764
NbyGQVwzFc_loc12_loop6,12,ITN 0%/IRS 0%/Larvicide 0%,0;0.4;0.4_0;0;0_0;0;0_-100;2;5475_-100;2;5475_-100;2;5475,34.0493150684932,Prevalence,0.00612837688731396
NbyGQVwzFc_loc12_loop6,12,ITN 0%/IRS 0%/Larvicide 0%,0;0.4;0.4_0;0;0_0;0;0_-100;2;5475_-100;2;5475_-100;2;5475,34.0520547945206,Prevalence,0.00612742647318089
NbyGQVwzFc_loc12_loop6,12,ITN 0%/IRS 0%/Larvicide 0%,0;0.4;0.4_0;0;0_0;0;0_-100;2;5475_-100;2;5475_-100;2;5475,34.0547945205479,Prevalence,0.00612648902125292
NbyGQVwzFc_loc12_loop6,12,ITN 0%/IRS 0%/Larvicide 0%,0;0.4;0.4_0;0;0_0;0;0_-100;2;5475_-100;2;5475_-100;2;5475,34.0575342465753,Prevalence,0.00612556449341622
NbyGQVwzFc_loc12_loop6,12,ITN 0%/IRS 0%/Larvicide 0%,0;0.4;0.4_0;0;0_0;0;0_-100;2;5475_-100;2;5475_-100;2;5475,34.0602739726027,Prevalence,0.00612465285178599
NbyGQVwzFc_loc12_loop6,12,ITN 0%/IRS 0%/Larvicide 0%,0;0.4;0.4_0;0;0_0;0;0_-100;2;5475_-100;2;5475_-100;2;5475,34.0630136986301,Prevalence,0.00612375405866776
NbyGQVwzFc_loc12_loop6,12,ITN 0%/IRS 0%/Larvicide 0%,0;0.4;0.4_0;0;0_0;0;0_-100;2;5475_-100;2;5475_-100;2;5475,34.0657534246575,Prevalence,0.00612286807657982
NbyGQVwzFc_loc12_loop6,12,ITN 0%/IRS 0%/Larvicide 0%,0;0.4;0.4_0;0;0_0;0;0_-100;2;5475_-100;2;5475_-100;2;5475,34.0684931506849,Prevalence,0.00612199486826457
NbyGQVwzFc_loc12_loop6,12,ITN 0%/IRS 0%/Larvicide 0%,0;0.4;0.4_0;0;0_0;0;0_-100;2;5475_-100;2;5475_-100;2;5475,34.0712328767123,Prevalence,0.00612113439666289
NbyGQVwzFc_loc12_loop6,12,ITN 0%/IRS 0%/Larvicide 0%,0;0.4;0.4_0;0;0_0;0;0_-100;2;5475_-100;2;5475_-100;2;5475,34.0739726027397,Prevalence,0.00612028662491663
NbyGQVwzFc_loc12_loop6,12,ITN 0%/IRS 0%/Larvicide 0%,0;0.4;0.4_0;0;0_0;0;0_-100;2;5475_-100;2;5475_-100;2;5475,34.0767123287671,Prevalence,0.00611945151638121
NbyGQVwzFc_loc12_loop6,12,ITN 0%/IRS 0%/Larvicide 0%,0;0.4;0.4_0;0;0_0;0;0_-100;2;5475_-100;2;5475_-100;2;5475,34.0794520547945,Prevalence,0.00611862903461487
NbyGQVwzFc_loc12_loop6,12,ITN 0%/IRS 0%/Larvicide 0%,0;0.4;0.4_0;0;0_0;0;0_-100;2;5475_-100;2;5475_-100;2;5475,34.0821917808219,Prevalence,0.00611781914337297
NbyGQVwzFc_loc12_loop6,12,ITN 0%/IRS 0%/Larvicide 0%,0;0.4;0.4_0;0;0_0;0;0_-100;2;5475_-100;2;5475_-100;2;5475,34.0849315068493,Prevalence,0.00611702180661542
NbyGQVwzFc_loc12_loop6,12,ITN 0%/IRS 0%/Larvicide 0%,0;0.4;0.4_0;0;0_0;0;0_-100;2;5475_-100;2;5475_-100;2;5475,34.0876712328767,Prevalence,0.00611623698850367
NbyGQVwzFc_loc12_loop6,12,ITN 0%/IRS 0%/Larvicide 0%,0;0.4;0.4_0;0;0_0;0;0_-100;2;5475_-100;2;5475_-100;2;5475,34.0904109589041,Prevalence,0.00611546465339441
NbyGQVwzFc_loc12_loop6,12,ITN 0%/IRS 0%/Larvicide 0%,0;0.4;0.4_0;0;0_0;0;0_-100;2;5475_-100;2;5475_-100;2;5475,34.0931506849315,Prevalence,0.00611470476584277
NbyGQVwzFc_loc12_loop6,12,ITN 0%/IRS 0%/Larvicide 0%,0;0.4;0.4_0;0;0_0;0;0_-100;2;5475_-100;2;5475_-100;2;5475,34.0958904109589,Prevalence,0.00611395729060146
NbyGQVwzFc_loc12_loop6,12,ITN 0%/IRS 0%/Larvicide 0%,0;0.4;0.4_0;0;0_0;0;0_-100;2;5475_-100;2;5475_-100;2;5475,34.0986301369863,Prevalence,0.00611322219261607
NbyGQVwzFc_loc12_loop6,12,ITN 0%/IRS 0%/Larvicide 0%,0;0.4;0.4_0;0;0_0;0;0_-100;2;5475_-100;2;5475_-100;2;5475,34.1013698630137,Prevalence,0.00611249943702632
NbyGQVwzFc_loc12_loop6,12,ITN 0%/IRS 0%/Larvicide 0%,0;0.4;0.4_0;0;0_0;0;0_-100;2;5475_-100;2;5475_-100;2;5475,34.1041095890411,Prevalence,0.00611178898916524
NbyGQVwzFc_loc12_loop6,12,ITN 0%/IRS 0%/Larvicide 0%,0;0.4;0.4_0;0;0_0;0;0_-100;2;5475_-100;2;5475_-100;2;5475,34.1068493150685,Prevalence,0.00611109081455623
NbyGQVwzFc_loc12_loop6,12,ITN 0%/IRS 0%/Larvicide 0%,0;0.4;0.4_0;0;0_0;0;0_-100;2;5475_-100;2;5475_-100;2;5475,34.1095890410959,Prevalence,0.00611040487891255
NbyGQVwzFc_loc12_loop6,12,ITN 0%/IRS 0%/Larvicide 0%,0;0.4;0.4_0;0;0_0;0;0_-100;2;5475_-100;2;5475_-100;2;5475,34.1123287671233,Prevalence,0.00610973114813683
NbyGQVwzFc_loc12_loop6,12,ITN 0%/IRS 0%/Larvicide 0%,0;0.4;0.4_0;0;0_0;0;0_-100;2;5475_-100;2;5475_-100;2;5475,34.1150684931507,Prevalence,0.00610906958831911
NbyGQVwzFc_loc12_loop6,12,ITN 0%/IRS 0%/Larvicide 0%,0;0.4;0.4_0;0;0_0;0;0_-100;2;5475_-100;2;5475_-100;2;5475,34.1178082191781,Prevalence,0.00610842016573586
NbyGQVwzFc_loc12_loop6,12,ITN 0%/IRS 0%/Larvicide 0%,0;0.4;0.4_0;0;0_0;0;0_-100;2;5475_-100;2;5475_-100;2;5475,34.1205479452055,Prevalence,0.00610778284684899
NbyGQVwzFc_loc12_loop6,12,ITN 0%/IRS 0%/Larvicide 0%,0;0.4;0.4_0;0;0_0;0;0_-100;2;5475_-100;2;5475_-100;2;5475,34.1232876712329,Prevalence,0.00610715759830447
NbyGQVwzFc_loc12_loop6,12,ITN 0%/IRS 0%/Larvicide 0%,0;0.4;0.4_0;0;0_0;0;0_-100;2;5475_-100;2;5475_-100;2;5475,34.1260273972603,Prevalence,0.00610654438693104
NbyGQVwzFc_loc12_loop6,12,ITN 0%/IRS 0%/Larvicide 0%,0;0.4;0.4_0;0;0_0;0;0_-100;2;5475_-100;2;5475_-100;2;5475,34.1287671232877,Prevalence,0.00610594317973921
NbyGQVwzFc_loc12_loop6,12,ITN 0%/IRS 0%/Larvicide 0%,0;0.4;0.4_0;0;0_0;0;0_-100;2;5475_-100;2;5475_-100;2;5475,34.1315068493151,Prevalence,0.00610535394392022
NbyGQVwzFc_loc12_loop6,12,ITN 0%/IRS 0%/Larvicide 0%,0;0.4;0.4_0;0;0_0;0;0_-100;2;5475_-100;2;5475_-100;2;5475,34.1342465753425,Prevalence,0.00610477664684467
NbyGQVwzFc_loc12_loop6,12,ITN 0%/IRS 0%/Larvicide 0%,0;0.4;0.4_0;0;0_0;0;0_-100;2;5475_-100;2;5475_-100;2;5475,34.1369863013699,Prevalence,0.0061042112560615
NbyGQVwzFc_loc12_loop6,12,ITN 0%/IRS 0%/Larvicide 0%,0;0.4;0.4_0;0;0_0;0;0_-100;2;5475_-100;2;5475_-100;2;5475,34.1397260273973,Prevalence,0.00610365773929694
NbyGQVwzFc_loc12_loop6,12,ITN 0%/IRS 0%/Larvicide 0%,0;0.4;0.4_0;0;0_0;0;0_-100;2;5475_-100;2;5475_-100;2;5475,34.1424657534247,Prevalence,0.00610311606445327
NbyGQVwzFc_loc12_loop6,12,ITN 0%/IRS 0%/Larvicide 0%,0;0.4;0.4_0;0;0_0;0;0_-100;2;5475_-100;2;5475_-100;2;5475,34.1452054794521,Prevalence,0.00610258619960775
NbyGQVwzFc_loc12_loop6,12,ITN 0%/IRS 0%/Larvicide 0%,0;0.4;0.4_0;0;0_0;0;0_-100;2;5475_-100;2;5475_-100;2;5475,34.1479452054795,Prevalence,0.00610206811301157
NbyGQVwzFc_loc12_loop6,12,ITN 0%/IRS 0%/Larvicide 0%,0;0.4;0.4_0;0;0_0;0;0_-100;2;5475_-100;2;5475_-100;2;5475,34.1506849315069,Prevalence,0.00610156177308871
NbyGQVwzFc_loc12_loop6,12,ITN 0%/IRS 0%/Larvicide 0%,0;0.4;0.4_0;0;0_0;0;0_-100;2;5475_-100;2;5475_-100;2;5475,34.1534246575342,Prevalence,0.00610106714843486
NbyGQVwzFc_loc12_loop6,12,ITN 0%/IRS 0%/Larvicide 0%,0;0.4;0.4_0;0;0_0;0;0_-100;2;5475_-100;2;5475_-100;2;5475,34.1561643835616,Prevalence,0.00610058420781632
NbyGQVwzFc_loc12_loop6,12,ITN 0%/IRS 0%/Larvicide 0%,0;0.4;0.4_0;0;0_0;0;0_-100;2;5475_-100;2;5475_-100;2;5475,34.158904109589,Prevalence,0.00610011292016901
NbyGQVwzFc_loc12_loop6,12,ITN 0%/IRS 0%/Larvicide 0%,0;0.4;0.4_0;0;0_0;0;0_-100;2;5475_-100;2;5475_-100;2;5475,34.1616438356164,Prevalence,0.00609965325459728
NbyGQVwzFc_loc12_loop6,12,ITN 0%/IRS 0%/Larvicide 0%,0;0.4;0.4_0;0;0_0;0;0_-100;2;5475_-100;2;5475_-100;2;5475,34.1643835616438,Prevalence,0.00609920518037294
NbyGQVwzFc_loc12_loop6,12,ITN 0%/IRS 0%/Larvicide 0%,0;0.4;0.4_0;0;0_0;0;0_-100;2;5475_-100;2;5475_-100;2;5475,34.1671232876712,Prevalence,0.0060987686669342
NbyGQVwzFc_loc12_loop6,12,ITN 0%/IRS 0%/Larvicide 0%,0;0.4;0.4_0;0;0_0;0;0_-100;2;5475_-100;2;5475_-100;2;5475,34.1698630136986,Prevalence,0.00609834368388461
NbyGQVwzFc_loc12_loop6,12,ITN 0%/IRS 0%/Larvicide 0%,0;0.4;0.4_0;0;0_0;0;0_-100;2;5475_-100;2;5475_-100;2;5475,34.172602739726,Prevalence,0.00609793020099198
NbyGQVwzFc_loc12_loop6,12,ITN 0%/IRS 0%/Larvicide 0%,0;0.4;0.4_0;0;0_0;0;0_-100;2;5475_-100;2;5475_-100;2;5475,34.1753424657534,Prevalence,0.00609752818818746
NbyGQVwzFc_loc12_loop6,12,ITN 0%/IRS 0%/Larvicide 0%,0;0.4;0.4_0;0;0_0;0;0_-100;2;5475_-100;2;5475_-100;2;5475,34.1780821917808,Prevalence,0.00609713761556469
NbyGQVwzFc_loc12_loop6,12,ITN 0%/IRS 0%/Larvicide 0%,0;0.4;0.4_0;0;0_0;0;0_-100;2;5475_-100;2;5475_-100;2;5475,34.1808219178082,Prevalence,0.00609675845337854
NbyGQVwzFc_loc12_loop6,12,ITN 0%/IRS 0%/Larvicide 0%,0;0.4;0.4_0;0;0_0;0;0_-100;2;5475_-100;2;5475_-100;2;5475,34.1835616438356,Prevalence,0.006096390672044
NbyGQVwzFc_loc12_loop6,12,ITN 0%/IRS 0%/Larvicide 0%,0;0.4;0.4_0;0;0_0;0;0_-100;2;5475_-100;2;5475_-100;2;5475,34.186301369863,Prevalence,0.00609603424213532
NbyGQVwzFc_loc12_loop6,12,ITN 0%/IRS 0%/Larvicide 0%,0;0.4;0.4_0;0;0_0;0;0_-100;2;5475_-100;2;5475_-100;2;5475,34.1890410958904,Prevalence,0.00609568913438494
NbyGQVwzFc_loc12_loop6,12,ITN 0%/IRS 0%/Larvicide 0%,0;0.4;0.4_0;0;0_0;0;0_-100;2;5475_-100;2;5475_-100;2;5475,34.1917808219178,Prevalence,0.00609535531968251
NbyGQVwzFc_loc12_loop6,12,ITN 0%/IRS 0%/Larvicide 0%,0;0.4;0.4_0;0;0_0;0;0_-100;2;5475_-100;2;5475_-100;2;5475,34.1945205479452,Prevalence,0.00609503276907392
NbyGQVwzFc_loc12_loop6,12,ITN 0%/IRS 0%/Larvicide 0%,0;0.4;0.4_0;0;0_0;0;0_-100;2;5475_-100;2;5475_-100;2;5475,34.1972602739726,Prevalence,0.00609472145376029
NbyGQVwzFc_loc12_loop6,12,ITN 0%/IRS 0%/Larvicide 0%,0;0.4;0.4_0;0;0_0;0;0_-100;2;5475_-100;2;5475_-100;2;5475,34.2,Prevalence,0.00609442134509707
NbyGQVwzFc_loc12_loop6,12,ITN 0%/IRS 0%/Larvicide 0%,0;0.4;0.4_0;0;0_0;0;0_-100;2;5475_-100;2;5475_-100;2;5475,34.2027397260274,Prevalence,0.00609413241459295
NbyGQVwzFc_loc12_loop6,12,ITN 0%/IRS 0%/Larvicide 0%,0;0.4;0.4_0;0;0_0;0;0_-100;2;5475_-100;2;5475_-100;2;5475,34.2054794520548,Prevalence,0.00609385463390903
NbyGQVwzFc_loc12_loop6,12,ITN 0%/IRS 0%/Larvicide 0%,0;0.4;0.4_0;0;0_0;0;0_-100;2;5475_-100;2;5475_-100;2;5475,34.2082191780822,Prevalence,0.00609358797485777
NbyGQVwzFc_loc12_loop6,12,ITN 0%/IRS 0%/Larvicide 0%,0;0.4;0.4_0;0;0_0;0;0_-100;2;5475_-100;2;5475_-100;2;5475,34.2109589041096,Prevalence,0.0060933324094021
NbyGQVwzFc_loc12_loop6,12,ITN 0%/IRS 0%/Larvicide 0%,0;0.4;0.4_0;0;0_0;0;0_-100;2;5475_-100;2;5475_-100;2;5475,34.213698630137,Prevalence,0.00609308790965444
NbyGQVwzFc_loc12_loop6,12,ITN 0%/IRS 0%/Larvicide 0%,0;0.4;0.4_0;0;0_0;0;0_-100;2;5475_-100;2;5475_-100;2;5475,34.2164383561644,Prevalence,0.00609285444787578
NbyGQVwzFc_loc12_loop6,12,ITN 0%/IRS 0%/Larvicide 0%,0;0.4;0.4_0;0;0_0;0;0_-100;2;5475_-100;2;5475_-100;2;5475,34.2191780821918,Prevalence,0.00609263199647476
NbyGQVwzFc_loc12_loop6,12,ITN 0%/IRS 0%/Larvicide 0%,0;0.4;0.4_0;0;0_0;0;0_-100;2;5475_-100;2;5475_-100;2;5475,34.2219178082192,Prevalence,0.00609242052800672
NbyGQVwzFc_loc12_loop6,12,ITN 0%/IRS 0%/Larvicide 0%,0;0.4;0.4_0;0;0_0;0;0_-100;2;5475_-100;2;5475_-100;2;5475,34.2246575342466,Prevalence,0.00609222001517282
NbyGQVwzFc_loc12_loop6,12,ITN 0%/IRS 0%/Larvicide 0%,0;0.4;0.4_0;0;0_0;0;0_-100;2;5475_-100;2;5475_-100;2;5475,34.227397260274,Prevalence,0.00609203043081908
NbyGQVwzFc_loc12_loop6,12,ITN 0%/IRS 0%/Larvicide 0%,0;0.4;0.4_0;0;0_0;0;0_-100;2;5475_-100;2;5475_-100;2;5475,34.2301369863014,Prevalence,0.0060918517479355
NbyGQVwzFc_loc12_loop6,12,ITN 0%/IRS 0%/Larvicide 0%,0;0.4;0.4_0;0;0_0;0;0_-100;2;5475_-100;2;5475_-100;2;5475,34.2328767123288,Prevalence,0.00609168393965517
NbyGQVwzFc_loc12_loop6,12,ITN 0%/IRS 0%/Larvicide 0%,0;0.4;0.4_0;0;0_0;0;0_-100;2;5475_-100;2;5475_-100;2;5475,34.2356164383562,Prevalence,0.00609152697925334
NbyGQVwzFc_loc12_loop6,12,ITN 0%/IRS 0%/Larvicide 0%,0;0.4;0.4_0;0;0_0;0;0_-100;2;5475_-100;2;5475_-100;2;5475,34.2383561643836,Prevalence,0.00609138084014664
NbyGQVwzFc_loc12_loop6,12,ITN 0%/IRS 0%/Larvicide 0%,0;0.4;0.4_0;0;0_0;0;0_-100;2;5475_-100;2;5475_-100;2;5475,34.241095890411,Prevalence,0.00609124549589234
NbyGQVwzFc_loc12_loop6,12,ITN 0%/IRS 0%/Larvicide 0%,0;0.4;0.4_0;0;0_0;0;0_-100;2;5475_-100;2;5475_-100;2;5475,34.2438356164384,Prevalence,0.00609112092018719
NbyGQVwzFc_loc12_loop6,12,ITN 0%/IRS 0%/Larvicide 0%,0;0.4;0.4_0;0;0_0;0;0_-100;2;5475_-100;2;5475_-100;2;5475,34.2465753424658,Prevalence,0.00609100708686654
NbyGQVwzFc_loc12_loop6,12,ITN 0%/IRS 0%/Larvicide 0%,0;0.4;0.4_0;0;0_0;0;0_-100;2;5475_-100;2;5475_-100;2;5475,34.2493150684932,Prevalence,0.00609090396990352
NbyGQVwzFc_loc12_loop6,12,ITN 0%/IRS 0%/Larvicide 0%,0;0.4;0.4_0;0;0_0;0;0_-100;2;5475_-100;2;5475_-100;2;5475,34.2520547945206,Prevalence,0.00609081154340823
NbyGQVwzFc_loc12_loop6,12,ITN 0%/IRS 0%/Larvicide 0%,0;0.4;0.4_0;0;0_0;0;0_-100;2;5475_-100;2;5475_-100;2;5475,34.2547945205479,Prevalence,0.00609072978162679
NbyGQVwzFc_loc12_loop6,12,ITN 0%/IRS 0%/Larvicide 0%,0;0.4;0.4_0;0;0_0;0;0_-100;2;5475_-100;2;5475_-100;2;5475,34.2575342465753,Prevalence,0.00609065865894058
NbyGQVwzFc_loc12_loop6,12,ITN 0%/IRS 0%/Larvicide 0%,0;0.4;0.4_0;0;0_0;0;0_-100;2;5475_-100;2;5475_-100;2;5475,34.2602739726027,Prevalence,0.00609059814986533
NbyGQVwzFc_loc12_loop6,12,ITN 0%/IRS 0%/Larvicide 0%,0;0.4;0.4_0;0;0_0;0;0_-100;2;5475_-100;2;5475_-100;2;5475,34.2630136986301,Prevalence,0.00609054822905032
NbyGQVwzFc_loc12_loop6,12,ITN 0%/IRS 0%/Larvicide 0%,0;0.4;0.4_0;0;0_0;0;0_-100;2;5475_-100;2;5475_-100;2;5475,34.2657534246575,Prevalence,0.00609050887127753
NbyGQVwzFc_loc12_loop6,12,ITN 0%/IRS 0%/Larvicide 0%,0;0.4;0.4_0;0;0_0;0;0_-100;2;5475_-100;2;5475_-100;2;5475,34.2684931506849,Prevalence,0.00609048005146082
NbyGQVwzFc_loc12_loop6,12,ITN 0%/IRS 0%/Larvicide 0%,0;0.4;0.4_0;0;0_0;0;0_-100;2;5475_-100;2;5475_-100;2;5475,34.2712328767123,Prevalence,0.00609046174464509
NbyGQVwzFc_loc12_loop6,12,ITN 0%/IRS 0%/Larvicide 0%,0;0.4;0.4_0;0;0_0;0;0_-100;2;5475_-100;2;5475_-100;2;5475,34.2739726027397,Prevalence,0.00609045392600548
NbyGQVwzFc_loc12_loop6,12,ITN 0%/IRS 0%/Larvicide 0%,0;0.4;0.4_0;0;0_0;0;0_-100;2;5475_-100;2;5475_-100;2;5475,34.2767123287671,Prevalence,0.00609045657084655
NbyGQVwzFc_loc12_loop6,12,ITN 0%/IRS 0%/Larvicide 0%,0;0.4;0.4_0;0;0_0;0;0_-100;2;5475_-100;2;5475_-100;2;5475,34.2794520547945,Prevalence,0.00609046965460145
NbyGQVwzFc_loc12_loop6,12,ITN 0%/IRS 0%/Larvicide 0%,0;0.4;0.4_0;0;0_0;0;0_-100;2;5475_-100;2;5475_-100;2;5475,34.2821917808219,Prevalence,0.00609049315283118
NbyGQVwzFc_loc12_loop6,12,ITN 0%/IRS 0%/Larvicide 0%,0;0.4;0.4_0;0;0_0;0;0_-100;2;5475_-100;2;5475_-100;2;5475,34.2849315068493,Prevalence,0.00609052704122371
NbyGQVwzFc_loc12_loop6,12,ITN 0%/IRS 0%/Larvicide 0%,0;0.4;0.4_0;0;0_0;0;0_-100;2;5475_-100;2;5475_-100;2;5475,34.2876712328767,Prevalence,0.00609057129559324
NbyGQVwzFc_loc12_loop6,12,ITN 0%/IRS 0%/Larvicide 0%,0;0.4;0.4_0;0;0_0;0;0_-100;2;5475_-100;2;5475_-100;2;5475,34.2904109589041,Prevalence,0.00609062589187942
NbyGQVwzFc_loc12_loop6,12,ITN 0%/IRS 0%/Larvicide 0%,0;0.4;0.4_0;0;0_0;0;0_-100;2;5475_-100;2;5475_-100;2;5475,34.2931506849315,Prevalence,0.00609069080614652
NbyGQVwzFc_loc12_loop6,12,ITN 0%/IRS 0%/Larvicide 0%,0;0.4;0.4_0;0;0_0;0;0_-100;2;5475_-100;2;5475_-100;2;5475,34.2958904109589,Prevalence,0.00609076601458269
NbyGQVwzFc_loc12_loop6,12,ITN 0%/IRS 0%/Larvicide 0%,0;0.4;0.4_0;0;0_0;0;0_-100;2;5475_-100;2;5475_-100;2;5475,34.2986301369863,Prevalence,0.00609085149349918
NbyGQVwzFc_loc12_loop6,12,ITN 0%/IRS 0%/Larvicide 0%,0;0.4;0.4_0;0;0_0;0;0_-100;2;5475_-100;2;5475_-100;2;5475,34.3013698630137,Prevalence,0.00609094721932957
NbyGQVwzFc_loc12_loop6,12,ITN 0%/IRS 0%/Larvicide 0%,0;0.4;0.4_0;0;0_0;0;0_-100;2;5475_-100;2;5475_-100;2;5475,34.3041095890411,Prevalence,0.00609105316862917
NbyGQVwzFc_loc12_loop6,12,ITN 0%/IRS 0%/Larvicide 0%,0;0.4;0.4_0;0;0_0;0;0_-100;2;5475_-100;2;5475_-100;2;5475,34.3068493150685,Prevalence,0.00609116931807426
NbyGQVwzFc_loc12_loop6,12,ITN 0%/IRS 0%/Larvicide 0%,0;0.4;0.4_0;0;0_0;0;0_-100;2;5475_-100;2;5475_-100;2;5475,34.3095890410959,Prevalence,0.00609129564446102
NbyGQVwzFc_loc12_loop6,12,ITN 0%/IRS 0%/Larvicide 0%,0;0.4;0.4_0;0;0_0;0;0_-100;2;5475_-100;2;5475_-100;2;5475,34.3123287671233,Prevalence,0.00609143212470492
NbyGQVwzFc_loc12_loop6,12,ITN 0%/IRS 0%/Larvicide 0%,0;0.4;0.4_0;0;0_0;0;0_-100;2;5475_-100;2;5475_-100;2;5475,34.3150684931507,Prevalence,0.00609157873584
NbyGQVwzFc_loc12_loop6,12,ITN 0%/IRS 0%/Larvicide 0%,0;0.4;0.4_0;0;0_0;0;0_-100;2;5475_-100;2;5475_-100;2;5475,34.3178082191781,Prevalence,0.0060917354550181
NbyGQVwzFc_loc12_loop6,12,ITN 0%/IRS 0%/Larvicide 0%,0;0.4;0.4_0;0;0_0;0;0_-100;2;5475_-100;2;5475_-100;2;5475,34.3205479452055,Prevalence,0.00609190225950816
NbyGQVwzFc_loc12_loop6,12,ITN 0%/IRS 0%/Larvicide 0%,0;0.4;0.4_0;0;0_0;0;0_-100;2;5475_-100;2;5475_-100;2;5475,34.3232876712329,Prevalence,0.00609207912669547
NbyGQVwzFc_loc12_loop6,12,ITN 0%/IRS 0%/Larvicide 0%,0;0.4;0.4_0;0;0_0;0;0_-100;2;5475_-100;2;5475_-100;2;5475,34.3260273972603,Prevalence,0.00609226603408093
NbyGQVwzFc_loc12_loop6,12,ITN 0%/IRS 0%/Larvicide 0%,0;0.4;0.4_0;0;0_0;0;0_-100;2;5475_-100;2;5475_-100;2;5475,34.3287671232877,Prevalence,0.00609246295928038
NbyGQVwzFc_loc12_loop6,12,ITN 0%/IRS 0%/Larvicide 0%,0;0.4;0.4_0;0;0_0;0;0_-100;2;5475_-100;2;5475_-100;2;5475,34.3315068493151,Prevalence,0.00609266988002382
NbyGQVwzFc_loc12_loop6,12,ITN 0%/IRS 0%/Larvicide 0%,0;0.4;0.4_0;0;0_0;0;0_-100;2;5475_-100;2;5475_-100;2;5475,34.3342465753425,Prevalence,0.00609288677415474
NbyGQVwzFc_loc12_loop6,12,ITN 0%/IRS 0%/Larvicide 0%,0;0.4;0.4_0;0;0_0;0;0_-100;2;5475_-100;2;5475_-100;2;5475,34.3369863013699,Prevalence,0.0060931136196294
NbyGQVwzFc_loc12_loop6,12,ITN 0%/IRS 0%/Larvicide 0%,0;0.4;0.4_0;0;0_0;0;0_-100;2;5475_-100;2;5475_-100;2;5475,34.3397260273973,Prevalence,0.00609335039451614
NbyGQVwzFc_loc12_loop6,12,ITN 0%/IRS 0%/Larvicide 0%,0;0.4;0.4_0;0;0_0;0;0_-100;2;5475_-100;2;5475_-100;2;5475,34.3424657534247,Prevalence,0.00609359707699464
NbyGQVwzFc_loc12_loop6,12,ITN 0%/IRS 0%/Larvicide 0%,0;0.4;0.4_0;0;0_0;0;0_-100;2;5475_-100;2;5475_-100;2;5475,34.3452054794521,Prevalence,0.0060938536453553
NbyGQVwzFc_loc12_loop6,12,ITN 0%/IRS 0%/Larvicide 0%,0;0.4;0.4_0;0;0_0;0;0_-100;2;5475_-100;2;5475_-100;2;5475,34.3479452054795,Prevalence,0.00609412007799847
NbyGQVwzFc_loc12_loop6,12,ITN 0%/IRS 0%/Larvicide 0%,0;0.4;0.4_0;0;0_0;0;0_-100;2;5475_-100;2;5475_-100;2;5475,34.3506849315069,Prevalence,0.0060943963534338
NbyGQVwzFc_loc12_loop6,12,ITN 0%/IRS 0%/Larvicide 0%,0;0.4;0.4_0;0;0_0;0;0_-100;2;5475_-100;2;5475_-100;2;5475,34.3534246575343,Prevalence,0.00609468245027958
NbyGQVwzFc_loc12_loop6,12,ITN 0%/IRS 0%/Larvicide 0%,0;0.4;0.4_0;0;0_0;0;0_-100;2;5475_-100;2;5475_-100;2;5475,34.3561643835616,Prevalence,0.00609497834726203
NbyGQVwzFc_loc12_loop6,12,ITN 0%/IRS 0%/Larvicide 0%,0;0.4;0.4_0;0;0_0;0;0_-100;2;5475_-100;2;5475_-100;2;5475,34.358904109589,Prevalence,0.00609528402321464
NbyGQVwzFc_loc12_loop6,12,ITN 0%/IRS 0%/Larvicide 0%,0;0.4;0.4_0;0;0_0;0;0_-100;2;5475_-100;2;5475_-100;2;5475,34.3616438356164,Prevalence,0.00609559945707749
NbyGQVwzFc_loc12_loop6,12,ITN 0%/IRS 0%/Larvicide 0%,0;0.4;0.4_0;0;0_0;0;0_-100;2;5475_-100;2;5475_-100;2;5475,34.3643835616438,Prevalence,0.00609592462789662
NbyGQVwzFc_loc12_loop6,12,ITN 0%/IRS 0%/Larvicide 0%,0;0.4;0.4_0;0;0_0;0;0_-100;2;5475_-100;2;5475_-100;2;5475,34.3671232876712,Prevalence,0.00609625951482333
NbyGQVwzFc_loc12_loop6,12,ITN 0%/IRS 0%/Larvicide 0%,0;0.4;0.4_0;0;0_0;0;0_-100;2;5475_-100;2;5475_-100;2;5475,34.3698630136986,Prevalence,0.00609660409711363
NbyGQVwzFc_loc12_loop6,12,ITN 0%/IRS 0%/Larvicide 0%,0;0.4;0.4_0;0;0_0;0;0_-100;2;5475_-100;2;5475_-100;2;5475,34.372602739726,Prevalence,0.00609695835412778
NbyGQVwzFc_loc12_loop6,12,ITN 0%/IRS 0%/Larvicide 0%,0;0.4;0.4_0;0;0_0;0;0_-100;2;5475_-100;2;5475_-100;2;5475,34.3753424657534,Prevalence,0.00609732226532913
NbyGQVwzFc_loc12_loop6,12,ITN 0%/IRS 0%/Larvicide 0%,0;0.4;0.4_0;0;0_0;0;0_-100;2;5475_-100;2;5475_-100;2;5475,34.3780821917808,Prevalence,0.0060976958102837
NbyGQVwzFc_loc12_loop6,12,ITN 0%/IRS 0%/Larvicide 0%,0;0.4;0.4_0;0;0_0;0;0_-100;2;5475_-100;2;5475_-100;2;5475,34.3808219178082,Prevalence,0.00609807896865955
NbyGQVwzFc_loc12_loop6,12,ITN 0%/IRS 0%/Larvicide 0%,0;0.4;0.4_0;0;0_0;0;0_-100;2;5475_-100;2;5475_-100;2;5475,34.3835616438356,Prevalence,0.00609847172022611
NbyGQVwzFc_loc12_loop6,12,ITN 0%/IRS 0%/Larvicide 0%,0;0.4;0.4_0;0;0_0;0;0_-100;2;5475_-100;2;5475_-100;2;5475,34.386301369863,Prevalence,0.00609887404485361
NbyGQVwzFc_loc12_loop6,12,ITN 0%/IRS 0%/Larvicide 0%,0;0.4;0.4_0;0;0_0;0;0_-100;2;5475_-100;2;5475_-100;2;5475,34.3890410958904,Prevalence,0.00609928592251236
NbyGQVwzFc_loc12_loop6,12,ITN 0%/IRS 0%/Larvicide 0%,0;0.4;0.4_0;0;0_0;0;0_-100;2;5475_-100;2;5475_-100;2;5475,34.3917808219178,Prevalence,0.00609970733327224
NbyGQVwzFc_loc12_loop6,12,ITN 0%/IRS 0%/Larvicide 0%,0;0.4;0.4_0;0;0_0;0;0_-100;2;5475_-100;2;5475_-100;2;5475,34.3945205479452,Prevalence,0.00610013825730198
NbyGQVwzFc_loc12_loop6,12,ITN 0%/IRS 0%/Larvicide 0%,0;0.4;0.4_0;0;0_0;0;0_-100;2;5475_-100;2;5475_-100;2;5475,34.3972602739726,Prevalence,0.0061005786748686
NbyGQVwzFc_loc12_loop6,12,ITN 0%/IRS 0%/Larvicide 0%,0;0.4;0.4_0;0;0_0;0;0_-100;2;5475_-100;2;5475_-100;2;5475,34.4,Prevalence,0.00610102856633679
NbyGQVwzFc_loc12_loop6,12,ITN 0%/IRS 0%/Larvicide 0%,0;0.4;0.4_0;0;0_0;0;0_-100;2;5475_-100;2;5475_-100;2;5475,34.4027397260274,Prevalence,0.00610148791216827
NbyGQVwzFc_loc12_loop6,12,ITN 0%/IRS 0%/Larvicide 0%,0;0.4;0.4_0;0;0_0;0;0_-100;2;5475_-100;2;5475_-100;2;5475,34.4054794520548,Prevalence,0.00610195669292122
NbyGQVwzFc_loc12_loop6,12,ITN 0%/IRS 0%/Larvicide 0%,0;0.4;0.4_0;0;0_0;0;0_-100;2;5475_-100;2;5475_-100;2;5475,34.4082191780822,Prevalence,0.00610243488924967
NbyGQVwzFc_loc12_loop6,12,ITN 0%/IRS 0%/Larvicide 0%,0;0.4;0.4_0;0;0_0;0;0_-100;2;5475_-100;2;5475_-100;2;5475,34.4109589041096,Prevalence,0.00610292248190288
NbyGQVwzFc_loc12_loop6,12,ITN 0%/IRS 0%/Larvicide 0%,0;0.4;0.4_0;0;0_0;0;0_-100;2;5475_-100;2;5475_-100;2;5475,34.413698630137,Prevalence,0.00610341945172479
NbyGQVwzFc_loc12_loop6,12,ITN 0%/IRS 0%/Larvicide 0%,0;0.4;0.4_0;0;0_0;0;0_-100;2;5475_-100;2;5475_-100;2;5475,34.4164383561644,Prevalence,0.00610392577965338
NbyGQVwzFc_loc12_loop6,12,ITN 0%/IRS 0%/Larvicide 0%,0;0.4;0.4_0;0;0_0;0;0_-100;2;5475_-100;2;5475_-100;2;5475,34.4191780821918,Prevalence,0.00610444144672013
NbyGQVwzFc_loc12_loop6,12,ITN 0%/IRS 0%/Larvicide 0%,0;0.4;0.4_0;0;0_0;0;0_-100;2;5475_-100;2;5475_-100;2;5475,34.4219178082192,Prevalence,0.00610496643404939
NbyGQVwzFc_loc12_loop6,12,ITN 0%/IRS 0%/Larvicide 0%,0;0.4;0.4_0;0;0_0;0;0_-100;2;5475_-100;2;5475_-100;2;5475,34.4246575342466,Prevalence,0.00610550072285784
NbyGQVwzFc_loc12_loop6,12,ITN 0%/IRS 0%/Larvicide 0%,0;0.4;0.4_0;0;0_0;0;0_-100;2;5475_-100;2;5475_-100;2;5475,34.427397260274,Prevalence,0.00610604429445387
NbyGQVwzFc_loc12_loop6,12,ITN 0%/IRS 0%/Larvicide 0%,0;0.4;0.4_0;0;0_0;0;0_-100;2;5475_-100;2;5475_-100;2;5475,34.4301369863014,Prevalence,0.0061065971302371
NbyGQVwzFc_loc12_loop6,12,ITN 0%/IRS 0%/Larvicide 0%,0;0.4;0.4_0;0;0_0;0;0_-100;2;5475_-100;2;5475_-100;2;5475,34.4328767123288,Prevalence,0.00610715921169768
NbyGQVwzFc_loc12_loop6,12,ITN 0%/IRS 0%/Larvicide 0%,0;0.4;0.4_0;0;0_0;0;0_-100;2;5475_-100;2;5475_-100;2;5475,34.4356164383562,Prevalence,0.00610773052041581
NbyGQVwzFc_loc12_loop6,12,ITN 0%/IRS 0%/Larvicide 0%,0;0.4;0.4_0;0;0_0;0;0_-100;2;5475_-100;2;5475_-100;2;5475,34.4383561643836,Prevalence,0.00610831103806131
NbyGQVwzFc_loc12_loop6,12,ITN 0%/IRS 0%/Larvicide 0%,0;0.4;0.4_0;0;0_0;0;0_-100;2;5475_-100;2;5475_-100;2;5475,34.441095890411,Prevalence,0.00610890074639309
NbyGQVwzFc_loc12_loop6,12,ITN 0%/IRS 0%/Larvicide 0%,0;0.4;0.4_0;0;0_0;0;0_-100;2;5475_-100;2;5475_-100;2;5475,34.4438356164384,Prevalence,0.00610949962725822
NbyGQVwzFc_loc12_loop6,12,ITN 0%/IRS 0%/Larvicide 0%,0;0.4;0.4_0;0;0_0;0;0_-100;2;5475_-100;2;5475_-100;2;5475,34.4465753424658,Prevalence,0.00611010766259155
NbyGQVwzFc_loc12_loop6,12,ITN 0%/IRS 0%/Larvicide 0%,0;0.4;0.4_0;0;0_0;0;0_-100;2;5475_-100;2;5475_-100;2;5475,34.4493150684932,Prevalence,0.00611072483441517
NbyGQVwzFc_loc12_loop6,12,ITN 0%/IRS 0%/Larvicide 0%,0;0.4;0.4_0;0;0_0;0;0_-100;2;5475_-100;2;5475_-100;2;5475,34.4520547945206,Prevalence,0.0061113511248379
NbyGQVwzFc_loc12_loop6,12,ITN 0%/IRS 0%/Larvicide 0%,0;0.4;0.4_0;0;0_0;0;0_-100;2;5475_-100;2;5475_-100;2;5475,34.4547945205479,Prevalence,0.00611198651605469
NbyGQVwzFc_loc12_loop6,12,ITN 0%/IRS 0%/Larvicide 0%,0;0.4;0.4_0;0;0_0;0;0_-100;2;5475_-100;2;5475_-100;2;5475,34.4575342465753,Prevalence,0.00611263099034616
NbyGQVwzFc_loc12_loop6,12,ITN 0%/IRS 0%/Larvicide 0%,0;0.4;0.4_0;0;0_0;0;0_-100;2;5475_-100;2;5475_-100;2;5475,34.4602739726027,Prevalence,0.00611328453007798
NbyGQVwzFc_loc12_loop6,12,ITN 0%/IRS 0%/Larvicide 0%,0;0.4;0.4_0;0;0_0;0;0_-100;2;5475_-100;2;5475_-100;2;5475,34.4630136986301,Prevalence,0.00611394711770041
NbyGQVwzFc_loc12_loop6,12,ITN 0%/IRS 0%/Larvicide 0%,0;0.4;0.4_0;0;0_0;0;0_-100;2;5475_-100;2;5475_-100;2;5475,34.4657534246575,Prevalence,0.00611461873574772
NbyGQVwzFc_loc12_loop6,12,ITN 0%/IRS 0%/Larvicide 0%,0;0.4;0.4_0;0;0_0;0;0_-100;2;5475_-100;2;5475_-100;2;5475,34.4684931506849,Prevalence,0.00611529936683771
NbyGQVwzFc_loc12_loop6,12,ITN 0%/IRS 0%/Larvicide 0%,0;0.4;0.4_0;0;0_0;0;0_-100;2;5475_-100;2;5475_-100;2;5475,34.4712328767123,Prevalence,0.00611598899367114
NbyGQVwzFc_loc12_loop6,12,ITN 0%/IRS 0%/Larvicide 0%,0;0.4;0.4_0;0;0_0;0;0_-100;2;5475_-100;2;5475_-100;2;5475,34.4739726027397,Prevalence,0.00611668759903125
NbyGQVwzFc_loc12_loop6,12,ITN 0%/IRS 0%/Larvicide 0%,0;0.4;0.4_0;0;0_0;0;0_-100;2;5475_-100;2;5475_-100;2;5475,34.4767123287671,Prevalence,0.00611739516578321
NbyGQVwzFc_loc12_loop6,12,ITN 0%/IRS 0%/Larvicide 0%,0;0.4;0.4_0;0;0_0;0;0_-100;2;5475_-100;2;5475_-100;2;5475,34.4794520547945,Prevalence,0.00611811167687365
NbyGQVwzFc_loc12_loop6,12,ITN 0%/IRS 0%/Larvicide 0%,0;0.4;0.4_0;0;0_0;0;0_-100;2;5475_-100;2;5475_-100;2;5475,34.4821917808219,Prevalence,0.00611883711533012
NbyGQVwzFc_loc12_loop6,12,ITN 0%/IRS 0%/Larvicide 0%,0;0.4;0.4_0;0;0_0;0;0_-100;2;5475_-100;2;5475_-100;2;5475,34.4849315068493,Prevalence,0.00611957146426059
NbyGQVwzFc_loc12_loop6,12,ITN 0%/IRS 0%/Larvicide 0%,0;0.4;0.4_0;0;0_0;0;0_-100;2;5475_-100;2;5475_-100;2;5475,34.4876712328767,Prevalence,0.00612031470685292
NbyGQVwzFc_loc12_loop6,12,ITN 0%/IRS 0%/Larvicide 0%,0;0.4;0.4_0;0;0_0;0;0_-100;2;5475_-100;2;5475_-100;2;5475,34.4904109589041,Prevalence,0.00612106682637444
NbyGQVwzFc_loc12_loop6,12,ITN 0%/IRS 0%/Larvicide 0%,0;0.4;0.4_0;0;0_0;0;0_-100;2;5475_-100;2;5475_-100;2;5475,34.4931506849315,Prevalence,0.00612182780617136
NbyGQVwzFc_loc12_loop6,12,ITN 0%/IRS 0%/Larvicide 0%,0;0.4;0.4_0;0;0_0;0;0_-100;2;5475_-100;2;5475_-100;2;5475,34.4958904109589,Prevalence,0.00612259762966832
NbyGQVwzFc_loc12_loop6,12,ITN 0%/IRS 0%/Larvicide 0%,0;0.4;0.4_0;0;0_0;0;0_-100;2;5475_-100;2;5475_-100;2;5475,34.4986301369863,Prevalence,0.00612337628036789
NbyGQVwzFc_loc12_loop6,12,ITN 0%/IRS 0%/Larvicide 0%,0;0.4;0.4_0;0;0_0;0;0_-100;2;5475_-100;2;5475_-100;2;5475,34.5013698630137,Prevalence,0.00612416374185011
NbyGQVwzFc_loc12_loop6,12,ITN 0%/IRS 0%/Larvicide 0%,0;0.4;0.4_0;0;0_0;0;0_-100;2;5475_-100;2;5475_-100;2;5475,34.5041095890411,Prevalence,0.00612495999777196
NbyGQVwzFc_loc12_loop6,12,ITN 0%/IRS 0%/Larvicide 0%,0;0.4;0.4_0;0;0_0;0;0_-100;2;5475_-100;2;5475_-100;2;5475,34.5068493150685,Prevalence,0.0061257650318669
NbyGQVwzFc_loc12_loop6,12,ITN 0%/IRS 0%/Larvicide 0%,0;0.4;0.4_0;0;0_0;0;0_-100;2;5475_-100;2;5475_-100;2;5475,34.5095890410959,Prevalence,0.00612657882794462
NbyGQVwzFc_loc12_loop6,12,ITN 0%/IRS 0%/Larvicide 0%,0;0.4;0.4_0;0;0_0;0;0_-100;2;5475_-100;2;5475_-100;2;5475,34.5123287671233,Prevalence,0.00612740136989033
NbyGQVwzFc_loc12_loop6,12,ITN 0%/IRS 0%/Larvicide 0%,0;0.4;0.4_0;0;0_0;0;0_-100;2;5475_-100;2;5475_-100;2;5475,34.5150684931507,Prevalence,0.00612823264166415
NbyGQVwzFc_loc12_loop6,12,ITN 0%/IRS 0%/Larvicide 0%,0;0.4;0.4_0;0;0_0;0;0_-100;2;5475_-100;2;5475_-100;2;5475,34.5178082191781,Prevalence,0.00612907262730075
NbyGQVwzFc_loc12_loop6,12,ITN 0%/IRS 0%/Larvicide 0%,0;0.4;0.4_0;0;0_0;0;0_-100;2;5475_-100;2;5475_-100;2;5475,34.5205479452055,Prevalence,0.00612992131090889
NbyGQVwzFc_loc12_loop6,12,ITN 0%/IRS 0%/Larvicide 0%,0;0.4;0.4_0;0;0_0;0;0_-100;2;5475_-100;2;5475_-100;2;5475,34.5232876712329,Prevalence,0.006130778676671
NbyGQVwzFc_loc12_loop6,12,ITN 0%/IRS 0%/Larvicide 0%,0;0.4;0.4_0;0;0_0;0;0_-100;2;5475_-100;2;5475_-100;2;5475,34.5260273972603,Prevalence,0.00613164470884265
NbyGQVwzFc_loc12_loop6,12,ITN 0%/IRS 0%/Larvicide 0%,0;0.4;0.4_0;0;0_0;0;0_-100;2;5475_-100;2;5475_-100;2;5475,34.5287671232877,Prevalence,0.00613251939175214
NbyGQVwzFc_loc12_loop6,12,ITN 0%/IRS 0%/Larvicide 0%,0;0.4;0.4_0;0;0_0;0;0_-100;2;5475_-100;2;5475_-100;2;5475,34.5315068493151,Prevalence,0.00613340270980004
NbyGQVwzFc_loc12_loop6,12,ITN 0%/IRS 0%/Larvicide 0%,0;0.4;0.4_0;0;0_0;0;0_-100;2;5475_-100;2;5475_-100;2;5475,34.5342465753425,Prevalence,0.00613429464745872
NbyGQVwzFc_loc12_loop6,12,ITN 0%/IRS 0%/Larvicide 0%,0;0.4;0.4_0;0;0_0;0;0_-100;2;5475_-100;2;5475_-100;2;5475,34.5369863013699,Prevalence,0.00613519518927189
NbyGQVwzFc_loc12_loop6,12,ITN 0%/IRS 0%/Larvicide 0%,0;0.4;0.4_0;0;0_0;0;0_-100;2;5475_-100;2;5475_-100;2;5475,34.5397260273973,Prevalence,0.00613610431985419
NbyGQVwzFc_loc12_loop6,12,ITN 0%/IRS 0%/Larvicide 0%,0;0.4;0.4_0;0;0_0;0;0_-100;2;5475_-100;2;5475_-100;2;5475,34.5424657534247,Prevalence,0.0061370220238907
NbyGQVwzFc_loc12_loop6,12,ITN 0%/IRS 0%/Larvicide 0%,0;0.4;0.4_0;0;0_0;0;0_-100;2;5475_-100;2;5475_-100;2;5475,34.5452054794521,Prevalence,0.0061379482861365
NbyGQVwzFc_loc12_loop6,12,ITN 0%/IRS 0%/Larvicide 0%,0;0.4;0.4_0;0;0_0;0;0_-100;2;5475_-100;2;5475_-100;2;5475,34.5479452054795,Prevalence,0.00613888309141628
NbyGQVwzFc_loc12_loop6,12,ITN 0%/IRS 0%/Larvicide 0%,0;0.4;0.4_0;0;0_0;0;0_-100;2;5475_-100;2;5475_-100;2;5475,34.5506849315069,Prevalence,0.00613982642462386
NbyGQVwzFc_loc12_loop6,12,ITN 0%/IRS 0%/Larvicide 0%,0;0.4;0.4_0;0;0_0;0;0_-100;2;5475_-100;2;5475_-100;2;5475,34.5534246575342,Prevalence,0.00614077827072171
NbyGQVwzFc_loc12_loop6,12,ITN 0%/IRS 0%/Larvicide 0%,0;0.4;0.4_0;0;0_0;0;0_-100;2;5475_-100;2;5475_-100;2;5475,34.5561643835616,Prevalence,0.00614173861474064
NbyGQVwzFc_loc12_loop6,12,ITN 0%/IRS 0%/Larvicide 0%,0;0.4;0.4_0;0;0_0;0;0_-100;2;5475_-100;2;5475_-100;2;5475,34.558904109589,Prevalence,0.00614270744177925
NbyGQVwzFc_loc12_loop6,12,ITN 0%/IRS 0%/Larvicide 0%,0;0.4;0.4_0;0;0_0;0;0_-100;2;5475_-100;2;5475_-100;2;5475,34.5616438356164,Prevalence,0.00614368473700355
NbyGQVwzFc_loc12_loop6,12,ITN 0%/IRS 0%/Larvicide 0%,0;0.4;0.4_0;0;0_0;0;0_-100;2;5475_-100;2;5475_-100;2;5475,34.5643835616438,Prevalence,0.00614467048564655
NbyGQVwzFc_loc12_loop6,12,ITN 0%/IRS 0%/Larvicide 0%,0;0.4;0.4_0;0;0_0;0;0_-100;2;5475_-100;2;5475_-100;2;5475,34.5671232876712,Prevalence,0.00614566467300783
NbyGQVwzFc_loc12_loop6,12,ITN 0%/IRS 0%/Larvicide 0%,0;0.4;0.4_0;0;0_0;0;0_-100;2;5475_-100;2;5475_-100;2;5475,34.5698630136986,Prevalence,0.00614666728445308
NbyGQVwzFc_loc12_loop6,12,ITN 0%/IRS 0%/Larvicide 0%,0;0.4;0.4_0;0;0_0;0;0_-100;2;5475_-100;2;5475_-100;2;5475,34.572602739726,Prevalence,0.00614767830541373
NbyGQVwzFc_loc12_loop6,12,ITN 0%/IRS 0%/Larvicide 0%,0;0.4;0.4_0;0;0_0;0;0_-100;2;5475_-100;2;5475_-100;2;5475,34.5753424657534,Prevalence,0.00614869772138651
NbyGQVwzFc_loc12_loop6,12,ITN 0%/IRS 0%/Larvicide 0%,0;0.4;0.4_0;0;0_0;0;0_-100;2;5475_-100;2;5475_-100;2;5475,34.5780821917808,Prevalence,0.00614972551793305
NbyGQVwzFc_loc12_loop6,12,ITN 0%/IRS 0%/Larvicide 0%,0;0.4;0.4_0;0;0_0;0;0_-100;2;5475_-100;2;5475_-100;2;5475,34.5808219178082,Prevalence,0.00615076168067951
NbyGQVwzFc_loc12_loop6,12,ITN 0%/IRS 0%/Larvicide 0%,0;0.4;0.4_0;0;0_0;0;0_-100;2;5475_-100;2;5475_-100;2;5475,34.5835616438356,Prevalence,0.0061518061953164
NbyGQVwzFc_loc12_loop6,12,ITN 0%/IRS 0%/Larvicide 0%,0;0.4;0.4_0;0;0_0;0;0_-100;2;5475_-100;2;5475_-100;2;5475,34.586301369863,Prevalence,0.00615285904759768
NbyGQVwzFc_loc12_loop6,12,ITN 0%/IRS 0%/Larvicide 0%,0;0.4;0.4_0;0;0_0;0;0_-100;2;5475_-100;2;5475_-100;2;5475,34.5890410958904,Prevalence,0.00615392022334051
NbyGQVwzFc_loc12_loop6,12,ITN 0%/IRS 0%/Larvicide 0%,0;0.4;0.4_0;0;0_0;0;0_-100;2;5475_-100;2;5475_-100;2;5475,34.5917808219178,Prevalence,0.00615498970842491
NbyGQVwzFc_loc12_loop6,12,ITN 0%/IRS 0%/Larvicide 0%,0;0.4;0.4_0;0;0_0;0;0_-100;2;5475_-100;2;5475_-100;2;5475,34.5945205479452,Prevalence,0.00615606748879337
NbyGQVwzFc_loc12_loop6,12,ITN 0%/IRS 0%/Larvicide 0%,0;0.4;0.4_0;0;0_0;0;0_-100;2;5475_-100;2;5475_-100;2;5475,34.5972602739726,Prevalence,0.00615715355045044
NbyGQVwzFc_loc12_loop6,12,ITN 0%/IRS 0%/Larvicide 0%,0;0.4;0.4_0;0;0_0;0;0_-100;2;5475_-100;2;5475_-100;2;5475,34.6,Prevalence,0.00615824787946234
NbyGQVwzFc_loc12_loop6,12,ITN 0%/IRS 0%/Larvicide 0%,0;0.4;0.4_0;0;0_0;0;0_-100;2;5475_-100;2;5475_-100;2;5475,34.6027397260274,Prevalence,0.0061593504619566
NbyGQVwzFc_loc12_loop6,12,ITN 0%/IRS 0%/Larvicide 0%,0;0.4;0.4_0;0;0_0;0;0_-100;2;5475_-100;2;5475_-100;2;5475,34.6054794520548,Prevalence,0.00616046128412159
NbyGQVwzFc_loc12_loop6,12,ITN 0%/IRS 0%/Larvicide 0%,0;0.4;0.4_0;0;0_0;0;0_-100;2;5475_-100;2;5475_-100;2;5475,34.6082191780822,Prevalence,0.00616158033220625
NbyGQVwzFc_loc12_loop6,12,ITN 0%/IRS 0%/Larvicide 0%,0;0.4;0.4_0;0;0_0;0;0_-100;2;5475_-100;2;5475_-100;2;5475,34.6109589041096,Prevalence,0.00616270759251959
NbyGQVwzFc_loc12_loop6,12,ITN 0%/IRS 0%/Larvicide 0%,0;0.4;0.4_0;0;0_0;0;0_-100;2;5475_-100;2;5475_-100;2;5475,34.613698630137,Prevalence,0.00616384305143037
NbyGQVwzFc_loc12_loop6,12,ITN 0%/IRS 0%/Larvicide 0%,0;0.4;0.4_0;0;0_0;0;0_-100;2;5475_-100;2;5475_-100;2;5475,34.6164383561644,Prevalence,0.00616498669536673
NbyGQVwzFc_loc12_loop6,12,ITN 0%/IRS 0%/Larvicide 0%,0;0.4;0.4_0;0;0_0;0;0_-100;2;5475_-100;2;5475_-100;2;5475,34.6191780821918,Prevalence,0.00616613851081578
NbyGQVwzFc_loc12_loop6,12,ITN 0%/IRS 0%/Larvicide 0%,0;0.4;0.4_0;0;0_0;0;0_-100;2;5475_-100;2;5475_-100;2;5475,34.6219178082192,Prevalence,0.00616729848432322
NbyGQVwzFc_loc12_loop6,12,ITN 0%/IRS 0%/Larvicide 0%,0;0.4;0.4_0;0;0_0;0;0_-100;2;5475_-100;2;5475_-100;2;5475,34.6246575342466,Prevalence,0.00616846660249299
NbyGQVwzFc_loc12_loop6,12,ITN 0%/IRS 0%/Larvicide 0%,0;0.4;0.4_0;0;0_0;0;0_-100;2;5475_-100;2;5475_-100;2;5475,34.627397260274,Prevalence,0.0061696428519869
NbyGQVwzFc_loc12_loop6,12,ITN 0%/IRS 0%/Larvicide 0%,0;0.4;0.4_0;0;0_0;0;0_-100;2;5475_-100;2;5475_-100;2;5475,34.6301369863014,Prevalence,0.00617082721952425
NbyGQVwzFc_loc12_loop6,12,ITN 0%/IRS 0%/Larvicide 0%,0;0.4;0.4_0;0;0_0;0;0_-100;2;5475_-100;2;5475_-100;2;5475,34.6328767123288,Prevalence,0.00617201969188145
NbyGQVwzFc_loc12_loop6,12,ITN 0%/IRS 0%/Larvicide 0%,0;0.4;0.4_0;0;0_0;0;0_-100;2;5475_-100;2;5475_-100;2;5475,34.6356164383562,Prevalence,0.00617322025589168
NbyGQVwzFc_loc12_loop6,12,ITN 0%/IRS 0%/Larvicide 0%,0;0.4;0.4_0;0;0_0;0;0_-100;2;5475_-100;2;5475_-100;2;5475,34.6383561643836,Prevalence,0.00617442889844452
NbyGQVwzFc_loc12_loop6,12,ITN 0%/IRS 0%/Larvicide 0%,0;0.4;0.4_0;0;0_0;0;0_-100;2;5475_-100;2;5475_-100;2;5475,34.641095890411,Prevalence,0.00617564560648557
NbyGQVwzFc_loc12_loop6,12,ITN 0%/IRS 0%/Larvicide 0%,0;0.4;0.4_0;0;0_0;0;0_-100;2;5475_-100;2;5475_-100;2;5475,34.6438356164384,Prevalence,0.00617687036701612
NbyGQVwzFc_loc12_loop6,12,ITN 0%/IRS 0%/Larvicide 0%,0;0.4;0.4_0;0;0_0;0;0_-100;2;5475_-100;2;5475_-100;2;5475,34.6465753424658,Prevalence,0.00617810316709278
NbyGQVwzFc_loc12_loop6,12,ITN 0%/IRS 0%/Larvicide 0%,0;0.4;0.4_0;0;0_0;0;0_-100;2;5475_-100;2;5475_-100;2;5475,34.6493150684932,Prevalence,0.00617934399382713
NbyGQVwzFc_loc12_loop6,12,ITN 0%/IRS 0%/Larvicide 0%,0;0.4;0.4_0;0;0_0;0;0_-100;2;5475_-100;2;5475_-100;2;5475,34.6520547945205,Prevalence,0.00618059283438535
NbyGQVwzFc_loc12_loop6,12,ITN 0%/IRS 0%/Larvicide 0%,0;0.4;0.4_0;0;0_0;0;0_-100;2;5475_-100;2;5475_-100;2;5475,34.6547945205479,Prevalence,0.0061818496759879
NbyGQVwzFc_loc12_loop6,12,ITN 0%/IRS 0%/Larvicide 0%,0;0.4;0.4_0;0;0_0;0;0_-100;2;5475_-100;2;5475_-100;2;5475,34.6575342465754,Prevalence,0.00618311450590935
NbyGQVwzFc_loc12_loop6,12,ITN 0%/IRS 0%/Larvicide 0%,0;0.4;0.4_0;0;0_0;0;0_-100;2;5475_-100;2;5475_-100;2;5475,34.6602739726027,Prevalence,0.00618438731147784
NbyGQVwzFc_loc12_loop6,12,ITN 0%/IRS 0%/Larvicide 0%,0;0.4;0.4_0;0;0_0;0;0_-100;2;5475_-100;2;5475_-100;2;5475,34.6630136986301,Prevalence,0.00618566808007454
NbyGQVwzFc_loc12_loop6,12,ITN 0%/IRS 0%/Larvicide 0%,0;0.4;0.4_0;0;0_0;0;0_-100;2;5475_-100;2;5475_-100;2;5475,34.6657534246575,Prevalence,0.00618695679913351
NbyGQVwzFc_loc12_loop6,12,ITN 0%/IRS 0%/Larvicide 0%,0;0.4;0.4_0;0;0_0;0;0_-100;2;5475_-100;2;5475_-100;2;5475,34.6684931506849,Prevalence,0.00618825345614133
NbyGQVwzFc_loc12_loop6,12,ITN 0%/IRS 0%/Larvicide 0%,0;0.4;0.4_0;0;0_0;0;0_-100;2;5475_-100;2;5475_-100;2;5475,34.6712328767123,Prevalence,0.00618955803863679
NbyGQVwzFc_loc12_loop6,12,ITN 0%/IRS 0%/Larvicide 0%,0;0.4;0.4_0;0;0_0;0;0_-100;2;5475_-100;2;5475_-100;2;5475,34.6739726027397,Prevalence,0.00619087053421055
NbyGQVwzFc_loc12_loop6,12,ITN 0%/IRS 0%/Larvicide 0%,0;0.4;0.4_0;0;0_0;0;0_-100;2;5475_-100;2;5475_-100;2;5475,34.6767123287671,Prevalence,0.00619219093050477
NbyGQVwzFc_loc12_loop6,12,ITN 0%/IRS 0%/Larvicide 0%,0;0.4;0.4_0;0;0_0;0;0_-100;2;5475_-100;2;5475_-100;2;5475,34.6794520547945,Prevalence,0.00619351921521285
NbyGQVwzFc_loc12_loop6,12,ITN 0%/IRS 0%/Larvicide 0%,0;0.4;0.4_0;0;0_0;0;0_-100;2;5475_-100;2;5475_-100;2;5475,34.6821917808219,Prevalence,0.00619485537607901
NbyGQVwzFc_loc12_loop6,12,ITN 0%/IRS 0%/Larvicide 0%,0;0.4;0.4_0;0;0_0;0;0_-100;2;5475_-100;2;5475_-100;2;5475,34.6849315068493,Prevalence,0.00619619940089806
NbyGQVwzFc_loc12_loop6,12,ITN 0%/IRS 0%/Larvicide 0%,0;0.4;0.4_0;0;0_0;0;0_-100;2;5475_-100;2;5475_-100;2;5475,34.6876712328767,Prevalence,0.00619755127751497
NbyGQVwzFc_loc12_loop6,12,ITN 0%/IRS 0%/Larvicide 0%,0;0.4;0.4_0;0;0_0;0;0_-100;2;5475_-100;2;5475_-100;2;5475,34.6904109589041,Prevalence,0.00619891099382464
NbyGQVwzFc_loc12_loop6,12,ITN 0%/IRS 0%/Larvicide 0%,0;0.4;0.4_0;0;0_0;0;0_-100;2;5475_-100;2;5475_-100;2;5475,34.6931506849315,Prevalence,0.00620027853777149
NbyGQVwzFc_loc12_loop6,12,ITN 0%/IRS 0%/Larvicide 0%,0;0.4;0.4_0;0;0_0;0;0_-100;2;5475_-100;2;5475_-100;2;5475,34.6958904109589,Prevalence,0.0062016538973492
NbyGQVwzFc_loc12_loop6,12,ITN 0%/IRS 0%/Larvicide 0%,0;0.4;0.4_0;0;0_0;0;0_-100;2;5475_-100;2;5475_-100;2;5475,34.6986301369863,Prevalence,0.0062030370606004
NbyGQVwzFc_loc12_loop6,12,ITN 0%/IRS 0%/Larvicide 0%,0;0.4;0.4_0;0;0_0;0;0_-100;2;5475_-100;2;5475_-100;2;5475,34.7013698630137,Prevalence,0.00620442801561628
NbyGQVwzFc_loc12_loop6,12,ITN 0%/IRS 0%/Larvicide 0%,0;0.4;0.4_0;0;0_0;0;0_-100;2;5475_-100;2;5475_-100;2;5475,34.7041095890411,Prevalence,0.00620582675053635
NbyGQVwzFc_loc12_loop6,12,ITN 0%/IRS 0%/Larvicide 0%,0;0.4;0.4_0;0;0_0;0;0_-100;2;5475_-100;2;5475_-100;2;5475,34.7068493150685,Prevalence,0.00620723325354807
NbyGQVwzFc_loc12_loop6,12,ITN 0%/IRS 0%/Larvicide 0%,0;0.4;0.4_0;0;0_0;0;0_-100;2;5475_-100;2;5475_-100;2;5475,34.7095890410959,Prevalence,0.00620864751288657
NbyGQVwzFc_loc12_loop6,12,ITN 0%/IRS 0%/Larvicide 0%,0;0.4;0.4_0;0;0_0;0;0_-100;2;5475_-100;2;5475_-100;2;5475,34.7123287671233,Prevalence,0.00621006951683436
NbyGQVwzFc_loc12_loop6,12,ITN 0%/IRS 0%/Larvicide 0%,0;0.4;0.4_0;0;0_0;0;0_-100;2;5475_-100;2;5475_-100;2;5475,34.7150684931507,Prevalence,0.00621149925372095
NbyGQVwzFc_loc12_loop6,12,ITN 0%/IRS 0%/Larvicide 0%,0;0.4;0.4_0;0;0_0;0;0_-100;2;5475_-100;2;5475_-100;2;5475,34.7178082191781,Prevalence,0.00621293671192263
NbyGQVwzFc_loc12_loop6,12,ITN 0%/IRS 0%/Larvicide 0%,0;0.4;0.4_0;0;0_0;0;0_-100;2;5475_-100;2;5475_-100;2;5475,34.7205479452055,Prevalence,0.00621438187986207
NbyGQVwzFc_loc12_loop6,12,ITN 0%/IRS 0%/Larvicide 0%,0;0.4;0.4_0;0;0_0;0;0_-100;2;5475_-100;2;5475_-100;2;5475,34.7232876712329,Prevalence,0.00621583474600813
NbyGQVwzFc_loc12_loop6,12,ITN 0%/IRS 0%/Larvicide 0%,0;0.4;0.4_0;0;0_0;0;0_-100;2;5475_-100;2;5475_-100;2;5475,34.7260273972603,Prevalence,0.00621729529887544
NbyGQVwzFc_loc12_loop6,12,ITN 0%/IRS 0%/Larvicide 0%,0;0.4;0.4_0;0;0_0;0;0_-100;2;5475_-100;2;5475_-100;2;5475,34.7287671232877,Prevalence,0.00621876352702419
NbyGQVwzFc_loc12_loop6,12,ITN 0%/IRS 0%/Larvicide 0%,0;0.4;0.4_0;0;0_0;0;0_-100;2;5475_-100;2;5475_-100;2;5475,34.7315068493151,Prevalence,0.00622023941905979
NbyGQVwzFc_loc12_loop6,12,ITN 0%/IRS 0%/Larvicide 0%,0;0.4;0.4_0;0;0_0;0;0_-100;2;5475_-100;2;5475_-100;2;5475,34.7342465753425,Prevalence,0.00622172296363265
NbyGQVwzFc_loc12_loop6,12,ITN 0%/IRS 0%/Larvicide 0%,0;0.4;0.4_0;0;0_0;0;0_-100;2;5475_-100;2;5475_-100;2;5475,34.7369863013699,Prevalence,0.00622321414943803
NbyGQVwzFc_loc12_loop6,12,ITN 0%/IRS 0%/Larvicide 0%,0;0.4;0.4_0;0;0_0;0;0_-100;2;5475_-100;2;5475_-100;2;5475,34.7397260273973,Prevalence,0.00622471296521527
NbyGQVwzFc_loc12_loop6,12,ITN 0%/IRS 0%/Larvicide 0%,0;0.4;0.4_0;0;0_0;0;0_-100;2;5475_-100;2;5475_-100;2;5475,34.7424657534247,Prevalence,0.00622621939974772
NbyGQVwzFc_loc12_loop6,12,ITN 0%/IRS 0%/Larvicide 0%,0;0.4;0.4_0;0;0_0;0;0_-100;2;5475_-100;2;5475_-100;2;5475,34.7452054794521,Prevalence,0.0062277334418625
NbyGQVwzFc_loc12_loop6,12,ITN 0%/IRS 0%/Larvicide 0%,0;0.4;0.4_0;0;0_0;0;0_-100;2;5475_-100;2;5475_-100;2;5475,34.7479452054795,Prevalence,0.00622925508043018
NbyGQVwzFc_loc12_loop6,12,ITN 0%/IRS 0%/Larvicide 0%,0;0.4;0.4_0;0;0_0;0;0_-100;2;5475_-100;2;5475_-100;2;5475,34.7506849315069,Prevalence,0.00623078430436455
NbyGQVwzFc_loc12_loop6,12,ITN 0%/IRS 0%/Larvicide 0%,0;0.4;0.4_0;0;0_0;0;0_-100;2;5475_-100;2;5475_-100;2;5475,34.7534246575342,Prevalence,0.00623232110262227
NbyGQVwzFc_loc12_loop6,12,ITN 0%/IRS 0%/Larvicide 0%,0;0.4;0.4_0;0;0_0;0;0_-100;2;5475_-100;2;5475_-100;2;5475,34.7561643835616,Prevalence,0.0062338654642026
NbyGQVwzFc_loc12_loop6,12,ITN 0%/IRS 0%/Larvicide 0%,0;0.4;0.4_0;0;0_0;0;0_-100;2;5475_-100;2;5475_-100;2;5475,34.758904109589,Prevalence,0.00623541737814718
NbyGQVwzFc_loc12_loop6,12,ITN 0%/IRS 0%/Larvicide 0%,0;0.4;0.4_0;0;0_0;0;0_-100;2;5475_-100;2;5475_-100;2;5475,34.7616438356164,Prevalence,0.00623697683353968
NbyGQVwzFc_loc12_loop6,12,ITN 0%/IRS 0%/Larvicide 0%,0;0.4;0.4_0;0;0_0;0;0_-100;2;5475_-100;2;5475_-100;2;5475,34.7643835616438,Prevalence,0.00623854381950552
NbyGQVwzFc_loc12_loop6,12,ITN 0%/IRS 0%/Larvicide 0%,0;0.4;0.4_0;0;0_0;0;0_-100;2;5475_-100;2;5475_-100;2;5475,34.7671232876712,Prevalence,0.00624011832521167
NbyGQVwzFc_loc12_loop6,12,ITN 0%/IRS 0%/Larvicide 0%,0;0.4;0.4_0;0;0_0;0;0_-100;2;5475_-100;2;5475_-100;2;5475,34.7698630136986,Prevalence,0.00624170033986626
NbyGQVwzFc_loc12_loop6,12,ITN 0%/IRS 0%/Larvicide 0%,0;0.4;0.4_0;0;0_0;0;0_-100;2;5475_-100;2;5475_-100;2;5475,34.772602739726,Prevalence,0.00624328985271843
NbyGQVwzFc_loc12_loop6,12,ITN 0%/IRS 0%/Larvicide 0%,0;0.4;0.4_0;0;0_0;0;0_-100;2;5475_-100;2;5475_-100;2;5475,34.7753424657534,Prevalence,0.00624488685305795
NbyGQVwzFc_loc12_loop6,12,ITN 0%/IRS 0%/Larvicide 0%,0;0.4;0.4_0;0;0_0;0;0_-100;2;5475_-100;2;5475_-100;2;5475,34.7780821917808,Prevalence,0.00624649133021502
NbyGQVwzFc_loc12_loop6,12,ITN 0%/IRS 0%/Larvicide 0%,0;0.4;0.4_0;0;0_0;0;0_-100;2;5475_-100;2;5475_-100;2;5475,34.7808219178082,Prevalence,0.00624810327355996
NbyGQVwzFc_loc12_loop6,12,ITN 0%/IRS 0%/Larvicide 0%,0;0.4;0.4_0;0;0_0;0;0_-100;2;5475_-100;2;5475_-100;2;5475,34.7835616438356,Prevalence,0.00624972267250295
NbyGQVwzFc_loc12_loop6,12,ITN 0%/IRS 0%/Larvicide 0%,0;0.4;0.4_0;0;0_0;0;0_-100;2;5475_-100;2;5475_-100;2;5475,34.786301369863,Prevalence,0.0062513495164938
NbyGQVwzFc_loc12_loop6,12,ITN 0%/IRS 0%/Larvicide 0%,0;0.4;0.4_0;0;0_0;0;0_-100;2;5475_-100;2;5475_-100;2;5475,34.7890410958904,Prevalence,0.00625298379502163
NbyGQVwzFc_loc12_loop6,12,ITN 0%/IRS 0%/Larvicide 0%,0;0.4;0.4_0;0;0_0;0;0_-100;2;5475_-100;2;5475_-100;2;5475,34.7917808219178,Prevalence,0.00625462549761464
NbyGQVwzFc_loc12_loop6,12,ITN 0%/IRS 0%/Larvicide 0%,0;0.4;0.4_0;0;0_0;0;0_-100;2;5475_-100;2;5475_-100;2;5475,34.7945205479452,Prevalence,0.00625627461383984
NbyGQVwzFc_loc12_loop6,12,ITN 0%/IRS 0%/Larvicide 0%,0;0.4;0.4_0;0;0_0;0;0_-100;2;5475_-100;2;5475_-100;2;5475,34.7972602739726,Prevalence,0.00625793113330279
NbyGQVwzFc_loc12_loop6,12,ITN 0%/IRS 0%/Larvicide 0%,0;0.4;0.4_0;0;0_0;0;0_-100;2;5475_-100;2;5475_-100;2;5475,34.8,Prevalence,0.00625959504564735
NbyGQVwzFc_loc12_loop6,12,ITN 0%/IRS 0%/Larvicide 0%,0;0.4;0.4_0;0;0_0;0;0_-100;2;5475_-100;2;5475_-100;2;5475,34.8027397260274,Prevalence,0.00626126634055538
NbyGQVwzFc_loc12_loop6,12,ITN 0%/IRS 0%/Larvicide 0%,0;0.4;0.4_0;0;0_0;0;0_-100;2;5475_-100;2;5475_-100;2;5475,34.8054794520548,Prevalence,0.00626294500774655
NbyGQVwzFc_loc12_loop6,12,ITN 0%/IRS 0%/Larvicide 0%,0;0.4;0.4_0;0;0_0;0;0_-100;2;5475_-100;2;5475_-100;2;5475,34.8082191780822,Prevalence,0.00626463103697804
NbyGQVwzFc_loc12_loop6,12,ITN 0%/IRS 0%/Larvicide 0%,0;0.4;0.4_0;0;0_0;0;0_-100;2;5475_-100;2;5475_-100;2;5475,34.8109589041096,Prevalence,0.0062663244180443
NbyGQVwzFc_loc12_loop6,12,ITN 0%/IRS 0%/Larvicide 0%,0;0.4;0.4_0;0;0_0;0;0_-100;2;5475_-100;2;5475_-100;2;5475,34.813698630137,Prevalence,0.0062680251407768
NbyGQVwzFc_loc12_loop6,12,ITN 0%/IRS 0%/Larvicide 0%,0;0.4;0.4_0;0;0_0;0;0_-100;2;5475_-100;2;5475_-100;2;5475,34.8164383561644,Prevalence,0.00626973319504396
NbyGQVwzFc_loc12_loop6,12,ITN 0%/IRS 0%/Larvicide 0%,0;0.4;0.4_0;0;0_0;0;0_-100;2;5475_-100;2;5475_-100;2;5475,34.8191780821918,Prevalence,0.00627144857075067
NbyGQVwzFc_loc12_loop6,12,ITN 0%/IRS 0%/Larvicide 0%,0;0.4;0.4_0;0;0_0;0;0_-100;2;5475_-100;2;5475_-100;2;5475,34.8219178082192,Prevalence,0.00627317125783787
NbyGQVwzFc_loc12_loop6,12,ITN 0%/IRS 0%/Larvicide 0%,0;0.4;0.4_0;0;0_0;0;0_-100;2;5475_-100;2;5475_-100;2;5475,34.8246575342466,Prevalence,0.00627490124628258
NbyGQVwzFc_loc12_loop6,12,ITN 0%/IRS 0%/Larvicide 0%,0;0.4;0.4_0;0;0_0;0;0_-100;2;5475_-100;2;5475_-100;2;5475,34.827397260274,Prevalence,0.00627663852609754
NbyGQVwzFc_loc12_loop6,12,ITN 0%/IRS 0%/Larvicide 0%,0;0.4;0.4_0;0;0_0;0;0_-100;2;5475_-100;2;5475_-100;2;5475,34.8301369863014,Prevalence,0.00627838308733106
NbyGQVwzFc_loc12_loop6,12,ITN 0%/IRS 0%/Larvicide 0%,0;0.4;0.4_0;0;0_0;0;0_-100;2;5475_-100;2;5475_-100;2;5475,34.8328767123288,Prevalence,0.00628013492006671
NbyGQVwzFc_loc12_loop6,12,ITN 0%/IRS 0%/Larvicide 0%,0;0.4;0.4_0;0;0_0;0;0_-100;2;5475_-100;2;5475_-100;2;5475,34.8356164383562,Prevalence,0.00628189401442313
NbyGQVwzFc_loc12_loop6,12,ITN 0%/IRS 0%/Larvicide 0%,0;0.4;0.4_0;0;0_0;0;0_-100;2;5475_-100;2;5475_-100;2;5475,34.8383561643836,Prevalence,0.00628366036055375
NbyGQVwzFc_loc12_loop6,12,ITN 0%/IRS 0%/Larvicide 0%,0;0.4;0.4_0;0;0_0;0;0_-100;2;5475_-100;2;5475_-100;2;5475,34.841095890411,Prevalence,0.00628543394864657
NbyGQVwzFc_loc12_loop6,12,ITN 0%/IRS 0%/Larvicide 0%,0;0.4;0.4_0;0;0_0;0;0_-100;2;5475_-100;2;5475_-100;2;5475,34.8438356164384,Prevalence,0.00628721476892392
NbyGQVwzFc_loc12_loop6,12,ITN 0%/IRS 0%/Larvicide 0%,0;0.4;0.4_0;0;0_0;0;0_-100;2;5475_-100;2;5475_-100;2;5475,34.8465753424658,Prevalence,0.00628900281164222
NbyGQVwzFc_loc12_loop6,12,ITN 0%/IRS 0%/Larvicide 0%,0;0.4;0.4_0;0;0_0;0;0_-100;2;5475_-100;2;5475_-100;2;5475,34.8493150684932,Prevalence,0.00629079806709176
NbyGQVwzFc_loc12_loop6,12,ITN 0%/IRS 0%/Larvicide 0%,0;0.4;0.4_0;0;0_0;0;0_-100;2;5475_-100;2;5475_-100;2;5475,34.8520547945206,Prevalence,0.00629260052559647
NbyGQVwzFc_loc12_loop6,12,ITN 0%/IRS 0%/Larvicide 0%,0;0.4;0.4_0;0;0_0;0;0_-100;2;5475_-100;2;5475_-100;2;5475,34.854794520548,Prevalence,0.00629441017751364
NbyGQVwzFc_loc12_loop6,12,ITN 0%/IRS 0%/Larvicide 0%,0;0.4;0.4_0;0;0_0;0;0_-100;2;5475_-100;2;5475_-100;2;5475,34.8575342465753,Prevalence,0.00629622701323374
NbyGQVwzFc_loc12_loop6,12,ITN 0%/IRS 0%/Larvicide 0%,0;0.4;0.4_0;0;0_0;0;0_-100;2;5475_-100;2;5475_-100;2;5475,34.8602739726027,Prevalence,0.0062980510231802
NbyGQVwzFc_loc12_loop6,12,ITN 0%/IRS 0%/Larvicide 0%,0;0.4;0.4_0;0;0_0;0;0_-100;2;5475_-100;2;5475_-100;2;5475,34.8630136986301,Prevalence,0.0062998821978091
NbyGQVwzFc_loc12_loop6,12,ITN 0%/IRS 0%/Larvicide 0%,0;0.4;0.4_0;0;0_0;0;0_-100;2;5475_-100;2;5475_-100;2;5475,34.8657534246575,Prevalence,0.00630172052760904
NbyGQVwzFc_loc12_loop6,12,ITN 0%/IRS 0%/Larvicide 0%,0;0.4;0.4_0;0;0_0;0;0_-100;2;5475_-100;2;5475_-100;2;5475,34.8684931506849,Prevalence,0.00630356600310089
NbyGQVwzFc_loc12_loop6,12,ITN 0%/IRS 0%/Larvicide 0%,0;0.4;0.4_0;0;0_0;0;0_-100;2;5475_-100;2;5475_-100;2;5475,34.8712328767123,Prevalence,0.0063054186148375
NbyGQVwzFc_loc12_loop6,12,ITN 0%/IRS 0%/Larvicide 0%,0;0.4;0.4_0;0;0_0;0;0_-100;2;5475_-100;2;5475_-100;2;5475,34.8739726027397,Prevalence,0.00630727835340355
NbyGQVwzFc_loc12_loop6,12,ITN 0%/IRS 0%/Larvicide 0%,0;0.4;0.4_0;0;0_0;0;0_-100;2;5475_-100;2;5475_-100;2;5475,34.8767123287671,Prevalence,0.00630914520941531
NbyGQVwzFc_loc12_loop6,12,ITN 0%/IRS 0%/Larvicide 0%,0;0.4;0.4_0;0;0_0;0;0_-100;2;5475_-100;2;5475_-100;2;5475,34.8794520547945,Prevalence,0.0063110191735204
NbyGQVwzFc_loc12_loop6,12,ITN 0%/IRS 0%/Larvicide 0%,0;0.4;0.4_0;0;0_0;0;0_-100;2;5475_-100;2;5475_-100;2;5475,34.8821917808219,Prevalence,0.0063129002363976
NbyGQVwzFc_loc12_loop6,12,ITN 0%/IRS 0%/Larvicide 0%,0;0.4;0.4_0;0;0_0;0;0_-100;2;5475_-100;2;5475_-100;2;5475,34.8849315068493,Prevalence,0.00631478838875659
NbyGQVwzFc_loc12_loop6,12,ITN 0%/IRS 0%/Larvicide 0%,0;0.4;0.4_0;0;0_0;0;0_-100;2;5475_-100;2;5475_-100;2;5475,34.8876712328767,Prevalence,0.00631668362133776
NbyGQVwzFc_loc12_loop6,12,ITN 0%/IRS 0%/Larvicide 0%,0;0.4;0.4_0;0;0_0;0;0_-100;2;5475_-100;2;5475_-100;2;5475,34.8904109589041,Prevalence,0.00631858592491202
NbyGQVwzFc_loc12_loop6,12,ITN 0%/IRS 0%/Larvicide 0%,0;0.4;0.4_0;0;0_0;0;0_-100;2;5475_-100;2;5475_-100;2;5475,34.8931506849315,Prevalence,0.00632049529028054
NbyGQVwzFc_loc12_loop6,12,ITN 0%/IRS 0%/Larvicide 0%,0;0.4;0.4_0;0;0_0;0;0_-100;2;5475_-100;2;5475_-100;2;5475,34.8958904109589,Prevalence,0.00632241170827453
NbyGQVwzFc_loc12_loop6,12,ITN 0%/IRS 0%/Larvicide 0%,0;0.4;0.4_0;0;0_0;0;0_-100;2;5475_-100;2;5475_-100;2;5475,34.8986301369863,Prevalence,0.00632433516975511
NbyGQVwzFc_loc12_loop6,12,ITN 0%/IRS 0%/Larvicide 0%,0;0.4;0.4_0;0;0_0;0;0_-100;2;5475_-100;2;5475_-100;2;5475,34.9013698630137,Prevalence,0.00632626566561323
NbyGQVwzFc_loc12_loop6,12,ITN 0%/IRS 0%/Larvicide 0%,0;0.4;0.4_0;0;0_0;0;0_-100;2;5475_-100;2;5475_-100;2;5475,34.9041095890411,Prevalence,0.00632820318676902
NbyGQVwzFc_loc12_loop6,12,ITN 0%/IRS 0%/Larvicide 0%,0;0.4;0.4_0;0;0_0;0;0_-100;2;5475_-100;2;5475_-100;2;5475,34.9068493150685,Prevalence,0.00633014772417177
NbyGQVwzFc_loc12_loop6,12,ITN 0%/IRS 0%/Larvicide 0%,0;0.4;0.4_0;0;0_0;0;0_-100;2;5475_-100;2;5475_-100;2;5475,34.9095890410959,Prevalence,0.0063320992687998
NbyGQVwzFc_loc12_loop6,12,ITN 0%/IRS 0%/Larvicide 0%,0;0.4;0.4_0;0;0_0;0;0_-100;2;5475_-100;2;5475_-100;2;5475,34.9123287671233,Prevalence,0.00633405781166022
NbyGQVwzFc_loc12_loop6,12,ITN 0%/IRS 0%/Larvicide 0%,0;0.4;0.4_0;0;0_0;0;0_-100;2;5475_-100;2;5475_-100;2;5475,34.9150684931507,Prevalence,0.00633602334378871
NbyGQVwzFc_loc12_loop6,12,ITN 0%/IRS 0%/Larvicide 0%,0;0.4;0.4_0;0;0_0;0;0_-100;2;5475_-100;2;5475_-100;2;5475,34.9178082191781,Prevalence,0.00633799585624939
NbyGQVwzFc_loc12_loop6,12,ITN 0%/IRS 0%/Larvicide 0%,0;0.4;0.4_0;0;0_0;0;0_-100;2;5475_-100;2;5475_-100;2;5475,34.9205479452055,Prevalence,0.00633997534013451
NbyGQVwzFc_loc12_loop6,12,ITN 0%/IRS 0%/Larvicide 0%,0;0.4;0.4_0;0;0_0;0;0_-100;2;5475_-100;2;5475_-100;2;5475,34.9232876712329,Prevalence,0.00634196178656436
NbyGQVwzFc_loc12_loop6,12,ITN 0%/IRS 0%/Larvicide 0%,0;0.4;0.4_0;0;0_0;0;0_-100;2;5475_-100;2;5475_-100;2;5475,34.9260273972603,Prevalence,0.00634395518668696
NbyGQVwzFc_loc12_loop6,12,ITN 0%/IRS 0%/Larvicide 0%,0;0.4;0.4_0;0;0_0;0;0_-100;2;5475_-100;2;5475_-100;2;5475,34.9287671232877,Prevalence,0.00634595553167794
NbyGQVwzFc_loc12_loop6,12,ITN 0%/IRS 0%/Larvicide 0%,0;0.4;0.4_0;0;0_0;0;0_-100;2;5475_-100;2;5475_-100;2;5475,34.9315068493151,Prevalence,0.00634796281274031
NbyGQVwzFc_loc12_loop6,12,ITN 0%/IRS 0%/Larvicide 0%,0;0.4;0.4_0;0;0_0;0;0_-100;2;5475_-100;2;5475_-100;2;5475,34.9342465753425,Prevalence,0.00634997702110426
NbyGQVwzFc_loc12_loop6,12,ITN 0%/IRS 0%/Larvicide 0%,0;0.4;0.4_0;0;0_0;0;0_-100;2;5475_-100;2;5475_-100;2;5475,34.9369863013699,Prevalence,0.00635199814802696
NbyGQVwzFc_loc12_loop6,12,ITN 0%/IRS 0%/Larvicide 0%,0;0.4;0.4_0;0;0_0;0;0_-100;2;5475_-100;2;5475_-100;2;5475,34.9397260273973,Prevalence,0.00635402618479239
NbyGQVwzFc_loc12_loop6,12,ITN 0%/IRS 0%/Larvicide 0%,0;0.4;0.4_0;0;0_0;0;0_-100;2;5475_-100;2;5475_-100;2;5475,34.9424657534247,Prevalence,0.00635606112271109
NbyGQVwzFc_loc12_loop6,12,ITN 0%/IRS 0%/Larvicide 0%,0;0.4;0.4_0;0;0_0;0;0_-100;2;5475_-100;2;5475_-100;2;5475,34.9452054794521,Prevalence,0.00635810295312005
NbyGQVwzFc_loc12_loop6,12,ITN 0%/IRS 0%/Larvicide 0%,0;0.4;0.4_0;0;0_0;0;0_-100;2;5475_-100;2;5475_-100;2;5475,34.9479452054795,Prevalence,0.00636015166738242
NbyGQVwzFc_loc12_loop6,12,ITN 0%/IRS 0%/Larvicide 0%,0;0.4;0.4_0;0;0_0;0;0_-100;2;5475_-100;2;5475_-100;2;5475,34.9506849315069,Prevalence,0.0063622072568874
NbyGQVwzFc_loc12_loop6,12,ITN 0%/IRS 0%/Larvicide 0%,0;0.4;0.4_0;0;0_0;0;0_-100;2;5475_-100;2;5475_-100;2;5475,34.9534246575343,Prevalence,0.00636426971304999
NbyGQVwzFc_loc12_loop6,12,ITN 0%/IRS 0%/Larvicide 0%,0;0.4;0.4_0;0;0_0;0;0_-100;2;5475_-100;2;5475_-100;2;5475,34.9561643835616,Prevalence,0.00636633902731085
NbyGQVwzFc_loc12_loop6,12,ITN 0%/IRS 0%/Larvicide 0%,0;0.4;0.4_0;0;0_0;0;0_-100;2;5475_-100;2;5475_-100;2;5475,34.958904109589,Prevalence,0.00636841519113607
NbyGQVwzFc_loc12_loop6,12,ITN 0%/IRS 0%/Larvicide 0%,0;0.4;0.4_0;0;0_0;0;0_-100;2;5475_-100;2;5475_-100;2;5475,34.9616438356164,Prevalence,0.00637049819601699
NbyGQVwzFc_loc12_loop6,12,ITN 0%/IRS 0%/Larvicide 0%,0;0.4;0.4_0;0;0_0;0;0_-100;2;5475_-100;2;5475_-100;2;5475,34.9643835616438,Prevalence,0.00637258803347005
NbyGQVwzFc_loc12_loop6,12,ITN 0%/IRS 0%/Larvicide 0%,0;0.4;0.4_0;0;0_0;0;0_-100;2;5475_-100;2;5475_-100;2;5475,34.9671232876712,Prevalence,0.00637468469503655
NbyGQVwzFc_loc12_loop6,12,ITN 0%/IRS 0%/Larvicide 0%,0;0.4;0.4_0;0;0_0;0;0_-100;2;5475_-100;2;5475_-100;2;5475,34.9698630136986,Prevalence,0.0063767881722825
NbyGQVwzFc_loc12_loop6,12,ITN 0%/IRS 0%/Larvicide 0%,0;0.4;0.4_0;0;0_0;0;0_-100;2;5475_-100;2;5475_-100;2;5475,34.972602739726,Prevalence,0.00637889845679841
NbyGQVwzFc_loc12_loop6,12,ITN 0%/IRS 0%/Larvicide 0%,0;0.4;0.4_0;0;0_0;0;0_-100;2;5475_-100;2;5475_-100;2;5475,34.9753424657534,Prevalence,0.00638101554019915
NbyGQVwzFc_loc12_loop6,12,ITN 0%/IRS 0%/Larvicide 0%,0;0.4;0.4_0;0;0_0;0;0_-100;2;5475_-100;2;5475_-100;2;5475,34.9780821917808,Prevalence,0.00638313941412373
NbyGQVwzFc_loc12_loop6,12,ITN 0%/IRS 0%/Larvicide 0%,0;0.4;0.4_0;0;0_0;0;0_-100;2;5475_-100;2;5475_-100;2;5475,34.9808219178082,Prevalence,0.00638527007023511
NbyGQVwzFc_loc12_loop6,12,ITN 0%/IRS 0%/Larvicide 0%,0;0.4;0.4_0;0;0_0;0;0_-100;2;5475_-100;2;5475_-100;2;5475,34.9835616438356,Prevalence,0.00638740750022008
NbyGQVwzFc_loc12_loop6,12,ITN 0%/IRS 0%/Larvicide 0%,0;0.4;0.4_0;0;0_0;0;0_-100;2;5475_-100;2;5475_-100;2;5475,34.986301369863,Prevalence,0.00638955169578904
NbyGQVwzFc_loc12_loop6,12,ITN 0%/IRS 0%/Larvicide 0%,0;0.4;0.4_0;0;0_0;0;0_-100;2;5475_-100;2;5475_-100;2;5475,34.9890410958904,Prevalence,0.00639170264867602
NbyGQVwzFc_loc12_loop6,12,ITN 0%/IRS 0%/Larvicide 0%,0;0.4;0.4_0;0;0_0;0;0_-100;2;5475_-100;2;5475_-100;2;5475,34.9917808219178,Prevalence,0.00639386035063803
NbyGQVwzFc_loc12_loop6,12,ITN 0%/IRS 0%/Larvicide 0%,0;0.4;0.4_0;0;0_0;0;0_-100;2;5475_-100;2;5475_-100;2;5475,34.9945205479452,Prevalence,0.00639602479345513
NbyGQVwzFc_loc12_loop6,12,ITN 0%/IRS 0%/Larvicide 0%,0;0.4;0.4_0;0;0_0;0;0_-100;2;5475_-100;2;5475_-100;2;5475,34.9972602739726,Prevalence,0.00639819596893028
NbyGQVwzFc_loc12_loop6,12,ITN 0%/IRS 0%/Larvicide 0%,0;0.4;0.4_0;0;0_0;0;0_-100;2;5475_-100;2;5475_-100;2;5475,35,Prevalence,0.00640037386888919
NbyGQVwzFc_loc12_loop6,12,ITN 0%/IRS 0%/Larvicide 0%,0;0.4;0.4_0;0;0_0;0;0_-100;2;5475_-100;2;5475_-100;2;5475,35.0027397260274,Prevalence,0.00640255848517877
NbyGQVwzFc_loc12_loop6,12,ITN 0%/IRS 0%/Larvicide 0%,0;0.4;0.4_0;0;0_0;0;0_-100;2;5475_-100;2;5475_-100;2;5475,35.0054794520548,Prevalence,0.00640474980967317
NbyGQVwzFc_loc12_loop6,12,ITN 0%/IRS 0%/Larvicide 0%,0;0.4;0.4_0;0;0_0;0;0_-100;2;5475_-100;2;5475_-100;2;5475,35.0082191780822,Prevalence,0.00640694783426216
NbyGQVwzFc_loc12_loop6,12,ITN 0%/IRS 0%/Larvicide 0%,0;0.4;0.4_0;0;0_0;0;0_-100;2;5475_-100;2;5475_-100;2;5475,35.0109589041096,Prevalence,0.00640915255086128
NbyGQVwzFc_loc12_loop6,12,ITN 0%/IRS 0%/Larvicide 0%,0;0.4;0.4_0;0;0_0;0;0_-100;2;5475_-100;2;5475_-100;2;5475,35.013698630137,Prevalence,0.00641136395140775
NbyGQVwzFc_loc12_loop6,12,ITN 0%/IRS 0%/Larvicide 0%,0;0.4;0.4_0;0;0_0;0;0_-100;2;5475_-100;2;5475_-100;2;5475,35.0164383561644,Prevalence,0.00641358202785977
NbyGQVwzFc_loc12_loop6,12,ITN 0%/IRS 0%/Larvicide 0%,0;0.4;0.4_0;0;0_0;0;0_-100;2;5475_-100;2;5475_-100;2;5475,35.0191780821918,Prevalence,0.00641580677219733
NbyGQVwzFc_loc12_loop6,12,ITN 0%/IRS 0%/Larvicide 0%,0;0.4;0.4_0;0;0_0;0;0_-100;2;5475_-100;2;5475_-100;2;5475,35.0219178082192,Prevalence,0.00641803817642144
NbyGQVwzFc_loc12_loop6,12,ITN 0%/IRS 0%/Larvicide 0%,0;0.4;0.4_0;0;0_0;0;0_-100;2;5475_-100;2;5475_-100;2;5475,35.0246575342466,Prevalence,0.00642027623255499
NbyGQVwzFc_loc12_loop6,12,ITN 0%/IRS 0%/Larvicide 0%,0;0.4;0.4_0;0;0_0;0;0_-100;2;5475_-100;2;5475_-100;2;5475,35.027397260274,Prevalence,0.00642252093264164
NbyGQVwzFc_loc12_loop6,12,ITN 0%/IRS 0%/Larvicide 0%,0;0.4;0.4_0;0;0_0;0;0_-100;2;5475_-100;2;5475_-100;2;5475,35.0301369863014,Prevalence,0.00642477226874535
NbyGQVwzFc_loc12_loop6,12,ITN 0%/IRS 0%/Larvicide 0%,0;0.4;0.4_0;0;0_0;0;0_-100;2;5475_-100;2;5475_-100;2;5475,35.0328767123288,Prevalence,0.00642703023295152
NbyGQVwzFc_loc12_loop6,12,ITN 0%/IRS 0%/Larvicide 0%,0;0.4;0.4_0;0;0_0;0;0_-100;2;5475_-100;2;5475_-100;2;5475,35.0356164383562,Prevalence,0.00642929481735909
NbyGQVwzFc_loc12_loop6,12,ITN 0%/IRS 0%/Larvicide 0%,0;0.4;0.4_0;0;0_0;0;0_-100;2;5475_-100;2;5475_-100;2;5475,35.0383561643836,Prevalence,0.00643156601408658
NbyGQVwzFc_loc12_loop6,12,ITN 0%/IRS 0%/Larvicide 0%,0;0.4;0.4_0;0;0_0;0;0_-100;2;5475_-100;2;5475_-100;2;5475,35.041095890411,Prevalence,0.00643384381530559
NbyGQVwzFc_loc12_loop6,12,ITN 0%/IRS 0%/Larvicide 0%,0;0.4;0.4_0;0;0_0;0;0_-100;2;5475_-100;2;5475_-100;2;5475,35.0438356164384,Prevalence,0.00643612821317951
NbyGQVwzFc_loc12_loop6,12,ITN 0%/IRS 0%/Larvicide 0%,0;0.4;0.4_0;0;0_0;0;0_-100;2;5475_-100;2;5475_-100;2;5475,35.0465753424658,Prevalence,0.00643841919987853
NbyGQVwzFc_loc12_loop6,12,ITN 0%/IRS 0%/Larvicide 0%,0;0.4;0.4_0;0;0_0;0;0_-100;2;5475_-100;2;5475_-100;2;5475,35.0493150684932,Prevalence,0.00644071676761916
NbyGQVwzFc_loc12_loop6,12,ITN 0%/IRS 0%/Larvicide 0%,0;0.4;0.4_0;0;0_0;0;0_-100;2;5475_-100;2;5475_-100;2;5475,35.0520547945206,Prevalence,0.00644302090863082
NbyGQVwzFc_loc12_loop6,12,ITN 0%/IRS 0%/Larvicide 0%,0;0.4;0.4_0;0;0_0;0;0_-100;2;5475_-100;2;5475_-100;2;5475,35.0547945205479,Prevalence,0.00644533161514883
NbyGQVwzFc_loc12_loop6,12,ITN 0%/IRS 0%/Larvicide 0%,0;0.4;0.4_0;0;0_0;0;0_-100;2;5475_-100;2;5475_-100;2;5475,35.0575342465753,Prevalence,0.00644764887943234
NbyGQVwzFc_loc12_loop6,12,ITN 0%/IRS 0%/Larvicide 0%,0;0.4;0.4_0;0;0_0;0;0_-100;2;5475_-100;2;5475_-100;2;5475,35.0602739726027,Prevalence,0.00644997269382854
NbyGQVwzFc_loc12_loop6,12,ITN 0%/IRS 0%/Larvicide 0%,0;0.4;0.4_0;0;0_0;0;0_-100;2;5475_-100;2;5475_-100;2;5475,35.0630136986301,Prevalence,0.00645230305056503
NbyGQVwzFc_loc12_loop6,12,ITN 0%/IRS 0%/Larvicide 0%,0;0.4;0.4_0;0;0_0;0;0_-100;2;5475_-100;2;5475_-100;2;5475,35.0657534246575,Prevalence,0.00645463994194137
NbyGQVwzFc_loc12_loop6,12,ITN 0%/IRS 0%/Larvicide 0%,0;0.4;0.4_0;0;0_0;0;0_-100;2;5475_-100;2;5475_-100;2;5475,35.0684931506849,Prevalence,0.00645698336036235
NbyGQVwzFc_loc12_loop6,12,ITN 0%/IRS 0%/Larvicide 0%,0;0.4;0.4_0;0;0_0;0;0_-100;2;5475_-100;2;5475_-100;2;5475,35.0712328767123,Prevalence,0.00645933329816748
NbyGQVwzFc_loc12_loop6,12,ITN 0%/IRS 0%/Larvicide 0%,0;0.4;0.4_0;0;0_0;0;0_-100;2;5475_-100;2;5475_-100;2;5475,35.0739726027397,Prevalence,0.0064616897477045
NbyGQVwzFc_loc12_loop6,12,ITN 0%/IRS 0%/Larvicide 0%,0;0.4;0.4_0;0;0_0;0;0_-100;2;5475_-100;2;5475_-100;2;5475,35.0767123287671,Prevalence,0.00646405270139684
NbyGQVwzFc_loc12_loop6,12,ITN 0%/IRS 0%/Larvicide 0%,0;0.4;0.4_0;0;0_0;0;0_-100;2;5475_-100;2;5475_-100;2;5475,35.0794520547945,Prevalence,0.00646642215166099
NbyGQVwzFc_loc12_loop6,12,ITN 0%/IRS 0%/Larvicide 0%,0;0.4;0.4_0;0;0_0;0;0_-100;2;5475_-100;2;5475_-100;2;5475,35.0821917808219,Prevalence,0.00646879809090804
NbyGQVwzFc_loc12_loop6,12,ITN 0%/IRS 0%/Larvicide 0%,0;0.4;0.4_0;0;0_0;0;0_-100;2;5475_-100;2;5475_-100;2;5475,35.0849315068493,Prevalence,0.006471180511595
NbyGQVwzFc_loc12_loop6,12,ITN 0%/IRS 0%/Larvicide 0%,0;0.4;0.4_0;0;0_0;0;0_-100;2;5475_-100;2;5475_-100;2;5475,35.0876712328767,Prevalence,0.00647356940619593
NbyGQVwzFc_loc12_loop6,12,ITN 0%/IRS 0%/Larvicide 0%,0;0.4;0.4_0;0;0_0;0;0_-100;2;5475_-100;2;5475_-100;2;5475,35.0904109589041,Prevalence,0.00647596476718414
NbyGQVwzFc_loc12_loop6,12,ITN 0%/IRS 0%/Larvicide 0%,0;0.4;0.4_0;0;0_0;0;0_-100;2;5475_-100;2;5475_-100;2;5475,35.0931506849315,Prevalence,0.00647836658706129
NbyGQVwzFc_loc12_loop6,12,ITN 0%/IRS 0%/Larvicide 0%,0;0.4;0.4_0;0;0_0;0;0_-100;2;5475_-100;2;5475_-100;2;5475,35.0958904109589,Prevalence,0.00648077485835122
NbyGQVwzFc_loc12_loop6,12,ITN 0%/IRS 0%/Larvicide 0%,0;0.4;0.4_0;0;0_0;0;0_-100;2;5475_-100;2;5475_-100;2;5475,35.0986301369863,Prevalence,0.00648318957358435
NbyGQVwzFc_loc12_loop6,12,ITN 0%/IRS 0%/Larvicide 0%,0;0.4;0.4_0;0;0_0;0;0_-100;2;5475_-100;2;5475_-100;2;5475,35.1013698630137,Prevalence,0.00648561072531115
NbyGQVwzFc_loc12_loop6,12,ITN 0%/IRS 0%/Larvicide 0%,0;0.4;0.4_0;0;0_0;0;0_-100;2;5475_-100;2;5475_-100;2;5475,35.1041095890411,Prevalence,0.00648803830610372
NbyGQVwzFc_loc12_loop6,12,ITN 0%/IRS 0%/Larvicide 0%,0;0.4;0.4_0;0;0_0;0;0_-100;2;5475_-100;2;5475_-100;2;5475,35.1068493150685,Prevalence,0.00649047230854585
NbyGQVwzFc_loc12_loop6,12,ITN 0%/IRS 0%/Larvicide 0%,0;0.4;0.4_0;0;0_0;0;0_-100;2;5475_-100;2;5475_-100;2;5475,35.1095890410959,Prevalence,0.0064929127252374
NbyGQVwzFc_loc12_loop6,12,ITN 0%/IRS 0%/Larvicide 0%,0;0.4;0.4_0;0;0_0;0;0_-100;2;5475_-100;2;5475_-100;2;5475,35.1123287671233,Prevalence,0.00649535954879791
NbyGQVwzFc_loc12_loop6,12,ITN 0%/IRS 0%/Larvicide 0%,0;0.4;0.4_0;0;0_0;0;0_-100;2;5475_-100;2;5475_-100;2;5475,35.1150684931507,Prevalence,0.00649781277186134
NbyGQVwzFc_loc12_loop6,12,ITN 0%/IRS 0%/Larvicide 0%,0;0.4;0.4_0;0;0_0;0;0_-100;2;5475_-100;2;5475_-100;2;5475,35.1178082191781,Prevalence,0.00650027238707654
NbyGQVwzFc_loc12_loop6,12,ITN 0%/IRS 0%/Larvicide 0%,0;0.4;0.4_0;0;0_0;0;0_-100;2;5475_-100;2;5475_-100;2;5475,35.1205479452055,Prevalence,0.00650273838710998
NbyGQVwzFc_loc12_loop6,12,ITN 0%/IRS 0%/Larvicide 0%,0;0.4;0.4_0;0;0_0;0;0_-100;2;5475_-100;2;5475_-100;2;5475,35.1232876712329,Prevalence,0.00650521076464359
NbyGQVwzFc_loc12_loop6,12,ITN 0%/IRS 0%/Larvicide 0%,0;0.4;0.4_0;0;0_0;0;0_-100;2;5475_-100;2;5475_-100;2;5475,35.1260273972603,Prevalence,0.00650768951237398
NbyGQVwzFc_loc12_loop6,12,ITN 0%/IRS 0%/Larvicide 0%,0;0.4;0.4_0;0;0_0;0;0_-100;2;5475_-100;2;5475_-100;2;5475,35.1287671232877,Prevalence,0.00651017462301391
NbyGQVwzFc_loc12_loop6,12,ITN 0%/IRS 0%/Larvicide 0%,0;0.4;0.4_0;0;0_0;0;0_-100;2;5475_-100;2;5475_-100;2;5475,35.1315068493151,Prevalence,0.00651266608929169
NbyGQVwzFc_loc12_loop6,12,ITN 0%/IRS 0%/Larvicide 0%,0;0.4;0.4_0;0;0_0;0;0_-100;2;5475_-100;2;5475_-100;2;5475,35.1342465753425,Prevalence,0.00651516390395024
NbyGQVwzFc_loc12_loop6,12,ITN 0%/IRS 0%/Larvicide 0%,0;0.4;0.4_0;0;0_0;0;0_-100;2;5475_-100;2;5475_-100;2;5475,35.1369863013699,Prevalence,0.0065176680597478
NbyGQVwzFc_loc12_loop6,12,ITN 0%/IRS 0%/Larvicide 0%,0;0.4;0.4_0;0;0_0;0;0_-100;2;5475_-100;2;5475_-100;2;5475,35.1397260273973,Prevalence,0.0065201785494577
NbyGQVwzFc_loc12_loop6,12,ITN 0%/IRS 0%/Larvicide 0%,0;0.4;0.4_0;0;0_0;0;0_-100;2;5475_-100;2;5475_-100;2;5475,35.1424657534247,Prevalence,0.00652269536586788
NbyGQVwzFc_loc12_loop6,12,ITN 0%/IRS 0%/Larvicide 0%,0;0.4;0.4_0;0;0_0;0;0_-100;2;5475_-100;2;5475_-100;2;5475,35.1452054794521,Prevalence,0.00652521850178091
NbyGQVwzFc_loc12_loop6,12,ITN 0%/IRS 0%/Larvicide 0%,0;0.4;0.4_0;0;0_0;0;0_-100;2;5475_-100;2;5475_-100;2;5475,35.1479452054795,Prevalence,0.00652774795001405
NbyGQVwzFc_loc12_loop6,12,ITN 0%/IRS 0%/Larvicide 0%,0;0.4;0.4_0;0;0_0;0;0_-100;2;5475_-100;2;5475_-100;2;5475,35.1506849315069,Prevalence,0.0065302837033989
NbyGQVwzFc_loc12_loop6,12,ITN 0%/IRS 0%/Larvicide 0%,0;0.4;0.4_0;0;0_0;0;0_-100;2;5475_-100;2;5475_-100;2;5475,35.1534246575342,Prevalence,0.00653282575478129
NbyGQVwzFc_loc12_loop6,12,ITN 0%/IRS 0%/Larvicide 0%,0;0.4;0.4_0;0;0_0;0;0_-100;2;5475_-100;2;5475_-100;2;5475,35.1561643835617,Prevalence,0.00653537409702123
NbyGQVwzFc_loc12_loop6,12,ITN 0%/IRS 0%/Larvicide 0%,0;0.4;0.4_0;0;0_0;0;0_-100;2;5475_-100;2;5475_-100;2;5475,35.158904109589,Prevalence,0.00653792872299275
NbyGQVwzFc_loc12_loop6,12,ITN 0%/IRS 0%/Larvicide 0%,0;0.4;0.4_0;0;0_0;0;0_-100;2;5475_-100;2;5475_-100;2;5475,35.1616438356164,Prevalence,0.0065404896255837
NbyGQVwzFc_loc12_loop6,12,ITN 0%/IRS 0%/Larvicide 0%,0;0.4;0.4_0;0;0_0;0;0_-100;2;5475_-100;2;5475_-100;2;5475,35.1643835616438,Prevalence,0.00654305679769574
NbyGQVwzFc_loc12_loop6,12,ITN 0%/IRS 0%/Larvicide 0%,0;0.4;0.4_0;0;0_0;0;0_-100;2;5475_-100;2;5475_-100;2;5475,35.1671232876712,Prevalence,0.00654563023224414
NbyGQVwzFc_loc12_loop6,12,ITN 0%/IRS 0%/Larvicide 0%,0;0.4;0.4_0;0;0_0;0;0_-100;2;5475_-100;2;5475_-100;2;5475,35.1698630136986,Prevalence,0.00654820992215767
NbyGQVwzFc_loc12_loop6,12,ITN 0%/IRS 0%/Larvicide 0%,0;0.4;0.4_0;0;0_0;0;0_-100;2;5475_-100;2;5475_-100;2;5475,35.172602739726,Prevalence,0.00655079586037851
NbyGQVwzFc_loc12_loop6,12,ITN 0%/IRS 0%/Larvicide 0%,0;0.4;0.4_0;0;0_0;0;0_-100;2;5475_-100;2;5475_-100;2;5475,35.1753424657534,Prevalence,0.00655338803986217
NbyGQVwzFc_loc12_loop6,12,ITN 0%/IRS 0%/Larvicide 0%,0;0.4;0.4_0;0;0_0;0;0_-100;2;5475_-100;2;5475_-100;2;5475,35.1780821917808,Prevalence,0.00655598645357714
NbyGQVwzFc_loc12_loop6,12,ITN 0%/IRS 0%/Larvicide 0%,0;0.4;0.4_0;0;0_0;0;0_-100;2;5475_-100;2;5475_-100;2;5475,35.1808219178082,Prevalence,0.00655859109450482
NbyGQVwzFc_loc12_loop6,12,ITN 0%/IRS 0%/Larvicide 0%,0;0.4;0.4_0;0;0_0;0;0_-100;2;5475_-100;2;5475_-100;2;5475,35.1835616438356,Prevalence,0.00656120195563955
NbyGQVwzFc_loc12_loop6,12,ITN 0%/IRS 0%/Larvicide 0%,0;0.4;0.4_0;0;0_0;0;0_-100;2;5475_-100;2;5475_-100;2;5475,35.186301369863,Prevalence,0.00656381902998838
NbyGQVwzFc_loc12_loop6,12,ITN 0%/IRS 0%/Larvicide 0%,0;0.4;0.4_0;0;0_0;0;0_-100;2;5475_-100;2;5475_-100;2;5475,35.1890410958904,Prevalence,0.00656644231057103
NbyGQVwzFc_loc12_loop6,12,ITN 0%/IRS 0%/Larvicide 0%,0;0.4;0.4_0;0;0_0;0;0_-100;2;5475_-100;2;5475_-100;2;5475,35.1917808219178,Prevalence,0.0065690717904197
NbyGQVwzFc_loc12_loop6,12,ITN 0%/IRS 0%/Larvicide 0%,0;0.4;0.4_0;0;0_0;0;0_-100;2;5475_-100;2;5475_-100;2;5475,35.1945205479452,Prevalence,0.00657170746257899
NbyGQVwzFc_loc12_loop6,12,ITN 0%/IRS 0%/Larvicide 0%,0;0.4;0.4_0;0;0_0;0;0_-100;2;5475_-100;2;5475_-100;2;5475,35.1972602739726,Prevalence,0.00657434932010576
NbyGQVwzFc_loc12_loop6,12,ITN 0%/IRS 0%/Larvicide 0%,0;0.4;0.4_0;0;0_0;0;0_-100;2;5475_-100;2;5475_-100;2;5475,35.2,Prevalence,0.00657699735606905
NbyGQVwzFc_loc12_loop6,12,ITN 0%/IRS 0%/Larvicide 0%,0;0.4;0.4_0;0;0_0;0;0_-100;2;5475_-100;2;5475_-100;2;5475,35.2027397260274,Prevalence,0.00657965156354991
NbyGQVwzFc_loc12_loop6,12,ITN 0%/IRS 0%/Larvicide 0%,0;0.4;0.4_0;0;0_0;0;0_-100;2;5475_-100;2;5475_-100;2;5475,35.2054794520548,Prevalence,0.00658231193564131
NbyGQVwzFc_loc12_loop6,12,ITN 0%/IRS 0%/Larvicide 0%,0;0.4;0.4_0;0;0_0;0;0_-100;2;5475_-100;2;5475_-100;2;5475,35.2082191780822,Prevalence,0.00658497846544801
NbyGQVwzFc_loc12_loop6,12,ITN 0%/IRS 0%/Larvicide 0%,0;0.4;0.4_0;0;0_0;0;0_-100;2;5475_-100;2;5475_-100;2;5475,35.2109589041096,Prevalence,0.00658765114608644
NbyGQVwzFc_loc12_loop6,12,ITN 0%/IRS 0%/Larvicide 0%,0;0.4;0.4_0;0;0_0;0;0_-100;2;5475_-100;2;5475_-100;2;5475,35.213698630137,Prevalence,0.00659032997068462
NbyGQVwzFc_loc12_loop6,12,ITN 0%/IRS 0%/Larvicide 0%,0;0.4;0.4_0;0;0_0;0;0_-100;2;5475_-100;2;5475_-100;2;5475,35.2164383561644,Prevalence,0.00659301493238198
NbyGQVwzFc_loc12_loop6,12,ITN 0%/IRS 0%/Larvicide 0%,0;0.4;0.4_0;0;0_0;0;0_-100;2;5475_-100;2;5475_-100;2;5475,35.2191780821918,Prevalence,0.00659570602432932
NbyGQVwzFc_loc12_loop6,12,ITN 0%/IRS 0%/Larvicide 0%,0;0.4;0.4_0;0;0_0;0;0_-100;2;5475_-100;2;5475_-100;2;5475,35.2219178082192,Prevalence,0.00659840323968863
NbyGQVwzFc_loc12_loop6,12,ITN 0%/IRS 0%/Larvicide 0%,0;0.4;0.4_0;0;0_0;0;0_-100;2;5475_-100;2;5475_-100;2;5475,35.2246575342466,Prevalence,0.00660110657163298
NbyGQVwzFc_loc12_loop6,12,ITN 0%/IRS 0%/Larvicide 0%,0;0.4;0.4_0;0;0_0;0;0_-100;2;5475_-100;2;5475_-100;2;5475,35.227397260274,Prevalence,0.00660381601334647
NbyGQVwzFc_loc12_loop6,12,ITN 0%/IRS 0%/Larvicide 0%,0;0.4;0.4_0;0;0_0;0;0_-100;2;5475_-100;2;5475_-100;2;5475,35.2301369863014,Prevalence,0.00660653155802407
NbyGQVwzFc_loc12_loop6,12,ITN 0%/IRS 0%/Larvicide 0%,0;0.4;0.4_0;0;0_0;0;0_-100;2;5475_-100;2;5475_-100;2;5475,35.2328767123288,Prevalence,0.00660925319887147
NbyGQVwzFc_loc12_loop6,12,ITN 0%/IRS 0%/Larvicide 0%,0;0.4;0.4_0;0;0_0;0;0_-100;2;5475_-100;2;5475_-100;2;5475,35.2356164383562,Prevalence,0.00661198092910507
NbyGQVwzFc_loc12_loop6,12,ITN 0%/IRS 0%/Larvicide 0%,0;0.4;0.4_0;0;0_0;0;0_-100;2;5475_-100;2;5475_-100;2;5475,35.2383561643836,Prevalence,0.00661471474195176
NbyGQVwzFc_loc12_loop6,12,ITN 0%/IRS 0%/Larvicide 0%,0;0.4;0.4_0;0;0_0;0;0_-100;2;5475_-100;2;5475_-100;2;5475,35.241095890411,Prevalence,0.00661745463064889
NbyGQVwzFc_loc12_loop6,12,ITN 0%/IRS 0%/Larvicide 0%,0;0.4;0.4_0;0;0_0;0;0_-100;2;5475_-100;2;5475_-100;2;5475,35.2438356164384,Prevalence,0.0066202005884441
NbyGQVwzFc_loc12_loop6,12,ITN 0%/IRS 0%/Larvicide 0%,0;0.4;0.4_0;0;0_0;0;0_-100;2;5475_-100;2;5475_-100;2;5475,35.2465753424658,Prevalence,0.00662295260859526
NbyGQVwzFc_loc12_loop6,12,ITN 0%/IRS 0%/Larvicide 0%,0;0.4;0.4_0;0;0_0;0;0_-100;2;5475_-100;2;5475_-100;2;5475,35.2493150684932,Prevalence,0.00662571068437033
NbyGQVwzFc_loc12_loop6,12,ITN 0%/IRS 0%/Larvicide 0%,0;0.4;0.4_0;0;0_0;0;0_-100;2;5475_-100;2;5475_-100;2;5475,35.2520547945205,Prevalence,0.00662847480904727
NbyGQVwzFc_loc12_loop6,12,ITN 0%/IRS 0%/Larvicide 0%,0;0.4;0.4_0;0;0_0;0;0_-100;2;5475_-100;2;5475_-100;2;5475,35.2547945205479,Prevalence,0.00663124497591391
NbyGQVwzFc_loc12_loop6,12,ITN 0%/IRS 0%/Larvicide 0%,0;0.4;0.4_0;0;0_0;0;0_-100;2;5475_-100;2;5475_-100;2;5475,35.2575342465753,Prevalence,0.00663402117826785
NbyGQVwzFc_loc12_loop6,12,ITN 0%/IRS 0%/Larvicide 0%,0;0.4;0.4_0;0;0_0;0;0_-100;2;5475_-100;2;5475_-100;2;5475,35.2602739726027,Prevalence,0.00663680340941639
NbyGQVwzFc_loc12_loop6,12,ITN 0%/IRS 0%/Larvicide 0%,0;0.4;0.4_0;0;0_0;0;0_-100;2;5475_-100;2;5475_-100;2;5475,35.2630136986301,Prevalence,0.00663959166267636
NbyGQVwzFc_loc12_loop6,12,ITN 0%/IRS 0%/Larvicide 0%,0;0.4;0.4_0;0;0_0;0;0_-100;2;5475_-100;2;5475_-100;2;5475,35.2657534246575,Prevalence,0.00664238593137406
NbyGQVwzFc_loc12_loop6,12,ITN 0%/IRS 0%/Larvicide 0%,0;0.4;0.4_0;0;0_0;0;0_-100;2;5475_-100;2;5475_-100;2;5475,35.2684931506849,Prevalence,0.00664518620884513
NbyGQVwzFc_loc12_loop6,12,ITN 0%/IRS 0%/Larvicide 0%,0;0.4;0.4_0;0;0_0;0;0_-100;2;5475_-100;2;5475_-100;2;5475,35.2712328767123,Prevalence,0.00664799248843447
NbyGQVwzFc_loc12_loop6,12,ITN 0%/IRS 0%/Larvicide 0%,0;0.4;0.4_0;0;0_0;0;0_-100;2;5475_-100;2;5475_-100;2;5475,35.2739726027397,Prevalence,0.00665080476349621
NbyGQVwzFc_loc12_loop6,12,ITN 0%/IRS 0%/Larvicide 0%,0;0.4;0.4_0;0;0_0;0;0_-100;2;5475_-100;2;5475_-100;2;5475,35.2767123287671,Prevalence,0.00665362302739344
NbyGQVwzFc_loc12_loop6,12,ITN 0%/IRS 0%/Larvicide 0%,0;0.4;0.4_0;0;0_0;0;0_-100;2;5475_-100;2;5475_-100;2;5475,35.2794520547945,Prevalence,0.00665644727349808
NbyGQVwzFc_loc12_loop6,12,ITN 0%/IRS 0%/Larvicide 0%,0;0.4;0.4_0;0;0_0;0;0_-100;2;5475_-100;2;5475_-100;2;5475,35.2821917808219,Prevalence,0.00665927749519089
NbyGQVwzFc_loc12_loop6,12,ITN 0%/IRS 0%/Larvicide 0%,0;0.4;0.4_0;0;0_0;0;0_-100;2;5475_-100;2;5475_-100;2;5475,35.2849315068493,Prevalence,0.00666211368586134
NbyGQVwzFc_loc12_loop6,12,ITN 0%/IRS 0%/Larvicide 0%,0;0.4;0.4_0;0;0_0;0;0_-100;2;5475_-100;2;5475_-100;2;5475,35.2876712328767,Prevalence,0.00666495583890756
NbyGQVwzFc_loc12_loop6,12,ITN 0%/IRS 0%/Larvicide 0%,0;0.4;0.4_0;0;0_0;0;0_-100;2;5475_-100;2;5475_-100;2;5475,35.2904109589041,Prevalence,0.00666780394773618
NbyGQVwzFc_loc12_loop6,12,ITN 0%/IRS 0%/Larvicide 0%,0;0.4;0.4_0;0;0_0;0;0_-100;2;5475_-100;2;5475_-100;2;5475,35.2931506849315,Prevalence,0.00667065800576226
NbyGQVwzFc_loc12_loop6,12,ITN 0%/IRS 0%/Larvicide 0%,0;0.4;0.4_0;0;0_0;0;0_-100;2;5475_-100;2;5475_-100;2;5475,35.2958904109589,Prevalence,0.00667351800640921
NbyGQVwzFc_loc12_loop6,12,ITN 0%/IRS 0%/Larvicide 0%,0;0.4;0.4_0;0;0_0;0;0_-100;2;5475_-100;2;5475_-100;2;5475,35.2986301369863,Prevalence,0.00667638394310863
NbyGQVwzFc_loc12_loop6,12,ITN 0%/IRS 0%/Larvicide 0%,0;0.4;0.4_0;0;0_0;0;0_-100;2;5475_-100;2;5475_-100;2;5475,35.3013698630137,Prevalence,0.00667925580930029
NbyGQVwzFc_loc12_loop6,12,ITN 0%/IRS 0%/Larvicide 0%,0;0.4;0.4_0;0;0_0;0;0_-100;2;5475_-100;2;5475_-100;2;5475,35.3041095890411,Prevalence,0.00668213359843195
NbyGQVwzFc_loc12_loop6,12,ITN 0%/IRS 0%/Larvicide 0%,0;0.4;0.4_0;0;0_0;0;0_-100;2;5475_-100;2;5475_-100;2;5475,35.3068493150685,Prevalence,0.00668501730395934
NbyGQVwzFc_loc12_loop6,12,ITN 0%/IRS 0%/Larvicide 0%,0;0.4;0.4_0;0;0_0;0;0_-100;2;5475_-100;2;5475_-100;2;5475,35.3095890410959,Prevalence,0.00668790691934601
NbyGQVwzFc_loc12_loop6,12,ITN 0%/IRS 0%/Larvicide 0%,0;0.4;0.4_0;0;0_0;0;0_-100;2;5475_-100;2;5475_-100;2;5475,35.3123287671233,Prevalence,0.00669080243806323
NbyGQVwzFc_loc12_loop6,12,ITN 0%/IRS 0%/Larvicide 0%,0;0.4;0.4_0;0;0_0;0;0_-100;2;5475_-100;2;5475_-100;2;5475,35.3150684931507,Prevalence,0.00669370385358993
NbyGQVwzFc_loc12_loop6,12,ITN 0%/IRS 0%/Larvicide 0%,0;0.4;0.4_0;0;0_0;0;0_-100;2;5475_-100;2;5475_-100;2;5475,35.3178082191781,Prevalence,0.00669661115941258
NbyGQVwzFc_loc12_loop6,12,ITN 0%/IRS 0%/Larvicide 0%,0;0.4;0.4_0;0;0_0;0;0_-100;2;5475_-100;2;5475_-100;2;5475,35.3205479452055,Prevalence,0.00669952434902512
NbyGQVwzFc_loc12_loop6,12,ITN 0%/IRS 0%/Larvicide 0%,0;0.4;0.4_0;0;0_0;0;0_-100;2;5475_-100;2;5475_-100;2;5475,35.3232876712329,Prevalence,0.0067024434159288
NbyGQVwzFc_loc12_loop6,12,ITN 0%/IRS 0%/Larvicide 0%,0;0.4;0.4_0;0;0_0;0;0_-100;2;5475_-100;2;5475_-100;2;5475,35.3260273972603,Prevalence,0.00670536835363219
NbyGQVwzFc_loc12_loop6,12,ITN 0%/IRS 0%/Larvicide 0%,0;0.4;0.4_0;0;0_0;0;0_-100;2;5475_-100;2;5475_-100;2;5475,35.3287671232877,Prevalence,0.00670829915565097
NbyGQVwzFc_loc12_loop6,12,ITN 0%/IRS 0%/Larvicide 0%,0;0.4;0.4_0;0;0_0;0;0_-100;2;5475_-100;2;5475_-100;2;5475,35.3315068493151,Prevalence,0.00671123581550793
NbyGQVwzFc_loc12_loop6,12,ITN 0%/IRS 0%/Larvicide 0%,0;0.4;0.4_0;0;0_0;0;0_-100;2;5475_-100;2;5475_-100;2;5475,35.3342465753425,Prevalence,0.00671417832673283
NbyGQVwzFc_loc12_loop6,12,ITN 0%/IRS 0%/Larvicide 0%,0;0.4;0.4_0;0;0_0;0;0_-100;2;5475_-100;2;5475_-100;2;5475,35.3369863013699,Prevalence,0.00671712668286231
NbyGQVwzFc_loc12_loop6,12,ITN 0%/IRS 0%/Larvicide 0%,0;0.4;0.4_0;0;0_0;0;0_-100;2;5475_-100;2;5475_-100;2;5475,35.3397260273973,Prevalence,0.00672008087743982
NbyGQVwzFc_loc12_loop6,12,ITN 0%/IRS 0%/Larvicide 0%,0;0.4;0.4_0;0;0_0;0;0_-100;2;5475_-100;2;5475_-100;2;5475,35.3424657534247,Prevalence,0.00672304090401549
NbyGQVwzFc_loc12_loop6,12,ITN 0%/IRS 0%/Larvicide 0%,0;0.4;0.4_0;0;0_0;0;0_-100;2;5475_-100;2;5475_-100;2;5475,35.3452054794521,Prevalence,0.0067260067561461
NbyGQVwzFc_loc12_loop6,12,ITN 0%/IRS 0%/Larvicide 0%,0;0.4;0.4_0;0;0_0;0;0_-100;2;5475_-100;2;5475_-100;2;5475,35.3479452054795,Prevalence,0.00672897842739492
NbyGQVwzFc_loc12_loop6,12,ITN 0%/IRS 0%/Larvicide 0%,0;0.4;0.4_0;0;0_0;0;0_-100;2;5475_-100;2;5475_-100;2;5475,35.3506849315069,Prevalence,0.00673195591133166
NbyGQVwzFc_loc12_loop6,12,ITN 0%/IRS 0%/Larvicide 0%,0;0.4;0.4_0;0;0_0;0;0_-100;2;5475_-100;2;5475_-100;2;5475,35.3534246575343,Prevalence,0.00673493920153239
NbyGQVwzFc_loc12_loop6,12,ITN 0%/IRS 0%/Larvicide 0%,0;0.4;0.4_0;0;0_0;0;0_-100;2;5475_-100;2;5475_-100;2;5475,35.3561643835616,Prevalence,0.0067379282915794
NbyGQVwzFc_loc12_loop6,12,ITN 0%/IRS 0%/Larvicide 0%,0;0.4;0.4_0;0;0_0;0;0_-100;2;5475_-100;2;5475_-100;2;5475,35.358904109589,Prevalence,0.00674092317506119
NbyGQVwzFc_loc12_loop6,12,ITN 0%/IRS 0%/Larvicide 0%,0;0.4;0.4_0;0;0_0;0;0_-100;2;5475_-100;2;5475_-100;2;5475,35.3616438356164,Prevalence,0.00674392384557228
NbyGQVwzFc_loc12_loop6,12,ITN 0%/IRS 0%/Larvicide 0%,0;0.4;0.4_0;0;0_0;0;0_-100;2;5475_-100;2;5475_-100;2;5475,35.3643835616438,Prevalence,0.00674693029671323
NbyGQVwzFc_loc12_loop6,12,ITN 0%/IRS 0%/Larvicide 0%,0;0.4;0.4_0;0;0_0;0;0_-100;2;5475_-100;2;5475_-100;2;5475,35.3671232876712,Prevalence,0.00674994252209046
NbyGQVwzFc_loc12_loop6,12,ITN 0%/IRS 0%/Larvicide 0%,0;0.4;0.4_0;0;0_0;0;0_-100;2;5475_-100;2;5475_-100;2;5475,35.3698630136986,Prevalence,0.00675296051531623
NbyGQVwzFc_loc12_loop6,12,ITN 0%/IRS 0%/Larvicide 0%,0;0.4;0.4_0;0;0_0;0;0_-100;2;5475_-100;2;5475_-100;2;5475,35.372602739726,Prevalence,0.00675598427000852
NbyGQVwzFc_loc12_loop6,12,ITN 0%/IRS 0%/Larvicide 0%,0;0.4;0.4_0;0;0_0;0;0_-100;2;5475_-100;2;5475_-100;2;5475,35.3753424657534,Prevalence,0.00675901377979097
NbyGQVwzFc_loc12_loop6,12,ITN 0%/IRS 0%/Larvicide 0%,0;0.4;0.4_0;0;0_0;0;0_-100;2;5475_-100;2;5475_-100;2;5475,35.3780821917808,Prevalence,0.00676204903829274
NbyGQVwzFc_loc12_loop6,12,ITN 0%/IRS 0%/Larvicide 0%,0;0.4;0.4_0;0;0_0;0;0_-100;2;5475_-100;2;5475_-100;2;5475,35.3808219178082,Prevalence,0.00676509003914858
NbyGQVwzFc_loc12_loop6,12,ITN 0%/IRS 0%/Larvicide 0%,0;0.4;0.4_0;0;0_0;0;0_-100;2;5475_-100;2;5475_-100;2;5475,35.3835616438356,Prevalence,0.00676813677599844
NbyGQVwzFc_loc12_loop6,12,ITN 0%/IRS 0%/Larvicide 0%,0;0.4;0.4_0;0;0_0;0;0_-100;2;5475_-100;2;5475_-100;2;5475,35.386301369863,Prevalence,0.00677118924248757
NbyGQVwzFc_loc12_loop6,12,ITN 0%/IRS 0%/Larvicide 0%,0;0.4;0.4_0;0;0_0;0;0_-100;2;5475_-100;2;5475_-100;2;5475,35.3890410958904,Prevalence,0.00677424743226644
NbyGQVwzFc_loc12_loop6,12,ITN 0%/IRS 0%/Larvicide 0%,0;0.4;0.4_0;0;0_0;0;0_-100;2;5475_-100;2;5475_-100;2;5475,35.3917808219178,Prevalence,0.00677731133899064
NbyGQVwzFc_loc12_loop6,12,ITN 0%/IRS 0%/Larvicide 0%,0;0.4;0.4_0;0;0_0;0;0_-100;2;5475_-100;2;5475_-100;2;5475,35.3945205479452,Prevalence,0.00678038095632082
NbyGQVwzFc_loc12_loop6,12,ITN 0%/IRS 0%/Larvicide 0%,0;0.4;0.4_0;0;0_0;0;0_-100;2;5475_-100;2;5475_-100;2;5475,35.3972602739726,Prevalence,0.00678345627792262
NbyGQVwzFc_loc12_loop6,12,ITN 0%/IRS 0%/Larvicide 0%,0;0.4;0.4_0;0;0_0;0;0_-100;2;5475_-100;2;5475_-100;2;5475,35.4,Prevalence,0.00678653729746651
NbyGQVwzFc_loc12_loop6,12,ITN 0%/IRS 0%/Larvicide 0%,0;0.4;0.4_0;0;0_0;0;0_-100;2;5475_-100;2;5475_-100;2;5475,35.4027397260274,Prevalence,0.00678962400862781
NbyGQVwzFc_loc12_loop6,12,ITN 0%/IRS 0%/Larvicide 0%,0;0.4;0.4_0;0;0_0;0;0_-100;2;5475_-100;2;5475_-100;2;5475,35.4054794520548,Prevalence,0.00679271640508657
NbyGQVwzFc_loc12_loop6,12,ITN 0%/IRS 0%/Larvicide 0%,0;0.4;0.4_0;0;0_0;0;0_-100;2;5475_-100;2;5475_-100;2;5475,35.4082191780822,Prevalence,0.00679581448052744
NbyGQVwzFc_loc12_loop6,12,ITN 0%/IRS 0%/Larvicide 0%,0;0.4;0.4_0;0;0_0;0;0_-100;2;5475_-100;2;5475_-100;2;5475,35.4109589041096,Prevalence,0.00679891822863969
NbyGQVwzFc_loc12_loop6,12,ITN 0%/IRS 0%/Larvicide 0%,0;0.4;0.4_0;0;0_0;0;0_-100;2;5475_-100;2;5475_-100;2;5475,35.413698630137,Prevalence,0.00680202764311701
NbyGQVwzFc_loc12_loop6,12,ITN 0%/IRS 0%/Larvicide 0%,0;0.4;0.4_0;0;0_0;0;0_-100;2;5475_-100;2;5475_-100;2;5475,35.4164383561644,Prevalence,0.00680514271765754
NbyGQVwzFc_loc12_loop6,12,ITN 0%/IRS 0%/Larvicide 0%,0;0.4;0.4_0;0;0_0;0;0_-100;2;5475_-100;2;5475_-100;2;5475,35.4191780821918,Prevalence,0.00680826344596372
NbyGQVwzFc_loc12_loop6,12,ITN 0%/IRS 0%/Larvicide 0%,0;0.4;0.4_0;0;0_0;0;0_-100;2;5475_-100;2;5475_-100;2;5475,35.4219178082192,Prevalence,0.00681138982174226
NbyGQVwzFc_loc12_loop6,12,ITN 0%/IRS 0%/Larvicide 0%,0;0.4;0.4_0;0;0_0;0;0_-100;2;5475_-100;2;5475_-100;2;5475,35.4246575342466,Prevalence,0.00681452183870399
NbyGQVwzFc_loc12_loop6,12,ITN 0%/IRS 0%/Larvicide 0%,0;0.4;0.4_0;0;0_0;0;0_-100;2;5475_-100;2;5475_-100;2;5475,35.427397260274,Prevalence,0.00681765949056388
NbyGQVwzFc_loc12_loop6,12,ITN 0%/IRS 0%/Larvicide 0%,0;0.4;0.4_0;0;0_0;0;0_-100;2;5475_-100;2;5475_-100;2;5475,35.4301369863014,Prevalence,0.00682080277104089
NbyGQVwzFc_loc12_loop6,12,ITN 0%/IRS 0%/Larvicide 0%,0;0.4;0.4_0;0;0_0;0;0_-100;2;5475_-100;2;5475_-100;2;5475,35.4328767123288,Prevalence,0.0068239516738579
NbyGQVwzFc_loc12_loop6,12,ITN 0%/IRS 0%/Larvicide 0%,0;0.4;0.4_0;0;0_0;0;0_-100;2;5475_-100;2;5475_-100;2;5475,35.4356164383562,Prevalence,0.00682710619274168
NbyGQVwzFc_loc12_loop6,12,ITN 0%/IRS 0%/Larvicide 0%,0;0.4;0.4_0;0;0_0;0;0_-100;2;5475_-100;2;5475_-100;2;5475,35.4383561643836,Prevalence,0.00683026632142276
NbyGQVwzFc_loc12_loop6,12,ITN 0%/IRS 0%/Larvicide 0%,0;0.4;0.4_0;0;0_0;0;0_-100;2;5475_-100;2;5475_-100;2;5475,35.441095890411,Prevalence,0.00683343205363537
NbyGQVwzFc_loc12_loop6,12,ITN 0%/IRS 0%/Larvicide 0%,0;0.4;0.4_0;0;0_0;0;0_-100;2;5475_-100;2;5475_-100;2;5475,35.4438356164384,Prevalence,0.0068366033831174
NbyGQVwzFc_loc12_loop6,12,ITN 0%/IRS 0%/Larvicide 0%,0;0.4;0.4_0;0;0_0;0;0_-100;2;5475_-100;2;5475_-100;2;5475,35.4465753424658,Prevalence,0.00683978030361026
NbyGQVwzFc_loc12_loop6,12,ITN 0%/IRS 0%/Larvicide 0%,0;0.4;0.4_0;0;0_0;0;0_-100;2;5475_-100;2;5475_-100;2;5475,35.4493150684932,Prevalence,0.00684296280885887
NbyGQVwzFc_loc12_loop6,12,ITN 0%/IRS 0%/Larvicide 0%,0;0.4;0.4_0;0;0_0;0;0_-100;2;5475_-100;2;5475_-100;2;5475,35.4520547945206,Prevalence,0.00684615089261154
NbyGQVwzFc_loc12_loop6,12,ITN 0%/IRS 0%/Larvicide 0%,0;0.4;0.4_0;0;0_0;0;0_-100;2;5475_-100;2;5475_-100;2;5475,35.4547945205479,Prevalence,0.00684934454861993
NbyGQVwzFc_loc12_loop6,12,ITN 0%/IRS 0%/Larvicide 0%,0;0.4;0.4_0;0;0_0;0;0_-100;2;5475_-100;2;5475_-100;2;5475,35.4575342465753,Prevalence,0.00685254377063896
NbyGQVwzFc_loc12_loop6,12,ITN 0%/IRS 0%/Larvicide 0%,0;0.4;0.4_0;0;0_0;0;0_-100;2;5475_-100;2;5475_-100;2;5475,35.4602739726027,Prevalence,0.00685574855242671
NbyGQVwzFc_loc12_loop6,12,ITN 0%/IRS 0%/Larvicide 0%,0;0.4;0.4_0;0;0_0;0;0_-100;2;5475_-100;2;5475_-100;2;5475,35.4630136986301,Prevalence,0.00685895888774441
NbyGQVwzFc_loc12_loop6,12,ITN 0%/IRS 0%/Larvicide 0%,0;0.4;0.4_0;0;0_0;0;0_-100;2;5475_-100;2;5475_-100;2;5475,35.4657534246575,Prevalence,0.00686217477035633
NbyGQVwzFc_loc12_loop6,12,ITN 0%/IRS 0%/Larvicide 0%,0;0.4;0.4_0;0;0_0;0;0_-100;2;5475_-100;2;5475_-100;2;5475,35.4684931506849,Prevalence,0.00686539619402968
NbyGQVwzFc_loc12_loop6,12,ITN 0%/IRS 0%/Larvicide 0%,0;0.4;0.4_0;0;0_0;0;0_-100;2;5475_-100;2;5475_-100;2;5475,35.4712328767123,Prevalence,0.00686862315253461
NbyGQVwzFc_loc12_loop6,12,ITN 0%/IRS 0%/Larvicide 0%,0;0.4;0.4_0;0;0_0;0;0_-100;2;5475_-100;2;5475_-100;2;5475,35.4739726027397,Prevalence,0.00687185563964404
NbyGQVwzFc_loc12_loop6,12,ITN 0%/IRS 0%/Larvicide 0%,0;0.4;0.4_0;0;0_0;0;0_-100;2;5475_-100;2;5475_-100;2;5475,35.4767123287671,Prevalence,0.00687509364913372
NbyGQVwzFc_loc12_loop6,12,ITN 0%/IRS 0%/Larvicide 0%,0;0.4;0.4_0;0;0_0;0;0_-100;2;5475_-100;2;5475_-100;2;5475,35.4794520547945,Prevalence,0.00687833717478201
NbyGQVwzFc_loc12_loop6,12,ITN 0%/IRS 0%/Larvicide 0%,0;0.4;0.4_0;0;0_0;0;0_-100;2;5475_-100;2;5475_-100;2;5475,35.4821917808219,Prevalence,0.00688158621036997
NbyGQVwzFc_loc12_loop6,12,ITN 0%/IRS 0%/Larvicide 0%,0;0.4;0.4_0;0;0_0;0;0_-100;2;5475_-100;2;5475_-100;2;5475,35.4849315068493,Prevalence,0.00688484074968114
NbyGQVwzFc_loc12_loop6,12,ITN 0%/IRS 0%/Larvicide 0%,0;0.4;0.4_0;0;0_0;0;0_-100;2;5475_-100;2;5475_-100;2;5475,35.4876712328767,Prevalence,0.00688810078650155
NbyGQVwzFc_loc12_loop6,12,ITN 0%/IRS 0%/Larvicide 0%,0;0.4;0.4_0;0;0_0;0;0_-100;2;5475_-100;2;5475_-100;2;5475,35.4904109589041,Prevalence,0.00689136631461971
NbyGQVwzFc_loc12_loop6,12,ITN 0%/IRS 0%/Larvicide 0%,0;0.4;0.4_0;0;0_0;0;0_-100;2;5475_-100;2;5475_-100;2;5475,35.4931506849315,Prevalence,0.0068946373278264
NbyGQVwzFc_loc12_loop6,12,ITN 0%/IRS 0%/Larvicide 0%,0;0.4;0.4_0;0;0_0;0;0_-100;2;5475_-100;2;5475_-100;2;5475,35.4958904109589,Prevalence,0.00689791381991461
NbyGQVwzFc_loc12_loop6,12,ITN 0%/IRS 0%/Larvicide 0%,0;0.4;0.4_0;0;0_0;0;0_-100;2;5475_-100;2;5475_-100;2;5475,35.4986301369863,Prevalence,0.00690119578467953
NbyGQVwzFc_loc12_loop6,12,ITN 0%/IRS 0%/Larvicide 0%,0;0.4;0.4_0;0;0_0;0;0_-100;2;5475_-100;2;5475_-100;2;5475,35.5013698630137,Prevalence,0.00690448321591848
NbyGQVwzFc_loc12_loop6,12,ITN 0%/IRS 0%/Larvicide 0%,0;0.4;0.4_0;0;0_0;0;0_-100;2;5475_-100;2;5475_-100;2;5475,35.5041095890411,Prevalence,0.00690777610743086
NbyGQVwzFc_loc12_loop6,12,ITN 0%/IRS 0%/Larvicide 0%,0;0.4;0.4_0;0;0_0;0;0_-100;2;5475_-100;2;5475_-100;2;5475,35.5068493150685,Prevalence,0.00691107445301807
NbyGQVwzFc_loc12_loop6,12,ITN 0%/IRS 0%/Larvicide 0%,0;0.4;0.4_0;0;0_0;0;0_-100;2;5475_-100;2;5475_-100;2;5475,35.5095890410959,Prevalence,0.00691437824648343
NbyGQVwzFc_loc12_loop6,12,ITN 0%/IRS 0%/Larvicide 0%,0;0.4;0.4_0;0;0_0;0;0_-100;2;5475_-100;2;5475_-100;2;5475,35.5123287671233,Prevalence,0.00691768748163218
NbyGQVwzFc_loc12_loop6,12,ITN 0%/IRS 0%/Larvicide 0%,0;0.4;0.4_0;0;0_0;0;0_-100;2;5475_-100;2;5475_-100;2;5475,35.5150684931507,Prevalence,0.0069210021522713
NbyGQVwzFc_loc12_loop6,12,ITN 0%/IRS 0%/Larvicide 0%,0;0.4;0.4_0;0;0_0;0;0_-100;2;5475_-100;2;5475_-100;2;5475,35.5178082191781,Prevalence,0.00692432225220956
NbyGQVwzFc_loc12_loop6,12,ITN 0%/IRS 0%/Larvicide 0%,0;0.4;0.4_0;0;0_0;0;0_-100;2;5475_-100;2;5475_-100;2;5475,35.5205479452055,Prevalence,0.00692764777525739
NbyGQVwzFc_loc12_loop6,12,ITN 0%/IRS 0%/Larvicide 0%,0;0.4;0.4_0;0;0_0;0;0_-100;2;5475_-100;2;5475_-100;2;5475,35.5232876712329,Prevalence,0.00693097871522685
NbyGQVwzFc_loc12_loop6,12,ITN 0%/IRS 0%/Larvicide 0%,0;0.4;0.4_0;0;0_0;0;0_-100;2;5475_-100;2;5475_-100;2;5475,35.5260273972603,Prevalence,0.00693431506593151
NbyGQVwzFc_loc12_loop6,12,ITN 0%/IRS 0%/Larvicide 0%,0;0.4;0.4_0;0;0_0;0;0_-100;2;5475_-100;2;5475_-100;2;5475,35.5287671232877,Prevalence,0.00693765682118647
NbyGQVwzFc_loc12_loop6,12,ITN 0%/IRS 0%/Larvicide 0%,0;0.4;0.4_0;0;0_0;0;0_-100;2;5475_-100;2;5475_-100;2;5475,35.5315068493151,Prevalence,0.00694100397480823
NbyGQVwzFc_loc12_loop6,12,ITN 0%/IRS 0%/Larvicide 0%,0;0.4;0.4_0;0;0_0;0;0_-100;2;5475_-100;2;5475_-100;2;5475,35.5342465753425,Prevalence,0.00694435652061463
NbyGQVwzFc_loc12_loop6,12,ITN 0%/IRS 0%/Larvicide 0%,0;0.4;0.4_0;0;0_0;0;0_-100;2;5475_-100;2;5475_-100;2;5475,35.5369863013699,Prevalence,0.00694771445242485
NbyGQVwzFc_loc12_loop6,12,ITN 0%/IRS 0%/Larvicide 0%,0;0.4;0.4_0;0;0_0;0;0_-100;2;5475_-100;2;5475_-100;2;5475,35.5397260273973,Prevalence,0.00695107776405925
NbyGQVwzFc_loc12_loop6,12,ITN 0%/IRS 0%/Larvicide 0%,0;0.4;0.4_0;0;0_0;0;0_-100;2;5475_-100;2;5475_-100;2;5475,35.5424657534247,Prevalence,0.00695444644933942
NbyGQVwzFc_loc12_loop6,12,ITN 0%/IRS 0%/Larvicide 0%,0;0.4;0.4_0;0;0_0;0;0_-100;2;5475_-100;2;5475_-100;2;5475,35.5452054794521,Prevalence,0.00695782050208801
NbyGQVwzFc_loc12_loop6,12,ITN 0%/IRS 0%/Larvicide 0%,0;0.4;0.4_0;0;0_0;0;0_-100;2;5475_-100;2;5475_-100;2;5475,35.5479452054795,Prevalence,0.00696119991612875
NbyGQVwzFc_loc12_loop6,12,ITN 0%/IRS 0%/Larvicide 0%,0;0.4;0.4_0;0;0_0;0;0_-100;2;5475_-100;2;5475_-100;2;5475,35.5506849315069,Prevalence,0.00696458468528635
NbyGQVwzFc_loc12_loop6,12,ITN 0%/IRS 0%/Larvicide 0%,0;0.4;0.4_0;0;0_0;0;0_-100;2;5475_-100;2;5475_-100;2;5475,35.5534246575342,Prevalence,0.00696797480338644
NbyGQVwzFc_loc12_loop6,12,ITN 0%/IRS 0%/Larvicide 0%,0;0.4;0.4_0;0;0_0;0;0_-100;2;5475_-100;2;5475_-100;2;5475,35.5561643835616,Prevalence,0.00697137026425554
NbyGQVwzFc_loc12_loop6,12,ITN 0%/IRS 0%/Larvicide 0%,0;0.4;0.4_0;0;0_0;0;0_-100;2;5475_-100;2;5475_-100;2;5475,35.558904109589,Prevalence,0.00697477106172094
NbyGQVwzFc_loc12_loop6,12,ITN 0%/IRS 0%/Larvicide 0%,0;0.4;0.4_0;0;0_0;0;0_-100;2;5475_-100;2;5475_-100;2;5475,35.5616438356164,Prevalence,0.00697817718961071
NbyGQVwzFc_loc12_loop6,12,ITN 0%/IRS 0%/Larvicide 0%,0;0.4;0.4_0;0;0_0;0;0_-100;2;5475_-100;2;5475_-100;2;5475,35.5643835616438,Prevalence,0.00698158864175361
NbyGQVwzFc_loc12_loop6,12,ITN 0%/IRS 0%/Larvicide 0%,0;0.4;0.4_0;0;0_0;0;0_-100;2;5475_-100;2;5475_-100;2;5475,35.5671232876712,Prevalence,0.00698500541197903
NbyGQVwzFc_loc12_loop6,12,ITN 0%/IRS 0%/Larvicide 0%,0;0.4;0.4_0;0;0_0;0;0_-100;2;5475_-100;2;5475_-100;2;5475,35.5698630136986,Prevalence,0.0069884274941169
NbyGQVwzFc_loc12_loop6,12,ITN 0%/IRS 0%/Larvicide 0%,0;0.4;0.4_0;0;0_0;0;0_-100;2;5475_-100;2;5475_-100;2;5475,35.572602739726,Prevalence,0.00699185488199769
NbyGQVwzFc_loc12_loop6,12,ITN 0%/IRS 0%/Larvicide 0%,0;0.4;0.4_0;0;0_0;0;0_-100;2;5475_-100;2;5475_-100;2;5475,35.5753424657534,Prevalence,0.00699528756945234
NbyGQVwzFc_loc12_loop6,12,ITN 0%/IRS 0%/Larvicide 0%,0;0.4;0.4_0;0;0_0;0;0_-100;2;5475_-100;2;5475_-100;2;5475,35.5780821917808,Prevalence,0.00699872555031216
NbyGQVwzFc_loc12_loop6,12,ITN 0%/IRS 0%/Larvicide 0%,0;0.4;0.4_0;0;0_0;0;0_-100;2;5475_-100;2;5475_-100;2;5475,35.5808219178082,Prevalence,0.00700216881840882
NbyGQVwzFc_loc12_loop6,12,ITN 0%/IRS 0%/Larvicide 0%,0;0.4;0.4_0;0;0_0;0;0_-100;2;5475_-100;2;5475_-100;2;5475,35.5835616438356,Prevalence,0.00700561736757428
NbyGQVwzFc_loc12_loop6,12,ITN 0%/IRS 0%/Larvicide 0%,0;0.4;0.4_0;0;0_0;0;0_-100;2;5475_-100;2;5475_-100;2;5475,35.586301369863,Prevalence,0.00700907119164071
NbyGQVwzFc_loc12_loop6,12,ITN 0%/IRS 0%/Larvicide 0%,0;0.4;0.4_0;0;0_0;0;0_-100;2;5475_-100;2;5475_-100;2;5475,35.5890410958904,Prevalence,0.00701253028444046
NbyGQVwzFc_loc12_loop6,12,ITN 0%/IRS 0%/Larvicide 0%,0;0.4;0.4_0;0;0_0;0;0_-100;2;5475_-100;2;5475_-100;2;5475,35.5917808219178,Prevalence,0.00701599463980601
NbyGQVwzFc_loc12_loop6,12,ITN 0%/IRS 0%/Larvicide 0%,0;0.4;0.4_0;0;0_0;0;0_-100;2;5475_-100;2;5475_-100;2;5475,35.5945205479452,Prevalence,0.00701946425156989
NbyGQVwzFc_loc12_loop6,12,ITN 0%/IRS 0%/Larvicide 0%,0;0.4;0.4_0;0;0_0;0;0_-100;2;5475_-100;2;5475_-100;2;5475,35.5972602739726,Prevalence,0.00702293911356462
NbyGQVwzFc_loc12_loop6,12,ITN 0%/IRS 0%/Larvicide 0%,0;0.4;0.4_0;0;0_0;0;0_-100;2;5475_-100;2;5475_-100;2;5475,35.6,Prevalence,0.00702641921962271
NbyGQVwzFc_loc12_loop6,12,ITN 0%/IRS 0%/Larvicide 0%,0;0.4;0.4_0;0;0_0;0;0_-100;2;5475_-100;2;5475_-100;2;5475,35.6027397260274,Prevalence,0.00702990456357654
NbyGQVwzFc_loc12_loop6,12,ITN 0%/IRS 0%/Larvicide 0%,0;0.4;0.4_0;0;0_0;0;0_-100;2;5475_-100;2;5475_-100;2;5475,35.6054794520548,Prevalence,0.00703339513925834
NbyGQVwzFc_loc12_loop6,12,ITN 0%/IRS 0%/Larvicide 0%,0;0.4;0.4_0;0;0_0;0;0_-100;2;5475_-100;2;5475_-100;2;5475,35.6082191780822,Prevalence,0.00703689094050013
NbyGQVwzFc_loc12_loop6,12,ITN 0%/IRS 0%/Larvicide 0%,0;0.4;0.4_0;0;0_0;0;0_-100;2;5475_-100;2;5475_-100;2;5475,35.6109589041096,Prevalence,0.00704039196113369
NbyGQVwzFc_loc12_loop6,12,ITN 0%/IRS 0%/Larvicide 0%,0;0.4;0.4_0;0;0_0;0;0_-100;2;5475_-100;2;5475_-100;2;5475,35.613698630137,Prevalence,0.00704389819499039
NbyGQVwzFc_loc12_loop6,12,ITN 0%/IRS 0%/Larvicide 0%,0;0.4;0.4_0;0;0_0;0;0_-100;2;5475_-100;2;5475_-100;2;5475,35.6164383561644,Prevalence,0.00704740963590123
NbyGQVwzFc_loc12_loop6,12,ITN 0%/IRS 0%/Larvicide 0%,0;0.4;0.4_0;0;0_0;0;0_-100;2;5475_-100;2;5475_-100;2;5475,35.6191780821918,Prevalence,0.00705092627769677
NbyGQVwzFc_loc12_loop6,12,ITN 0%/IRS 0%/Larvicide 0%,0;0.4;0.4_0;0;0_0;0;0_-100;2;5475_-100;2;5475_-100;2;5475,35.6219178082192,Prevalence,0.00705444811420711
NbyGQVwzFc_loc12_loop6,12,ITN 0%/IRS 0%/Larvicide 0%,0;0.4;0.4_0;0;0_0;0;0_-100;2;5475_-100;2;5475_-100;2;5475,35.6246575342466,Prevalence,0.00705797513926182
NbyGQVwzFc_loc12_loop6,12,ITN 0%/IRS 0%/Larvicide 0%,0;0.4;0.4_0;0;0_0;0;0_-100;2;5475_-100;2;5475_-100;2;5475,35.627397260274,Prevalence,0.0070615073466899
NbyGQVwzFc_loc12_loop6,12,ITN 0%/IRS 0%/Larvicide 0%,0;0.4;0.4_0;0;0_0;0;0_-100;2;5475_-100;2;5475_-100;2;5475,35.6301369863014,Prevalence,0.0070650447303197
NbyGQVwzFc_loc12_loop6,12,ITN 0%/IRS 0%/Larvicide 0%,0;0.4;0.4_0;0;0_0;0;0_-100;2;5475_-100;2;5475_-100;2;5475,35.6328767123288,Prevalence,0.00706858728397892
NbyGQVwzFc_loc12_loop6,12,ITN 0%/IRS 0%/Larvicide 0%,0;0.4;0.4_0;0;0_0;0;0_-100;2;5475_-100;2;5475_-100;2;5475,35.6356164383562,Prevalence,0.0070721350014945
NbyGQVwzFc_loc12_loop6,12,ITN 0%/IRS 0%/Larvicide 0%,0;0.4;0.4_0;0;0_0;0;0_-100;2;5475_-100;2;5475_-100;2;5475,35.6383561643836,Prevalence,0.00707568787669262
NbyGQVwzFc_loc12_loop6,12,ITN 0%/IRS 0%/Larvicide 0%,0;0.4;0.4_0;0;0_0;0;0_-100;2;5475_-100;2;5475_-100;2;5475,35.641095890411,Prevalence,0.0070792459033986
NbyGQVwzFc_loc12_loop6,12,ITN 0%/IRS 0%/Larvicide 0%,0;0.4;0.4_0;0;0_0;0;0_-100;2;5475_-100;2;5475_-100;2;5475,35.6438356164384,Prevalence,0.00708280907543692
NbyGQVwzFc_loc12_loop6,12,ITN 0%/IRS 0%/Larvicide 0%,0;0.4;0.4_0;0;0_0;0;0_-100;2;5475_-100;2;5475_-100;2;5475,35.6465753424658,Prevalence,0.0070863773866311
NbyGQVwzFc_loc12_loop6,12,ITN 0%/IRS 0%/Larvicide 0%,0;0.4;0.4_0;0;0_0;0;0_-100;2;5475_-100;2;5475_-100;2;5475,35.6493150684932,Prevalence,0.00708995083080369
NbyGQVwzFc_loc12_loop6,12,ITN 0%/IRS 0%/Larvicide 0%,0;0.4;0.4_0;0;0_0;0;0_-100;2;5475_-100;2;5475_-100;2;5475,35.6520547945205,Prevalence,0.00709352940177621
NbyGQVwzFc_loc12_loop6,12,ITN 0%/IRS 0%/Larvicide 0%,0;0.4;0.4_0;0;0_0;0;0_-100;2;5475_-100;2;5475_-100;2;5475,35.654794520548,Prevalence,0.00709711309336909
NbyGQVwzFc_loc12_loop6,12,ITN 0%/IRS 0%/Larvicide 0%,0;0.4;0.4_0;0;0_0;0;0_-100;2;5475_-100;2;5475_-100;2;5475,35.6575342465754,Prevalence,0.00710070189940168
NbyGQVwzFc_loc12_loop6,12,ITN 0%/IRS 0%/Larvicide 0%,0;0.4;0.4_0;0;0_0;0;0_-100;2;5475_-100;2;5475_-100;2;5475,35.6602739726027,Prevalence,0.00710429581369211
NbyGQVwzFc_loc12_loop6,12,ITN 0%/IRS 0%/Larvicide 0%,0;0.4;0.4_0;0;0_0;0;0_-100;2;5475_-100;2;5475_-100;2;5475,35.6630136986301,Prevalence,0.00710789483005729
NbyGQVwzFc_loc12_loop6,12,ITN 0%/IRS 0%/Larvicide 0%,0;0.4;0.4_0;0;0_0;0;0_-100;2;5475_-100;2;5475_-100;2;5475,35.6657534246575,Prevalence,0.0071114989423129
NbyGQVwzFc_loc12_loop6,12,ITN 0%/IRS 0%/Larvicide 0%,0;0.4;0.4_0;0;0_0;0;0_-100;2;5475_-100;2;5475_-100;2;5475,35.6684931506849,Prevalence,0.00711510814427329
NbyGQVwzFc_loc12_loop6,12,ITN 0%/IRS 0%/Larvicide 0%,0;0.4;0.4_0;0;0_0;0;0_-100;2;5475_-100;2;5475_-100;2;5475,35.6712328767123,Prevalence,0.00711872242975142
NbyGQVwzFc_loc12_loop6,12,ITN 0%/IRS 0%/Larvicide 0%,0;0.4;0.4_0;0;0_0;0;0_-100;2;5475_-100;2;5475_-100;2;5475,35.6739726027397,Prevalence,0.0071223417925589
NbyGQVwzFc_loc12_loop6,12,ITN 0%/IRS 0%/Larvicide 0%,0;0.4;0.4_0;0;0_0;0;0_-100;2;5475_-100;2;5475_-100;2;5475,35.6767123287671,Prevalence,0.00712596622650582
NbyGQVwzFc_loc12_loop6,12,ITN 0%/IRS 0%/Larvicide 0%,0;0.4;0.4_0;0;0_0;0;0_-100;2;5475_-100;2;5475_-100;2;5475,35.6794520547945,Prevalence,0.00712959572540081
NbyGQVwzFc_loc12_loop6,12,ITN 0%/IRS 0%/Larvicide 0%,0;0.4;0.4_0;0;0_0;0;0_-100;2;5475_-100;2;5475_-100;2;5475,35.6821917808219,Prevalence,0.00713323028305096
NbyGQVwzFc_loc12_loop6,12,ITN 0%/IRS 0%/Larvicide 0%,0;0.4;0.4_0;0;0_0;0;0_-100;2;5475_-100;2;5475_-100;2;5475,35.6849315068493,Prevalence,0.00713686989326176
NbyGQVwzFc_loc12_loop6,12,ITN 0%/IRS 0%/Larvicide 0%,0;0.4;0.4_0;0;0_0;0;0_-100;2;5475_-100;2;5475_-100;2;5475,35.6876712328767,Prevalence,0.00714051454983706
NbyGQVwzFc_loc12_loop6,12,ITN 0%/IRS 0%/Larvicide 0%,0;0.4;0.4_0;0;0_0;0;0_-100;2;5475_-100;2;5475_-100;2;5475,35.6904109589041,Prevalence,0.00714416424657903
NbyGQVwzFc_loc12_loop6,12,ITN 0%/IRS 0%/Larvicide 0%,0;0.4;0.4_0;0;0_0;0;0_-100;2;5475_-100;2;5475_-100;2;5475,35.6931506849315,Prevalence,0.00714781897728812
NbyGQVwzFc_loc12_loop6,12,ITN 0%/IRS 0%/Larvicide 0%,0;0.4;0.4_0;0;0_0;0;0_-100;2;5475_-100;2;5475_-100;2;5475,35.6958904109589,Prevalence,0.00715147873576303
NbyGQVwzFc_loc12_loop6,12,ITN 0%/IRS 0%/Larvicide 0%,0;0.4;0.4_0;0;0_0;0;0_-100;2;5475_-100;2;5475_-100;2;5475,35.6986301369863,Prevalence,0.00715514351580061
NbyGQVwzFc_loc12_loop6,12,ITN 0%/IRS 0%/Larvicide 0%,0;0.4;0.4_0;0;0_0;0;0_-100;2;5475_-100;2;5475_-100;2;5475,35.7013698630137,Prevalence,0.0071588133111959
NbyGQVwzFc_loc12_loop6,12,ITN 0%/IRS 0%/Larvicide 0%,0;0.4;0.4_0;0;0_0;0;0_-100;2;5475_-100;2;5475_-100;2;5475,35.7041095890411,Prevalence,0.007162488115742
NbyGQVwzFc_loc12_loop6,12,ITN 0%/IRS 0%/Larvicide 0%,0;0.4;0.4_0;0;0_0;0;0_-100;2;5475_-100;2;5475_-100;2;5475,35.7068493150685,Prevalence,0.00716616792323011
NbyGQVwzFc_loc12_loop6,12,ITN 0%/IRS 0%/Larvicide 0%,0;0.4;0.4_0;0;0_0;0;0_-100;2;5475_-100;2;5475_-100;2;5475,35.7095890410959,Prevalence,0.00716985272744942
NbyGQVwzFc_loc12_loop6,12,ITN 0%/IRS 0%/Larvicide 0%,0;0.4;0.4_0;0;0_0;0;0_-100;2;5475_-100;2;5475_-100;2;5475,35.7123287671233,Prevalence,0.00717354252218708
NbyGQVwzFc_loc12_loop6,12,ITN 0%/IRS 0%/Larvicide 0%,0;0.4;0.4_0;0;0_0;0;0_-100;2;5475_-100;2;5475_-100;2;5475,35.7150684931507,Prevalence,0.00717723730122821
NbyGQVwzFc_loc12_loop6,12,ITN 0%/IRS 0%/Larvicide 0%,0;0.4;0.4_0;0;0_0;0;0_-100;2;5475_-100;2;5475_-100;2;5475,35.7178082191781,Prevalence,0.00718093705835581
NbyGQVwzFc_loc12_loop6,12,ITN 0%/IRS 0%/Larvicide 0%,0;0.4;0.4_0;0;0_0;0;0_-100;2;5475_-100;2;5475_-100;2;5475,35.7205479452055,Prevalence,0.00718464178735071
NbyGQVwzFc_loc12_loop6,12,ITN 0%/IRS 0%/Larvicide 0%,0;0.4;0.4_0;0;0_0;0;0_-100;2;5475_-100;2;5475_-100;2;5475,35.7232876712329,Prevalence,0.00718835148199157
NbyGQVwzFc_loc12_loop6,12,ITN 0%/IRS 0%/Larvicide 0%,0;0.4;0.4_0;0;0_0;0;0_-100;2;5475_-100;2;5475_-100;2;5475,35.7260273972603,Prevalence,0.00719206613605481
NbyGQVwzFc_loc12_loop6,12,ITN 0%/IRS 0%/Larvicide 0%,0;0.4;0.4_0;0;0_0;0;0_-100;2;5475_-100;2;5475_-100;2;5475,35.7287671232877,Prevalence,0.00719578574331456
NbyGQVwzFc_loc12_loop6,12,ITN 0%/IRS 0%/Larvicide 0%,0;0.4;0.4_0;0;0_0;0;0_-100;2;5475_-100;2;5475_-100;2;5475,35.7315068493151,Prevalence,0.00719951029754267
NbyGQVwzFc_loc12_loop6,12,ITN 0%/IRS 0%/Larvicide 0%,0;0.4;0.4_0;0;0_0;0;0_-100;2;5475_-100;2;5475_-100;2;5475,35.7342465753425,Prevalence,0.00720323979250861
NbyGQVwzFc_loc12_loop6,12,ITN 0%/IRS 0%/Larvicide 0%,0;0.4;0.4_0;0;0_0;0;0_-100;2;5475_-100;2;5475_-100;2;5475,35.7369863013699,Prevalence,0.00720697422197947
NbyGQVwzFc_loc12_loop6,12,ITN 0%/IRS 0%/Larvicide 0%,0;0.4;0.4_0;0;0_0;0;0_-100;2;5475_-100;2;5475_-100;2;5475,35.7397260273973,Prevalence,0.00721071357971986
NbyGQVwzFc_loc12_loop6,12,ITN 0%/IRS 0%/Larvicide 0%,0;0.4;0.4_0;0;0_0;0;0_-100;2;5475_-100;2;5475_-100;2;5475,35.7424657534247,Prevalence,0.00721445785949188
NbyGQVwzFc_loc12_loop6,12,ITN 0%/IRS 0%/Larvicide 0%,0;0.4;0.4_0;0;0_0;0;0_-100;2;5475_-100;2;5475_-100;2;5475,35.7452054794521,Prevalence,0.00721820705505515
NbyGQVwzFc_loc12_loop6,12,ITN 0%/IRS 0%/Larvicide 0%,0;0.4;0.4_0;0;0_0;0;0_-100;2;5475_-100;2;5475_-100;2;5475,35.7479452054795,Prevalence,0.00722196116016673
NbyGQVwzFc_loc12_loop6,12,ITN 0%/IRS 0%/Larvicide 0%,0;0.4;0.4_0;0;0_0;0;0_-100;2;5475_-100;2;5475_-100;2;5475,35.7506849315068,Prevalence,0.0072257201685811
NbyGQVwzFc_loc12_loop6,12,ITN 0%/IRS 0%/Larvicide 0%,0;0.4;0.4_0;0;0_0;0;0_-100;2;5475_-100;2;5475_-100;2;5475,35.7534246575342,Prevalence,0.00722948407405009
NbyGQVwzFc_loc12_loop6,12,ITN 0%/IRS 0%/Larvicide 0%,0;0.4;0.4_0;0;0_0;0;0_-100;2;5475_-100;2;5475_-100;2;5475,35.7561643835617,Prevalence,0.00723325287032291
NbyGQVwzFc_loc12_loop6,12,ITN 0%/IRS 0%/Larvicide 0%,0;0.4;0.4_0;0;0_0;0;0_-100;2;5475_-100;2;5475_-100;2;5475,35.758904109589,Prevalence,0.00723702655114601
NbyGQVwzFc_loc12_loop6,12,ITN 0%/IRS 0%/Larvicide 0%,0;0.4;0.4_0;0;0_0;0;0_-100;2;5475_-100;2;5475_-100;2;5475,35.7616438356164,Prevalence,0.00724080511026315
NbyGQVwzFc_loc12_loop6,12,ITN 0%/IRS 0%/Larvicide 0%,0;0.4;0.4_0;0;0_0;0;0_-100;2;5475_-100;2;5475_-100;2;5475,35.7643835616438,Prevalence,0.0072445885414153
NbyGQVwzFc_loc12_loop6,12,ITN 0%/IRS 0%/Larvicide 0%,0;0.4;0.4_0;0;0_0;0;0_-100;2;5475_-100;2;5475_-100;2;5475,35.7671232876712,Prevalence,0.00724837683834063
NbyGQVwzFc_loc12_loop6,12,ITN 0%/IRS 0%/Larvicide 0%,0;0.4;0.4_0;0;0_0;0;0_-100;2;5475_-100;2;5475_-100;2;5475,35.7698630136986,Prevalence,0.00725216999477444
NbyGQVwzFc_loc12_loop6,12,ITN 0%/IRS 0%/Larvicide 0%,0;0.4;0.4_0;0;0_0;0;0_-100;2;5475_-100;2;5475_-100;2;5475,35.772602739726,Prevalence,0.00725596800444916
NbyGQVwzFc_loc12_loop6,12,ITN 0%/IRS 0%/Larvicide 0%,0;0.4;0.4_0;0;0_0;0;0_-100;2;5475_-100;2;5475_-100;2;5475,35.7753424657534,Prevalence,0.00725977086109429
NbyGQVwzFc_loc12_loop6,12,ITN 0%/IRS 0%/Larvicide 0%,0;0.4;0.4_0;0;0_0;0;0_-100;2;5475_-100;2;5475_-100;2;5475,35.7780821917808,Prevalence,0.00726357855843639
NbyGQVwzFc_loc12_loop6,12,ITN 0%/IRS 0%/Larvicide 0%,0;0.4;0.4_0;0;0_0;0;0_-100;2;5475_-100;2;5475_-100;2;5475,35.7808219178082,Prevalence,0.00726739109019901
NbyGQVwzFc_loc12_loop6,12,ITN 0%/IRS 0%/Larvicide 0%,0;0.4;0.4_0;0;0_0;0;0_-100;2;5475_-100;2;5475_-100;2;5475,35.7835616438356,Prevalence,0.0072712084501027
NbyGQVwzFc_loc12_loop6,12,ITN 0%/IRS 0%/Larvicide 0%,0;0.4;0.4_0;0;0_0;0;0_-100;2;5475_-100;2;5475_-100;2;5475,35.786301369863,Prevalence,0.00727503063186491
NbyGQVwzFc_loc12_loop6,12,ITN 0%/IRS 0%/Larvicide 0%,0;0.4;0.4_0;0;0_0;0;0_-100;2;5475_-100;2;5475_-100;2;5475,35.7890410958904,Prevalence,0.00727885762920003
NbyGQVwzFc_loc12_loop6,12,ITN 0%/IRS 0%/Larvicide 0%,0;0.4;0.4_0;0;0_0;0;0_-100;2;5475_-100;2;5475_-100;2;5475,35.7917808219178,Prevalence,0.00728268943581931
NbyGQVwzFc_loc12_loop6,12,ITN 0%/IRS 0%/Larvicide 0%,0;0.4;0.4_0;0;0_0;0;0_-100;2;5475_-100;2;5475_-100;2;5475,35.7945205479452,Prevalence,0.00728652604543083
NbyGQVwzFc_loc12_loop6,12,ITN 0%/IRS 0%/Larvicide 0%,0;0.4;0.4_0;0;0_0;0;0_-100;2;5475_-100;2;5475_-100;2;5475,35.7972602739726,Prevalence,0.00729036745173947
NbyGQVwzFc_loc12_loop6,12,ITN 0%/IRS 0%/Larvicide 0%,0;0.4;0.4_0;0;0_0;0;0_-100;2;5475_-100;2;5475_-100;2;5475,35.8,Prevalence,0.00729421364844688
NbyGQVwzFc_loc12_loop6,12,ITN 0%/IRS 0%/Larvicide 0%,0;0.4;0.4_0;0;0_0;0;0_-100;2;5475_-100;2;5475_-100;2;5475,35.8027397260274,Prevalence,0.00729806462925147
NbyGQVwzFc_loc12_loop6,12,ITN 0%/IRS 0%/Larvicide 0%,0;0.4;0.4_0;0;0_0;0;0_-100;2;5475_-100;2;5475_-100;2;5475,35.8054794520548,Prevalence,0.0073019203878483
NbyGQVwzFc_loc12_loop6,12,ITN 0%/IRS 0%/Larvicide 0%,0;0.4;0.4_0;0;0_0;0;0_-100;2;5475_-100;2;5475_-100;2;5475,35.8082191780822,Prevalence,0.00730578091792918
NbyGQVwzFc_loc12_loop6,12,ITN 0%/IRS 0%/Larvicide 0%,0;0.4;0.4_0;0;0_0;0;0_-100;2;5475_-100;2;5475_-100;2;5475,35.8109589041096,Prevalence,0.00730964621318248
NbyGQVwzFc_loc12_loop6,12,ITN 0%/IRS 0%/Larvicide 0%,0;0.4;0.4_0;0;0_0;0;0_-100;2;5475_-100;2;5475_-100;2;5475,35.813698630137,Prevalence,0.00731351626729318
NbyGQVwzFc_loc12_loop6,12,ITN 0%/IRS 0%/Larvicide 0%,0;0.4;0.4_0;0;0_0;0;0_-100;2;5475_-100;2;5475_-100;2;5475,35.8164383561644,Prevalence,0.0073173910739429
NbyGQVwzFc_loc12_loop6,12,ITN 0%/IRS 0%/Larvicide 0%,0;0.4;0.4_0;0;0_0;0;0_-100;2;5475_-100;2;5475_-100;2;5475,35.8191780821918,Prevalence,0.00732127062680975
NbyGQVwzFc_loc12_loop6,12,ITN 0%/IRS 0%/Larvicide 0%,0;0.4;0.4_0;0;0_0;0;0_-100;2;5475_-100;2;5475_-100;2;5475,35.8219178082192,Prevalence,0.00732515491956833
NbyGQVwzFc_loc12_loop6,12,ITN 0%/IRS 0%/Larvicide 0%,0;0.4;0.4_0;0;0_0;0;0_-100;2;5475_-100;2;5475_-100;2;5475,35.8246575342466,Prevalence,0.00732904394588978
NbyGQVwzFc_loc12_loop6,12,ITN 0%/IRS 0%/Larvicide 0%,0;0.4;0.4_0;0;0_0;0;0_-100;2;5475_-100;2;5475_-100;2;5475,35.827397260274,Prevalence,0.00733293769944165
NbyGQVwzFc_loc12_loop6,12,ITN 0%/IRS 0%/Larvicide 0%,0;0.4;0.4_0;0;0_0;0;0_-100;2;5475_-100;2;5475_-100;2;5475,35.8301369863014,Prevalence,0.00733683617388789
NbyGQVwzFc_loc12_loop6,12,ITN 0%/IRS 0%/Larvicide 0%,0;0.4;0.4_0;0;0_0;0;0_-100;2;5475_-100;2;5475_-100;2;5475,35.8328767123288,Prevalence,0.00734073936288888
NbyGQVwzFc_loc12_loop6,12,ITN 0%/IRS 0%/Larvicide 0%,0;0.4;0.4_0;0;0_0;0;0_-100;2;5475_-100;2;5475_-100;2;5475,35.8356164383562,Prevalence,0.00734464726010134
NbyGQVwzFc_loc12_loop6,12,ITN 0%/IRS 0%/Larvicide 0%,0;0.4;0.4_0;0;0_0;0;0_-100;2;5475_-100;2;5475_-100;2;5475,35.8383561643836,Prevalence,0.00734855985917829
NbyGQVwzFc_loc12_loop6,12,ITN 0%/IRS 0%/Larvicide 0%,0;0.4;0.4_0;0;0_0;0;0_-100;2;5475_-100;2;5475_-100;2;5475,35.841095890411,Prevalence,0.00735247715376908
NbyGQVwzFc_loc12_loop6,12,ITN 0%/IRS 0%/Larvicide 0%,0;0.4;0.4_0;0;0_0;0;0_-100;2;5475_-100;2;5475_-100;2;5475,35.8438356164384,Prevalence,0.00735639913751933
NbyGQVwzFc_loc12_loop6,12,ITN 0%/IRS 0%/Larvicide 0%,0;0.4;0.4_0;0;0_0;0;0_-100;2;5475_-100;2;5475_-100;2;5475,35.8465753424658,Prevalence,0.00736032580407088
NbyGQVwzFc_loc12_loop6,12,ITN 0%/IRS 0%/Larvicide 0%,0;0.4;0.4_0;0;0_0;0;0_-100;2;5475_-100;2;5475_-100;2;5475,35.8493150684932,Prevalence,0.00736425714706177
NbyGQVwzFc_loc12_loop6,12,ITN 0%/IRS 0%/Larvicide 0%,0;0.4;0.4_0;0;0_0;0;0_-100;2;5475_-100;2;5475_-100;2;5475,35.8520547945206,Prevalence,0.00736819316012624
NbyGQVwzFc_loc12_loop6,12,ITN 0%/IRS 0%/Larvicide 0%,0;0.4;0.4_0;0;0_0;0;0_-100;2;5475_-100;2;5475_-100;2;5475,35.854794520548,Prevalence,0.00737213383689469
NbyGQVwzFc_loc12_loop6,12,ITN 0%/IRS 0%/Larvicide 0%,0;0.4;0.4_0;0;0_0;0;0_-100;2;5475_-100;2;5475_-100;2;5475,35.8575342465753,Prevalence,0.00737607917099362
NbyGQVwzFc_loc12_loop6,12,ITN 0%/IRS 0%/Larvicide 0%,0;0.4;0.4_0;0;0_0;0;0_-100;2;5475_-100;2;5475_-100;2;5475,35.8602739726027,Prevalence,0.00738002915604563
NbyGQVwzFc_loc12_loop6,12,ITN 0%/IRS 0%/Larvicide 0%,0;0.4;0.4_0;0;0_0;0;0_-100;2;5475_-100;2;5475_-100;2;5475,35.8630136986301,Prevalence,0.0073839837856694
NbyGQVwzFc_loc12_loop6,12,ITN 0%/IRS 0%/Larvicide 0%,0;0.4;0.4_0;0;0_0;0;0_-100;2;5475_-100;2;5475_-100;2;5475,35.8657534246575,Prevalence,0.00738794305347966
NbyGQVwzFc_loc12_loop6,12,ITN 0%/IRS 0%/Larvicide 0%,0;0.4;0.4_0;0;0_0;0;0_-100;2;5475_-100;2;5475_-100;2;5475,35.8684931506849,Prevalence,0.00739190695308713
NbyGQVwzFc_loc12_loop6,12,ITN 0%/IRS 0%/Larvicide 0%,0;0.4;0.4_0;0;0_0;0;0_-100;2;5475_-100;2;5475_-100;2;5475,35.8712328767123,Prevalence,0.00739587547809853
NbyGQVwzFc_loc12_loop6,12,ITN 0%/IRS 0%/Larvicide 0%,0;0.4;0.4_0;0;0_0;0;0_-100;2;5475_-100;2;5475_-100;2;5475,35.8739726027397,Prevalence,0.0073998486221165
NbyGQVwzFc_loc12_loop6,12,ITN 0%/IRS 0%/Larvicide 0%,0;0.4;0.4_0;0;0_0;0;0_-100;2;5475_-100;2;5475_-100;2;5475,35.8767123287671,Prevalence,0.00740382637873963
NbyGQVwzFc_loc12_loop6,12,ITN 0%/IRS 0%/Larvicide 0%,0;0.4;0.4_0;0;0_0;0;0_-100;2;5475_-100;2;5475_-100;2;5475,35.8794520547945,Prevalence,0.00740780874156236
NbyGQVwzFc_loc12_loop6,12,ITN 0%/IRS 0%/Larvicide 0%,0;0.4;0.4_0;0;0_0;0;0_-100;2;5475_-100;2;5475_-100;2;5475,35.8821917808219,Prevalence,0.00741179570417506
NbyGQVwzFc_loc12_loop6,12,ITN 0%/IRS 0%/Larvicide 0%,0;0.4;0.4_0;0;0_0;0;0_-100;2;5475_-100;2;5475_-100;2;5475,35.8849315068493,Prevalence,0.00741578726016393
NbyGQVwzFc_loc12_loop6,12,ITN 0%/IRS 0%/Larvicide 0%,0;0.4;0.4_0;0;0_0;0;0_-100;2;5475_-100;2;5475_-100;2;5475,35.8876712328767,Prevalence,0.00741978340311101
NbyGQVwzFc_loc12_loop6,12,ITN 0%/IRS 0%/Larvicide 0%,0;0.4;0.4_0;0;0_0;0;0_-100;2;5475_-100;2;5475_-100;2;5475,35.8904109589041,Prevalence,0.00742378412659415
NbyGQVwzFc_loc12_loop6,12,ITN 0%/IRS 0%/Larvicide 0%,0;0.4;0.4_0;0;0_0;0;0_-100;2;5475_-100;2;5475_-100;2;5475,35.8931506849315,Prevalence,0.00742778942418697
NbyGQVwzFc_loc12_loop6,12,ITN 0%/IRS 0%/Larvicide 0%,0;0.4;0.4_0;0;0_0;0;0_-100;2;5475_-100;2;5475_-100;2;5475,35.8958904109589,Prevalence,0.00743179928945884
NbyGQVwzFc_loc12_loop6,12,ITN 0%/IRS 0%/Larvicide 0%,0;0.4;0.4_0;0;0_0;0;0_-100;2;5475_-100;2;5475_-100;2;5475,35.8986301369863,Prevalence,0.00743581371597488
NbyGQVwzFc_loc12_loop6,12,ITN 0%/IRS 0%/Larvicide 0%,0;0.4;0.4_0;0;0_0;0;0_-100;2;5475_-100;2;5475_-100;2;5475,35.9013698630137,Prevalence,0.00743983269729591
NbyGQVwzFc_loc12_loop6,12,ITN 0%/IRS 0%/Larvicide 0%,0;0.4;0.4_0;0;0_0;0;0_-100;2;5475_-100;2;5475_-100;2;5475,35.9041095890411,Prevalence,0.00744385622697842
NbyGQVwzFc_loc12_loop6,12,ITN 0%/IRS 0%/Larvicide 0%,0;0.4;0.4_0;0;0_0;0;0_-100;2;5475_-100;2;5475_-100;2;5475,35.9068493150685,Prevalence,0.00744788429857459
NbyGQVwzFc_loc12_loop6,12,ITN 0%/IRS 0%/Larvicide 0%,0;0.4;0.4_0;0;0_0;0;0_-100;2;5475_-100;2;5475_-100;2;5475,35.9095890410959,Prevalence,0.00745191690563219
NbyGQVwzFc_loc12_loop6,12,ITN 0%/IRS 0%/Larvicide 0%,0;0.4;0.4_0;0;0_0;0;0_-100;2;5475_-100;2;5475_-100;2;5475,35.9123287671233,Prevalence,0.00745595404169465
NbyGQVwzFc_loc12_loop6,12,ITN 0%/IRS 0%/Larvicide 0%,0;0.4;0.4_0;0;0_0;0;0_-100;2;5475_-100;2;5475_-100;2;5475,35.9150684931507,Prevalence,0.00745999570030095
NbyGQVwzFc_loc12_loop6,12,ITN 0%/IRS 0%/Larvicide 0%,0;0.4;0.4_0;0;0_0;0;0_-100;2;5475_-100;2;5475_-100;2;5475,35.9178082191781,Prevalence,0.00746404187498567
NbyGQVwzFc_loc12_loop6,12,ITN 0%/IRS 0%/Larvicide 0%,0;0.4;0.4_0;0;0_0;0;0_-100;2;5475_-100;2;5475_-100;2;5475,35.9205479452055,Prevalence,0.0074680925592789
NbyGQVwzFc_loc12_loop6,12,ITN 0%/IRS 0%/Larvicide 0%,0;0.4;0.4_0;0;0_0;0;0_-100;2;5475_-100;2;5475_-100;2;5475,35.9232876712329,Prevalence,0.00747214774670628
NbyGQVwzFc_loc12_loop6,12,ITN 0%/IRS 0%/Larvicide 0%,0;0.4;0.4_0;0;0_0;0;0_-100;2;5475_-100;2;5475_-100;2;5475,35.9260273972603,Prevalence,0.00747620743078891
NbyGQVwzFc_loc12_loop6,12,ITN 0%/IRS 0%/Larvicide 0%,0;0.4;0.4_0;0;0_0;0;0_-100;2;5475_-100;2;5475_-100;2;5475,35.9287671232877,Prevalence,0.00748027160504342
NbyGQVwzFc_loc12_loop6,12,ITN 0%/IRS 0%/Larvicide 0%,0;0.4;0.4_0;0;0_0;0;0_-100;2;5475_-100;2;5475_-100;2;5475,35.9315068493151,Prevalence,0.00748434026298186
NbyGQVwzFc_loc12_loop6,12,ITN 0%/IRS 0%/Larvicide 0%,0;0.4;0.4_0;0;0_0;0;0_-100;2;5475_-100;2;5475_-100;2;5475,35.9342465753425,Prevalence,0.00748841339811172
NbyGQVwzFc_loc12_loop6,12,ITN 0%/IRS 0%/Larvicide 0%,0;0.4;0.4_0;0;0_0;0;0_-100;2;5475_-100;2;5475_-100;2;5475,35.9369863013699,Prevalence,0.0074924910039359
NbyGQVwzFc_loc12_loop6,12,ITN 0%/IRS 0%/Larvicide 0%,0;0.4;0.4_0;0;0_0;0;0_-100;2;5475_-100;2;5475_-100;2;5475,35.9397260273973,Prevalence,0.0074965730739527
NbyGQVwzFc_loc12_loop6,12,ITN 0%/IRS 0%/Larvicide 0%,0;0.4;0.4_0;0;0_0;0;0_-100;2;5475_-100;2;5475_-100;2;5475,35.9424657534247,Prevalence,0.00750065960165578
NbyGQVwzFc_loc12_loop6,12,ITN 0%/IRS 0%/Larvicide 0%,0;0.4;0.4_0;0;0_0;0;0_-100;2;5475_-100;2;5475_-100;2;5475,35.9452054794521,Prevalence,0.00750475058053418
NbyGQVwzFc_loc12_loop6,12,ITN 0%/IRS 0%/Larvicide 0%,0;0.4;0.4_0;0;0_0;0;0_-100;2;5475_-100;2;5475_-100;2;5475,35.9479452054795,Prevalence,0.00750884600407222
NbyGQVwzFc_loc12_loop6,12,ITN 0%/IRS 0%/Larvicide 0%,0;0.4;0.4_0;0;0_0;0;0_-100;2;5475_-100;2;5475_-100;2;5475,35.9506849315069,Prevalence,0.00751294586574956
NbyGQVwzFc_loc12_loop6,12,ITN 0%/IRS 0%/Larvicide 0%,0;0.4;0.4_0;0;0_0;0;0_-100;2;5475_-100;2;5475_-100;2;5475,35.9534246575343,Prevalence,0.00751705015904114
NbyGQVwzFc_loc12_loop6,12,ITN 0%/IRS 0%/Larvicide 0%,0;0.4;0.4_0;0;0_0;0;0_-100;2;5475_-100;2;5475_-100;2;5475,35.9561643835616,Prevalence,0.00752115887741719
NbyGQVwzFc_loc12_loop6,12,ITN 0%/IRS 0%/Larvicide 0%,0;0.4;0.4_0;0;0_0;0;0_-100;2;5475_-100;2;5475_-100;2;5475,35.958904109589,Prevalence,0.00752527201434315
NbyGQVwzFc_loc12_loop6,12,ITN 0%/IRS 0%/Larvicide 0%,0;0.4;0.4_0;0;0_0;0;0_-100;2;5475_-100;2;5475_-100;2;5475,35.9616438356164,Prevalence,0.00752938956327975
NbyGQVwzFc_loc12_loop6,12,ITN 0%/IRS 0%/Larvicide 0%,0;0.4;0.4_0;0;0_0;0;0_-100;2;5475_-100;2;5475_-100;2;5475,35.9643835616438,Prevalence,0.00753351151768288
NbyGQVwzFc_loc12_loop6,12,ITN 0%/IRS 0%/Larvicide 0%,0;0.4;0.4_0;0;0_0;0;0_-100;2;5475_-100;2;5475_-100;2;5475,35.9671232876712,Prevalence,0.00753763787100364
NbyGQVwzFc_loc12_loop6,12,ITN 0%/IRS 0%/Larvicide 0%,0;0.4;0.4_0;0;0_0;0;0_-100;2;5475_-100;2;5475_-100;2;5475,35.9698630136986,Prevalence,0.00754176861668832
NbyGQVwzFc_loc12_loop6,12,ITN 0%/IRS 0%/Larvicide 0%,0;0.4;0.4_0;0;0_0;0;0_-100;2;5475_-100;2;5475_-100;2;5475,35.972602739726,Prevalence,0.00754590374817836
NbyGQVwzFc_loc12_loop6,12,ITN 0%/IRS 0%/Larvicide 0%,0;0.4;0.4_0;0;0_0;0;0_-100;2;5475_-100;2;5475_-100;2;5475,35.9753424657534,Prevalence,0.00755004325891032
NbyGQVwzFc_loc12_loop6,12,ITN 0%/IRS 0%/Larvicide 0%,0;0.4;0.4_0;0;0_0;0;0_-100;2;5475_-100;2;5475_-100;2;5475,35.9780821917808,Prevalence,0.00755418714231589
NbyGQVwzFc_loc12_loop6,12,ITN 0%/IRS 0%/Larvicide 0%,0;0.4;0.4_0;0;0_0;0;0_-100;2;5475_-100;2;5475_-100;2;5475,35.9808219178082,Prevalence,0.00755833539182188
NbyGQVwzFc_loc12_loop6,12,ITN 0%/IRS 0%/Larvicide 0%,0;0.4;0.4_0;0;0_0;0;0_-100;2;5475_-100;2;5475_-100;2;5475,35.9835616438356,Prevalence,0.00756248800085017
NbyGQVwzFc_loc12_loop6,12,ITN 0%/IRS 0%/Larvicide 0%,0;0.4;0.4_0;0;0_0;0;0_-100;2;5475_-100;2;5475_-100;2;5475,35.986301369863,Prevalence,0.00756664496281773
NbyGQVwzFc_loc12_loop6,12,ITN 0%/IRS 0%/Larvicide 0%,0;0.4;0.4_0;0;0_0;0;0_-100;2;5475_-100;2;5475_-100;2;5475,35.9890410958904,Prevalence,0.00757080627113652
NbyGQVwzFc_loc12_loop6,12,ITN 0%/IRS 0%/Larvicide 0%,0;0.4;0.4_0;0;0_0;0;0_-100;2;5475_-100;2;5475_-100;2;5475,35.9917808219178,Prevalence,0.00757497191921361
NbyGQVwzFc_loc12_loop6,12,ITN 0%/IRS 0%/Larvicide 0%,0;0.4;0.4_0;0;0_0;0;0_-100;2;5475_-100;2;5475_-100;2;5475,35.9945205479452,Prevalence,0.00757914190045107
NbyGQVwzFc_loc12_loop6,12,ITN 0%/IRS 0%/Larvicide 0%,0;0.4;0.4_0;0;0_0;0;0_-100;2;5475_-100;2;5475_-100;2;5475,35.9972602739726,Prevalence,0.00758331620824594
NbyGQVwzFc_loc12_loop6,12,ITN 0%/IRS 0%/Larvicide 0%,0;0.4;0.4_0;0;0_0;0;0_-100;2;5475_-100;2;5475_-100;2;5475,36,Prevalence,0.00758749483599026
NbyGQVwzFc_loc12_loop6,12,ITN 0%/IRS 0%/Larvicide 0%,0;0.4;0.4_0;0;0_0;0;0_-100;2;5475_-100;2;5475_-100;2;5475,36.0027397260274,Prevalence,0.00759167777707278
NbyGQVwzFc_loc12_loop6,12,ITN 0%/IRS 0%/Larvicide 0%,0;0.4;0.4_0;0;0_0;0;0_-100;2;5475_-100;2;5475_-100;2;5475,36.0054794520548,Prevalence,0.00759586502487665
NbyGQVwzFc_loc12_loop6,12,ITN 0%/IRS 0%/Larvicide 0%,0;0.4;0.4_0;0;0_0;0;0_-100;2;5475_-100;2;5475_-100;2;5475,36.0082191780822,Prevalence,0.0076000565727695
NbyGQVwzFc_loc12_loop6,12,ITN 0%/IRS 0%/Larvicide 0%,0;0.4;0.4_0;0;0_0;0;0_-100;2;5475_-100;2;5475_-100;2;5475,36.0109589041096,Prevalence,0.00760425241413118
NbyGQVwzFc_loc12_loop6,12,ITN 0%/IRS 0%/Larvicide 0%,0;0.4;0.4_0;0;0_0;0;0_-100;2;5475_-100;2;5475_-100;2;5475,36.013698630137,Prevalence,0.00760845254232791
NbyGQVwzFc_loc12_loop6,12,ITN 0%/IRS 0%/Larvicide 0%,0;0.4;0.4_0;0;0_0;0;0_-100;2;5475_-100;2;5475_-100;2;5475,36.0164383561644,Prevalence,0.00761265695071805
NbyGQVwzFc_loc12_loop6,12,ITN 0%/IRS 0%/Larvicide 0%,0;0.4;0.4_0;0;0_0;0;0_-100;2;5475_-100;2;5475_-100;2;5475,36.0191780821918,Prevalence,0.00761686563266186
NbyGQVwzFc_loc12_loop6,12,ITN 0%/IRS 0%/Larvicide 0%,0;0.4;0.4_0;0;0_0;0;0_-100;2;5475_-100;2;5475_-100;2;5475,36.0219178082192,Prevalence,0.00762107858150946
NbyGQVwzFc_loc12_loop6,12,ITN 0%/IRS 0%/Larvicide 0%,0;0.4;0.4_0;0;0_0;0;0_-100;2;5475_-100;2;5475_-100;2;5475,36.0246575342466,Prevalence,0.00762529579060848
NbyGQVwzFc_loc12_loop6,12,ITN 0%/IRS 0%/Larvicide 0%,0;0.4;0.4_0;0;0_0;0;0_-100;2;5475_-100;2;5475_-100;2;5475,36.027397260274,Prevalence,0.0076295172533012
NbyGQVwzFc_loc12_loop6,12,ITN 0%/IRS 0%/Larvicide 0%,0;0.4;0.4_0;0;0_0;0;0_-100;2;5475_-100;2;5475_-100;2;5475,36.0301369863014,Prevalence,0.00763374296292161
NbyGQVwzFc_loc12_loop6,12,ITN 0%/IRS 0%/Larvicide 0%,0;0.4;0.4_0;0;0_0;0;0_-100;2;5475_-100;2;5475_-100;2;5475,36.0328767123288,Prevalence,0.00763686839634392
NbyGQVwzFc_loc12_loop6,12,ITN 0%/IRS 0%/Larvicide 0%,0;0.4;0.4_0;0;0_0;0;0_-100;2;5475_-100;2;5475_-100;2;5475,36.0356164383562,Prevalence,0.00762998813607285
NbyGQVwzFc_loc12_loop6,12,ITN 0%/IRS 0%/Larvicide 0%,0;0.4;0.4_0;0;0_0;0;0_-100;2;5475_-100;2;5475_-100;2;5475,36.0383561643836,Prevalence,0.00762360469601671
NbyGQVwzFc_loc12_loop6,12,ITN 0%/IRS 0%/Larvicide 0%,0;0.4;0.4_0;0;0_0;0;0_-100;2;5475_-100;2;5475_-100;2;5475,36.041095890411,Prevalence,0.00761754868101557
NbyGQVwzFc_loc12_loop6,12,ITN 0%/IRS 0%/Larvicide 0%,0;0.4;0.4_0;0;0_0;0;0_-100;2;5475_-100;2;5475_-100;2;5475,36.0438356164384,Prevalence,0.00761176334226622
NbyGQVwzFc_loc12_loop6,12,ITN 0%/IRS 0%/Larvicide 0%,0;0.4;0.4_0;0;0_0;0;0_-100;2;5475_-100;2;5475_-100;2;5475,36.0465753424658,Prevalence,0.00760620299893681
NbyGQVwzFc_loc12_loop6,12,ITN 0%/IRS 0%/Larvicide 0%,0;0.4;0.4_0;0;0_0;0;0_-100;2;5475_-100;2;5475_-100;2;5475,36.0493150684932,Prevalence,0.00760083095103642
NbyGQVwzFc_loc12_loop6,12,ITN 0%/IRS 0%/Larvicide 0%,0;0.4;0.4_0;0;0_0;0;0_-100;2;5475_-100;2;5475_-100;2;5475,36.0520547945206,Prevalence,0.00759561777872677
NbyGQVwzFc_loc12_loop6,12,ITN 0%/IRS 0%/Larvicide 0%,0;0.4;0.4_0;0;0_0;0;0_-100;2;5475_-100;2;5475_-100;2;5475,36.0547945205479,Prevalence,0.00759054019086349
NbyGQVwzFc_loc12_loop6,12,ITN 0%/IRS 0%/Larvicide 0%,0;0.4;0.4_0;0;0_0;0;0_-100;2;5475_-100;2;5475_-100;2;5475,36.0575342465753,Prevalence,0.00758547630579389
NbyGQVwzFc_loc12_loop6,12,ITN 0%/IRS 0%/Larvicide 0%,0;0.4;0.4_0;0;0_0;0;0_-100;2;5475_-100;2;5475_-100;2;5475,36.0602739726027,Prevalence,0.00758032804656892
NbyGQVwzFc_loc12_loop6,12,ITN 0%/IRS 0%/Larvicide 0%,0;0.4;0.4_0;0;0_0;0;0_-100;2;5475_-100;2;5475_-100;2;5475,36.0630136986301,Prevalence,0.00757509233763095
NbyGQVwzFc_loc12_loop6,12,ITN 0%/IRS 0%/Larvicide 0%,0;0.4;0.4_0;0;0_0;0;0_-100;2;5475_-100;2;5475_-100;2;5475,36.0657534246575,Prevalence,0.00756976864256074
NbyGQVwzFc_loc12_loop6,12,ITN 0%/IRS 0%/Larvicide 0%,0;0.4;0.4_0;0;0_0;0;0_-100;2;5475_-100;2;5475_-100;2;5475,36.0684931506849,Prevalence,0.00756435851181507
NbyGQVwzFc_loc12_loop6,12,ITN 0%/IRS 0%/Larvicide 0%,0;0.4;0.4_0;0;0_0;0;0_-100;2;5475_-100;2;5475_-100;2;5475,36.0712328767123,Prevalence,0.0075588650777702
NbyGQVwzFc_loc12_loop6,12,ITN 0%/IRS 0%/Larvicide 0%,0;0.4;0.4_0;0;0_0;0;0_-100;2;5475_-100;2;5475_-100;2;5475,36.0739726027397,Prevalence,0.0075532926507889
NbyGQVwzFc_loc12_loop6,12,ITN 0%/IRS 0%/Larvicide 0%,0;0.4;0.4_0;0;0_0;0;0_-100;2;5475_-100;2;5475_-100;2;5475,36.0767123287671,Prevalence,0.00754764639563065
NbyGQVwzFc_loc12_loop6,12,ITN 0%/IRS 0%/Larvicide 0%,0;0.4;0.4_0;0;0_0;0;0_-100;2;5475_-100;2;5475_-100;2;5475,36.0794520547945,Prevalence,0.00754193207227214
NbyGQVwzFc_loc12_loop6,12,ITN 0%/IRS 0%/Larvicide 0%,0;0.4;0.4_0;0;0_0;0;0_-100;2;5475_-100;2;5475_-100;2;5475,36.0821917808219,Prevalence,0.00753615582887821
NbyGQVwzFc_loc12_loop6,12,ITN 0%/IRS 0%/Larvicide 0%,0;0.4;0.4_0;0;0_0;0;0_-100;2;5475_-100;2;5475_-100;2;5475,36.0849315068493,Prevalence,0.00753032403742275
NbyGQVwzFc_loc12_loop6,12,ITN 0%/IRS 0%/Larvicide 0%,0;0.4;0.4_0;0;0_0;0;0_-100;2;5475_-100;2;5475_-100;2;5475,36.0876712328767,Prevalence,0.00752444316406206
NbyGQVwzFc_loc12_loop6,12,ITN 0%/IRS 0%/Larvicide 0%,0;0.4;0.4_0;0;0_0;0;0_-100;2;5475_-100;2;5475_-100;2;5475,36.0904109589041,Prevalence,0.00751842313497182
NbyGQVwzFc_loc12_loop6,12,ITN 0%/IRS 0%/Larvicide 0%,0;0.4;0.4_0;0;0_0;0;0_-100;2;5475_-100;2;5475_-100;2;5475,36.0931506849315,Prevalence,0.00751189155797817
NbyGQVwzFc_loc12_loop6,12,ITN 0%/IRS 0%/Larvicide 0%,0;0.4;0.4_0;0;0_0;0;0_-100;2;5475_-100;2;5475_-100;2;5475,36.0958904109589,Prevalence,0.00750488567606023
NbyGQVwzFc_loc12_loop6,12,ITN 0%/IRS 0%/Larvicide 0%,0;0.4;0.4_0;0;0_0;0;0_-100;2;5475_-100;2;5475_-100;2;5475,36.0986301369863,Prevalence,0.00749747786330275
NbyGQVwzFc_loc12_loop6,12,ITN 0%/IRS 0%/Larvicide 0%,0;0.4;0.4_0;0;0_0;0;0_-100;2;5475_-100;2;5475_-100;2;5475,36.1013698630137,Prevalence,0.00748972991729758
NbyGQVwzFc_loc12_loop6,12,ITN 0%/IRS 0%/Larvicide 0%,0;0.4;0.4_0;0;0_0;0;0_-100;2;5475_-100;2;5475_-100;2;5475,36.1041095890411,Prevalence,0.00748169476916538
NbyGQVwzFc_loc12_loop6,12,ITN 0%/IRS 0%/Larvicide 0%,0;0.4;0.4_0;0;0_0;0;0_-100;2;5475_-100;2;5475_-100;2;5475,36.1068493150685,Prevalence,0.00747341789095888
NbyGQVwzFc_loc12_loop6,12,ITN 0%/IRS 0%/Larvicide 0%,0;0.4;0.4_0;0;0_0;0;0_-100;2;5475_-100;2;5475_-100;2;5475,36.1095890410959,Prevalence,0.00746493846403831
NbyGQVwzFc_loc12_loop6,12,ITN 0%/IRS 0%/Larvicide 0%,0;0.4;0.4_0;0;0_0;0;0_-100;2;5475_-100;2;5475_-100;2;5475,36.1123287671233,Prevalence,0.00745629035051833
NbyGQVwzFc_loc12_loop6,12,ITN 0%/IRS 0%/Larvicide 0%,0;0.4;0.4_0;0;0_0;0;0_-100;2;5475_-100;2;5475_-100;2;5475,36.1150684931507,Prevalence,0.00744750290234099
NbyGQVwzFc_loc12_loop6,12,ITN 0%/IRS 0%/Larvicide 0%,0;0.4;0.4_0;0;0_0;0;0_-100;2;5475_-100;2;5475_-100;2;5475,36.1178082191781,Prevalence,0.00743860163633304
NbyGQVwzFc_loc12_loop6,12,ITN 0%/IRS 0%/Larvicide 0%,0;0.4;0.4_0;0;0_0;0;0_-100;2;5475_-100;2;5475_-100;2;5475,36.1205479452055,Prevalence,0.00742960879855858
NbyGQVwzFc_loc12_loop6,12,ITN 0%/IRS 0%/Larvicide 0%,0;0.4;0.4_0;0;0_0;0;0_-100;2;5475_-100;2;5475_-100;2;5475,36.1232876712329,Prevalence,0.00742054377292942
NbyGQVwzFc_loc12_loop6,12,ITN 0%/IRS 0%/Larvicide 0%,0;0.4;0.4_0;0;0_0;0;0_-100;2;5475_-100;2;5475_-100;2;5475,36.1260273972603,Prevalence,0.00741142261199474
NbyGQVwzFc_loc12_loop6,12,ITN 0%/IRS 0%/Larvicide 0%,0;0.4;0.4_0;0;0_0;0;0_-100;2;5475_-100;2;5475_-100;2;5475,36.1287671232877,Prevalence,0.00740225875688839
NbyGQVwzFc_loc12_loop6,12,ITN 0%/IRS 0%/Larvicide 0%,0;0.4;0.4_0;0;0_0;0;0_-100;2;5475_-100;2;5475_-100;2;5475,36.1315068493151,Prevalence,0.00739306405763672
NbyGQVwzFc_loc12_loop6,12,ITN 0%/IRS 0%/Larvicide 0%,0;0.4;0.4_0;0;0_0;0;0_-100;2;5475_-100;2;5475_-100;2;5475,36.1342465753425,Prevalence,0.00738384899808591
NbyGQVwzFc_loc12_loop6,12,ITN 0%/IRS 0%/Larvicide 0%,0;0.4;0.4_0;0;0_0;0;0_-100;2;5475_-100;2;5475_-100;2;5475,36.1369863013699,Prevalence,0.00737462287228864
NbyGQVwzFc_loc12_loop6,12,ITN 0%/IRS 0%/Larvicide 0%,0;0.4;0.4_0;0;0_0;0;0_-100;2;5475_-100;2;5475_-100;2;5475,36.1397260273973,Prevalence,0.00736539393485403
NbyGQVwzFc_loc12_loop6,12,ITN 0%/IRS 0%/Larvicide 0%,0;0.4;0.4_0;0;0_0;0;0_-100;2;5475_-100;2;5475_-100;2;5475,36.1424657534247,Prevalence,0.00735616952950033
NbyGQVwzFc_loc12_loop6,12,ITN 0%/IRS 0%/Larvicide 0%,0;0.4;0.4_0;0;0_0;0;0_-100;2;5475_-100;2;5475_-100;2;5475,36.1452054794521,Prevalence,0.00734695619897444
NbyGQVwzFc_loc12_loop6,12,ITN 0%/IRS 0%/Larvicide 0%,0;0.4;0.4_0;0;0_0;0;0_-100;2;5475_-100;2;5475_-100;2;5475,36.1479452054795,Prevalence,0.00733775975484529
NbyGQVwzFc_loc12_loop6,12,ITN 0%/IRS 0%/Larvicide 0%,0;0.4;0.4_0;0;0_0;0;0_-100;2;5475_-100;2;5475_-100;2;5475,36.1506849315069,Prevalence,0.00732858529743968
NbyGQVwzFc_loc12_loop6,12,ITN 0%/IRS 0%/Larvicide 0%,0;0.4;0.4_0;0;0_0;0;0_-100;2;5475_-100;2;5475_-100;2;5475,36.1534246575343,Prevalence,0.00731943728638612
NbyGQVwzFc_loc12_loop6,12,ITN 0%/IRS 0%/Larvicide 0%,0;0.4;0.4_0;0;0_0;0;0_-100;2;5475_-100;2;5475_-100;2;5475,36.1561643835617,Prevalence,0.0073103196219309
NbyGQVwzFc_loc12_loop6,12,ITN 0%/IRS 0%/Larvicide 0%,0;0.4;0.4_0;0;0_0;0;0_-100;2;5475_-100;2;5475_-100;2;5475,36.158904109589,Prevalence,0.00730123571527155
NbyGQVwzFc_loc12_loop6,12,ITN 0%/IRS 0%/Larvicide 0%,0;0.4;0.4_0;0;0_0;0;0_-100;2;5475_-100;2;5475_-100;2;5475,36.1616438356164,Prevalence,0.00729218854934763
NbyGQVwzFc_loc12_loop6,12,ITN 0%/IRS 0%/Larvicide 0%,0;0.4;0.4_0;0;0_0;0;0_-100;2;5475_-100;2;5475_-100;2;5475,36.1643835616438,Prevalence,0.00728318073149553
NbyGQVwzFc_loc12_loop6,12,ITN 0%/IRS 0%/Larvicide 0%,0;0.4;0.4_0;0;0_0;0;0_-100;2;5475_-100;2;5475_-100;2;5475,36.1671232876712,Prevalence,0.00727421453915306
NbyGQVwzFc_loc12_loop6,12,ITN 0%/IRS 0%/Larvicide 0%,0;0.4;0.4_0;0;0_0;0;0_-100;2;5475_-100;2;5475_-100;2;5475,36.1698630136986,Prevalence,0.00726529195961337
NbyGQVwzFc_loc12_loop6,12,ITN 0%/IRS 0%/Larvicide 0%,0;0.4;0.4_0;0;0_0;0;0_-100;2;5475_-100;2;5475_-100;2;5475,36.172602739726,Prevalence,0.00725641472467298
NbyGQVwzFc_loc12_loop6,12,ITN 0%/IRS 0%/Larvicide 0%,0;0.4;0.4_0;0;0_0;0;0_-100;2;5475_-100;2;5475_-100;2;5475,36.1753424657534,Prevalence,0.00724758434088844
NbyGQVwzFc_loc12_loop6,12,ITN 0%/IRS 0%/Larvicide 0%,0;0.4;0.4_0;0;0_0;0;0_-100;2;5475_-100;2;5475_-100;2;5475,36.1780821917808,Prevalence,0.00723880211605826
NbyGQVwzFc_loc12_loop6,12,ITN 0%/IRS 0%/Larvicide 0%,0;0.4;0.4_0;0;0_0;0;0_-100;2;5475_-100;2;5475_-100;2;5475,36.1808219178082,Prevalence,0.00723006916237471
NbyGQVwzFc_loc12_loop6,12,ITN 0%/IRS 0%/Larvicide 0%,0;0.4;0.4_0;0;0_0;0;0_-100;2;5475_-100;2;5475_-100;2;5475,36.1835616438356,Prevalence,0.00722138626088894
NbyGQVwzFc_loc12_loop6,12,ITN 0%/IRS 0%/Larvicide 0%,0;0.4;0.4_0;0;0_0;0;0_-100;2;5475_-100;2;5475_-100;2;5475,36.186301369863,Prevalence,0.00721275381261682
NbyGQVwzFc_loc12_loop6,12,ITN 0%/IRS 0%/Larvicide 0%,0;0.4;0.4_0;0;0_0;0;0_-100;2;5475_-100;2;5475_-100;2;5475,36.1890410958904,Prevalence,0.00720417192860855
NbyGQVwzFc_loc12_loop6,12,ITN 0%/IRS 0%/Larvicide 0%,0;0.4;0.4_0;0;0_0;0;0_-100;2;5475_-100;2;5475_-100;2;5475,36.1917808219178,Prevalence,0.00719564050796335
NbyGQVwzFc_loc12_loop6,12,ITN 0%/IRS 0%/Larvicide 0%,0;0.4;0.4_0;0;0_0;0;0_-100;2;5475_-100;2;5475_-100;2;5475,36.1945205479452,Prevalence,0.0071871592978423
NbyGQVwzFc_loc12_loop6,12,ITN 0%/IRS 0%/Larvicide 0%,0;0.4;0.4_0;0;0_0;0;0_-100;2;5475_-100;2;5475_-100;2;5475,36.1972602739726,Prevalence,0.0071787279394073
NbyGQVwzFc_loc12_loop6,12,ITN 0%/IRS 0%/Larvicide 0%,0;0.4;0.4_0;0;0_0;0;0_-100;2;5475_-100;2;5475_-100;2;5475,36.2,Prevalence,0.00717034600278434
NbyGQVwzFc_loc12_loop6,12,ITN 0%/IRS 0%/Larvicide 0%,0;0.4;0.4_0;0;0_0;0;0_-100;2;5475_-100;2;5475_-100;2;5475,36.2027397260274,Prevalence,0.00716201301348471
NbyGQVwzFc_loc12_loop6,12,ITN 0%/IRS 0%/Larvicide 0%,0;0.4;0.4_0;0;0_0;0;0_-100;2;5475_-100;2;5475_-100;2;5475,36.2054794520548,Prevalence,0.00715372847219878
NbyGQVwzFc_loc12_loop6,12,ITN 0%/IRS 0%/Larvicide 0%,0;0.4;0.4_0;0;0_0;0;0_-100;2;5475_-100;2;5475_-100;2;5475,36.2082191780822,Prevalence,0.00714549186946382
NbyGQVwzFc_loc12_loop6,12,ITN 0%/IRS 0%/Larvicide 0%,0;0.4;0.4_0;0;0_0;0;0_-100;2;5475_-100;2;5475_-100;2;5475,36.2109589041096,Prevalence,0.00713730269638184
NbyGQVwzFc_loc12_loop6,12,ITN 0%/IRS 0%/Larvicide 0%,0;0.4;0.4_0;0;0_0;0;0_-100;2;5475_-100;2;5475_-100;2;5475,36.213698630137,Prevalence,0.00712916045229112
NbyGQVwzFc_loc12_loop6,12,ITN 0%/IRS 0%/Larvicide 0%,0;0.4;0.4_0;0;0_0;0;0_-100;2;5475_-100;2;5475_-100;2;5475,36.2164383561644,Prevalence,0.0071210646498494
NbyGQVwzFc_loc12_loop6,12,ITN 0%/IRS 0%/Larvicide 0%,0;0.4;0.4_0;0;0_0;0;0_-100;2;5475_-100;2;5475_-100;2;5475,36.2191780821918,Prevalence,0.00711301481790055
NbyGQVwzFc_loc12_loop6,12,ITN 0%/IRS 0%/Larvicide 0%,0;0.4;0.4_0;0;0_0;0;0_-100;2;5475_-100;2;5475_-100;2;5475,36.2219178082192,Prevalence,0.00710501050308642
NbyGQVwzFc_loc12_loop6,12,ITN 0%/IRS 0%/Larvicide 0%,0;0.4;0.4_0;0;0_0;0;0_-100;2;5475_-100;2;5475_-100;2;5475,36.2246575342466,Prevalence,0.0070970512706924
NbyGQVwzFc_loc12_loop6,12,ITN 0%/IRS 0%/Larvicide 0%,0;0.4;0.4_0;0;0_0;0;0_-100;2;5475_-100;2;5475_-100;2;5475,36.227397260274,Prevalence,0.00708913670493556
NbyGQVwzFc_loc12_loop6,12,ITN 0%/IRS 0%/Larvicide 0%,0;0.4;0.4_0;0;0_0;0;0_-100;2;5475_-100;2;5475_-100;2;5475,36.2301369863014,Prevalence,0.00708126640885008
NbyGQVwzFc_loc12_loop6,12,ITN 0%/IRS 0%/Larvicide 0%,0;0.4;0.4_0;0;0_0;0;0_-100;2;5475_-100;2;5475_-100;2;5475,36.2328767123288,Prevalence,0.00707344000388814
NbyGQVwzFc_loc12_loop6,12,ITN 0%/IRS 0%/Larvicide 0%,0;0.4;0.4_0;0;0_0;0;0_-100;2;5475_-100;2;5475_-100;2;5475,36.2356164383562,Prevalence,0.00706565712932561
NbyGQVwzFc_loc12_loop6,12,ITN 0%/IRS 0%/Larvicide 0%,0;0.4;0.4_0;0;0_0;0;0_-100;2;5475_-100;2;5475_-100;2;5475,36.2383561643836,Prevalence,0.00705791744153274
NbyGQVwzFc_loc12_loop6,12,ITN 0%/IRS 0%/Larvicide 0%,0;0.4;0.4_0;0;0_0;0;0_-100;2;5475_-100;2;5475_-100;2;5475,36.241095890411,Prevalence,0.00705022061313393
NbyGQVwzFc_loc12_loop6,12,ITN 0%/IRS 0%/Larvicide 0%,0;0.4;0.4_0;0;0_0;0;0_-100;2;5475_-100;2;5475_-100;2;5475,36.2438356164384,Prevalence,0.00704256633208032
NbyGQVwzFc_loc12_loop6,12,ITN 0%/IRS 0%/Larvicide 0%,0;0.4;0.4_0;0;0_0;0;0_-100;2;5475_-100;2;5475_-100;2;5475,36.2465753424658,Prevalence,0.00703495430067562
NbyGQVwzFc_loc12_loop6,12,ITN 0%/IRS 0%/Larvicide 0%,0;0.4;0.4_0;0;0_0;0;0_-100;2;5475_-100;2;5475_-100;2;5475,36.2493150684932,Prevalence,0.0070273842345918
NbyGQVwzFc_loc12_loop6,12,ITN 0%/IRS 0%/Larvicide 0%,0;0.4;0.4_0;0;0_0;0;0_-100;2;5475_-100;2;5475_-100;2;5475,36.2520547945205,Prevalence,0.00701985586189943
NbyGQVwzFc_loc12_loop6,12,ITN 0%/IRS 0%/Larvicide 0%,0;0.4;0.4_0;0;0_0;0;0_-100;2;5475_-100;2;5475_-100;2;5475,36.254794520548,Prevalence,0.00701236892212997
NbyGQVwzFc_loc12_loop6,12,ITN 0%/IRS 0%/Larvicide 0%,0;0.4;0.4_0;0;0_0;0;0_-100;2;5475_-100;2;5475_-100;2;5475,36.2575342465753,Prevalence,0.00700492316538149
NbyGQVwzFc_loc12_loop6,12,ITN 0%/IRS 0%/Larvicide 0%,0;0.4;0.4_0;0;0_0;0;0_-100;2;5475_-100;2;5475_-100;2;5475,36.2602739726027,Prevalence,0.00699751835147477
NbyGQVwzFc_loc12_loop6,12,ITN 0%/IRS 0%/Larvicide 0%,0;0.4;0.4_0;0;0_0;0;0_-100;2;5475_-100;2;5475_-100;2;5475,36.2630136986301,Prevalence,0.00699015424916374
NbyGQVwzFc_loc12_loop6,12,ITN 0%/IRS 0%/Larvicide 0%,0;0.4;0.4_0;0;0_0;0;0_-100;2;5475_-100;2;5475_-100;2;5475,36.2657534246575,Prevalence,0.0069828306354014
NbyGQVwzFc_loc12_loop6,12,ITN 0%/IRS 0%/Larvicide 0%,0;0.4;0.4_0;0;0_0;0;0_-100;2;5475_-100;2;5475_-100;2;5475,36.2684931506849,Prevalence,0.00697554729466136
NbyGQVwzFc_loc12_loop6,12,ITN 0%/IRS 0%/Larvicide 0%,0;0.4;0.4_0;0;0_0;0;0_-100;2;5475_-100;2;5475_-100;2;5475,36.2712328767123,Prevalence,0.00696830401830848
NbyGQVwzFc_loc12_loop6,12,ITN 0%/IRS 0%/Larvicide 0%,0;0.4;0.4_0;0;0_0;0;0_-100;2;5475_-100;2;5475_-100;2;5475,36.2739726027397,Prevalence,0.00696110060396598
NbyGQVwzFc_loc12_loop6,12,ITN 0%/IRS 0%/Larvicide 0%,0;0.4;0.4_0;0;0_0;0;0_-100;2;5475_-100;2;5475_-100;2;5475,36.2767123287671,Prevalence,0.00695393685480859
NbyGQVwzFc_loc12_loop6,12,ITN 0%/IRS 0%/Larvicide 0%,0;0.4;0.4_0;0;0_0;0;0_-100;2;5475_-100;2;5475_-100;2;5475,36.2794520547945,Prevalence,0.00694681257880951
NbyGQVwzFc_loc12_loop6,12,ITN 0%/IRS 0%/Larvicide 0%,0;0.4;0.4_0;0;0_0;0;0_-100;2;5475_-100;2;5475_-100;2;5475,36.2821917808219,Prevalence,0.00693972758799437
NbyGQVwzFc_loc12_loop6,12,ITN 0%/IRS 0%/Larvicide 0%,0;0.4;0.4_0;0;0_0;0;0_-100;2;5475_-100;2;5475_-100;2;5475,36.2849315068493,Prevalence,0.00693268169774079
NbyGQVwzFc_loc12_loop6,12,ITN 0%/IRS 0%/Larvicide 0%,0;0.4;0.4_0;0;0_0;0;0_-100;2;5475_-100;2;5475_-100;2;5475,36.2876712328767,Prevalence,0.00692567472614122
NbyGQVwzFc_loc12_loop6,12,ITN 0%/IRS 0%/Larvicide 0%,0;0.4;0.4_0;0;0_0;0;0_-100;2;5475_-100;2;5475_-100;2;5475,36.2904109589041,Prevalence,0.00691870649344033
NbyGQVwzFc_loc12_loop6,12,ITN 0%/IRS 0%/Larvicide 0%,0;0.4;0.4_0;0;0_0;0;0_-100;2;5475_-100;2;5475_-100;2;5475,36.2931506849315,Prevalence,0.00691177682155013
NbyGQVwzFc_loc12_loop6,12,ITN 0%/IRS 0%/Larvicide 0%,0;0.4;0.4_0;0;0_0;0;0_-100;2;5475_-100;2;5475_-100;2;5475,36.2958904109589,Prevalence,0.00690488553364131
NbyGQVwzFc_loc12_loop6,12,ITN 0%/IRS 0%/Larvicide 0%,0;0.4;0.4_0;0;0_0;0;0_-100;2;5475_-100;2;5475_-100;2;5475,36.2986301369863,Prevalence,0.00689803245380639
NbyGQVwzFc_loc12_loop6,12,ITN 0%/IRS 0%/Larvicide 0%,0;0.4;0.4_0;0;0_0;0;0_-100;2;5475_-100;2;5475_-100;2;5475,36.3013698630137,Prevalence,0.00689121740678842
NbyGQVwzFc_loc12_loop6,12,ITN 0%/IRS 0%/Larvicide 0%,0;0.4;0.4_0;0;0_0;0;0_-100;2;5475_-100;2;5475_-100;2;5475,36.3041095890411,Prevalence,0.00688444021776841
NbyGQVwzFc_loc12_loop6,12,ITN 0%/IRS 0%/Larvicide 0%,0;0.4;0.4_0;0;0_0;0;0_-100;2;5475_-100;2;5475_-100;2;5475,36.3068493150685,Prevalence,0.00687770071220406
NbyGQVwzFc_loc12_loop6,12,ITN 0%/IRS 0%/Larvicide 0%,0;0.4;0.4_0;0;0_0;0;0_-100;2;5475_-100;2;5475_-100;2;5475,36.3095890410959,Prevalence,0.00687099871571274
NbyGQVwzFc_loc12_loop6,12,ITN 0%/IRS 0%/Larvicide 0%,0;0.4;0.4_0;0;0_0;0;0_-100;2;5475_-100;2;5475_-100;2;5475,36.3123287671233,Prevalence,0.00686433405399145
NbyGQVwzFc_loc12_loop6,12,ITN 0%/IRS 0%/Larvicide 0%,0;0.4;0.4_0;0;0_0;0;0_-100;2;5475_-100;2;5475_-100;2;5475,36.3150684931507,Prevalence,0.00685770655276768
NbyGQVwzFc_loc12_loop6,12,ITN 0%/IRS 0%/Larvicide 0%,0;0.4;0.4_0;0;0_0;0;0_-100;2;5475_-100;2;5475_-100;2;5475,36.3178082191781,Prevalence,0.00685111603777553
NbyGQVwzFc_loc12_loop6,12,ITN 0%/IRS 0%/Larvicide 0%,0;0.4;0.4_0;0;0_0;0;0_-100;2;5475_-100;2;5475_-100;2;5475,36.3205479452055,Prevalence,0.00684456233475243
NbyGQVwzFc_loc12_loop6,12,ITN 0%/IRS 0%/Larvicide 0%,0;0.4;0.4_0;0;0_0;0;0_-100;2;5475_-100;2;5475_-100;2;5475,36.3232876712329,Prevalence,0.006838045269452
NbyGQVwzFc_loc12_loop6,12,ITN 0%/IRS 0%/Larvicide 0%,0;0.4;0.4_0;0;0_0;0;0_-100;2;5475_-100;2;5475_-100;2;5475,36.3260273972603,Prevalence,0.0068315646676692
NbyGQVwzFc_loc12_loop6,12,ITN 0%/IRS 0%/Larvicide 0%,0;0.4;0.4_0;0;0_0;0;0_-100;2;5475_-100;2;5475_-100;2;5475,36.3287671232877,Prevalence,0.00682512035527721
NbyGQVwzFc_loc12_loop6,12,ITN 0%/IRS 0%/Larvicide 0%,0;0.4;0.4_0;0;0_0;0;0_-100;2;5475_-100;2;5475_-100;2;5475,36.3315068493151,Prevalence,0.00681871215827047
NbyGQVwzFc_loc12_loop6,12,ITN 0%/IRS 0%/Larvicide 0%,0;0.4;0.4_0;0;0_0;0;0_-100;2;5475_-100;2;5475_-100;2;5475,36.3342465753425,Prevalence,0.00681233990281302
NbyGQVwzFc_loc12_loop6,12,ITN 0%/IRS 0%/Larvicide 0%,0;0.4;0.4_0;0;0_0;0;0_-100;2;5475_-100;2;5475_-100;2;5475,36.3369863013699,Prevalence,0.00680600341529038
NbyGQVwzFc_loc12_loop6,12,ITN 0%/IRS 0%/Larvicide 0%,0;0.4;0.4_0;0;0_0;0;0_-100;2;5475_-100;2;5475_-100;2;5475,36.3397260273973,Prevalence,0.00679970252236342
NbyGQVwzFc_loc12_loop6,12,ITN 0%/IRS 0%/Larvicide 0%,0;0.4;0.4_0;0;0_0;0;0_-100;2;5475_-100;2;5475_-100;2;5475,36.3424657534247,Prevalence,0.00679343705102312
NbyGQVwzFc_loc12_loop6,12,ITN 0%/IRS 0%/Larvicide 0%,0;0.4;0.4_0;0;0_0;0;0_-100;2;5475_-100;2;5475_-100;2;5475,36.3452054794521,Prevalence,0.00678720682864517
NbyGQVwzFc_loc12_loop6,12,ITN 0%/IRS 0%/Larvicide 0%,0;0.4;0.4_0;0;0_0;0;0_-100;2;5475_-100;2;5475_-100;2;5475,36.3479452054795,Prevalence,0.00678101168304357
NbyGQVwzFc_loc12_loop6,12,ITN 0%/IRS 0%/Larvicide 0%,0;0.4;0.4_0;0;0_0;0;0_-100;2;5475_-100;2;5475_-100;2;5475,36.3506849315069,Prevalence,0.00677485144252298
NbyGQVwzFc_loc12_loop6,12,ITN 0%/IRS 0%/Larvicide 0%,0;0.4;0.4_0;0;0_0;0;0_-100;2;5475_-100;2;5475_-100;2;5475,36.3534246575343,Prevalence,0.00676872593592887
NbyGQVwzFc_loc12_loop6,12,ITN 0%/IRS 0%/Larvicide 0%,0;0.4;0.4_0;0;0_0;0;0_-100;2;5475_-100;2;5475_-100;2;5475,36.3561643835616,Prevalence,0.00676263499269552
NbyGQVwzFc_loc12_loop6,12,ITN 0%/IRS 0%/Larvicide 0%,0;0.4;0.4_0;0;0_0;0;0_-100;2;5475_-100;2;5475_-100;2;5475,36.358904109589,Prevalence,0.00675657844289156
NbyGQVwzFc_loc12_loop6,12,ITN 0%/IRS 0%/Larvicide 0%,0;0.4;0.4_0;0;0_0;0;0_-100;2;5475_-100;2;5475_-100;2;5475,36.3616438356164,Prevalence,0.00675055611726283
NbyGQVwzFc_loc12_loop6,12,ITN 0%/IRS 0%/Larvicide 0%,0;0.4;0.4_0;0;0_0;0;0_-100;2;5475_-100;2;5475_-100;2;5475,36.3643835616438,Prevalence,0.0067445678472725
NbyGQVwzFc_loc12_loop6,12,ITN 0%/IRS 0%/Larvicide 0%,0;0.4;0.4_0;0;0_0;0;0_-100;2;5475_-100;2;5475_-100;2;5475,36.3671232876712,Prevalence,0.00673861346513834
NbyGQVwzFc_loc12_loop6,12,ITN 0%/IRS 0%/Larvicide 0%,0;0.4;0.4_0;0;0_0;0;0_-100;2;5475_-100;2;5475_-100;2;5475,36.3698630136986,Prevalence,0.00673269280386635
NbyGQVwzFc_loc12_loop6,12,ITN 0%/IRS 0%/Larvicide 0%,0;0.4;0.4_0;0;0_0;0;0_-100;2;5475_-100;2;5475_-100;2;5475,36.372602739726,Prevalence,0.00672680569728295
NbyGQVwzFc_loc12_loop6,12,ITN 0%/IRS 0%/Larvicide 0%,0;0.4;0.4_0;0;0_0;0;0_-100;2;5475_-100;2;5475_-100;2;5475,36.3753424657534,Prevalence,0.00672095198006329
NbyGQVwzFc_loc12_loop6,12,ITN 0%/IRS 0%/Larvicide 0%,0;0.4;0.4_0;0;0_0;0;0_-100;2;5475_-100;2;5475_-100;2;5475,36.3780821917808,Prevalence,0.00671513148775624
NbyGQVwzFc_loc12_loop6,12,ITN 0%/IRS 0%/Larvicide 0%,0;0.4;0.4_0;0;0_0;0;0_-100;2;5475_-100;2;5475_-100;2;5475,36.3808219178082,Prevalence,0.00670934405680642
NbyGQVwzFc_loc12_loop6,12,ITN 0%/IRS 0%/Larvicide 0%,0;0.4;0.4_0;0;0_0;0;0_-100;2;5475_-100;2;5475_-100;2;5475,36.3835616438356,Prevalence,0.00670358952457329
NbyGQVwzFc_loc12_loop6,12,ITN 0%/IRS 0%/Larvicide 0%,0;0.4;0.4_0;0;0_0;0;0_-100;2;5475_-100;2;5475_-100;2;5475,36.386301369863,Prevalence,0.00669786772934741
NbyGQVwzFc_loc12_loop6,12,ITN 0%/IRS 0%/Larvicide 0%,0;0.4;0.4_0;0;0_0;0;0_-100;2;5475_-100;2;5475_-100;2;5475,36.3890410958904,Prevalence,0.00669217851036399
NbyGQVwzFc_loc12_loop6,12,ITN 0%/IRS 0%/Larvicide 0%,0;0.4;0.4_0;0;0_0;0;0_-100;2;5475_-100;2;5475_-100;2;5475,36.3917808219178,Prevalence,0.00668652170781393
NbyGQVwzFc_loc12_loop6,12,ITN 0%/IRS 0%/Larvicide 0%,0;0.4;0.4_0;0;0_0;0;0_-100;2;5475_-100;2;5475_-100;2;5475,36.3945205479452,Prevalence,0.00668089716285257
NbyGQVwzFc_loc12_loop6,12,ITN 0%/IRS 0%/Larvicide 0%,0;0.4;0.4_0;0;0_0;0;0_-100;2;5475_-100;2;5475_-100;2;5475,36.3972602739726,Prevalence,0.00667530471760629
NbyGQVwzFc_loc12_loop6,12,ITN 0%/IRS 0%/Larvicide 0%,0;0.4;0.4_0;0;0_0;0;0_-100;2;5475_-100;2;5475_-100;2;5475,36.4,Prevalence,0.00666974421517717
NbyGQVwzFc_loc12_loop6,12,ITN 0%/IRS 0%/Larvicide 0%,0;0.4;0.4_0;0;0_0;0;0_-100;2;5475_-100;2;5475_-100;2;5475,36.4027397260274,Prevalence,0.006664215499646
NbyGQVwzFc_loc12_loop6,12,ITN 0%/IRS 0%/Larvicide 0%,0;0.4;0.4_0;0;0_0;0;0_-100;2;5475_-100;2;5475_-100;2;5475,36.4054794520548,Prevalence,0.00665871841607368
NbyGQVwzFc_loc12_loop6,12,ITN 0%/IRS 0%/Larvicide 0%,0;0.4;0.4_0;0;0_0;0;0_-100;2;5475_-100;2;5475_-100;2;5475,36.4082191780822,Prevalence,0.00665325281050129
NbyGQVwzFc_loc12_loop6,12,ITN 0%/IRS 0%/Larvicide 0%,0;0.4;0.4_0;0;0_0;0;0_-100;2;5475_-100;2;5475_-100;2;5475,36.4109589041096,Prevalence,0.00664781852994897
NbyGQVwzFc_loc12_loop6,12,ITN 0%/IRS 0%/Larvicide 0%,0;0.4;0.4_0;0;0_0;0;0_-100;2;5475_-100;2;5475_-100;2;5475,36.413698630137,Prevalence,0.0066424154224134
NbyGQVwzFc_loc12_loop6,12,ITN 0%/IRS 0%/Larvicide 0%,0;0.4;0.4_0;0;0_0;0;0_-100;2;5475_-100;2;5475_-100;2;5475,36.4164383561644,Prevalence,0.00663704333686464
NbyGQVwzFc_loc12_loop6,12,ITN 0%/IRS 0%/Larvicide 0%,0;0.4;0.4_0;0;0_0;0;0_-100;2;5475_-100;2;5475_-100;2;5475,36.4191780821918,Prevalence,0.00663170212324323
NbyGQVwzFc_loc12_loop6,12,ITN 0%/IRS 0%/Larvicide 0%,0;0.4;0.4_0;0;0_0;0;0_-100;2;5475_-100;2;5475_-100;2;5475,36.4219178082192,Prevalence,0.00662639163245538
NbyGQVwzFc_loc12_loop6,12,ITN 0%/IRS 0%/Larvicide 0%,0;0.4;0.4_0;0;0_0;0;0_-100;2;5475_-100;2;5475_-100;2;5475,36.4246575342466,Prevalence,0.00662111171636791
NbyGQVwzFc_loc12_loop6,12,ITN 0%/IRS 0%/Larvicide 0%,0;0.4;0.4_0;0;0_0;0;0_-100;2;5475_-100;2;5475_-100;2;5475,36.427397260274,Prevalence,0.00661586222780288
NbyGQVwzFc_loc12_loop6,12,ITN 0%/IRS 0%/Larvicide 0%,0;0.4;0.4_0;0;0_0;0;0_-100;2;5475_-100;2;5475_-100;2;5475,36.4301369863014,Prevalence,0.00661064302053171
NbyGQVwzFc_loc12_loop6,12,ITN 0%/IRS 0%/Larvicide 0%,0;0.4;0.4_0;0;0_0;0;0_-100;2;5475_-100;2;5475_-100;2;5475,36.4328767123288,Prevalence,0.00660545394926923
NbyGQVwzFc_loc12_loop6,12,ITN 0%/IRS 0%/Larvicide 0%,0;0.4;0.4_0;0;0_0;0;0_-100;2;5475_-100;2;5475_-100;2;5475,36.4356164383562,Prevalence,0.00660029486966719
NbyGQVwzFc_loc12_loop6,12,ITN 0%/IRS 0%/Larvicide 0%,0;0.4;0.4_0;0;0_0;0;0_-100;2;5475_-100;2;5475_-100;2;5475,36.4383561643836,Prevalence,0.00659516563830795
NbyGQVwzFc_loc12_loop6,12,ITN 0%/IRS 0%/Larvicide 0%,0;0.4;0.4_0;0;0_0;0;0_-100;2;5475_-100;2;5475_-100;2;5475,36.441095890411,Prevalence,0.00659006611269773
NbyGQVwzFc_loc12_loop6,12,ITN 0%/IRS 0%/Larvicide 0%,0;0.4;0.4_0;0;0_0;0;0_-100;2;5475_-100;2;5475_-100;2;5475,36.4438356164384,Prevalence,0.00658499615126002
NbyGQVwzFc_loc12_loop6,12,ITN 0%/IRS 0%/Larvicide 0%,0;0.4;0.4_0;0;0_0;0;0_-100;2;5475_-100;2;5475_-100;2;5475,36.4465753424658,Prevalence,0.00657995561332881
NbyGQVwzFc_loc12_loop6,12,ITN 0%/IRS 0%/Larvicide 0%,0;0.4;0.4_0;0;0_0;0;0_-100;2;5475_-100;2;5475_-100;2;5475,36.4493150684932,Prevalence,0.00657494435914188
NbyGQVwzFc_loc12_loop6,12,ITN 0%/IRS 0%/Larvicide 0%,0;0.4;0.4_0;0;0_0;0;0_-100;2;5475_-100;2;5475_-100;2;5475,36.4520547945206,Prevalence,0.00656996224983396
NbyGQVwzFc_loc12_loop6,12,ITN 0%/IRS 0%/Larvicide 0%,0;0.4;0.4_0;0;0_0;0;0_-100;2;5475_-100;2;5475_-100;2;5475,36.4547945205479,Prevalence,0.00656500914743013
NbyGQVwzFc_loc12_loop6,12,ITN 0%/IRS 0%/Larvicide 0%,0;0.4;0.4_0;0;0_0;0;0_-100;2;5475_-100;2;5475_-100;2;5475,36.4575342465753,Prevalence,0.00656008491483909
NbyGQVwzFc_loc12_loop6,12,ITN 0%/IRS 0%/Larvicide 0%,0;0.4;0.4_0;0;0_0;0;0_-100;2;5475_-100;2;5475_-100;2;5475,36.4602739726027,Prevalence,0.00655518941584599
NbyGQVwzFc_loc12_loop6,12,ITN 0%/IRS 0%/Larvicide 0%,0;0.4;0.4_0;0;0_0;0;0_-100;2;5475_-100;2;5475_-100;2;5475,36.4630136986301,Prevalence,0.00655032251510643
NbyGQVwzFc_loc12_loop6,12,ITN 0%/IRS 0%/Larvicide 0%,0;0.4;0.4_0;0;0_0;0;0_-100;2;5475_-100;2;5475_-100;2;5475,36.4657534246575,Prevalence,0.00654548407814035
NbyGQVwzFc_loc12_loop6,12,ITN 0%/IRS 0%/Larvicide 0%,0;0.4;0.4_0;0;0_0;0;0_-100;2;5475_-100;2;5475_-100;2;5475,36.4684931506849,Prevalence,0.00654067397132538
NbyGQVwzFc_loc12_loop6,12,ITN 0%/IRS 0%/Larvicide 0%,0;0.4;0.4_0;0;0_0;0;0_-100;2;5475_-100;2;5475_-100;2;5475,36.4712328767123,Prevalence,0.00653589206189047
NbyGQVwzFc_loc12_loop6,12,ITN 0%/IRS 0%/Larvicide 0%,0;0.4;0.4_0;0;0_0;0;0_-100;2;5475_-100;2;5475_-100;2;5475,36.4739726027397,Prevalence,0.00653113821790975
NbyGQVwzFc_loc12_loop6,12,ITN 0%/IRS 0%/Larvicide 0%,0;0.4;0.4_0;0;0_0;0;0_-100;2;5475_-100;2;5475_-100;2;5475,36.4767123287671,Prevalence,0.0065264123082964
NbyGQVwzFc_loc12_loop6,12,ITN 0%/IRS 0%/Larvicide 0%,0;0.4;0.4_0;0;0_0;0;0_-100;2;5475_-100;2;5475_-100;2;5475,36.4794520547945,Prevalence,0.00652171420279659
NbyGQVwzFc_loc12_loop6,12,ITN 0%/IRS 0%/Larvicide 0%,0;0.4;0.4_0;0;0_0;0;0_-100;2;5475_-100;2;5475_-100;2;5475,36.4821917808219,Prevalence,0.00651704377198361
NbyGQVwzFc_loc12_loop6,12,ITN 0%/IRS 0%/Larvicide 0%,0;0.4;0.4_0;0;0_0;0;0_-100;2;5475_-100;2;5475_-100;2;5475,36.4849315068493,Prevalence,0.00651240088725195
NbyGQVwzFc_loc12_loop6,12,ITN 0%/IRS 0%/Larvicide 0%,0;0.4;0.4_0;0;0_0;0;0_-100;2;5475_-100;2;5475_-100;2;5475,36.4876712328767,Prevalence,0.00650778542081153
NbyGQVwzFc_loc12_loop6,12,ITN 0%/IRS 0%/Larvicide 0%,0;0.4;0.4_0;0;0_0;0;0_-100;2;5475_-100;2;5475_-100;2;5475,36.4904109589041,Prevalence,0.00650319724568207
NbyGQVwzFc_loc12_loop6,12,ITN 0%/IRS 0%/Larvicide 0%,0;0.4;0.4_0;0;0_0;0;0_-100;2;5475_-100;2;5475_-100;2;5475,36.4931506849315,Prevalence,0.00649863623568733
NbyGQVwzFc_loc12_loop6,12,ITN 0%/IRS 0%/Larvicide 0%,0;0.4;0.4_0;0;0_0;0;0_-100;2;5475_-100;2;5475_-100;2;5475,36.4958904109589,Prevalence,0.00649410226544976
NbyGQVwzFc_loc12_loop6,12,ITN 0%/IRS 0%/Larvicide 0%,0;0.4;0.4_0;0;0_0;0;0_-100;2;5475_-100;2;5475_-100;2;5475,36.4986301369863,Prevalence,0.00648959521038484
NbyGQVwzFc_loc12_loop6,12,ITN 0%/IRS 0%/Larvicide 0%,0;0.4;0.4_0;0;0_0;0;0_-100;2;5475_-100;2;5475_-100;2;5475,36.5013698630137,Prevalence,0.00648511494669576
NbyGQVwzFc_loc12_loop6,12,ITN 0%/IRS 0%/Larvicide 0%,0;0.4;0.4_0;0;0_0;0;0_-100;2;5475_-100;2;5475_-100;2;5475,36.5041095890411,Prevalence,0.00648066135136804
NbyGQVwzFc_loc12_loop6,12,ITN 0%/IRS 0%/Larvicide 0%,0;0.4;0.4_0;0;0_0;0;0_-100;2;5475_-100;2;5475_-100;2;5475,36.5068493150685,Prevalence,0.00647623430216377
NbyGQVwzFc_loc12_loop6,12,ITN 0%/IRS 0%/Larvicide 0%,0;0.4;0.4_0;0;0_0;0;0_-100;2;5475_-100;2;5475_-100;2;5475,36.5095890410959,Prevalence,0.00647183367761679
NbyGQVwzFc_loc12_loop6,12,ITN 0%/IRS 0%/Larvicide 0%,0;0.4;0.4_0;0;0_0;0;0_-100;2;5475_-100;2;5475_-100;2;5475,36.5123287671233,Prevalence,0.00646745935702786
NbyGQVwzFc_loc12_loop6,12,ITN 0%/IRS 0%/Larvicide 0%,0;0.4;0.4_0;0;0_0;0;0_-100;2;5475_-100;2;5475_-100;2;5475,36.5150684931507,Prevalence,0.00646311122045922
NbyGQVwzFc_loc12_loop6,12,ITN 0%/IRS 0%/Larvicide 0%,0;0.4;0.4_0;0;0_0;0;0_-100;2;5475_-100;2;5475_-100;2;5475,36.5178082191781,Prevalence,0.00645878914872946
NbyGQVwzFc_loc12_loop6,12,ITN 0%/IRS 0%/Larvicide 0%,0;0.4;0.4_0;0;0_0;0;0_-100;2;5475_-100;2;5475_-100;2;5475,36.5205479452055,Prevalence,0.00645449302340849
NbyGQVwzFc_loc12_loop6,12,ITN 0%/IRS 0%/Larvicide 0%,0;0.4;0.4_0;0;0_0;0;0_-100;2;5475_-100;2;5475_-100;2;5475,36.5232876712329,Prevalence,0.0064502227268125
NbyGQVwzFc_loc12_loop6,12,ITN 0%/IRS 0%/Larvicide 0%,0;0.4;0.4_0;0;0_0;0;0_-100;2;5475_-100;2;5475_-100;2;5475,36.5260273972603,Prevalence,0.006445978141999
NbyGQVwzFc_loc12_loop6,12,ITN 0%/IRS 0%/Larvicide 0%,0;0.4;0.4_0;0;0_0;0;0_-100;2;5475_-100;2;5475_-100;2;5475,36.5287671232877,Prevalence,0.00644175915276187
NbyGQVwzFc_loc12_loop6,12,ITN 0%/IRS 0%/Larvicide 0%,0;0.4;0.4_0;0;0_0;0;0_-100;2;5475_-100;2;5475_-100;2;5475,36.5315068493151,Prevalence,0.00643756564362643
NbyGQVwzFc_loc12_loop6,12,ITN 0%/IRS 0%/Larvicide 0%,0;0.4;0.4_0;0;0_0;0;0_-100;2;5475_-100;2;5475_-100;2;5475,36.5342465753425,Prevalence,0.00643339749984464
NbyGQVwzFc_loc12_loop6,12,ITN 0%/IRS 0%/Larvicide 0%,0;0.4;0.4_0;0;0_0;0;0_-100;2;5475_-100;2;5475_-100;2;5475,36.5369863013699,Prevalence,0.00642925460739019
NbyGQVwzFc_loc12_loop6,12,ITN 0%/IRS 0%/Larvicide 0%,0;0.4;0.4_0;0;0_0;0;0_-100;2;5475_-100;2;5475_-100;2;5475,36.5397260273973,Prevalence,0.00642513685295371
NbyGQVwzFc_loc12_loop6,12,ITN 0%/IRS 0%/Larvicide 0%,0;0.4;0.4_0;0;0_0;0;0_-100;2;5475_-100;2;5475_-100;2;5475,36.5424657534247,Prevalence,0.00642104412393802
NbyGQVwzFc_loc12_loop6,12,ITN 0%/IRS 0%/Larvicide 0%,0;0.4;0.4_0;0;0_0;0;0_-100;2;5475_-100;2;5475_-100;2;5475,36.5452054794521,Prevalence,0.00641697630845337
NbyGQVwzFc_loc12_loop6,12,ITN 0%/IRS 0%/Larvicide 0%,0;0.4;0.4_0;0;0_0;0;0_-100;2;5475_-100;2;5475_-100;2;5475,36.5479452054795,Prevalence,0.00641293329531273
NbyGQVwzFc_loc12_loop6,12,ITN 0%/IRS 0%/Larvicide 0%,0;0.4;0.4_0;0;0_0;0;0_-100;2;5475_-100;2;5475_-100;2;5475,36.5506849315069,Prevalence,0.00640891497402708
NbyGQVwzFc_loc12_loop6,12,ITN 0%/IRS 0%/Larvicide 0%,0;0.4;0.4_0;0;0_0;0;0_-100;2;5475_-100;2;5475_-100;2;5475,36.5534246575342,Prevalence,0.00640492123480068
NbyGQVwzFc_loc12_loop6,12,ITN 0%/IRS 0%/Larvicide 0%,0;0.4;0.4_0;0;0_0;0;0_-100;2;5475_-100;2;5475_-100;2;5475,36.5561643835616,Prevalence,0.00640095196852612
NbyGQVwzFc_loc12_loop6,12,ITN 0%/IRS 0%/Larvicide 0%,0;0.4;0.4_0;0;0_0;0;0_-100;2;5475_-100;2;5475_-100;2;5475,36.558904109589,Prevalence,0.0063970070667806
NbyGQVwzFc_loc12_loop6,12,ITN 0%/IRS 0%/Larvicide 0%,0;0.4;0.4_0;0;0_0;0;0_-100;2;5475_-100;2;5475_-100;2;5475,36.5616438356164,Prevalence,0.00639308642182098
NbyGQVwzFc_loc12_loop6,12,ITN 0%/IRS 0%/Larvicide 0%,0;0.4;0.4_0;0;0_0;0;0_-100;2;5475_-100;2;5475_-100;2;5475,36.5643835616438,Prevalence,0.00638918992657917
NbyGQVwzFc_loc12_loop6,12,ITN 0%/IRS 0%/Larvicide 0%,0;0.4;0.4_0;0;0_0;0;0_-100;2;5475_-100;2;5475_-100;2;5475,36.5671232876712,Prevalence,0.00638531747465769
NbyGQVwzFc_loc12_loop6,12,ITN 0%/IRS 0%/Larvicide 0%,0;0.4;0.4_0;0;0_0;0;0_-100;2;5475_-100;2;5475_-100;2;5475,36.5698630136986,Prevalence,0.00638146896032508
NbyGQVwzFc_loc12_loop6,12,ITN 0%/IRS 0%/Larvicide 0%,0;0.4;0.4_0;0;0_0;0;0_-100;2;5475_-100;2;5475_-100;2;5475,36.572602739726,Prevalence,0.00637764427851156
NbyGQVwzFc_loc12_loop6,12,ITN 0%/IRS 0%/Larvicide 0%,0;0.4;0.4_0;0;0_0;0;0_-100;2;5475_-100;2;5475_-100;2;5475,36.5753424657534,Prevalence,0.00637384332480453
NbyGQVwzFc_loc12_loop6,12,ITN 0%/IRS 0%/Larvicide 0%,0;0.4;0.4_0;0;0_0;0;0_-100;2;5475_-100;2;5475_-100;2;5475,36.5780821917808,Prevalence,0.00637006599544415
NbyGQVwzFc_loc12_loop6,12,ITN 0%/IRS 0%/Larvicide 0%,0;0.4;0.4_0;0;0_0;0;0_-100;2;5475_-100;2;5475_-100;2;5475,36.5808219178082,Prevalence,0.00636631218731909
NbyGQVwzFc_loc12_loop6,12,ITN 0%/IRS 0%/Larvicide 0%,0;0.4;0.4_0;0;0_0;0;0_-100;2;5475_-100;2;5475_-100;2;5475,36.5835616438356,Prevalence,0.00636258179796205
NbyGQVwzFc_loc12_loop6,12,ITN 0%/IRS 0%/Larvicide 0%,0;0.4;0.4_0;0;0_0;0;0_-100;2;5475_-100;2;5475_-100;2;5475,36.586301369863,Prevalence,0.00635887472554551
NbyGQVwzFc_loc12_loop6,12,ITN 0%/IRS 0%/Larvicide 0%,0;0.4;0.4_0;0;0_0;0;0_-100;2;5475_-100;2;5475_-100;2;5475,36.5890410958904,Prevalence,0.00635519086887744
NbyGQVwzFc_loc12_loop6,12,ITN 0%/IRS 0%/Larvicide 0%,0;0.4;0.4_0;0;0_0;0;0_-100;2;5475_-100;2;5475_-100;2;5475,36.5917808219178,Prevalence,0.00635153012739706
NbyGQVwzFc_loc12_loop6,12,ITN 0%/IRS 0%/Larvicide 0%,0;0.4;0.4_0;0;0_0;0;0_-100;2;5475_-100;2;5475_-100;2;5475,36.5945205479452,Prevalence,0.00634789240117055
NbyGQVwzFc_loc12_loop6,12,ITN 0%/IRS 0%/Larvicide 0%,0;0.4;0.4_0;0;0_0;0;0_-100;2;5475_-100;2;5475_-100;2;5475,36.5972602739726,Prevalence,0.00634427759088694
NbyGQVwzFc_loc12_loop6,12,ITN 0%/IRS 0%/Larvicide 0%,0;0.4;0.4_0;0;0_0;0;0_-100;2;5475_-100;2;5475_-100;2;5475,36.6,Prevalence,0.00634068559785383
NbyGQVwzFc_loc12_loop6,12,ITN 0%/IRS 0%/Larvicide 0%,0;0.4;0.4_0;0;0_0;0;0_-100;2;5475_-100;2;5475_-100;2;5475,36.6027397260274,Prevalence,0.00633711632399305
NbyGQVwzFc_loc12_loop6,12,ITN 0%/IRS 0%/Larvicide 0%,0;0.4;0.4_0;0;0_0;0;0_-100;2;5475_-100;2;5475_-100;2;5475,36.6054794520548,Prevalence,0.00633356967183678
NbyGQVwzFc_loc12_loop6,12,ITN 0%/IRS 0%/Larvicide 0%,0;0.4;0.4_0;0;0_0;0;0_-100;2;5475_-100;2;5475_-100;2;5475,36.6082191780822,Prevalence,0.00633004554452377
NbyGQVwzFc_loc12_loop6,12,ITN 0%/IRS 0%/Larvicide 0%,0;0.4;0.4_0;0;0_0;0;0_-100;2;5475_-100;2;5475_-100;2;5475,36.6109589041096,Prevalence,0.00632654384579503
NbyGQVwzFc_loc12_loop6,12,ITN 0%/IRS 0%/Larvicide 0%,0;0.4;0.4_0;0;0_0;0;0_-100;2;5475_-100;2;5475_-100;2;5475,36.613698630137,Prevalence,0.00632306447998974
NbyGQVwzFc_loc12_loop6,12,ITN 0%/IRS 0%/Larvicide 0%,0;0.4;0.4_0;0;0_0;0;0_-100;2;5475_-100;2;5475_-100;2;5475,36.6164383561644,Prevalence,0.0063196073520413
NbyGQVwzFc_loc12_loop6,12,ITN 0%/IRS 0%/Larvicide 0%,0;0.4;0.4_0;0;0_0;0;0_-100;2;5475_-100;2;5475_-100;2;5475,36.6191780821918,Prevalence,0.00631617236747326
NbyGQVwzFc_loc12_loop6,12,ITN 0%/IRS 0%/Larvicide 0%,0;0.4;0.4_0;0;0_0;0;0_-100;2;5475_-100;2;5475_-100;2;5475,36.6219178082192,Prevalence,0.00631275943239551
NbyGQVwzFc_loc12_loop6,12,ITN 0%/IRS 0%/Larvicide 0%,0;0.4;0.4_0;0;0_0;0;0_-100;2;5475_-100;2;5475_-100;2;5475,36.6246575342466,Prevalence,0.00630936845350019
NbyGQVwzFc_loc12_loop6,12,ITN 0%/IRS 0%/Larvicide 0%,0;0.4;0.4_0;0;0_0;0;0_-100;2;5475_-100;2;5475_-100;2;5475,36.627397260274,Prevalence,0.00630599933805792
NbyGQVwzFc_loc12_loop6,12,ITN 0%/IRS 0%/Larvicide 0%,0;0.4;0.4_0;0;0_0;0;0_-100;2;5475_-100;2;5475_-100;2;5475,36.6301369863014,Prevalence,0.0063026519939139
NbyGQVwzFc_loc12_loop6,12,ITN 0%/IRS 0%/Larvicide 0%,0;0.4;0.4_0;0;0_0;0;0_-100;2;5475_-100;2;5475_-100;2;5475,36.6328767123288,Prevalence,0.00629932632948401
NbyGQVwzFc_loc12_loop6,12,ITN 0%/IRS 0%/Larvicide 0%,0;0.4;0.4_0;0;0_0;0;0_-100;2;5475_-100;2;5475_-100;2;5475,36.6356164383562,Prevalence,0.00629602225375107
NbyGQVwzFc_loc12_loop6,12,ITN 0%/IRS 0%/Larvicide 0%,0;0.4;0.4_0;0;0_0;0;0_-100;2;5475_-100;2;5475_-100;2;5475,36.6383561643836,Prevalence,0.00629273967626099
NbyGQVwzFc_loc12_loop6,12,ITN 0%/IRS 0%/Larvicide 0%,0;0.4;0.4_0;0;0_0;0;0_-100;2;5475_-100;2;5475_-100;2;5475,36.641095890411,Prevalence,0.00628947850711906
NbyGQVwzFc_loc12_loop6,12,ITN 0%/IRS 0%/Larvicide 0%,0;0.4;0.4_0;0;0_0;0;0_-100;2;5475_-100;2;5475_-100;2;5475,36.6438356164384,Prevalence,0.00628623865698616
NbyGQVwzFc_loc12_loop6,12,ITN 0%/IRS 0%/Larvicide 0%,0;0.4;0.4_0;0;0_0;0;0_-100;2;5475_-100;2;5475_-100;2;5475,36.6465753424658,Prevalence,0.00628302003707511
NbyGQVwzFc_loc12_loop6,12,ITN 0%/IRS 0%/Larvicide 0%,0;0.4;0.4_0;0;0_0;0;0_-100;2;5475_-100;2;5475_-100;2;5475,36.6493150684932,Prevalence,0.00627982255914692
NbyGQVwzFc_loc12_loop6,12,ITN 0%/IRS 0%/Larvicide 0%,0;0.4;0.4_0;0;0_0;0;0_-100;2;5475_-100;2;5475_-100;2;5475,36.6520547945206,Prevalence,0.00627664613550698
NbyGQVwzFc_loc12_loop6,12,ITN 0%/IRS 0%/Larvicide 0%,0;0.4;0.4_0;0;0_0;0;0_-100;2;5475_-100;2;5475_-100;2;5475,36.654794520548,Prevalence,0.00627349067900157
NbyGQVwzFc_loc12_loop6,12,ITN 0%/IRS 0%/Larvicide 0%,0;0.4;0.4_0;0;0_0;0;0_-100;2;5475_-100;2;5475_-100;2;5475,36.6575342465753,Prevalence,0.00627035610301464
NbyGQVwzFc_loc12_loop6,12,ITN 0%/IRS 0%/Larvicide 0%,0;0.4;0.4_0;0;0_0;0;0_-100;2;5475_-100;2;5475_-100;2;5475,36.6602739726027,Prevalence,0.0062672423214639
NbyGQVwzFc_loc12_loop6,12,ITN 0%/IRS 0%/Larvicide 0%,0;0.4;0.4_0;0;0_0;0;0_-100;2;5475_-100;2;5475_-100;2;5475,36.6630136986301,Prevalence,0.00626414924879723
NbyGQVwzFc_loc12_loop6,12,ITN 0%/IRS 0%/Larvicide 0%,0;0.4;0.4_0;0;0_0;0;0_-100;2;5475_-100;2;5475_-100;2;5475,36.6657534246575,Prevalence,0.00626107679998919
NbyGQVwzFc_loc12_loop6,12,ITN 0%/IRS 0%/Larvicide 0%,0;0.4;0.4_0;0;0_0;0;0_-100;2;5475_-100;2;5475_-100;2;5475,36.6684931506849,Prevalence,0.00625802489053749
NbyGQVwzFc_loc12_loop6,12,ITN 0%/IRS 0%/Larvicide 0%,0;0.4;0.4_0;0;0_0;0;0_-100;2;5475_-100;2;5475_-100;2;5475,36.6712328767123,Prevalence,0.00625499343645952
NbyGQVwzFc_loc12_loop6,12,ITN 0%/IRS 0%/Larvicide 0%,0;0.4;0.4_0;0;0_0;0;0_-100;2;5475_-100;2;5475_-100;2;5475,36.6739726027397,Prevalence,0.00625198235428889
NbyGQVwzFc_loc12_loop6,12,ITN 0%/IRS 0%/Larvicide 0%,0;0.4;0.4_0;0;0_0;0;0_-100;2;5475_-100;2;5475_-100;2;5475,36.6767123287671,Prevalence,0.00624899156107198
NbyGQVwzFc_loc12_loop6,12,ITN 0%/IRS 0%/Larvicide 0%,0;0.4;0.4_0;0;0_0;0;0_-100;2;5475_-100;2;5475_-100;2;5475,36.6794520547945,Prevalence,0.00624602097436454
NbyGQVwzFc_loc12_loop6,12,ITN 0%/IRS 0%/Larvicide 0%,0;0.4;0.4_0;0;0_0;0;0_-100;2;5475_-100;2;5475_-100;2;5475,36.6821917808219,Prevalence,0.00624307051222831
NbyGQVwzFc_loc12_loop6,12,ITN 0%/IRS 0%/Larvicide 0%,0;0.4;0.4_0;0;0_0;0;0_-100;2;5475_-100;2;5475_-100;2;5475,36.6849315068493,Prevalence,0.00624014009322762
NbyGQVwzFc_loc12_loop6,12,ITN 0%/IRS 0%/Larvicide 0%,0;0.4;0.4_0;0;0_0;0;0_-100;2;5475_-100;2;5475_-100;2;5475,36.6876712328767,Prevalence,0.00623722963642614
NbyGQVwzFc_loc12_loop6,12,ITN 0%/IRS 0%/Larvicide 0%,0;0.4;0.4_0;0;0_0;0;0_-100;2;5475_-100;2;5475_-100;2;5475,36.6904109589041,Prevalence,0.00623433906138343
NbyGQVwzFc_loc12_loop6,12,ITN 0%/IRS 0%/Larvicide 0%,0;0.4;0.4_0;0;0_0;0;0_-100;2;5475_-100;2;5475_-100;2;5475,36.6931506849315,Prevalence,0.00623146828815177
NbyGQVwzFc_loc12_loop6,12,ITN 0%/IRS 0%/Larvicide 0%,0;0.4;0.4_0;0;0_0;0;0_-100;2;5475_-100;2;5475_-100;2;5475,36.6958904109589,Prevalence,0.00622861723727282
NbyGQVwzFc_loc12_loop6,12,ITN 0%/IRS 0%/Larvicide 0%,0;0.4;0.4_0;0;0_0;0;0_-100;2;5475_-100;2;5475_-100;2;5475,36.6986301369863,Prevalence,0.00622578582977439
NbyGQVwzFc_loc12_loop6,12,ITN 0%/IRS 0%/Larvicide 0%,0;0.4;0.4_0;0;0_0;0;0_-100;2;5475_-100;2;5475_-100;2;5475,36.7013698630137,Prevalence,0.0062229739871672
NbyGQVwzFc_loc12_loop6,12,ITN 0%/IRS 0%/Larvicide 0%,0;0.4;0.4_0;0;0_0;0;0_-100;2;5475_-100;2;5475_-100;2;5475,36.7041095890411,Prevalence,0.00622018163144147
NbyGQVwzFc_loc12_loop6,12,ITN 0%/IRS 0%/Larvicide 0%,0;0.4;0.4_0;0;0_0;0;0_-100;2;5475_-100;2;5475_-100;2;5475,36.7068493150685,Prevalence,0.00621740868506431
NbyGQVwzFc_loc12_loop6,12,ITN 0%/IRS 0%/Larvicide 0%,0;0.4;0.4_0;0;0_0;0;0_-100;2;5475_-100;2;5475_-100;2;5475,36.7095890410959,Prevalence,0.00621465507097632
NbyGQVwzFc_loc12_loop6,12,ITN 0%/IRS 0%/Larvicide 0%,0;0.4;0.4_0;0;0_0;0;0_-100;2;5475_-100;2;5475_-100;2;5475,36.7123287671233,Prevalence,0.00621192071258833
NbyGQVwzFc_loc12_loop6,12,ITN 0%/IRS 0%/Larvicide 0%,0;0.4;0.4_0;0;0_0;0;0_-100;2;5475_-100;2;5475_-100;2;5475,36.7150684931507,Prevalence,0.00620920553377832
NbyGQVwzFc_loc12_loop6,12,ITN 0%/IRS 0%/Larvicide 0%,0;0.4;0.4_0;0;0_0;0;0_-100;2;5475_-100;2;5475_-100;2;5475,36.7178082191781,Prevalence,0.00620650945888837
NbyGQVwzFc_loc12_loop6,12,ITN 0%/IRS 0%/Larvicide 0%,0;0.4;0.4_0;0;0_0;0;0_-100;2;5475_-100;2;5475_-100;2;5475,36.7205479452055,Prevalence,0.00620383241272149
NbyGQVwzFc_loc12_loop6,12,ITN 0%/IRS 0%/Larvicide 0%,0;0.4;0.4_0;0;0_0;0;0_-100;2;5475_-100;2;5475_-100;2;5475,36.7232876712329,Prevalence,0.00620117432053867
NbyGQVwzFc_loc12_loop6,12,ITN 0%/IRS 0%/Larvicide 0%,0;0.4;0.4_0;0;0_0;0;0_-100;2;5475_-100;2;5475_-100;2;5475,36.7260273972603,Prevalence,0.0061985351080558
NbyGQVwzFc_loc12_loop6,12,ITN 0%/IRS 0%/Larvicide 0%,0;0.4;0.4_0;0;0_0;0;0_-100;2;5475_-100;2;5475_-100;2;5475,36.7287671232877,Prevalence,0.00619591470144066
NbyGQVwzFc_loc12_loop6,12,ITN 0%/IRS 0%/Larvicide 0%,0;0.4;0.4_0;0;0_0;0;0_-100;2;5475_-100;2;5475_-100;2;5475,36.7315068493151,Prevalence,0.00619331302730995
NbyGQVwzFc_loc12_loop6,12,ITN 0%/IRS 0%/Larvicide 0%,0;0.4;0.4_0;0;0_0;0;0_-100;2;5475_-100;2;5475_-100;2;5475,36.7342465753425,Prevalence,0.00619073001272633
NbyGQVwzFc_loc12_loop6,12,ITN 0%/IRS 0%/Larvicide 0%,0;0.4;0.4_0;0;0_0;0;0_-100;2;5475_-100;2;5475_-100;2;5475,36.7369863013699,Prevalence,0.00618816558519545
NbyGQVwzFc_loc12_loop6,12,ITN 0%/IRS 0%/Larvicide 0%,0;0.4;0.4_0;0;0_0;0;0_-100;2;5475_-100;2;5475_-100;2;5475,36.7397260273973,Prevalence,0.00618561967266306
NbyGQVwzFc_loc12_loop6,12,ITN 0%/IRS 0%/Larvicide 0%,0;0.4;0.4_0;0;0_0;0;0_-100;2;5475_-100;2;5475_-100;2;5475,36.7424657534247,Prevalence,0.00618309220351206
NbyGQVwzFc_loc12_loop6,12,ITN 0%/IRS 0%/Larvicide 0%,0;0.4;0.4_0;0;0_0;0;0_-100;2;5475_-100;2;5475_-100;2;5475,36.7452054794521,Prevalence,0.00618058310655966
NbyGQVwzFc_loc12_loop6,12,ITN 0%/IRS 0%/Larvicide 0%,0;0.4;0.4_0;0;0_0;0;0_-100;2;5475_-100;2;5475_-100;2;5475,36.7479452054795,Prevalence,0.00617809231105448
NbyGQVwzFc_loc12_loop6,12,ITN 0%/IRS 0%/Larvicide 0%,0;0.4;0.4_0;0;0_0;0;0_-100;2;5475_-100;2;5475_-100;2;5475,36.7506849315068,Prevalence,0.00617561974667375
NbyGQVwzFc_loc12_loop6,12,ITN 0%/IRS 0%/Larvicide 0%,0;0.4;0.4_0;0;0_0;0;0_-100;2;5475_-100;2;5475_-100;2;5475,36.7534246575343,Prevalence,0.00617316534352036
NbyGQVwzFc_loc12_loop6,12,ITN 0%/IRS 0%/Larvicide 0%,0;0.4;0.4_0;0;0_0;0;0_-100;2;5475_-100;2;5475_-100;2;5475,36.7561643835617,Prevalence,0.00617072903212015
NbyGQVwzFc_loc12_loop6,12,ITN 0%/IRS 0%/Larvicide 0%,0;0.4;0.4_0;0;0_0;0;0_-100;2;5475_-100;2;5475_-100;2;5475,36.758904109589,Prevalence,0.00616831074341939
NbyGQVwzFc_loc12_loop6,12,ITN 0%/IRS 0%/Larvicide 0%,0;0.4;0.4_0;0;0_0;0;0_-100;2;5475_-100;2;5475_-100;2;5475,36.7616438356164,Prevalence,0.00616591040878179
NbyGQVwzFc_loc12_loop6,12,ITN 0%/IRS 0%/Larvicide 0%,0;0.4;0.4_0;0;0_0;0;0_-100;2;5475_-100;2;5475_-100;2;5475,36.7643835616438,Prevalence,0.00616352795998574
NbyGQVwzFc_loc12_loop6,12,ITN 0%/IRS 0%/Larvicide 0%,0;0.4;0.4_0;0;0_0;0;0_-100;2;5475_-100;2;5475_-100;2;5475,36.7671232876712,Prevalence,0.00616116332922153
NbyGQVwzFc_loc12_loop6,12,ITN 0%/IRS 0%/Larvicide 0%,0;0.4;0.4_0;0;0_0;0;0_-100;2;5475_-100;2;5475_-100;2;5475,36.7698630136986,Prevalence,0.00615881644908869
NbyGQVwzFc_loc12_loop6,12,ITN 0%/IRS 0%/Larvicide 0%,0;0.4;0.4_0;0;0_0;0;0_-100;2;5475_-100;2;5475_-100;2;5475,36.772602739726,Prevalence,0.00615648725259327
NbyGQVwzFc_loc12_loop6,12,ITN 0%/IRS 0%/Larvicide 0%,0;0.4;0.4_0;0;0_0;0;0_-100;2;5475_-100;2;5475_-100;2;5475,36.7753424657534,Prevalence,0.00615417567314522
NbyGQVwzFc_loc12_loop6,12,ITN 0%/IRS 0%/Larvicide 0%,0;0.4;0.4_0;0;0_0;0;0_-100;2;5475_-100;2;5475_-100;2;5475,36.7780821917808,Prevalence,0.00615188164455565
NbyGQVwzFc_loc12_loop6,12,ITN 0%/IRS 0%/Larvicide 0%,0;0.4;0.4_0;0;0_0;0;0_-100;2;5475_-100;2;5475_-100;2;5475,36.7808219178082,Prevalence,0.00614960510103426
NbyGQVwzFc_loc12_loop6,12,ITN 0%/IRS 0%/Larvicide 0%,0;0.4;0.4_0;0;0_0;0;0_-100;2;5475_-100;2;5475_-100;2;5475,36.7835616438356,Prevalence,0.0061473459771867
NbyGQVwzFc_loc12_loop6,12,ITN 0%/IRS 0%/Larvicide 0%,0;0.4;0.4_0;0;0_0;0;0_-100;2;5475_-100;2;5475_-100;2;5475,36.786301369863,Prevalence,0.00614510420801198
NbyGQVwzFc_loc12_loop6,12,ITN 0%/IRS 0%/Larvicide 0%,0;0.4;0.4_0;0;0_0;0;0_-100;2;5475_-100;2;5475_-100;2;5475,36.7890410958904,Prevalence,0.00614287972889986
NbyGQVwzFc_loc12_loop6,12,ITN 0%/IRS 0%/Larvicide 0%,0;0.4;0.4_0;0;0_0;0;0_-100;2;5475_-100;2;5475_-100;2;5475,36.7917808219178,Prevalence,0.00614067247562831
NbyGQVwzFc_loc12_loop6,12,ITN 0%/IRS 0%/Larvicide 0%,0;0.4;0.4_0;0;0_0;0;0_-100;2;5475_-100;2;5475_-100;2;5475,36.7945205479452,Prevalence,0.00613848238436101
NbyGQVwzFc_loc12_loop6,12,ITN 0%/IRS 0%/Larvicide 0%,0;0.4;0.4_0;0;0_0;0;0_-100;2;5475_-100;2;5475_-100;2;5475,36.7972602739726,Prevalence,0.00613630939164471
NbyGQVwzFc_loc12_loop6,12,ITN 0%/IRS 0%/Larvicide 0%,0;0.4;0.4_0;0;0_0;0;0_-100;2;5475_-100;2;5475_-100;2;5475,36.8,Prevalence,0.0061341534344068
NbyGQVwzFc_loc12_loop6,12,ITN 0%/IRS 0%/Larvicide 0%,0;0.4;0.4_0;0;0_0;0;0_-100;2;5475_-100;2;5475_-100;2;5475,36.8027397260274,Prevalence,0.00613201444995282
NbyGQVwzFc_loc12_loop6,12,ITN 0%/IRS 0%/Larvicide 0%,0;0.4;0.4_0;0;0_0;0;0_-100;2;5475_-100;2;5475_-100;2;5475,36.8054794520548,Prevalence,0.0061298923759639
NbyGQVwzFc_loc12_loop6,12,ITN 0%/IRS 0%/Larvicide 0%,0;0.4;0.4_0;0;0_0;0;0_-100;2;5475_-100;2;5475_-100;2;5475,36.8082191780822,Prevalence,0.00612778715049436
NbyGQVwzFc_loc12_loop6,12,ITN 0%/IRS 0%/Larvicide 0%,0;0.4;0.4_0;0;0_0;0;0_-100;2;5475_-100;2;5475_-100;2;5475,36.8109589041096,Prevalence,0.00612569871196953
NbyGQVwzFc_loc12_loop6,12,ITN 0%/IRS 0%/Larvicide 0%,0;0.4;0.4_0;0;0_0;0;0_-100;2;5475_-100;2;5475_-100;2;5475,36.813698630137,Prevalence,0.00612362699918308
NbyGQVwzFc_loc12_loop6,12,ITN 0%/IRS 0%/Larvicide 0%,0;0.4;0.4_0;0;0_0;0;0_-100;2;5475_-100;2;5475_-100;2;5475,36.8164383561644,Prevalence,0.00612157195129461
NbyGQVwzFc_loc12_loop6,12,ITN 0%/IRS 0%/Larvicide 0%,0;0.4;0.4_0;0;0_0;0;0_-100;2;5475_-100;2;5475_-100;2;5475,36.8191780821918,Prevalence,0.00611953350782725
NbyGQVwzFc_loc12_loop6,12,ITN 0%/IRS 0%/Larvicide 0%,0;0.4;0.4_0;0;0_0;0;0_-100;2;5475_-100;2;5475_-100;2;5475,36.8219178082192,Prevalence,0.00611751160866527
NbyGQVwzFc_loc12_loop6,12,ITN 0%/IRS 0%/Larvicide 0%,0;0.4;0.4_0;0;0_0;0;0_-100;2;5475_-100;2;5475_-100;2;5475,36.8246575342466,Prevalence,0.00611550619405175
NbyGQVwzFc_loc12_loop6,12,ITN 0%/IRS 0%/Larvicide 0%,0;0.4;0.4_0;0;0_0;0;0_-100;2;5475_-100;2;5475_-100;2;5475,36.827397260274,Prevalence,0.00611351720458618
NbyGQVwzFc_loc12_loop6,12,ITN 0%/IRS 0%/Larvicide 0%,0;0.4;0.4_0;0;0_0;0;0_-100;2;5475_-100;2;5475_-100;2;5475,36.8301369863014,Prevalence,0.00611154458122218
NbyGQVwzFc_loc12_loop6,12,ITN 0%/IRS 0%/Larvicide 0%,0;0.4;0.4_0;0;0_0;0;0_-100;2;5475_-100;2;5475_-100;2;5475,36.8328767123288,Prevalence,0.00610958826526519
NbyGQVwzFc_loc12_loop6,12,ITN 0%/IRS 0%/Larvicide 0%,0;0.4;0.4_0;0;0_0;0;0_-100;2;5475_-100;2;5475_-100;2;5475,36.8356164383562,Prevalence,0.00610764819837013
NbyGQVwzFc_loc12_loop6,12,ITN 0%/IRS 0%/Larvicide 0%,0;0.4;0.4_0;0;0_0;0;0_-100;2;5475_-100;2;5475_-100;2;5475,36.8383561643836,Prevalence,0.00610572432253917
NbyGQVwzFc_loc12_loop6,12,ITN 0%/IRS 0%/Larvicide 0%,0;0.4;0.4_0;0;0_0;0;0_-100;2;5475_-100;2;5475_-100;2;5475,36.841095890411,Prevalence,0.00610381658011943
NbyGQVwzFc_loc12_loop6,12,ITN 0%/IRS 0%/Larvicide 0%,0;0.4;0.4_0;0;0_0;0;0_-100;2;5475_-100;2;5475_-100;2;5475,36.8438356164384,Prevalence,0.00610192491380073
NbyGQVwzFc_loc12_loop6,12,ITN 0%/IRS 0%/Larvicide 0%,0;0.4;0.4_0;0;0_0;0;0_-100;2;5475_-100;2;5475_-100;2;5475,36.8465753424658,Prevalence,0.00610004926661338
NbyGQVwzFc_loc12_loop6,12,ITN 0%/IRS 0%/Larvicide 0%,0;0.4;0.4_0;0;0_0;0;0_-100;2;5475_-100;2;5475_-100;2;5475,36.8493150684932,Prevalence,0.00609818958192596
NbyGQVwzFc_loc12_loop6,12,ITN 0%/IRS 0%/Larvicide 0%,0;0.4;0.4_0;0;0_0;0;0_-100;2;5475_-100;2;5475_-100;2;5475,36.8520547945206,Prevalence,0.00609634580344307
NbyGQVwzFc_loc12_loop6,12,ITN 0%/IRS 0%/Larvicide 0%,0;0.4;0.4_0;0;0_0;0;0_-100;2;5475_-100;2;5475_-100;2;5475,36.854794520548,Prevalence,0.0060945178752032
NbyGQVwzFc_loc12_loop6,12,ITN 0%/IRS 0%/Larvicide 0%,0;0.4;0.4_0;0;0_0;0;0_-100;2;5475_-100;2;5475_-100;2;5475,36.8575342465753,Prevalence,0.00609270574157653
NbyGQVwzFc_loc12_loop6,12,ITN 0%/IRS 0%/Larvicide 0%,0;0.4;0.4_0;0;0_0;0;0_-100;2;5475_-100;2;5475_-100;2;5475,36.8602739726027,Prevalence,0.00609090934726273
NbyGQVwzFc_loc12_loop6,12,ITN 0%/IRS 0%/Larvicide 0%,0;0.4;0.4_0;0;0_0;0;0_-100;2;5475_-100;2;5475_-100;2;5475,36.8630136986301,Prevalence,0.00608912863728902
NbyGQVwzFc_loc12_loop6,12,ITN 0%/IRS 0%/Larvicide 0%,0;0.4;0.4_0;0;0_0;0;0_-100;2;5475_-100;2;5475_-100;2;5475,36.8657534246575,Prevalence,0.00608736355700804
NbyGQVwzFc_loc12_loop6,12,ITN 0%/IRS 0%/Larvicide 0%,0;0.4;0.4_0;0;0_0;0;0_-100;2;5475_-100;2;5475_-100;2;5475,36.8684931506849,Prevalence,0.00608561405209553
NbyGQVwzFc_loc12_loop6,12,ITN 0%/IRS 0%/Larvicide 0%,0;0.4;0.4_0;0;0_0;0;0_-100;2;5475_-100;2;5475_-100;2;5475,36.8712328767123,Prevalence,0.00608388006854833
NbyGQVwzFc_loc12_loop6,12,ITN 0%/IRS 0%/Larvicide 0%,0;0.4;0.4_0;0;0_0;0;0_-100;2;5475_-100;2;5475_-100;2;5475,36.8739726027397,Prevalence,0.00608216155268219
NbyGQVwzFc_loc12_loop6,12,ITN 0%/IRS 0%/Larvicide 0%,0;0.4;0.4_0;0;0_0;0;0_-100;2;5475_-100;2;5475_-100;2;5475,36.8767123287671,Prevalence,0.0060804584511298
NbyGQVwzFc_loc12_loop6,12,ITN 0%/IRS 0%/Larvicide 0%,0;0.4;0.4_0;0;0_0;0;0_-100;2;5475_-100;2;5475_-100;2;5475,36.8794520547945,Prevalence,0.00607877071083864
NbyGQVwzFc_loc12_loop6,12,ITN 0%/IRS 0%/Larvicide 0%,0;0.4;0.4_0;0;0_0;0;0_-100;2;5475_-100;2;5475_-100;2;5475,36.8821917808219,Prevalence,0.00607709827906899
NbyGQVwzFc_loc12_loop6,12,ITN 0%/IRS 0%/Larvicide 0%,0;0.4;0.4_0;0;0_0;0;0_-100;2;5475_-100;2;5475_-100;2;5475,36.8849315068493,Prevalence,0.00607544110339189
NbyGQVwzFc_loc12_loop6,12,ITN 0%/IRS 0%/Larvicide 0%,0;0.4;0.4_0;0;0_0;0;0_-100;2;5475_-100;2;5475_-100;2;5475,36.8876712328767,Prevalence,0.0060737991316871
NbyGQVwzFc_loc12_loop6,12,ITN 0%/IRS 0%/Larvicide 0%,0;0.4;0.4_0;0;0_0;0;0_-100;2;5475_-100;2;5475_-100;2;5475,36.8904109589041,Prevalence,0.00607217231214113
NbyGQVwzFc_loc12_loop6,12,ITN 0%/IRS 0%/Larvicide 0%,0;0.4;0.4_0;0;0_0;0;0_-100;2;5475_-100;2;5475_-100;2;5475,36.8931506849315,Prevalence,0.00607056059324523
NbyGQVwzFc_loc12_loop6,12,ITN 0%/IRS 0%/Larvicide 0%,0;0.4;0.4_0;0;0_0;0;0_-100;2;5475_-100;2;5475_-100;2;5475,36.8958904109589,Prevalence,0.00606896392379344
NbyGQVwzFc_loc12_loop6,12,ITN 0%/IRS 0%/Larvicide 0%,0;0.4;0.4_0;0;0_0;0;0_-100;2;5475_-100;2;5475_-100;2;5475,36.8986301369863,Prevalence,0.00606738225288055
NbyGQVwzFc_loc12_loop6,12,ITN 0%/IRS 0%/Larvicide 0%,0;0.4;0.4_0;0;0_0;0;0_-100;2;5475_-100;2;5475_-100;2;5475,36.9013698630137,Prevalence,0.00606581552990027
NbyGQVwzFc_loc12_loop6,12,ITN 0%/IRS 0%/Larvicide 0%,0;0.4;0.4_0;0;0_0;0;0_-100;2;5475_-100;2;5475_-100;2;5475,36.9041095890411,Prevalence,0.0060642637045432
NbyGQVwzFc_loc12_loop6,12,ITN 0%/IRS 0%/Larvicide 0%,0;0.4;0.4_0;0;0_0;0;0_-100;2;5475_-100;2;5475_-100;2;5475,36.9068493150685,Prevalence,0.00606272672679495
NbyGQVwzFc_loc12_loop6,12,ITN 0%/IRS 0%/Larvicide 0%,0;0.4;0.4_0;0;0_0;0;0_-100;2;5475_-100;2;5475_-100;2;5475,36.9095890410959,Prevalence,0.0060612045469342
NbyGQVwzFc_loc12_loop6,12,ITN 0%/IRS 0%/Larvicide 0%,0;0.4;0.4_0;0;0_0;0;0_-100;2;5475_-100;2;5475_-100;2;5475,36.9123287671233,Prevalence,0.00605969711553086
NbyGQVwzFc_loc12_loop6,12,ITN 0%/IRS 0%/Larvicide 0%,0;0.4;0.4_0;0;0_0;0;0_-100;2;5475_-100;2;5475_-100;2;5475,36.9150684931507,Prevalence,0.00605820438344412
NbyGQVwzFc_loc12_loop6,12,ITN 0%/IRS 0%/Larvicide 0%,0;0.4;0.4_0;0;0_0;0;0_-100;2;5475_-100;2;5475_-100;2;5475,36.9178082191781,Prevalence,0.00605672630182079
NbyGQVwzFc_loc12_loop6,12,ITN 0%/IRS 0%/Larvicide 0%,0;0.4;0.4_0;0;0_0;0;0_-100;2;5475_-100;2;5475_-100;2;5475,36.9205479452055,Prevalence,0.00605526282209336
NbyGQVwzFc_loc12_loop6,12,ITN 0%/IRS 0%/Larvicide 0%,0;0.4;0.4_0;0;0_0;0;0_-100;2;5475_-100;2;5475_-100;2;5475,36.9232876712329,Prevalence,0.00605381389597804
NbyGQVwzFc_loc12_loop6,12,ITN 0%/IRS 0%/Larvicide 0%,0;0.4;0.4_0;0;0_0;0;0_-100;2;5475_-100;2;5475_-100;2;5475,36.9260273972603,Prevalence,0.00605237947547298
NbyGQVwzFc_loc12_loop6,12,ITN 0%/IRS 0%/Larvicide 0%,0;0.4;0.4_0;0;0_0;0;0_-100;2;5475_-100;2;5475_-100;2;5475,36.9287671232877,Prevalence,0.00605095951285637
NbyGQVwzFc_loc12_loop6,12,ITN 0%/IRS 0%/Larvicide 0%,0;0.4;0.4_0;0;0_0;0;0_-100;2;5475_-100;2;5475_-100;2;5475,36.9315068493151,Prevalence,0.00604955396068471
NbyGQVwzFc_loc12_loop6,12,ITN 0%/IRS 0%/Larvicide 0%,0;0.4;0.4_0;0;0_0;0;0_-100;2;5475_-100;2;5475_-100;2;5475,36.9342465753425,Prevalence,0.00604816277179093
NbyGQVwzFc_loc12_loop6,12,ITN 0%/IRS 0%/Larvicide 0%,0;0.4;0.4_0;0;0_0;0;0_-100;2;5475_-100;2;5475_-100;2;5475,36.9369863013699,Prevalence,0.00604678589928271
NbyGQVwzFc_loc12_loop6,12,ITN 0%/IRS 0%/Larvicide 0%,0;0.4;0.4_0;0;0_0;0;0_-100;2;5475_-100;2;5475_-100;2;5475,36.9397260273973,Prevalence,0.00604542329654058
NbyGQVwzFc_loc12_loop6,12,ITN 0%/IRS 0%/Larvicide 0%,0;0.4;0.4_0;0;0_0;0;0_-100;2;5475_-100;2;5475_-100;2;5475,36.9424657534247,Prevalence,0.00604407491721628
NbyGQVwzFc_loc12_loop6,12,ITN 0%/IRS 0%/Larvicide 0%,0;0.4;0.4_0;0;0_0;0;0_-100;2;5475_-100;2;5475_-100;2;5475,36.9452054794521,Prevalence,0.00604274071523092
NbyGQVwzFc_loc12_loop6,12,ITN 0%/IRS 0%/Larvicide 0%,0;0.4;0.4_0;0;0_0;0;0_-100;2;5475_-100;2;5475_-100;2;5475,36.9479452054795,Prevalence,0.0060414206447733
NbyGQVwzFc_loc12_loop6,12,ITN 0%/IRS 0%/Larvicide 0%,0;0.4;0.4_0;0;0_0;0;0_-100;2;5475_-100;2;5475_-100;2;5475,36.9506849315069,Prevalence,0.00604011466029818
NbyGQVwzFc_loc12_loop6,12,ITN 0%/IRS 0%/Larvicide 0%,0;0.4;0.4_0;0;0_0;0;0_-100;2;5475_-100;2;5475_-100;2;5475,36.9534246575343,Prevalence,0.00603882271652451
NbyGQVwzFc_loc12_loop6,12,ITN 0%/IRS 0%/Larvicide 0%,0;0.4;0.4_0;0;0_0;0;0_-100;2;5475_-100;2;5475_-100;2;5475,36.9561643835616,Prevalence,0.0060375447684338
NbyGQVwzFc_loc12_loop6,12,ITN 0%/IRS 0%/Larvicide 0%,0;0.4;0.4_0;0;0_0;0;0_-100;2;5475_-100;2;5475_-100;2;5475,36.958904109589,Prevalence,0.0060362807712684
NbyGQVwzFc_loc12_loop6,12,ITN 0%/IRS 0%/Larvicide 0%,0;0.4;0.4_0;0;0_0;0;0_-100;2;5475_-100;2;5475_-100;2;5475,36.9616438356164,Prevalence,0.0060350306805298
NbyGQVwzFc_loc12_loop6,12,ITN 0%/IRS 0%/Larvicide 0%,0;0.4;0.4_0;0;0_0;0;0_-100;2;5475_-100;2;5475_-100;2;5475,36.9643835616438,Prevalence,0.00603379445197699
NbyGQVwzFc_loc12_loop6,12,ITN 0%/IRS 0%/Larvicide 0%,0;0.4;0.4_0;0;0_0;0;0_-100;2;5475_-100;2;5475_-100;2;5475,36.9671232876712,Prevalence,0.0060325720416248
NbyGQVwzFc_loc12_loop6,12,ITN 0%/IRS 0%/Larvicide 0%,0;0.4;0.4_0;0;0_0;0;0_-100;2;5475_-100;2;5475_-100;2;5475,36.9698630136986,Prevalence,0.00603136340574224
NbyGQVwzFc_loc12_loop6,12,ITN 0%/IRS 0%/Larvicide 0%,0;0.4;0.4_0;0;0_0;0;0_-100;2;5475_-100;2;5475_-100;2;5475,36.972602739726,Prevalence,0.006030168500851
NbyGQVwzFc_loc12_loop6,12,ITN 0%/IRS 0%/Larvicide 0%,0;0.4;0.4_0;0;0_0;0;0_-100;2;5475_-100;2;5475_-100;2;5475,36.9753424657534,Prevalence,0.00602898728372386
NbyGQVwzFc_loc12_loop6,12,ITN 0%/IRS 0%/Larvicide 0%,0;0.4;0.4_0;0;0_0;0;0_-100;2;5475_-100;2;5475_-100;2;5475,36.9780821917808,Prevalence,0.00602781971138289
NbyGQVwzFc_loc12_loop6,12,ITN 0%/IRS 0%/Larvicide 0%,0;0.4;0.4_0;0;0_0;0;0_-100;2;5475_-100;2;5475_-100;2;5475,36.9808219178082,Prevalence,0.00602666574109792
NbyGQVwzFc_loc12_loop6,12,ITN 0%/IRS 0%/Larvicide 0%,0;0.4;0.4_0;0;0_0;0;0_-100;2;5475_-100;2;5475_-100;2;5475,36.9835616438356,Prevalence,0.00602552533038489
NbyGQVwzFc_loc12_loop6,12,ITN 0%/IRS 0%/Larvicide 0%,0;0.4;0.4_0;0;0_0;0;0_-100;2;5475_-100;2;5475_-100;2;5475,36.986301369863,Prevalence,0.00602439843700427
NbyGQVwzFc_loc12_loop6,12,ITN 0%/IRS 0%/Larvicide 0%,0;0.4;0.4_0;0;0_0;0;0_-100;2;5475_-100;2;5475_-100;2;5475,36.9890410958904,Prevalence,0.0060232850189595
NbyGQVwzFc_loc12_loop6,12,ITN 0%/IRS 0%/Larvicide 0%,0;0.4;0.4_0;0;0_0;0;0_-100;2;5475_-100;2;5475_-100;2;5475,36.9917808219178,Prevalence,0.00602218503449547
NbyGQVwzFc_loc12_loop6,12,ITN 0%/IRS 0%/Larvicide 0%,0;0.4;0.4_0;0;0_0;0;0_-100;2;5475_-100;2;5475_-100;2;5475,36.9945205479452,Prevalence,0.00602109844209691
NbyGQVwzFc_loc12_loop6,12,ITN 0%/IRS 0%/Larvicide 0%,0;0.4;0.4_0;0;0_0;0;0_-100;2;5475_-100;2;5475_-100;2;5475,36.9972602739726,Prevalence,0.00602002520048687
NbyGQVwzFc_loc12_loop6,12,ITN 0%/IRS 0%/Larvicide 0%,0;0.4;0.4_0;0;0_0;0;0_-100;2;5475_-100;2;5475_-100;2;5475,37,Prevalence,0.00601896526862521
NbyGQVwzFc_loc12_loop6,12,ITN 0%/IRS 0%/Larvicide 0%,0;0.4;0.4_0;0;0_0;0;0_-100;2;5475_-100;2;5475_-100;2;5475,37.0027397260274,Prevalence,0.00601791860570706
NbyGQVwzFc_loc12_loop6,12,ITN 0%/IRS 0%/Larvicide 0%,0;0.4;0.4_0;0;0_0;0;0_-100;2;5475_-100;2;5475_-100;2;5475,37.0054794520548,Prevalence,0.00601688517116134
NbyGQVwzFc_loc12_loop6,12,ITN 0%/IRS 0%/Larvicide 0%,0;0.4;0.4_0;0;0_0;0;0_-100;2;5475_-100;2;5475_-100;2;5475,37.0082191780822,Prevalence,0.00601586492464921
NbyGQVwzFc_loc12_loop6,12,ITN 0%/IRS 0%/Larvicide 0%,0;0.4;0.4_0;0;0_0;0;0_-100;2;5475_-100;2;5475_-100;2;5475,37.0109589041096,Prevalence,0.00601485782606265
NbyGQVwzFc_loc12_loop6,12,ITN 0%/IRS 0%/Larvicide 0%,0;0.4;0.4_0;0;0_0;0;0_-100;2;5475_-100;2;5475_-100;2;5475,37.013698630137,Prevalence,0.00601386383552292
NbyGQVwzFc_loc12_loop6,12,ITN 0%/IRS 0%/Larvicide 0%,0;0.4;0.4_0;0;0_0;0;0_-100;2;5475_-100;2;5475_-100;2;5475,37.0164383561644,Prevalence,0.00601288291337913
NbyGQVwzFc_loc12_loop6,12,ITN 0%/IRS 0%/Larvicide 0%,0;0.4;0.4_0;0;0_0;0;0_-100;2;5475_-100;2;5475_-100;2;5475,37.0191780821918,Prevalence,0.00601191502020676
NbyGQVwzFc_loc12_loop6,12,ITN 0%/IRS 0%/Larvicide 0%,0;0.4;0.4_0;0;0_0;0;0_-100;2;5475_-100;2;5475_-100;2;5475,37.0219178082192,Prevalence,0.00601096011680624
NbyGQVwzFc_loc12_loop6,12,ITN 0%/IRS 0%/Larvicide 0%,0;0.4;0.4_0;0;0_0;0;0_-100;2;5475_-100;2;5475_-100;2;5475,37.0246575342466,Prevalence,0.00601001816420145
NbyGQVwzFc_loc12_loop6,12,ITN 0%/IRS 0%/Larvicide 0%,0;0.4;0.4_0;0;0_0;0;0_-100;2;5475_-100;2;5475_-100;2;5475,37.027397260274,Prevalence,0.0060090891236384
NbyGQVwzFc_loc12_loop6,12,ITN 0%/IRS 0%/Larvicide 0%,0;0.4;0.4_0;0;0_0;0;0_-100;2;5475_-100;2;5475_-100;2;5475,37.0301369863014,Prevalence,0.00600817295658385
NbyGQVwzFc_loc12_loop6,12,ITN 0%/IRS 0%/Larvicide 0%,0;0.4;0.4_0;0;0_0;0;0_-100;2;5475_-100;2;5475_-100;2;5475,37.0328767123288,Prevalence,0.00600726962472392
NbyGQVwzFc_loc12_loop6,12,ITN 0%/IRS 0%/Larvicide 0%,0;0.4;0.4_0;0;0_0;0;0_-100;2;5475_-100;2;5475_-100;2;5475,37.0356164383562,Prevalence,0.00600637908996282
NbyGQVwzFc_loc12_loop6,12,ITN 0%/IRS 0%/Larvicide 0%,0;0.4;0.4_0;0;0_0;0;0_-100;2;5475_-100;2;5475_-100;2;5475,37.0383561643836,Prevalence,0.00600550131442028
NbyGQVwzFc_loc12_loop6,12,ITN 0%/IRS 0%/Larvicide 0%,0;0.4;0.4_0;0;0_0;0;0_-100;2;5475_-100;2;5475_-100;2;5475,37.041095890411,Prevalence,0.00600463626043216
NbyGQVwzFc_loc12_loop6,12,ITN 0%/IRS 0%/Larvicide 0%,0;0.4;0.4_0;0;0_0;0;0_-100;2;5475_-100;2;5475_-100;2;5475,37.0438356164384,Prevalence,0.00600378389054777
NbyGQVwzFc_loc12_loop6,12,ITN 0%/IRS 0%/Larvicide 0%,0;0.4;0.4_0;0;0_0;0;0_-100;2;5475_-100;2;5475_-100;2;5475,37.0465753424658,Prevalence,0.00600294416752821
NbyGQVwzFc_loc12_loop6,12,ITN 0%/IRS 0%/Larvicide 0%,0;0.4;0.4_0;0;0_0;0;0_-100;2;5475_-100;2;5475_-100;2;5475,37.0493150684932,Prevalence,0.00600211705434592
NbyGQVwzFc_loc12_loop6,12,ITN 0%/IRS 0%/Larvicide 0%,0;0.4;0.4_0;0;0_0;0;0_-100;2;5475_-100;2;5475_-100;2;5475,37.0520547945206,Prevalence,0.00600130251418306
NbyGQVwzFc_loc12_loop6,12,ITN 0%/IRS 0%/Larvicide 0%,0;0.4;0.4_0;0;0_0;0;0_-100;2;5475_-100;2;5475_-100;2;5475,37.0547945205479,Prevalence,0.00600050051042985
NbyGQVwzFc_loc12_loop6,12,ITN 0%/IRS 0%/Larvicide 0%,0;0.4;0.4_0;0;0_0;0;0_-100;2;5475_-100;2;5475_-100;2;5475,37.0575342465753,Prevalence,0.00599971100668336
NbyGQVwzFc_loc12_loop6,12,ITN 0%/IRS 0%/Larvicide 0%,0;0.4;0.4_0;0;0_0;0;0_-100;2;5475_-100;2;5475_-100;2;5475,37.0602739726027,Prevalence,0.00599893396674676
NbyGQVwzFc_loc12_loop6,12,ITN 0%/IRS 0%/Larvicide 0%,0;0.4;0.4_0;0;0_0;0;0_-100;2;5475_-100;2;5475_-100;2;5475,37.0630136986301,Prevalence,0.00599816935462727
NbyGQVwzFc_loc12_loop6,12,ITN 0%/IRS 0%/Larvicide 0%,0;0.4;0.4_0;0;0_0;0;0_-100;2;5475_-100;2;5475_-100;2;5475,37.0657534246575,Prevalence,0.00599741713453461
NbyGQVwzFc_loc12_loop6,12,ITN 0%/IRS 0%/Larvicide 0%,0;0.4;0.4_0;0;0_0;0;0_-100;2;5475_-100;2;5475_-100;2;5475,37.0684931506849,Prevalence,0.0059966772708807
NbyGQVwzFc_loc12_loop6,12,ITN 0%/IRS 0%/Larvicide 0%,0;0.4;0.4_0;0;0_0;0;0_-100;2;5475_-100;2;5475_-100;2;5475,37.0712328767123,Prevalence,0.00599594972827727
NbyGQVwzFc_loc12_loop6,12,ITN 0%/IRS 0%/Larvicide 0%,0;0.4;0.4_0;0;0_0;0;0_-100;2;5475_-100;2;5475_-100;2;5475,37.0739726027397,Prevalence,0.00599523447153765
NbyGQVwzFc_loc12_loop6,12,ITN 0%/IRS 0%/Larvicide 0%,0;0.4;0.4_0;0;0_0;0;0_-100;2;5475_-100;2;5475_-100;2;5475,37.0767123287671,Prevalence,0.00599453146567048
NbyGQVwzFc_loc12_loop6,12,ITN 0%/IRS 0%/Larvicide 0%,0;0.4;0.4_0;0;0_0;0;0_-100;2;5475_-100;2;5475_-100;2;5475,37.0794520547945,Prevalence,0.005993840675881
NbyGQVwzFc_loc12_loop6,12,ITN 0%/IRS 0%/Larvicide 0%,0;0.4;0.4_0;0;0_0;0;0_-100;2;5475_-100;2;5475_-100;2;5475,37.0821917808219,Prevalence,0.00599316206757171
NbyGQVwzFc_loc12_loop6,12,ITN 0%/IRS 0%/Larvicide 0%,0;0.4;0.4_0;0;0_0;0;0_-100;2;5475_-100;2;5475_-100;2;5475,37.0849315068493,Prevalence,0.00599249560633797
NbyGQVwzFc_loc12_loop6,12,ITN 0%/IRS 0%/Larvicide 0%,0;0.4;0.4_0;0;0_0;0;0_-100;2;5475_-100;2;5475_-100;2;5475,37.0876712328767,Prevalence,0.00599184125796766
NbyGQVwzFc_loc12_loop6,12,ITN 0%/IRS 0%/Larvicide 0%,0;0.4;0.4_0;0;0_0;0;0_-100;2;5475_-100;2;5475_-100;2;5475,37.0904109589041,Prevalence,0.00599119898843798
NbyGQVwzFc_loc12_loop6,12,ITN 0%/IRS 0%/Larvicide 0%,0;0.4;0.4_0;0;0_0;0;0_-100;2;5475_-100;2;5475_-100;2;5475,37.0931506849315,Prevalence,0.00599056876393161
NbyGQVwzFc_loc12_loop6,12,ITN 0%/IRS 0%/Larvicide 0%,0;0.4;0.4_0;0;0_0;0;0_-100;2;5475_-100;2;5475_-100;2;5475,37.0958904109589,Prevalence,0.00598995055080043
NbyGQVwzFc_loc12_loop6,12,ITN 0%/IRS 0%/Larvicide 0%,0;0.4;0.4_0;0;0_0;0;0_-100;2;5475_-100;2;5475_-100;2;5475,37.0986301369863,Prevalence,0.00598934431558626
NbyGQVwzFc_loc12_loop6,12,ITN 0%/IRS 0%/Larvicide 0%,0;0.4;0.4_0;0;0_0;0;0_-100;2;5475_-100;2;5475_-100;2;5475,37.1013698630137,Prevalence,0.00598875002503274
NbyGQVwzFc_loc12_loop6,12,ITN 0%/IRS 0%/Larvicide 0%,0;0.4;0.4_0;0;0_0;0;0_-100;2;5475_-100;2;5475_-100;2;5475,37.1041095890411,Prevalence,0.00598816764606046
NbyGQVwzFc_loc12_loop6,12,ITN 0%/IRS 0%/Larvicide 0%,0;0.4;0.4_0;0;0_0;0;0_-100;2;5475_-100;2;5475_-100;2;5475,37.1068493150685,Prevalence,0.00598759714576894
NbyGQVwzFc_loc12_loop6,12,ITN 0%/IRS 0%/Larvicide 0%,0;0.4;0.4_0;0;0_0;0;0_-100;2;5475_-100;2;5475_-100;2;5475,37.1095890410959,Prevalence,0.00598703849144957
NbyGQVwzFc_loc12_loop6,12,ITN 0%/IRS 0%/Larvicide 0%,0;0.4;0.4_0;0;0_0;0;0_-100;2;5475_-100;2;5475_-100;2;5475,37.1123287671233,Prevalence,0.00598649165057506
NbyGQVwzFc_loc12_loop6,12,ITN 0%/IRS 0%/Larvicide 0%,0;0.4;0.4_0;0;0_0;0;0_-100;2;5475_-100;2;5475_-100;2;5475,37.1150684931507,Prevalence,0.00598595659079381
NbyGQVwzFc_loc12_loop6,12,ITN 0%/IRS 0%/Larvicide 0%,0;0.4;0.4_0;0;0_0;0;0_-100;2;5475_-100;2;5475_-100;2;5475,37.1178082191781,Prevalence,0.00598543327993751
NbyGQVwzFc_loc12_loop6,12,ITN 0%/IRS 0%/Larvicide 0%,0;0.4;0.4_0;0;0_0;0;0_-100;2;5475_-100;2;5475_-100;2;5475,37.1205479452055,Prevalence,0.00598492168601812
NbyGQVwzFc_loc12_loop6,12,ITN 0%/IRS 0%/Larvicide 0%,0;0.4;0.4_0;0;0_0;0;0_-100;2;5475_-100;2;5475_-100;2;5475,37.1232876712329,Prevalence,0.005984421777222
NbyGQVwzFc_loc12_loop6,12,ITN 0%/IRS 0%/Larvicide 0%,0;0.4;0.4_0;0;0_0;0;0_-100;2;5475_-100;2;5475_-100;2;5475,37.1260273972603,Prevalence,0.00598393352191269
NbyGQVwzFc_loc12_loop6,12,ITN 0%/IRS 0%/Larvicide 0%,0;0.4;0.4_0;0;0_0;0;0_-100;2;5475_-100;2;5475_-100;2;5475,37.1287671232877,Prevalence,0.0059834568886307
NbyGQVwzFc_loc12_loop6,12,ITN 0%/IRS 0%/Larvicide 0%,0;0.4;0.4_0;0;0_0;0;0_-100;2;5475_-100;2;5475_-100;2;5475,37.1315068493151,Prevalence,0.00598299184608929
NbyGQVwzFc_loc12_loop6,12,ITN 0%/IRS 0%/Larvicide 0%,0;0.4;0.4_0;0;0_0;0;0_-100;2;5475_-100;2;5475_-100;2;5475,37.1342465753425,Prevalence,0.0059825383631746
NbyGQVwzFc_loc12_loop6,12,ITN 0%/IRS 0%/Larvicide 0%,0;0.4;0.4_0;0;0_0;0;0_-100;2;5475_-100;2;5475_-100;2;5475,37.1369863013699,Prevalence,0.00598209640894583
NbyGQVwzFc_loc12_loop6,12,ITN 0%/IRS 0%/Larvicide 0%,0;0.4;0.4_0;0;0_0;0;0_-100;2;5475_-100;2;5475_-100;2;5475,37.1397260273973,Prevalence,0.00598166595263262
NbyGQVwzFc_loc12_loop6,12,ITN 0%/IRS 0%/Larvicide 0%,0;0.4;0.4_0;0;0_0;0;0_-100;2;5475_-100;2;5475_-100;2;5475,37.1424657534247,Prevalence,0.00598124696363407
NbyGQVwzFc_loc12_loop6,12,ITN 0%/IRS 0%/Larvicide 0%,0;0.4;0.4_0;0;0_0;0;0_-100;2;5475_-100;2;5475_-100;2;5475,37.1452054794521,Prevalence,0.00598083941151851
NbyGQVwzFc_loc12_loop6,12,ITN 0%/IRS 0%/Larvicide 0%,0;0.4;0.4_0;0;0_0;0;0_-100;2;5475_-100;2;5475_-100;2;5475,37.1479452054795,Prevalence,0.005980443266022
NbyGQVwzFc_loc12_loop6,12,ITN 0%/IRS 0%/Larvicide 0%,0;0.4;0.4_0;0;0_0;0;0_-100;2;5475_-100;2;5475_-100;2;5475,37.1506849315069,Prevalence,0.0059800584970472
NbyGQVwzFc_loc12_loop6,12,ITN 0%/IRS 0%/Larvicide 0%,0;0.4;0.4_0;0;0_0;0;0_-100;2;5475_-100;2;5475_-100;2;5475,37.1534246575343,Prevalence,0.00597968507466241
NbyGQVwzFc_loc12_loop6,12,ITN 0%/IRS 0%/Larvicide 0%,0;0.4;0.4_0;0;0_0;0;0_-100;2;5475_-100;2;5475_-100;2;5475,37.1561643835616,Prevalence,0.00597932296910057
NbyGQVwzFc_loc12_loop6,12,ITN 0%/IRS 0%/Larvicide 0%,0;0.4;0.4_0;0;0_0;0;0_-100;2;5475_-100;2;5475_-100;2;5475,37.158904109589,Prevalence,0.00597897215075791
NbyGQVwzFc_loc12_loop6,12,ITN 0%/IRS 0%/Larvicide 0%,0;0.4;0.4_0;0;0_0;0;0_-100;2;5475_-100;2;5475_-100;2;5475,37.1616438356164,Prevalence,0.00597863259019314
NbyGQVwzFc_loc12_loop6,12,ITN 0%/IRS 0%/Larvicide 0%,0;0.4;0.4_0;0;0_0;0;0_-100;2;5475_-100;2;5475_-100;2;5475,37.1643835616438,Prevalence,0.00597830425812648
NbyGQVwzFc_loc12_loop6,12,ITN 0%/IRS 0%/Larvicide 0%,0;0.4;0.4_0;0;0_0;0;0_-100;2;5475_-100;2;5475_-100;2;5475,37.1671232876712,Prevalence,0.00597798712543848
NbyGQVwzFc_loc12_loop6,12,ITN 0%/IRS 0%/Larvicide 0%,0;0.4;0.4_0;0;0_0;0;0_-100;2;5475_-100;2;5475_-100;2;5475,37.1698630136986,Prevalence,0.00597768116316902
NbyGQVwzFc_loc12_loop6,12,ITN 0%/IRS 0%/Larvicide 0%,0;0.4;0.4_0;0;0_0;0;0_-100;2;5475_-100;2;5475_-100;2;5475,37.172602739726,Prevalence,0.00597738634251646
NbyGQVwzFc_loc12_loop6,12,ITN 0%/IRS 0%/Larvicide 0%,0;0.4;0.4_0;0;0_0;0;0_-100;2;5475_-100;2;5475_-100;2;5475,37.1753424657534,Prevalence,0.00597710263483648
NbyGQVwzFc_loc12_loop6,12,ITN 0%/IRS 0%/Larvicide 0%,0;0.4;0.4_0;0;0_0;0;0_-100;2;5475_-100;2;5475_-100;2;5475,37.1780821917808,Prevalence,0.00597683001164112
NbyGQVwzFc_loc12_loop6,12,ITN 0%/IRS 0%/Larvicide 0%,0;0.4;0.4_0;0;0_0;0;0_-100;2;5475_-100;2;5475_-100;2;5475,37.1808219178082,Prevalence,0.00597656844459783
NbyGQVwzFc_loc12_loop6,12,ITN 0%/IRS 0%/Larvicide 0%,0;0.4;0.4_0;0;0_0;0;0_-100;2;5475_-100;2;5475_-100;2;5475,37.1835616438356,Prevalence,0.00597631790552848
NbyGQVwzFc_loc12_loop6,12,ITN 0%/IRS 0%/Larvicide 0%,0;0.4;0.4_0;0;0_0;0;0_-100;2;5475_-100;2;5475_-100;2;5475,37.186301369863,Prevalence,0.00597607836640836
NbyGQVwzFc_loc12_loop6,12,ITN 0%/IRS 0%/Larvicide 0%,0;0.4;0.4_0;0;0_0;0;0_-100;2;5475_-100;2;5475_-100;2;5475,37.1890410958904,Prevalence,0.00597584979936522
NbyGQVwzFc_loc12_loop6,12,ITN 0%/IRS 0%/Larvicide 0%,0;0.4;0.4_0;0;0_0;0;0_-100;2;5475_-100;2;5475_-100;2;5475,37.1917808219178,Prevalence,0.00597563217667831
NbyGQVwzFc_loc12_loop6,12,ITN 0%/IRS 0%/Larvicide 0%,0;0.4;0.4_0;0;0_0;0;0_-100;2;5475_-100;2;5475_-100;2;5475,37.1945205479452,Prevalence,0.00597542547077744
NbyGQVwzFc_loc12_loop6,12,ITN 0%/IRS 0%/Larvicide 0%,0;0.4;0.4_0;0;0_0;0;0_-100;2;5475_-100;2;5475_-100;2;5475,37.1972602739726,Prevalence,0.005975229654242
NbyGQVwzFc_loc12_loop6,12,ITN 0%/IRS 0%/Larvicide 0%,0;0.4;0.4_0;0;0_0;0;0_-100;2;5475_-100;2;5475_-100;2;5475,37.2,Prevalence,0.00597504469980002
NbyGQVwzFc_loc12_loop6,12,ITN 0%/IRS 0%/Larvicide 0%,0;0.4;0.4_0;0;0_0;0;0_-100;2;5475_-100;2;5475_-100;2;5475,37.2027397260274,Prevalence,0.00597487058032726
NbyGQVwzFc_loc12_loop6,12,ITN 0%/IRS 0%/Larvicide 0%,0;0.4;0.4_0;0;0_0;0;0_-100;2;5475_-100;2;5475_-100;2;5475,37.2054794520548,Prevalence,0.00597470726884626
NbyGQVwzFc_loc12_loop6,12,ITN 0%/IRS 0%/Larvicide 0%,0;0.4;0.4_0;0;0_0;0;0_-100;2;5475_-100;2;5475_-100;2;5475,37.2082191780822,Prevalence,0.00597455473852539
NbyGQVwzFc_loc12_loop6,12,ITN 0%/IRS 0%/Larvicide 0%,0;0.4;0.4_0;0;0_0;0;0_-100;2;5475_-100;2;5475_-100;2;5475,37.2109589041096,Prevalence,0.00597441296267818
NbyGQVwzFc_loc12_loop6,12,ITN 0%/IRS 0%/Larvicide 0%,0;0.4;0.4_0;0;0_0;0;0_-100;2;5475_-100;2;5475_-100;2;5475,37.213698630137,Prevalence,0.00597428191476226
NbyGQVwzFc_loc12_loop6,12,ITN 0%/IRS 0%/Larvicide 0%,0;0.4;0.4_0;0;0_0;0;0_-100;2;5475_-100;2;5475_-100;2;5475,37.2164383561644,Prevalence,0.00597416156837831
NbyGQVwzFc_loc12_loop6,12,ITN 0%/IRS 0%/Larvicide 0%,0;0.4;0.4_0;0;0_0;0;0_-100;2;5475_-100;2;5475_-100;2;5475,37.2191780821918,Prevalence,0.00597405189726918
NbyGQVwzFc_loc12_loop6,12,ITN 0%/IRS 0%/Larvicide 0%,0;0.4;0.4_0;0;0_0;0;0_-100;2;5475_-100;2;5475_-100;2;5475,37.2219178082192,Prevalence,0.00597395287531906
NbyGQVwzFc_loc12_loop6,12,ITN 0%/IRS 0%/Larvicide 0%,0;0.4;0.4_0;0;0_0;0;0_-100;2;5475_-100;2;5475_-100;2;5475,37.2246575342466,Prevalence,0.00597386447655252
NbyGQVwzFc_loc12_loop6,12,ITN 0%/IRS 0%/Larvicide 0%,0;0.4;0.4_0;0;0_0;0;0_-100;2;5475_-100;2;5475_-100;2;5475,37.227397260274,Prevalence,0.0059737866751337
NbyGQVwzFc_loc12_loop6,12,ITN 0%/IRS 0%/Larvicide 0%,0;0.4;0.4_0;0;0_0;0;0_-100;2;5475_-100;2;5475_-100;2;5475,37.2301369863014,Prevalence,0.00597371944536538
NbyGQVwzFc_loc12_loop6,12,ITN 0%/IRS 0%/Larvicide 0%,0;0.4;0.4_0;0;0_0;0;0_-100;2;5475_-100;2;5475_-100;2;5475,37.2328767123288,Prevalence,0.00597366276168813
NbyGQVwzFc_loc12_loop6,12,ITN 0%/IRS 0%/Larvicide 0%,0;0.4;0.4_0;0;0_0;0;0_-100;2;5475_-100;2;5475_-100;2;5475,37.2356164383562,Prevalence,0.00597361659867939
NbyGQVwzFc_loc12_loop6,12,ITN 0%/IRS 0%/Larvicide 0%,0;0.4;0.4_0;0;0_0;0;0_-100;2;5475_-100;2;5475_-100;2;5475,37.2383561643836,Prevalence,0.00597358093105271
NbyGQVwzFc_loc12_loop6,12,ITN 0%/IRS 0%/Larvicide 0%,0;0.4;0.4_0;0;0_0;0;0_-100;2;5475_-100;2;5475_-100;2;5475,37.241095890411,Prevalence,0.0059735557336568
NbyGQVwzFc_loc12_loop6,12,ITN 0%/IRS 0%/Larvicide 0%,0;0.4;0.4_0;0;0_0;0;0_-100;2;5475_-100;2;5475_-100;2;5475,37.2438356164384,Prevalence,0.0059735409814747
NbyGQVwzFc_loc12_loop6,12,ITN 0%/IRS 0%/Larvicide 0%,0;0.4;0.4_0;0;0_0;0;0_-100;2;5475_-100;2;5475_-100;2;5475,37.2465753424658,Prevalence,0.00597353664962297
NbyGQVwzFc_loc12_loop6,12,ITN 0%/IRS 0%/Larvicide 0%,0;0.4;0.4_0;0;0_0;0;0_-100;2;5475_-100;2;5475_-100;2;5475,37.2493150684932,Prevalence,0.00597354271335082
NbyGQVwzFc_loc12_loop6,12,ITN 0%/IRS 0%/Larvicide 0%,0;0.4;0.4_0;0;0_0;0;0_-100;2;5475_-100;2;5475_-100;2;5475,37.2520547945206,Prevalence,0.00597355914803927
NbyGQVwzFc_loc12_loop6,12,ITN 0%/IRS 0%/Larvicide 0%,0;0.4;0.4_0;0;0_0;0;0_-100;2;5475_-100;2;5475_-100;2;5475,37.254794520548,Prevalence,0.00597358592920032
NbyGQVwzFc_loc12_loop6,12,ITN 0%/IRS 0%/Larvicide 0%,0;0.4;0.4_0;0;0_0;0;0_-100;2;5475_-100;2;5475_-100;2;5475,37.2575342465753,Prevalence,0.00597362303247618
NbyGQVwzFc_loc12_loop6,12,ITN 0%/IRS 0%/Larvicide 0%,0;0.4;0.4_0;0;0_0;0;0_-100;2;5475_-100;2;5475_-100;2;5475,37.2602739726027,Prevalence,0.00597367043363834
NbyGQVwzFc_loc12_loop6,12,ITN 0%/IRS 0%/Larvicide 0%,0;0.4;0.4_0;0;0_0;0;0_-100;2;5475_-100;2;5475_-100;2;5475,37.2630136986301,Prevalence,0.00597372810858687
NbyGQVwzFc_loc12_loop6,12,ITN 0%/IRS 0%/Larvicide 0%,0;0.4;0.4_0;0;0_0;0;0_-100;2;5475_-100;2;5475_-100;2;5475,37.2657534246575,Prevalence,0.00597379603334956
NbyGQVwzFc_loc12_loop6,12,ITN 0%/IRS 0%/Larvicide 0%,0;0.4;0.4_0;0;0_0;0;0_-100;2;5475_-100;2;5475_-100;2;5475,37.2684931506849,Prevalence,0.00597387418408109
NbyGQVwzFc_loc12_loop6,12,ITN 0%/IRS 0%/Larvicide 0%,0;0.4;0.4_0;0;0_0;0;0_-100;2;5475_-100;2;5475_-100;2;5475,37.2712328767123,Prevalence,0.00597396253706228
NbyGQVwzFc_loc12_loop6,12,ITN 0%/IRS 0%/Larvicide 0%,0;0.4;0.4_0;0;0_0;0;0_-100;2;5475_-100;2;5475_-100;2;5475,37.2739726027397,Prevalence,0.00597406106869941
NbyGQVwzFc_loc12_loop6,12,ITN 0%/IRS 0%/Larvicide 0%,0;0.4;0.4_0;0;0_0;0;0_-100;2;5475_-100;2;5475_-100;2;5475,37.2767123287671,Prevalence,0.00597416975552348
NbyGQVwzFc_loc12_loop6,12,ITN 0%/IRS 0%/Larvicide 0%,0;0.4;0.4_0;0;0_0;0;0_-100;2;5475_-100;2;5475_-100;2;5475,37.2794520547945,Prevalence,0.00597428857418915
NbyGQVwzFc_loc12_loop6,12,ITN 0%/IRS 0%/Larvicide 0%,0;0.4;0.4_0;0;0_0;0;0_-100;2;5475_-100;2;5475_-100;2;5475,37.2821917808219,Prevalence,0.00597441750147399
NbyGQVwzFc_loc12_loop6,12,ITN 0%/IRS 0%/Larvicide 0%,0;0.4;0.4_0;0;0_0;0;0_-100;2;5475_-100;2;5475_-100;2;5475,37.2849315068493,Prevalence,0.0059745565142778
NbyGQVwzFc_loc12_loop6,12,ITN 0%/IRS 0%/Larvicide 0%,0;0.4;0.4_0;0;0_0;0;0_-100;2;5475_-100;2;5475_-100;2;5475,37.2876712328767,Prevalence,0.00597470558962182
NbyGQVwzFc_loc12_loop6,12,ITN 0%/IRS 0%/Larvicide 0%,0;0.4;0.4_0;0;0_0;0;0_-100;2;5475_-100;2;5475_-100;2;5475,37.2904109589041,Prevalence,0.00597486470464794
NbyGQVwzFc_loc12_loop6,12,ITN 0%/IRS 0%/Larvicide 0%,0;0.4;0.4_0;0;0_0;0;0_-100;2;5475_-100;2;5475_-100;2;5475,37.2931506849315,Prevalence,0.00597503383661796
NbyGQVwzFc_loc12_loop6,12,ITN 0%/IRS 0%/Larvicide 0%,0;0.4;0.4_0;0;0_0;0;0_-100;2;5475_-100;2;5475_-100;2;5475,37.2958904109589,Prevalence,0.00597521296291285
NbyGQVwzFc_loc12_loop6,12,ITN 0%/IRS 0%/Larvicide 0%,0;0.4;0.4_0;0;0_0;0;0_-100;2;5475_-100;2;5475_-100;2;5475,37.2986301369863,Prevalence,0.00597540206103196
NbyGQVwzFc_loc12_loop6,12,ITN 0%/IRS 0%/Larvicide 0%,0;0.4;0.4_0;0;0_0;0;0_-100;2;5475_-100;2;5475_-100;2;5475,37.3013698630137,Prevalence,0.00597560110859233
NbyGQVwzFc_loc12_loop6,12,ITN 0%/IRS 0%/Larvicide 0%,0;0.4;0.4_0;0;0_0;0;0_-100;2;5475_-100;2;5475_-100;2;5475,37.3041095890411,Prevalence,0.0059758100833279
NbyGQVwzFc_loc12_loop6,12,ITN 0%/IRS 0%/Larvicide 0%,0;0.4;0.4_0;0;0_0;0;0_-100;2;5475_-100;2;5475_-100;2;5475,37.3068493150685,Prevalence,0.00597602896308882
NbyGQVwzFc_loc12_loop6,12,ITN 0%/IRS 0%/Larvicide 0%,0;0.4;0.4_0;0;0_0;0;0_-100;2;5475_-100;2;5475_-100;2;5475,37.3095890410959,Prevalence,0.00597625772584067
NbyGQVwzFc_loc12_loop6,12,ITN 0%/IRS 0%/Larvicide 0%,0;0.4;0.4_0;0;0_0;0;0_-100;2;5475_-100;2;5475_-100;2;5475,37.3123287671233,Prevalence,0.00597649634966377
NbyGQVwzFc_loc12_loop6,12,ITN 0%/IRS 0%/Larvicide 0%,0;0.4;0.4_0;0;0_0;0;0_-100;2;5475_-100;2;5475_-100;2;5475,37.3150684931507,Prevalence,0.00597674481275247
NbyGQVwzFc_loc12_loop6,12,ITN 0%/IRS 0%/Larvicide 0%,0;0.4;0.4_0;0;0_0;0;0_-100;2;5475_-100;2;5475_-100;2;5475,37.3178082191781,Prevalence,0.00597700309341439
NbyGQVwzFc_loc12_loop6,12,ITN 0%/IRS 0%/Larvicide 0%,0;0.4;0.4_0;0;0_0;0;0_-100;2;5475_-100;2;5475_-100;2;5475,37.3205479452055,Prevalence,0.00597727117006973
NbyGQVwzFc_loc12_loop6,12,ITN 0%/IRS 0%/Larvicide 0%,0;0.4;0.4_0;0;0_0;0;0_-100;2;5475_-100;2;5475_-100;2;5475,37.3232876712329,Prevalence,0.00597754902125059
NbyGQVwzFc_loc12_loop6,12,ITN 0%/IRS 0%/Larvicide 0%,0;0.4;0.4_0;0;0_0;0;0_-100;2;5475_-100;2;5475_-100;2;5475,37.3260273972603,Prevalence,0.00597783662560021
NbyGQVwzFc_loc12_loop6,12,ITN 0%/IRS 0%/Larvicide 0%,0;0.4;0.4_0;0;0_0;0;0_-100;2;5475_-100;2;5475_-100;2;5475,37.3287671232877,Prevalence,0.00597813396187232
NbyGQVwzFc_loc12_loop6,12,ITN 0%/IRS 0%/Larvicide 0%,0;0.4;0.4_0;0;0_0;0;0_-100;2;5475_-100;2;5475_-100;2;5475,37.3315068493151,Prevalence,0.00597844100893042
NbyGQVwzFc_loc12_loop6,12,ITN 0%/IRS 0%/Larvicide 0%,0;0.4;0.4_0;0;0_0;0;0_-100;2;5475_-100;2;5475_-100;2;5475,37.3342465753425,Prevalence,0.00597875774574711
NbyGQVwzFc_loc12_loop6,12,ITN 0%/IRS 0%/Larvicide 0%,0;0.4;0.4_0;0;0_0;0;0_-100;2;5475_-100;2;5475_-100;2;5475,37.3369863013699,Prevalence,0.00597908415140338
NbyGQVwzFc_loc12_loop6,12,ITN 0%/IRS 0%/Larvicide 0%,0;0.4;0.4_0;0;0_0;0;0_-100;2;5475_-100;2;5475_-100;2;5475,37.3397260273973,Prevalence,0.00597942020508809
NbyGQVwzFc_loc12_loop6,12,ITN 0%/IRS 0%/Larvicide 0%,0;0.4;0.4_0;0;0_0;0;0_-100;2;5475_-100;2;5475_-100;2;5475,37.3424657534247,Prevalence,0.00597976588609734
NbyGQVwzFc_loc12_loop6,12,ITN 0%/IRS 0%/Larvicide 0%,0;0.4;0.4_0;0;0_0;0;0_-100;2;5475_-100;2;5475_-100;2;5475,37.3452054794521,Prevalence,0.00598012117383341
NbyGQVwzFc_loc12_loop6,12,ITN 0%/IRS 0%/Larvicide 0%,0;0.4;0.4_0;0;0_0;0;0_-100;2;5475_-100;2;5475_-100;2;5475,37.3479452054795,Prevalence,0.00598048604780428
NbyGQVwzFc_loc12_loop6,12,ITN 0%/IRS 0%/Larvicide 0%,0;0.4;0.4_0;0;0_0;0;0_-100;2;5475_-100;2;5475_-100;2;5475,37.3506849315069,Prevalence,0.00598086048762298
NbyGQVwzFc_loc12_loop6,12,ITN 0%/IRS 0%/Larvicide 0%,0;0.4;0.4_0;0;0_0;0;0_-100;2;5475_-100;2;5475_-100;2;5475,37.3534246575343,Prevalence,0.00598124447300688
NbyGQVwzFc_loc12_loop6,12,ITN 0%/IRS 0%/Larvicide 0%,0;0.4;0.4_0;0;0_0;0;0_-100;2;5475_-100;2;5475_-100;2;5475,37.3561643835616,Prevalence,0.0059816379837771
NbyGQVwzFc_loc12_loop6,12,ITN 0%/IRS 0%/Larvicide 0%,0;0.4;0.4_0;0;0_0;0;0_-100;2;5475_-100;2;5475_-100;2;5475,37.358904109589,Prevalence,0.00598204099985781
NbyGQVwzFc_loc12_loop6,12,ITN 0%/IRS 0%/Larvicide 0%,0;0.4;0.4_0;0;0_0;0;0_-100;2;5475_-100;2;5475_-100;2;5475,37.3616438356164,Prevalence,0.00598245350127561
NbyGQVwzFc_loc12_loop6,12,ITN 0%/IRS 0%/Larvicide 0%,0;0.4;0.4_0;0;0_0;0;0_-100;2;5475_-100;2;5475_-100;2;5475,37.3643835616438,Prevalence,0.00598287546815888
NbyGQVwzFc_loc12_loop6,12,ITN 0%/IRS 0%/Larvicide 0%,0;0.4;0.4_0;0;0_0;0;0_-100;2;5475_-100;2;5475_-100;2;5475,37.3671232876712,Prevalence,0.00598330688073713
NbyGQVwzFc_loc12_loop6,12,ITN 0%/IRS 0%/Larvicide 0%,0;0.4;0.4_0;0;0_0;0;0_-100;2;5475_-100;2;5475_-100;2;5475,37.3698630136986,Prevalence,0.00598374771934034
NbyGQVwzFc_loc12_loop6,12,ITN 0%/IRS 0%/Larvicide 0%,0;0.4;0.4_0;0;0_0;0;0_-100;2;5475_-100;2;5475_-100;2;5475,37.372602739726,Prevalence,0.00598419796439842
NbyGQVwzFc_loc12_loop6,12,ITN 0%/IRS 0%/Larvicide 0%,0;0.4;0.4_0;0;0_0;0;0_-100;2;5475_-100;2;5475_-100;2;5475,37.3753424657534,Prevalence,0.00598465759644047
NbyGQVwzFc_loc12_loop6,12,ITN 0%/IRS 0%/Larvicide 0%,0;0.4;0.4_0;0;0_0;0;0_-100;2;5475_-100;2;5475_-100;2;5475,37.3780821917808,Prevalence,0.00598512659609423
NbyGQVwzFc_loc12_loop6,12,ITN 0%/IRS 0%/Larvicide 0%,0;0.4;0.4_0;0;0_0;0;0_-100;2;5475_-100;2;5475_-100;2;5475,37.3808219178082,Prevalence,0.00598560494408544
NbyGQVwzFc_loc12_loop6,12,ITN 0%/IRS 0%/Larvicide 0%,0;0.4;0.4_0;0;0_0;0;0_-100;2;5475_-100;2;5475_-100;2;5475,37.3835616438356,Prevalence,0.00598609262123721
NbyGQVwzFc_loc12_loop6,12,ITN 0%/IRS 0%/Larvicide 0%,0;0.4;0.4_0;0;0_0;0;0_-100;2;5475_-100;2;5475_-100;2;5475,37.386301369863,Prevalence,0.00598658960846942
NbyGQVwzFc_loc12_loop6,12,ITN 0%/IRS 0%/Larvicide 0%,0;0.4;0.4_0;0;0_0;0;0_-100;2;5475_-100;2;5475_-100;2;5475,37.3890410958904,Prevalence,0.0059870958867981
NbyGQVwzFc_loc12_loop6,12,ITN 0%/IRS 0%/Larvicide 0%,0;0.4;0.4_0;0;0_0;0;0_-100;2;5475_-100;2;5475_-100;2;5475,37.3917808219178,Prevalence,0.00598761143733489
NbyGQVwzFc_loc12_loop6,12,ITN 0%/IRS 0%/Larvicide 0%,0;0.4;0.4_0;0;0_0;0;0_-100;2;5475_-100;2;5475_-100;2;5475,37.3945205479452,Prevalence,0.00598813624128631
NbyGQVwzFc_loc12_loop6,12,ITN 0%/IRS 0%/Larvicide 0%,0;0.4;0.4_0;0;0_0;0;0_-100;2;5475_-100;2;5475_-100;2;5475,37.3972602739726,Prevalence,0.00598867027995328
NbyGQVwzFc_loc12_loop6,12,ITN 0%/IRS 0%/Larvicide 0%,0;0.4;0.4_0;0;0_0;0;0_-100;2;5475_-100;2;5475_-100;2;5475,37.4,Prevalence,0.00598921353473049
NbyGQVwzFc_loc12_loop6,12,ITN 0%/IRS 0%/Larvicide 0%,0;0.4;0.4_0;0;0_0;0;0_-100;2;5475_-100;2;5475_-100;2;5475,37.4027397260274,Prevalence,0.00598976598710577
NbyGQVwzFc_loc12_loop6,12,ITN 0%/IRS 0%/Larvicide 0%,0;0.4;0.4_0;0;0_0;0;0_-100;2;5475_-100;2;5475_-100;2;5475,37.4054794520548,Prevalence,0.00599032761865961
NbyGQVwzFc_loc12_loop6,12,ITN 0%/IRS 0%/Larvicide 0%,0;0.4;0.4_0;0;0_0;0;0_-100;2;5475_-100;2;5475_-100;2;5475,37.4082191780822,Prevalence,0.00599089841106472
NbyGQVwzFc_loc12_loop6,12,ITN 0%/IRS 0%/Larvicide 0%,0;0.4;0.4_0;0;0_0;0;0_-100;2;5475_-100;2;5475_-100;2;5475,37.4109589041096,Prevalence,0.00599147834608521
NbyGQVwzFc_loc12_loop6,12,ITN 0%/IRS 0%/Larvicide 0%,0;0.4;0.4_0;0;0_0;0;0_-100;2;5475_-100;2;5475_-100;2;5475,37.413698630137,Prevalence,0.00599206740557591
NbyGQVwzFc_loc12_loop6,12,ITN 0%/IRS 0%/Larvicide 0%,0;0.4;0.4_0;0;0_0;0;0_-100;2;5475_-100;2;5475_-100;2;5475,37.4164383561644,Prevalence,0.00599266557148196
NbyGQVwzFc_loc12_loop6,12,ITN 0%/IRS 0%/Larvicide 0%,0;0.4;0.4_0;0;0_0;0;0_-100;2;5475_-100;2;5475_-100;2;5475,37.4191780821918,Prevalence,0.00599327282583817
NbyGQVwzFc_loc12_loop6,12,ITN 0%/IRS 0%/Larvicide 0%,0;0.4;0.4_0;0;0_0;0;0_-100;2;5475_-100;2;5475_-100;2;5475,37.4219178082192,Prevalence,0.00599388915076851
NbyGQVwzFc_loc12_loop6,12,ITN 0%/IRS 0%/Larvicide 0%,0;0.4;0.4_0;0;0_0;0;0_-100;2;5475_-100;2;5475_-100;2;5475,37.4246575342466,Prevalence,0.00599451452848554
NbyGQVwzFc_loc12_loop6,12,ITN 0%/IRS 0%/Larvicide 0%,0;0.4;0.4_0;0;0_0;0;0_-100;2;5475_-100;2;5475_-100;2;5475,37.427397260274,Prevalence,0.00599514894128983
NbyGQVwzFc_loc12_loop6,12,ITN 0%/IRS 0%/Larvicide 0%,0;0.4;0.4_0;0;0_0;0;0_-100;2;5475_-100;2;5475_-100;2;5475,37.4301369863014,Prevalence,0.00599579237156943
NbyGQVwzFc_loc12_loop6,12,ITN 0%/IRS 0%/Larvicide 0%,0;0.4;0.4_0;0;0_0;0;0_-100;2;5475_-100;2;5475_-100;2;5475,37.4328767123288,Prevalence,0.0059964448017993
NbyGQVwzFc_loc12_loop6,12,ITN 0%/IRS 0%/Larvicide 0%,0;0.4;0.4_0;0;0_0;0;0_-100;2;5475_-100;2;5475_-100;2;5475,37.4356164383562,Prevalence,0.00599710621454078
NbyGQVwzFc_loc12_loop6,12,ITN 0%/IRS 0%/Larvicide 0%,0;0.4;0.4_0;0;0_0;0;0_-100;2;5475_-100;2;5475_-100;2;5475,37.4383561643836,Prevalence,0.00599777659244103
NbyGQVwzFc_loc12_loop6,12,ITN 0%/IRS 0%/Larvicide 0%,0;0.4;0.4_0;0;0_0;0;0_-100;2;5475_-100;2;5475_-100;2;5475,37.441095890411,Prevalence,0.00599845591823251
NbyGQVwzFc_loc12_loop6,12,ITN 0%/IRS 0%/Larvicide 0%,0;0.4;0.4_0;0;0_0;0;0_-100;2;5475_-100;2;5475_-100;2;5475,37.4438356164384,Prevalence,0.00599914417473243
NbyGQVwzFc_loc12_loop6,12,ITN 0%/IRS 0%/Larvicide 0%,0;0.4;0.4_0;0;0_0;0;0_-100;2;5475_-100;2;5475_-100;2;5475,37.4465753424658,Prevalence,0.00599984134484218
NbyGQVwzFc_loc12_loop6,12,ITN 0%/IRS 0%/Larvicide 0%,0;0.4;0.4_0;0;0_0;0;0_-100;2;5475_-100;2;5475_-100;2;5475,37.4493150684932,Prevalence,0.00600054741154689
NbyGQVwzFc_loc12_loop6,12,ITN 0%/IRS 0%/Larvicide 0%,0;0.4;0.4_0;0;0_0;0;0_-100;2;5475_-100;2;5475_-100;2;5475,37.4520547945206,Prevalence,0.00600126235791479
NbyGQVwzFc_loc12_loop6,12,ITN 0%/IRS 0%/Larvicide 0%,0;0.4;0.4_0;0;0_0;0;0_-100;2;5475_-100;2;5475_-100;2;5475,37.4547945205479,Prevalence,0.00600198616709679
NbyGQVwzFc_loc12_loop6,12,ITN 0%/IRS 0%/Larvicide 0%,0;0.4;0.4_0;0;0_0;0;0_-100;2;5475_-100;2;5475_-100;2;5475,37.4575342465753,Prevalence,0.00600271882232588
NbyGQVwzFc_loc12_loop6,12,ITN 0%/IRS 0%/Larvicide 0%,0;0.4;0.4_0;0;0_0;0;0_-100;2;5475_-100;2;5475_-100;2;5475,37.4602739726027,Prevalence,0.00600346030691667
NbyGQVwzFc_loc12_loop6,12,ITN 0%/IRS 0%/Larvicide 0%,0;0.4;0.4_0;0;0_0;0;0_-100;2;5475_-100;2;5475_-100;2;5475,37.4630136986301,Prevalence,0.00600421060426482
NbyGQVwzFc_loc12_loop6,12,ITN 0%/IRS 0%/Larvicide 0%,0;0.4;0.4_0;0;0_0;0;0_-100;2;5475_-100;2;5475_-100;2;5475,37.4657534246575,Prevalence,0.00600496969784657
NbyGQVwzFc_loc12_loop6,12,ITN 0%/IRS 0%/Larvicide 0%,0;0.4;0.4_0;0;0_0;0;0_-100;2;5475_-100;2;5475_-100;2;5475,37.4684931506849,Prevalence,0.00600573757121823
NbyGQVwzFc_loc12_loop6,12,ITN 0%/IRS 0%/Larvicide 0%,0;0.4;0.4_0;0;0_0;0;0_-100;2;5475_-100;2;5475_-100;2;5475,37.4712328767123,Prevalence,0.00600651420801564
NbyGQVwzFc_loc12_loop6,12,ITN 0%/IRS 0%/Larvicide 0%,0;0.4;0.4_0;0;0_0;0;0_-100;2;5475_-100;2;5475_-100;2;5475,37.4739726027397,Prevalence,0.00600729959195371
NbyGQVwzFc_loc12_loop6,12,ITN 0%/IRS 0%/Larvicide 0%,0;0.4;0.4_0;0;0_0;0;0_-100;2;5475_-100;2;5475_-100;2;5475,37.4767123287671,Prevalence,0.00600809370682606
NbyGQVwzFc_loc12_loop6,12,ITN 0%/IRS 0%/Larvicide 0%,0;0.4;0.4_0;0;0_0;0;0_-100;2;5475_-100;2;5475_-100;2;5475,37.4794520547945,Prevalence,0.00600889653650449
NbyGQVwzFc_loc12_loop6,12,ITN 0%/IRS 0%/Larvicide 0%,0;0.4;0.4_0;0;0_0;0;0_-100;2;5475_-100;2;5475_-100;2;5475,37.4821917808219,Prevalence,0.00600970806493818
NbyGQVwzFc_loc12_loop6,12,ITN 0%/IRS 0%/Larvicide 0%,0;0.4;0.4_0;0;0_0;0;0_-100;2;5475_-100;2;5475_-100;2;5475,37.4849315068493,Prevalence,0.00601052827615332
NbyGQVwzFc_loc12_loop6,12,ITN 0%/IRS 0%/Larvicide 0%,0;0.4;0.4_0;0;0_0;0;0_-100;2;5475_-100;2;5475_-100;2;5475,37.4876712328767,Prevalence,0.00601135715425275
NbyGQVwzFc_loc12_loop6,12,ITN 0%/IRS 0%/Larvicide 0%,0;0.4;0.4_0;0;0_0;0;0_-100;2;5475_-100;2;5475_-100;2;5475,37.4904109589041,Prevalence,0.00601219468341534
NbyGQVwzFc_loc12_loop6,12,ITN 0%/IRS 0%/Larvicide 0%,0;0.4;0.4_0;0;0_0;0;0_-100;2;5475_-100;2;5475_-100;2;5475,37.4931506849315,Prevalence,0.00601304084789561
NbyGQVwzFc_loc12_loop6,12,ITN 0%/IRS 0%/Larvicide 0%,0;0.4;0.4_0;0;0_0;0;0_-100;2;5475_-100;2;5475_-100;2;5475,37.4958904109589,Prevalence,0.00601389563202321
NbyGQVwzFc_loc12_loop6,12,ITN 0%/IRS 0%/Larvicide 0%,0;0.4;0.4_0;0;0_0;0;0_-100;2;5475_-100;2;5475_-100;2;5475,37.4986301369863,Prevalence,0.00601475902020245
NbyGQVwzFc_loc12_loop6,12,ITN 0%/IRS 0%/Larvicide 0%,0;0.4;0.4_0;0;0_0;0;0_-100;2;5475_-100;2;5475_-100;2;5475,37.5013698630137,Prevalence,0.00601563099691182
NbyGQVwzFc_loc12_loop6,12,ITN 0%/IRS 0%/Larvicide 0%,0;0.4;0.4_0;0;0_0;0;0_-100;2;5475_-100;2;5475_-100;2;5475,37.5041095890411,Prevalence,0.00601651154670354
NbyGQVwzFc_loc12_loop6,12,ITN 0%/IRS 0%/Larvicide 0%,0;0.4;0.4_0;0;0_0;0;0_-100;2;5475_-100;2;5475_-100;2;5475,37.5068493150685,Prevalence,0.00601740065420308
NbyGQVwzFc_loc12_loop6,12,ITN 0%/IRS 0%/Larvicide 0%,0;0.4;0.4_0;0;0_0;0;0_-100;2;5475_-100;2;5475_-100;2;5475,37.5095890410959,Prevalence,0.00601829830410867
NbyGQVwzFc_loc12_loop6,12,ITN 0%/IRS 0%/Larvicide 0%,0;0.4;0.4_0;0;0_0;0;0_-100;2;5475_-100;2;5475_-100;2;5475,37.5123287671233,Prevalence,0.00601920448119092
NbyGQVwzFc_loc12_loop6,12,ITN 0%/IRS 0%/Larvicide 0%,0;0.4;0.4_0;0;0_0;0;0_-100;2;5475_-100;2;5475_-100;2;5475,37.5150684931507,Prevalence,0.00602011917029225
NbyGQVwzFc_loc12_loop6,12,ITN 0%/IRS 0%/Larvicide 0%,0;0.4;0.4_0;0;0_0;0;0_-100;2;5475_-100;2;5475_-100;2;5475,37.5178082191781,Prevalence,0.00602104235632652
NbyGQVwzFc_loc12_loop6,12,ITN 0%/IRS 0%/Larvicide 0%,0;0.4;0.4_0;0;0_0;0;0_-100;2;5475_-100;2;5475_-100;2;5475,37.5205479452055,Prevalence,0.00602197402427856
NbyGQVwzFc_loc12_loop6,12,ITN 0%/IRS 0%/Larvicide 0%,0;0.4;0.4_0;0;0_0;0;0_-100;2;5475_-100;2;5475_-100;2;5475,37.5232876712329,Prevalence,0.00602291415920368
NbyGQVwzFc_loc12_loop6,12,ITN 0%/IRS 0%/Larvicide 0%,0;0.4;0.4_0;0;0_0;0;0_-100;2;5475_-100;2;5475_-100;2;5475,37.5260273972603,Prevalence,0.00602386274622727
NbyGQVwzFc_loc12_loop6,12,ITN 0%/IRS 0%/Larvicide 0%,0;0.4;0.4_0;0;0_0;0;0_-100;2;5475_-100;2;5475_-100;2;5475,37.5287671232877,Prevalence,0.00602481977054433
NbyGQVwzFc_loc12_loop6,12,ITN 0%/IRS 0%/Larvicide 0%,0;0.4;0.4_0;0;0_0;0;0_-100;2;5475_-100;2;5475_-100;2;5475,37.5315068493151,Prevalence,0.00602578521741902
NbyGQVwzFc_loc12_loop6,12,ITN 0%/IRS 0%/Larvicide 0%,0;0.4;0.4_0;0;0_0;0;0_-100;2;5475_-100;2;5475_-100;2;5475,37.5342465753425,Prevalence,0.00602675907218425
NbyGQVwzFc_loc12_loop6,12,ITN 0%/IRS 0%/Larvicide 0%,0;0.4;0.4_0;0;0_0;0;0_-100;2;5475_-100;2;5475_-100;2;5475,37.5369863013699,Prevalence,0.00602774132024124
NbyGQVwzFc_loc12_loop6,12,ITN 0%/IRS 0%/Larvicide 0%,0;0.4;0.4_0;0;0_0;0;0_-100;2;5475_-100;2;5475_-100;2;5475,37.5397260273973,Prevalence,0.00602873194705904
NbyGQVwzFc_loc12_loop6,12,ITN 0%/IRS 0%/Larvicide 0%,0;0.4;0.4_0;0;0_0;0;0_-100;2;5475_-100;2;5475_-100;2;5475,37.5424657534247,Prevalence,0.00602973093817414
NbyGQVwzFc_loc12_loop6,12,ITN 0%/IRS 0%/Larvicide 0%,0;0.4;0.4_0;0;0_0;0;0_-100;2;5475_-100;2;5475_-100;2;5475,37.5452054794521,Prevalence,0.00603073827919006
NbyGQVwzFc_loc12_loop6,12,ITN 0%/IRS 0%/Larvicide 0%,0;0.4;0.4_0;0;0_0;0;0_-100;2;5475_-100;2;5475_-100;2;5475,37.5479452054795,Prevalence,0.00603175395577695
NbyGQVwzFc_loc12_loop6,12,ITN 0%/IRS 0%/Larvicide 0%,0;0.4;0.4_0;0;0_0;0;0_-100;2;5475_-100;2;5475_-100;2;5475,37.5506849315069,Prevalence,0.00603277795367138
NbyGQVwzFc_loc12_loop6,12,ITN 0%/IRS 0%/Larvicide 0%,0;0.4;0.4_0;0;0_0;0;0_-100;2;5475_-100;2;5475_-100;2;5475,37.5534246575342,Prevalence,0.00603381025867536
NbyGQVwzFc_loc12_loop6,12,ITN 0%/IRS 0%/Larvicide 0%,0;0.4;0.4_0;0;0_0;0;0_-100;2;5475_-100;2;5475_-100;2;5475,37.5561643835616,Prevalence,0.0060348508566562
NbyGQVwzFc_loc12_loop6,12,ITN 0%/IRS 0%/Larvicide 0%,0;0.4;0.4_0;0;0_0;0;0_-100;2;5475_-100;2;5475_-100;2;5475,37.558904109589,Prevalence,0.00603589973354611
NbyGQVwzFc_loc12_loop6,12,ITN 0%/IRS 0%/Larvicide 0%,0;0.4;0.4_0;0;0_0;0;0_-100;2;5475_-100;2;5475_-100;2;5475,37.5616438356164,Prevalence,0.00603695687534176
NbyGQVwzFc_loc12_loop6,12,ITN 0%/IRS 0%/Larvicide 0%,0;0.4;0.4_0;0;0_0;0;0_-100;2;5475_-100;2;5475_-100;2;5475,37.5643835616438,Prevalence,0.00603802226810391
NbyGQVwzFc_loc12_loop6,12,ITN 0%/IRS 0%/Larvicide 0%,0;0.4;0.4_0;0;0_0;0;0_-100;2;5475_-100;2;5475_-100;2;5475,37.5671232876712,Prevalence,0.00603909589795694
NbyGQVwzFc_loc12_loop6,12,ITN 0%/IRS 0%/Larvicide 0%,0;0.4;0.4_0;0;0_0;0;0_-100;2;5475_-100;2;5475_-100;2;5475,37.5698630136986,Prevalence,0.00604017775108851
NbyGQVwzFc_loc12_loop6,12,ITN 0%/IRS 0%/Larvicide 0%,0;0.4;0.4_0;0;0_0;0;0_-100;2;5475_-100;2;5475_-100;2;5475,37.572602739726,Prevalence,0.00604126781374911
NbyGQVwzFc_loc12_loop6,12,ITN 0%/IRS 0%/Larvicide 0%,0;0.4;0.4_0;0;0_0;0;0_-100;2;5475_-100;2;5475_-100;2;5475,37.5753424657534,Prevalence,0.00604236607225167
NbyGQVwzFc_loc12_loop6,12,ITN 0%/IRS 0%/Larvicide 0%,0;0.4;0.4_0;0;0_0;0;0_-100;2;5475_-100;2;5475_-100;2;5475,37.5780821917808,Prevalence,0.00604347251297117
NbyGQVwzFc_loc12_loop6,12,ITN 0%/IRS 0%/Larvicide 0%,0;0.4;0.4_0;0;0_0;0;0_-100;2;5475_-100;2;5475_-100;2;5475,37.5808219178082,Prevalence,0.00604458712234424
NbyGQVwzFc_loc12_loop6,12,ITN 0%/IRS 0%/Larvicide 0%,0;0.4;0.4_0;0;0_0;0;0_-100;2;5475_-100;2;5475_-100;2;5475,37.5835616438356,Prevalence,0.00604570988686875
NbyGQVwzFc_loc12_loop6,12,ITN 0%/IRS 0%/Larvicide 0%,0;0.4;0.4_0;0;0_0;0;0_-100;2;5475_-100;2;5475_-100;2;5475,37.586301369863,Prevalence,0.00604684079310343
NbyGQVwzFc_loc12_loop6,12,ITN 0%/IRS 0%/Larvicide 0%,0;0.4;0.4_0;0;0_0;0;0_-100;2;5475_-100;2;5475_-100;2;5475,37.5890410958904,Prevalence,0.0060479798276675
NbyGQVwzFc_loc12_loop6,12,ITN 0%/IRS 0%/Larvicide 0%,0;0.4;0.4_0;0;0_0;0;0_-100;2;5475_-100;2;5475_-100;2;5475,37.5917808219178,Prevalence,0.00604912697724023
NbyGQVwzFc_loc12_loop6,12,ITN 0%/IRS 0%/Larvicide 0%,0;0.4;0.4_0;0;0_0;0;0_-100;2;5475_-100;2;5475_-100;2;5475,37.5945205479452,Prevalence,0.00605028222856061
NbyGQVwzFc_loc12_loop6,12,ITN 0%/IRS 0%/Larvicide 0%,0;0.4;0.4_0;0;0_0;0;0_-100;2;5475_-100;2;5475_-100;2;5475,37.5972602739726,Prevalence,0.00605144556842693
NbyGQVwzFc_loc12_loop6,12,ITN 0%/IRS 0%/Larvicide 0%,0;0.4;0.4_0;0;0_0;0;0_-100;2;5475_-100;2;5475_-100;2;5475,37.6,Prevalence,0.00605261698369642
NbyGQVwzFc_loc12_loop6,12,ITN 0%/IRS 0%/Larvicide 0%,0;0.4;0.4_0;0;0_0;0;0_-100;2;5475_-100;2;5475_-100;2;5475,37.6027397260274,Prevalence,0.00605379646128486
NbyGQVwzFc_loc12_loop6,12,ITN 0%/IRS 0%/Larvicide 0%,0;0.4;0.4_0;0;0_0;0;0_-100;2;5475_-100;2;5475_-100;2;5475,37.6054794520548,Prevalence,0.0060549839881662
NbyGQVwzFc_loc12_loop6,12,ITN 0%/IRS 0%/Larvicide 0%,0;0.4;0.4_0;0;0_0;0;0_-100;2;5475_-100;2;5475_-100;2;5475,37.6082191780822,Prevalence,0.0060561795513722
NbyGQVwzFc_loc12_loop6,12,ITN 0%/IRS 0%/Larvicide 0%,0;0.4;0.4_0;0;0_0;0;0_-100;2;5475_-100;2;5475_-100;2;5475,37.6109589041096,Prevalence,0.00605738313799206
NbyGQVwzFc_loc12_loop6,12,ITN 0%/IRS 0%/Larvicide 0%,0;0.4;0.4_0;0;0_0;0;0_-100;2;5475_-100;2;5475_-100;2;5475,37.613698630137,Prevalence,0.00605859473517201
NbyGQVwzFc_loc12_loop6,12,ITN 0%/IRS 0%/Larvicide 0%,0;0.4;0.4_0;0;0_0;0;0_-100;2;5475_-100;2;5475_-100;2;5475,37.6164383561644,Prevalence,0.00605981433011501
NbyGQVwzFc_loc12_loop6,12,ITN 0%/IRS 0%/Larvicide 0%,0;0.4;0.4_0;0;0_0;0;0_-100;2;5475_-100;2;5475_-100;2;5475,37.6191780821918,Prevalence,0.00606104191008031
NbyGQVwzFc_loc12_loop6,12,ITN 0%/IRS 0%/Larvicide 0%,0;0.4;0.4_0;0;0_0;0;0_-100;2;5475_-100;2;5475_-100;2;5475,37.6219178082192,Prevalence,0.00606227746238325
NbyGQVwzFc_loc12_loop6,12,ITN 0%/IRS 0%/Larvicide 0%,0;0.4;0.4_0;0;0_0;0;0_-100;2;5475_-100;2;5475_-100;2;5475,37.6246575342466,Prevalence,0.00606352097439496
NbyGQVwzFc_loc12_loop6,12,ITN 0%/IRS 0%/Larvicide 0%,0;0.4;0.4_0;0;0_0;0;0_-100;2;5475_-100;2;5475_-100;2;5475,37.627397260274,Prevalence,0.00606477243354157
NbyGQVwzFc_loc12_loop6,12,ITN 0%/IRS 0%/Larvicide 0%,0;0.4;0.4_0;0;0_0;0;0_-100;2;5475_-100;2;5475_-100;2;5475,37.6301369863014,Prevalence,0.00606603182730407
NbyGQVwzFc_loc12_loop6,12,ITN 0%/IRS 0%/Larvicide 0%,0;0.4;0.4_0;0;0_0;0;0_-100;2;5475_-100;2;5475_-100;2;5475,37.6328767123288,Prevalence,0.00606729914321795
NbyGQVwzFc_loc12_loop6,12,ITN 0%/IRS 0%/Larvicide 0%,0;0.4;0.4_0;0;0_0;0;0_-100;2;5475_-100;2;5475_-100;2;5475,37.6356164383562,Prevalence,0.00606857436887291
NbyGQVwzFc_loc12_loop6,12,ITN 0%/IRS 0%/Larvicide 0%,0;0.4;0.4_0;0;0_0;0;0_-100;2;5475_-100;2;5475_-100;2;5475,37.6383561643836,Prevalence,0.00606985749191247
NbyGQVwzFc_loc12_loop6,12,ITN 0%/IRS 0%/Larvicide 0%,0;0.4;0.4_0;0;0_0;0;0_-100;2;5475_-100;2;5475_-100;2;5475,37.641095890411,Prevalence,0.0060711485000336
NbyGQVwzFc_loc12_loop6,12,ITN 0%/IRS 0%/Larvicide 0%,0;0.4;0.4_0;0;0_0;0;0_-100;2;5475_-100;2;5475_-100;2;5475,37.6438356164384,Prevalence,0.00607244738098641
NbyGQVwzFc_loc12_loop6,12,ITN 0%/IRS 0%/Larvicide 0%,0;0.4;0.4_0;0;0_0;0;0_-100;2;5475_-100;2;5475_-100;2;5475,37.6465753424658,Prevalence,0.00607375412257381
NbyGQVwzFc_loc12_loop6,12,ITN 0%/IRS 0%/Larvicide 0%,0;0.4;0.4_0;0;0_0;0;0_-100;2;5475_-100;2;5475_-100;2;5475,37.6493150684932,Prevalence,0.00607506871265112
NbyGQVwzFc_loc12_loop6,12,ITN 0%/IRS 0%/Larvicide 0%,0;0.4;0.4_0;0;0_0;0;0_-100;2;5475_-100;2;5475_-100;2;5475,37.6520547945206,Prevalence,0.0060763911391258
NbyGQVwzFc_loc12_loop6,12,ITN 0%/IRS 0%/Larvicide 0%,0;0.4;0.4_0;0;0_0;0;0_-100;2;5475_-100;2;5475_-100;2;5475,37.6547945205479,Prevalence,0.00607772138995702
NbyGQVwzFc_loc12_loop6,12,ITN 0%/IRS 0%/Larvicide 0%,0;0.4;0.4_0;0;0_0;0;0_-100;2;5475_-100;2;5475_-100;2;5475,37.6575342465753,Prevalence,0.00607905945315542
NbyGQVwzFc_loc12_loop6,12,ITN 0%/IRS 0%/Larvicide 0%,0;0.4;0.4_0;0;0_0;0;0_-100;2;5475_-100;2;5475_-100;2;5475,37.6602739726027,Prevalence,0.00608040531678272
NbyGQVwzFc_loc12_loop6,12,ITN 0%/IRS 0%/Larvicide 0%,0;0.4;0.4_0;0;0_0;0;0_-100;2;5475_-100;2;5475_-100;2;5475,37.6630136986301,Prevalence,0.00608175896895136
NbyGQVwzFc_loc12_loop6,12,ITN 0%/IRS 0%/Larvicide 0%,0;0.4;0.4_0;0;0_0;0;0_-100;2;5475_-100;2;5475_-100;2;5475,37.6657534246575,Prevalence,0.00608312039782425
NbyGQVwzFc_loc12_loop6,12,ITN 0%/IRS 0%/Larvicide 0%,0;0.4;0.4_0;0;0_0;0;0_-100;2;5475_-100;2;5475_-100;2;5475,37.6684931506849,Prevalence,0.00608448959161439
NbyGQVwzFc_loc12_loop6,12,ITN 0%/IRS 0%/Larvicide 0%,0;0.4;0.4_0;0;0_0;0;0_-100;2;5475_-100;2;5475_-100;2;5475,37.6712328767123,Prevalence,0.00608586653858453
NbyGQVwzFc_loc12_loop6,12,ITN 0%/IRS 0%/Larvicide 0%,0;0.4;0.4_0;0;0_0;0;0_-100;2;5475_-100;2;5475_-100;2;5475,37.6739726027397,Prevalence,0.00608725122704687
NbyGQVwzFc_loc12_loop6,12,ITN 0%/IRS 0%/Larvicide 0%,0;0.4;0.4_0;0;0_0;0;0_-100;2;5475_-100;2;5475_-100;2;5475,37.6767123287671,Prevalence,0.00608864364536274
NbyGQVwzFc_loc12_loop6,12,ITN 0%/IRS 0%/Larvicide 0%,0;0.4;0.4_0;0;0_0;0;0_-100;2;5475_-100;2;5475_-100;2;5475,37.6794520547945,Prevalence,0.00609004378194226
NbyGQVwzFc_loc12_loop6,12,ITN 0%/IRS 0%/Larvicide 0%,0;0.4;0.4_0;0;0_0;0;0_-100;2;5475_-100;2;5475_-100;2;5475,37.6821917808219,Prevalence,0.00609145162524403
NbyGQVwzFc_loc12_loop6,12,ITN 0%/IRS 0%/Larvicide 0%,0;0.4;0.4_0;0;0_0;0;0_-100;2;5475_-100;2;5475_-100;2;5475,37.6849315068493,Prevalence,0.00609286716377482
NbyGQVwzFc_loc12_loop6,12,ITN 0%/IRS 0%/Larvicide 0%,0;0.4;0.4_0;0;0_0;0;0_-100;2;5475_-100;2;5475_-100;2;5475,37.6876712328767,Prevalence,0.00609429038608924
NbyGQVwzFc_loc12_loop6,12,ITN 0%/IRS 0%/Larvicide 0%,0;0.4;0.4_0;0;0_0;0;0_-100;2;5475_-100;2;5475_-100;2;5475,37.6904109589041,Prevalence,0.00609572128078942
NbyGQVwzFc_loc12_loop6,12,ITN 0%/IRS 0%/Larvicide 0%,0;0.4;0.4_0;0;0_0;0;0_-100;2;5475_-100;2;5475_-100;2;5475,37.6931506849315,Prevalence,0.00609715983652473
NbyGQVwzFc_loc12_loop6,12,ITN 0%/IRS 0%/Larvicide 0%,0;0.4;0.4_0;0;0_0;0;0_-100;2;5475_-100;2;5475_-100;2;5475,37.6958904109589,Prevalence,0.00609860604199144
NbyGQVwzFc_loc12_loop6,12,ITN 0%/IRS 0%/Larvicide 0%,0;0.4;0.4_0;0;0_0;0;0_-100;2;5475_-100;2;5475_-100;2;5475,37.6986301369863,Prevalence,0.0061000598859325
NbyGQVwzFc_loc12_loop6,12,ITN 0%/IRS 0%/Larvicide 0%,0;0.4;0.4_0;0;0_0;0;0_-100;2;5475_-100;2;5475_-100;2;5475,37.7013698630137,Prevalence,0.00610152135713737
NbyGQVwzFc_loc12_loop6,12,ITN 0%/IRS 0%/Larvicide 0%,0;0.4;0.4_0;0;0_0;0;0_-100;2;5475_-100;2;5475_-100;2;5475,37.7041095890411,Prevalence,0.00610299044444118
NbyGQVwzFc_loc12_loop6,12,ITN 0%/IRS 0%/Larvicide 0%,0;0.4;0.4_0;0;0_0;0;0_-100;2;5475_-100;2;5475_-100;2;5475,37.7068493150685,Prevalence,0.00610446713672476
NbyGQVwzFc_loc12_loop6,12,ITN 0%/IRS 0%/Larvicide 0%,0;0.4;0.4_0;0;0_0;0;0_-100;2;5475_-100;2;5475_-100;2;5475,37.7095890410959,Prevalence,0.0061059514229143
NbyGQVwzFc_loc12_loop6,12,ITN 0%/IRS 0%/Larvicide 0%,0;0.4;0.4_0;0;0_0;0;0_-100;2;5475_-100;2;5475_-100;2;5475,37.7123287671233,Prevalence,0.0061074432919811
NbyGQVwzFc_loc12_loop6,12,ITN 0%/IRS 0%/Larvicide 0%,0;0.4;0.4_0;0;0_0;0;0_-100;2;5475_-100;2;5475_-100;2;5475,37.7150684931507,Prevalence,0.0061089427329412
NbyGQVwzFc_loc12_loop6,12,ITN 0%/IRS 0%/Larvicide 0%,0;0.4;0.4_0;0;0_0;0;0_-100;2;5475_-100;2;5475_-100;2;5475,37.7178082191781,Prevalence,0.00611044973485514
NbyGQVwzFc_loc12_loop6,12,ITN 0%/IRS 0%/Larvicide 0%,0;0.4;0.4_0;0;0_0;0;0_-100;2;5475_-100;2;5475_-100;2;5475,37.7205479452055,Prevalence,0.00611196428682763
NbyGQVwzFc_loc12_loop6,12,ITN 0%/IRS 0%/Larvicide 0%,0;0.4;0.4_0;0;0_0;0;0_-100;2;5475_-100;2;5475_-100;2;5475,37.7232876712329,Prevalence,0.00611348637800731
NbyGQVwzFc_loc12_loop6,12,ITN 0%/IRS 0%/Larvicide 0%,0;0.4;0.4_0;0;0_0;0;0_-100;2;5475_-100;2;5475_-100;2;5475,37.7260273972603,Prevalence,0.00611501599758639
NbyGQVwzFc_loc12_loop6,12,ITN 0%/IRS 0%/Larvicide 0%,0;0.4;0.4_0;0;0_0;0;0_-100;2;5475_-100;2;5475_-100;2;5475,37.7287671232877,Prevalence,0.0061165531348004
NbyGQVwzFc_loc12_loop6,12,ITN 0%/IRS 0%/Larvicide 0%,0;0.4;0.4_0;0;0_0;0;0_-100;2;5475_-100;2;5475_-100;2;5475,37.7315068493151,Prevalence,0.00611809777892791
NbyGQVwzFc_loc12_loop6,12,ITN 0%/IRS 0%/Larvicide 0%,0;0.4;0.4_0;0;0_0;0;0_-100;2;5475_-100;2;5475_-100;2;5475,37.7342465753425,Prevalence,0.00611964991929021
NbyGQVwzFc_loc12_loop6,12,ITN 0%/IRS 0%/Larvicide 0%,0;0.4;0.4_0;0;0_0;0;0_-100;2;5475_-100;2;5475_-100;2;5475,37.7369863013699,Prevalence,0.00612120954525105
NbyGQVwzFc_loc12_loop6,12,ITN 0%/IRS 0%/Larvicide 0%,0;0.4;0.4_0;0;0_0;0;0_-100;2;5475_-100;2;5475_-100;2;5475,37.7397260273973,Prevalence,0.00612277664621634
NbyGQVwzFc_loc12_loop6,12,ITN 0%/IRS 0%/Larvicide 0%,0;0.4;0.4_0;0;0_0;0;0_-100;2;5475_-100;2;5475_-100;2;5475,37.7424657534247,Prevalence,0.00612435121163388
NbyGQVwzFc_loc12_loop6,12,ITN 0%/IRS 0%/Larvicide 0%,0;0.4;0.4_0;0;0_0;0;0_-100;2;5475_-100;2;5475_-100;2;5475,37.7452054794521,Prevalence,0.00612593323099308
NbyGQVwzFc_loc12_loop6,12,ITN 0%/IRS 0%/Larvicide 0%,0;0.4;0.4_0;0;0_0;0;0_-100;2;5475_-100;2;5475_-100;2;5475,37.7479452054795,Prevalence,0.00612752269382469
NbyGQVwzFc_loc12_loop6,12,ITN 0%/IRS 0%/Larvicide 0%,0;0.4;0.4_0;0;0_0;0;0_-100;2;5475_-100;2;5475_-100;2;5475,37.7506849315069,Prevalence,0.00612911958970048
NbyGQVwzFc_loc12_loop6,12,ITN 0%/IRS 0%/Larvicide 0%,0;0.4;0.4_0;0;0_0;0;0_-100;2;5475_-100;2;5475_-100;2;5475,37.7534246575343,Prevalence,0.00613072390823301
NbyGQVwzFc_loc12_loop6,12,ITN 0%/IRS 0%/Larvicide 0%,0;0.4;0.4_0;0;0_0;0;0_-100;2;5475_-100;2;5475_-100;2;5475,37.7561643835617,Prevalence,0.00613233563907535
NbyGQVwzFc_loc12_loop6,12,ITN 0%/IRS 0%/Larvicide 0%,0;0.4;0.4_0;0;0_0;0;0_-100;2;5475_-100;2;5475_-100;2;5475,37.758904109589,Prevalence,0.00613395477192079
NbyGQVwzFc_loc12_loop6,12,ITN 0%/IRS 0%/Larvicide 0%,0;0.4;0.4_0;0;0_0;0;0_-100;2;5475_-100;2;5475_-100;2;5475,37.7616438356164,Prevalence,0.00613558129650258
NbyGQVwzFc_loc12_loop6,12,ITN 0%/IRS 0%/Larvicide 0%,0;0.4;0.4_0;0;0_0;0;0_-100;2;5475_-100;2;5475_-100;2;5475,37.7643835616438,Prevalence,0.00613721520259365
NbyGQVwzFc_loc12_loop6,12,ITN 0%/IRS 0%/Larvicide 0%,0;0.4;0.4_0;0;0_0;0;0_-100;2;5475_-100;2;5475_-100;2;5475,37.7671232876712,Prevalence,0.00613885648000635
NbyGQVwzFc_loc12_loop6,12,ITN 0%/IRS 0%/Larvicide 0%,0;0.4;0.4_0;0;0_0;0;0_-100;2;5475_-100;2;5475_-100;2;5475,37.7698630136986,Prevalence,0.00614050511859218
NbyGQVwzFc_loc12_loop6,12,ITN 0%/IRS 0%/Larvicide 0%,0;0.4;0.4_0;0;0_0;0;0_-100;2;5475_-100;2;5475_-100;2;5475,37.772602739726,Prevalence,0.00614216110824157
NbyGQVwzFc_loc12_loop6,12,ITN 0%/IRS 0%/Larvicide 0%,0;0.4;0.4_0;0;0_0;0;0_-100;2;5475_-100;2;5475_-100;2;5475,37.7753424657534,Prevalence,0.0061438244388835
NbyGQVwzFc_loc12_loop6,12,ITN 0%/IRS 0%/Larvicide 0%,0;0.4;0.4_0;0;0_0;0;0_-100;2;5475_-100;2;5475_-100;2;5475,37.7780821917808,Prevalence,0.00614549510048548
NbyGQVwzFc_loc12_loop6,12,ITN 0%/IRS 0%/Larvicide 0%,0;0.4;0.4_0;0;0_0;0;0_-100;2;5475_-100;2;5475_-100;2;5475,37.7808219178082,Prevalence,0.00614717308305323
NbyGQVwzFc_loc12_loop6,12,ITN 0%/IRS 0%/Larvicide 0%,0;0.4;0.4_0;0;0_0;0;0_-100;2;5475_-100;2;5475_-100;2;5475,37.7835616438356,Prevalence,0.00614885837663007
NbyGQVwzFc_loc12_loop6,12,ITN 0%/IRS 0%/Larvicide 0%,0;0.4;0.4_0;0;0_0;0;0_-100;2;5475_-100;2;5475_-100;2;5475,37.786301369863,Prevalence,0.00615055097129687
NbyGQVwzFc_loc12_loop6,12,ITN 0%/IRS 0%/Larvicide 0%,0;0.4;0.4_0;0;0_0;0;0_-100;2;5475_-100;2;5475_-100;2;5475,37.7890410958904,Prevalence,0.00615225085717185
NbyGQVwzFc_loc12_loop6,12,ITN 0%/IRS 0%/Larvicide 0%,0;0.4;0.4_0;0;0_0;0;0_-100;2;5475_-100;2;5475_-100;2;5475,37.7917808219178,Prevalence,0.00615395802441029
NbyGQVwzFc_loc12_loop6,12,ITN 0%/IRS 0%/Larvicide 0%,0;0.4;0.4_0;0;0_0;0;0_-100;2;5475_-100;2;5475_-100;2;5475,37.7945205479452,Prevalence,0.00615567246320428
NbyGQVwzFc_loc12_loop6,12,ITN 0%/IRS 0%/Larvicide 0%,0;0.4;0.4_0;0;0_0;0;0_-100;2;5475_-100;2;5475_-100;2;5475,37.7972602739726,Prevalence,0.0061573941637825
NbyGQVwzFc_loc12_loop6,12,ITN 0%/IRS 0%/Larvicide 0%,0;0.4;0.4_0;0;0_0;0;0_-100;2;5475_-100;2;5475_-100;2;5475,37.8,Prevalence,0.0061591231164099
NbyGQVwzFc_loc12_loop6,12,ITN 0%/IRS 0%/Larvicide 0%,0;0.4;0.4_0;0;0_0;0;0_-100;2;5475_-100;2;5475_-100;2;5475,37.8027397260274,Prevalence,0.00616085931138755
NbyGQVwzFc_loc12_loop6,12,ITN 0%/IRS 0%/Larvicide 0%,0;0.4;0.4_0;0;0_0;0;0_-100;2;5475_-100;2;5475_-100;2;5475,37.8054794520548,Prevalence,0.00616260273905231
NbyGQVwzFc_loc12_loop6,12,ITN 0%/IRS 0%/Larvicide 0%,0;0.4;0.4_0;0;0_0;0;0_-100;2;5475_-100;2;5475_-100;2;5475,37.8082191780822,Prevalence,0.00616435338977661
NbyGQVwzFc_loc12_loop6,12,ITN 0%/IRS 0%/Larvicide 0%,0;0.4;0.4_0;0;0_0;0;0_-100;2;5475_-100;2;5475_-100;2;5475,37.8109589041096,Prevalence,0.00616611125396822
NbyGQVwzFc_loc12_loop6,12,ITN 0%/IRS 0%/Larvicide 0%,0;0.4;0.4_0;0;0_0;0;0_-100;2;5475_-100;2;5475_-100;2;5475,37.813698630137,Prevalence,0.00616787632206998
NbyGQVwzFc_loc12_loop6,12,ITN 0%/IRS 0%/Larvicide 0%,0;0.4;0.4_0;0;0_0;0;0_-100;2;5475_-100;2;5475_-100;2;5475,37.8164383561644,Prevalence,0.00616964858455958
NbyGQVwzFc_loc12_loop6,12,ITN 0%/IRS 0%/Larvicide 0%,0;0.4;0.4_0;0;0_0;0;0_-100;2;5475_-100;2;5475_-100;2;5475,37.8191780821918,Prevalence,0.00617142803194931
NbyGQVwzFc_loc12_loop6,12,ITN 0%/IRS 0%/Larvicide 0%,0;0.4;0.4_0;0;0_0;0;0_-100;2;5475_-100;2;5475_-100;2;5475,37.8219178082192,Prevalence,0.0061732146547858
NbyGQVwzFc_loc12_loop6,12,ITN 0%/IRS 0%/Larvicide 0%,0;0.4;0.4_0;0;0_0;0;0_-100;2;5475_-100;2;5475_-100;2;5475,37.8246575342466,Prevalence,0.00617500844364984
NbyGQVwzFc_loc12_loop6,12,ITN 0%/IRS 0%/Larvicide 0%,0;0.4;0.4_0;0;0_0;0;0_-100;2;5475_-100;2;5475_-100;2;5475,37.827397260274,Prevalence,0.00617680938915608
NbyGQVwzFc_loc12_loop6,12,ITN 0%/IRS 0%/Larvicide 0%,0;0.4;0.4_0;0;0_0;0;0_-100;2;5475_-100;2;5475_-100;2;5475,37.8301369863014,Prevalence,0.00617861748195281
NbyGQVwzFc_loc12_loop6,12,ITN 0%/IRS 0%/Larvicide 0%,0;0.4;0.4_0;0;0_0;0;0_-100;2;5475_-100;2;5475_-100;2;5475,37.8328767123288,Prevalence,0.00618043271272175
NbyGQVwzFc_loc12_loop6,12,ITN 0%/IRS 0%/Larvicide 0%,0;0.4;0.4_0;0;0_0;0;0_-100;2;5475_-100;2;5475_-100;2;5475,37.8356164383562,Prevalence,0.00618225507217781
NbyGQVwzFc_loc12_loop6,12,ITN 0%/IRS 0%/Larvicide 0%,0;0.4;0.4_0;0;0_0;0;0_-100;2;5475_-100;2;5475_-100;2;5475,37.8383561643836,Prevalence,0.00618408455106884
NbyGQVwzFc_loc12_loop6,12,ITN 0%/IRS 0%/Larvicide 0%,0;0.4;0.4_0;0;0_0;0;0_-100;2;5475_-100;2;5475_-100;2;5475,37.841095890411,Prevalence,0.00618592114017539
NbyGQVwzFc_loc12_loop6,12,ITN 0%/IRS 0%/Larvicide 0%,0;0.4;0.4_0;0;0_0;0;0_-100;2;5475_-100;2;5475_-100;2;5475,37.8438356164384,Prevalence,0.00618776483031051
NbyGQVwzFc_loc12_loop6,12,ITN 0%/IRS 0%/Larvicide 0%,0;0.4;0.4_0;0;0_0;0;0_-100;2;5475_-100;2;5475_-100;2;5475,37.8465753424658,Prevalence,0.00618961561231956
NbyGQVwzFc_loc12_loop6,12,ITN 0%/IRS 0%/Larvicide 0%,0;0.4;0.4_0;0;0_0;0;0_-100;2;5475_-100;2;5475_-100;2;5475,37.8493150684932,Prevalence,0.00619147347707985
NbyGQVwzFc_loc12_loop6,12,ITN 0%/IRS 0%/Larvicide 0%,0;0.4;0.4_0;0;0_0;0;0_-100;2;5475_-100;2;5475_-100;2;5475,37.8520547945206,Prevalence,0.00619333841550056
NbyGQVwzFc_loc12_loop6,12,ITN 0%/IRS 0%/Larvicide 0%,0;0.4;0.4_0;0;0_0;0;0_-100;2;5475_-100;2;5475_-100;2;5475,37.854794520548,Prevalence,0.00619521041852242
NbyGQVwzFc_loc12_loop6,12,ITN 0%/IRS 0%/Larvicide 0%,0;0.4;0.4_0;0;0_0;0;0_-100;2;5475_-100;2;5475_-100;2;5475,37.8575342465753,Prevalence,0.00619708947711756
NbyGQVwzFc_loc12_loop6,12,ITN 0%/IRS 0%/Larvicide 0%,0;0.4;0.4_0;0;0_0;0;0_-100;2;5475_-100;2;5475_-100;2;5475,37.8602739726027,Prevalence,0.00619897558228928
NbyGQVwzFc_loc12_loop6,12,ITN 0%/IRS 0%/Larvicide 0%,0;0.4;0.4_0;0;0_0;0;0_-100;2;5475_-100;2;5475_-100;2;5475,37.8630136986301,Prevalence,0.00620086872507199
NbyGQVwzFc_loc12_loop6,12,ITN 0%/IRS 0%/Larvicide 0%,0;0.4;0.4_0;0;0_0;0;0_-100;2;5475_-100;2;5475_-100;2;5475,37.8657534246575,Prevalence,0.00620276889653052
NbyGQVwzFc_loc12_loop6,12,ITN 0%/IRS 0%/Larvicide 0%,0;0.4;0.4_0;0;0_0;0;0_-100;2;5475_-100;2;5475_-100;2;5475,37.8684931506849,Prevalence,0.00620467608776015
NbyGQVwzFc_loc12_loop6,12,ITN 0%/IRS 0%/Larvicide 0%,0;0.4;0.4_0;0;0_0;0;0_-100;2;5475_-100;2;5475_-100;2;5475,37.8712328767123,Prevalence,0.00620659028988646
NbyGQVwzFc_loc12_loop6,12,ITN 0%/IRS 0%/Larvicide 0%,0;0.4;0.4_0;0;0_0;0;0_-100;2;5475_-100;2;5475_-100;2;5475,37.8739726027397,Prevalence,0.00620851149406502
NbyGQVwzFc_loc12_loop6,12,ITN 0%/IRS 0%/Larvicide 0%,0;0.4;0.4_0;0;0_0;0;0_-100;2;5475_-100;2;5475_-100;2;5475,37.8767123287671,Prevalence,0.00621043969148128
NbyGQVwzFc_loc12_loop6,12,ITN 0%/IRS 0%/Larvicide 0%,0;0.4;0.4_0;0;0_0;0;0_-100;2;5475_-100;2;5475_-100;2;5475,37.8794520547945,Prevalence,0.00621237487335029
NbyGQVwzFc_loc12_loop6,12,ITN 0%/IRS 0%/Larvicide 0%,0;0.4;0.4_0;0;0_0;0;0_-100;2;5475_-100;2;5475_-100;2;5475,37.8821917808219,Prevalence,0.00621431703091648
NbyGQVwzFc_loc12_loop6,12,ITN 0%/IRS 0%/Larvicide 0%,0;0.4;0.4_0;0;0_0;0;0_-100;2;5475_-100;2;5475_-100;2;5475,37.8849315068493,Prevalence,0.00621626615545352
NbyGQVwzFc_loc12_loop6,12,ITN 0%/IRS 0%/Larvicide 0%,0;0.4;0.4_0;0;0_0;0;0_-100;2;5475_-100;2;5475_-100;2;5475,37.8876712328767,Prevalence,0.00621822223826402
NbyGQVwzFc_loc12_loop6,12,ITN 0%/IRS 0%/Larvicide 0%,0;0.4;0.4_0;0;0_0;0;0_-100;2;5475_-100;2;5475_-100;2;5475,37.8904109589041,Prevalence,0.00622018527067937
NbyGQVwzFc_loc12_loop6,12,ITN 0%/IRS 0%/Larvicide 0%,0;0.4;0.4_0;0;0_0;0;0_-100;2;5475_-100;2;5475_-100;2;5475,37.8931506849315,Prevalence,0.00622215524405954
NbyGQVwzFc_loc12_loop6,12,ITN 0%/IRS 0%/Larvicide 0%,0;0.4;0.4_0;0;0_0;0;0_-100;2;5475_-100;2;5475_-100;2;5475,37.8958904109589,Prevalence,0.00622413214979287
NbyGQVwzFc_loc12_loop6,12,ITN 0%/IRS 0%/Larvicide 0%,0;0.4;0.4_0;0;0_0;0;0_-100;2;5475_-100;2;5475_-100;2;5475,37.8986301369863,Prevalence,0.00622611597929582
NbyGQVwzFc_loc12_loop6,12,ITN 0%/IRS 0%/Larvicide 0%,0;0.4;0.4_0;0;0_0;0;0_-100;2;5475_-100;2;5475_-100;2;5475,37.9013698630137,Prevalence,0.00622810672401282
NbyGQVwzFc_loc12_loop6,12,ITN 0%/IRS 0%/Larvicide 0%,0;0.4;0.4_0;0;0_0;0;0_-100;2;5475_-100;2;5475_-100;2;5475,37.9041095890411,Prevalence,0.00623010437541603
NbyGQVwzFc_loc12_loop6,12,ITN 0%/IRS 0%/Larvicide 0%,0;0.4;0.4_0;0;0_0;0;0_-100;2;5475_-100;2;5475_-100;2;5475,37.9068493150685,Prevalence,0.00623210892500518
NbyGQVwzFc_loc12_loop6,12,ITN 0%/IRS 0%/Larvicide 0%,0;0.4;0.4_0;0;0_0;0;0_-100;2;5475_-100;2;5475_-100;2;5475,37.9095890410959,Prevalence,0.00623412036430731
NbyGQVwzFc_loc12_loop6,12,ITN 0%/IRS 0%/Larvicide 0%,0;0.4;0.4_0;0;0_0;0;0_-100;2;5475_-100;2;5475_-100;2;5475,37.9123287671233,Prevalence,0.00623613868487663
NbyGQVwzFc_loc12_loop6,12,ITN 0%/IRS 0%/Larvicide 0%,0;0.4;0.4_0;0;0_0;0;0_-100;2;5475_-100;2;5475_-100;2;5475,37.9150684931507,Prevalence,0.00623816387829426
NbyGQVwzFc_loc12_loop6,12,ITN 0%/IRS 0%/Larvicide 0%,0;0.4;0.4_0;0;0_0;0;0_-100;2;5475_-100;2;5475_-100;2;5475,37.9178082191781,Prevalence,0.00624019593616808
NbyGQVwzFc_loc12_loop6,12,ITN 0%/IRS 0%/Larvicide 0%,0;0.4;0.4_0;0;0_0;0;0_-100;2;5475_-100;2;5475_-100;2;5475,37.9205479452055,Prevalence,0.00624223485013254
NbyGQVwzFc_loc12_loop6,12,ITN 0%/IRS 0%/Larvicide 0%,0;0.4;0.4_0;0;0_0;0;0_-100;2;5475_-100;2;5475_-100;2;5475,37.9232876712329,Prevalence,0.00624428061184839
NbyGQVwzFc_loc12_loop6,12,ITN 0%/IRS 0%/Larvicide 0%,0;0.4;0.4_0;0;0_0;0;0_-100;2;5475_-100;2;5475_-100;2;5475,37.9260273972603,Prevalence,0.00624633321300259
NbyGQVwzFc_loc12_loop6,12,ITN 0%/IRS 0%/Larvicide 0%,0;0.4;0.4_0;0;0_0;0;0_-100;2;5475_-100;2;5475_-100;2;5475,37.9287671232877,Prevalence,0.00624839264530802
NbyGQVwzFc_loc12_loop6,12,ITN 0%/IRS 0%/Larvicide 0%,0;0.4;0.4_0;0;0_0;0;0_-100;2;5475_-100;2;5475_-100;2;5475,37.9315068493151,Prevalence,0.00625045890050335
NbyGQVwzFc_loc12_loop6,12,ITN 0%/IRS 0%/Larvicide 0%,0;0.4;0.4_0;0;0_0;0;0_-100;2;5475_-100;2;5475_-100;2;5475,37.9342465753425,Prevalence,0.00625253197035282
NbyGQVwzFc_loc12_loop6,12,ITN 0%/IRS 0%/Larvicide 0%,0;0.4;0.4_0;0;0_0;0;0_-100;2;5475_-100;2;5475_-100;2;5475,37.9369863013699,Prevalence,0.00625461184664608
NbyGQVwzFc_loc12_loop6,12,ITN 0%/IRS 0%/Larvicide 0%,0;0.4;0.4_0;0;0_0;0;0_-100;2;5475_-100;2;5475_-100;2;5475,37.9397260273973,Prevalence,0.00625669852119793
NbyGQVwzFc_loc12_loop6,12,ITN 0%/IRS 0%/Larvicide 0%,0;0.4;0.4_0;0;0_0;0;0_-100;2;5475_-100;2;5475_-100;2;5475,37.9424657534247,Prevalence,0.00625879198584823
NbyGQVwzFc_loc12_loop6,12,ITN 0%/IRS 0%/Larvicide 0%,0;0.4;0.4_0;0;0_0;0;0_-100;2;5475_-100;2;5475_-100;2;5475,37.9452054794521,Prevalence,0.00626089223246163
NbyGQVwzFc_loc12_loop6,12,ITN 0%/IRS 0%/Larvicide 0%,0;0.4;0.4_0;0;0_0;0;0_-100;2;5475_-100;2;5475_-100;2;5475,37.9479452054795,Prevalence,0.00626299925292765
NbyGQVwzFc_loc12_loop6,12,ITN 0%/IRS 0%/Larvicide 0%,0;0.4;0.4_0;0;0_0;0;0_-100;2;5475_-100;2;5475_-100;2;5475,37.9506849315069,Prevalence,0.00626511303916003
NbyGQVwzFc_loc12_loop6,12,ITN 0%/IRS 0%/Larvicide 0%,0;0.4;0.4_0;0;0_0;0;0_-100;2;5475_-100;2;5475_-100;2;5475,37.9534246575343,Prevalence,0.00626723358309669
NbyGQVwzFc_loc12_loop6,12,ITN 0%/IRS 0%/Larvicide 0%,0;0.4;0.4_0;0;0_0;0;0_-100;2;5475_-100;2;5475_-100;2;5475,37.9561643835616,Prevalence,0.00626936087669964
NbyGQVwzFc_loc12_loop6,12,ITN 0%/IRS 0%/Larvicide 0%,0;0.4;0.4_0;0;0_0;0;0_-100;2;5475_-100;2;5475_-100;2;5475,37.958904109589,Prevalence,0.00627149491195481
NbyGQVwzFc_loc12_loop6,12,ITN 0%/IRS 0%/Larvicide 0%,0;0.4;0.4_0;0;0_0;0;0_-100;2;5475_-100;2;5475_-100;2;5475,37.9616438356164,Prevalence,0.00627363568087181
NbyGQVwzFc_loc12_loop6,12,ITN 0%/IRS 0%/Larvicide 0%,0;0.4;0.4_0;0;0_0;0;0_-100;2;5475_-100;2;5475_-100;2;5475,37.9643835616438,Prevalence,0.00627578317548377
NbyGQVwzFc_loc12_loop6,12,ITN 0%/IRS 0%/Larvicide 0%,0;0.4;0.4_0;0;0_0;0;0_-100;2;5475_-100;2;5475_-100;2;5475,37.9671232876712,Prevalence,0.0062779373878472
NbyGQVwzFc_loc12_loop6,12,ITN 0%/IRS 0%/Larvicide 0%,0;0.4;0.4_0;0;0_0;0;0_-100;2;5475_-100;2;5475_-100;2;5475,37.9698630136986,Prevalence,0.00628009831004177
NbyGQVwzFc_loc12_loop6,12,ITN 0%/IRS 0%/Larvicide 0%,0;0.4;0.4_0;0;0_0;0;0_-100;2;5475_-100;2;5475_-100;2;5475,37.972602739726,Prevalence,0.00628226593417015
NbyGQVwzFc_loc12_loop6,12,ITN 0%/IRS 0%/Larvicide 0%,0;0.4;0.4_0;0;0_0;0;0_-100;2;5475_-100;2;5475_-100;2;5475,37.9753424657534,Prevalence,0.00628444025235782
NbyGQVwzFc_loc12_loop6,12,ITN 0%/IRS 0%/Larvicide 0%,0;0.4;0.4_0;0;0_0;0;0_-100;2;5475_-100;2;5475_-100;2;5475,37.9780821917808,Prevalence,0.0062866212567529
NbyGQVwzFc_loc12_loop6,12,ITN 0%/IRS 0%/Larvicide 0%,0;0.4;0.4_0;0;0_0;0;0_-100;2;5475_-100;2;5475_-100;2;5475,37.9808219178082,Prevalence,0.006288808939526
NbyGQVwzFc_loc12_loop6,12,ITN 0%/IRS 0%/Larvicide 0%,0;0.4;0.4_0;0;0_0;0;0_-100;2;5475_-100;2;5475_-100;2;5475,37.9835616438356,Prevalence,0.00629100329286998
NbyGQVwzFc_loc12_loop6,12,ITN 0%/IRS 0%/Larvicide 0%,0;0.4;0.4_0;0;0_0;0;0_-100;2;5475_-100;2;5475_-100;2;5475,37.986301369863,Prevalence,0.00629320430899986
NbyGQVwzFc_loc12_loop6,12,ITN 0%/IRS 0%/Larvicide 0%,0;0.4;0.4_0;0;0_0;0;0_-100;2;5475_-100;2;5475_-100;2;5475,37.9890410958904,Prevalence,0.00629541198015258
NbyGQVwzFc_loc12_loop6,12,ITN 0%/IRS 0%/Larvicide 0%,0;0.4;0.4_0;0;0_0;0;0_-100;2;5475_-100;2;5475_-100;2;5475,37.9917808219178,Prevalence,0.00629762629858686
NbyGQVwzFc_loc12_loop6,12,ITN 0%/IRS 0%/Larvicide 0%,0;0.4;0.4_0;0;0_0;0;0_-100;2;5475_-100;2;5475_-100;2;5475,37.9945205479452,Prevalence,0.00629984725658302
NbyGQVwzFc_loc12_loop6,12,ITN 0%/IRS 0%/Larvicide 0%,0;0.4;0.4_0;0;0_0;0;0_-100;2;5475_-100;2;5475_-100;2;5475,37.9972602739726,Prevalence,0.00630207484644282
NbyGQVwzFc_loc12_loop6,12,ITN 0%/IRS 0%/Larvicide 0%,0;0.4;0.4_0;0;0_0;0;0_-100;2;5475_-100;2;5475_-100;2;5475,38,Prevalence,0.00630430906048928
NbyGQVwzFc_loc12_loop6,12,ITN 0%/IRS 0%/Larvicide 0%,0;0.4;0.4_0;0;0_0;0;0_-100;2;5475_-100;2;5475_-100;2;5475,38.0027397260274,Prevalence,0.00630654989106654
NbyGQVwzFc_loc12_loop6,12,ITN 0%/IRS 0%/Larvicide 0%,0;0.4;0.4_0;0;0_0;0;0_-100;2;5475_-100;2;5475_-100;2;5475,38.0054794520548,Prevalence,0.00630879733053959
NbyGQVwzFc_loc12_loop6,12,ITN 0%/IRS 0%/Larvicide 0%,0;0.4;0.4_0;0;0_0;0;0_-100;2;5475_-100;2;5475_-100;2;5475,38.0082191780822,Prevalence,0.00631105137129432
NbyGQVwzFc_loc12_loop6,12,ITN 0%/IRS 0%/Larvicide 0%,0;0.4;0.4_0;0;0_0;0;0_-100;2;5475_-100;2;5475_-100;2;5475,38.0109589041096,Prevalence,0.0063133120057371
NbyGQVwzFc_loc12_loop6,12,ITN 0%/IRS 0%/Larvicide 0%,0;0.4;0.4_0;0;0_0;0;0_-100;2;5475_-100;2;5475_-100;2;5475,38.013698630137,Prevalence,0.00631557922629476
NbyGQVwzFc_loc12_loop6,12,ITN 0%/IRS 0%/Larvicide 0%,0;0.4;0.4_0;0;0_0;0;0_-100;2;5475_-100;2;5475_-100;2;5475,38.0164383561644,Prevalence,0.00631785302541445
NbyGQVwzFc_loc12_loop6,12,ITN 0%/IRS 0%/Larvicide 0%,0;0.4;0.4_0;0;0_0;0;0_-100;2;5475_-100;2;5475_-100;2;5475,38.0191780821918,Prevalence,0.00632013339556336
NbyGQVwzFc_loc12_loop6,12,ITN 0%/IRS 0%/Larvicide 0%,0;0.4;0.4_0;0;0_0;0;0_-100;2;5475_-100;2;5475_-100;2;5475,38.0219178082192,Prevalence,0.00632242032922866
NbyGQVwzFc_loc12_loop6,12,ITN 0%/IRS 0%/Larvicide 0%,0;0.4;0.4_0;0;0_0;0;0_-100;2;5475_-100;2;5475_-100;2;5475,38.0246575342466,Prevalence,0.0063247138189173
NbyGQVwzFc_loc12_loop6,12,ITN 0%/IRS 0%/Larvicide 0%,0;0.4;0.4_0;0;0_0;0;0_-100;2;5475_-100;2;5475_-100;2;5475,38.027397260274,Prevalence,0.00632701385715587
NbyGQVwzFc_loc12_loop6,12,ITN 0%/IRS 0%/Larvicide 0%,0;0.4;0.4_0;0;0_0;0;0_-100;2;5475_-100;2;5475_-100;2;5475,38.0301369863014,Prevalence,0.00632932043649037
NbyGQVwzFc_loc12_loop6,12,ITN 0%/IRS 0%/Larvicide 0%,0;0.4;0.4_0;0;0_0;0;0_-100;2;5475_-100;2;5475_-100;2;5475,38.0328767123288,Prevalence,0.00633163354948618
NbyGQVwzFc_loc12_loop6,12,ITN 0%/IRS 0%/Larvicide 0%,0;0.4;0.4_0;0;0_0;0;0_-100;2;5475_-100;2;5475_-100;2;5475,38.0356164383562,Prevalence,0.00633395318872781
NbyGQVwzFc_loc12_loop6,12,ITN 0%/IRS 0%/Larvicide 0%,0;0.4;0.4_0;0;0_0;0;0_-100;2;5475_-100;2;5475_-100;2;5475,38.0383561643836,Prevalence,0.00633627934681875
NbyGQVwzFc_loc12_loop6,12,ITN 0%/IRS 0%/Larvicide 0%,0;0.4;0.4_0;0;0_0;0;0_-100;2;5475_-100;2;5475_-100;2;5475,38.041095890411,Prevalence,0.00633861201638151
NbyGQVwzFc_loc12_loop6,12,ITN 0%/IRS 0%/Larvicide 0%,0;0.4;0.4_0;0;0_0;0;0_-100;2;5475_-100;2;5475_-100;2;5475,38.0438356164384,Prevalence,0.006340951190057
NbyGQVwzFc_loc12_loop6,12,ITN 0%/IRS 0%/Larvicide 0%,0;0.4;0.4_0;0;0_0;0;0_-100;2;5475_-100;2;5475_-100;2;5475,38.0465753424658,Prevalence,0.00634329686050452
NbyGQVwzFc_loc12_loop6,12,ITN 0%/IRS 0%/Larvicide 0%,0;0.4;0.4_0;0;0_0;0;0_-100;2;5475_-100;2;5475_-100;2;5475,38.0493150684932,Prevalence,0.00634564902040193
NbyGQVwzFc_loc12_loop6,12,ITN 0%/IRS 0%/Larvicide 0%,0;0.4;0.4_0;0;0_0;0;0_-100;2;5475_-100;2;5475_-100;2;5475,38.0520547945206,Prevalence,0.0063480076624453
NbyGQVwzFc_loc12_loop6,12,ITN 0%/IRS 0%/Larvicide 0%,0;0.4;0.4_0;0;0_0;0;0_-100;2;5475_-100;2;5475_-100;2;5475,38.0547945205479,Prevalence,0.00635037277934867
NbyGQVwzFc_loc12_loop6,12,ITN 0%/IRS 0%/Larvicide 0%,0;0.4;0.4_0;0;0_0;0;0_-100;2;5475_-100;2;5475_-100;2;5475,38.0575342465753,Prevalence,0.00635274436384392
NbyGQVwzFc_loc12_loop6,12,ITN 0%/IRS 0%/Larvicide 0%,0;0.4;0.4_0;0;0_0;0;0_-100;2;5475_-100;2;5475_-100;2;5475,38.0602739726027,Prevalence,0.00635512240868141
NbyGQVwzFc_loc12_loop6,12,ITN 0%/IRS 0%/Larvicide 0%,0;0.4;0.4_0;0;0_0;0;0_-100;2;5475_-100;2;5475_-100;2;5475,38.0630136986301,Prevalence,0.00635750690662814
NbyGQVwzFc_loc12_loop6,12,ITN 0%/IRS 0%/Larvicide 0%,0;0.4;0.4_0;0;0_0;0;0_-100;2;5475_-100;2;5475_-100;2;5475,38.0657534246575,Prevalence,0.00635989785046835
NbyGQVwzFc_loc12_loop6,12,ITN 0%/IRS 0%/Larvicide 0%,0;0.4;0.4_0;0;0_0;0;0_-100;2;5475_-100;2;5475_-100;2;5475,38.0684931506849,Prevalence,0.00636229523300482
NbyGQVwzFc_loc12_loop6,12,ITN 0%/IRS 0%/Larvicide 0%,0;0.4;0.4_0;0;0_0;0;0_-100;2;5475_-100;2;5475_-100;2;5475,38.0712328767123,Prevalence,0.00636469904705688
NbyGQVwzFc_loc12_loop6,12,ITN 0%/IRS 0%/Larvicide 0%,0;0.4;0.4_0;0;0_0;0;0_-100;2;5475_-100;2;5475_-100;2;5475,38.0739726027397,Prevalence,0.00636710928546046
NbyGQVwzFc_loc12_loop6,12,ITN 0%/IRS 0%/Larvicide 0%,0;0.4;0.4_0;0;0_0;0;0_-100;2;5475_-100;2;5475_-100;2;5475,38.0767123287671,Prevalence,0.00636952594106905
NbyGQVwzFc_loc12_loop6,12,ITN 0%/IRS 0%/Larvicide 0%,0;0.4;0.4_0;0;0_0;0;0_-100;2;5475_-100;2;5475_-100;2;5475,38.0794520547945,Prevalence,0.00637194900675269
NbyGQVwzFc_loc12_loop6,12,ITN 0%/IRS 0%/Larvicide 0%,0;0.4;0.4_0;0;0_0;0;0_-100;2;5475_-100;2;5475_-100;2;5475,38.0821917808219,Prevalence,0.00637437847539769
NbyGQVwzFc_loc12_loop6,12,ITN 0%/IRS 0%/Larvicide 0%,0;0.4;0.4_0;0;0_0;0;0_-100;2;5475_-100;2;5475_-100;2;5475,38.0849315068493,Prevalence,0.00637681433990706
NbyGQVwzFc_loc12_loop6,12,ITN 0%/IRS 0%/Larvicide 0%,0;0.4;0.4_0;0;0_0;0;0_-100;2;5475_-100;2;5475_-100;2;5475,38.0876712328767,Prevalence,0.00637925659320019
NbyGQVwzFc_loc12_loop6,12,ITN 0%/IRS 0%/Larvicide 0%,0;0.4;0.4_0;0;0_0;0;0_-100;2;5475_-100;2;5475_-100;2;5475,38.0904109589041,Prevalence,0.0063817052282124
NbyGQVwzFc_loc12_loop6,12,ITN 0%/IRS 0%/Larvicide 0%,0;0.4;0.4_0;0;0_0;0;0_-100;2;5475_-100;2;5475_-100;2;5475,38.0931506849315,Prevalence,0.00638416023789517
NbyGQVwzFc_loc12_loop6,12,ITN 0%/IRS 0%/Larvicide 0%,0;0.4;0.4_0;0;0_0;0;0_-100;2;5475_-100;2;5475_-100;2;5475,38.0958904109589,Prevalence,0.00638662161521588
NbyGQVwzFc_loc12_loop6,12,ITN 0%/IRS 0%/Larvicide 0%,0;0.4;0.4_0;0;0_0;0;0_-100;2;5475_-100;2;5475_-100;2;5475,38.0986301369863,Prevalence,0.0063890893531574
NbyGQVwzFc_loc12_loop6,12,ITN 0%/IRS 0%/Larvicide 0%,0;0.4;0.4_0;0;0_0;0;0_-100;2;5475_-100;2;5475_-100;2;5475,38.1013698630137,Prevalence,0.00639156344471845
NbyGQVwzFc_loc12_loop6,12,ITN 0%/IRS 0%/Larvicide 0%,0;0.4;0.4_0;0;0_0;0;0_-100;2;5475_-100;2;5475_-100;2;5475,38.1041095890411,Prevalence,0.00639404388291318
NbyGQVwzFc_loc12_loop6,12,ITN 0%/IRS 0%/Larvicide 0%,0;0.4;0.4_0;0;0_0;0;0_-100;2;5475_-100;2;5475_-100;2;5475,38.1068493150685,Prevalence,0.00639653066077092
NbyGQVwzFc_loc12_loop6,12,ITN 0%/IRS 0%/Larvicide 0%,0;0.4;0.4_0;0;0_0;0;0_-100;2;5475_-100;2;5475_-100;2;5475,38.1095890410959,Prevalence,0.00639902377133627
NbyGQVwzFc_loc12_loop6,12,ITN 0%/IRS 0%/Larvicide 0%,0;0.4;0.4_0;0;0_0;0;0_-100;2;5475_-100;2;5475_-100;2;5475,38.1123287671233,Prevalence,0.00640152320766891
NbyGQVwzFc_loc12_loop6,12,ITN 0%/IRS 0%/Larvicide 0%,0;0.4;0.4_0;0;0_0;0;0_-100;2;5475_-100;2;5475_-100;2;5475,38.1150684931507,Prevalence,0.00640402896284336
NbyGQVwzFc_loc12_loop6,12,ITN 0%/IRS 0%/Larvicide 0%,0;0.4;0.4_0;0;0_0;0;0_-100;2;5475_-100;2;5475_-100;2;5475,38.1178082191781,Prevalence,0.00640654102994893
NbyGQVwzFc_loc12_loop6,12,ITN 0%/IRS 0%/Larvicide 0%,0;0.4;0.4_0;0;0_0;0;0_-100;2;5475_-100;2;5475_-100;2;5475,38.1205479452055,Prevalence,0.00640905940208958
NbyGQVwzFc_loc12_loop6,12,ITN 0%/IRS 0%/Larvicide 0%,0;0.4;0.4_0;0;0_0;0;0_-100;2;5475_-100;2;5475_-100;2;5475,38.1232876712329,Prevalence,0.00641158407238376
NbyGQVwzFc_loc12_loop6,12,ITN 0%/IRS 0%/Larvicide 0%,0;0.4;0.4_0;0;0_0;0;0_-100;2;5475_-100;2;5475_-100;2;5475,38.1260273972603,Prevalence,0.0064141150339643
NbyGQVwzFc_loc12_loop6,12,ITN 0%/IRS 0%/Larvicide 0%,0;0.4;0.4_0;0;0_0;0;0_-100;2;5475_-100;2;5475_-100;2;5475,38.1287671232877,Prevalence,0.00641665227997833
NbyGQVwzFc_loc12_loop6,12,ITN 0%/IRS 0%/Larvicide 0%,0;0.4;0.4_0;0;0_0;0;0_-100;2;5475_-100;2;5475_-100;2;5475,38.1315068493151,Prevalence,0.00641919580358715
NbyGQVwzFc_loc12_loop6,12,ITN 0%/IRS 0%/Larvicide 0%,0;0.4;0.4_0;0;0_0;0;0_-100;2;5475_-100;2;5475_-100;2;5475,38.1342465753425,Prevalence,0.00642174559796583
NbyGQVwzFc_loc12_loop6,12,ITN 0%/IRS 0%/Larvicide 0%,0;0.4;0.4_0;0;0_0;0;0_-100;2;5475_-100;2;5475_-100;2;5475,38.1369863013699,Prevalence,0.00642430165630329
NbyGQVwzFc_loc12_loop6,12,ITN 0%/IRS 0%/Larvicide 0%,0;0.4;0.4_0;0;0_0;0;0_-100;2;5475_-100;2;5475_-100;2;5475,38.1397260273973,Prevalence,0.00642686397180218
NbyGQVwzFc_loc12_loop6,12,ITN 0%/IRS 0%/Larvicide 0%,0;0.4;0.4_0;0;0_0;0;0_-100;2;5475_-100;2;5475_-100;2;5475,38.1424657534247,Prevalence,0.00642943253767868
NbyGQVwzFc_loc12_loop6,12,ITN 0%/IRS 0%/Larvicide 0%,0;0.4;0.4_0;0;0_0;0;0_-100;2;5475_-100;2;5475_-100;2;5475,38.1452054794521,Prevalence,0.00643200734716247
NbyGQVwzFc_loc12_loop6,12,ITN 0%/IRS 0%/Larvicide 0%,0;0.4;0.4_0;0;0_0;0;0_-100;2;5475_-100;2;5475_-100;2;5475,38.1479452054795,Prevalence,0.00643458839349655
NbyGQVwzFc_loc12_loop6,12,ITN 0%/IRS 0%/Larvicide 0%,0;0.4;0.4_0;0;0_0;0;0_-100;2;5475_-100;2;5475_-100;2;5475,38.1506849315069,Prevalence,0.00643717566993711
NbyGQVwzFc_loc12_loop6,12,ITN 0%/IRS 0%/Larvicide 0%,0;0.4;0.4_0;0;0_0;0;0_-100;2;5475_-100;2;5475_-100;2;5475,38.1534246575342,Prevalence,0.00643976916975345
NbyGQVwzFc_loc12_loop6,12,ITN 0%/IRS 0%/Larvicide 0%,0;0.4;0.4_0;0;0_0;0;0_-100;2;5475_-100;2;5475_-100;2;5475,38.1561643835616,Prevalence,0.00644236888622776
NbyGQVwzFc_loc12_loop6,12,ITN 0%/IRS 0%/Larvicide 0%,0;0.4;0.4_0;0;0_0;0;0_-100;2;5475_-100;2;5475_-100;2;5475,38.158904109589,Prevalence,0.00644497481265513
NbyGQVwzFc_loc12_loop6,12,ITN 0%/IRS 0%/Larvicide 0%,0;0.4;0.4_0;0;0_0;0;0_-100;2;5475_-100;2;5475_-100;2;5475,38.1616438356164,Prevalence,0.00644758694234329
NbyGQVwzFc_loc12_loop6,12,ITN 0%/IRS 0%/Larvicide 0%,0;0.4;0.4_0;0;0_0;0;0_-100;2;5475_-100;2;5475_-100;2;5475,38.1643835616438,Prevalence,0.00645020526861257
NbyGQVwzFc_loc12_loop6,12,ITN 0%/IRS 0%/Larvicide 0%,0;0.4;0.4_0;0;0_0;0;0_-100;2;5475_-100;2;5475_-100;2;5475,38.1671232876712,Prevalence,0.00645282978479576
NbyGQVwzFc_loc12_loop6,12,ITN 0%/IRS 0%/Larvicide 0%,0;0.4;0.4_0;0;0_0;0;0_-100;2;5475_-100;2;5475_-100;2;5475,38.1698630136986,Prevalence,0.00645546048423797
NbyGQVwzFc_loc12_loop6,12,ITN 0%/IRS 0%/Larvicide 0%,0;0.4;0.4_0;0;0_0;0;0_-100;2;5475_-100;2;5475_-100;2;5475,38.172602739726,Prevalence,0.00645809736029651
NbyGQVwzFc_loc12_loop6,12,ITN 0%/IRS 0%/Larvicide 0%,0;0.4;0.4_0;0;0_0;0;0_-100;2;5475_-100;2;5475_-100;2;5475,38.1753424657534,Prevalence,0.0064607404063408
NbyGQVwzFc_loc12_loop6,12,ITN 0%/IRS 0%/Larvicide 0%,0;0.4;0.4_0;0;0_0;0;0_-100;2;5475_-100;2;5475_-100;2;5475,38.1780821917808,Prevalence,0.00646338961575221
NbyGQVwzFc_loc12_loop6,12,ITN 0%/IRS 0%/Larvicide 0%,0;0.4;0.4_0;0;0_0;0;0_-100;2;5475_-100;2;5475_-100;2;5475,38.1808219178082,Prevalence,0.00646604498192397
NbyGQVwzFc_loc12_loop6,12,ITN 0%/IRS 0%/Larvicide 0%,0;0.4;0.4_0;0;0_0;0;0_-100;2;5475_-100;2;5475_-100;2;5475,38.1835616438356,Prevalence,0.00646870649826102
NbyGQVwzFc_loc12_loop6,12,ITN 0%/IRS 0%/Larvicide 0%,0;0.4;0.4_0;0;0_0;0;0_-100;2;5475_-100;2;5475_-100;2;5475,38.186301369863,Prevalence,0.00647137415817992
NbyGQVwzFc_loc12_loop6,12,ITN 0%/IRS 0%/Larvicide 0%,0;0.4;0.4_0;0;0_0;0;0_-100;2;5475_-100;2;5475_-100;2;5475,38.1890410958904,Prevalence,0.00647404795510871
NbyGQVwzFc_loc12_loop6,12,ITN 0%/IRS 0%/Larvicide 0%,0;0.4;0.4_0;0;0_0;0;0_-100;2;5475_-100;2;5475_-100;2;5475,38.1917808219178,Prevalence,0.00647672788248682
NbyGQVwzFc_loc12_loop6,12,ITN 0%/IRS 0%/Larvicide 0%,0;0.4;0.4_0;0;0_0;0;0_-100;2;5475_-100;2;5475_-100;2;5475,38.1945205479452,Prevalence,0.0064794139337649
NbyGQVwzFc_loc12_loop6,12,ITN 0%/IRS 0%/Larvicide 0%,0;0.4;0.4_0;0;0_0;0;0_-100;2;5475_-100;2;5475_-100;2;5475,38.1972602739726,Prevalence,0.00648210610240479
NbyGQVwzFc_loc12_loop6,12,ITN 0%/IRS 0%/Larvicide 0%,0;0.4;0.4_0;0;0_0;0;0_-100;2;5475_-100;2;5475_-100;2;5475,38.2,Prevalence,0.0064848043818793
NbyGQVwzFc_loc12_loop6,12,ITN 0%/IRS 0%/Larvicide 0%,0;0.4;0.4_0;0;0_0;0;0_-100;2;5475_-100;2;5475_-100;2;5475,38.2027397260274,Prevalence,0.00648750876567216
NbyGQVwzFc_loc12_loop6,12,ITN 0%/IRS 0%/Larvicide 0%,0;0.4;0.4_0;0;0_0;0;0_-100;2;5475_-100;2;5475_-100;2;5475,38.2054794520548,Prevalence,0.00649021924727793
NbyGQVwzFc_loc12_loop6,12,ITN 0%/IRS 0%/Larvicide 0%,0;0.4;0.4_0;0;0_0;0;0_-100;2;5475_-100;2;5475_-100;2;5475,38.2082191780822,Prevalence,0.00649293582020179
NbyGQVwzFc_loc12_loop6,12,ITN 0%/IRS 0%/Larvicide 0%,0;0.4;0.4_0;0;0_0;0;0_-100;2;5475_-100;2;5475_-100;2;5475,38.2109589041096,Prevalence,0.00649565847795953
NbyGQVwzFc_loc12_loop6,12,ITN 0%/IRS 0%/Larvicide 0%,0;0.4;0.4_0;0;0_0;0;0_-100;2;5475_-100;2;5475_-100;2;5475,38.213698630137,Prevalence,0.00649838721407737
NbyGQVwzFc_loc12_loop6,12,ITN 0%/IRS 0%/Larvicide 0%,0;0.4;0.4_0;0;0_0;0;0_-100;2;5475_-100;2;5475_-100;2;5475,38.2164383561644,Prevalence,0.00650112202209187
NbyGQVwzFc_loc12_loop6,12,ITN 0%/IRS 0%/Larvicide 0%,0;0.4;0.4_0;0;0_0;0;0_-100;2;5475_-100;2;5475_-100;2;5475,38.2191780821918,Prevalence,0.00650386289554982
NbyGQVwzFc_loc12_loop6,12,ITN 0%/IRS 0%/Larvicide 0%,0;0.4;0.4_0;0;0_0;0;0_-100;2;5475_-100;2;5475_-100;2;5475,38.2219178082192,Prevalence,0.00650660982800812
NbyGQVwzFc_loc12_loop6,12,ITN 0%/IRS 0%/Larvicide 0%,0;0.4;0.4_0;0;0_0;0;0_-100;2;5475_-100;2;5475_-100;2;5475,38.2246575342466,Prevalence,0.00650936281303369
NbyGQVwzFc_loc12_loop6,12,ITN 0%/IRS 0%/Larvicide 0%,0;0.4;0.4_0;0;0_0;0;0_-100;2;5475_-100;2;5475_-100;2;5475,38.227397260274,Prevalence,0.00651212184420339
NbyGQVwzFc_loc12_loop6,12,ITN 0%/IRS 0%/Larvicide 0%,0;0.4;0.4_0;0;0_0;0;0_-100;2;5475_-100;2;5475_-100;2;5475,38.2301369863014,Prevalence,0.00651488691510388
NbyGQVwzFc_loc12_loop6,12,ITN 0%/IRS 0%/Larvicide 0%,0;0.4;0.4_0;0;0_0;0;0_-100;2;5475_-100;2;5475_-100;2;5475,38.2328767123288,Prevalence,0.00651765801933134
NbyGQVwzFc_loc12_loop6,12,ITN 0%/IRS 0%/Larvicide 0%,0;0.4;0.4_0;0;0_0;0;0_-100;2;5475_-100;2;5475_-100;2;5475,38.2356164383562,Prevalence,0.00652043515049149
NbyGQVwzFc_loc12_loop6,12,ITN 0%/IRS 0%/Larvicide 0%,0;0.4;0.4_0;0;0_0;0;0_-100;2;5475_-100;2;5475_-100;2;5475,38.2383561643836,Prevalence,0.00652321830219954
NbyGQVwzFc_loc12_loop6,12,ITN 0%/IRS 0%/Larvicide 0%,0;0.4;0.4_0;0;0_0;0;0_-100;2;5475_-100;2;5475_-100;2;5475,38.241095890411,Prevalence,0.00652600746808004
NbyGQVwzFc_loc12_loop6,12,ITN 0%/IRS 0%/Larvicide 0%,0;0.4;0.4_0;0;0_0;0;0_-100;2;5475_-100;2;5475_-100;2;5475,38.2438356164384,Prevalence,0.00652880264176678
NbyGQVwzFc_loc12_loop6,12,ITN 0%/IRS 0%/Larvicide 0%,0;0.4;0.4_0;0;0_0;0;0_-100;2;5475_-100;2;5475_-100;2;5475,38.2465753424658,Prevalence,0.00653160381690269
NbyGQVwzFc_loc12_loop6,12,ITN 0%/IRS 0%/Larvicide 0%,0;0.4;0.4_0;0;0_0;0;0_-100;2;5475_-100;2;5475_-100;2;5475,38.2493150684932,Prevalence,0.00653441098713973
NbyGQVwzFc_loc12_loop6,12,ITN 0%/IRS 0%/Larvicide 0%,0;0.4;0.4_0;0;0_0;0;0_-100;2;5475_-100;2;5475_-100;2;5475,38.2520547945206,Prevalence,0.00653722414613879
NbyGQVwzFc_loc12_loop6,12,ITN 0%/IRS 0%/Larvicide 0%,0;0.4;0.4_0;0;0_0;0;0_-100;2;5475_-100;2;5475_-100;2;5475,38.254794520548,Prevalence,0.00654004328756958
NbyGQVwzFc_loc12_loop6,12,ITN 0%/IRS 0%/Larvicide 0%,0;0.4;0.4_0;0;0_0;0;0_-100;2;5475_-100;2;5475_-100;2;5475,38.2575342465753,Prevalence,0.00654286840511053
NbyGQVwzFc_loc12_loop6,12,ITN 0%/IRS 0%/Larvicide 0%,0;0.4;0.4_0;0;0_0;0;0_-100;2;5475_-100;2;5475_-100;2;5475,38.2602739726027,Prevalence,0.00654569949244867
NbyGQVwzFc_loc12_loop6,12,ITN 0%/IRS 0%/Larvicide 0%,0;0.4;0.4_0;0;0_0;0;0_-100;2;5475_-100;2;5475_-100;2;5475,38.2630136986301,Prevalence,0.00654853654327956
NbyGQVwzFc_loc12_loop6,12,ITN 0%/IRS 0%/Larvicide 0%,0;0.4;0.4_0;0;0_0;0;0_-100;2;5475_-100;2;5475_-100;2;5475,38.2657534246575,Prevalence,0.00655137955130716
NbyGQVwzFc_loc12_loop6,12,ITN 0%/IRS 0%/Larvicide 0%,0;0.4;0.4_0;0;0_0;0;0_-100;2;5475_-100;2;5475_-100;2;5475,38.2684931506849,Prevalence,0.00655422851024372
NbyGQVwzFc_loc12_loop6,12,ITN 0%/IRS 0%/Larvicide 0%,0;0.4;0.4_0;0;0_0;0;0_-100;2;5475_-100;2;5475_-100;2;5475,38.2712328767123,Prevalence,0.00655708341380973
NbyGQVwzFc_loc12_loop6,12,ITN 0%/IRS 0%/Larvicide 0%,0;0.4;0.4_0;0;0_0;0;0_-100;2;5475_-100;2;5475_-100;2;5475,38.2739726027397,Prevalence,0.00655994425573375
NbyGQVwzFc_loc12_loop6,12,ITN 0%/IRS 0%/Larvicide 0%,0;0.4;0.4_0;0;0_0;0;0_-100;2;5475_-100;2;5475_-100;2;5475,38.2767123287671,Prevalence,0.00656281102975233
NbyGQVwzFc_loc12_loop6,12,ITN 0%/IRS 0%/Larvicide 0%,0;0.4;0.4_0;0;0_0;0;0_-100;2;5475_-100;2;5475_-100;2;5475,38.2794520547945,Prevalence,0.00656568372960999
NbyGQVwzFc_loc12_loop6,12,ITN 0%/IRS 0%/Larvicide 0%,0;0.4;0.4_0;0;0_0;0;0_-100;2;5475_-100;2;5475_-100;2;5475,38.2821917808219,Prevalence,0.00656856234905897
NbyGQVwzFc_loc12_loop6,12,ITN 0%/IRS 0%/Larvicide 0%,0;0.4;0.4_0;0;0_0;0;0_-100;2;5475_-100;2;5475_-100;2;5475,38.2849315068493,Prevalence,0.00657144688185928
NbyGQVwzFc_loc12_loop6,12,ITN 0%/IRS 0%/Larvicide 0%,0;0.4;0.4_0;0;0_0;0;0_-100;2;5475_-100;2;5475_-100;2;5475,38.2876712328767,Prevalence,0.00657433732177849
NbyGQVwzFc_loc12_loop6,12,ITN 0%/IRS 0%/Larvicide 0%,0;0.4;0.4_0;0;0_0;0;0_-100;2;5475_-100;2;5475_-100;2;5475,38.2904109589041,Prevalence,0.0065772336625917
NbyGQVwzFc_loc12_loop6,12,ITN 0%/IRS 0%/Larvicide 0%,0;0.4;0.4_0;0;0_0;0;0_-100;2;5475_-100;2;5475_-100;2;5475,38.2931506849315,Prevalence,0.00658013589808142
NbyGQVwzFc_loc12_loop6,12,ITN 0%/IRS 0%/Larvicide 0%,0;0.4;0.4_0;0;0_0;0;0_-100;2;5475_-100;2;5475_-100;2;5475,38.2958904109589,Prevalence,0.00658304402203745
NbyGQVwzFc_loc12_loop6,12,ITN 0%/IRS 0%/Larvicide 0%,0;0.4;0.4_0;0;0_0;0;0_-100;2;5475_-100;2;5475_-100;2;5475,38.2986301369863,Prevalence,0.00658595802825684
NbyGQVwzFc_loc12_loop6,12,ITN 0%/IRS 0%/Larvicide 0%,0;0.4;0.4_0;0;0_0;0;0_-100;2;5475_-100;2;5475_-100;2;5475,38.3013698630137,Prevalence,0.00658887791054375
NbyGQVwzFc_loc12_loop6,12,ITN 0%/IRS 0%/Larvicide 0%,0;0.4;0.4_0;0;0_0;0;0_-100;2;5475_-100;2;5475_-100;2;5475,38.3041095890411,Prevalence,0.00659180366270932
NbyGQVwzFc_loc12_loop6,12,ITN 0%/IRS 0%/Larvicide 0%,0;0.4;0.4_0;0;0_0;0;0_-100;2;5475_-100;2;5475_-100;2;5475,38.3068493150685,Prevalence,0.00659473527857169
NbyGQVwzFc_loc12_loop6,12,ITN 0%/IRS 0%/Larvicide 0%,0;0.4;0.4_0;0;0_0;0;0_-100;2;5475_-100;2;5475_-100;2;5475,38.3095890410959,Prevalence,0.00659767275195578
NbyGQVwzFc_loc12_loop6,12,ITN 0%/IRS 0%/Larvicide 0%,0;0.4;0.4_0;0;0_0;0;0_-100;2;5475_-100;2;5475_-100;2;5475,38.3123287671233,Prevalence,0.00660061607669329
NbyGQVwzFc_loc12_loop6,12,ITN 0%/IRS 0%/Larvicide 0%,0;0.4;0.4_0;0;0_0;0;0_-100;2;5475_-100;2;5475_-100;2;5475,38.3150684931507,Prevalence,0.00660356524662254
NbyGQVwzFc_loc12_loop6,12,ITN 0%/IRS 0%/Larvicide 0%,0;0.4;0.4_0;0;0_0;0;0_-100;2;5475_-100;2;5475_-100;2;5475,38.3178082191781,Prevalence,0.0066065202555884
NbyGQVwzFc_loc12_loop6,12,ITN 0%/IRS 0%/Larvicide 0%,0;0.4;0.4_0;0;0_0;0;0_-100;2;5475_-100;2;5475_-100;2;5475,38.3205479452055,Prevalence,0.00660948109744222
NbyGQVwzFc_loc12_loop6,12,ITN 0%/IRS 0%/Larvicide 0%,0;0.4;0.4_0;0;0_0;0;0_-100;2;5475_-100;2;5475_-100;2;5475,38.3232876712329,Prevalence,0.00661244776604171
NbyGQVwzFc_loc12_loop6,12,ITN 0%/IRS 0%/Larvicide 0%,0;0.4;0.4_0;0;0_0;0;0_-100;2;5475_-100;2;5475_-100;2;5475,38.3260273972603,Prevalence,0.00661542025525086
NbyGQVwzFc_loc12_loop6,12,ITN 0%/IRS 0%/Larvicide 0%,0;0.4;0.4_0;0;0_0;0;0_-100;2;5475_-100;2;5475_-100;2;5475,38.3287671232877,Prevalence,0.00661839855893986
NbyGQVwzFc_loc12_loop6,12,ITN 0%/IRS 0%/Larvicide 0%,0;0.4;0.4_0;0;0_0;0;0_-100;2;5475_-100;2;5475_-100;2;5475,38.3315068493151,Prevalence,0.00662138267098505
NbyGQVwzFc_loc12_loop6,12,ITN 0%/IRS 0%/Larvicide 0%,0;0.4;0.4_0;0;0_0;0;0_-100;2;5475_-100;2;5475_-100;2;5475,38.3342465753425,Prevalence,0.00662437258526868
NbyGQVwzFc_loc12_loop6,12,ITN 0%/IRS 0%/Larvicide 0%,0;0.4;0.4_0;0;0_0;0;0_-100;2;5475_-100;2;5475_-100;2;5475,38.3369863013699,Prevalence,0.00662736829567881
NbyGQVwzFc_loc12_loop6,12,ITN 0%/IRS 0%/Larvicide 0%,0;0.4;0.4_0;0;0_0;0;0_-100;2;5475_-100;2;5475_-100;2;5475,38.3397260273973,Prevalence,0.00663036979610941
NbyGQVwzFc_loc12_loop6,12,ITN 0%/IRS 0%/Larvicide 0%,0;0.4;0.4_0;0;0_0;0;0_-100;2;5475_-100;2;5475_-100;2;5475,38.3424657534247,Prevalence,0.00663337708046012
NbyGQVwzFc_loc12_loop6,12,ITN 0%/IRS 0%/Larvicide 0%,0;0.4;0.4_0;0;0_0;0;0_-100;2;5475_-100;2;5475_-100;2;5475,38.3452054794521,Prevalence,0.00663639014263624
NbyGQVwzFc_loc12_loop6,12,ITN 0%/IRS 0%/Larvicide 0%,0;0.4;0.4_0;0;0_0;0;0_-100;2;5475_-100;2;5475_-100;2;5475,38.3479452054795,Prevalence,0.00663940897654864
NbyGQVwzFc_loc12_loop6,12,ITN 0%/IRS 0%/Larvicide 0%,0;0.4;0.4_0;0;0_0;0;0_-100;2;5475_-100;2;5475_-100;2;5475,38.3506849315069,Prevalence,0.00664243357611365
NbyGQVwzFc_loc12_loop6,12,ITN 0%/IRS 0%/Larvicide 0%,0;0.4;0.4_0;0;0_0;0;0_-100;2;5475_-100;2;5475_-100;2;5475,38.3534246575343,Prevalence,0.006645463935253
NbyGQVwzFc_loc12_loop6,12,ITN 0%/IRS 0%/Larvicide 0%,0;0.4;0.4_0;0;0_0;0;0_-100;2;5475_-100;2;5475_-100;2;5475,38.3561643835616,Prevalence,0.00664850004789371
NbyGQVwzFc_loc12_loop6,12,ITN 0%/IRS 0%/Larvicide 0%,0;0.4;0.4_0;0;0_0;0;0_-100;2;5475_-100;2;5475_-100;2;5475,38.358904109589,Prevalence,0.006651541907968
NbyGQVwzFc_loc12_loop6,12,ITN 0%/IRS 0%/Larvicide 0%,0;0.4;0.4_0;0;0_0;0;0_-100;2;5475_-100;2;5475_-100;2;5475,38.3616438356164,Prevalence,0.00665458950941323
NbyGQVwzFc_loc12_loop6,12,ITN 0%/IRS 0%/Larvicide 0%,0;0.4;0.4_0;0;0_0;0;0_-100;2;5475_-100;2;5475_-100;2;5475,38.3643835616438,Prevalence,0.0066576428461718
NbyGQVwzFc_loc12_loop6,12,ITN 0%/IRS 0%/Larvicide 0%,0;0.4;0.4_0;0;0_0;0;0_-100;2;5475_-100;2;5475_-100;2;5475,38.3671232876712,Prevalence,0.00666070191219105
NbyGQVwzFc_loc12_loop6,12,ITN 0%/IRS 0%/Larvicide 0%,0;0.4;0.4_0;0;0_0;0;0_-100;2;5475_-100;2;5475_-100;2;5475,38.3698630136986,Prevalence,0.00666376670142322
NbyGQVwzFc_loc12_loop6,12,ITN 0%/IRS 0%/Larvicide 0%,0;0.4;0.4_0;0;0_0;0;0_-100;2;5475_-100;2;5475_-100;2;5475,38.372602739726,Prevalence,0.00666683720782529
NbyGQVwzFc_loc12_loop6,12,ITN 0%/IRS 0%/Larvicide 0%,0;0.4;0.4_0;0;0_0;0;0_-100;2;5475_-100;2;5475_-100;2;5475,38.3753424657534,Prevalence,0.006669913425359
NbyGQVwzFc_loc12_loop6,12,ITN 0%/IRS 0%/Larvicide 0%,0;0.4;0.4_0;0;0_0;0;0_-100;2;5475_-100;2;5475_-100;2;5475,38.3780821917808,Prevalence,0.00667299534799066
NbyGQVwzFc_loc12_loop6,12,ITN 0%/IRS 0%/Larvicide 0%,0;0.4;0.4_0;0;0_0;0;0_-100;2;5475_-100;2;5475_-100;2;5475,38.3808219178082,Prevalence,0.00667608296969114
NbyGQVwzFc_loc12_loop6,12,ITN 0%/IRS 0%/Larvicide 0%,0;0.4;0.4_0;0;0_0;0;0_-100;2;5475_-100;2;5475_-100;2;5475,38.3835616438356,Prevalence,0.00667917628443577
NbyGQVwzFc_loc12_loop6,12,ITN 0%/IRS 0%/Larvicide 0%,0;0.4;0.4_0;0;0_0;0;0_-100;2;5475_-100;2;5475_-100;2;5475,38.386301369863,Prevalence,0.00668227528620423
NbyGQVwzFc_loc12_loop6,12,ITN 0%/IRS 0%/Larvicide 0%,0;0.4;0.4_0;0;0_0;0;0_-100;2;5475_-100;2;5475_-100;2;5475,38.3890410958904,Prevalence,0.00668537996898053
NbyGQVwzFc_loc12_loop6,12,ITN 0%/IRS 0%/Larvicide 0%,0;0.4;0.4_0;0;0_0;0;0_-100;2;5475_-100;2;5475_-100;2;5475,38.3917808219178,Prevalence,0.00668849032675285
NbyGQVwzFc_loc12_loop6,12,ITN 0%/IRS 0%/Larvicide 0%,0;0.4;0.4_0;0;0_0;0;0_-100;2;5475_-100;2;5475_-100;2;5475,38.3945205479452,Prevalence,0.00669160635351352
NbyGQVwzFc_loc12_loop6,12,ITN 0%/IRS 0%/Larvicide 0%,0;0.4;0.4_0;0;0_0;0;0_-100;2;5475_-100;2;5475_-100;2;5475,38.3972602739726,Prevalence,0.00669472804325891
NbyGQVwzFc_loc12_loop6,12,ITN 0%/IRS 0%/Larvicide 0%,0;0.4;0.4_0;0;0_0;0;0_-100;2;5475_-100;2;5475_-100;2;5475,38.4,Prevalence,0.00669785538998938
NbyGQVwzFc_loc12_loop6,12,ITN 0%/IRS 0%/Larvicide 0%,0;0.4;0.4_0;0;0_0;0;0_-100;2;5475_-100;2;5475_-100;2;5475,38.4027397260274,Prevalence,0.00670098838770915
NbyGQVwzFc_loc12_loop6,12,ITN 0%/IRS 0%/Larvicide 0%,0;0.4;0.4_0;0;0_0;0;0_-100;2;5475_-100;2;5475_-100;2;5475,38.4054794520548,Prevalence,0.00670412703042626
NbyGQVwzFc_loc12_loop6,12,ITN 0%/IRS 0%/Larvicide 0%,0;0.4;0.4_0;0;0_0;0;0_-100;2;5475_-100;2;5475_-100;2;5475,38.4082191780822,Prevalence,0.0067072713121525
NbyGQVwzFc_loc12_loop6,12,ITN 0%/IRS 0%/Larvicide 0%,0;0.4;0.4_0;0;0_0;0;0_-100;2;5475_-100;2;5475_-100;2;5475,38.4109589041096,Prevalence,0.00671042122690331
NbyGQVwzFc_loc12_loop6,12,ITN 0%/IRS 0%/Larvicide 0%,0;0.4;0.4_0;0;0_0;0;0_-100;2;5475_-100;2;5475_-100;2;5475,38.413698630137,Prevalence,0.00671357676869769
NbyGQVwzFc_loc12_loop6,12,ITN 0%/IRS 0%/Larvicide 0%,0;0.4;0.4_0;0;0_0;0;0_-100;2;5475_-100;2;5475_-100;2;5475,38.4164383561644,Prevalence,0.00671673793155815
NbyGQVwzFc_loc12_loop6,12,ITN 0%/IRS 0%/Larvicide 0%,0;0.4;0.4_0;0;0_0;0;0_-100;2;5475_-100;2;5475_-100;2;5475,38.4191780821918,Prevalence,0.0067199047095106
NbyGQVwzFc_loc12_loop6,12,ITN 0%/IRS 0%/Larvicide 0%,0;0.4;0.4_0;0;0_0;0;0_-100;2;5475_-100;2;5475_-100;2;5475,38.4219178082192,Prevalence,0.00672307709658436
NbyGQVwzFc_loc12_loop6,12,ITN 0%/IRS 0%/Larvicide 0%,0;0.4;0.4_0;0;0_0;0;0_-100;2;5475_-100;2;5475_-100;2;5475,38.4246575342466,Prevalence,0.00672625508681195
NbyGQVwzFc_loc12_loop6,12,ITN 0%/IRS 0%/Larvicide 0%,0;0.4;0.4_0;0;0_0;0;0_-100;2;5475_-100;2;5475_-100;2;5475,38.427397260274,Prevalence,0.0067294386742291
NbyGQVwzFc_loc12_loop6,12,ITN 0%/IRS 0%/Larvicide 0%,0;0.4;0.4_0;0;0_0;0;0_-100;2;5475_-100;2;5475_-100;2;5475,38.4301369863014,Prevalence,0.00673262785287469
NbyGQVwzFc_loc12_loop6,12,ITN 0%/IRS 0%/Larvicide 0%,0;0.4;0.4_0;0;0_0;0;0_-100;2;5475_-100;2;5475_-100;2;5475,38.4328767123288,Prevalence,0.00673582261679062
NbyGQVwzFc_loc12_loop6,12,ITN 0%/IRS 0%/Larvicide 0%,0;0.4;0.4_0;0;0_0;0;0_-100;2;5475_-100;2;5475_-100;2;5475,38.4356164383562,Prevalence,0.00673902296002174
NbyGQVwzFc_loc12_loop6,12,ITN 0%/IRS 0%/Larvicide 0%,0;0.4;0.4_0;0;0_0;0;0_-100;2;5475_-100;2;5475_-100;2;5475,38.4383561643836,Prevalence,0.00674222887661587
NbyGQVwzFc_loc12_loop6,12,ITN 0%/IRS 0%/Larvicide 0%,0;0.4;0.4_0;0;0_0;0;0_-100;2;5475_-100;2;5475_-100;2;5475,38.441095890411,Prevalence,0.00674544036062363
NbyGQVwzFc_loc12_loop6,12,ITN 0%/IRS 0%/Larvicide 0%,0;0.4;0.4_0;0;0_0;0;0_-100;2;5475_-100;2;5475_-100;2;5475,38.4438356164384,Prevalence,0.00674865740609826
NbyGQVwzFc_loc12_loop6,12,ITN 0%/IRS 0%/Larvicide 0%,0;0.4;0.4_0;0;0_0;0;0_-100;2;5475_-100;2;5475_-100;2;5475,38.4465753424658,Prevalence,0.00675188000709571
NbyGQVwzFc_loc12_loop6,12,ITN 0%/IRS 0%/Larvicide 0%,0;0.4;0.4_0;0;0_0;0;0_-100;2;5475_-100;2;5475_-100;2;5475,38.4493150684932,Prevalence,0.0067551081576745
NbyGQVwzFc_loc12_loop6,12,ITN 0%/IRS 0%/Larvicide 0%,0;0.4;0.4_0;0;0_0;0;0_-100;2;5475_-100;2;5475_-100;2;5475,38.4520547945206,Prevalence,0.00675834185189569
NbyGQVwzFc_loc12_loop6,12,ITN 0%/IRS 0%/Larvicide 0%,0;0.4;0.4_0;0;0_0;0;0_-100;2;5475_-100;2;5475_-100;2;5475,38.4547945205479,Prevalence,0.0067615810838228
NbyGQVwzFc_loc12_loop6,12,ITN 0%/IRS 0%/Larvicide 0%,0;0.4;0.4_0;0;0_0;0;0_-100;2;5475_-100;2;5475_-100;2;5475,38.4575342465753,Prevalence,0.00676482584752174
NbyGQVwzFc_loc12_loop6,12,ITN 0%/IRS 0%/Larvicide 0%,0;0.4;0.4_0;0;0_0;0;0_-100;2;5475_-100;2;5475_-100;2;5475,38.4602739726027,Prevalence,0.00676807613706074
NbyGQVwzFc_loc12_loop6,12,ITN 0%/IRS 0%/Larvicide 0%,0;0.4;0.4_0;0;0_0;0;0_-100;2;5475_-100;2;5475_-100;2;5475,38.4630136986301,Prevalence,0.00677133194651026
NbyGQVwzFc_loc12_loop6,12,ITN 0%/IRS 0%/Larvicide 0%,0;0.4;0.4_0;0;0_0;0;0_-100;2;5475_-100;2;5475_-100;2;5475,38.4657534246575,Prevalence,0.00677459326994295
NbyGQVwzFc_loc12_loop6,12,ITN 0%/IRS 0%/Larvicide 0%,0;0.4;0.4_0;0;0_0;0;0_-100;2;5475_-100;2;5475_-100;2;5475,38.4684931506849,Prevalence,0.00677786010143357
NbyGQVwzFc_loc12_loop6,12,ITN 0%/IRS 0%/Larvicide 0%,0;0.4;0.4_0;0;0_0;0;0_-100;2;5475_-100;2;5475_-100;2;5475,38.4712328767123,Prevalence,0.0067811324350589
NbyGQVwzFc_loc12_loop6,12,ITN 0%/IRS 0%/Larvicide 0%,0;0.4;0.4_0;0;0_0;0;0_-100;2;5475_-100;2;5475_-100;2;5475,38.4739726027397,Prevalence,0.00678441026489769
NbyGQVwzFc_loc12_loop6,12,ITN 0%/IRS 0%/Larvicide 0%,0;0.4;0.4_0;0;0_0;0;0_-100;2;5475_-100;2;5475_-100;2;5475,38.4767123287671,Prevalence,0.0067876935850306
NbyGQVwzFc_loc12_loop6,12,ITN 0%/IRS 0%/Larvicide 0%,0;0.4;0.4_0;0;0_0;0;0_-100;2;5475_-100;2;5475_-100;2;5475,38.4794520547945,Prevalence,0.0067909823895401
NbyGQVwzFc_loc12_loop6,12,ITN 0%/IRS 0%/Larvicide 0%,0;0.4;0.4_0;0;0_0;0;0_-100;2;5475_-100;2;5475_-100;2;5475,38.4821917808219,Prevalence,0.00679427667251043
NbyGQVwzFc_loc12_loop6,12,ITN 0%/IRS 0%/Larvicide 0%,0;0.4;0.4_0;0;0_0;0;0_-100;2;5475_-100;2;5475_-100;2;5475,38.4849315068493,Prevalence,0.00679757642802753
NbyGQVwzFc_loc12_loop6,12,ITN 0%/IRS 0%/Larvicide 0%,0;0.4;0.4_0;0;0_0;0;0_-100;2;5475_-100;2;5475_-100;2;5475,38.4876712328767,Prevalence,0.00680088165017895
NbyGQVwzFc_loc12_loop6,12,ITN 0%/IRS 0%/Larvicide 0%,0;0.4;0.4_0;0;0_0;0;0_-100;2;5475_-100;2;5475_-100;2;5475,38.4904109589041,Prevalence,0.00680419233305381
NbyGQVwzFc_loc12_loop6,12,ITN 0%/IRS 0%/Larvicide 0%,0;0.4;0.4_0;0;0_0;0;0_-100;2;5475_-100;2;5475_-100;2;5475,38.4931506849315,Prevalence,0.00680750847074272
NbyGQVwzFc_loc12_loop6,12,ITN 0%/IRS 0%/Larvicide 0%,0;0.4;0.4_0;0;0_0;0;0_-100;2;5475_-100;2;5475_-100;2;5475,38.4958904109589,Prevalence,0.00681083005733772
NbyGQVwzFc_loc12_loop6,12,ITN 0%/IRS 0%/Larvicide 0%,0;0.4;0.4_0;0;0_0;0;0_-100;2;5475_-100;2;5475_-100;2;5475,38.4986301369863,Prevalence,0.0068141570869322
NbyGQVwzFc_loc12_loop6,12,ITN 0%/IRS 0%/Larvicide 0%,0;0.4;0.4_0;0;0_0;0;0_-100;2;5475_-100;2;5475_-100;2;5475,38.5013698630137,Prevalence,0.00681748955362085
NbyGQVwzFc_loc12_loop6,12,ITN 0%/IRS 0%/Larvicide 0%,0;0.4;0.4_0;0;0_0;0;0_-100;2;5475_-100;2;5475_-100;2;5475,38.5041095890411,Prevalence,0.00682082745149959
NbyGQVwzFc_loc12_loop6,12,ITN 0%/IRS 0%/Larvicide 0%,0;0.4;0.4_0;0;0_0;0;0_-100;2;5475_-100;2;5475_-100;2;5475,38.5068493150685,Prevalence,0.00682417077466549
NbyGQVwzFc_loc12_loop6,12,ITN 0%/IRS 0%/Larvicide 0%,0;0.4;0.4_0;0;0_0;0;0_-100;2;5475_-100;2;5475_-100;2;5475,38.5095890410959,Prevalence,0.00682751951721675
NbyGQVwzFc_loc12_loop6,12,ITN 0%/IRS 0%/Larvicide 0%,0;0.4;0.4_0;0;0_0;0;0_-100;2;5475_-100;2;5475_-100;2;5475,38.5123287671233,Prevalence,0.00683087367325259
NbyGQVwzFc_loc12_loop6,12,ITN 0%/IRS 0%/Larvicide 0%,0;0.4;0.4_0;0;0_0;0;0_-100;2;5475_-100;2;5475_-100;2;5475,38.5150684931507,Prevalence,0.00683423323687319
NbyGQVwzFc_loc12_loop6,12,ITN 0%/IRS 0%/Larvicide 0%,0;0.4;0.4_0;0;0_0;0;0_-100;2;5475_-100;2;5475_-100;2;5475,38.5178082191781,Prevalence,0.00683759820217964
NbyGQVwzFc_loc12_loop6,12,ITN 0%/IRS 0%/Larvicide 0%,0;0.4;0.4_0;0;0_0;0;0_-100;2;5475_-100;2;5475_-100;2;5475,38.5205479452055,Prevalence,0.0068409685632739
NbyGQVwzFc_loc12_loop6,12,ITN 0%/IRS 0%/Larvicide 0%,0;0.4;0.4_0;0;0_0;0;0_-100;2;5475_-100;2;5475_-100;2;5475,38.5232876712329,Prevalence,0.0068443443142587
NbyGQVwzFc_loc12_loop6,12,ITN 0%/IRS 0%/Larvicide 0%,0;0.4;0.4_0;0;0_0;0;0_-100;2;5475_-100;2;5475_-100;2;5475,38.5260273972603,Prevalence,0.00684772544923746
NbyGQVwzFc_loc12_loop6,12,ITN 0%/IRS 0%/Larvicide 0%,0;0.4;0.4_0;0;0_0;0;0_-100;2;5475_-100;2;5475_-100;2;5475,38.5287671232877,Prevalence,0.00685111196231431
NbyGQVwzFc_loc12_loop6,12,ITN 0%/IRS 0%/Larvicide 0%,0;0.4;0.4_0;0;0_0;0;0_-100;2;5475_-100;2;5475_-100;2;5475,38.5315068493151,Prevalence,0.00685450384759395
NbyGQVwzFc_loc12_loop6,12,ITN 0%/IRS 0%/Larvicide 0%,0;0.4;0.4_0;0;0_0;0;0_-100;2;5475_-100;2;5475_-100;2;5475,38.5342465753425,Prevalence,0.00685790109918161
NbyGQVwzFc_loc12_loop6,12,ITN 0%/IRS 0%/Larvicide 0%,0;0.4;0.4_0;0;0_0;0;0_-100;2;5475_-100;2;5475_-100;2;5475,38.5369863013699,Prevalence,0.006861303711183
NbyGQVwzFc_loc12_loop6,12,ITN 0%/IRS 0%/Larvicide 0%,0;0.4;0.4_0;0;0_0;0;0_-100;2;5475_-100;2;5475_-100;2;5475,38.5397260273973,Prevalence,0.00686471167770426
NbyGQVwzFc_loc12_loop6,12,ITN 0%/IRS 0%/Larvicide 0%,0;0.4;0.4_0;0;0_0;0;0_-100;2;5475_-100;2;5475_-100;2;5475,38.5424657534247,Prevalence,0.00686812499285186
NbyGQVwzFc_loc12_loop6,12,ITN 0%/IRS 0%/Larvicide 0%,0;0.4;0.4_0;0;0_0;0;0_-100;2;5475_-100;2;5475_-100;2;5475,38.5452054794521,Prevalence,0.00687154365073257
NbyGQVwzFc_loc12_loop6,12,ITN 0%/IRS 0%/Larvicide 0%,0;0.4;0.4_0;0;0_0;0;0_-100;2;5475_-100;2;5475_-100;2;5475,38.5479452054795,Prevalence,0.0068749676454534
NbyGQVwzFc_loc12_loop6,12,ITN 0%/IRS 0%/Larvicide 0%,0;0.4;0.4_0;0;0_0;0;0_-100;2;5475_-100;2;5475_-100;2;5475,38.5506849315069,Prevalence,0.00687839697112153
NbyGQVwzFc_loc12_loop6,12,ITN 0%/IRS 0%/Larvicide 0%,0;0.4;0.4_0;0;0_0;0;0_-100;2;5475_-100;2;5475_-100;2;5475,38.5534246575342,Prevalence,0.00688183162184428
NbyGQVwzFc_loc12_loop6,12,ITN 0%/IRS 0%/Larvicide 0%,0;0.4;0.4_0;0;0_0;0;0_-100;2;5475_-100;2;5475_-100;2;5475,38.5561643835616,Prevalence,0.00688527159172901
NbyGQVwzFc_loc12_loop6,12,ITN 0%/IRS 0%/Larvicide 0%,0;0.4;0.4_0;0;0_0;0;0_-100;2;5475_-100;2;5475_-100;2;5475,38.558904109589,Prevalence,0.00688871687488301
NbyGQVwzFc_loc12_loop6,12,ITN 0%/IRS 0%/Larvicide 0%,0;0.4;0.4_0;0;0_0;0;0_-100;2;5475_-100;2;5475_-100;2;5475,38.5616438356164,Prevalence,0.0068921674654135
NbyGQVwzFc_loc12_loop6,12,ITN 0%/IRS 0%/Larvicide 0%,0;0.4;0.4_0;0;0_0;0;0_-100;2;5475_-100;2;5475_-100;2;5475,38.5643835616438,Prevalence,0.00689562335742757
NbyGQVwzFc_loc12_loop6,12,ITN 0%/IRS 0%/Larvicide 0%,0;0.4;0.4_0;0;0_0;0;0_-100;2;5475_-100;2;5475_-100;2;5475,38.5671232876712,Prevalence,0.00689908454503216
NbyGQVwzFc_loc12_loop6,12,ITN 0%/IRS 0%/Larvicide 0%,0;0.4;0.4_0;0;0_0;0;0_-100;2;5475_-100;2;5475_-100;2;5475,38.5698630136986,Prevalence,0.00690255102233396
NbyGQVwzFc_loc12_loop6,12,ITN 0%/IRS 0%/Larvicide 0%,0;0.4;0.4_0;0;0_0;0;0_-100;2;5475_-100;2;5475_-100;2;5475,38.572602739726,Prevalence,0.00690602278343938
NbyGQVwzFc_loc12_loop6,12,ITN 0%/IRS 0%/Larvicide 0%,0;0.4;0.4_0;0;0_0;0;0_-100;2;5475_-100;2;5475_-100;2;5475,38.5753424657534,Prevalence,0.00690949982245448
NbyGQVwzFc_loc12_loop6,12,ITN 0%/IRS 0%/Larvicide 0%,0;0.4;0.4_0;0;0_0;0;0_-100;2;5475_-100;2;5475_-100;2;5475,38.5780821917808,Prevalence,0.00691298213348493
NbyGQVwzFc_loc12_loop6,12,ITN 0%/IRS 0%/Larvicide 0%,0;0.4;0.4_0;0;0_0;0;0_-100;2;5475_-100;2;5475_-100;2;5475,38.5808219178082,Prevalence,0.00691646971063593
NbyGQVwzFc_loc12_loop6,12,ITN 0%/IRS 0%/Larvicide 0%,0;0.4;0.4_0;0;0_0;0;0_-100;2;5475_-100;2;5475_-100;2;5475,38.5835616438356,Prevalence,0.00691996254801219
NbyGQVwzFc_loc12_loop6,12,ITN 0%/IRS 0%/Larvicide 0%,0;0.4;0.4_0;0;0_0;0;0_-100;2;5475_-100;2;5475_-100;2;5475,38.586301369863,Prevalence,0.00692346063971782
NbyGQVwzFc_loc12_loop6,12,ITN 0%/IRS 0%/Larvicide 0%,0;0.4;0.4_0;0;0_0;0;0_-100;2;5475_-100;2;5475_-100;2;5475,38.5890410958904,Prevalence,0.00692696397985636
NbyGQVwzFc_loc12_loop6,12,ITN 0%/IRS 0%/Larvicide 0%,0;0.4;0.4_0;0;0_0;0;0_-100;2;5475_-100;2;5475_-100;2;5475,38.5917808219178,Prevalence,0.00693047256253063
NbyGQVwzFc_loc12_loop6,12,ITN 0%/IRS 0%/Larvicide 0%,0;0.4;0.4_0;0;0_0;0;0_-100;2;5475_-100;2;5475_-100;2;5475,38.5945205479452,Prevalence,0.00693398638184275
NbyGQVwzFc_loc12_loop6,12,ITN 0%/IRS 0%/Larvicide 0%,0;0.4;0.4_0;0;0_0;0;0_-100;2;5475_-100;2;5475_-100;2;5475,38.5972602739726,Prevalence,0.00693750543189404
NbyGQVwzFc_loc12_loop6,12,ITN 0%/IRS 0%/Larvicide 0%,0;0.4;0.4_0;0;0_0;0;0_-100;2;5475_-100;2;5475_-100;2;5475,38.6,Prevalence,0.00694102970678498
NbyGQVwzFc_loc12_loop6,12,ITN 0%/IRS 0%/Larvicide 0%,0;0.4;0.4_0;0;0_0;0;0_-100;2;5475_-100;2;5475_-100;2;5475,38.6027397260274,Prevalence,0.00694455920061517
NbyGQVwzFc_loc12_loop6,12,ITN 0%/IRS 0%/Larvicide 0%,0;0.4;0.4_0;0;0_0;0;0_-100;2;5475_-100;2;5475_-100;2;5475,38.6054794520548,Prevalence,0.0069480939074833
NbyGQVwzFc_loc12_loop6,12,ITN 0%/IRS 0%/Larvicide 0%,0;0.4;0.4_0;0;0_0;0;0_-100;2;5475_-100;2;5475_-100;2;5475,38.6082191780822,Prevalence,0.006951633821487
NbyGQVwzFc_loc12_loop6,12,ITN 0%/IRS 0%/Larvicide 0%,0;0.4;0.4_0;0;0_0;0;0_-100;2;5475_-100;2;5475_-100;2;5475,38.6109589041096,Prevalence,0.0069551789367229
NbyGQVwzFc_loc12_loop6,12,ITN 0%/IRS 0%/Larvicide 0%,0;0.4;0.4_0;0;0_0;0;0_-100;2;5475_-100;2;5475_-100;2;5475,38.613698630137,Prevalence,0.00695872924728652
NbyGQVwzFc_loc12_loop6,12,ITN 0%/IRS 0%/Larvicide 0%,0;0.4;0.4_0;0;0_0;0;0_-100;2;5475_-100;2;5475_-100;2;5475,38.6164383561644,Prevalence,0.00696228474727223
NbyGQVwzFc_loc12_loop6,12,ITN 0%/IRS 0%/Larvicide 0%,0;0.4;0.4_0;0;0_0;0;0_-100;2;5475_-100;2;5475_-100;2;5475,38.6191780821918,Prevalence,0.00696584543077319
NbyGQVwzFc_loc12_loop6,12,ITN 0%/IRS 0%/Larvicide 0%,0;0.4;0.4_0;0;0_0;0;0_-100;2;5475_-100;2;5475_-100;2;5475,38.6219178082192,Prevalence,0.00696941129188133
NbyGQVwzFc_loc12_loop6,12,ITN 0%/IRS 0%/Larvicide 0%,0;0.4;0.4_0;0;0_0;0;0_-100;2;5475_-100;2;5475_-100;2;5475,38.6246575342466,Prevalence,0.00697298232468726
NbyGQVwzFc_loc12_loop6,12,ITN 0%/IRS 0%/Larvicide 0%,0;0.4;0.4_0;0;0_0;0;0_-100;2;5475_-100;2;5475_-100;2;5475,38.627397260274,Prevalence,0.00697655852328025
NbyGQVwzFc_loc12_loop6,12,ITN 0%/IRS 0%/Larvicide 0%,0;0.4;0.4_0;0;0_0;0;0_-100;2;5475_-100;2;5475_-100;2;5475,38.6301369863014,Prevalence,0.00698013988174812
NbyGQVwzFc_loc12_loop6,12,ITN 0%/IRS 0%/Larvicide 0%,0;0.4;0.4_0;0;0_0;0;0_-100;2;5475_-100;2;5475_-100;2;5475,38.6328767123288,Prevalence,0.00698372639417732
NbyGQVwzFc_loc12_loop6,12,ITN 0%/IRS 0%/Larvicide 0%,0;0.4;0.4_0;0;0_0;0;0_-100;2;5475_-100;2;5475_-100;2;5475,38.6356164383562,Prevalence,0.00698731805465273
NbyGQVwzFc_loc12_loop6,12,ITN 0%/IRS 0%/Larvicide 0%,0;0.4;0.4_0;0;0_0;0;0_-100;2;5475_-100;2;5475_-100;2;5475,38.6383561643836,Prevalence,0.0069909148572577
NbyGQVwzFc_loc12_loop6,12,ITN 0%/IRS 0%/Larvicide 0%,0;0.4;0.4_0;0;0_0;0;0_-100;2;5475_-100;2;5475_-100;2;5475,38.641095890411,Prevalence,0.00699451679607399
NbyGQVwzFc_loc12_loop6,12,ITN 0%/IRS 0%/Larvicide 0%,0;0.4;0.4_0;0;0_0;0;0_-100;2;5475_-100;2;5475_-100;2;5475,38.6438356164384,Prevalence,0.00699812386518171
NbyGQVwzFc_loc12_loop6,12,ITN 0%/IRS 0%/Larvicide 0%,0;0.4;0.4_0;0;0_0;0;0_-100;2;5475_-100;2;5475_-100;2;5475,38.6465753424658,Prevalence,0.00700173605865924
NbyGQVwzFc_loc12_loop6,12,ITN 0%/IRS 0%/Larvicide 0%,0;0.4;0.4_0;0;0_0;0;0_-100;2;5475_-100;2;5475_-100;2;5475,38.6493150684932,Prevalence,0.00700535337058326
NbyGQVwzFc_loc12_loop6,12,ITN 0%/IRS 0%/Larvicide 0%,0;0.4;0.4_0;0;0_0;0;0_-100;2;5475_-100;2;5475_-100;2;5475,38.6520547945205,Prevalence,0.00700897579502865
NbyGQVwzFc_loc12_loop6,12,ITN 0%/IRS 0%/Larvicide 0%,0;0.4;0.4_0;0;0_0;0;0_-100;2;5475_-100;2;5475_-100;2;5475,38.6547945205479,Prevalence,0.00701260332606843
NbyGQVwzFc_loc12_loop6,12,ITN 0%/IRS 0%/Larvicide 0%,0;0.4;0.4_0;0;0_0;0;0_-100;2;5475_-100;2;5475_-100;2;5475,38.6575342465753,Prevalence,0.00701623595777373
NbyGQVwzFc_loc12_loop6,12,ITN 0%/IRS 0%/Larvicide 0%,0;0.4;0.4_0;0;0_0;0;0_-100;2;5475_-100;2;5475_-100;2;5475,38.6602739726027,Prevalence,0.00701987368421379
NbyGQVwzFc_loc12_loop6,12,ITN 0%/IRS 0%/Larvicide 0%,0;0.4;0.4_0;0;0_0;0;0_-100;2;5475_-100;2;5475_-100;2;5475,38.6630136986301,Prevalence,0.00702351649945581
NbyGQVwzFc_loc12_loop6,12,ITN 0%/IRS 0%/Larvicide 0%,0;0.4;0.4_0;0;0_0;0;0_-100;2;5475_-100;2;5475_-100;2;5475,38.6657534246575,Prevalence,0.00702716439756502
NbyGQVwzFc_loc12_loop6,12,ITN 0%/IRS 0%/Larvicide 0%,0;0.4;0.4_0;0;0_0;0;0_-100;2;5475_-100;2;5475_-100;2;5475,38.6684931506849,Prevalence,0.00703081737260453
NbyGQVwzFc_loc12_loop6,12,ITN 0%/IRS 0%/Larvicide 0%,0;0.4;0.4_0;0;0_0;0;0_-100;2;5475_-100;2;5475_-100;2;5475,38.6712328767123,Prevalence,0.00703447541863537
NbyGQVwzFc_loc12_loop6,12,ITN 0%/IRS 0%/Larvicide 0%,0;0.4;0.4_0;0;0_0;0;0_-100;2;5475_-100;2;5475_-100;2;5475,38.6739726027397,Prevalence,0.0070381385297164
NbyGQVwzFc_loc12_loop6,12,ITN 0%/IRS 0%/Larvicide 0%,0;0.4;0.4_0;0;0_0;0;0_-100;2;5475_-100;2;5475_-100;2;5475,38.6767123287671,Prevalence,0.00704180669990427
NbyGQVwzFc_loc12_loop6,12,ITN 0%/IRS 0%/Larvicide 0%,0;0.4;0.4_0;0;0_0;0;0_-100;2;5475_-100;2;5475_-100;2;5475,38.6794520547945,Prevalence,0.00704547992325336
NbyGQVwzFc_loc12_loop6,12,ITN 0%/IRS 0%/Larvicide 0%,0;0.4;0.4_0;0;0_0;0;0_-100;2;5475_-100;2;5475_-100;2;5475,38.6821917808219,Prevalence,0.0070491581938157
NbyGQVwzFc_loc12_loop6,12,ITN 0%/IRS 0%/Larvicide 0%,0;0.4;0.4_0;0;0_0;0;0_-100;2;5475_-100;2;5475_-100;2;5475,38.6849315068493,Prevalence,0.00705284150564098
NbyGQVwzFc_loc12_loop6,12,ITN 0%/IRS 0%/Larvicide 0%,0;0.4;0.4_0;0;0_0;0;0_-100;2;5475_-100;2;5475_-100;2;5475,38.6876712328767,Prevalence,0.00705652985277652
NbyGQVwzFc_loc12_loop6,12,ITN 0%/IRS 0%/Larvicide 0%,0;0.4;0.4_0;0;0_0;0;0_-100;2;5475_-100;2;5475_-100;2;5475,38.6904109589041,Prevalence,0.00706022322926718
NbyGQVwzFc_loc12_loop6,12,ITN 0%/IRS 0%/Larvicide 0%,0;0.4;0.4_0;0;0_0;0;0_-100;2;5475_-100;2;5475_-100;2;5475,38.6931506849315,Prevalence,0.00706392162915539
NbyGQVwzFc_loc12_loop6,12,ITN 0%/IRS 0%/Larvicide 0%,0;0.4;0.4_0;0;0_0;0;0_-100;2;5475_-100;2;5475_-100;2;5475,38.6958904109589,Prevalence,0.00706762504648104
NbyGQVwzFc_loc12_loop6,12,ITN 0%/IRS 0%/Larvicide 0%,0;0.4;0.4_0;0;0_0;0;0_-100;2;5475_-100;2;5475_-100;2;5475,38.6986301369863,Prevalence,0.00707133347528145
NbyGQVwzFc_loc12_loop6,12,ITN 0%/IRS 0%/Larvicide 0%,0;0.4;0.4_0;0;0_0;0;0_-100;2;5475_-100;2;5475_-100;2;5475,38.7013698630137,Prevalence,0.00707504690959139
NbyGQVwzFc_loc12_loop6,12,ITN 0%/IRS 0%/Larvicide 0%,0;0.4;0.4_0;0;0_0;0;0_-100;2;5475_-100;2;5475_-100;2;5475,38.7041095890411,Prevalence,0.00707876534344293
NbyGQVwzFc_loc12_loop6,12,ITN 0%/IRS 0%/Larvicide 0%,0;0.4;0.4_0;0;0_0;0;0_-100;2;5475_-100;2;5475_-100;2;5475,38.7068493150685,Prevalence,0.00708248877086552
NbyGQVwzFc_loc12_loop6,12,ITN 0%/IRS 0%/Larvicide 0%,0;0.4;0.4_0;0;0_0;0;0_-100;2;5475_-100;2;5475_-100;2;5475,38.7095890410959,Prevalence,0.00708621718588582
NbyGQVwzFc_loc12_loop6,12,ITN 0%/IRS 0%/Larvicide 0%,0;0.4;0.4_0;0;0_0;0;0_-100;2;5475_-100;2;5475_-100;2;5475,38.7123287671233,Prevalence,0.00708995058252777
NbyGQVwzFc_loc12_loop6,12,ITN 0%/IRS 0%/Larvicide 0%,0;0.4;0.4_0;0;0_0;0;0_-100;2;5475_-100;2;5475_-100;2;5475,38.7150684931507,Prevalence,0.00709368895481249
NbyGQVwzFc_loc12_loop6,12,ITN 0%/IRS 0%/Larvicide 0%,0;0.4;0.4_0;0;0_0;0;0_-100;2;5475_-100;2;5475_-100;2;5475,38.7178082191781,Prevalence,0.00709743229675825
NbyGQVwzFc_loc12_loop6,12,ITN 0%/IRS 0%/Larvicide 0%,0;0.4;0.4_0;0;0_0;0;0_-100;2;5475_-100;2;5475_-100;2;5475,38.7205479452055,Prevalence,0.00710118060238044
NbyGQVwzFc_loc12_loop6,12,ITN 0%/IRS 0%/Larvicide 0%,0;0.4;0.4_0;0;0_0;0;0_-100;2;5475_-100;2;5475_-100;2;5475,38.7232876712329,Prevalence,0.00710493386569153
NbyGQVwzFc_loc12_loop6,12,ITN 0%/IRS 0%/Larvicide 0%,0;0.4;0.4_0;0;0_0;0;0_-100;2;5475_-100;2;5475_-100;2;5475,38.7260273972603,Prevalence,0.00710869208070099
NbyGQVwzFc_loc12_loop6,12,ITN 0%/IRS 0%/Larvicide 0%,0;0.4;0.4_0;0;0_0;0;0_-100;2;5475_-100;2;5475_-100;2;5475,38.7287671232877,Prevalence,0.0071124552414153
NbyGQVwzFc_loc12_loop6,12,ITN 0%/IRS 0%/Larvicide 0%,0;0.4;0.4_0;0;0_0;0;0_-100;2;5475_-100;2;5475_-100;2;5475,38.7315068493151,Prevalence,0.00711622334183791
NbyGQVwzFc_loc12_loop6,12,ITN 0%/IRS 0%/Larvicide 0%,0;0.4;0.4_0;0;0_0;0;0_-100;2;5475_-100;2;5475_-100;2;5475,38.7342465753425,Prevalence,0.00711999637596917
NbyGQVwzFc_loc12_loop6,12,ITN 0%/IRS 0%/Larvicide 0%,0;0.4;0.4_0;0;0_0;0;0_-100;2;5475_-100;2;5475_-100;2;5475,38.7369863013699,Prevalence,0.00712377433780631
NbyGQVwzFc_loc12_loop6,12,ITN 0%/IRS 0%/Larvicide 0%,0;0.4;0.4_0;0;0_0;0;0_-100;2;5475_-100;2;5475_-100;2;5475,38.7397260273973,Prevalence,0.00712755722134337
NbyGQVwzFc_loc12_loop6,12,ITN 0%/IRS 0%/Larvicide 0%,0;0.4;0.4_0;0;0_0;0;0_-100;2;5475_-100;2;5475_-100;2;5475,38.7424657534247,Prevalence,0.00713134502057125
NbyGQVwzFc_loc12_loop6,12,ITN 0%/IRS 0%/Larvicide 0%,0;0.4;0.4_0;0;0_0;0;0_-100;2;5475_-100;2;5475_-100;2;5475,38.7452054794521,Prevalence,0.00713513772947753
NbyGQVwzFc_loc12_loop6,12,ITN 0%/IRS 0%/Larvicide 0%,0;0.4;0.4_0;0;0_0;0;0_-100;2;5475_-100;2;5475_-100;2;5475,38.7479452054795,Prevalence,0.00713893534204658
NbyGQVwzFc_loc12_loop6,12,ITN 0%/IRS 0%/Larvicide 0%,0;0.4;0.4_0;0;0_0;0;0_-100;2;5475_-100;2;5475_-100;2;5475,38.7506849315069,Prevalence,0.00714273785225944
NbyGQVwzFc_loc12_loop6,12,ITN 0%/IRS 0%/Larvicide 0%,0;0.4;0.4_0;0;0_0;0;0_-100;2;5475_-100;2;5475_-100;2;5475,38.7534246575343,Prevalence,0.00714654525409376
NbyGQVwzFc_loc12_loop6,12,ITN 0%/IRS 0%/Larvicide 0%,0;0.4;0.4_0;0;0_0;0;0_-100;2;5475_-100;2;5475_-100;2;5475,38.7561643835616,Prevalence,0.00715035754152385
NbyGQVwzFc_loc12_loop6,12,ITN 0%/IRS 0%/Larvicide 0%,0;0.4;0.4_0;0;0_0;0;0_-100;2;5475_-100;2;5475_-100;2;5475,38.758904109589,Prevalence,0.00715417470852058
NbyGQVwzFc_loc12_loop6,12,ITN 0%/IRS 0%/Larvicide 0%,0;0.4;0.4_0;0;0_0;0;0_-100;2;5475_-100;2;5475_-100;2;5475,38.7616438356164,Prevalence,0.00715799674905134
NbyGQVwzFc_loc12_loop6,12,ITN 0%/IRS 0%/Larvicide 0%,0;0.4;0.4_0;0;0_0;0;0_-100;2;5475_-100;2;5475_-100;2;5475,38.7643835616438,Prevalence,0.00716182365708005
NbyGQVwzFc_loc12_loop6,12,ITN 0%/IRS 0%/Larvicide 0%,0;0.4;0.4_0;0;0_0;0;0_-100;2;5475_-100;2;5475_-100;2;5475,38.7671232876712,Prevalence,0.00716565542656708
NbyGQVwzFc_loc12_loop6,12,ITN 0%/IRS 0%/Larvicide 0%,0;0.4;0.4_0;0;0_0;0;0_-100;2;5475_-100;2;5475_-100;2;5475,38.7698630136986,Prevalence,0.00716949205146923
NbyGQVwzFc_loc12_loop6,12,ITN 0%/IRS 0%/Larvicide 0%,0;0.4;0.4_0;0;0_0;0;0_-100;2;5475_-100;2;5475_-100;2;5475,38.772602739726,Prevalence,0.00717333352573971
NbyGQVwzFc_loc12_loop6,12,ITN 0%/IRS 0%/Larvicide 0%,0;0.4;0.4_0;0;0_0;0;0_-100;2;5475_-100;2;5475_-100;2;5475,38.7753424657534,Prevalence,0.00717717984332807
NbyGQVwzFc_loc12_loop6,12,ITN 0%/IRS 0%/Larvicide 0%,0;0.4;0.4_0;0;0_0;0;0_-100;2;5475_-100;2;5475_-100;2;5475,38.7780821917808,Prevalence,0.0071810309981802
NbyGQVwzFc_loc12_loop6,12,ITN 0%/IRS 0%/Larvicide 0%,0;0.4;0.4_0;0;0_0;0;0_-100;2;5475_-100;2;5475_-100;2;5475,38.7808219178082,Prevalence,0.00718488698423826
NbyGQVwzFc_loc12_loop6,12,ITN 0%/IRS 0%/Larvicide 0%,0;0.4;0.4_0;0;0_0;0;0_-100;2;5475_-100;2;5475_-100;2;5475,38.7835616438356,Prevalence,0.00718874779544072
NbyGQVwzFc_loc12_loop6,12,ITN 0%/IRS 0%/Larvicide 0%,0;0.4;0.4_0;0;0_0;0;0_-100;2;5475_-100;2;5475_-100;2;5475,38.786301369863,Prevalence,0.00719261342572221
NbyGQVwzFc_loc12_loop6,12,ITN 0%/IRS 0%/Larvicide 0%,0;0.4;0.4_0;0;0_0;0;0_-100;2;5475_-100;2;5475_-100;2;5475,38.7890410958904,Prevalence,0.00719648386901359
NbyGQVwzFc_loc12_loop6,12,ITN 0%/IRS 0%/Larvicide 0%,0;0.4;0.4_0;0;0_0;0;0_-100;2;5475_-100;2;5475_-100;2;5475,38.7917808219178,Prevalence,0.00720035911924187
NbyGQVwzFc_loc12_loop6,12,ITN 0%/IRS 0%/Larvicide 0%,0;0.4;0.4_0;0;0_0;0;0_-100;2;5475_-100;2;5475_-100;2;5475,38.7945205479452,Prevalence,0.00720423917033015
NbyGQVwzFc_loc12_loop6,12,ITN 0%/IRS 0%/Larvicide 0%,0;0.4;0.4_0;0;0_0;0;0_-100;2;5475_-100;2;5475_-100;2;5475,38.7972602739726,Prevalence,0.00720812401619765
NbyGQVwzFc_loc12_loop6,12,ITN 0%/IRS 0%/Larvicide 0%,0;0.4;0.4_0;0;0_0;0;0_-100;2;5475_-100;2;5475_-100;2;5475,38.8,Prevalence,0.00721201365075965
NbyGQVwzFc_loc12_loop6,12,ITN 0%/IRS 0%/Larvicide 0%,0;0.4;0.4_0;0;0_0;0;0_-100;2;5475_-100;2;5475_-100;2;5475,38.8027397260274,Prevalence,0.00721590806792744
NbyGQVwzFc_loc12_loop6,12,ITN 0%/IRS 0%/Larvicide 0%,0;0.4;0.4_0;0;0_0;0;0_-100;2;5475_-100;2;5475_-100;2;5475,38.8054794520548,Prevalence,0.00721980726160831
NbyGQVwzFc_loc12_loop6,12,ITN 0%/IRS 0%/Larvicide 0%,0;0.4;0.4_0;0;0_0;0;0_-100;2;5475_-100;2;5475_-100;2;5475,38.8082191780822,Prevalence,0.0072237112257055
NbyGQVwzFc_loc12_loop6,12,ITN 0%/IRS 0%/Larvicide 0%,0;0.4;0.4_0;0;0_0;0;0_-100;2;5475_-100;2;5475_-100;2;5475,38.8109589041096,Prevalence,0.00722761995411817
NbyGQVwzFc_loc12_loop6,12,ITN 0%/IRS 0%/Larvicide 0%,0;0.4;0.4_0;0;0_0;0;0_-100;2;5475_-100;2;5475_-100;2;5475,38.813698630137,Prevalence,0.00723153344074132
NbyGQVwzFc_loc12_loop6,12,ITN 0%/IRS 0%/Larvicide 0%,0;0.4;0.4_0;0;0_0;0;0_-100;2;5475_-100;2;5475_-100;2;5475,38.8164383561644,Prevalence,0.00723545167946585
NbyGQVwzFc_loc12_loop6,12,ITN 0%/IRS 0%/Larvicide 0%,0;0.4;0.4_0;0;0_0;0;0_-100;2;5475_-100;2;5475_-100;2;5475,38.8191780821918,Prevalence,0.00723937466417846
NbyGQVwzFc_loc12_loop6,12,ITN 0%/IRS 0%/Larvicide 0%,0;0.4;0.4_0;0;0_0;0;0_-100;2;5475_-100;2;5475_-100;2;5475,38.8219178082192,Prevalence,0.0072433023887617
NbyGQVwzFc_loc12_loop6,12,ITN 0%/IRS 0%/Larvicide 0%,0;0.4;0.4_0;0;0_0;0;0_-100;2;5475_-100;2;5475_-100;2;5475,38.8246575342466,Prevalence,0.00724723484709383
NbyGQVwzFc_loc12_loop6,12,ITN 0%/IRS 0%/Larvicide 0%,0;0.4;0.4_0;0;0_0;0;0_-100;2;5475_-100;2;5475_-100;2;5475,38.827397260274,Prevalence,0.00725117203304891
NbyGQVwzFc_loc12_loop6,12,ITN 0%/IRS 0%/Larvicide 0%,0;0.4;0.4_0;0;0_0;0;0_-100;2;5475_-100;2;5475_-100;2;5475,38.8301369863014,Prevalence,0.00725511394049669
NbyGQVwzFc_loc12_loop6,12,ITN 0%/IRS 0%/Larvicide 0%,0;0.4;0.4_0;0;0_0;0;0_-100;2;5475_-100;2;5475_-100;2;5475,38.8328767123288,Prevalence,0.00725906056330261
NbyGQVwzFc_loc12_loop6,12,ITN 0%/IRS 0%/Larvicide 0%,0;0.4;0.4_0;0;0_0;0;0_-100;2;5475_-100;2;5475_-100;2;5475,38.8356164383562,Prevalence,0.00726301189532776
NbyGQVwzFc_loc12_loop6,12,ITN 0%/IRS 0%/Larvicide 0%,0;0.4;0.4_0;0;0_0;0;0_-100;2;5475_-100;2;5475_-100;2;5475,38.8383561643836,Prevalence,0.00726696793042886
NbyGQVwzFc_loc12_loop6,12,ITN 0%/IRS 0%/Larvicide 0%,0;0.4;0.4_0;0;0_0;0;0_-100;2;5475_-100;2;5475_-100;2;5475,38.841095890411,Prevalence,0.0072709286624582
NbyGQVwzFc_loc12_loop6,12,ITN 0%/IRS 0%/Larvicide 0%,0;0.4;0.4_0;0;0_0;0;0_-100;2;5475_-100;2;5475_-100;2;5475,38.8438356164384,Prevalence,0.00727489408526369
NbyGQVwzFc_loc12_loop6,12,ITN 0%/IRS 0%/Larvicide 0%,0;0.4;0.4_0;0;0_0;0;0_-100;2;5475_-100;2;5475_-100;2;5475,38.8465753424658,Prevalence,0.00727886419268874
NbyGQVwzFc_loc12_loop6,12,ITN 0%/IRS 0%/Larvicide 0%,0;0.4;0.4_0;0;0_0;0;0_-100;2;5475_-100;2;5475_-100;2;5475,38.8493150684932,Prevalence,0.00728283897857228
NbyGQVwzFc_loc12_loop6,12,ITN 0%/IRS 0%/Larvicide 0%,0;0.4;0.4_0;0;0_0;0;0_-100;2;5475_-100;2;5475_-100;2;5475,38.8520547945206,Prevalence,0.00728681843674872
NbyGQVwzFc_loc12_loop6,12,ITN 0%/IRS 0%/Larvicide 0%,0;0.4;0.4_0;0;0_0;0;0_-100;2;5475_-100;2;5475_-100;2;5475,38.854794520548,Prevalence,0.00729080256104794
NbyGQVwzFc_loc12_loop6,12,ITN 0%/IRS 0%/Larvicide 0%,0;0.4;0.4_0;0;0_0;0;0_-100;2;5475_-100;2;5475_-100;2;5475,38.8575342465753,Prevalence,0.00729479134529522
NbyGQVwzFc_loc12_loop6,12,ITN 0%/IRS 0%/Larvicide 0%,0;0.4;0.4_0;0;0_0;0;0_-100;2;5475_-100;2;5475_-100;2;5475,38.8602739726027,Prevalence,0.00729878478331127
NbyGQVwzFc_loc12_loop6,12,ITN 0%/IRS 0%/Larvicide 0%,0;0.4;0.4_0;0;0_0;0;0_-100;2;5475_-100;2;5475_-100;2;5475,38.8630136986301,Prevalence,0.00730278286891216
NbyGQVwzFc_loc12_loop6,12,ITN 0%/IRS 0%/Larvicide 0%,0;0.4;0.4_0;0;0_0;0;0_-100;2;5475_-100;2;5475_-100;2;5475,38.8657534246575,Prevalence,0.00730678559590931
NbyGQVwzFc_loc12_loop6,12,ITN 0%/IRS 0%/Larvicide 0%,0;0.4;0.4_0;0;0_0;0;0_-100;2;5475_-100;2;5475_-100;2;5475,38.8684931506849,Prevalence,0.00731079295810945
NbyGQVwzFc_loc12_loop6,12,ITN 0%/IRS 0%/Larvicide 0%,0;0.4;0.4_0;0;0_0;0;0_-100;2;5475_-100;2;5475_-100;2;5475,38.8712328767123,Prevalence,0.00731480494931462
NbyGQVwzFc_loc12_loop6,12,ITN 0%/IRS 0%/Larvicide 0%,0;0.4;0.4_0;0;0_0;0;0_-100;2;5475_-100;2;5475_-100;2;5475,38.8739726027397,Prevalence,0.0073188215633221
NbyGQVwzFc_loc12_loop6,12,ITN 0%/IRS 0%/Larvicide 0%,0;0.4;0.4_0;0;0_0;0;0_-100;2;5475_-100;2;5475_-100;2;5475,38.8767123287671,Prevalence,0.00732284279392445
NbyGQVwzFc_loc12_loop6,12,ITN 0%/IRS 0%/Larvicide 0%,0;0.4;0.4_0;0;0_0;0;0_-100;2;5475_-100;2;5475_-100;2;5475,38.8794520547945,Prevalence,0.00732686863490943
NbyGQVwzFc_loc12_loop6,12,ITN 0%/IRS 0%/Larvicide 0%,0;0.4;0.4_0;0;0_0;0;0_-100;2;5475_-100;2;5475_-100;2;5475,38.8821917808219,Prevalence,0.00733089908005997
NbyGQVwzFc_loc12_loop6,12,ITN 0%/IRS 0%/Larvicide 0%,0;0.4;0.4_0;0;0_0;0;0_-100;2;5475_-100;2;5475_-100;2;5475,38.8849315068493,Prevalence,0.0073349341231542
NbyGQVwzFc_loc12_loop6,12,ITN 0%/IRS 0%/Larvicide 0%,0;0.4;0.4_0;0;0_0;0;0_-100;2;5475_-100;2;5475_-100;2;5475,38.8876712328767,Prevalence,0.00733897375796537
NbyGQVwzFc_loc12_loop6,12,ITN 0%/IRS 0%/Larvicide 0%,0;0.4;0.4_0;0;0_0;0;0_-100;2;5475_-100;2;5475_-100;2;5475,38.8904109589041,Prevalence,0.00734301797826185
NbyGQVwzFc_loc12_loop6,12,ITN 0%/IRS 0%/Larvicide 0%,0;0.4;0.4_0;0;0_0;0;0_-100;2;5475_-100;2;5475_-100;2;5475,38.8931506849315,Prevalence,0.0073470667778071
NbyGQVwzFc_loc12_loop6,12,ITN 0%/IRS 0%/Larvicide 0%,0;0.4;0.4_0;0;0_0;0;0_-100;2;5475_-100;2;5475_-100;2;5475,38.8958904109589,Prevalence,0.00735112015035966
NbyGQVwzFc_loc12_loop6,12,ITN 0%/IRS 0%/Larvicide 0%,0;0.4;0.4_0;0;0_0;0;0_-100;2;5475_-100;2;5475_-100;2;5475,38.8986301369863,Prevalence,0.00735517808967311
NbyGQVwzFc_loc12_loop6,12,ITN 0%/IRS 0%/Larvicide 0%,0;0.4;0.4_0;0;0_0;0;0_-100;2;5475_-100;2;5475_-100;2;5475,38.9013698630137,Prevalence,0.00735924058949603
NbyGQVwzFc_loc12_loop6,12,ITN 0%/IRS 0%/Larvicide 0%,0;0.4;0.4_0;0;0_0;0;0_-100;2;5475_-100;2;5475_-100;2;5475,38.9041095890411,Prevalence,0.00736330764357201
NbyGQVwzFc_loc12_loop6,12,ITN 0%/IRS 0%/Larvicide 0%,0;0.4;0.4_0;0;0_0;0;0_-100;2;5475_-100;2;5475_-100;2;5475,38.9068493150685,Prevalence,0.00736737924563964
NbyGQVwzFc_loc12_loop6,12,ITN 0%/IRS 0%/Larvicide 0%,0;0.4;0.4_0;0;0_0;0;0_-100;2;5475_-100;2;5475_-100;2;5475,38.9095890410959,Prevalence,0.00737145538943241
NbyGQVwzFc_loc12_loop6,12,ITN 0%/IRS 0%/Larvicide 0%,0;0.4;0.4_0;0;0_0;0;0_-100;2;5475_-100;2;5475_-100;2;5475,38.9123287671233,Prevalence,0.00737553606867878
NbyGQVwzFc_loc12_loop6,12,ITN 0%/IRS 0%/Larvicide 0%,0;0.4;0.4_0;0;0_0;0;0_-100;2;5475_-100;2;5475_-100;2;5475,38.9150684931507,Prevalence,0.00737962127710209
NbyGQVwzFc_loc12_loop6,12,ITN 0%/IRS 0%/Larvicide 0%,0;0.4;0.4_0;0;0_0;0;0_-100;2;5475_-100;2;5475_-100;2;5475,38.9178082191781,Prevalence,0.00738371100842059
NbyGQVwzFc_loc12_loop6,12,ITN 0%/IRS 0%/Larvicide 0%,0;0.4;0.4_0;0;0_0;0;0_-100;2;5475_-100;2;5475_-100;2;5475,38.9205479452055,Prevalence,0.00738780525634735
NbyGQVwzFc_loc12_loop6,12,ITN 0%/IRS 0%/Larvicide 0%,0;0.4;0.4_0;0;0_0;0;0_-100;2;5475_-100;2;5475_-100;2;5475,38.9232876712329,Prevalence,0.00739190401459032
NbyGQVwzFc_loc12_loop6,12,ITN 0%/IRS 0%/Larvicide 0%,0;0.4;0.4_0;0;0_0;0;0_-100;2;5475_-100;2;5475_-100;2;5475,38.9260273972603,Prevalence,0.00739600727685224
NbyGQVwzFc_loc12_loop6,12,ITN 0%/IRS 0%/Larvicide 0%,0;0.4;0.4_0;0;0_0;0;0_-100;2;5475_-100;2;5475_-100;2;5475,38.9287671232877,Prevalence,0.00740011503683065
NbyGQVwzFc_loc12_loop6,12,ITN 0%/IRS 0%/Larvicide 0%,0;0.4;0.4_0;0;0_0;0;0_-100;2;5475_-100;2;5475_-100;2;5475,38.9315068493151,Prevalence,0.00740422728821789
NbyGQVwzFc_loc12_loop6,12,ITN 0%/IRS 0%/Larvicide 0%,0;0.4;0.4_0;0;0_0;0;0_-100;2;5475_-100;2;5475_-100;2;5475,38.9342465753425,Prevalence,0.00740834402470102
NbyGQVwzFc_loc12_loop6,12,ITN 0%/IRS 0%/Larvicide 0%,0;0.4;0.4_0;0;0_0;0;0_-100;2;5475_-100;2;5475_-100;2;5475,38.9369863013699,Prevalence,0.00741246523996186
NbyGQVwzFc_loc12_loop6,12,ITN 0%/IRS 0%/Larvicide 0%,0;0.4;0.4_0;0;0_0;0;0_-100;2;5475_-100;2;5475_-100;2;5475,38.9397260273973,Prevalence,0.00741659092767692
NbyGQVwzFc_loc12_loop6,12,ITN 0%/IRS 0%/Larvicide 0%,0;0.4;0.4_0;0;0_0;0;0_-100;2;5475_-100;2;5475_-100;2;5475,38.9424657534247,Prevalence,0.0074207210815174
NbyGQVwzFc_loc12_loop6,12,ITN 0%/IRS 0%/Larvicide 0%,0;0.4;0.4_0;0;0_0;0;0_-100;2;5475_-100;2;5475_-100;2;5475,38.9452054794521,Prevalence,0.00742485569514921
NbyGQVwzFc_loc12_loop6,12,ITN 0%/IRS 0%/Larvicide 0%,0;0.4;0.4_0;0;0_0;0;0_-100;2;5475_-100;2;5475_-100;2;5475,38.9479452054795,Prevalence,0.00742899476223288
NbyGQVwzFc_loc12_loop6,12,ITN 0%/IRS 0%/Larvicide 0%,0;0.4;0.4_0;0;0_0;0;0_-100;2;5475_-100;2;5475_-100;2;5475,38.9506849315069,Prevalence,0.00743313827642358
NbyGQVwzFc_loc12_loop6,12,ITN 0%/IRS 0%/Larvicide 0%,0;0.4;0.4_0;0;0_0;0;0_-100;2;5475_-100;2;5475_-100;2;5475,38.9534246575343,Prevalence,0.00743728623137104
NbyGQVwzFc_loc12_loop6,12,ITN 0%/IRS 0%/Larvicide 0%,0;0.4;0.4_0;0;0_0;0;0_-100;2;5475_-100;2;5475_-100;2;5475,38.9561643835616,Prevalence,0.00744143862071961
NbyGQVwzFc_loc12_loop6,12,ITN 0%/IRS 0%/Larvicide 0%,0;0.4;0.4_0;0;0_0;0;0_-100;2;5475_-100;2;5475_-100;2;5475,38.958904109589,Prevalence,0.0074455954381082
NbyGQVwzFc_loc12_loop6,12,ITN 0%/IRS 0%/Larvicide 0%,0;0.4;0.4_0;0;0_0;0;0_-100;2;5475_-100;2;5475_-100;2;5475,38.9616438356164,Prevalence,0.00744975667717029
NbyGQVwzFc_loc12_loop6,12,ITN 0%/IRS 0%/Larvicide 0%,0;0.4;0.4_0;0;0_0;0;0_-100;2;5475_-100;2;5475_-100;2;5475,38.9643835616438,Prevalence,0.00745392233153388
NbyGQVwzFc_loc12_loop6,12,ITN 0%/IRS 0%/Larvicide 0%,0;0.4;0.4_0;0;0_0;0;0_-100;2;5475_-100;2;5475_-100;2;5475,38.9671232876712,Prevalence,0.0074580923948215
NbyGQVwzFc_loc12_loop6,12,ITN 0%/IRS 0%/Larvicide 0%,0;0.4;0.4_0;0;0_0;0;0_-100;2;5475_-100;2;5475_-100;2;5475,38.9698630136986,Prevalence,0.00746226686065019
NbyGQVwzFc_loc12_loop6,12,ITN 0%/IRS 0%/Larvicide 0%,0;0.4;0.4_0;0;0_0;0;0_-100;2;5475_-100;2;5475_-100;2;5475,38.972602739726,Prevalence,0.00746644572263146
NbyGQVwzFc_loc12_loop6,12,ITN 0%/IRS 0%/Larvicide 0%,0;0.4;0.4_0;0;0_0;0;0_-100;2;5475_-100;2;5475_-100;2;5475,38.9753424657534,Prevalence,0.00747062897437132
NbyGQVwzFc_loc12_loop6,12,ITN 0%/IRS 0%/Larvicide 0%,0;0.4;0.4_0;0;0_0;0;0_-100;2;5475_-100;2;5475_-100;2;5475,38.9780821917808,Prevalence,0.00747481660947019
NbyGQVwzFc_loc12_loop6,12,ITN 0%/IRS 0%/Larvicide 0%,0;0.4;0.4_0;0;0_0;0;0_-100;2;5475_-100;2;5475_-100;2;5475,38.9808219178082,Prevalence,0.00747900862152293
NbyGQVwzFc_loc12_loop6,12,ITN 0%/IRS 0%/Larvicide 0%,0;0.4;0.4_0;0;0_0;0;0_-100;2;5475_-100;2;5475_-100;2;5475,38.9835616438356,Prevalence,0.00748320500411884
NbyGQVwzFc_loc12_loop6,12,ITN 0%/IRS 0%/Larvicide 0%,0;0.4;0.4_0;0;0_0;0;0_-100;2;5475_-100;2;5475_-100;2;5475,38.986301369863,Prevalence,0.00748740575084161
NbyGQVwzFc_loc12_loop6,12,ITN 0%/IRS 0%/Larvicide 0%,0;0.4;0.4_0;0;0_0;0;0_-100;2;5475_-100;2;5475_-100;2;5475,38.9890410958904,Prevalence,0.00749161085526928
NbyGQVwzFc_loc12_loop6,12,ITN 0%/IRS 0%/Larvicide 0%,0;0.4;0.4_0;0;0_0;0;0_-100;2;5475_-100;2;5475_-100;2;5475,38.9917808219178,Prevalence,0.00749582031097432
NbyGQVwzFc_loc12_loop6,12,ITN 0%/IRS 0%/Larvicide 0%,0;0.4;0.4_0;0;0_0;0;0_-100;2;5475_-100;2;5475_-100;2;5475,38.9945205479452,Prevalence,0.00750003411152351
NbyGQVwzFc_loc12_loop6,12,ITN 0%/IRS 0%/Larvicide 0%,0;0.4;0.4_0;0;0_0;0;0_-100;2;5475_-100;2;5475_-100;2;5475,38.9972602739726,Prevalence,0.00750425225047796
NbyGQVwzFc_loc12_loop6,12,ITN 0%/IRS 0%/Larvicide 0%,0;0.4;0.4_0;0;0_0;0;0_-100;2;5475_-100;2;5475_-100;2;5475,39,Prevalence,0.00750847472139312
NbyGQVwzFc_loc12_loop6,12,ITN 0%/IRS 0%/Larvicide 0%,0;0.4;0.4_0;0;0_0;0;0_-100;2;5475_-100;2;5475_-100;2;5475,39.0027397260274,Prevalence,0.00751270151781864
NbyGQVwzFc_loc12_loop6,12,ITN 0%/IRS 0%/Larvicide 0%,0;0.4;0.4_0;0;0_0;0;0_-100;2;5475_-100;2;5475_-100;2;5475,39.0054794520548,Prevalence,0.00751693263329915
NbyGQVwzFc_loc12_loop6,12,ITN 0%/IRS 0%/Larvicide 0%,0;0.4;0.4_0;0;0_0;0;0_-100;2;5475_-100;2;5475_-100;2;5475,39.0082191780822,Prevalence,0.00752116806137228
NbyGQVwzFc_loc12_loop6,12,ITN 0%/IRS 0%/Larvicide 0%,0;0.4;0.4_0;0;0_0;0;0_-100;2;5475_-100;2;5475_-100;2;5475,39.0109589041096,Prevalence,0.00752540779557096
NbyGQVwzFc_loc12_loop6,12,ITN 0%/IRS 0%/Larvicide 0%,0;0.4;0.4_0;0;0_0;0;0_-100;2;5475_-100;2;5475_-100;2;5475,39.013698630137,Prevalence,0.00752965182942231
NbyGQVwzFc_loc12_loop6,12,ITN 0%/IRS 0%/Larvicide 0%,0;0.4;0.4_0;0;0_0;0;0_-100;2;5475_-100;2;5475_-100;2;5475,39.0164383561644,Prevalence,0.00753390015644752
NbyGQVwzFc_loc12_loop6,12,ITN 0%/IRS 0%/Larvicide 0%,0;0.4;0.4_0;0;0_0;0;0_-100;2;5475_-100;2;5475_-100;2;5475,39.0191780821918,Prevalence,0.00753815277016201
NbyGQVwzFc_loc12_loop6,12,ITN 0%/IRS 0%/Larvicide 0%,0;0.4;0.4_0;0;0_0;0;0_-100;2;5475_-100;2;5475_-100;2;5475,39.0219178082192,Prevalence,0.00754240966407536
NbyGQVwzFc_loc12_loop6,12,ITN 0%/IRS 0%/Larvicide 0%,0;0.4;0.4_0;0;0_0;0;0_-100;2;5475_-100;2;5475_-100;2;5475,39.0246575342466,Prevalence,0.00754667083169184
NbyGQVwzFc_loc12_loop6,12,ITN 0%/IRS 0%/Larvicide 0%,0;0.4;0.4_0;0;0_0;0;0_-100;2;5475_-100;2;5475_-100;2;5475,39.027397260274,Prevalence,0.00755093626650935
NbyGQVwzFc_loc12_loop6,12,ITN 0%/IRS 0%/Larvicide 0%,0;0.4;0.4_0;0;0_0;0;0_-100;2;5475_-100;2;5475_-100;2;5475,39.0301369863014,Prevalence,0.00755520596201976
NbyGQVwzFc_loc12_loop6,12,ITN 0%/IRS 0%/Larvicide 0%,0;0.4;0.4_0;0;0_0;0;0_-100;2;5475_-100;2;5475_-100;2;5475,39.0328767123288,Prevalence,0.00755880401880479
NbyGQVwzFc_loc12_loop6,12,ITN 0%/IRS 0%/Larvicide 0%,0;0.4;0.4_0;0;0_0;0;0_-100;2;5475_-100;2;5475_-100;2;5475,39.0356164383562,Prevalence,0.00755200040008617
NbyGQVwzFc_loc12_loop6,12,ITN 0%/IRS 0%/Larvicide 0%,0;0.4;0.4_0;0;0_0;0;0_-100;2;5475_-100;2;5475_-100;2;5475,39.0383561643836,Prevalence,0.00754572508567109
NbyGQVwzFc_loc12_loop6,12,ITN 0%/IRS 0%/Larvicide 0%,0;0.4;0.4_0;0;0_0;0;0_-100;2;5475_-100;2;5475_-100;2;5475,39.041095890411,Prevalence,0.00753977881952191
NbyGQVwzFc_loc12_loop6,12,ITN 0%/IRS 0%/Larvicide 0%,0;0.4;0.4_0;0;0_0;0;0_-100;2;5475_-100;2;5475_-100;2;5475,39.0438356164384,Prevalence,0.00753410455927752
NbyGQVwzFc_loc12_loop6,12,ITN 0%/IRS 0%/Larvicide 0%,0;0.4;0.4_0;0;0_0;0;0_-100;2;5475_-100;2;5475_-100;2;5475,39.0465753424658,Prevalence,0.0075286563743591
NbyGQVwzFc_loc12_loop6,12,ITN 0%/IRS 0%/Larvicide 0%,0;0.4;0.4_0;0;0_0;0;0_-100;2;5475_-100;2;5475_-100;2;5475,39.0493150684932,Prevalence,0.00752339735183643
NbyGQVwzFc_loc12_loop6,12,ITN 0%/IRS 0%/Larvicide 0%,0;0.4;0.4_0;0;0_0;0;0_-100;2;5475_-100;2;5475_-100;2;5475,39.0520547945206,Prevalence,0.00751829788991895
NbyGQVwzFc_loc12_loop6,12,ITN 0%/IRS 0%/Larvicide 0%,0;0.4;0.4_0;0;0_0;0;0_-100;2;5475_-100;2;5475_-100;2;5475,39.0547945205479,Prevalence,0.00751333481237581
NbyGQVwzFc_loc12_loop6,12,ITN 0%/IRS 0%/Larvicide 0%,0;0.4;0.4_0;0;0_0;0;0_-100;2;5475_-100;2;5475_-100;2;5475,39.0575342465753,Prevalence,0.00750840305025184
NbyGQVwzFc_loc12_loop6,12,ITN 0%/IRS 0%/Larvicide 0%,0;0.4;0.4_0;0;0_0;0;0_-100;2;5475_-100;2;5475_-100;2;5475,39.0602739726027,Prevalence,0.0075033857719797
NbyGQVwzFc_loc12_loop6,12,ITN 0%/IRS 0%/Larvicide 0%,0;0.4;0.4_0;0;0_0;0;0_-100;2;5475_-100;2;5475_-100;2;5475,39.0630136986301,Prevalence,0.00749827983603994
NbyGQVwzFc_loc12_loop6,12,ITN 0%/IRS 0%/Larvicide 0%,0;0.4;0.4_0;0;0_0;0;0_-100;2;5475_-100;2;5475_-100;2;5475,39.0657534246575,Prevalence,0.00749308505767548
NbyGQVwzFc_loc12_loop6,12,ITN 0%/IRS 0%/Larvicide 0%,0;0.4;0.4_0;0;0_0;0;0_-100;2;5475_-100;2;5475_-100;2;5475,39.0684931506849,Prevalence,0.0074878032598509
NbyGQVwzFc_loc12_loop6,12,ITN 0%/IRS 0%/Larvicide 0%,0;0.4;0.4_0;0;0_0;0;0_-100;2;5475_-100;2;5475_-100;2;5475,39.0712328767123,Prevalence,0.00748243778359688
NbyGQVwzFc_loc12_loop6,12,ITN 0%/IRS 0%/Larvicide 0%,0;0.4;0.4_0;0;0_0;0;0_-100;2;5475_-100;2;5475_-100;2;5475,39.0739726027397,Prevalence,0.00747699309661303
NbyGQVwzFc_loc12_loop6,12,ITN 0%/IRS 0%/Larvicide 0%,0;0.4;0.4_0;0;0_0;0;0_-100;2;5475_-100;2;5475_-100;2;5475,39.0767123287671,Prevalence,0.0074714744796111
NbyGQVwzFc_loc12_loop6,12,ITN 0%/IRS 0%/Larvicide 0%,0;0.4;0.4_0;0;0_0;0;0_-100;2;5475_-100;2;5475_-100;2;5475,39.0794520547945,Prevalence,0.00746588777520595
NbyGQVwzFc_loc12_loop6,12,ITN 0%/IRS 0%/Larvicide 0%,0;0.4;0.4_0;0;0_0;0;0_-100;2;5475_-100;2;5475_-100;2;5475,39.0821917808219,Prevalence,0.00746023918761493
NbyGQVwzFc_loc12_loop6,12,ITN 0%/IRS 0%/Larvicide 0%,0;0.4;0.4_0;0;0_0;0;0_-100;2;5475_-100;2;5475_-100;2;5475,39.0849315068493,Prevalence,0.00745453512373479
NbyGQVwzFc_loc12_loop6,12,ITN 0%/IRS 0%/Larvicide 0%,0;0.4;0.4_0;0;0_0;0;0_-100;2;5475_-100;2;5475_-100;2;5475,39.0876712328767,Prevalence,0.007448782054461
NbyGQVwzFc_loc12_loop6,12,ITN 0%/IRS 0%/Larvicide 0%,0;0.4;0.4_0;0;0_0;0;0_-100;2;5475_-100;2;5475_-100;2;5475,39.0904109589041,Prevalence,0.00744288470937189
NbyGQVwzFc_loc12_loop6,12,ITN 0%/IRS 0%/Larvicide 0%,0;0.4;0.4_0;0;0_0;0;0_-100;2;5475_-100;2;5475_-100;2;5475,39.0931506849315,Prevalence,0.00743647843954402
NbyGQVwzFc_loc12_loop6,12,ITN 0%/IRS 0%/Larvicide 0%,0;0.4;0.4_0;0;0_0;0;0_-100;2;5475_-100;2;5475_-100;2;5475,39.0958904109589,Prevalence,0.00742960450441434
NbyGQVwzFc_loc12_loop6,12,ITN 0%/IRS 0%/Larvicide 0%,0;0.4;0.4_0;0;0_0;0;0_-100;2;5475_-100;2;5475_-100;2;5475,39.0986301369863,Prevalence,0.00742233423919767
NbyGQVwzFc_loc12_loop6,12,ITN 0%/IRS 0%/Larvicide 0%,0;0.4;0.4_0;0;0_0;0;0_-100;2;5475_-100;2;5475_-100;2;5475,39.1013698630137,Prevalence,0.0074147285707384
NbyGQVwzFc_loc12_loop6,12,ITN 0%/IRS 0%/Larvicide 0%,0;0.4;0.4_0;0;0_0;0;0_-100;2;5475_-100;2;5475_-100;2;5475,39.1041095890411,Prevalence,0.00740683969034749
NbyGQVwzFc_loc12_loop6,12,ITN 0%/IRS 0%/Larvicide 0%,0;0.4;0.4_0;0;0_0;0;0_-100;2;5475_-100;2;5475_-100;2;5475,39.1068493150685,Prevalence,0.00739871243975186
NbyGQVwzFc_loc12_loop6,12,ITN 0%/IRS 0%/Larvicide 0%,0;0.4;0.4_0;0;0_0;0;0_-100;2;5475_-100;2;5475_-100;2;5475,39.1095890410959,Prevalence,0.00739038546173285
NbyGQVwzFc_loc12_loop6,12,ITN 0%/IRS 0%/Larvicide 0%,0;0.4;0.4_0;0;0_0;0;0_-100;2;5475_-100;2;5475_-100;2;5475,39.1123287671233,Prevalence,0.00738189215688581
NbyGQVwzFc_loc12_loop6,12,ITN 0%/IRS 0%/Larvicide 0%,0;0.4;0.4_0;0;0_0;0;0_-100;2;5475_-100;2;5475_-100;2;5475,39.1150684931507,Prevalence,0.00737326148050621
NbyGQVwzFc_loc12_loop6,12,ITN 0%/IRS 0%/Larvicide 0%,0;0.4;0.4_0;0;0_0;0;0_-100;2;5475_-100;2;5475_-100;2;5475,39.1178082191781,Prevalence,0.00736451860752489
NbyGQVwzFc_loc12_loop6,12,ITN 0%/IRS 0%/Larvicide 0%,0;0.4;0.4_0;0;0_0;0;0_-100;2;5475_-100;2;5475_-100;2;5475,39.1205479452055,Prevalence,0.00735568548842312
NbyGQVwzFc_loc12_loop6,12,ITN 0%/IRS 0%/Larvicide 0%,0;0.4;0.4_0;0;0_0;0;0_-100;2;5475_-100;2;5475_-100;2;5475,39.1232876712329,Prevalence,0.00734678126168832
NbyGQVwzFc_loc12_loop6,12,ITN 0%/IRS 0%/Larvicide 0%,0;0.4;0.4_0;0;0_0;0;0_-100;2;5475_-100;2;5475_-100;2;5475,39.1260273972603,Prevalence,0.00733782180288331
NbyGQVwzFc_loc12_loop6,12,ITN 0%/IRS 0%/Larvicide 0%,0;0.4;0.4_0;0;0_0;0;0_-100;2;5475_-100;2;5475_-100;2;5475,39.1287671232877,Prevalence,0.00732882036248013
NbyGQVwzFc_loc12_loop6,12,ITN 0%/IRS 0%/Larvicide 0%,0;0.4;0.4_0;0;0_0;0;0_-100;2;5475_-100;2;5475_-100;2;5475,39.1315068493151,Prevalence,0.0073197886234775
NbyGQVwzFc_loc12_loop6,12,ITN 0%/IRS 0%/Larvicide 0%,0;0.4;0.4_0;0;0_0;0;0_-100;2;5475_-100;2;5475_-100;2;5475,39.1342465753425,Prevalence,0.0073107369263216
NbyGQVwzFc_loc12_loop6,12,ITN 0%/IRS 0%/Larvicide 0%,0;0.4;0.4_0;0;0_0;0;0_-100;2;5475_-100;2;5475_-100;2;5475,39.1369863013699,Prevalence,0.00730167444120151
NbyGQVwzFc_loc12_loop6,12,ITN 0%/IRS 0%/Larvicide 0%,0;0.4;0.4_0;0;0_0;0;0_-100;2;5475_-100;2;5475_-100;2;5475,39.1397260273973,Prevalence,0.00729260931510612
NbyGQVwzFc_loc12_loop6,12,ITN 0%/IRS 0%/Larvicide 0%,0;0.4;0.4_0;0;0_0;0;0_-100;2;5475_-100;2;5475_-100;2;5475,39.1424657534247,Prevalence,0.0072835487977191
NbyGQVwzFc_loc12_loop6,12,ITN 0%/IRS 0%/Larvicide 0%,0;0.4;0.4_0;0;0_0;0;0_-100;2;5475_-100;2;5475_-100;2;5475,39.1452054794521,Prevalence,0.00727449934938756
NbyGQVwzFc_loc12_loop6,12,ITN 0%/IRS 0%/Larvicide 0%,0;0.4;0.4_0;0;0_0;0;0_-100;2;5475_-100;2;5475_-100;2;5475,39.1479452054795,Prevalence,0.00726546671454339
NbyGQVwzFc_loc12_loop6,12,ITN 0%/IRS 0%/Larvicide 0%,0;0.4;0.4_0;0;0_0;0;0_-100;2;5475_-100;2;5475_-100;2;5475,39.1506849315069,Prevalence,0.00725645593962055
NbyGQVwzFc_loc12_loop6,12,ITN 0%/IRS 0%/Larvicide 0%,0;0.4;0.4_0;0;0_0;0;0_-100;2;5475_-100;2;5475_-100;2;5475,39.1534246575342,Prevalence,0.00724747143664122
NbyGQVwzFc_loc12_loop6,12,ITN 0%/IRS 0%/Larvicide 0%,0;0.4;0.4_0;0;0_0;0;0_-100;2;5475_-100;2;5475_-100;2;5475,39.1561643835616,Prevalence,0.00723851706345694
NbyGQVwzFc_loc12_loop6,12,ITN 0%/IRS 0%/Larvicide 0%,0;0.4;0.4_0;0;0_0;0;0_-100;2;5475_-100;2;5475_-100;2;5475,39.158904109589,Prevalence,0.00722959619338722
NbyGQVwzFc_loc12_loop6,12,ITN 0%/IRS 0%/Larvicide 0%,0;0.4;0.4_0;0;0_0;0;0_-100;2;5475_-100;2;5475_-100;2;5475,39.1616438356164,Prevalence,0.00722071177541758
NbyGQVwzFc_loc12_loop6,12,ITN 0%/IRS 0%/Larvicide 0%,0;0.4;0.4_0;0;0_0;0;0_-100;2;5475_-100;2;5475_-100;2;5475,39.1643835616438,Prevalence,0.00721186638634855
NbyGQVwzFc_loc12_loop6,12,ITN 0%/IRS 0%/Larvicide 0%,0;0.4;0.4_0;0;0_0;0;0_-100;2;5475_-100;2;5475_-100;2;5475,39.1671232876712,Prevalence,0.00720306227606869
NbyGQVwzFc_loc12_loop6,12,ITN 0%/IRS 0%/Larvicide 0%,0;0.4;0.4_0;0;0_0;0;0_-100;2;5475_-100;2;5475_-100;2;5475,39.1698630136986,Prevalence,0.00719430140694048
NbyGQVwzFc_loc12_loop6,12,ITN 0%/IRS 0%/Larvicide 0%,0;0.4;0.4_0;0;0_0;0;0_-100;2;5475_-100;2;5475_-100;2;5475,39.172602739726,Prevalence,0.00718558548813394
NbyGQVwzFc_loc12_loop6,12,ITN 0%/IRS 0%/Larvicide 0%,0;0.4;0.4_0;0;0_0;0;0_-100;2;5475_-100;2;5475_-100;2;5475,39.1753424657534,Prevalence,0.00717691600561455
NbyGQVwzFc_loc12_loop6,12,ITN 0%/IRS 0%/Larvicide 0%,0;0.4;0.4_0;0;0_0;0;0_-100;2;5475_-100;2;5475_-100;2;5475,39.1780821917808,Prevalence,0.00716829424838325
NbyGQVwzFc_loc12_loop6,12,ITN 0%/IRS 0%/Larvicide 0%,0;0.4;0.4_0;0;0_0;0;0_-100;2;5475_-100;2;5475_-100;2;5475,39.1808219178082,Prevalence,0.00715972131061018
NbyGQVwzFc_loc12_loop6,12,ITN 0%/IRS 0%/Larvicide 0%,0;0.4;0.4_0;0;0_0;0;0_-100;2;5475_-100;2;5475_-100;2;5475,39.1835616438356,Prevalence,0.00715119795868143
NbyGQVwzFc_loc12_loop6,12,ITN 0%/IRS 0%/Larvicide 0%,0;0.4;0.4_0;0;0_0;0;0_-100;2;5475_-100;2;5475_-100;2;5475,39.186301369863,Prevalence,0.00714272458787884
NbyGQVwzFc_loc12_loop6,12,ITN 0%/IRS 0%/Larvicide 0%,0;0.4;0.4_0;0;0_0;0;0_-100;2;5475_-100;2;5475_-100;2;5475,39.1890410958904,Prevalence,0.00713430131013257
NbyGQVwzFc_loc12_loop6,12,ITN 0%/IRS 0%/Larvicide 0%,0;0.4;0.4_0;0;0_0;0;0_-100;2;5475_-100;2;5475_-100;2;5475,39.1917808219178,Prevalence,0.00712592802937271
NbyGQVwzFc_loc12_loop6,12,ITN 0%/IRS 0%/Larvicide 0%,0;0.4;0.4_0;0;0_0;0;0_-100;2;5475_-100;2;5475_-100;2;5475,39.1945205479452,Prevalence,0.00711760449964786
NbyGQVwzFc_loc12_loop6,12,ITN 0%/IRS 0%/Larvicide 0%,0;0.4;0.4_0;0;0_0;0;0_-100;2;5475_-100;2;5475_-100;2;5475,39.1972602739726,Prevalence,0.00710933036974589
NbyGQVwzFc_loc12_loop6,12,ITN 0%/IRS 0%/Larvicide 0%,0;0.4;0.4_0;0;0_0;0;0_-100;2;5475_-100;2;5475_-100;2;5475,39.2,Prevalence,0.00710110521726668
NbyGQVwzFc_loc12_loop6,12,ITN 0%/IRS 0%/Larvicide 0%,0;0.4;0.4_0;0;0_0;0;0_-100;2;5475_-100;2;5475_-100;2;5475,39.2027397260274,Prevalence,0.00709292857447065
NbyGQVwzFc_loc12_loop6,12,ITN 0%/IRS 0%/Larvicide 0%,0;0.4;0.4_0;0;0_0;0;0_-100;2;5475_-100;2;5475_-100;2;5475,39.2054794520548,Prevalence,0.00708479994773173
NbyGQVwzFc_loc12_loop6,12,ITN 0%/IRS 0%/Larvicide 0%,0;0.4;0.4_0;0;0_0;0;0_-100;2;5475_-100;2;5475_-100;2;5475,39.2082191780822,Prevalence,0.0070767188320306
NbyGQVwzFc_loc12_loop6,12,ITN 0%/IRS 0%/Larvicide 0%,0;0.4;0.4_0;0;0_0;0;0_-100;2;5475_-100;2;5475_-100;2;5475,39.2109589041096,Prevalence,0.00706868472161491
NbyGQVwzFc_loc12_loop6,12,ITN 0%/IRS 0%/Larvicide 0%,0;0.4;0.4_0;0;0_0;0;0_-100;2;5475_-100;2;5475_-100;2;5475,39.213698630137,Prevalence,0.00706069711769571
NbyGQVwzFc_loc12_loop6,12,ITN 0%/IRS 0%/Larvicide 0%,0;0.4;0.4_0;0;0_0;0;0_-100;2;5475_-100;2;5475_-100;2;5475,39.2164383561644,Prevalence,0.00705275553362873
NbyGQVwzFc_loc12_loop6,12,ITN 0%/IRS 0%/Larvicide 0%,0;0.4;0.4_0;0;0_0;0;0_-100;2;5475_-100;2;5475_-100;2;5475,39.2191780821918,Prevalence,0.00704485949791185
NbyGQVwzFc_loc12_loop6,12,ITN 0%/IRS 0%/Larvicide 0%,0;0.4;0.4_0;0;0_0;0;0_-100;2;5475_-100;2;5475_-100;2;5475,39.2219178082192,Prevalence,0.00703700855592924
NbyGQVwzFc_loc12_loop6,12,ITN 0%/IRS 0%/Larvicide 0%,0;0.4;0.4_0;0;0_0;0;0_-100;2;5475_-100;2;5475_-100;2;5475,39.2246575342466,Prevalence,0.00702920227093176
NbyGQVwzFc_loc12_loop6,12,ITN 0%/IRS 0%/Larvicide 0%,0;0.4;0.4_0;0;0_0;0;0_-100;2;5475_-100;2;5475_-100;2;5475,39.227397260274,Prevalence,0.00702144022445747
NbyGQVwzFc_loc12_loop6,12,ITN 0%/IRS 0%/Larvicide 0%,0;0.4;0.4_0;0;0_0;0;0_-100;2;5475_-100;2;5475_-100;2;5475,39.2301369863014,Prevalence,0.00701372201634281
NbyGQVwzFc_loc12_loop6,12,ITN 0%/IRS 0%/Larvicide 0%,0;0.4;0.4_0;0;0_0;0;0_-100;2;5475_-100;2;5475_-100;2;5475,39.2328767123288,Prevalence,0.00700604726443953
NbyGQVwzFc_loc12_loop6,12,ITN 0%/IRS 0%/Larvicide 0%,0;0.4;0.4_0;0;0_0;0;0_-100;2;5475_-100;2;5475_-100;2;5475,39.2356164383562,Prevalence,0.0069984156041254
NbyGQVwzFc_loc12_loop6,12,ITN 0%/IRS 0%/Larvicide 0%,0;0.4;0.4_0;0;0_0;0;0_-100;2;5475_-100;2;5475_-100;2;5475,39.2383561643836,Prevalence,0.00699082668767047
NbyGQVwzFc_loc12_loop6,12,ITN 0%/IRS 0%/Larvicide 0%,0;0.4;0.4_0;0;0_0;0;0_-100;2;5475_-100;2;5475_-100;2;5475,39.241095890411,Prevalence,0.00698328018348423
NbyGQVwzFc_loc12_loop6,12,ITN 0%/IRS 0%/Larvicide 0%,0;0.4;0.4_0;0;0_0;0;0_-100;2;5475_-100;2;5475_-100;2;5475,39.2438356164384,Prevalence,0.00697577577526433
NbyGQVwzFc_loc12_loop6,12,ITN 0%/IRS 0%/Larvicide 0%,0;0.4;0.4_0;0;0_0;0;0_-100;2;5475_-100;2;5475_-100;2;5475,39.2465753424658,Prevalence,0.00696831316108842
NbyGQVwzFc_loc12_loop6,12,ITN 0%/IRS 0%/Larvicide 0%,0;0.4;0.4_0;0;0_0;0;0_-100;2;5475_-100;2;5475_-100;2;5475,39.2493150684932,Prevalence,0.00696089205248456
NbyGQVwzFc_loc12_loop6,12,ITN 0%/IRS 0%/Larvicide 0%,0;0.4;0.4_0;0;0_0;0;0_-100;2;5475_-100;2;5475_-100;2;5475,39.2520547945206,Prevalence,0.00695351217350685
NbyGQVwzFc_loc12_loop6,12,ITN 0%/IRS 0%/Larvicide 0%,0;0.4;0.4_0;0;0_0;0;0_-100;2;5475_-100;2;5475_-100;2;5475,39.2547945205479,Prevalence,0.00694617325983395
NbyGQVwzFc_loc12_loop6,12,ITN 0%/IRS 0%/Larvicide 0%,0;0.4;0.4_0;0;0_0;0;0_-100;2;5475_-100;2;5475_-100;2;5475,39.2575342465753,Prevalence,0.00693887505790324
NbyGQVwzFc_loc12_loop6,12,ITN 0%/IRS 0%/Larvicide 0%,0;0.4;0.4_0;0;0_0;0;0_-100;2;5475_-100;2;5475_-100;2;5475,39.2602739726027,Prevalence,0.0069316173240877
NbyGQVwzFc_loc12_loop6,12,ITN 0%/IRS 0%/Larvicide 0%,0;0.4;0.4_0;0;0_0;0;0_-100;2;5475_-100;2;5475_-100;2;5475,39.2630136986301,Prevalence,0.00692439982392293
NbyGQVwzFc_loc12_loop6,12,ITN 0%/IRS 0%/Larvicide 0%,0;0.4;0.4_0;0;0_0;0;0_-100;2;5475_-100;2;5475_-100;2;5475,39.2657534246575,Prevalence,0.00691722233138372
NbyGQVwzFc_loc12_loop6,12,ITN 0%/IRS 0%/Larvicide 0%,0;0.4;0.4_0;0;0_0;0;0_-100;2;5475_-100;2;5475_-100;2;5475,39.2684931506849,Prevalence,0.00691008462821144
NbyGQVwzFc_loc12_loop6,12,ITN 0%/IRS 0%/Larvicide 0%,0;0.4;0.4_0;0;0_0;0;0_-100;2;5475_-100;2;5475_-100;2;5475,39.2712328767123,Prevalence,0.00690298650328713
NbyGQVwzFc_loc12_loop6,12,ITN 0%/IRS 0%/Larvicide 0%,0;0.4;0.4_0;0;0_0;0;0_-100;2;5475_-100;2;5475_-100;2;5475,39.2739726027397,Prevalence,0.00689592775199889
NbyGQVwzFc_loc12_loop6,12,ITN 0%/IRS 0%/Larvicide 0%,0;0.4;0.4_0;0;0_0;0;0_-100;2;5475_-100;2;5475_-100;2;5475,39.2767123287671,Prevalence,0.00688890817553812
NbyGQVwzFc_loc12_loop6,12,ITN 0%/IRS 0%/Larvicide 0%,0;0.4;0.4_0;0;0_0;0;0_-100;2;5475_-100;2;5475_-100;2;5475,39.2794520547945,Prevalence,0.00688192758015226
NbyGQVwzFc_loc12_loop6,12,ITN 0%/IRS 0%/Larvicide 0%,0;0.4;0.4_0;0;0_0;0;0_-100;2;5475_-100;2;5475_-100;2;5475,39.2821917808219,Prevalence,0.00687498577640512
NbyGQVwzFc_loc12_loop6,12,ITN 0%/IRS 0%/Larvicide 0%,0;0.4;0.4_0;0;0_0;0;0_-100;2;5475_-100;2;5475_-100;2;5475,39.2849315068493,Prevalence,0.0068680825784789
NbyGQVwzFc_loc12_loop6,12,ITN 0%/IRS 0%/Larvicide 0%,0;0.4;0.4_0;0;0_0;0;0_-100;2;5475_-100;2;5475_-100;2;5475,39.2876712328767,Prevalence,0.00686121780353751
NbyGQVwzFc_loc12_loop6,12,ITN 0%/IRS 0%/Larvicide 0%,0;0.4;0.4_0;0;0_0;0;0_-100;2;5475_-100;2;5475_-100;2;5475,39.2904109589041,Prevalence,0.0068543912711613
NbyGQVwzFc_loc12_loop6,12,ITN 0%/IRS 0%/Larvicide 0%,0;0.4;0.4_0;0;0_0;0;0_-100;2;5475_-100;2;5475_-100;2;5475,39.2931506849315,Prevalence,0.0068476028028563
NbyGQVwzFc_loc12_loop6,12,ITN 0%/IRS 0%/Larvicide 0%,0;0.4;0.4_0;0;0_0;0;0_-100;2;5475_-100;2;5475_-100;2;5475,39.2958904109589,Prevalence,0.00684085222163695
NbyGQVwzFc_loc12_loop6,12,ITN 0%/IRS 0%/Larvicide 0%,0;0.4;0.4_0;0;0_0;0;0_-100;2;5475_-100;2;5475_-100;2;5475,39.2986301369863,Prevalence,0.00683413935167823
NbyGQVwzFc_loc12_loop6,12,ITN 0%/IRS 0%/Larvicide 0%,0;0.4;0.4_0;0;0_0;0;0_-100;2;5475_-100;2;5475_-100;2;5475,39.3013698630137,Prevalence,0.00682746401803123
NbyGQVwzFc_loc12_loop6,12,ITN 0%/IRS 0%/Larvicide 0%,0;0.4;0.4_0;0;0_0;0;0_-100;2;5475_-100;2;5475_-100;2;5475,39.3041095890411,Prevalence,0.00682082604639574
NbyGQVwzFc_loc12_loop6,12,ITN 0%/IRS 0%/Larvicide 0%,0;0.4;0.4_0;0;0_0;0;0_-100;2;5475_-100;2;5475_-100;2;5475,39.3068493150685,Prevalence,0.00681422526294508
NbyGQVwzFc_loc12_loop6,12,ITN 0%/IRS 0%/Larvicide 0%,0;0.4;0.4_0;0;0_0;0;0_-100;2;5475_-100;2;5475_-100;2;5475,39.3095890410959,Prevalence,0.0068076614941932
NbyGQVwzFc_loc12_loop6,12,ITN 0%/IRS 0%/Larvicide 0%,0;0.4;0.4_0;0;0_0;0;0_-100;2;5475_-100;2;5475_-100;2;5475,39.3123287671233,Prevalence,0.00680113456689889
NbyGQVwzFc_loc12_loop6,12,ITN 0%/IRS 0%/Larvicide 0%,0;0.4;0.4_0;0;0_0;0;0_-100;2;5475_-100;2;5475_-100;2;5475,39.3150684931507,Prevalence,0.00679464430800117
NbyGQVwzFc_loc12_loop6,12,ITN 0%/IRS 0%/Larvicide 0%,0;0.4;0.4_0;0;0_0;0;0_-100;2;5475_-100;2;5475_-100;2;5475,39.3178082191781,Prevalence,0.0067881905445803
NbyGQVwzFc_loc12_loop6,12,ITN 0%/IRS 0%/Larvicide 0%,0;0.4;0.4_0;0;0_0;0;0_-100;2;5475_-100;2;5475_-100;2;5475,39.3205479452055,Prevalence,0.00678177310383989
NbyGQVwzFc_loc12_loop6,12,ITN 0%/IRS 0%/Larvicide 0%,0;0.4;0.4_0;0;0_0;0;0_-100;2;5475_-100;2;5475_-100;2;5475,39.3232876712329,Prevalence,0.00677539181310623
NbyGQVwzFc_loc12_loop6,12,ITN 0%/IRS 0%/Larvicide 0%,0;0.4;0.4_0;0;0_0;0;0_-100;2;5475_-100;2;5475_-100;2;5475,39.3260273972603,Prevalence,0.00676904649984116
NbyGQVwzFc_loc12_loop6,12,ITN 0%/IRS 0%/Larvicide 0%,0;0.4;0.4_0;0;0_0;0;0_-100;2;5475_-100;2;5475_-100;2;5475,39.3287671232877,Prevalence,0.00676273699166566
NbyGQVwzFc_loc12_loop6,12,ITN 0%/IRS 0%/Larvicide 0%,0;0.4;0.4_0;0;0_0;0;0_-100;2;5475_-100;2;5475_-100;2;5475,39.3315068493151,Prevalence,0.00675646311639191
NbyGQVwzFc_loc12_loop6,12,ITN 0%/IRS 0%/Larvicide 0%,0;0.4;0.4_0;0;0_0;0;0_-100;2;5475_-100;2;5475_-100;2;5475,39.3342465753425,Prevalence,0.00675022470206126
NbyGQVwzFc_loc12_loop6,12,ITN 0%/IRS 0%/Larvicide 0%,0;0.4;0.4_0;0;0_0;0;0_-100;2;5475_-100;2;5475_-100;2;5475,39.3369863013699,Prevalence,0.00674402157698669
NbyGQVwzFc_loc12_loop6,12,ITN 0%/IRS 0%/Larvicide 0%,0;0.4;0.4_0;0;0_0;0;0_-100;2;5475_-100;2;5475_-100;2;5475,39.3397260273973,Prevalence,0.00673785356979826
NbyGQVwzFc_loc12_loop6,12,ITN 0%/IRS 0%/Larvicide 0%,0;0.4;0.4_0;0;0_0;0;0_-100;2;5475_-100;2;5475_-100;2;5475,39.3424657534247,Prevalence,0.00673172050948999
NbyGQVwzFc_loc12_loop6,12,ITN 0%/IRS 0%/Larvicide 0%,0;0.4;0.4_0;0;0_0;0;0_-100;2;5475_-100;2;5475_-100;2;5475,39.3452054794521,Prevalence,0.00672562222546737
NbyGQVwzFc_loc12_loop6,12,ITN 0%/IRS 0%/Larvicide 0%,0;0.4;0.4_0;0;0_0;0;0_-100;2;5475_-100;2;5475_-100;2;5475,39.3479452054795,Prevalence,0.00671955854759431
NbyGQVwzFc_loc12_loop6,12,ITN 0%/IRS 0%/Larvicide 0%,0;0.4;0.4_0;0;0_0;0;0_-100;2;5475_-100;2;5475_-100;2;5475,39.3506849315069,Prevalence,0.00671352930624098
NbyGQVwzFc_loc12_loop6,12,ITN 0%/IRS 0%/Larvicide 0%,0;0.4;0.4_0;0;0_0;0;0_-100;2;5475_-100;2;5475_-100;2;5475,39.3534246575343,Prevalence,0.00670753433232901
NbyGQVwzFc_loc12_loop6,12,ITN 0%/IRS 0%/Larvicide 0%,0;0.4;0.4_0;0;0_0;0;0_-100;2;5475_-100;2;5475_-100;2;5475,39.3561643835616,Prevalence,0.00670157345737513
NbyGQVwzFc_loc12_loop6,12,ITN 0%/IRS 0%/Larvicide 0%,0;0.4;0.4_0;0;0_0;0;0_-100;2;5475_-100;2;5475_-100;2;5475,39.358904109589,Prevalence,0.00669564651353305
NbyGQVwzFc_loc12_loop6,12,ITN 0%/IRS 0%/Larvicide 0%,0;0.4;0.4_0;0;0_0;0;0_-100;2;5475_-100;2;5475_-100;2;5475,39.3616438356164,Prevalence,0.0066897533336331
NbyGQVwzFc_loc12_loop6,12,ITN 0%/IRS 0%/Larvicide 0%,0;0.4;0.4_0;0;0_0;0;0_-100;2;5475_-100;2;5475_-100;2;5475,39.3643835616438,Prevalence,0.00668389375121966
NbyGQVwzFc_loc12_loop6,12,ITN 0%/IRS 0%/Larvicide 0%,0;0.4;0.4_0;0;0_0;0;0_-100;2;5475_-100;2;5475_-100;2;5475,39.3671232876712,Prevalence,0.00667806760058607
NbyGQVwzFc_loc12_loop6,12,ITN 0%/IRS 0%/Larvicide 0%,0;0.4;0.4_0;0;0_0;0;0_-100;2;5475_-100;2;5475_-100;2;5475,39.3698630136986,Prevalence,0.00667227471680703
NbyGQVwzFc_loc12_loop6,12,ITN 0%/IRS 0%/Larvicide 0%,0;0.4;0.4_0;0;0_0;0;0_-100;2;5475_-100;2;5475_-100;2;5475,39.372602739726,Prevalence,0.00666651493576833
NbyGQVwzFc_loc12_loop6,12,ITN 0%/IRS 0%/Larvicide 0%,0;0.4;0.4_0;0;0_0;0;0_-100;2;5475_-100;2;5475_-100;2;5475,39.3753424657534,Prevalence,0.0066607880941937
NbyGQVwzFc_loc12_loop6,12,ITN 0%/IRS 0%/Larvicide 0%,0;0.4;0.4_0;0;0_0;0;0_-100;2;5475_-100;2;5475_-100;2;5475,39.3780821917808,Prevalence,0.0066550940296689
NbyGQVwzFc_loc12_loop6,12,ITN 0%/IRS 0%/Larvicide 0%,0;0.4;0.4_0;0;0_0;0;0_-100;2;5475_-100;2;5475_-100;2;5475,39.3808219178082,Prevalence,0.00664943258066301
NbyGQVwzFc_loc12_loop6,12,ITN 0%/IRS 0%/Larvicide 0%,0;0.4;0.4_0;0;0_0;0;0_-100;2;5475_-100;2;5475_-100;2;5475,39.3835616438356,Prevalence,0.0066438035865469
NbyGQVwzFc_loc12_loop6,12,ITN 0%/IRS 0%/Larvicide 0%,0;0.4;0.4_0;0;0_0;0;0_-100;2;5475_-100;2;5475_-100;2;5475,39.386301369863,Prevalence,0.00663820688760916
NbyGQVwzFc_loc12_loop6,12,ITN 0%/IRS 0%/Larvicide 0%,0;0.4;0.4_0;0;0_0;0;0_-100;2;5475_-100;2;5475_-100;2;5475,39.3890410958904,Prevalence,0.00663264232506936
NbyGQVwzFc_loc12_loop6,12,ITN 0%/IRS 0%/Larvicide 0%,0;0.4;0.4_0;0;0_0;0;0_-100;2;5475_-100;2;5475_-100;2;5475,39.3917808219178,Prevalence,0.0066271097410883
NbyGQVwzFc_loc12_loop6,12,ITN 0%/IRS 0%/Larvicide 0%,0;0.4;0.4_0;0;0_0;0;0_-100;2;5475_-100;2;5475_-100;2;5475,39.3945205479452,Prevalence,0.0066216089787778
NbyGQVwzFc_loc12_loop6,12,ITN 0%/IRS 0%/Larvicide 0%,0;0.4;0.4_0;0;0_0;0;0_-100;2;5475_-100;2;5475_-100;2;5475,39.3972602739726,Prevalence,0.00661613988220735
NbyGQVwzFc_loc12_loop6,12,ITN 0%/IRS 0%/Larvicide 0%,0;0.4;0.4_0;0;0_0;0;0_-100;2;5475_-100;2;5475_-100;2;5475,39.4,Prevalence,0.00661070229640897
NbyGQVwzFc_loc12_loop6,12,ITN 0%/IRS 0%/Larvicide 0%,0;0.4;0.4_0;0;0_0;0;0_-100;2;5475_-100;2;5475_-100;2;5475,39.4027397260274,Prevalence,0.00660529606738039
NbyGQVwzFc_loc12_loop6,12,ITN 0%/IRS 0%/Larvicide 0%,0;0.4;0.4_0;0;0_0;0;0_-100;2;5475_-100;2;5475_-100;2;5475,39.4054794520548,Prevalence,0.00659992104208679
NbyGQVwzFc_loc12_loop6,12,ITN 0%/IRS 0%/Larvicide 0%,0;0.4;0.4_0;0;0_0;0;0_-100;2;5475_-100;2;5475_-100;2;5475,39.4082191780822,Prevalence,0.00659457706846123
NbyGQVwzFc_loc12_loop6,12,ITN 0%/IRS 0%/Larvicide 0%,0;0.4;0.4_0;0;0_0;0;0_-100;2;5475_-100;2;5475_-100;2;5475,39.4109589041096,Prevalence,0.0065892639954039
NbyGQVwzFc_loc12_loop6,12,ITN 0%/IRS 0%/Larvicide 0%,0;0.4;0.4_0;0;0_0;0;0_-100;2;5475_-100;2;5475_-100;2;5475,39.413698630137,Prevalence,0.00658398167278033
NbyGQVwzFc_loc12_loop6,12,ITN 0%/IRS 0%/Larvicide 0%,0;0.4;0.4_0;0;0_0;0;0_-100;2;5475_-100;2;5475_-100;2;5475,39.4164383561644,Prevalence,0.00657872995141871
NbyGQVwzFc_loc12_loop6,12,ITN 0%/IRS 0%/Larvicide 0%,0;0.4;0.4_0;0;0_0;0;0_-100;2;5475_-100;2;5475_-100;2;5475,39.4191780821918,Prevalence,0.00657350868310642
NbyGQVwzFc_loc12_loop6,12,ITN 0%/IRS 0%/Larvicide 0%,0;0.4;0.4_0;0;0_0;0;0_-100;2;5475_-100;2;5475_-100;2;5475,39.4219178082192,Prevalence,0.00656831772058601
NbyGQVwzFc_loc12_loop6,12,ITN 0%/IRS 0%/Larvicide 0%,0;0.4;0.4_0;0;0_0;0;0_-100;2;5475_-100;2;5475_-100;2;5475,39.4246575342466,Prevalence,0.00656315691755047
NbyGQVwzFc_loc12_loop6,12,ITN 0%/IRS 0%/Larvicide 0%,0;0.4;0.4_0;0;0_0;0;0_-100;2;5475_-100;2;5475_-100;2;5475,39.427397260274,Prevalence,0.00655802612863814
NbyGQVwzFc_loc12_loop6,12,ITN 0%/IRS 0%/Larvicide 0%,0;0.4;0.4_0;0;0_0;0;0_-100;2;5475_-100;2;5475_-100;2;5475,39.4301369863014,Prevalence,0.00655292520942721
NbyGQVwzFc_loc12_loop6,12,ITN 0%/IRS 0%/Larvicide 0%,0;0.4;0.4_0;0;0_0;0;0_-100;2;5475_-100;2;5475_-100;2;5475,39.4328767123288,Prevalence,0.00654785401642993
NbyGQVwzFc_loc12_loop6,12,ITN 0%/IRS 0%/Larvicide 0%,0;0.4;0.4_0;0;0_0;0;0_-100;2;5475_-100;2;5475_-100;2;5475,39.4356164383562,Prevalence,0.00654281240708624
NbyGQVwzFc_loc12_loop6,12,ITN 0%/IRS 0%/Larvicide 0%,0;0.4;0.4_0;0;0_0;0;0_-100;2;5475_-100;2;5475_-100;2;5475,39.4383561643836,Prevalence,0.00653780023975726
NbyGQVwzFc_loc12_loop6,12,ITN 0%/IRS 0%/Larvicide 0%,0;0.4;0.4_0;0;0_0;0;0_-100;2;5475_-100;2;5475_-100;2;5475,39.441095890411,Prevalence,0.00653281737371991
NbyGQVwzFc_loc12_loop6,12,ITN 0%/IRS 0%/Larvicide 0%,0;0.4;0.4_0;0;0_0;0;0_-100;2;5475_-100;2;5475_-100;2;5475,39.4438356164384,Prevalence,0.00652786366915997
NbyGQVwzFc_loc12_loop6,12,ITN 0%/IRS 0%/Larvicide 0%,0;0.4;0.4_0;0;0_0;0;0_-100;2;5475_-100;2;5475_-100;2;5475,39.4465753424658,Prevalence,0.00652293898716552
NbyGQVwzFc_loc12_loop6,12,ITN 0%/IRS 0%/Larvicide 0%,0;0.4;0.4_0;0;0_0;0;0_-100;2;5475_-100;2;5475_-100;2;5475,39.4493150684932,Prevalence,0.00651804318972036
NbyGQVwzFc_loc12_loop6,12,ITN 0%/IRS 0%/Larvicide 0%,0;0.4;0.4_0;0;0_0;0;0_-100;2;5475_-100;2;5475_-100;2;5475,39.4520547945206,Prevalence,0.00651317613969734
NbyGQVwzFc_loc12_loop6,12,ITN 0%/IRS 0%/Larvicide 0%,0;0.4;0.4_0;0;0_0;0;0_-100;2;5475_-100;2;5475_-100;2;5475,39.4547945205479,Prevalence,0.00650833770085177
NbyGQVwzFc_loc12_loop6,12,ITN 0%/IRS 0%/Larvicide 0%,0;0.4;0.4_0;0;0_0;0;0_-100;2;5475_-100;2;5475_-100;2;5475,39.4575342465753,Prevalence,0.00650352773781491
NbyGQVwzFc_loc12_loop6,12,ITN 0%/IRS 0%/Larvicide 0%,0;0.4;0.4_0;0;0_0;0;0_-100;2;5475_-100;2;5475_-100;2;5475,39.4602739726027,Prevalence,0.00649874611608738
NbyGQVwzFc_loc12_loop6,12,ITN 0%/IRS 0%/Larvicide 0%,0;0.4;0.4_0;0;0_0;0;0_-100;2;5475_-100;2;5475_-100;2;5475,39.4630136986301,Prevalence,0.0064939927020327
NbyGQVwzFc_loc12_loop6,12,ITN 0%/IRS 0%/Larvicide 0%,0;0.4;0.4_0;0;0_0;0;0_-100;2;5475_-100;2;5475_-100;2;5475,39.4657534246575,Prevalence,0.0064892673628709
NbyGQVwzFc_loc12_loop6,12,ITN 0%/IRS 0%/Larvicide 0%,0;0.4;0.4_0;0;0_0;0;0_-100;2;5475_-100;2;5475_-100;2;5475,39.4684931506849,Prevalence,0.00648456996667215
NbyGQVwzFc_loc12_loop6,12,ITN 0%/IRS 0%/Larvicide 0%,0;0.4;0.4_0;0;0_0;0;0_-100;2;5475_-100;2;5475_-100;2;5475,39.4712328767123,Prevalence,0.00647990038235059
NbyGQVwzFc_loc12_loop6,12,ITN 0%/IRS 0%/Larvicide 0%,0;0.4;0.4_0;0;0_0;0;0_-100;2;5475_-100;2;5475_-100;2;5475,39.4739726027397,Prevalence,0.00647525847965806
NbyGQVwzFc_loc12_loop6,12,ITN 0%/IRS 0%/Larvicide 0%,0;0.4;0.4_0;0;0_0;0;0_-100;2;5475_-100;2;5475_-100;2;5475,39.4767123287671,Prevalence,0.00647064412917806
NbyGQVwzFc_loc12_loop6,12,ITN 0%/IRS 0%/Larvicide 0%,0;0.4;0.4_0;0;0_0;0;0_-100;2;5475_-100;2;5475_-100;2;5475,39.4794520547945,Prevalence,0.00646605720231975
NbyGQVwzFc_loc12_loop6,12,ITN 0%/IRS 0%/Larvicide 0%,0;0.4;0.4_0;0;0_0;0;0_-100;2;5475_-100;2;5475_-100;2;5475,39.4821917808219,Prevalence,0.00646149757131168
NbyGQVwzFc_loc12_loop6,12,ITN 0%/IRS 0%/Larvicide 0%,0;0.4;0.4_0;0;0_0;0;0_-100;2;5475_-100;2;5475_-100;2;5475,39.4849315068493,Prevalence,0.0064569651091959
NbyGQVwzFc_loc12_loop6,12,ITN 0%/IRS 0%/Larvicide 0%,0;0.4;0.4_0;0;0_0;0;0_-100;2;5475_-100;2;5475_-100;2;5475,39.4876712328767,Prevalence,0.00645245968982304
NbyGQVwzFc_loc12_loop6,12,ITN 0%/IRS 0%/Larvicide 0%,0;0.4;0.4_0;0;0_0;0;0_-100;2;5475_-100;2;5475_-100;2;5475,39.4904109589041,Prevalence,0.0064479811878462
NbyGQVwzFc_loc12_loop6,12,ITN 0%/IRS 0%/Larvicide 0%,0;0.4;0.4_0;0;0_0;0;0_-100;2;5475_-100;2;5475_-100;2;5475,39.4931506849315,Prevalence,0.00644352947871529
NbyGQVwzFc_loc12_loop6,12,ITN 0%/IRS 0%/Larvicide 0%,0;0.4;0.4_0;0;0_0;0;0_-100;2;5475_-100;2;5475_-100;2;5475,39.4958904109589,Prevalence,0.00643910443867152
NbyGQVwzFc_loc12_loop6,12,ITN 0%/IRS 0%/Larvicide 0%,0;0.4;0.4_0;0;0_0;0;0_-100;2;5475_-100;2;5475_-100;2;5475,39.4986301369863,Prevalence,0.00643470594474193
NbyGQVwzFc_loc12_loop6,12,ITN 0%/IRS 0%/Larvicide 0%,0;0.4;0.4_0;0;0_0;0;0_-100;2;5475_-100;2;5475_-100;2;5475,39.5013698630137,Prevalence,0.00643033387473395
NbyGQVwzFc_loc12_loop6,12,ITN 0%/IRS 0%/Larvicide 0%,0;0.4;0.4_0;0;0_0;0;0_-100;2;5475_-100;2;5475_-100;2;5475,39.5041095890411,Prevalence,0.00642598810723008
NbyGQVwzFc_loc12_loop6,12,ITN 0%/IRS 0%/Larvicide 0%,0;0.4;0.4_0;0;0_0;0;0_-100;2;5475_-100;2;5475_-100;2;5475,39.5068493150685,Prevalence,0.00642166852158261
NbyGQVwzFc_loc12_loop6,12,ITN 0%/IRS 0%/Larvicide 0%,0;0.4;0.4_0;0;0_0;0;0_-100;2;5475_-100;2;5475_-100;2;5475,39.5095890410959,Prevalence,0.0064173749979083
NbyGQVwzFc_loc12_loop6,12,ITN 0%/IRS 0%/Larvicide 0%,0;0.4;0.4_0;0;0_0;0;0_-100;2;5475_-100;2;5475_-100;2;5475,39.5123287671233,Prevalence,0.00641310741708331
NbyGQVwzFc_loc12_loop6,12,ITN 0%/IRS 0%/Larvicide 0%,0;0.4;0.4_0;0;0_0;0;0_-100;2;5475_-100;2;5475_-100;2;5475,39.5150684931507,Prevalence,0.00640886566073797
NbyGQVwzFc_loc12_loop6,12,ITN 0%/IRS 0%/Larvicide 0%,0;0.4;0.4_0;0;0_0;0;0_-100;2;5475_-100;2;5475_-100;2;5475,39.5178082191781,Prevalence,0.00640464961125177
NbyGQVwzFc_loc12_loop6,12,ITN 0%/IRS 0%/Larvicide 0%,0;0.4;0.4_0;0;0_0;0;0_-100;2;5475_-100;2;5475_-100;2;5475,39.5205479452055,Prevalence,0.00640045915174824
NbyGQVwzFc_loc12_loop6,12,ITN 0%/IRS 0%/Larvicide 0%,0;0.4;0.4_0;0;0_0;0;0_-100;2;5475_-100;2;5475_-100;2;5475,39.5232876712329,Prevalence,0.00639629416608999
NbyGQVwzFc_loc12_loop6,12,ITN 0%/IRS 0%/Larvicide 0%,0;0.4;0.4_0;0;0_0;0;0_-100;2;5475_-100;2;5475_-100;2;5475,39.5260273972603,Prevalence,0.00639215453887375
NbyGQVwzFc_loc12_loop6,12,ITN 0%/IRS 0%/Larvicide 0%,0;0.4;0.4_0;0;0_0;0;0_-100;2;5475_-100;2;5475_-100;2;5475,39.5287671232877,Prevalence,0.00638804015542528
NbyGQVwzFc_loc12_loop6,12,ITN 0%/IRS 0%/Larvicide 0%,0;0.4;0.4_0;0;0_0;0;0_-100;2;5475_-100;2;5475_-100;2;5475,39.5315068493151,Prevalence,0.00638395090179419
NbyGQVwzFc_loc12_loop6,12,ITN 0%/IRS 0%/Larvicide 0%,0;0.4;0.4_0;0;0_0;0;0_-100;2;5475_-100;2;5475_-100;2;5475,39.5342465753425,Prevalence,0.00637988666474999
NbyGQVwzFc_loc12_loop6,12,ITN 0%/IRS 0%/Larvicide 0%,0;0.4;0.4_0;0;0_0;0;0_-100;2;5475_-100;2;5475_-100;2;5475,39.5369863013699,Prevalence,0.00637584733177692
NbyGQVwzFc_loc12_loop6,12,ITN 0%/IRS 0%/Larvicide 0%,0;0.4;0.4_0;0;0_0;0;0_-100;2;5475_-100;2;5475_-100;2;5475,39.5397260273973,Prevalence,0.00637183279106906
NbyGQVwzFc_loc12_loop6,12,ITN 0%/IRS 0%/Larvicide 0%,0;0.4;0.4_0;0;0_0;0;0_-100;2;5475_-100;2;5475_-100;2;5475,39.5424657534247,Prevalence,0.00636784293152565
NbyGQVwzFc_loc12_loop6,12,ITN 0%/IRS 0%/Larvicide 0%,0;0.4;0.4_0;0;0_0;0;0_-100;2;5475_-100;2;5475_-100;2;5475,39.5452054794521,Prevalence,0.00636387764274633
NbyGQVwzFc_loc12_loop6,12,ITN 0%/IRS 0%/Larvicide 0%,0;0.4;0.4_0;0;0_0;0;0_-100;2;5475_-100;2;5475_-100;2;5475,39.5479452054795,Prevalence,0.00635993681502648
NbyGQVwzFc_loc12_loop6,12,ITN 0%/IRS 0%/Larvicide 0%,0;0.4;0.4_0;0;0_0;0;0_-100;2;5475_-100;2;5475_-100;2;5475,39.5506849315069,Prevalence,0.00635602033935254
NbyGQVwzFc_loc12_loop6,12,ITN 0%/IRS 0%/Larvicide 0%,0;0.4;0.4_0;0;0_0;0;0_-100;2;5475_-100;2;5475_-100;2;5475,39.5534246575342,Prevalence,0.00635212810739741
NbyGQVwzFc_loc12_loop6,12,ITN 0%/IRS 0%/Larvicide 0%,0;0.4;0.4_0;0;0_0;0;0_-100;2;5475_-100;2;5475_-100;2;5475,39.5561643835616,Prevalence,0.00634826001151584
NbyGQVwzFc_loc12_loop6,12,ITN 0%/IRS 0%/Larvicide 0%,0;0.4;0.4_0;0;0_0;0;0_-100;2;5475_-100;2;5475_-100;2;5475,39.558904109589,Prevalence,0.00634441594473987
NbyGQVwzFc_loc12_loop6,12,ITN 0%/IRS 0%/Larvicide 0%,0;0.4;0.4_0;0;0_0;0;0_-100;2;5475_-100;2;5475_-100;2;5475,39.5616438356164,Prevalence,0.0063405958007743
NbyGQVwzFc_loc12_loop6,12,ITN 0%/IRS 0%/Larvicide 0%,0;0.4;0.4_0;0;0_0;0;0_-100;2;5475_-100;2;5475_-100;2;5475,39.5643835616438,Prevalence,0.00633679947399214
NbyGQVwzFc_loc12_loop6,12,ITN 0%/IRS 0%/Larvicide 0%,0;0.4;0.4_0;0;0_0;0;0_-100;2;5475_-100;2;5475_-100;2;5475,39.5671232876712,Prevalence,0.00633302685943021
NbyGQVwzFc_loc12_loop6,12,ITN 0%/IRS 0%/Larvicide 0%,0;0.4;0.4_0;0;0_0;0;0_-100;2;5475_-100;2;5475_-100;2;5475,39.5698630136986,Prevalence,0.0063292778527846
NbyGQVwzFc_loc12_loop6,12,ITN 0%/IRS 0%/Larvicide 0%,0;0.4;0.4_0;0;0_0;0;0_-100;2;5475_-100;2;5475_-100;2;5475,39.572602739726,Prevalence,0.0063255523504063
NbyGQVwzFc_loc12_loop6,12,ITN 0%/IRS 0%/Larvicide 0%,0;0.4;0.4_0;0;0_0;0;0_-100;2;5475_-100;2;5475_-100;2;5475,39.5753424657534,Prevalence,0.00632185024929682
NbyGQVwzFc_loc12_loop6,12,ITN 0%/IRS 0%/Larvicide 0%,0;0.4;0.4_0;0;0_0;0;0_-100;2;5475_-100;2;5475_-100;2;5475,39.5780821917808,Prevalence,0.00631817144710339
NbyGQVwzFc_loc12_loop6,12,ITN 0%/IRS 0%/Larvicide 0%,0;0.4;0.4_0;0;0_0;0;0_-100;2;5475_-100;2;5475_-100;2;5475,39.5808219178082,Prevalence,0.00631451584211518
NbyGQVwzFc_loc12_loop6,12,ITN 0%/IRS 0%/Larvicide 0%,0;0.4;0.4_0;0;0_0;0;0_-100;2;5475_-100;2;5475_-100;2;5475,39.5835616438356,Prevalence,0.00631088333325905
NbyGQVwzFc_loc12_loop6,12,ITN 0%/IRS 0%/Larvicide 0%,0;0.4;0.4_0;0;0_0;0;0_-100;2;5475_-100;2;5475_-100;2;5475,39.586301369863,Prevalence,0.00630727382009516
NbyGQVwzFc_loc12_loop6,12,ITN 0%/IRS 0%/Larvicide 0%,0;0.4;0.4_0;0;0_0;0;0_-100;2;5475_-100;2;5475_-100;2;5475,39.5890410958904,Prevalence,0.00630368720281258
NbyGQVwzFc_loc12_loop6,12,ITN 0%/IRS 0%/Larvicide 0%,0;0.4;0.4_0;0;0_0;0;0_-100;2;5475_-100;2;5475_-100;2;5475,39.5917808219178,Prevalence,0.00630012338222517
NbyGQVwzFc_loc12_loop6,12,ITN 0%/IRS 0%/Larvicide 0%,0;0.4;0.4_0;0;0_0;0;0_-100;2;5475_-100;2;5475_-100;2;5475,39.5945205479452,Prevalence,0.00629658225976732
NbyGQVwzFc_loc12_loop6,12,ITN 0%/IRS 0%/Larvicide 0%,0;0.4;0.4_0;0;0_0;0;0_-100;2;5475_-100;2;5475_-100;2;5475,39.5972602739726,Prevalence,0.00629306373748981
NbyGQVwzFc_loc12_loop6,12,ITN 0%/IRS 0%/Larvicide 0%,0;0.4;0.4_0;0;0_0;0;0_-100;2;5475_-100;2;5475_-100;2;5475,39.6,Prevalence,0.00628956771805565
NbyGQVwzFc_loc12_loop6,12,ITN 0%/IRS 0%/Larvicide 0%,0;0.4;0.4_0;0;0_0;0;0_-100;2;5475_-100;2;5475_-100;2;5475,39.6027397260274,Prevalence,0.00628609410473598
NbyGQVwzFc_loc12_loop6,12,ITN 0%/IRS 0%/Larvicide 0%,0;0.4;0.4_0;0;0_0;0;0_-100;2;5475_-100;2;5475_-100;2;5475,39.6054794520548,Prevalence,0.006282642801406
NbyGQVwzFc_loc12_loop6,12,ITN 0%/IRS 0%/Larvicide 0%,0;0.4;0.4_0;0;0_0;0;0_-100;2;5475_-100;2;5475_-100;2;5475,39.6082191780822,Prevalence,0.00627921371254088
NbyGQVwzFc_loc12_loop6,12,ITN 0%/IRS 0%/Larvicide 0%,0;0.4;0.4_0;0;0_0;0;0_-100;2;5475_-100;2;5475_-100;2;5475,39.6109589041096,Prevalence,0.00627580674321176
NbyGQVwzFc_loc12_loop6,12,ITN 0%/IRS 0%/Larvicide 0%,0;0.4;0.4_0;0;0_0;0;0_-100;2;5475_-100;2;5475_-100;2;5475,39.613698630137,Prevalence,0.00627242179908172
NbyGQVwzFc_loc12_loop6,12,ITN 0%/IRS 0%/Larvicide 0%,0;0.4;0.4_0;0;0_0;0;0_-100;2;5475_-100;2;5475_-100;2;5475,39.6164383561644,Prevalence,0.00626905878640182
NbyGQVwzFc_loc12_loop6,12,ITN 0%/IRS 0%/Larvicide 0%,0;0.4;0.4_0;0;0_0;0;0_-100;2;5475_-100;2;5475_-100;2;5475,39.6191780821918,Prevalence,0.00626571761200717
NbyGQVwzFc_loc12_loop6,12,ITN 0%/IRS 0%/Larvicide 0%,0;0.4;0.4_0;0;0_0;0;0_-100;2;5475_-100;2;5475_-100;2;5475,39.6219178082192,Prevalence,0.00626239818331298
NbyGQVwzFc_loc12_loop6,12,ITN 0%/IRS 0%/Larvicide 0%,0;0.4;0.4_0;0;0_0;0;0_-100;2;5475_-100;2;5475_-100;2;5475,39.6246575342466,Prevalence,0.00625910040831066
NbyGQVwzFc_loc12_loop6,12,ITN 0%/IRS 0%/Larvicide 0%,0;0.4;0.4_0;0;0_0;0;0_-100;2;5475_-100;2;5475_-100;2;5475,39.627397260274,Prevalence,0.00625582419556365
NbyGQVwzFc_loc12_loop6,12,ITN 0%/IRS 0%/Larvicide 0%,0;0.4;0.4_0;0;0_0;0;0_-100;2;5475_-100;2;5475_-100;2;5475,39.6301369863014,Prevalence,0.00625256945420415
NbyGQVwzFc_loc12_loop6,12,ITN 0%/IRS 0%/Larvicide 0%,0;0.4;0.4_0;0;0_0;0;0_-100;2;5475_-100;2;5475_-100;2;5475,39.6328767123288,Prevalence,0.00624933609392923
NbyGQVwzFc_loc12_loop6,12,ITN 0%/IRS 0%/Larvicide 0%,0;0.4;0.4_0;0;0_0;0;0_-100;2;5475_-100;2;5475_-100;2;5475,39.6356164383562,Prevalence,0.00624612402499692
NbyGQVwzFc_loc12_loop6,12,ITN 0%/IRS 0%/Larvicide 0%,0;0.4;0.4_0;0;0_0;0;0_-100;2;5475_-100;2;5475_-100;2;5475,39.6383561643836,Prevalence,0.00624293315822242
NbyGQVwzFc_loc12_loop6,12,ITN 0%/IRS 0%/Larvicide 0%,0;0.4;0.4_0;0;0_0;0;0_-100;2;5475_-100;2;5475_-100;2;5475,39.641095890411,Prevalence,0.00623976340497436
NbyGQVwzFc_loc12_loop6,12,ITN 0%/IRS 0%/Larvicide 0%,0;0.4;0.4_0;0;0_0;0;0_-100;2;5475_-100;2;5475_-100;2;5475,39.6438356164384,Prevalence,0.00623661467717112
NbyGQVwzFc_loc12_loop6,12,ITN 0%/IRS 0%/Larvicide 0%,0;0.4;0.4_0;0;0_0;0;0_-100;2;5475_-100;2;5475_-100;2;5475,39.6465753424658,Prevalence,0.00623348688727716
NbyGQVwzFc_loc12_loop6,12,ITN 0%/IRS 0%/Larvicide 0%,0;0.4;0.4_0;0;0_0;0;0_-100;2;5475_-100;2;5475_-100;2;5475,39.6493150684932,Prevalence,0.00623037994829929
NbyGQVwzFc_loc12_loop6,12,ITN 0%/IRS 0%/Larvicide 0%,0;0.4;0.4_0;0;0_0;0;0_-100;2;5475_-100;2;5475_-100;2;5475,39.6520547945205,Prevalence,0.00622729377378313
NbyGQVwzFc_loc12_loop6,12,ITN 0%/IRS 0%/Larvicide 0%,0;0.4;0.4_0;0;0_0;0;0_-100;2;5475_-100;2;5475_-100;2;5475,39.6547945205479,Prevalence,0.00622422827780946
NbyGQVwzFc_loc12_loop6,12,ITN 0%/IRS 0%/Larvicide 0%,0;0.4;0.4_0;0;0_0;0;0_-100;2;5475_-100;2;5475_-100;2;5475,39.6575342465754,Prevalence,0.00622118337499065
NbyGQVwzFc_loc12_loop6,12,ITN 0%/IRS 0%/Larvicide 0%,0;0.4;0.4_0;0;0_0;0;0_-100;2;5475_-100;2;5475_-100;2;5475,39.6602739726027,Prevalence,0.00621815898046711
NbyGQVwzFc_loc12_loop6,12,ITN 0%/IRS 0%/Larvicide 0%,0;0.4;0.4_0;0;0_0;0;0_-100;2;5475_-100;2;5475_-100;2;5475,39.6630136986301,Prevalence,0.00621515500990375
NbyGQVwzFc_loc12_loop6,12,ITN 0%/IRS 0%/Larvicide 0%,0;0.4;0.4_0;0;0_0;0;0_-100;2;5475_-100;2;5475_-100;2;5475,39.6657534246575,Prevalence,0.0062121713794865
NbyGQVwzFc_loc12_loop6,12,ITN 0%/IRS 0%/Larvicide 0%,0;0.4;0.4_0;0;0_0;0;0_-100;2;5475_-100;2;5475_-100;2;5475,39.6684931506849,Prevalence,0.0062092080059188
NbyGQVwzFc_loc12_loop6,12,ITN 0%/IRS 0%/Larvicide 0%,0;0.4;0.4_0;0;0_0;0;0_-100;2;5475_-100;2;5475_-100;2;5475,39.6712328767123,Prevalence,0.00620626480641818
NbyGQVwzFc_loc12_loop6,12,ITN 0%/IRS 0%/Larvicide 0%,0;0.4;0.4_0;0;0_0;0;0_-100;2;5475_-100;2;5475_-100;2;5475,39.6739726027397,Prevalence,0.00620334169871278
NbyGQVwzFc_loc12_loop6,12,ITN 0%/IRS 0%/Larvicide 0%,0;0.4;0.4_0;0;0_0;0;0_-100;2;5475_-100;2;5475_-100;2;5475,39.6767123287671,Prevalence,0.0062004386010378
NbyGQVwzFc_loc12_loop6,12,ITN 0%/IRS 0%/Larvicide 0%,0;0.4;0.4_0;0;0_0;0;0_-100;2;5475_-100;2;5475_-100;2;5475,39.6794520547945,Prevalence,0.00619755543213236
NbyGQVwzFc_loc12_loop6,12,ITN 0%/IRS 0%/Larvicide 0%,0;0.4;0.4_0;0;0_0;0;0_-100;2;5475_-100;2;5475_-100;2;5475,39.6821917808219,Prevalence,0.00619469211123634
NbyGQVwzFc_loc12_loop6,12,ITN 0%/IRS 0%/Larvicide 0%,0;0.4;0.4_0;0;0_0;0;0_-100;2;5475_-100;2;5475_-100;2;5475,39.6849315068493,Prevalence,0.0061918485580868
NbyGQVwzFc_loc12_loop6,12,ITN 0%/IRS 0%/Larvicide 0%,0;0.4;0.4_0;0;0_0;0;0_-100;2;5475_-100;2;5475_-100;2;5475,39.6876712328767,Prevalence,0.00618902469291465
NbyGQVwzFc_loc12_loop6,12,ITN 0%/IRS 0%/Larvicide 0%,0;0.4;0.4_0;0;0_0;0;0_-100;2;5475_-100;2;5475_-100;2;5475,39.6904109589041,Prevalence,0.00618622043644137
NbyGQVwzFc_loc12_loop6,12,ITN 0%/IRS 0%/Larvicide 0%,0;0.4;0.4_0;0;0_0;0;0_-100;2;5475_-100;2;5475_-100;2;5475,39.6931506849315,Prevalence,0.00618343570987575
NbyGQVwzFc_loc12_loop6,12,ITN 0%/IRS 0%/Larvicide 0%,0;0.4;0.4_0;0;0_0;0;0_-100;2;5475_-100;2;5475_-100;2;5475,39.6958904109589,Prevalence,0.00618067043491064
NbyGQVwzFc_loc12_loop6,12,ITN 0%/IRS 0%/Larvicide 0%,0;0.4;0.4_0;0;0_0;0;0_-100;2;5475_-100;2;5475_-100;2;5475,39.6986301369863,Prevalence,0.00617792453371975
NbyGQVwzFc_loc12_loop6,12,ITN 0%/IRS 0%/Larvicide 0%,0;0.4;0.4_0;0;0_0;0;0_-100;2;5475_-100;2;5475_-100;2;5475,39.7013698630137,Prevalence,0.00617519792895442
NbyGQVwzFc_loc12_loop6,12,ITN 0%/IRS 0%/Larvicide 0%,0;0.4;0.4_0;0;0_0;0;0_-100;2;5475_-100;2;5475_-100;2;5475,39.7041095890411,Prevalence,0.00617249054374045
NbyGQVwzFc_loc12_loop6,12,ITN 0%/IRS 0%/Larvicide 0%,0;0.4;0.4_0;0;0_0;0;0_-100;2;5475_-100;2;5475_-100;2;5475,39.7068493150685,Prevalence,0.006169802301675
NbyGQVwzFc_loc12_loop6,12,ITN 0%/IRS 0%/Larvicide 0%,0;0.4;0.4_0;0;0_0;0;0_-100;2;5475_-100;2;5475_-100;2;5475,39.7095890410959,Prevalence,0.00616713312682336
NbyGQVwzFc_loc12_loop6,12,ITN 0%/IRS 0%/Larvicide 0%,0;0.4;0.4_0;0;0_0;0;0_-100;2;5475_-100;2;5475_-100;2;5475,39.7123287671233,Prevalence,0.00616448294371592
NbyGQVwzFc_loc12_loop6,12,ITN 0%/IRS 0%/Larvicide 0%,0;0.4;0.4_0;0;0_0;0;0_-100;2;5475_-100;2;5475_-100;2;5475,39.7150684931507,Prevalence,0.00616185167734508
NbyGQVwzFc_loc12_loop6,12,ITN 0%/IRS 0%/Larvicide 0%,0;0.4;0.4_0;0;0_0;0;0_-100;2;5475_-100;2;5475_-100;2;5475,39.7178082191781,Prevalence,0.00615923925316213
NbyGQVwzFc_loc12_loop6,12,ITN 0%/IRS 0%/Larvicide 0%,0;0.4;0.4_0;0;0_0;0;0_-100;2;5475_-100;2;5475_-100;2;5475,39.7205479452055,Prevalence,0.00615664559707426
NbyGQVwzFc_loc12_loop6,12,ITN 0%/IRS 0%/Larvicide 0%,0;0.4;0.4_0;0;0_0;0;0_-100;2;5475_-100;2;5475_-100;2;5475,39.7232876712329,Prevalence,0.0061540706354415
NbyGQVwzFc_loc12_loop6,12,ITN 0%/IRS 0%/Larvicide 0%,0;0.4;0.4_0;0;0_0;0;0_-100;2;5475_-100;2;5475_-100;2;5475,39.7260273972603,Prevalence,0.00615151429507371
NbyGQVwzFc_loc12_loop6,12,ITN 0%/IRS 0%/Larvicide 0%,0;0.4;0.4_0;0;0_0;0;0_-100;2;5475_-100;2;5475_-100;2;5475,39.7287671232877,Prevalence,0.00614897650322745
NbyGQVwzFc_loc12_loop6,12,ITN 0%/IRS 0%/Larvicide 0%,0;0.4;0.4_0;0;0_0;0;0_-100;2;5475_-100;2;5475_-100;2;5475,39.7315068493151,Prevalence,0.00614645718760351
NbyGQVwzFc_loc12_loop6,12,ITN 0%/IRS 0%/Larvicide 0%,0;0.4;0.4_0;0;0_0;0;0_-100;2;5475_-100;2;5475_-100;2;5475,39.7342465753425,Prevalence,0.00614395627634372
NbyGQVwzFc_loc12_loop6,12,ITN 0%/IRS 0%/Larvicide 0%,0;0.4;0.4_0;0;0_0;0;0_-100;2;5475_-100;2;5475_-100;2;5475,39.7369863013699,Prevalence,0.00614147369802798
NbyGQVwzFc_loc12_loop6,12,ITN 0%/IRS 0%/Larvicide 0%,0;0.4;0.4_0;0;0_0;0;0_-100;2;5475_-100;2;5475_-100;2;5475,39.7397260273973,Prevalence,0.00613900938167134
NbyGQVwzFc_loc12_loop6,12,ITN 0%/IRS 0%/Larvicide 0%,0;0.4;0.4_0;0;0_0;0;0_-100;2;5475_-100;2;5475_-100;2;5475,39.7424657534247,Prevalence,0.00613656325672113
NbyGQVwzFc_loc12_loop6,12,ITN 0%/IRS 0%/Larvicide 0%,0;0.4;0.4_0;0;0_0;0;0_-100;2;5475_-100;2;5475_-100;2;5475,39.7452054794521,Prevalence,0.00613413525305413
NbyGQVwzFc_loc12_loop6,12,ITN 0%/IRS 0%/Larvicide 0%,0;0.4;0.4_0;0;0_0;0;0_-100;2;5475_-100;2;5475_-100;2;5475,39.7479452054795,Prevalence,0.00613172530097368
NbyGQVwzFc_loc12_loop6,12,ITN 0%/IRS 0%/Larvicide 0%,0;0.4;0.4_0;0;0_0;0;0_-100;2;5475_-100;2;5475_-100;2;5475,39.7506849315069,Prevalence,0.00612933333120688
NbyGQVwzFc_loc12_loop6,12,ITN 0%/IRS 0%/Larvicide 0%,0;0.4;0.4_0;0;0_0;0;0_-100;2;5475_-100;2;5475_-100;2;5475,39.7534246575342,Prevalence,0.00612695927490181
NbyGQVwzFc_loc12_loop6,12,ITN 0%/IRS 0%/Larvicide 0%,0;0.4;0.4_0;0;0_0;0;0_-100;2;5475_-100;2;5475_-100;2;5475,39.7561643835616,Prevalence,0.00612460306362471
NbyGQVwzFc_loc12_loop6,12,ITN 0%/IRS 0%/Larvicide 0%,0;0.4;0.4_0;0;0_0;0;0_-100;2;5475_-100;2;5475_-100;2;5475,39.758904109589,Prevalence,0.00612226462935727
NbyGQVwzFc_loc12_loop6,12,ITN 0%/IRS 0%/Larvicide 0%,0;0.4;0.4_0;0;0_0;0;0_-100;2;5475_-100;2;5475_-100;2;5475,39.7616438356164,Prevalence,0.00611994390449383
NbyGQVwzFc_loc12_loop6,12,ITN 0%/IRS 0%/Larvicide 0%,0;0.4;0.4_0;0;0_0;0;0_-100;2;5475_-100;2;5475_-100;2;5475,39.7643835616438,Prevalence,0.0061176408218387
NbyGQVwzFc_loc12_loop6,12,ITN 0%/IRS 0%/Larvicide 0%,0;0.4;0.4_0;0;0_0;0;0_-100;2;5475_-100;2;5475_-100;2;5475,39.7671232876712,Prevalence,0.00611535531460343
NbyGQVwzFc_loc12_loop6,12,ITN 0%/IRS 0%/Larvicide 0%,0;0.4;0.4_0;0;0_0;0;0_-100;2;5475_-100;2;5475_-100;2;5475,39.7698630136986,Prevalence,0.00611308731640414
NbyGQVwzFc_loc12_loop6,12,ITN 0%/IRS 0%/Larvicide 0%,0;0.4;0.4_0;0;0_0;0;0_-100;2;5475_-100;2;5475_-100;2;5475,39.772602739726,Prevalence,0.00611083676125885
NbyGQVwzFc_loc12_loop6,12,ITN 0%/IRS 0%/Larvicide 0%,0;0.4;0.4_0;0;0_0;0;0_-100;2;5475_-100;2;5475_-100;2;5475,39.7753424657534,Prevalence,0.00610860358358481
NbyGQVwzFc_loc12_loop6,12,ITN 0%/IRS 0%/Larvicide 0%,0;0.4;0.4_0;0;0_0;0;0_-100;2;5475_-100;2;5475_-100;2;5475,39.7780821917808,Prevalence,0.00610638771819588
NbyGQVwzFc_loc12_loop6,12,ITN 0%/IRS 0%/Larvicide 0%,0;0.4;0.4_0;0;0_0;0;0_-100;2;5475_-100;2;5475_-100;2;5475,39.7808219178082,Prevalence,0.00610418910029986
NbyGQVwzFc_loc12_loop6,12,ITN 0%/IRS 0%/Larvicide 0%,0;0.4;0.4_0;0;0_0;0;0_-100;2;5475_-100;2;5475_-100;2;5475,39.7835616438356,Prevalence,0.0061020076654962
NbyGQVwzFc_loc12_loop6,12,ITN 0%/IRS 0%/Larvicide 0%,0;0.4;0.4_0;0;0_0;0;0_-100;2;5475_-100;2;5475_-100;2;5475,39.786301369863,Prevalence,0.00609984334977326
NbyGQVwzFc_loc12_loop6,12,ITN 0%/IRS 0%/Larvicide 0%,0;0.4;0.4_0;0;0_0;0;0_-100;2;5475_-100;2;5475_-100;2;5475,39.7890410958904,Prevalence,0.00609769608950569
NbyGQVwzFc_loc12_loop6,12,ITN 0%/IRS 0%/Larvicide 0%,0;0.4;0.4_0;0;0_0;0;0_-100;2;5475_-100;2;5475_-100;2;5475,39.7917808219178,Prevalence,0.0060955658214519
NbyGQVwzFc_loc12_loop6,12,ITN 0%/IRS 0%/Larvicide 0%,0;0.4;0.4_0;0;0_0;0;0_-100;2;5475_-100;2;5475_-100;2;5475,39.7945205479452,Prevalence,0.00609345248275147
NbyGQVwzFc_loc12_loop6,12,ITN 0%/IRS 0%/Larvicide 0%,0;0.4;0.4_0;0;0_0;0;0_-100;2;5475_-100;2;5475_-100;2;5475,39.7972602739726,Prevalence,0.00609135601092274
NbyGQVwzFc_loc12_loop6,12,ITN 0%/IRS 0%/Larvicide 0%,0;0.4;0.4_0;0;0_0;0;0_-100;2;5475_-100;2;5475_-100;2;5475,39.8,Prevalence,0.00608927634386026
NbyGQVwzFc_loc12_loop6,12,ITN 0%/IRS 0%/Larvicide 0%,0;0.4;0.4_0;0;0_0;0;0_-100;2;5475_-100;2;5475_-100;2;5475,39.8027397260274,Prevalence,0.00608721341983233
NbyGQVwzFc_loc12_loop6,12,ITN 0%/IRS 0%/Larvicide 0%,0;0.4;0.4_0;0;0_0;0;0_-100;2;5475_-100;2;5475_-100;2;5475,39.8054794520548,Prevalence,0.00608516717747854
NbyGQVwzFc_loc12_loop6,12,ITN 0%/IRS 0%/Larvicide 0%,0;0.4;0.4_0;0;0_0;0;0_-100;2;5475_-100;2;5475_-100;2;5475,39.8082191780822,Prevalence,0.00608313755580735
NbyGQVwzFc_loc12_loop6,12,ITN 0%/IRS 0%/Larvicide 0%,0;0.4;0.4_0;0;0_0;0;0_-100;2;5475_-100;2;5475_-100;2;5475,39.8109589041096,Prevalence,0.00608112449419367
NbyGQVwzFc_loc12_loop6,12,ITN 0%/IRS 0%/Larvicide 0%,0;0.4;0.4_0;0;0_0;0;0_-100;2;5475_-100;2;5475_-100;2;5475,39.813698630137,Prevalence,0.00607912793237642
NbyGQVwzFc_loc12_loop6,12,ITN 0%/IRS 0%/Larvicide 0%,0;0.4;0.4_0;0;0_0;0;0_-100;2;5475_-100;2;5475_-100;2;5475,39.8164383561644,Prevalence,0.00607714781045619
NbyGQVwzFc_loc12_loop6,12,ITN 0%/IRS 0%/Larvicide 0%,0;0.4;0.4_0;0;0_0;0;0_-100;2;5475_-100;2;5475_-100;2;5475,39.8191780821918,Prevalence,0.00607518406889282
NbyGQVwzFc_loc12_loop6,12,ITN 0%/IRS 0%/Larvicide 0%,0;0.4;0.4_0;0;0_0;0;0_-100;2;5475_-100;2;5475_-100;2;5475,39.8219178082192,Prevalence,0.00607323664850309
NbyGQVwzFc_loc12_loop6,12,ITN 0%/IRS 0%/Larvicide 0%,0;0.4;0.4_0;0;0_0;0;0_-100;2;5475_-100;2;5475_-100;2;5475,39.8246575342466,Prevalence,0.00607130549045835
NbyGQVwzFc_loc12_loop6,12,ITN 0%/IRS 0%/Larvicide 0%,0;0.4;0.4_0;0;0_0;0;0_-100;2;5475_-100;2;5475_-100;2;5475,39.827397260274,Prevalence,0.00606939053628222
NbyGQVwzFc_loc12_loop6,12,ITN 0%/IRS 0%/Larvicide 0%,0;0.4;0.4_0;0;0_0;0;0_-100;2;5475_-100;2;5475_-100;2;5475,39.8301369863014,Prevalence,0.00606749172784827
NbyGQVwzFc_loc12_loop6,12,ITN 0%/IRS 0%/Larvicide 0%,0;0.4;0.4_0;0;0_0;0;0_-100;2;5475_-100;2;5475_-100;2;5475,39.8328767123288,Prevalence,0.00606560900737766
NbyGQVwzFc_loc12_loop6,12,ITN 0%/IRS 0%/Larvicide 0%,0;0.4;0.4_0;0;0_0;0;0_-100;2;5475_-100;2;5475_-100;2;5475,39.8356164383562,Prevalence,0.00606374231743714
NbyGQVwzFc_loc12_loop6,12,ITN 0%/IRS 0%/Larvicide 0%,0;0.4;0.4_0;0;0_0;0;0_-100;2;5475_-100;2;5475_-100;2;5475,39.8383561643836,Prevalence,0.00606189160093669
NbyGQVwzFc_loc12_loop6,12,ITN 0%/IRS 0%/Larvicide 0%,0;0.4;0.4_0;0;0_0;0;0_-100;2;5475_-100;2;5475_-100;2;5475,39.841095890411,Prevalence,0.00606005680112721
NbyGQVwzFc_loc12_loop6,12,ITN 0%/IRS 0%/Larvicide 0%,0;0.4;0.4_0;0;0_0;0;0_-100;2;5475_-100;2;5475_-100;2;5475,39.8438356164384,Prevalence,0.00605823786159822
NbyGQVwzFc_loc12_loop6,12,ITN 0%/IRS 0%/Larvicide 0%,0;0.4;0.4_0;0;0_0;0;0_-100;2;5475_-100;2;5475_-100;2;5475,39.8465753424658,Prevalence,0.00605643472627572
NbyGQVwzFc_loc12_loop6,12,ITN 0%/IRS 0%/Larvicide 0%,0;0.4;0.4_0;0;0_0;0;0_-100;2;5475_-100;2;5475_-100;2;5475,39.8493150684932,Prevalence,0.00605464733941992
NbyGQVwzFc_loc12_loop6,12,ITN 0%/IRS 0%/Larvicide 0%,0;0.4;0.4_0;0;0_0;0;0_-100;2;5475_-100;2;5475_-100;2;5475,39.8520547945206,Prevalence,0.00605287564562313
NbyGQVwzFc_loc12_loop6,12,ITN 0%/IRS 0%/Larvicide 0%,0;0.4;0.4_0;0;0_0;0;0_-100;2;5475_-100;2;5475_-100;2;5475,39.854794520548,Prevalence,0.00605111958980753
NbyGQVwzFc_loc12_loop6,12,ITN 0%/IRS 0%/Larvicide 0%,0;0.4;0.4_0;0;0_0;0;0_-100;2;5475_-100;2;5475_-100;2;5475,39.8575342465753,Prevalence,0.00604937911722304
NbyGQVwzFc_loc12_loop6,12,ITN 0%/IRS 0%/Larvicide 0%,0;0.4;0.4_0;0;0_0;0;0_-100;2;5475_-100;2;5475_-100;2;5475,39.8602739726027,Prevalence,0.00604765417344519
NbyGQVwzFc_loc12_loop6,12,ITN 0%/IRS 0%/Larvicide 0%,0;0.4;0.4_0;0;0_0;0;0_-100;2;5475_-100;2;5475_-100;2;5475,39.8630136986301,Prevalence,0.00604594470437298
NbyGQVwzFc_loc12_loop6,12,ITN 0%/IRS 0%/Larvicide 0%,0;0.4;0.4_0;0;0_0;0;0_-100;2;5475_-100;2;5475_-100;2;5475,39.8657534246575,Prevalence,0.00604425065622678
NbyGQVwzFc_loc12_loop6,12,ITN 0%/IRS 0%/Larvicide 0%,0;0.4;0.4_0;0;0_0;0;0_-100;2;5475_-100;2;5475_-100;2;5475,39.8684931506849,Prevalence,0.00604257197554622
NbyGQVwzFc_loc12_loop6,12,ITN 0%/IRS 0%/Larvicide 0%,0;0.4;0.4_0;0;0_0;0;0_-100;2;5475_-100;2;5475_-100;2;5475,39.8712328767123,Prevalence,0.00604090860918813
NbyGQVwzFc_loc12_loop6,12,ITN 0%/IRS 0%/Larvicide 0%,0;0.4;0.4_0;0;0_0;0;0_-100;2;5475_-100;2;5475_-100;2;5475,39.8739726027397,Prevalence,0.00603926050432446
NbyGQVwzFc_loc12_loop6,12,ITN 0%/IRS 0%/Larvicide 0%,0;0.4;0.4_0;0;0_0;0;0_-100;2;5475_-100;2;5475_-100;2;5475,39.8767123287671,Prevalence,0.00603762760844024
NbyGQVwzFc_loc12_loop6,12,ITN 0%/IRS 0%/Larvicide 0%,0;0.4;0.4_0;0;0_0;0;0_-100;2;5475_-100;2;5475_-100;2;5475,39.8794520547945,Prevalence,0.00603600986933149
NbyGQVwzFc_loc12_loop6,12,ITN 0%/IRS 0%/Larvicide 0%,0;0.4;0.4_0;0;0_0;0;0_-100;2;5475_-100;2;5475_-100;2;5475,39.8821917808219,Prevalence,0.00603440723510328
NbyGQVwzFc_loc12_loop6,12,ITN 0%/IRS 0%/Larvicide 0%,0;0.4;0.4_0;0;0_0;0;0_-100;2;5475_-100;2;5475_-100;2;5475,39.8849315068493,Prevalence,0.00603281965416765
NbyGQVwzFc_loc12_loop6,12,ITN 0%/IRS 0%/Larvicide 0%,0;0.4;0.4_0;0;0_0;0;0_-100;2;5475_-100;2;5475_-100;2;5475,39.8876712328767,Prevalence,0.00603124707524166
NbyGQVwzFc_loc12_loop6,12,ITN 0%/IRS 0%/Larvicide 0%,0;0.4;0.4_0;0;0_0;0;0_-100;2;5475_-100;2;5475_-100;2;5475,39.8904109589041,Prevalence,0.00602968944734557
NbyGQVwzFc_loc12_loop6,12,ITN 0%/IRS 0%/Larvicide 0%,0;0.4;0.4_0;0;0_0;0;0_-100;2;5475_-100;2;5475_-100;2;5475,39.8931506849315,Prevalence,0.00602814671980077
NbyGQVwzFc_loc12_loop6,12,ITN 0%/IRS 0%/Larvicide 0%,0;0.4;0.4_0;0;0_0;0;0_-100;2;5475_-100;2;5475_-100;2;5475,39.8958904109589,Prevalence,0.00602661884222772
NbyGQVwzFc_loc12_loop6,12,ITN 0%/IRS 0%/Larvicide 0%,0;0.4;0.4_0;0;0_0;0;0_-100;2;5475_-100;2;5475_-100;2;5475,39.8986301369863,Prevalence,0.006025105764544
NbyGQVwzFc_loc12_loop6,12,ITN 0%/IRS 0%/Larvicide 0%,0;0.4;0.4_0;0;0_0;0;0_-100;2;5475_-100;2;5475_-100;2;5475,39.9013698630137,Prevalence,0.00602360743696246
NbyGQVwzFc_loc12_loop6,12,ITN 0%/IRS 0%/Larvicide 0%,0;0.4;0.4_0;0;0_0;0;0_-100;2;5475_-100;2;5475_-100;2;5475,39.9041095890411,Prevalence,0.00602212380998919
NbyGQVwzFc_loc12_loop6,12,ITN 0%/IRS 0%/Larvicide 0%,0;0.4;0.4_0;0;0_0;0;0_-100;2;5475_-100;2;5475_-100;2;5475,39.9068493150685,Prevalence,0.00602065483442173
NbyGQVwzFc_loc12_loop6,12,ITN 0%/IRS 0%/Larvicide 0%,0;0.4;0.4_0;0;0_0;0;0_-100;2;5475_-100;2;5475_-100;2;5475,39.9095890410959,Prevalence,0.00601920046134707
NbyGQVwzFc_loc12_loop6,12,ITN 0%/IRS 0%/Larvicide 0%,0;0.4;0.4_0;0;0_0;0;0_-100;2;5475_-100;2;5475_-100;2;5475,39.9123287671233,Prevalence,0.00601776064213984
NbyGQVwzFc_loc12_loop6,12,ITN 0%/IRS 0%/Larvicide 0%,0;0.4;0.4_0;0;0_0;0;0_-100;2;5475_-100;2;5475_-100;2;5475,39.9150684931507,Prevalence,0.00601633532846042
NbyGQVwzFc_loc12_loop6,12,ITN 0%/IRS 0%/Larvicide 0%,0;0.4;0.4_0;0;0_0;0;0_-100;2;5475_-100;2;5475_-100;2;5475,39.9178082191781,Prevalence,0.00601492447225312
NbyGQVwzFc_loc12_loop6,12,ITN 0%/IRS 0%/Larvicide 0%,0;0.4;0.4_0;0;0_0;0;0_-100;2;5475_-100;2;5475_-100;2;5475,39.9205479452055,Prevalence,0.00601352802574427
NbyGQVwzFc_loc12_loop6,12,ITN 0%/IRS 0%/Larvicide 0%,0;0.4;0.4_0;0;0_0;0;0_-100;2;5475_-100;2;5475_-100;2;5475,39.9232876712329,Prevalence,0.00601214594144046
NbyGQVwzFc_loc12_loop6,12,ITN 0%/IRS 0%/Larvicide 0%,0;0.4;0.4_0;0;0_0;0;0_-100;2;5475_-100;2;5475_-100;2;5475,39.9260273972603,Prevalence,0.00601077817212669
NbyGQVwzFc_loc12_loop6,12,ITN 0%/IRS 0%/Larvicide 0%,0;0.4;0.4_0;0;0_0;0;0_-100;2;5475_-100;2;5475_-100;2;5475,39.9287671232877,Prevalence,0.00600942467086457
NbyGQVwzFc_loc12_loop6,12,ITN 0%/IRS 0%/Larvicide 0%,0;0.4;0.4_0;0;0_0;0;0_-100;2;5475_-100;2;5475_-100;2;5475,39.9315068493151,Prevalence,0.00600808539099054
NbyGQVwzFc_loc12_loop6,12,ITN 0%/IRS 0%/Larvicide 0%,0;0.4;0.4_0;0;0_0;0;0_-100;2;5475_-100;2;5475_-100;2;5475,39.9342465753425,Prevalence,0.00600676028611406
NbyGQVwzFc_loc12_loop6,12,ITN 0%/IRS 0%/Larvicide 0%,0;0.4;0.4_0;0;0_0;0;0_-100;2;5475_-100;2;5475_-100;2;5475,39.9369863013699,Prevalence,0.00600544931011589
NbyGQVwzFc_loc12_loop6,12,ITN 0%/IRS 0%/Larvicide 0%,0;0.4;0.4_0;0;0_0;0;0_-100;2;5475_-100;2;5475_-100;2;5475,39.9397260273973,Prevalence,0.00600415241714631
NbyGQVwzFc_loc12_loop6,12,ITN 0%/IRS 0%/Larvicide 0%,0;0.4;0.4_0;0;0_0;0;0_-100;2;5475_-100;2;5475_-100;2;5475,39.9424657534247,Prevalence,0.00600286956162338
NbyGQVwzFc_loc12_loop6,12,ITN 0%/IRS 0%/Larvicide 0%,0;0.4;0.4_0;0;0_0;0;0_-100;2;5475_-100;2;5475_-100;2;5475,39.9452054794521,Prevalence,0.00600160069823141
NbyGQVwzFc_loc12_loop6,12,ITN 0%/IRS 0%/Larvicide 0%,0;0.4;0.4_0;0;0_0;0;0_-100;2;5475_-100;2;5475_-100;2;5475,39.9479452054795,Prevalence,0.0060003457819191
NbyGQVwzFc_loc12_loop6,12,ITN 0%/IRS 0%/Larvicide 0%,0;0.4;0.4_0;0;0_0;0;0_-100;2;5475_-100;2;5475_-100;2;5475,39.9506849315069,Prevalence,0.00599910476789775
NbyGQVwzFc_loc12_loop6,12,ITN 0%/IRS 0%/Larvicide 0%,0;0.4;0.4_0;0;0_0;0;0_-100;2;5475_-100;2;5475_-100;2;5475,39.9534246575343,Prevalence,0.0059978776116396
NbyGQVwzFc_loc12_loop6,12,ITN 0%/IRS 0%/Larvicide 0%,0;0.4;0.4_0;0;0_0;0;0_-100;2;5475_-100;2;5475_-100;2;5475,39.9561643835616,Prevalence,0.00599666426887613
NbyGQVwzFc_loc12_loop6,12,ITN 0%/IRS 0%/Larvicide 0%,0;0.4;0.4_0;0;0_0;0;0_-100;2;5475_-100;2;5475_-100;2;5475,39.958904109589,Prevalence,0.00599546469559635
NbyGQVwzFc_loc12_loop6,12,ITN 0%/IRS 0%/Larvicide 0%,0;0.4;0.4_0;0;0_0;0;0_-100;2;5475_-100;2;5475_-100;2;5475,39.9616438356164,Prevalence,0.00599427884804521
NbyGQVwzFc_loc12_loop6,12,ITN 0%/IRS 0%/Larvicide 0%,0;0.4;0.4_0;0;0_0;0;0_-100;2;5475_-100;2;5475_-100;2;5475,39.9643835616438,Prevalence,0.00599310668272188
NbyGQVwzFc_loc12_loop6,12,ITN 0%/IRS 0%/Larvicide 0%,0;0.4;0.4_0;0;0_0;0;0_-100;2;5475_-100;2;5475_-100;2;5475,39.9671232876712,Prevalence,0.00599194815637813
NbyGQVwzFc_loc12_loop6,12,ITN 0%/IRS 0%/Larvicide 0%,0;0.4;0.4_0;0;0_0;0;0_-100;2;5475_-100;2;5475_-100;2;5475,39.9698630136986,Prevalence,0.00599080322601672
NbyGQVwzFc_loc12_loop6,12,ITN 0%/IRS 0%/Larvicide 0%,0;0.4;0.4_0;0;0_0;0;0_-100;2;5475_-100;2;5475_-100;2;5475,39.972602739726,Prevalence,0.00598967184888978
NbyGQVwzFc_loc12_loop6,12,ITN 0%/IRS 0%/Larvicide 0%,0;0.4;0.4_0;0;0_0;0;0_-100;2;5475_-100;2;5475_-100;2;5475,39.9753424657534,Prevalence,0.00598855398249715
NbyGQVwzFc_loc12_loop6,12,ITN 0%/IRS 0%/Larvicide 0%,0;0.4;0.4_0;0;0_0;0;0_-100;2;5475_-100;2;5475_-100;2;5475,39.9780821917808,Prevalence,0.00598744958458487
NbyGQVwzFc_loc12_loop6,12,ITN 0%/IRS 0%/Larvicide 0%,0;0.4;0.4_0;0;0_0;0;0_-100;2;5475_-100;2;5475_-100;2;5475,39.9808219178082,Prevalence,0.00598635861314352
NbyGQVwzFc_loc12_loop6,12,ITN 0%/IRS 0%/Larvicide 0%,0;0.4;0.4_0;0;0_0;0;0_-100;2;5475_-100;2;5475_-100;2;5475,39.9835616438356,Prevalence,0.00598528102640666
NbyGQVwzFc_loc12_loop6,12,ITN 0%/IRS 0%/Larvicide 0%,0;0.4;0.4_0;0;0_0;0;0_-100;2;5475_-100;2;5475_-100;2;5475,39.986301369863,Prevalence,0.0059842167828493
NbyGQVwzFc_loc12_loop6,12,ITN 0%/IRS 0%/Larvicide 0%,0;0.4;0.4_0;0;0_0;0;0_-100;2;5475_-100;2;5475_-100;2;5475,39.9890410958904,Prevalence,0.00598316584118631
NbyGQVwzFc_loc12_loop6,12,ITN 0%/IRS 0%/Larvicide 0%,0;0.4;0.4_0;0;0_0;0;0_-100;2;5475_-100;2;5475_-100;2;5475,39.9917808219178,Prevalence,0.00598212816037088
NbyGQVwzFc_loc12_loop6,12,ITN 0%/IRS 0%/Larvicide 0%,0;0.4;0.4_0;0;0_0;0;0_-100;2;5475_-100;2;5475_-100;2;5475,39.9945205479452,Prevalence,0.00598110369959301
NbyGQVwzFc_loc12_loop6,12,ITN 0%/IRS 0%/Larvicide 0%,0;0.4;0.4_0;0;0_0;0;0_-100;2;5475_-100;2;5475_-100;2;5475,39.9972602739726,Prevalence,0.00598009241827797
NbyGQVwzFc_loc12_loop6,12,ITN 0%/IRS 0%/Larvicide 0%,0;0.4;0.4_0;0;0_0;0;0_-100;2;5475_-100;2;5475_-100;2;5475,40,Prevalence,0.0059790942760856
